INSTRUMENT,SYMBOL,EXPIRY_DT,STRIKE_PR,OPTION_TYP,OPEN,HIGH,LOW,CLOSE,SETTLE_PR,CONTRACTS,VAL_INLAKH,OPEN_INT,CHG_IN_OI,TIMESTAMP,
FUTIDX,BANKNIFTY,25-Aug-2016,0,XX,19012.5,19169,18970,19062.9,19062.9,73502,560490.09,2044360,141920,17-AUG-2016,
FUTIDX,BANKNIFTY,29-Sep-2016,0,XX,19138.1,19265,19080.05,19167.65,19167.65,3392,26008.84,183560,21680,17-AUG-2016,
FUTIDX,BANKNIFTY,27-Oct-2016,0,XX,19203.8,19340.95,19176.2,19256.25,19256.25,121,931.54,12880,1520,17-AUG-2016,
FUTIDX,DJIA,19-Aug-2016,0,XX,18572.5,18582.5,18540,18552.5,18552.5,232,1291.99,10080,-4740,17-AUG-2016,
FUTIDX,DJIA,16-Sep-2016,0,XX,18502.5,18520,18475,18505,18505,94,522.01,4830,2370,17-AUG-2016,
FUTIDX,DJIA,21-Oct-2016,0,XX,0,0,0,18850,18782.5,0,0,0,0,17-AUG-2016,
FUTIDX,DJIA,16-Dec-2016,0,XX,0,0,0,18835,18982.5,0,0,0,0,17-AUG-2016,
FUTIDX,DJIA,17-Mar-2017,0,XX,0,0,0,18965,19312.5,0,0,0,0,17-AUG-2016,
FUTIDX,DJIA,16-Jun-2017,0,XX,0,0,0,19047.5,19647.5,0,0,0,0,17-AUG-2016,
FUTIDX,FTSE100,19-Aug-2016,0,XX,0,0,0,6870,6897,0,0,200,0,17-AUG-2016,
FUTIDX,FTSE100,16-Sep-2016,0,XX,0,0,0,6637,6933,0,0,0,0,17-AUG-2016,
FUTIDX,FTSE100,21-Oct-2016,0,XX,0,0,0,6798,6980,0,0,0,0,17-AUG-2016,
FUTIDX,FTSE100,16-Dec-2016,0,XX,0,0,0,6570,7054,0,0,0,0,17-AUG-2016,
FUTIDX,FTSE100,17-Mar-2017,0,XX,0,0,0,6728,7176,0,0,0,0,17-AUG-2016,
FUTIDX,FTSE100,16-Jun-2017,0,XX,0,0,0,6411,7301,0,0,0,0,17-AUG-2016,
FUTIDX,NIFTY,25-Aug-2016,0,XX,8650.25,8689.55,8610.5,8631.4,8631.4,126929,822743.7,24581025,-256575,17-AUG-2016,
FUTIDX,NIFTY,29-Sep-2016,0,XX,8729.9,8734.25,8660.05,8680.15,8680.15,9915,64661.13,3414975,232200,17-AUG-2016,
FUTIDX,NIFTY,27-Oct-2016,0,XX,8730.95,8767.3,8694.55,8714.15,8714.15,2763,18093.64,511050,119625,17-AUG-2016,
FUTIDX,NIFTYINFRA,25-Aug-2016,0,XX,0,0,0,2798.05,2918.9,0,0,0,0,17-AUG-2016,
FUTIDX,NIFTYINFRA,29-Sep-2016,0,XX,0,0,0,2896.9,2938.3,0,0,0,0,17-AUG-2016,
FUTIDX,NIFTYINFRA,27-Oct-2016,0,XX,0,0,0,3031.6,2953.9,0,0,0,0,17-AUG-2016,
FUTIDX,NIFTYIT,25-Aug-2016,0,XX,11000,11000,10831,10849,10849,207,1129.27,20100,2700,17-AUG-2016,
FUTIDX,NIFTYIT,29-Sep-2016,0,XX,10869,11050,10869,10885,10897,7,38.24,200,0,17-AUG-2016,
FUTIDX,NIFTYIT,27-Oct-2016,0,XX,0,0,0,11127,10955,0,0,0,0,17-AUG-2016,
FUTIDX,NIFTYMID50,25-Aug-2016,0,XX,0,0,0,3393.3,3722.05,0,0,0,0,17-AUG-2016,
FUTIDX,NIFTYMID50,29-Sep-2016,0,XX,0,0,0,3555.75,3746.8,0,0,0,0,17-AUG-2016,
FUTIDX,NIFTYMID50,27-Oct-2016,0,XX,0,0,0,3703.5,3766.7,0,0,0,0,17-AUG-2016,
FUTIDX,NIFTYPSE,25-Aug-2016,0,XX,0,0,0,2987.85,3485.25,0,0,0,0,17-AUG-2016,
FUTIDX,NIFTYPSE,29-Sep-2016,0,XX,0,0,0,3225.75,3508.4,0,0,0,0,17-AUG-2016,
FUTIDX,NIFTYPSE,27-Oct-2016,0,XX,0,0,0,3479.3,3527.05,0,0,0,0,17-AUG-2016,
FUTIDX,S&P500,19-Aug-2016,0,XX,2180.5,2184,2176,2178.75,2178.75,362,1974.1,154750,-75000,17-AUG-2016,
FUTIDX,S&P500,16-Sep-2016,0,XX,2086,2178.75,2086,2176.25,2176.25,260,1410.88,207750,38250,17-AUG-2016,
FUTIDX,S&P500,21-Oct-2016,0,XX,0,0,0,2203.75,2205.25,0,0,0,0,17-AUG-2016,
FUTIDX,S&P500,16-Dec-2016,0,XX,0,0,0,2198.25,2228.75,0,0,0,0,17-AUG-2016,
FUTIDX,S&P500,17-Mar-2017,0,XX,0,0,0,2213.75,2267.25,0,0,0,0,17-AUG-2016,
FUTIDX,S&P500,16-Jun-2017,0,XX,0,0,0,2232,2306.75,0,0,0,0,17-AUG-2016,
FUTIVX,INDIAVIX,23-Aug-2016,0,XX,0,0,0,1582.75,1485,0,0,0,0,17-AUG-2016,
FUTIVX,INDIAVIX,30-Aug-2016,0,XX,0,0,0,1487,1485.25,0,0,0,0,17-AUG-2016,
FUTIVX,INDIAVIX,06-Sep-2016,0,XX,0,0,0,1456.25,1508.5,0,0,0,0,17-AUG-2016,
FUTSTK,ABIRLANUVO,25-Aug-2016,0,XX,1248.85,1279.4,1243.05,1248.7,1248.7,5294,49988.39,5477250,332250,17-AUG-2016,
FUTSTK,ABIRLANUVO,29-Sep-2016,0,XX,1260.85,1283.8,1253.55,1255.75,1255.75,174,1649.47,284250,44250,17-AUG-2016,
FUTSTK,ABIRLANUVO,27-Oct-2016,0,XX,0,0,0,1315,1261.3,0,0,3000,0,17-AUG-2016,
FUTSTK,ACC,25-Aug-2016,0,XX,1662.1,1685.85,1646.45,1675.75,1675.75,2368,15729.35,1115600,-17600,17-AUG-2016,
FUTSTK,ACC,29-Sep-2016,0,XX,1668.35,1694.25,1656.05,1684.2,1684.2,61,407.49,41600,1200,17-AUG-2016,
FUTSTK,ACC,27-Oct-2016,0,XX,1665,1686,1665,1686,1686,4,26.73,2000,1600,17-AUG-2016,
FUTSTK,ADANIENT,25-Aug-2016,0,XX,74.2,75.75,74.2,74.7,74.7,648,3878.33,18528000,320000,17-AUG-2016,
FUTSTK,ADANIENT,29-Sep-2016,0,XX,75.5,75.85,74.8,75.25,75.25,35,210.7,576000,112000,17-AUG-2016,
FUTSTK,ADANIENT,27-Oct-2016,0,XX,0,0,0,83.75,75.45,0,0,0,0,17-AUG-2016,
FUTSTK,ADANIPORTS,25-Aug-2016,0,XX,274.15,276.35,265.7,267.4,267.4,6964,47208.19,22222500,-1970000,17-AUG-2016,
FUTSTK,ADANIPORTS,29-Sep-2016,0,XX,275.25,277.7,267.7,268.65,268.65,166,1126.96,317500,22500,17-AUG-2016,
FUTSTK,ADANIPORTS,27-Oct-2016,0,XX,0,0,0,257.35,271.3,0,0,2500,0,17-AUG-2016,
FUTSTK,ADANIPOWER,25-Aug-2016,0,XX,27.35,27.95,27,27.75,27.75,782,4291.78,106920000,-920000,17-AUG-2016,
FUTSTK,ADANIPOWER,29-Sep-2016,0,XX,27.3,28.1,27.25,28,28,102,560.65,5580000,1000000,17-AUG-2016,
FUTSTK,ADANIPOWER,27-Oct-2016,0,XX,0,0,0,27,28.15,0,0,20000,0,17-AUG-2016,
FUTSTK,AJANTPHARM,25-Aug-2016,0,XX,1942.75,1954.3,1927.95,1934.4,1934.4,782,6059.71,361200,10800,17-AUG-2016,
FUTSTK,AJANTPHARM,29-Sep-2016,0,XX,1936.25,1951,1930.5,1938.8,1938.8,67,519.34,18000,5200,17-AUG-2016,
FUTSTK,AJANTPHARM,27-Oct-2016,0,XX,1953,1953,1952,1952,1959.5,2,15.62,800,800,17-AUG-2016,
FUTSTK,ALBK,25-Aug-2016,0,XX,74.1,76.5,73.9,75.55,75.55,1529,11522.89,11430000,-340000,17-AUG-2016,
FUTSTK,ALBK,29-Sep-2016,0,XX,74.15,76.7,74.15,75.85,75.85,75,566.1,860000,190000,17-AUG-2016,
FUTSTK,ALBK,27-Oct-2016,0,XX,75.6,75.6,75.6,75.6,76.3,1,7.56,30000,10000,17-AUG-2016,
FUTSTK,AMARAJABAT,25-Aug-2016,0,XX,907.3,934.9,907,931.55,931.55,1517,8404.83,631800,-4800,17-AUG-2016,
FUTSTK,AMARAJABAT,29-Sep-2016,0,XX,921.05,937.05,921.05,935.2,935.2,26,144.82,9600,5400,17-AUG-2016,
FUTSTK,AMARAJABAT,27-Oct-2016,0,XX,0,0,0,910.25,941.2,0,0,0,0,17-AUG-2016,
FUTSTK,AMBUJACEM,25-Aug-2016,0,XX,269.05,271.3,265.1,270,270,1365,9139.61,8085000,-485000,17-AUG-2016,
FUTSTK,AMBUJACEM,29-Sep-2016,0,XX,270.6,272,268,271.25,271.25,29,195.76,107500,5000,17-AUG-2016,
FUTSTK,AMBUJACEM,27-Oct-2016,0,XX,0,0,0,272,273.4,0,0,2500,0,17-AUG-2016,
FUTSTK,ANDHRABANK,25-Aug-2016,0,XX,55.85,57.15,55.55,56.8,56.8,898,5079.01,16500000,-100000,17-AUG-2016,
FUTSTK,ANDHRABANK,29-Sep-2016,0,XX,56.6,57.5,56.5,57.05,57.05,68,387.07,1450000,320000,17-AUG-2016,
FUTSTK,ANDHRABANK,27-Oct-2016,0,XX,57.35,57.35,57.35,57.35,57.35,1,5.73,10000,10000,17-AUG-2016,
FUTSTK,APOLLOHOSP,25-Aug-2016,0,XX,1420.75,1424,1406.05,1413.5,1413.5,486,2752.87,505600,0,17-AUG-2016,
FUTSTK,APOLLOHOSP,29-Sep-2016,0,XX,1429.3,1429.3,1419.1,1419.1,1424.1,3,17.1,5600,1200,17-AUG-2016,
FUTSTK,APOLLOHOSP,27-Oct-2016,0,XX,0,0,0,1371.55,1431.65,0,0,0,0,17-AUG-2016,
FUTSTK,APOLLOTYRE,25-Aug-2016,0,XX,173.5,177.3,171.1,175.6,175.6,2295,12083.59,11094000,-465000,17-AUG-2016,
FUTSTK,APOLLOTYRE,29-Sep-2016,0,XX,172.25,177.8,172.25,176.85,176.85,88,467.02,285000,147000,17-AUG-2016,
FUTSTK,APOLLOTYRE,27-Oct-2016,0,XX,0,0,0,175.05,178.05,0,0,18000,0,17-AUG-2016,
FUTSTK,ARVIND,25-Aug-2016,0,XX,311,312.85,307.5,311.05,311.05,1412,8766.81,7364000,-98000,17-AUG-2016,
FUTSTK,ARVIND,29-Sep-2016,0,XX,312.75,314.05,310,312.95,312.95,72,450.03,214000,84000,17-AUG-2016,
FUTSTK,ARVIND,27-Oct-2016,0,XX,0,0,0,295.05,314.9,0,0,6000,0,17-AUG-2016,
FUTSTK,ASHOKLEY,25-Aug-2016,0,XX,86.65,87.7,86.55,87,87,2040,12442.24,104272000,-532000,17-AUG-2016,
FUTSTK,ASHOKLEY,29-Sep-2016,0,XX,87.6,88.25,87.3,87.6,87.6,355,2180.34,5908000,1064000,17-AUG-2016,
FUTSTK,ASHOKLEY,27-Oct-2016,0,XX,88.3,88.6,87.85,88,87.9,6,37.05,294000,7000,17-AUG-2016,
FUTSTK,ASIANPAINT,25-Aug-2016,0,XX,1127.1,1131.5,1112.05,1117.3,1117.3,2240,15065.41,3112800,40200,17-AUG-2016,
FUTSTK,ASIANPAINT,29-Sep-2016,0,XX,1136.25,1137.75,1120,1123.85,1123.85,161,1087.63,138000,27600,17-AUG-2016,
FUTSTK,ASIANPAINT,27-Oct-2016,0,XX,0,0,0,1159,1128.6,0,0,3600,0,17-AUG-2016,
FUTSTK,AUROPHARMA,25-Aug-2016,0,XX,747.9,753,735.1,749.5,749.5,4293,22432.31,13961500,-98000,17-AUG-2016,
FUTSTK,AUROPHARMA,29-Sep-2016,0,XX,743.35,757.4,741.35,754.1,754.1,325,1707.42,359800,15400,17-AUG-2016,
FUTSTK,AUROPHARMA,27-Oct-2016,0,XX,748.25,759.95,748.25,759.95,759.3,2,10.55,6300,0,17-AUG-2016,
FUTSTK,AXISBANK,25-Aug-2016,0,XX,589.45,597.55,585.7,590.55,590.55,11326,80547.07,22096800,697200,17-AUG-2016,
FUTSTK,AXISBANK,29-Sep-2016,0,XX,589.4,600.15,588.6,593.2,593.2,624,4457.52,1995600,165600,17-AUG-2016,
FUTSTK,AXISBANK,27-Oct-2016,0,XX,598,601.85,595,596.05,596.05,26,186.63,34800,8400,17-AUG-2016,
FUTSTK,BAJAJ-AUTO,25-Aug-2016,0,XX,2893.1,2952.5,2882.2,2937.9,2937.9,3249,23806.34,1625250,12750,17-AUG-2016,
FUTSTK,BAJAJ-AUTO,29-Sep-2016,0,XX,2900,2965,2900,2951,2951,103,759.26,35250,8250,17-AUG-2016,
FUTSTK,BAJAJ-AUTO,27-Oct-2016,0,XX,0,0,0,2911.25,2979.4,0,0,1000,0,17-AUG-2016,
FUTSTK,BAJFINANCE,25-Aug-2016,0,XX,10167.85,10274.7,10167.85,10200.05,10200.05,982,12535.08,621125,-12750,17-AUG-2016,
FUTSTK,BAJFINANCE,29-Sep-2016,0,XX,10265,10284.7,10210,10226.45,10226.45,47,601.46,24000,1375,17-AUG-2016,
FUTSTK,BAJFINANCE,27-Oct-2016,0,XX,0,0,0,10497.15,10346.75,0,0,0,0,17-AUG-2016,
FUTSTK,BANKBARODA,25-Aug-2016,0,XX,150.4,152.8,149.6,151.55,151.55,7410,39287.14,49941500,-2681000,17-AUG-2016,
FUTSTK,BANKBARODA,29-Sep-2016,0,XX,150.9,153.6,150.85,152.4,152.4,489,2611.3,2145500,434000,17-AUG-2016,
FUTSTK,BANKBARODA,27-Oct-2016,0,XX,153,153.6,153,153.4,153.4,4,21.47,45500,7000,17-AUG-2016,
FUTSTK,BANKINDIA,25-Aug-2016,0,XX,111.45,113.2,110.25,112,112,1715,11510.47,24066000,-2268000,17-AUG-2016,
FUTSTK,BANKINDIA,29-Sep-2016,0,XX,111,112.35,109.45,111.05,111.05,211,1406.46,4794000,210000,17-AUG-2016,
FUTSTK,BANKINDIA,27-Oct-2016,0,XX,0,0,0,110.4,114.15,0,0,156000,0,17-AUG-2016,
FUTSTK,BATAINDIA,25-Aug-2016,0,XX,535.9,547.75,533.55,543.85,543.85,1449,8664.55,2986500,-143000,17-AUG-2016,
FUTSTK,BATAINDIA,29-Sep-2016,0,XX,541.2,548.05,540.25,545.1,545.1,44,263.25,60500,7700,17-AUG-2016,
FUTSTK,BATAINDIA,27-Oct-2016,0,XX,0,0,0,588.75,549.5,0,0,0,0,17-AUG-2016,
FUTSTK,BEL,25-Aug-2016,0,XX,1225.95,1238,1222.05,1229.65,1229.65,1312,7267.15,1550700,-4050,17-AUG-2016,
FUTSTK,BEL,29-Sep-2016,0,XX,1222.05,1234,1221.55,1227.7,1227.7,135,746.36,168300,25200,17-AUG-2016,
FUTSTK,BEL,27-Oct-2016,0,XX,0,0,0,1200.1,1257.25,0,0,2250,0,17-AUG-2016,
FUTSTK,BEML,25-Aug-2016,0,XX,1012.85,1026.85,1012,1023.9,1023.9,837,4271.8,902500,-4000,17-AUG-2016,
FUTSTK,BEML,29-Sep-2016,0,XX,1023.65,1027,1020,1025.45,1025.45,13,66.5,14000,0,17-AUG-2016,
FUTSTK,BEML,27-Oct-2016,0,XX,0,0,0,1021.6,1036.15,0,0,0,0,17-AUG-2016,
FUTSTK,BHARATFIN,25-Aug-2016,0,XX,783.3,790.9,744.3,747.5,747.5,6855,52212.07,9430000,664000,17-AUG-2016,
FUTSTK,BHARATFIN,29-Sep-2016,0,XX,790,795.5,750,752.75,752.75,412,3158.98,313000,97000,17-AUG-2016,
FUTSTK,BHARATFIN,27-Oct-2016,0,XX,0,0,0,798.6,755.05,0,0,4000,0,17-AUG-2016,
FUTSTK,BHARATFORG,25-Aug-2016,0,XX,843.95,854.8,836.2,847.1,847.1,6703,34090.86,7071000,-258000,17-AUG-2016,
FUTSTK,BHARATFORG,29-Sep-2016,0,XX,838.55,852,835,845.4,845.4,718,3648.37,751800,149400,17-AUG-2016,
FUTSTK,BHARATFORG,27-Oct-2016,0,XX,843.55,849,834,840.75,840.75,5,25.23,5400,0,17-AUG-2016,
FUTSTK,BHARTIARTL,25-Aug-2016,0,XX,344,349.5,344,345.95,345.95,2752,14329.41,22048500,-7500,17-AUG-2016,
FUTSTK,BHARTIARTL,29-Sep-2016,0,XX,345.05,349,344.4,345.8,345.8,292,1520.65,1083000,162000,17-AUG-2016,
FUTSTK,BHARTIARTL,27-Oct-2016,0,XX,346.65,346.65,345,345,350.35,3,15.54,210000,4500,17-AUG-2016,
FUTSTK,BHEL,25-Aug-2016,0,XX,137.55,138.75,136.6,137.85,137.85,2555,17586.11,44325000,615000,17-AUG-2016,
FUTSTK,BHEL,29-Sep-2016,0,XX,137.75,138.6,136.65,137.8,137.8,354,2432.8,4105000,930000,17-AUG-2016,
FUTSTK,BHEL,27-Oct-2016,0,XX,138.1,138.1,138.1,138.1,139.5,1,6.9,80000,5000,17-AUG-2016,
FUTSTK,BIOCON,25-Aug-2016,0,XX,841.45,851,837.2,844.95,844.95,1675,15569.11,3279100,-1100,17-AUG-2016,
FUTSTK,BIOCON,29-Sep-2016,0,XX,849.95,855.95,846.75,848.6,848.6,49,458.43,190300,13200,17-AUG-2016,
FUTSTK,BIOCON,27-Oct-2016,0,XX,851.85,852.35,850.85,850.85,855.05,3,28.1,5500,2200,17-AUG-2016,
FUTSTK,BOSCHLTD,25-Aug-2016,0,XX,24017.15,24247.5,23910,24024.15,24024.15,515,6203.62,84150,-750,17-AUG-2016,
FUTSTK,BOSCHLTD,29-Sep-2016,0,XX,24340,24367.55,24055,24055,24170.8,8,96.69,1900,200,17-AUG-2016,
FUTSTK,BOSCHLTD,27-Oct-2016,0,XX,0,0,0,25066.95,24299.1,0,0,0,0,17-AUG-2016,
FUTSTK,BPCL,25-Aug-2016,0,XX,590.6,598.4,584.5,588.75,588.75,3733,26494.44,14598000,-250800,17-AUG-2016,
FUTSTK,BPCL,29-Sep-2016,0,XX,599.75,601.35,586.85,591.25,591.25,202,1440.6,1368000,128400,17-AUG-2016,
FUTSTK,BPCL,27-Oct-2016,0,XX,590,590,590,590,595.3,1,7.08,4800,0,17-AUG-2016,
FUTSTK,BRITANNIA,25-Aug-2016,0,XX,3275,3358.8,3275,3335.3,3335.3,1911,12729.29,1219200,-13600,17-AUG-2016,
FUTSTK,BRITANNIA,29-Sep-2016,0,XX,3312.2,3376,3311,3353.75,3353.75,53,355.29,29400,200,17-AUG-2016,
FUTSTK,BRITANNIA,27-Oct-2016,0,XX,0,0,0,3199.95,3381.8,0,0,200,0,17-AUG-2016,
FUTSTK,CADILAHC,25-Aug-2016,0,XX,364.7,375.35,364.45,374.55,374.55,810,4811.85,3296000,-80000,17-AUG-2016,
FUTSTK,CADILAHC,29-Sep-2016,0,XX,367.85,377,367.85,376.35,376.35,23,137.22,54400,1600,17-AUG-2016,
FUTSTK,CADILAHC,27-Oct-2016,0,XX,0,0,0,368.15,379.05,0,0,0,0,17-AUG-2016,
FUTSTK,CAIRN,25-Aug-2016,0,XX,200.9,202.8,197.45,199.45,199.45,2601,18214.96,10881500,350000,17-AUG-2016,
FUTSTK,CAIRN,29-Sep-2016,0,XX,201.95,203.3,199,200.5,200.5,178,1247.79,602000,231000,17-AUG-2016,
FUTSTK,CAIRN,27-Oct-2016,0,XX,201.55,201.55,201.55,201.55,201.45,1,7.05,24500,0,17-AUG-2016,
FUTSTK,CANBK,25-Aug-2016,0,XX,252.6,262.25,252.1,260,260,5606,43443.38,12552000,219000,17-AUG-2016,
FUTSTK,CANBK,29-Sep-2016,0,XX,251,259.9,251,258.05,258.05,197,1513.35,1386000,69000,17-AUG-2016,
FUTSTK,CANBK,27-Oct-2016,0,XX,255.25,258.05,254.55,258.05,263.6,5,38.41,54000,6000,17-AUG-2016,
FUTSTK,CASTROLIND,25-Aug-2016,0,XX,414,417.3,411.2,413,413,835,4839.97,7459200,11200,17-AUG-2016,
FUTSTK,CASTROLIND,29-Sep-2016,0,XX,417.05,419.95,415.4,415.5,415.5,29,169.3,106400,22400,17-AUG-2016,
FUTSTK,CASTROLIND,27-Oct-2016,0,XX,0,0,0,443.6,417.95,0,0,0,0,17-AUG-2016,
FUTSTK,CEATLTD,25-Aug-2016,0,XX,879.05,908,878.55,889.1,889.1,2638,16549.89,2805600,163800,17-AUG-2016,
FUTSTK,CEATLTD,29-Sep-2016,0,XX,902,913.75,893.5,894.15,894.15,114,721.71,50400,8400,17-AUG-2016,
FUTSTK,CEATLTD,27-Oct-2016,0,XX,0,0,0,893.95,898.45,0,0,700,0,17-AUG-2016,
FUTSTK,CENTURYTEX,25-Aug-2016,0,XX,675,682.45,667.25,673.3,673.3,3320,24660.13,7315000,154000,17-AUG-2016,
FUTSTK,CENTURYTEX,29-Sep-2016,0,XX,684,685.95,672,678.1,678.1,70,522.26,90200,31900,17-AUG-2016,
FUTSTK,CENTURYTEX,27-Oct-2016,0,XX,0,0,0,712.4,679.95,0,0,0,0,17-AUG-2016,
FUTSTK,CESC,25-Aug-2016,0,XX,655,657.9,646.45,653.4,653.4,836,5994.1,1494900,6600,17-AUG-2016,
FUTSTK,CESC,29-Sep-2016,0,XX,654.1,658.35,654.1,657.3,657.3,6,43.28,20900,0,17-AUG-2016,
FUTSTK,CESC,27-Oct-2016,0,XX,0,0,0,639.5,660.85,0,0,0,0,17-AUG-2016,
FUTSTK,CIPLA,25-Aug-2016,0,XX,552.9,563.8,548.35,551.35,551.35,9116,50618.4,10159000,-94000,17-AUG-2016,
FUTSTK,CIPLA,29-Sep-2016,0,XX,554.3,565.25,551,552.85,552.85,419,2333.11,256000,35000,17-AUG-2016,
FUTSTK,CIPLA,27-Oct-2016,0,XX,560,560,556,556,556,2,11.16,1000,0,17-AUG-2016,
FUTSTK,COALINDIA,25-Aug-2016,0,XX,340.05,350.2,339.7,347.55,347.55,4380,25814.25,10315600,-300900,17-AUG-2016,
FUTSTK,COALINDIA,29-Sep-2016,0,XX,341.95,351.95,341.95,349.85,349.85,143,847.22,399500,42500,17-AUG-2016,
FUTSTK,COALINDIA,27-Oct-2016,0,XX,0,0,0,335.75,352.5,0,0,0,0,17-AUG-2016,
FUTSTK,COLPAL,25-Aug-2016,0,XX,951.5,975.5,951.5,972.15,972.15,780,5274.81,2093000,-4200,17-AUG-2016,
FUTSTK,COLPAL,29-Sep-2016,0,XX,959.5,973,959.15,970.4,970.4,138,933.12,229600,56700,17-AUG-2016,
FUTSTK,COLPAL,27-Oct-2016,0,XX,0,0,0,947.7,985.55,0,0,0,0,17-AUG-2016,
FUTSTK,CONCOR,25-Aug-2016,0,XX,1396.7,1417.4,1396.7,1408.95,1408.95,310,2184.26,537500,-3500,17-AUG-2016,
FUTSTK,CONCOR,29-Sep-2016,0,XX,1410,1417,1406.7,1406.7,1421.6,6,42.41,16000,1000,17-AUG-2016,
FUTSTK,CONCOR,27-Oct-2016,0,XX,0,0,0,1495.7,1429.1,0,0,0,0,17-AUG-2016,
FUTSTK,CROMPGREAV,25-Aug-2016,0,XX,86.85,88.15,86.2,86.8,86.8,790,8271.06,17184000,-156000,17-AUG-2016,
FUTSTK,CROMPGREAV,29-Sep-2016,0,XX,87.2,88.2,86.6,87.05,87.05,25,262.17,396000,108000,17-AUG-2016,
FUTSTK,CROMPGREAV,27-Oct-2016,0,XX,88.75,88.75,88.75,88.75,87.65,1,10.65,12000,12000,17-AUG-2016,
FUTSTK,CUMMINSIND,25-Aug-2016,0,XX,901.1,904.25,891.25,896.9,896.9,331,1781.59,613200,31800,17-AUG-2016,
FUTSTK,CUMMINSIND,29-Sep-2016,0,XX,898.1,900,890.05,897.25,897.25,121,650.68,131400,54600,17-AUG-2016,
FUTSTK,CUMMINSIND,27-Oct-2016,0,XX,0,0,0,901.05,907.45,0,0,0,0,17-AUG-2016,
FUTSTK,DABUR,25-Aug-2016,0,XX,298.85,303.7,298.85,303.35,303.35,1227,9259.71,5552500,-162500,17-AUG-2016,
FUTSTK,DABUR,29-Sep-2016,0,XX,302.2,305.85,302.05,305.05,305.05,30,227.71,92500,20000,17-AUG-2016,
FUTSTK,DABUR,27-Oct-2016,0,XX,0,0,0,313,307.55,0,0,0,0,17-AUG-2016,
FUTSTK,DHFL,25-Aug-2016,0,XX,263.2,266.05,260.4,265.05,265.05,2849,22538.18,12984000,279000,17-AUG-2016,
FUTSTK,DHFL,29-Sep-2016,0,XX,265,267.95,262.9,266.65,266.65,70,557.36,387000,60000,17-AUG-2016,
FUTSTK,DHFL,27-Oct-2016,0,XX,268,268,268,268,267.65,1,8.04,48000,3000,17-AUG-2016,
FUTSTK,DISHTV,25-Aug-2016,0,XX,91.55,95.6,91.5,92.55,92.55,1226,8036.06,40215000,-1932000,17-AUG-2016,
FUTSTK,DISHTV,29-Sep-2016,0,XX,94.05,94.4,93,93.15,93.15,20,130.97,637000,35000,17-AUG-2016,
FUTSTK,DISHTV,27-Oct-2016,0,XX,0,0,0,104.3,93.65,0,0,14000,0,17-AUG-2016,
FUTSTK,DIVISLAB,25-Aug-2016,0,XX,1262.6,1284.95,1258.8,1272.95,1272.95,1412,10792.59,2356800,86400,17-AUG-2016,
FUTSTK,DIVISLAB,29-Sep-2016,0,XX,1274.05,1288.05,1274.05,1281,1281,39,299.45,29400,6000,17-AUG-2016,
FUTSTK,DIVISLAB,27-Oct-2016,0,XX,0,0,0,1216.4,1291.4,0,0,0,0,17-AUG-2016,
FUTSTK,DLF,25-Aug-2016,0,XX,166.4,168.6,164.4,166.3,166.3,6334,52731.38,37015000,325000,17-AUG-2016,
FUTSTK,DLF,29-Sep-2016,0,XX,166.8,169.6,165.55,167.25,167.25,449,3760.85,1755000,765000,17-AUG-2016,
FUTSTK,DLF,27-Oct-2016,0,XX,167,168.15,166.6,168.15,168,3,25.08,75000,0,17-AUG-2016,
FUTSTK,DRREDDY,25-Aug-2016,0,XX,2999.15,3028,2999.15,3008.2,3008.2,2183,13155.32,2265800,-43000,17-AUG-2016,
FUTSTK,DRREDDY,29-Sep-2016,0,XX,3030,3045,3025,3029.15,3029.15,229,1389.89,78000,9800,17-AUG-2016,
FUTSTK,DRREDDY,27-Oct-2016,0,XX,3045,3045,3045,3045,3045,1,6.09,800,200,17-AUG-2016,
FUTSTK,EICHERMOT,25-Aug-2016,0,XX,22340.55,22500,22232.5,22363.1,22363.1,695,7771.05,189550,-7600,17-AUG-2016,
FUTSTK,EICHERMOT,29-Sep-2016,0,XX,22520,22537.95,22382,22471.5,22471.5,12,134.85,5950,100,17-AUG-2016,
FUTSTK,EICHERMOT,27-Oct-2016,0,XX,0,0,0,21468.6,22650.05,0,0,0,0,17-AUG-2016,
FUTSTK,ENGINERSIN,25-Aug-2016,0,XX,223.65,229.75,222.5,228.75,228.75,737,5859.56,4560500,-224000,17-AUG-2016,
FUTSTK,ENGINERSIN,29-Sep-2016,0,XX,225.05,229.2,225,228.3,228.3,49,388.85,189000,52500,17-AUG-2016,
FUTSTK,ENGINERSIN,27-Oct-2016,0,XX,0,0,0,229.25,231.2,0,0,0,0,17-AUG-2016,
FUTSTK,EXIDEIND,25-Aug-2016,0,XX,174.95,177.7,174.5,176.85,176.85,1323,9332.12,24676000,-344000,17-AUG-2016,
FUTSTK,EXIDEIND,29-Sep-2016,0,XX,176.4,179.1,176.4,178.25,178.25,47,333.67,380000,92000,17-AUG-2016,
FUTSTK,EXIDEIND,27-Oct-2016,0,XX,0,0,0,179.8,178.4,0,0,0,0,17-AUG-2016,
FUTSTK,FEDERALBNK,25-Aug-2016,0,XX,64.75,65.55,64,64.55,64.55,1415,10080.28,40777000,-88000,17-AUG-2016,
FUTSTK,FEDERALBNK,29-Sep-2016,0,XX,65.4,66.05,64.5,65,65,57,408.46,1012000,264000,17-AUG-2016,
FUTSTK,FEDERALBNK,27-Oct-2016,0,XX,0,0,0,64.25,65.15,0,0,0,0,17-AUG-2016,
FUTSTK,GAIL,25-Aug-2016,0,XX,372.45,373,368.25,369.2,369.2,921,5108.71,6937500,52500,17-AUG-2016,
FUTSTK,GAIL,29-Sep-2016,0,XX,370.5,371,367.9,368.3,368.3,116,642.24,256500,78000,17-AUG-2016,
FUTSTK,GAIL,27-Oct-2016,0,XX,369.05,369.05,369.05,369.05,373.1,1,5.53,1500,1500,17-AUG-2016,
FUTSTK,GLENMARK,25-Aug-2016,0,XX,863.4,873,856.55,864.15,864.15,1702,10289.49,2685200,40600,17-AUG-2016,
FUTSTK,GLENMARK,29-Sep-2016,0,XX,874,878,864,870.05,870.05,9,54.95,37800,4900,17-AUG-2016,
FUTSTK,GLENMARK,27-Oct-2016,0,XX,0,0,0,866.35,874.1,0,0,0,0,17-AUG-2016,
FUTSTK,GMRINFRA,25-Aug-2016,0,XX,12.9,13.2,12.9,13.05,13.05,329,1932.57,199755000,990000,17-AUG-2016,
FUTSTK,GMRINFRA,29-Sep-2016,0,XX,13.1,13.3,13,13.15,13.15,78,461.54,11835000,1080000,17-AUG-2016,
FUTSTK,GMRINFRA,27-Oct-2016,0,XX,0,0,0,13.6,13.15,0,0,225000,0,17-AUG-2016,
FUTSTK,GODREJCP,25-Aug-2016,0,XX,1530.05,1539.9,1517,1530.75,1530.75,739,4519.84,506400,6400,17-AUG-2016,
FUTSTK,GODREJCP,29-Sep-2016,0,XX,1547.15,1547.15,1535,1535,1538.05,3,18.51,3600,400,17-AUG-2016,
FUTSTK,GODREJCP,27-Oct-2016,0,XX,0,0,0,1502,1546.25,0,0,0,0,17-AUG-2016,
FUTSTK,GODREJIND,25-Aug-2016,0,XX,397.05,413.85,397.05,410.75,410.75,624,3841.25,2536500,-52500,17-AUG-2016,
FUTSTK,GODREJIND,29-Sep-2016,0,XX,410.4,414,410.4,413.65,413.65,10,61.93,99000,3000,17-AUG-2016,
FUTSTK,GODREJIND,27-Oct-2016,0,XX,0,0,0,445.5,415.7,0,0,0,0,17-AUG-2016,
FUTSTK,GRANULES,25-Aug-2016,0,XX,134.25,134.35,131.8,132.65,132.65,366,2426.96,10220000,15000,17-AUG-2016,
FUTSTK,GRANULES,29-Sep-2016,0,XX,134.2,134.5,132.75,133.5,133.5,59,393.67,475000,185000,17-AUG-2016,
FUTSTK,GRANULES,27-Oct-2016,0,XX,134.2,134.2,134.2,134.2,134.05,2,13.42,55000,10000,17-AUG-2016,
FUTSTK,GRASIM,25-Aug-2016,0,XX,4489,4599.95,4482.95,4526.55,4526.55,4249,28990.87,1353900,-13200,17-AUG-2016,
FUTSTK,GRASIM,29-Sep-2016,0,XX,4519.65,4600.5,4519.65,4530.55,4530.55,135,921.45,133800,4950,17-AUG-2016,
FUTSTK,GRASIM,27-Oct-2016,0,XX,4545.5,4567.75,4545.5,4567.75,4581.25,2,13.66,600,300,17-AUG-2016,
FUTSTK,HAVELLS,25-Aug-2016,0,XX,412.5,416.7,408,415.3,415.3,1751,14509,3980000,-176000,17-AUG-2016,
FUTSTK,HAVELLS,29-Sep-2016,0,XX,414.7,419,410.25,417.9,417.9,42,349.53,84000,2000,17-AUG-2016,
FUTSTK,HAVELLS,27-Oct-2016,0,XX,0,0,0,414,421.15,0,0,4000,0,17-AUG-2016,
FUTSTK,HCLTECH,25-Aug-2016,0,XX,794.7,801,783.75,786.45,786.45,2885,15982.19,7231000,-60900,17-AUG-2016,
FUTSTK,HCLTECH,29-Sep-2016,0,XX,804.5,805.35,789.05,790.6,790.6,299,1662.51,284900,67900,17-AUG-2016,
FUTSTK,HCLTECH,27-Oct-2016,0,XX,790,790,790,790,795.15,1,5.53,13300,0,17-AUG-2016,
FUTSTK,HDFC,25-Aug-2016,0,XX,1363.5,1373.85,1355.45,1367.45,1367.45,3836,26202.55,10415500,-422500,17-AUG-2016,
FUTSTK,HDFC,29-Sep-2016,0,XX,1372,1382,1365.2,1376.4,1376.4,429,2949.05,624000,145500,17-AUG-2016,
FUTSTK,HDFC,27-Oct-2016,0,XX,1389,1389,1382.5,1383.35,1385.4,11,76.2,9000,4000,17-AUG-2016,
FUTSTK,HDFCBANK,25-Aug-2016,0,XX,1233.35,1239,1227,1236.35,1236.35,9237,56965.07,32859500,-762000,17-AUG-2016,
FUTSTK,HDFCBANK,29-Sep-2016,0,XX,1240,1249.05,1237.3,1247.7,1247.7,2127,13242.43,1948000,918000,17-AUG-2016,
FUTSTK,HDFCBANK,27-Oct-2016,0,XX,1251.4,1258,1248.9,1258,1251.6,59,369.05,187500,27500,17-AUG-2016,
FUTSTK,HDIL,25-Aug-2016,0,XX,96.4,98.35,96.4,97.65,97.65,2785,21741.35,26568000,-456000,17-AUG-2016,
FUTSTK,HDIL,29-Sep-2016,0,XX,98.05,98.9,97.5,98.25,98.25,103,809.81,824000,168000,17-AUG-2016,
FUTSTK,HDIL,27-Oct-2016,0,XX,99,99,98.1,98.5,98.5,8,63.06,40000,0,17-AUG-2016,
FUTSTK,HEROMOTOCO,25-Aug-2016,0,XX,3314.9,3427.1,3314.9,3365.15,3365.15,4894,33151.55,1042200,-17800,17-AUG-2016,
FUTSTK,HEROMOTOCO,29-Sep-2016,0,XX,3309.5,3415.05,3309.5,3359.75,3359.75,166,1121.35,49000,1800,17-AUG-2016,
FUTSTK,HEROMOTOCO,27-Oct-2016,0,XX,3420.4,3420.4,3420.4,3420.4,3404.15,1,6.84,5000,200,17-AUG-2016,
FUTSTK,HEXAWARE,25-Aug-2016,0,XX,210.95,217.65,210.3,216.5,216.5,1223,5222.99,6418000,-216000,17-AUG-2016,
FUTSTK,HEXAWARE,29-Sep-2016,0,XX,213,218.6,211.8,217.95,217.95,57,245.06,138000,62000,17-AUG-2016,
FUTSTK,HEXAWARE,27-Oct-2016,0,XX,0,0,0,233.95,219.1,0,0,0,0,17-AUG-2016,
FUTSTK,HINDALCO,25-Aug-2016,0,XX,154.45,156.75,154,155.95,155.95,5794,63151.5,33572000,-2541000,17-AUG-2016,
FUTSTK,HINDALCO,29-Sep-2016,0,XX,154.1,156.55,154.1,155.9,155.9,252,2745.64,1673000,371000,17-AUG-2016,
FUTSTK,HINDALCO,27-Oct-2016,0,XX,157.4,157.4,155.7,155.7,158.1,3,32.81,98000,21000,17-AUG-2016,
FUTSTK,HINDPETRO,25-Aug-2016,0,XX,1223.7,1237.1,1212.5,1221.1,1221.1,4673,40056.08,7389200,11900,17-AUG-2016,
FUTSTK,HINDPETRO,29-Sep-2016,0,XX,1223.3,1233,1210.05,1217.65,1217.65,292,2492.76,1314600,63000,17-AUG-2016,
FUTSTK,HINDPETRO,27-Oct-2016,0,XX,0,0,0,1197.25,1234.85,0,0,700,0,17-AUG-2016,
FUTSTK,HINDUNILVR,25-Aug-2016,0,XX,925.95,927.9,912.4,915.35,915.35,2343,12925.11,4973400,-23400,17-AUG-2016,
FUTSTK,HINDUNILVR,29-Sep-2016,0,XX,922.75,931,907.2,920.1,920.1,363,2018.32,451800,111000,17-AUG-2016,
FUTSTK,HINDUNILVR,27-Oct-2016,0,XX,930.1,930.1,917,917,925.55,3,16.58,5400,1800,17-AUG-2016,
FUTSTK,HINDZINC,25-Aug-2016,0,XX,228.9,228.9,222,224.1,224.1,1076,7741.3,5232000,89600,17-AUG-2016,
FUTSTK,HINDZINC,29-Sep-2016,0,XX,222,228.6,222,225.3,225.3,77,554.88,208000,80000,17-AUG-2016,
FUTSTK,HINDZINC,27-Oct-2016,0,XX,224.15,224.15,224.15,224.15,226.2,1,7.17,3200,3200,17-AUG-2016,
FUTSTK,IBREALEST,25-Aug-2016,0,XX,84.6,86.2,83.25,84.4,84.4,319,2698.22,35760000,-490000,17-AUG-2016,
FUTSTK,IBREALEST,29-Sep-2016,0,XX,86.45,86.45,84,85.1,85.1,4,34.07,600000,0,17-AUG-2016,
FUTSTK,IBREALEST,27-Oct-2016,0,XX,0,0,0,87,85.45,0,0,10000,0,17-AUG-2016,
FUTSTK,IBULHSGFIN,25-Aug-2016,0,XX,818.85,824.3,803.55,808.9,808.9,2649,17247.24,5272800,-74400,17-AUG-2016,
FUTSTK,IBULHSGFIN,29-Sep-2016,0,XX,827.85,828.55,809.85,814.75,814.75,112,732.86,232000,45600,17-AUG-2016,
FUTSTK,IBULHSGFIN,27-Oct-2016,0,XX,0,0,0,817.4,820.15,0,0,10400,0,17-AUG-2016,
FUTSTK,ICICIBANK,25-Aug-2016,0,XX,248.95,251.9,245.7,247.75,247.75,17439,108491.05,77105000,2842500,17-AUG-2016,
FUTSTK,ICICIBANK,29-Sep-2016,0,XX,250.1,253.4,247.4,249.15,249.15,1261,7888.06,3002500,855000,17-AUG-2016,
FUTSTK,ICICIBANK,27-Oct-2016,0,XX,250.8,253,249.8,250.35,250.35,15,94.12,60000,7500,17-AUG-2016,
FUTSTK,ICIL,25-Aug-2016,0,XX,902.5,902.5,887.15,893.2,893.2,128,684.69,478200,-2400,17-AUG-2016,
FUTSTK,ICIL,29-Sep-2016,0,XX,900,901.45,897,898.05,898.05,6,32.36,7800,3600,17-AUG-2016,
FUTSTK,ICIL,27-Oct-2016,0,XX,0,0,0,860.55,901.8,0,0,600,0,17-AUG-2016,
FUTSTK,IDBI,25-Aug-2016,0,XX,68.05,69,67.8,68.3,68.3,1502,8214.01,40224000,-320000,17-AUG-2016,
FUTSTK,IDBI,29-Sep-2016,0,XX,67.9,68.85,67.75,68.15,68.15,217,1183.96,4048000,792000,17-AUG-2016,
FUTSTK,IDBI,27-Oct-2016,0,XX,68.7,68.7,67.95,67.95,67.95,2,10.93,96000,0,17-AUG-2016,
FUTSTK,IDEA,25-Aug-2016,0,XX,95.05,95.35,93.2,93.6,93.6,2868,13486.59,47225000,370000,17-AUG-2016,
FUTSTK,IDEA,29-Sep-2016,0,XX,94.55,95.05,92.95,93.35,93.35,592,2777.21,6290000,1365000,17-AUG-2016,
FUTSTK,IDEA,27-Oct-2016,0,XX,93.75,93.75,93.5,93.6,93.6,5,23.4,245000,25000,17-AUG-2016,
FUTSTK,IDFC,25-Aug-2016,0,XX,56.45,57.75,56.4,57.6,57.6,794,5996.11,65538000,-105600,17-AUG-2016,
FUTSTK,IDFC,29-Sep-2016,0,XX,57,58.1,57,57.95,57.95,65,493.59,1676400,118800,17-AUG-2016,
FUTSTK,IDFC,27-Oct-2016,0,XX,0,0,0,58.3,58.25,0,0,0,0,17-AUG-2016,
FUTSTK,IFCI,25-Aug-2016,0,XX,26.9,27.25,26.8,27.05,27.05,630,3743.33,73458000,-770000,17-AUG-2016,
FUTSTK,IFCI,29-Sep-2016,0,XX,27.2,27.4,26.95,27.25,27.25,65,388.36,2970000,1034000,17-AUG-2016,
FUTSTK,IFCI,27-Oct-2016,0,XX,0,0,0,29.75,27.45,0,0,22000,0,17-AUG-2016,
FUTSTK,IGL,25-Aug-2016,0,XX,679.95,690.1,679.5,685.6,685.6,817,6158.87,1359600,78100,17-AUG-2016,
FUTSTK,IGL,29-Sep-2016,0,XX,681,688,678.2,686.6,686.6,12,90.1,23100,2200,17-AUG-2016,
FUTSTK,IGL,27-Oct-2016,0,XX,0,0,0,660,692.2,0,0,1100,0,17-AUG-2016,
FUTSTK,INDIACEM,25-Aug-2016,0,XX,119.75,124.1,119.55,122.95,122.95,496,4231.59,26866000,-805000,17-AUG-2016,
FUTSTK,INDIACEM,29-Sep-2016,0,XX,122.8,123.05,121.5,123.75,123.75,20,171.06,462000,-49000,17-AUG-2016,
FUTSTK,INDIACEM,27-Oct-2016,0,XX,0,0,0,125.4,125.5,0,0,0,0,17-AUG-2016,
FUTSTK,INDUSINDBK,25-Aug-2016,0,XX,1163.1,1164.9,1153.2,1157.5,1157.5,3035,21071.53,4707000,73800,17-AUG-2016,
FUTSTK,INDUSINDBK,29-Sep-2016,0,XX,1166,1170.8,1161,1163.75,1163.75,357,2492.51,175200,50400,17-AUG-2016,
FUTSTK,INDUSINDBK,27-Oct-2016,0,XX,0,0,0,1183,1169.15,0,0,9600,0,17-AUG-2016,
FUTSTK,INFRATEL,25-Aug-2016,0,XX,354.85,354.85,346.45,349.35,349.35,862,4219.57,4467400,23800,17-AUG-2016,
FUTSTK,INFRATEL,29-Sep-2016,0,XX,350.85,355,348.9,351.45,351.45,178,875.8,478800,156800,17-AUG-2016,
FUTSTK,INFRATEL,27-Oct-2016,0,XX,0,0,0,358.9,353.45,0,0,1400,0,17-AUG-2016,
FUTSTK,INFY,25-Aug-2016,0,XX,1051.85,1057,1033.75,1036.6,1036.6,7598,39563.61,16170500,-174500,17-AUG-2016,
FUTSTK,INFY,29-Sep-2016,0,XX,1058,1061.75,1040.15,1043.1,1043.1,1206,6315.28,1051500,337000,17-AUG-2016,
FUTSTK,INFY,27-Oct-2016,0,XX,1050,1053.1,1041,1043.65,1043.65,68,355.99,120500,23500,17-AUG-2016,
FUTSTK,IOC,25-Aug-2016,0,XX,547.15,554.9,543.5,546.75,546.75,3630,29949.06,9111000,-81000,17-AUG-2016,
FUTSTK,IOC,29-Sep-2016,0,XX,539.05,549.75,539.05,542.2,542.2,377,3085.36,1510500,205500,17-AUG-2016,
FUTSTK,IOC,27-Oct-2016,0,XX,0,0,0,568.9,552.35,0,0,3000,0,17-AUG-2016,
FUTSTK,IRB,25-Aug-2016,0,XX,208.65,211.7,208.55,211.3,211.3,1292,6804.17,10067500,-195000,17-AUG-2016,
FUTSTK,IRB,29-Sep-2016,0,XX,211.75,212.85,211,212.5,212.5,48,254.29,200000,25000,17-AUG-2016,
FUTSTK,IRB,27-Oct-2016,0,XX,0,0,0,219,214,0,0,2500,0,17-AUG-2016,
FUTSTK,ITC,25-Aug-2016,0,XX,255.75,256.9,253,253.8,253.8,2799,17105.25,40708800,-1488000,17-AUG-2016,
FUTSTK,ITC,29-Sep-2016,0,XX,256.5,258.35,254.75,255.4,255.4,202,1241.69,1209600,151200,17-AUG-2016,
FUTSTK,ITC,27-Oct-2016,0,XX,0,0,0,253.65,253.65,1,6.08,21600,2400,17-AUG-2016,
FUTSTK,JETAIRWAYS,25-Aug-2016,0,XX,547.25,555.15,542.15,543.8,543.8,827,4536.97,6144000,-107000,17-AUG-2016,
FUTSTK,JETAIRWAYS,29-Sep-2016,0,XX,552,555,547,547.6,547.6,8,43.96,176000,1000,17-AUG-2016,
FUTSTK,JETAIRWAYS,27-Oct-2016,0,XX,0,0,0,556.45,550.2,0,0,0,0,17-AUG-2016,
FUTSTK,JINDALSTEL,25-Aug-2016,0,XX,80.35,83.4,80.35,82.2,82.2,376,2785.48,48924000,-225000,17-AUG-2016,
FUTSTK,JINDALSTEL,29-Sep-2016,0,XX,0,0,0,81.8,82.8,0,0,855000,0,17-AUG-2016,
FUTSTK,JINDALSTEL,27-Oct-2016,0,XX,0,0,0,86.55,83.25,0,0,0,0,17-AUG-2016,
FUTSTK,JISLJALEQS,25-Aug-2016,0,XX,77.1,82.1,76.95,81.5,81.5,1422,10276.33,38349000,-3537000,17-AUG-2016,
FUTSTK,JISLJALEQS,29-Sep-2016,0,XX,77.15,82.1,77.15,81.75,81.75,18,130.56,1926000,-63000,17-AUG-2016,
FUTSTK,JISLJALEQS,27-Oct-2016,0,XX,0,0,0,75,82.4,0,0,18000,0,17-AUG-2016,
FUTSTK,JPASSOCIAT,25-Aug-2016,0,XX,10.9,11.15,10.45,10.6,10.6,1052,7664.85,148240000,2244000,17-AUG-2016,
FUTSTK,JPASSOCIAT,29-Sep-2016,0,XX,11,11.2,10.5,10.65,10.65,170,1250.11,11968000,4284000,17-AUG-2016,
FUTSTK,JPASSOCIAT,27-Oct-2016,0,XX,10.8,10.8,10.7,10.7,10.7,5,36.55,408000,0,17-AUG-2016,
FUTSTK,JSWENERGY,25-Aug-2016,0,XX,78.5,79.75,78.1,79.05,79.05,832,5256.51,27176000,-800000,17-AUG-2016,
FUTSTK,JSWENERGY,29-Sep-2016,0,XX,79.55,80.1,78.8,79.75,79.75,63,401.42,648000,144000,17-AUG-2016,
FUTSTK,JSWENERGY,27-Oct-2016,0,XX,0,0,0,82.5,80.05,0,0,0,0,17-AUG-2016,
FUTSTK,JSWSTEEL,25-Aug-2016,0,XX,1759,1791,1745.2,1776.45,1776.45,4278,45368.92,4775400,6600,17-AUG-2016,
FUTSTK,JSWSTEEL,29-Sep-2016,0,XX,1763.9,1788.3,1755.8,1786.9,1786.9,203,2165.48,225600,48000,17-AUG-2016,
FUTSTK,JSWSTEEL,27-Oct-2016,0,XX,0,0,0,1757,1797.45,0,0,600,0,17-AUG-2016,
FUTSTK,JUBLFOOD,25-Aug-2016,0,XX,1215,1245,1213.95,1240.45,1240.45,2424,14959.98,1492000,32500,17-AUG-2016,
FUTSTK,JUBLFOOD,29-Sep-2016,0,XX,1239.75,1250,1225.6,1245.45,1245.45,32,198.32,19500,5000,17-AUG-2016,
FUTSTK,JUBLFOOD,27-Oct-2016,0,XX,0,0,0,1241.4,1260.2,0,0,0,0,17-AUG-2016,
FUTSTK,JUSTDIAL,25-Aug-2016,0,XX,480,489.6,443.1,467.2,467.2,18551,69579.39,4695200,1449600,17-AUG-2016,
FUTSTK,JUSTDIAL,29-Sep-2016,0,XX,463.25,484.55,443.75,462.85,462.85,1013,3769.19,531200,357600,17-AUG-2016,
FUTSTK,JUSTDIAL,27-Oct-2016,0,XX,0,0,0,550.15,477.75,0,0,0,0,17-AUG-2016,
FUTSTK,KOTAKBANK,25-Aug-2016,0,XX,768.05,769.15,761.2,765.45,765.45,3068,18792.51,7865600,-96800,17-AUG-2016,
FUTSTK,KOTAKBANK,29-Sep-2016,0,XX,773.25,773.25,766.8,770.55,770.55,174,1072.7,220800,33600,17-AUG-2016,
FUTSTK,KOTAKBANK,27-Oct-2016,0,XX,0,0,0,763.5,776,0,0,0,0,17-AUG-2016,
FUTSTK,KPIT,25-Aug-2016,0,XX,127.55,127.55,125.5,126.75,126.75,163,824.6,5764000,88000,17-AUG-2016,
FUTSTK,KPIT,29-Sep-2016,0,XX,127.25,127.6,126.95,126.95,127.2,15,76.31,236000,48000,17-AUG-2016,
FUTSTK,KPIT,27-Oct-2016,0,XX,0,0,0,140.4,127.85,0,0,0,0,17-AUG-2016,
FUTSTK,KSCL,25-Aug-2016,0,XX,376.4,381.65,373,374.75,374.75,932,5284.66,3835500,-234000,17-AUG-2016,
FUTSTK,KSCL,29-Sep-2016,0,XX,382.6,382.6,376,376.7,376.7,22,125.13,87000,24000,17-AUG-2016,
FUTSTK,KSCL,27-Oct-2016,0,XX,0,0,0,398.15,380.05,0,0,0,0,17-AUG-2016,
FUTSTK,KTKBANK,25-Aug-2016,0,XX,144.6,145,141.45,141.85,141.85,931,7984.01,13740000,-12000,17-AUG-2016,
FUTSTK,KTKBANK,29-Sep-2016,0,XX,144.3,144.3,141.35,141.55,141.55,95,810.46,1656000,318000,17-AUG-2016,
FUTSTK,KTKBANK,27-Oct-2016,0,XX,142.2,142.2,140,140.5,143.2,43,363.3,750000,162000,17-AUG-2016,
FUTSTK,L&TFH,25-Aug-2016,0,XX,92.75,94.45,91.8,93.55,93.55,3952,33204.01,56763000,-1818000,17-AUG-2016,
FUTSTK,L&TFH,29-Sep-2016,0,XX,92.95,95.1,92.5,94.15,94.15,225,1904.08,1692000,603000,17-AUG-2016,
FUTSTK,L&TFH,27-Oct-2016,0,XX,0,0,0,94,94.75,0,0,27000,0,17-AUG-2016,
FUTSTK,LICHSGFIN,25-Aug-2016,0,XX,549.35,552.55,543.05,549.7,549.7,3463,20899.72,7436000,357500,17-AUG-2016,
FUTSTK,LICHSGFIN,29-Sep-2016,0,XX,553.2,555.2,546.6,553.25,553.25,158,958.4,214500,6600,17-AUG-2016,
FUTSTK,LICHSGFIN,27-Oct-2016,0,XX,552.05,552.05,550,550,555.2,7,42.45,8800,5500,17-AUG-2016,
FUTSTK,LT,25-Aug-2016,0,XX,1490,1497.45,1475.05,1484.4,1484.4,4519,33522.63,7996500,-165000,17-AUG-2016,
FUTSTK,LT,29-Sep-2016,0,XX,1501,1505.5,1485.15,1493.8,1493.8,257,1917.53,287000,43000,17-AUG-2016,
FUTSTK,LT,27-Oct-2016,0,XX,1498,1498,1494.4,1494.4,1522.8,3,22.44,15000,1500,17-AUG-2016,
FUTSTK,LUPIN,25-Aug-2016,0,XX,1593.05,1607.1,1574.15,1600.55,1600.55,6127,29382.79,5478900,-168600,17-AUG-2016,
FUTSTK,LUPIN,29-Sep-2016,0,XX,1589,1616.95,1589,1611.25,1611.25,274,1321.9,236700,20400,17-AUG-2016,
FUTSTK,LUPIN,27-Oct-2016,0,XX,0,0,0,1599,1616.05,0,0,7800,0,17-AUG-2016,
FUTSTK,M&M,25-Aug-2016,0,XX,1443.4,1456.5,1437.65,1450.6,1450.6,2487,18035.94,6989000,-295500,17-AUG-2016,
FUTSTK,M&M,29-Sep-2016,0,XX,1449.85,1465,1449.85,1460.4,1460.4,139,1014.33,143500,39000,17-AUG-2016,
FUTSTK,M&M,27-Oct-2016,0,XX,1449.1,1465,1449.1,1465,1470.1,7,50.92,9000,-500,17-AUG-2016,
FUTSTK,M&MFIN,25-Aug-2016,0,XX,326.85,336.3,325.95,335,335,3072,25501.54,12597500,142500,17-AUG-2016,
FUTSTK,M&MFIN,29-Sep-2016,0,XX,329,337.95,329,337,337,109,912.76,195000,100000,17-AUG-2016,
FUTSTK,M&MFIN,27-Oct-2016,0,XX,0,0,0,325,339.6,0,0,2500,0,17-AUG-2016,
FUTSTK,MARICO,25-Aug-2016,0,XX,296.45,301.45,293.5,300.6,300.6,782,6051.11,8964800,57200,17-AUG-2016,
FUTSTK,MARICO,29-Sep-2016,0,XX,296.7,303.1,296.7,302.3,302.3,15,116.84,78000,18200,17-AUG-2016,
FUTSTK,MARICO,27-Oct-2016,0,XX,0,0,0,288.25,303.85,0,0,0,0,17-AUG-2016,
FUTSTK,MARUTI,25-Aug-2016,0,XX,4873.15,4925.05,4864,4901,4901,5071,37273.65,2557200,-10500,17-AUG-2016,
FUTSTK,MARUTI,29-Sep-2016,0,XX,4877.25,4919,4877,4898.05,4898.05,344,2525.56,93150,12750,17-AUG-2016,
FUTSTK,MARUTI,27-Oct-2016,0,XX,4912,4912,4912,4912,4955.95,1,7.36,4800,150,17-AUG-2016,
FUTSTK,MCDOWELL-N,25-Aug-2016,0,XX,2213.05,2259.7,2166.2,2205.3,2205.3,1882,10467.42,3834000,79000,17-AUG-2016,
FUTSTK,MCDOWELL-N,29-Sep-2016,0,XX,2245.95,2275.95,2208,2221.45,2221.45,161,896.03,72500,21500,17-AUG-2016,
FUTSTK,MCDOWELL-N,27-Oct-2016,0,XX,2279.9,2279.9,2230,2230,2230,4,22.42,4250,1000,17-AUG-2016,
FUTSTK,MCLEODRUSS,25-Aug-2016,0,XX,180.6,185.7,180.1,184.8,184.8,658,3635.28,4179000,-282000,17-AUG-2016,
FUTSTK,MCLEODRUSS,29-Sep-2016,0,XX,185.7,186.2,184.85,185.95,185.95,34,189.23,66000,39000,17-AUG-2016,
FUTSTK,MCLEODRUSS,27-Oct-2016,0,XX,0,0,0,207.05,186.8,0,0,0,0,17-AUG-2016,
FUTSTK,MINDTREE,25-Aug-2016,0,XX,570,570,562.25,568.05,568.05,683,3098.18,2143200,-3200,17-AUG-2016,
FUTSTK,MINDTREE,29-Sep-2016,0,XX,572.7,572.7,565.25,571.2,571.2,29,132.12,138400,8800,17-AUG-2016,
FUTSTK,MINDTREE,27-Oct-2016,0,XX,0,0,0,592.5,574,0,0,0,0,17-AUG-2016,
FUTSTK,MOTHERSUMI,25-Aug-2016,0,XX,323.4,337,321.7,335.5,335.5,3698,30564.63,7822500,-60000,17-AUG-2016,
FUTSTK,MOTHERSUMI,29-Sep-2016,0,XX,327.95,337.9,326.95,336.65,336.65,120,996.56,300000,35000,17-AUG-2016,
FUTSTK,MOTHERSUMI,27-Oct-2016,0,XX,329.9,338,329.9,337.25,337.25,3,25.11,7500,0,17-AUG-2016,
FUTSTK,MRF,25-Aug-2016,0,XX,36250.5,37020,36198.45,36641.45,36641.45,763,4200.65,50685,-120,17-AUG-2016,
FUTSTK,MRF,29-Sep-2016,0,XX,37231.15,37244.45,36820,36993.9,36823.2,13,72.21,1455,75,17-AUG-2016,
FUTSTK,MRF,27-Oct-2016,0,XX,0,0,0,36800,37018.6,0,0,45,0,17-AUG-2016,
FUTSTK,NCC,25-Aug-2016,0,XX,82.85,83.5,81.65,83,83,1453,9604.58,17696000,664000,17-AUG-2016,
FUTSTK,NCC,29-Sep-2016,0,XX,83.8,83.8,82.3,83.45,83.45,45,298.86,376000,96000,17-AUG-2016,
FUTSTK,NCC,27-Oct-2016,0,XX,0,0,0,83.5,83.8,0,0,0,0,17-AUG-2016,
FUTSTK,NHPC,25-Aug-2016,0,XX,26.55,27.35,26.55,27.3,27.3,252,1850.22,24705000,216000,17-AUG-2016,
FUTSTK,NHPC,29-Sep-2016,0,XX,26.9,26.9,26.7,26.9,26.9,48,347.11,3078000,486000,17-AUG-2016,
FUTSTK,NHPC,27-Oct-2016,0,XX,0,0,0,26.1,27.65,0,0,27000,0,17-AUG-2016,
FUTSTK,NIITTECH,25-Aug-2016,0,XX,410.95,410.95,407.05,408.95,408.95,62,253.5,764000,4000,17-AUG-2016,
FUTSTK,NIITTECH,29-Sep-2016,0,XX,412.9,413.05,411.05,412.05,412.05,8,32.98,28000,7000,17-AUG-2016,
FUTSTK,NIITTECH,27-Oct-2016,0,XX,0,0,0,475.7,413.3,0,0,0,0,17-AUG-2016,
FUTSTK,NMDC,25-Aug-2016,0,XX,100.45,104.55,100.1,104.05,104.05,1498,9242.79,12636000,540000,17-AUG-2016,
FUTSTK,NMDC,29-Sep-2016,0,XX,101.4,105.15,101.4,104.8,104.8,116,723.33,582000,192000,17-AUG-2016,
FUTSTK,NMDC,27-Oct-2016,0,XX,0,0,0,105.05,105,0,0,0,0,17-AUG-2016,
FUTSTK,NTPC,25-Aug-2016,0,XX,161.3,162.55,160.45,161.5,161.5,771,4970.32,18076000,-452000,17-AUG-2016,
FUTSTK,NTPC,29-Sep-2016,0,XX,161.6,161.6,160,160.8,160.8,53,340.11,288000,76000,17-AUG-2016,
FUTSTK,NTPC,27-Oct-2016,0,XX,0,0,0,161.4,163.75,0,0,0,0,17-AUG-2016,
FUTSTK,OFSS,25-Aug-2016,0,XX,3669.95,3728,3650,3689.65,3689.65,304,1684.53,252600,-15150,17-AUG-2016,
FUTSTK,OFSS,29-Sep-2016,0,XX,3645,3645,3615,3620.2,3620.2,5,27.18,4800,450,17-AUG-2016,
FUTSTK,OFSS,27-Oct-2016,0,XX,0,0,0,3789.1,3743.9,0,0,0,0,17-AUG-2016,
FUTSTK,OIL,25-Aug-2016,0,XX,370,372.5,369.7,371.55,371.55,169,1067.29,1108400,45900,17-AUG-2016,
FUTSTK,OIL,29-Sep-2016,0,XX,367.35,368,365.5,366.7,366.7,64,399.32,153000,90100,17-AUG-2016,
FUTSTK,OIL,27-Oct-2016,0,XX,0,0,0,376.8,374.95,0,0,0,0,17-AUG-2016,
FUTSTK,ONGC,25-Aug-2016,0,XX,235.35,238.75,234.85,237.85,237.85,3650,21619.41,26255000,-1175000,17-AUG-2016,
FUTSTK,ONGC,29-Sep-2016,0,XX,234.2,237,233.5,236.25,236.25,458,2694.67,3872500,362500,17-AUG-2016,
FUTSTK,ONGC,27-Oct-2016,0,XX,234.8,238.25,234.8,238.25,238.25,2,11.82,67500,5000,17-AUG-2016,
FUTSTK,ORIENTBANK,25-Aug-2016,0,XX,114,119.8,113.95,116.55,116.55,4463,31366.87,15900000,1698000,17-AUG-2016,
FUTSTK,ORIENTBANK,29-Sep-2016,0,XX,115.25,120.4,115,117.2,117.2,251,1772.12,1470000,642000,17-AUG-2016,
FUTSTK,ORIENTBANK,27-Oct-2016,0,XX,117.75,117.75,117.75,117.75,117.75,1,7.06,138000,6000,17-AUG-2016,
FUTSTK,PAGEIND,25-Aug-2016,0,XX,14000.05,14396.5,13959.95,14324.6,14324.6,416,2960.05,49700,-1500,17-AUG-2016,
FUTSTK,PAGEIND,29-Sep-2016,0,XX,0,0,0,15000,14449.2,0,0,150,0,17-AUG-2016,
FUTSTK,PAGEIND,27-Oct-2016,0,XX,0,0,0,14300,14525.9,0,0,100,0,17-AUG-2016,
FUTSTK,PCJEWELLER,25-Aug-2016,0,XX,421.95,431.95,420.95,429.8,429.8,255,1637.93,523500,43500,17-AUG-2016,
FUTSTK,PCJEWELLER,29-Sep-2016,0,XX,426.35,428.05,421.75,427.6,427.6,48,306.09,21000,15000,17-AUG-2016,
FUTSTK,PCJEWELLER,27-Oct-2016,0,XX,427,427,426.95,426.95,434.8,2,12.8,3000,3000,17-AUG-2016,
FUTSTK,PETRONET,25-Aug-2016,0,XX,322.9,323.4,319.1,321.05,321.05,481,4633.58,2250000,51000,17-AUG-2016,
FUTSTK,PETRONET,29-Sep-2016,0,XX,321.8,322,319.3,319.3,322.7,10,96.3,63000,15000,17-AUG-2016,
FUTSTK,PETRONET,27-Oct-2016,0,XX,0,0,0,312,324.4,0,0,3000,0,17-AUG-2016,
FUTSTK,PFC,25-Aug-2016,0,XX,228.2,234.2,227.25,233.5,233.5,2424,16855.98,7503000,-414000,17-AUG-2016,
FUTSTK,PFC,29-Sep-2016,0,XX,227.85,234.25,227.85,233.45,233.45,232,1612.07,1764000,429000,17-AUG-2016,
FUTSTK,PFC,27-Oct-2016,0,XX,0,0,0,223.15,236.5,0,0,0,0,17-AUG-2016,
FUTSTK,PIDILITIND,25-Aug-2016,0,XX,711.6,715.9,705.15,709,709,835,5929.42,2884000,84000,17-AUG-2016,
FUTSTK,PIDILITIND,29-Sep-2016,0,XX,716.1,716.1,710.05,713.45,713.45,60,427.93,52000,28000,17-AUG-2016,
FUTSTK,PIDILITIND,27-Oct-2016,0,XX,0,0,0,764.75,717.3,0,0,0,0,17-AUG-2016,
FUTSTK,PNB,25-Aug-2016,0,XX,122.25,126.75,122.1,125.15,125.15,8639,75535.67,43680000,-49000,17-AUG-2016,
FUTSTK,PNB,29-Sep-2016,0,XX,122.25,126.3,122.2,125,125,638,5558.47,3696000,686000,17-AUG-2016,
FUTSTK,PNB,27-Oct-2016,0,XX,123.75,125.1,123.75,125.1,125.1,7,61.02,63000,7000,17-AUG-2016,
FUTSTK,POWERGRID,25-Aug-2016,0,XX,177,179.45,175,175.3,175.3,2505,17721.46,20580000,1044000,17-AUG-2016,
FUTSTK,POWERGRID,29-Sep-2016,0,XX,180,180,174.95,175.15,175.15,207,1463.05,792000,428000,17-AUG-2016,
FUTSTK,POWERGRID,27-Oct-2016,0,XX,0,0,0,185.6,177.05,0,0,4000,0,17-AUG-2016,
FUTSTK,PTC,25-Aug-2016,0,XX,78.2,78.35,76.5,77.9,77.9,316,1961.36,12416000,688000,17-AUG-2016,
FUTSTK,PTC,29-Sep-2016,0,XX,75.95,76.6,75.1,76.15,76.15,57,345.97,824000,208000,17-AUG-2016,
FUTSTK,PTC,27-Oct-2016,0,XX,0,0,0,75.8,78.6,0,0,16000,0,17-AUG-2016,
FUTSTK,RCOM,25-Aug-2016,0,XX,48.15,49.75,47.85,49.55,49.55,1158,5672.45,118040000,-3790000,17-AUG-2016,
FUTSTK,RCOM,29-Sep-2016,0,XX,48.4,50,48.35,49.9,49.9,126,620.16,4660000,540000,17-AUG-2016,
FUTSTK,RCOM,27-Oct-2016,0,XX,49.3,49.3,49.3,49.3,50.3,1,4.93,180000,-10000,17-AUG-2016,
FUTSTK,RECLTD,25-Aug-2016,0,XX,224,229.3,223.45,228.05,228.05,4324,29485.29,24417000,-1695000,17-AUG-2016,
FUTSTK,RECLTD,29-Sep-2016,0,XX,224.4,229.95,224.4,228.75,228.75,363,2487.13,2982000,447000,17-AUG-2016,
FUTSTK,RECLTD,27-Oct-2016,0,XX,0,0,0,225,236.2,0,0,45000,0,17-AUG-2016,
FUTSTK,RELCAPITAL,25-Aug-2016,0,XX,462.6,464.1,451.8,456.15,456.15,9720,66864.27,11409000,-886500,17-AUG-2016,
FUTSTK,RELCAPITAL,29-Sep-2016,0,XX,455.25,458,446.25,450.3,450.3,410,2784.58,1056000,117000,17-AUG-2016,
FUTSTK,RELCAPITAL,27-Oct-2016,0,XX,457.65,457.65,450,452.9,452.9,7,47.8,13500,7500,17-AUG-2016,
FUTSTK,RELIANCE,25-Aug-2016,0,XX,1025.25,1030,1010.2,1016.85,1016.85,11236,57255.53,21371500,356500,17-AUG-2016,
FUTSTK,RELIANCE,29-Sep-2016,0,XX,1032,1036.95,1017.45,1023.75,1023.75,1477,7567.94,972000,301000,17-AUG-2016,
FUTSTK,RELIANCE,27-Oct-2016,0,XX,1041.95,1041.95,1026,1030.25,1030.25,40,206.73,40000,10500,17-AUG-2016,
FUTSTK,RELINFRA,25-Aug-2016,0,XX,592.8,595,579.4,585.65,585.65,7131,54489.76,8433100,-400400,17-AUG-2016,
FUTSTK,RELINFRA,29-Sep-2016,0,XX,588.65,591.7,577,582.55,582.55,361,2744.49,1267500,197600,17-AUG-2016,
FUTSTK,RELINFRA,27-Oct-2016,0,XX,582.8,582.8,582,582,593.05,2,15.14,3900,2600,17-AUG-2016,
FUTSTK,RPOWER,25-Aug-2016,0,XX,51.4,51.65,50.85,51.5,51.5,593,3651.42,54948000,12000,17-AUG-2016,
FUTSTK,RPOWER,29-Sep-2016,0,XX,51.9,52.05,51.25,51.9,51.9,87,539.25,4536000,828000,17-AUG-2016,
FUTSTK,RPOWER,27-Oct-2016,0,XX,51.6,51.6,51.6,51.6,52,1,6.19,312000,12000,17-AUG-2016,
FUTSTK,SAIL,25-Aug-2016,0,XX,46.2,48.85,46.1,48.35,48.35,4556,26285.11,60924000,4956000,17-AUG-2016,
FUTSTK,SAIL,29-Sep-2016,0,XX,46.35,48.75,46.2,48.25,48.25,348,2007.87,6444000,792000,17-AUG-2016,
FUTSTK,SAIL,27-Oct-2016,0,XX,48.25,48.25,48.25,48.25,48.8,1,5.79,168000,-12000,17-AUG-2016,
FUTSTK,SBIN,25-Aug-2016,0,XX,246.75,250.35,244.8,247.05,247.05,19842,147278.74,86943000,-1272000,17-AUG-2016,
FUTSTK,SBIN,29-Sep-2016,0,XX,246.55,250.9,245.5,247.75,247.75,1289,9593.85,6279000,1227000,17-AUG-2016,
FUTSTK,SBIN,27-Oct-2016,0,XX,247.45,250.75,246.5,248.55,248.55,24,179.03,399000,30000,17-AUG-2016,
FUTSTK,SIEMENS,25-Aug-2016,0,XX,1293.25,1301,1282.6,1293.55,1293.55,527,3401.11,962500,-10500,17-AUG-2016,
FUTSTK,SIEMENS,29-Sep-2016,0,XX,1296,1302,1293,1300.95,1300.95,17,110.29,54500,500,17-AUG-2016,
FUTSTK,SIEMENS,27-Oct-2016,0,XX,0,0,0,1335.95,1308.95,0,0,0,0,17-AUG-2016,
FUTSTK,SINTEX,25-Aug-2016,0,XX,73.45,73.5,72.7,73.15,73.15,334,1740.44,24360375,306375,17-AUG-2016,
FUTSTK,SINTEX,29-Sep-2016,0,XX,73.85,74,73.2,73.6,73.6,46,241.27,1061625,249375,17-AUG-2016,
FUTSTK,SINTEX,27-Oct-2016,0,XX,0,0,0,74.4,73.9,0,0,35625,0,17-AUG-2016,
FUTSTK,SOUTHBANK,25-Aug-2016,0,XX,21.45,21.65,21.35,21.45,21.45,126,811.6,37320000,570000,17-AUG-2016,
FUTSTK,SOUTHBANK,29-Sep-2016,0,XX,21.6,21.75,21.5,21.5,21.5,17,110.4,1050000,390000,17-AUG-2016,
FUTSTK,SOUTHBANK,27-Oct-2016,0,XX,21.85,21.85,21.85,21.85,21.6,1,6.55,30000,30000,17-AUG-2016,
FUTSTK,SRF,25-Aug-2016,0,XX,1570.05,1628,1570.05,1602.65,1602.65,1469,11843.76,445000,-21000,17-AUG-2016,
FUTSTK,SRF,29-Sep-2016,0,XX,1607.3,1635,1588.65,1604.7,1604.7,81,655.61,27500,15000,17-AUG-2016,
FUTSTK,SRF,27-Oct-2016,0,XX,0,0,0,1451,1632.95,0,0,0,0,17-AUG-2016,
FUTSTK,SRTRANSFIN,25-Aug-2016,0,XX,1278,1291.25,1270.1,1279.7,1279.7,1774,13634.35,2451600,52200,17-AUG-2016,
FUTSTK,SRTRANSFIN,29-Sep-2016,0,XX,1330,1330,1280.75,1287.75,1287.75,89,688.82,90000,25200,17-AUG-2016,
FUTSTK,SRTRANSFIN,27-Oct-2016,0,XX,0,0,0,1254.4,1294.75,0,0,0,0,17-AUG-2016,
FUTSTK,STAR,25-Aug-2016,0,XX,1106.55,1124,1034.3,1058.4,1058.4,9094,49333.3,1128500,317000,17-AUG-2016,
FUTSTK,STAR,29-Sep-2016,0,XX,1111,1125.8,1041.35,1058.35,1058.35,210,1137.98,70500,35000,17-AUG-2016,
FUTSTK,STAR,27-Oct-2016,0,XX,0,0,0,1157.65,1070.45,0,0,0,0,17-AUG-2016,
FUTSTK,SUNPHARMA,25-Aug-2016,0,XX,782,793.65,775.35,787.45,787.45,10899,51397.02,23460600,356400,17-AUG-2016,
FUTSTK,SUNPHARMA,29-Sep-2016,0,XX,789.25,798,780.3,791.85,791.85,1400,6641.57,1293000,288600,17-AUG-2016,
FUTSTK,SUNPHARMA,27-Oct-2016,0,XX,792.9,802,792.9,797.3,795.65,9,43.14,21000,-1200,17-AUG-2016,
FUTSTK,SUNTV,25-Aug-2016,0,XX,458.85,467.2,456.45,463.7,463.7,3230,29879.65,12010000,176000,17-AUG-2016,
FUTSTK,SUNTV,29-Sep-2016,0,XX,461,470,461,467,467,54,503.69,176000,14000,17-AUG-2016,
FUTSTK,SUNTV,27-Oct-2016,0,XX,0,0,0,455.05,468,0,0,0,0,17-AUG-2016,
FUTSTK,SYNDIBANK,25-Aug-2016,0,XX,72.6,74.45,72.5,73.4,73.4,1017,6724.07,14382000,369000,17-AUG-2016,
FUTSTK,SYNDIBANK,29-Sep-2016,0,XX,73.2,74.9,73.1,73.9,73.9,54,359.31,639000,171000,17-AUG-2016,
FUTSTK,SYNDIBANK,27-Oct-2016,0,XX,0,0,0,75.15,74.1,0,0,9000,0,17-AUG-2016,
FUTSTK,TATACHEM,25-Aug-2016,0,XX,501.6,516.45,500,511.9,511.9,1902,14562.48,4249500,133500,17-AUG-2016,
FUTSTK,TATACHEM,29-Sep-2016,0,XX,514.6,519.4,511.5,516.15,516.15,23,177.79,66000,7500,17-AUG-2016,
FUTSTK,TATACHEM,27-Oct-2016,0,XX,0,0,0,498.35,517.3,0,0,1500,0,17-AUG-2016,
FUTSTK,TATACOMM,25-Aug-2016,0,XX,485.1,498.8,485.1,492.25,492.25,1992,13740.12,4960200,149800,17-AUG-2016,
FUTSTK,TATACOMM,29-Sep-2016,0,XX,492,500,491.35,495,495,98,681.43,93800,77000,17-AUG-2016,
FUTSTK,TATACOMM,27-Oct-2016,0,XX,0,0,0,452.9,496.7,0,0,0,0,17-AUG-2016,
FUTSTK,TATAELXSI,25-Aug-2016,0,XX,1630,1655.05,1627.05,1646.1,1646.1,698,3442.98,1348800,3600,17-AUG-2016,
FUTSTK,TATAELXSI,29-Sep-2016,0,XX,1645,1665,1645,1657.85,1657.85,44,218.71,41100,2400,17-AUG-2016,
FUTSTK,TATAELXSI,27-Oct-2016,0,XX,0,0,0,1731,1662.95,0,0,1200,0,17-AUG-2016,
FUTSTK,TATAGLOBAL,25-Aug-2016,0,XX,138.5,139.4,137.25,138.05,138.05,1000,6225.41,27112500,-193500,17-AUG-2016,
FUTSTK,TATAGLOBAL,29-Sep-2016,0,XX,139,140.25,138.15,139,139,93,583.12,796500,256500,17-AUG-2016,
FUTSTK,TATAGLOBAL,27-Oct-2016,0,XX,0,0,0,140,139.55,0,0,49500,0,17-AUG-2016,
FUTSTK,TATAMOTORS,25-Aug-2016,0,XX,512.65,516.1,507.95,512.1,512.1,8372,64375.59,25065000,-439500,17-AUG-2016,
FUTSTK,TATAMOTORS,29-Sep-2016,0,XX,515.55,518.7,510.85,514.85,514.85,1241,9600.76,4449000,993000,17-AUG-2016,
FUTSTK,TATAMOTORS,27-Oct-2016,0,XX,517.15,519.95,515.3,517.4,517.4,5,38.82,72000,-1500,17-AUG-2016,
FUTSTK,TATAMTRDVR,25-Aug-2016,0,XX,332.5,335.7,331.6,333.8,333.8,1464,10263.47,16751700,-33600,17-AUG-2016,
FUTSTK,TATAMTRDVR,29-Sep-2016,0,XX,335.2,337.6,334,335.95,335.95,45,317.53,172200,42000,17-AUG-2016,
FUTSTK,TATAMTRDVR,27-Oct-2016,0,XX,0,0,0,333.5,338.1,0,0,0,0,17-AUG-2016,
FUTSTK,TATAPOWER,25-Aug-2016,0,XX,76.75,78.5,75.95,78,78,2183,15167.46,39582000,-1368000,17-AUG-2016,
FUTSTK,TATAPOWER,29-Sep-2016,0,XX,76.15,77.6,75.3,77.25,77.25,231,1586.82,3087000,135000,17-AUG-2016,
FUTSTK,TATAPOWER,27-Oct-2016,0,XX,0,0,0,71.95,79,0,0,0,0,17-AUG-2016,
FUTSTK,TATASTEEL,25-Aug-2016,0,XX,383.2,392.8,381.1,391.9,391.9,18760,145577.87,22438000,-278000,17-AUG-2016,
FUTSTK,TATASTEEL,29-Sep-2016,0,XX,384.05,395.05,384.05,394.1,394.1,720,5620.74,1166000,264000,17-AUG-2016,
FUTSTK,TATASTEEL,27-Oct-2016,0,XX,394.55,394.55,394.55,394.55,397.15,1,7.89,36000,2000,17-AUG-2016,
FUTSTK,TCS,25-Aug-2016,0,XX,2697.75,2698.05,2627.5,2632.9,2632.9,5971,39543.84,4432500,60000,17-AUG-2016,
FUTSTK,TCS,29-Sep-2016,0,XX,2707.85,2707.85,2642,2647.15,2647.15,345,2295.83,135000,17000,17-AUG-2016,
FUTSTK,TCS,27-Oct-2016,0,XX,2680,2681.8,2652,2652,2660.05,12,80.11,4000,0,17-AUG-2016,
FUTSTK,TECHM,25-Aug-2016,0,XX,484.65,487.6,473,474.65,474.65,2505,13239.23,6982800,62700,17-AUG-2016,
FUTSTK,TECHM,29-Sep-2016,0,XX,489.9,490.7,476.65,477.9,477.9,86,455.77,167200,44000,17-AUG-2016,
FUTSTK,TECHM,27-Oct-2016,0,XX,488.9,488.9,480,480,480,2,10.65,7700,2200,17-AUG-2016,
FUTSTK,TITAN,25-Aug-2016,0,XX,406.2,410.65,402.7,406.15,406.15,1411,8598.55,10191000,36000,17-AUG-2016,
FUTSTK,TITAN,29-Sep-2016,0,XX,406.1,412.15,405,408.45,408.45,34,208.33,115500,33000,17-AUG-2016,
FUTSTK,TITAN,27-Oct-2016,0,XX,0,0,0,434.1,410.15,0,0,0,0,17-AUG-2016,
FUTSTK,TORNTPHARM,25-Aug-2016,0,XX,1498.05,1513.95,1490,1507,1507,151,907.45,194800,400,17-AUG-2016,
FUTSTK,TORNTPHARM,29-Sep-2016,0,XX,0,0,0,1495,1517.85,0,0,1600,0,17-AUG-2016,
FUTSTK,TORNTPHARM,27-Oct-2016,0,XX,0,0,0,1462.15,1525.9,0,0,0,0,17-AUG-2016,
FUTSTK,TV18BRDCST,25-Aug-2016,0,XX,39.15,39.6,39.05,39.3,39.3,366,2446.67,70618000,-544000,17-AUG-2016,
FUTSTK,TV18BRDCST,29-Sep-2016,0,XX,39.5,39.8,39.35,39.55,39.55,42,282.58,1088000,204000,17-AUG-2016,
FUTSTK,TV18BRDCST,27-Oct-2016,0,XX,0,0,0,40.7,39.65,0,0,17000,0,17-AUG-2016,
FUTSTK,TVSMOTOR,25-Aug-2016,0,XX,300.1,314.85,299.7,314.1,314.1,5594,34711.72,4794000,-432000,17-AUG-2016,
FUTSTK,TVSMOTOR,29-Sep-2016,0,XX,301,315.4,301,314.95,314.95,242,1499.18,242000,12000,17-AUG-2016,
FUTSTK,TVSMOTOR,27-Oct-2016,0,XX,0,0,0,300,317.15,0,0,2000,0,17-AUG-2016,
FUTSTK,UBL,25-Aug-2016,0,XX,801.5,808.7,797,802.25,802.25,225,1263.26,1114400,-4900,17-AUG-2016,
FUTSTK,UBL,29-Sep-2016,0,XX,806,806,806,806,806.2,1,5.64,4200,700,17-AUG-2016,
FUTSTK,UBL,27-Oct-2016,0,XX,0,0,0,836.65,810.5,0,0,0,0,17-AUG-2016,
FUTSTK,ULTRACEMCO,25-Aug-2016,0,XX,3739.95,3749.9,3685,3712.8,3712.8,1597,11837.04,894000,2200,17-AUG-2016,
FUTSTK,ULTRACEMCO,29-Sep-2016,0,XX,3750,3750.8,3707,3735,3735,66,492.08,34800,2200,17-AUG-2016,
FUTSTK,ULTRACEMCO,27-Oct-2016,0,XX,0,0,0,3825,3749.3,0,0,200,0,17-AUG-2016,
FUTSTK,UNIONBANK,25-Aug-2016,0,XX,130.35,134,129.8,132.5,132.5,4567,24165.45,15252000,-732000,17-AUG-2016,
FUTSTK,UNIONBANK,29-Sep-2016,0,XX,130.7,134.75,130.5,133.2,133.2,270,1436.53,1048000,184000,17-AUG-2016,
FUTSTK,UNIONBANK,27-Oct-2016,0,XX,132.8,133.7,132.5,133.7,133.9,3,15.96,56000,-4000,17-AUG-2016,
FUTSTK,UPL,25-Aug-2016,0,XX,625.85,645.85,624.1,642.35,642.35,4049,30937.16,4448400,-271200,17-AUG-2016,
FUTSTK,UPL,29-Sep-2016,0,XX,634.15,649,631.75,646.4,646.4,112,859.97,334800,21600,17-AUG-2016,
FUTSTK,UPL,27-Oct-2016,0,XX,0,0,0,598,651.3,0,0,2400,0,17-AUG-2016,
FUTSTK,VEDL,25-Aug-2016,0,XX,169.85,173.1,168.6,171.25,171.25,5664,58215.72,35382000,-834000,17-AUG-2016,
FUTSTK,VEDL,29-Sep-2016,0,XX,171.35,174,170,172.3,172.3,270,2789.57,1806000,570000,17-AUG-2016,
FUTSTK,VEDL,27-Oct-2016,0,XX,172.35,172.35,172.35,172.35,172.35,1,10.34,48000,6000,17-AUG-2016,
FUTSTK,VOLTAS,25-Aug-2016,0,XX,369.1,372.8,364.2,366.6,366.6,3118,22951.85,4608000,-120000,17-AUG-2016,
FUTSTK,VOLTAS,29-Sep-2016,0,XX,370.5,373,365,367.45,367.45,223,1646.17,438000,218000,17-AUG-2016,
FUTSTK,VOLTAS,27-Oct-2016,0,XX,0,0,0,365,371.3,0,0,4000,0,17-AUG-2016,
FUTSTK,WIPRO,25-Aug-2016,0,XX,537.9,539.7,528.4,529.3,529.3,2053,10943.17,7066000,78000,17-AUG-2016,
FUTSTK,WIPRO,29-Sep-2016,0,XX,542.45,542.45,531.7,532.45,532.45,343,1833.2,306000,187000,17-AUG-2016,
FUTSTK,WIPRO,27-Oct-2016,0,XX,0,0,0,563.5,534.95,0,0,0,0,17-AUG-2016,
FUTSTK,WOCKPHARMA,25-Aug-2016,0,XX,787.95,811,776.3,787,787,2167,10330.89,2961600,-321600,17-AUG-2016,
FUTSTK,WOCKPHARMA,29-Sep-2016,0,XX,795,810,788.5,791.8,791.8,46,220.22,151200,5400,17-AUG-2016,
FUTSTK,WOCKPHARMA,27-Oct-2016,0,XX,0,0,0,1007.9,799.4,0,0,0,0,17-AUG-2016,
FUTSTK,YESBANK,25-Aug-2016,0,XX,1302.15,1309,1286,1307.1,1307.1,8953,81500.98,9337300,429100,17-AUG-2016,
FUTSTK,YESBANK,29-Sep-2016,0,XX,1301,1312.3,1290.65,1310.55,1310.55,502,4584.57,627900,101500,17-AUG-2016,
FUTSTK,YESBANK,27-Oct-2016,0,XX,1306.45,1315.75,1299,1315.75,1326.05,7,64.01,51800,2100,17-AUG-2016,
FUTSTK,ZEEL,25-Aug-2016,0,XX,504,507.2,497.35,499.35,499.35,1336,8717.86,8444800,55900,17-AUG-2016,
FUTSTK,ZEEL,29-Sep-2016,0,XX,508.15,508.15,500.9,502.35,502.35,176,1155.53,364000,114400,17-AUG-2016,
FUTSTK,ZEEL,27-Oct-2016,0,XX,507,507,504,504,504.75,2,13.14,2600,1300,17-AUG-2016,
OPTIDX,BANKNIFTY,18-Aug-2016,15800,CE,0,0,0,1860.8,3244.25,0,0,0,0,17-AUG-2016,
OPTIDX,BANKNIFTY,18-Aug-2016,15900,CE,0,0,0,1773.85,3144.25,0,0,0,0,17-AUG-2016,
OPTIDX,BANKNIFTY,18-Aug-2016,16000,CE,0,0,0,1850.75,3044.25,0,0,0,0,17-AUG-2016,
OPTIDX,BANKNIFTY,18-Aug-2016,16100,CE,0,0,0,1848.7,2944.3,0,0,0,0,17-AUG-2016,
OPTIDX,BANKNIFTY,18-Aug-2016,16200,CE,0,0,0,1762.6,2844.3,0,0,0,0,17-AUG-2016,
OPTIDX,BANKNIFTY,18-Aug-2016,16300,CE,0,0,0,1678,2744.3,0,0,0,0,17-AUG-2016,
OPTIDX,BANKNIFTY,18-Aug-2016,16400,CE,0,0,0,1595,2644.35,0,0,0,0,17-AUG-2016,
OPTIDX,BANKNIFTY,18-Aug-2016,16500,CE,0,0,0,1513.8,2544.35,0,0,0,0,17-AUG-2016,
OPTIDX,BANKNIFTY,18-Aug-2016,16600,CE,0,0,0,1434.4,2444.4,0,0,0,0,17-AUG-2016,
OPTIDX,BANKNIFTY,18-Aug-2016,16700,CE,0,0,0,1356.95,2344.4,0,0,0,0,17-AUG-2016,
OPTIDX,BANKNIFTY,18-Aug-2016,16800,CE,0,0,0,1281.55,2244.4,0,0,0,0,17-AUG-2016,
OPTIDX,BANKNIFTY,18-Aug-2016,16900,CE,0,0,0,1208.85,2144.45,0,0,0,0,17-AUG-2016,
OPTIDX,BANKNIFTY,18-Aug-2016,17000,CE,0,0,0,1137.05,2044.45,0,0,0,0,17-AUG-2016,
OPTIDX,BANKNIFTY,18-Aug-2016,17100,CE,0,0,0,1068.3,1944.45,0,0,0,0,17-AUG-2016,
OPTIDX,BANKNIFTY,18-Aug-2016,17200,CE,0,0,0,1002,1844.5,0,0,0,0,17-AUG-2016,
OPTIDX,BANKNIFTY,18-Aug-2016,17300,CE,0,0,0,938.05,1744.5,0,0,0,0,17-AUG-2016,
OPTIDX,BANKNIFTY,18-Aug-2016,17400,CE,0,0,0,876.6,1644.55,0,0,0,0,17-AUG-2016,
OPTIDX,BANKNIFTY,18-Aug-2016,17500,CE,0,0,0,817.7,1544.55,0,0,0,0,17-AUG-2016,
OPTIDX,BANKNIFTY,18-Aug-2016,17600,CE,0,0,0,761.3,1444.55,0,0,0,0,17-AUG-2016,
OPTIDX,BANKNIFTY,18-Aug-2016,17700,CE,0,0,0,707.45,1344.6,0,0,0,0,17-AUG-2016,
OPTIDX,BANKNIFTY,18-Aug-2016,17800,CE,0,0,0,656.15,1244.6,0,0,0,0,17-AUG-2016,
OPTIDX,BANKNIFTY,18-Aug-2016,17900,CE,0,0,0,1010,1144.6,0,0,0,0,17-AUG-2016,
OPTIDX,BANKNIFTY,18-Aug-2016,18000,CE,0,0,0,756.35,1044.65,0,0,40,0,17-AUG-2016,
OPTIDX,BANKNIFTY,18-Aug-2016,18100,CE,0,0,0,670.45,944.65,0,0,40,0,17-AUG-2016,
OPTIDX,BANKNIFTY,18-Aug-2016,18200,CE,0,0,0,834,844.7,0,0,0,0,17-AUG-2016,
OPTIDX,BANKNIFTY,18-Aug-2016,18300,CE,715.65,715.65,715.65,715.65,715.65,1,7.6,0,-40,17-AUG-2016,
OPTIDX,BANKNIFTY,18-Aug-2016,18400,CE,0,0,0,468,644.7,0,0,240,0,17-AUG-2016,
OPTIDX,BANKNIFTY,18-Aug-2016,18500,CE,485,609.75,439.05,525,525,108,821.57,8960,-1080,17-AUG-2016,
OPTIDX,BANKNIFTY,18-Aug-2016,18600,CE,365.95,518.6,340,432.7,432.7,339,2581.06,6280,-6400,17-AUG-2016,
OPTIDX,BANKNIFTY,18-Aug-2016,18700,CE,287.55,432.2,258.4,331.45,331.45,779,5928.55,15360,-3360,17-AUG-2016,
OPTIDX,BANKNIFTY,18-Aug-2016,18800,CE,202.3,346.6,169.6,234.15,234.15,2743,20882.86,36560,-28360,17-AUG-2016,
OPTIDX,BANKNIFTY,18-Aug-2016,18900,CE,130.8,261.8,98.15,149.6,149.6,18059,137622.58,66840,-10480,17-AUG-2016,
OPTIDX,BANKNIFTY,18-Aug-2016,19000,CE,78.2,159,51,80.6,80.6,121498,927776.78,284840,34160,17-AUG-2016,
OPTIDX,BANKNIFTY,18-Aug-2016,19100,CE,44.05,95,21.2,36.5,36.5,159414,1220914.23,307520,83800,17-AUG-2016,
OPTIDX,BANKNIFTY,18-Aug-2016,19200,CE,16.15,50.7,8.2,14.4,14.4,165288,1270800.91,398600,193360,17-AUG-2016,
OPTIDX,BANKNIFTY,18-Aug-2016,19300,CE,4.9,22.45,2.85,4.25,4.25,111279,859407.74,419920,218840,17-AUG-2016,
OPTIDX,BANKNIFTY,18-Aug-2016,19400,CE,1.3,8.2,1.05,1.4,1.4,70646,548281.3,291040,15440,17-AUG-2016,
OPTIDX,BANKNIFTY,18-Aug-2016,19500,CE,1.1,3,0.6,0.75,0.75,37840,295168.83,223960,-360,17-AUG-2016,
OPTIDX,BANKNIFTY,18-Aug-2016,19600,CE,0.9,1.8,0.05,0.5,0.5,3653,28640.46,34520,2080,17-AUG-2016,
OPTIDX,BANKNIFTY,18-Aug-2016,19700,CE,0.3,0.65,0.25,0.45,0.45,1482,11678.48,2760,760,17-AUG-2016,
OPTIDX,BANKNIFTY,18-Aug-2016,19800,CE,0.05,0.55,0.05,0.05,0.05,3,23.76,40,40,17-AUG-2016,
OPTIDX,BANKNIFTY,18-Aug-2016,19900,CE,0,0,0,93.55,0,0,0,0,0,17-AUG-2016,
OPTIDX,BANKNIFTY,18-Aug-2016,20000,CE,0.6,0.65,0.3,0.3,0.3,1925,15400.36,23560,1160,17-AUG-2016,
OPTIDX,BANKNIFTY,18-Aug-2016,20100,CE,0,0,0,112.4,0,0,0,0,0,17-AUG-2016,
OPTIDX,BANKNIFTY,18-Aug-2016,20200,CE,0,0,0,97.95,0,0,0,0,0,17-AUG-2016,
OPTIDX,BANKNIFTY,18-Aug-2016,20300,CE,0,0,0,0.55,0,0,0,40,0,17-AUG-2016,
OPTIDX,BANKNIFTY,18-Aug-2016,20400,CE,0,0,0,86.95,0,0,0,0,0,17-AUG-2016,
OPTIDX,BANKNIFTY,18-Aug-2016,20500,CE,0,0,0,0.1,0,0,0,120,0,17-AUG-2016,
OPTIDX,BANKNIFTY,18-Aug-2016,20600,CE,0,0,0,57.6,0,0,0,0,0,17-AUG-2016,
OPTIDX,BANKNIFTY,18-Aug-2016,20700,CE,0,0,0,15.45,0,0,0,0,0,17-AUG-2016,
OPTIDX,BANKNIFTY,18-Aug-2016,15800,PE,0,0,0,1,0,0,0,40,0,17-AUG-2016,
OPTIDX,BANKNIFTY,18-Aug-2016,15900,PE,0,0,0,84.7,0,0,0,0,0,17-AUG-2016,
OPTIDX,BANKNIFTY,18-Aug-2016,16000,PE,0,0,0,49.9,0,0,0,0,0,17-AUG-2016,
OPTIDX,BANKNIFTY,18-Aug-2016,16100,PE,0,0,0,79.15,0,0,0,0,0,17-AUG-2016,
OPTIDX,BANKNIFTY,18-Aug-2016,16200,PE,0,0,0,91.75,0,0,0,0,0,17-AUG-2016,
OPTIDX,BANKNIFTY,18-Aug-2016,16300,PE,0,0,0,105.95,0,0,0,0,0,17-AUG-2016,
OPTIDX,BANKNIFTY,18-Aug-2016,16400,PE,0,0,0,121.75,0,0,0,0,0,17-AUG-2016,
OPTIDX,BANKNIFTY,18-Aug-2016,16500,PE,0,0,0,139.25,0,0,0,0,0,17-AUG-2016,
OPTIDX,BANKNIFTY,18-Aug-2016,16600,PE,0,0,0,158.65,0,0,0,0,0,17-AUG-2016,
OPTIDX,BANKNIFTY,18-Aug-2016,16700,PE,0,0,0,180,0,0,0,0,0,17-AUG-2016,
OPTIDX,BANKNIFTY,18-Aug-2016,16800,PE,0,0,0,203.35,0,0,0,0,0,17-AUG-2016,
OPTIDX,BANKNIFTY,18-Aug-2016,16900,PE,0,0,0,229.4,0,0,0,0,0,17-AUG-2016,
OPTIDX,BANKNIFTY,18-Aug-2016,17000,PE,0.4,0.4,0.2,0.2,0.2,40,272,6600,0,17-AUG-2016,
OPTIDX,BANKNIFTY,18-Aug-2016,17100,PE,0.05,0.05,0.05,0.05,0.05,10,68.4,600,-400,17-AUG-2016,
OPTIDX,BANKNIFTY,18-Aug-2016,17200,PE,0.25,0.25,0.05,0.05,0.05,16,110.08,1000,-40,17-AUG-2016,
OPTIDX,BANKNIFTY,18-Aug-2016,17300,PE,0,0,0,353.7,0,0,0,0,0,17-AUG-2016,
OPTIDX,BANKNIFTY,18-Aug-2016,17400,PE,0,0,0,391,0,0,0,0,0,17-AUG-2016,
OPTIDX,BANKNIFTY,18-Aug-2016,17500,PE,0.15,0.45,0.15,0.25,0.25,62,434,13680,-1920,17-AUG-2016,
OPTIDX,BANKNIFTY,18-Aug-2016,17600,PE,0.1,0.1,0.1,0.1,0.1,20,140.8,1000,-800,17-AUG-2016,
OPTIDX,BANKNIFTY,18-Aug-2016,17700,PE,0.4,0.4,0.4,0.4,0.4,5,35.4,600,-200,17-AUG-2016,
OPTIDX,BANKNIFTY,18-Aug-2016,17800,PE,0.5,0.5,0.45,0.45,0.45,16,113.92,840,-40,17-AUG-2016,
OPTIDX,BANKNIFTY,18-Aug-2016,17900,PE,0.5,0.5,0.4,0.4,0.4,11,78.76,2160,0,17-AUG-2016,
OPTIDX,BANKNIFTY,18-Aug-2016,18000,PE,0.5,0.5,0.35,0.4,0.4,2675,19260.45,202160,-12200,17-AUG-2016,
OPTIDX,BANKNIFTY,18-Aug-2016,18100,PE,0.5,0.55,0.4,0.5,0.5,536,3880.74,40840,-2320,17-AUG-2016,
OPTIDX,BANKNIFTY,18-Aug-2016,18200,PE,1,1,0.25,0.55,0.55,3259,23726.12,75560,-51400,17-AUG-2016,
OPTIDX,BANKNIFTY,18-Aug-2016,18300,PE,0.6,0.9,0.35,0.6,0.6,3944,28870.98,183680,-28200,17-AUG-2016,
OPTIDX,BANKNIFTY,18-Aug-2016,18400,PE,1,1.3,0.5,0.6,0.6,11650,85747.73,169080,-64720,17-AUG-2016,
OPTIDX,BANKNIFTY,18-Aug-2016,18500,PE,2.8,3.4,0.75,0.95,0.95,29329,217055.55,318080,5160,17-AUG-2016,
OPTIDX,BANKNIFTY,18-Aug-2016,18600,PE,5.75,7.5,1.2,1.55,1.55,53395,397332.77,307160,86640,17-AUG-2016,
OPTIDX,BANKNIFTY,18-Aug-2016,18700,PE,11.7,16.15,2.35,3.25,3.25,87516,654872.36,429520,186920,17-AUG-2016,
OPTIDX,BANKNIFTY,18-Aug-2016,18800,PE,28,39.4,5.45,7.9,7.9,133756,1006651.49,447200,178320,17-AUG-2016,
OPTIDX,BANKNIFTY,18-Aug-2016,18900,PE,45.1,57.4,11.1,18.35,18.35,139625,1057271.42,384800,201040,17-AUG-2016,
OPTIDX,BANKNIFTY,18-Aug-2016,19000,PE,76.45,98.05,30.45,44.15,44.15,168882,1287598.85,345480,172760,17-AUG-2016,
OPTIDX,BANKNIFTY,18-Aug-2016,19100,PE,138.15,170,64.1,94.3,94.3,40028,307460.81,49920,15680,17-AUG-2016,
OPTIDX,BANKNIFTY,18-Aug-2016,19200,PE,206,242.05,113.75,174.95,174.95,7404,57361.84,63360,56280,17-AUG-2016,
OPTIDX,BANKNIFTY,18-Aug-2016,19300,PE,318,334.4,190.9,242.8,242.8,134,1048.08,2160,320,17-AUG-2016,
OPTIDX,BANKNIFTY,18-Aug-2016,19400,PE,352.75,435.05,330,349.2,349.2,12,94.87,80,-240,17-AUG-2016,
OPTIDX,BANKNIFTY,18-Aug-2016,19500,PE,417.35,536.25,417.35,459.5,459.5,20,159.85,40,0,17-AUG-2016,
OPTIDX,BANKNIFTY,18-Aug-2016,19600,PE,0,0,0,1546.65,555.15,0,0,0,0,17-AUG-2016,
OPTIDX,BANKNIFTY,18-Aug-2016,19700,PE,0,0,0,1531.7,655.1,0,0,0,0,17-AUG-2016,
OPTIDX,BANKNIFTY,18-Aug-2016,19800,PE,0,0,0,1373.1,755.05,0,0,0,0,17-AUG-2016,
OPTIDX,BANKNIFTY,18-Aug-2016,19900,PE,0,0,0,1458.1,855.05,0,0,0,0,17-AUG-2016,
OPTIDX,BANKNIFTY,18-Aug-2016,20000,PE,0,0,0,1544.75,955.05,0,0,0,0,17-AUG-2016,
OPTIDX,BANKNIFTY,18-Aug-2016,20100,PE,0,0,0,1403.1,1055,0,0,0,0,17-AUG-2016,
OPTIDX,BANKNIFTY,18-Aug-2016,20200,PE,0,0,0,1487.95,1155,0,0,0,0,17-AUG-2016,
OPTIDX,BANKNIFTY,18-Aug-2016,20300,PE,0,0,0,1574.35,1254.95,0,0,0,0,17-AUG-2016,
OPTIDX,BANKNIFTY,18-Aug-2016,20400,PE,0,0,0,1487.5,1354.95,0,0,0,0,17-AUG-2016,
OPTIDX,BANKNIFTY,18-Aug-2016,20500,PE,0,0,0,1574.85,1454.95,0,0,0,0,17-AUG-2016,
OPTIDX,BANKNIFTY,18-Aug-2016,20600,PE,0,0,0,1578.6,1554.9,0,0,0,0,17-AUG-2016,
OPTIDX,BANKNIFTY,18-Aug-2016,20700,PE,0,0,0,1557.75,1654.9,0,0,0,0,17-AUG-2016,
OPTIDX,BANKNIFTY,25-Aug-2016,15800,CE,3160,3209.9,3151.5,3151.5,3151.5,5,37.94,11400,80,17-AUG-2016,
OPTIDX,BANKNIFTY,25-Aug-2016,15900,CE,0,0,0,2901.1,3165.05,0,0,680,0,17-AUG-2016,
OPTIDX,BANKNIFTY,25-Aug-2016,16000,CE,3020,3020,2958.95,3010,3010,3,22.79,70680,-80,17-AUG-2016,
OPTIDX,BANKNIFTY,25-Aug-2016,16100,CE,0,0,0,1834.15,2965.35,0,0,0,0,17-AUG-2016,
OPTIDX,BANKNIFTY,25-Aug-2016,16200,CE,0,0,0,1762.05,2865.5,0,0,0,0,17-AUG-2016,
OPTIDX,BANKNIFTY,25-Aug-2016,16300,CE,0,0,0,1690.85,2765.65,0,0,0,0,17-AUG-2016,
OPTIDX,BANKNIFTY,25-Aug-2016,16400,CE,0,0,0,1620.6,2665.8,0,0,0,0,17-AUG-2016,
OPTIDX,BANKNIFTY,25-Aug-2016,16500,CE,2557,2557,2495,2495,2495,3,22.84,8040,-80,17-AUG-2016,
OPTIDX,BANKNIFTY,25-Aug-2016,16600,CE,0,0,0,2480,2466.1,0,0,0,0,17-AUG-2016,
OPTIDX,BANKNIFTY,25-Aug-2016,16700,CE,0,0,0,1422.1,2366.25,0,0,0,0,17-AUG-2016,
OPTIDX,BANKNIFTY,25-Aug-2016,16800,CE,0,0,0,1359.3,2266.4,0,0,0,0,17-AUG-2016,
OPTIDX,BANKNIFTY,25-Aug-2016,16900,CE,0,0,0,1298.25,2166.55,0,0,0,0,17-AUG-2016,
OPTIDX,BANKNIFTY,25-Aug-2016,17000,CE,2000,2050,1956.45,1956.45,1956.45,6,45.62,35920,80,17-AUG-2016,
OPTIDX,BANKNIFTY,25-Aug-2016,17100,CE,0,0,0,1181.35,1966.85,0,0,0,0,17-AUG-2016,
OPTIDX,BANKNIFTY,25-Aug-2016,17200,CE,0,0,0,1581.1,1867,0,0,1480,0,17-AUG-2016,
OPTIDX,BANKNIFTY,25-Aug-2016,17300,CE,0,0,0,1071.5,1767.15,0,0,0,0,17-AUG-2016,
OPTIDX,BANKNIFTY,25-Aug-2016,17400,CE,0,0,0,1320,1667.35,0,0,80,0,17-AUG-2016,
OPTIDX,BANKNIFTY,25-Aug-2016,17500,CE,1493.1,1620,1484.1,1484.1,1484.1,21,160.03,29920,-400,17-AUG-2016,
OPTIDX,BANKNIFTY,25-Aug-2016,17600,CE,0,0,0,919.85,1467.8,0,0,0,0,17-AUG-2016,
OPTIDX,BANKNIFTY,25-Aug-2016,17700,CE,0,0,0,872.85,1368.15,0,0,0,0,17-AUG-2016,
OPTIDX,BANKNIFTY,25-Aug-2016,17800,CE,0,0,0,827.55,1268.7,0,0,0,0,17-AUG-2016,
OPTIDX,BANKNIFTY,25-Aug-2016,17900,CE,0,0,0,783.95,1169.6,0,0,0,0,17-AUG-2016,
OPTIDX,BANKNIFTY,25-Aug-2016,18000,CE,1016,1147.55,981,1049.45,1049.45,119,906.56,61520,-3720,17-AUG-2016,
OPTIDX,BANKNIFTY,25-Aug-2016,18100,CE,959.7,959.7,959.7,959.7,959.7,1,7.62,520,0,17-AUG-2016,
OPTIDX,BANKNIFTY,25-Aug-2016,18200,CE,835,893.1,810,893.1,893.1,29,220.69,1840,1120,17-AUG-2016,
OPTIDX,BANKNIFTY,25-Aug-2016,18300,CE,773.95,773.95,773.95,773.95,773.95,1,7.62,600,0,17-AUG-2016,
OPTIDX,BANKNIFTY,25-Aug-2016,18400,CE,640,700,545.4,670,670,67,510.36,5600,2280,17-AUG-2016,
OPTIDX,BANKNIFTY,25-Aug-2016,18500,CE,555,680.5,513.15,588.6,588.6,878,6702.76,82080,-17000,17-AUG-2016,
OPTIDX,BANKNIFTY,25-Aug-2016,18600,CE,470.05,580,445,515,515,120,917.38,21800,240,17-AUG-2016,
OPTIDX,BANKNIFTY,25-Aug-2016,18700,CE,375,498.65,352,418.4,418.4,124,948.55,25920,-80,17-AUG-2016,
OPTIDX,BANKNIFTY,25-Aug-2016,18800,CE,302.85,417.3,286,343.45,343.45,520,3983.28,39160,-2360,17-AUG-2016,
OPTIDX,BANKNIFTY,25-Aug-2016,18900,CE,250.05,342.95,220.6,264.8,264.8,1850,14187.77,42080,-960,17-AUG-2016,
OPTIDX,BANKNIFTY,25-Aug-2016,19000,CE,200.9,275,165.1,208.8,208.8,25118,193030.37,429520,-31160,17-AUG-2016,
OPTIDX,BANKNIFTY,25-Aug-2016,19100,CE,160.05,214.95,123.8,157,157,9588,73898.53,93960,-7680,17-AUG-2016,
OPTIDX,BANKNIFTY,25-Aug-2016,19200,CE,120.75,164.9,85.45,115.45,115.45,15549,120178.85,215280,21960,17-AUG-2016,
OPTIDX,BANKNIFTY,25-Aug-2016,19300,CE,87.45,118.7,61,80.85,80.85,11127,86306.84,138280,7000,17-AUG-2016,
OPTIDX,BANKNIFTY,25-Aug-2016,19400,CE,52.9,84,42.05,55.95,55.95,5264,40978.39,71920,16760,17-AUG-2016,
OPTIDX,BANKNIFTY,25-Aug-2016,19500,CE,45.2,58.2,29.2,38.6,38.6,33643,262987.33,598960,53560,17-AUG-2016,
OPTIDX,BANKNIFTY,25-Aug-2016,19600,CE,26.3,39.25,19.4,25.05,25.05,2640,20727.31,49800,12400,17-AUG-2016,
OPTIDX,BANKNIFTY,25-Aug-2016,19700,CE,17,26.3,12.85,16.65,16.65,1767,13938.06,62800,16360,17-AUG-2016,
OPTIDX,BANKNIFTY,25-Aug-2016,19800,CE,13,17.05,8.75,11,11,1969,15604.26,56320,21240,17-AUG-2016,
OPTIDX,BANKNIFTY,25-Aug-2016,19900,CE,8.85,11.5,1.55,6.8,6.8,1062,8457.35,12000,2240,17-AUG-2016,
OPTIDX,BANKNIFTY,25-Aug-2016,20000,CE,6.4,8,4.3,5.1,5.1,1954,15636.71,305320,3480,17-AUG-2016,
OPTIDX,BANKNIFTY,25-Aug-2016,20100,CE,1.55,5.75,1.55,5.75,5.75,8,64.33,3040,-40,17-AUG-2016,
OPTIDX,BANKNIFTY,25-Aug-2016,20200,CE,4,4,4,4,4,3,24.24,6840,0,17-AUG-2016,
OPTIDX,BANKNIFTY,25-Aug-2016,20300,CE,0,0,0,5,1.85,0,0,1480,0,17-AUG-2016,
OPTIDX,BANKNIFTY,25-Aug-2016,20400,CE,2.5,2.5,2.5,2.5,2.5,1,8.16,560,-40,17-AUG-2016,
OPTIDX,BANKNIFTY,25-Aug-2016,20500,CE,1.55,5.95,1.55,2,2,439,3600.15,112680,-9240,17-AUG-2016,
OPTIDX,BANKNIFTY,25-Aug-2016,20600,CE,0,0,0,2.4,0.35,0,0,480,0,17-AUG-2016,
OPTIDX,BANKNIFTY,25-Aug-2016,20700,CE,0,0,0,8,0.2,0,0,40,0,17-AUG-2016,
OPTIDX,BANKNIFTY,25-Aug-2016,15800,PE,0.25,0.8,0.25,0.8,0.8,5,31.6,7400,-80,17-AUG-2016,
OPTIDX,BANKNIFTY,25-Aug-2016,15900,PE,0,0,0,1.25,0,0,0,640,0,17-AUG-2016,
OPTIDX,BANKNIFTY,25-Aug-2016,16000,PE,0.3,0.55,0.1,0.55,0.55,31,198.4,52600,-120,17-AUG-2016,
OPTIDX,BANKNIFTY,25-Aug-2016,16100,PE,0,0,0,287.65,0,0,0,0,0,17-AUG-2016,
OPTIDX,BANKNIFTY,25-Aug-2016,16200,PE,0,0,0,313.75,0,0,0,0,0,17-AUG-2016,
OPTIDX,BANKNIFTY,25-Aug-2016,16300,PE,0,0,0,340.8,0,0,0,0,0,17-AUG-2016,
OPTIDX,BANKNIFTY,25-Aug-2016,16400,PE,0,0,0,368.7,0,0,0,0,0,17-AUG-2016,
OPTIDX,BANKNIFTY,25-Aug-2016,16500,PE,1,1.7,0.35,1.5,1.5,24,158.4,17960,-160,17-AUG-2016,
OPTIDX,BANKNIFTY,25-Aug-2016,16600,PE,0,0,0,431.15,0,0,0,0,0,17-AUG-2016,
OPTIDX,BANKNIFTY,25-Aug-2016,16700,PE,0,0,0,464.85,0,0,0,0,0,17-AUG-2016,
OPTIDX,BANKNIFTY,25-Aug-2016,16800,PE,0,0,0,500.3,0,0,0,0,0,17-AUG-2016,
OPTIDX,BANKNIFTY,25-Aug-2016,16900,PE,0,0,0,4,0,0,0,0,0,17-AUG-2016,
OPTIDX,BANKNIFTY,25-Aug-2016,17000,PE,2,2.75,2,2.5,2.5,184,1251.35,59120,-4800,17-AUG-2016,
OPTIDX,BANKNIFTY,25-Aug-2016,17100,PE,0,0,0,4.95,0,0,0,4800,0,17-AUG-2016,
OPTIDX,BANKNIFTY,25-Aug-2016,17200,PE,0,0,0,3.05,0.05,0,0,7360,0,17-AUG-2016,
OPTIDX,BANKNIFTY,25-Aug-2016,17300,PE,0,0,0,11.2,0.05,0,0,1240,0,17-AUG-2016,
OPTIDX,BANKNIFTY,25-Aug-2016,17400,PE,0,0,0,2.15,0.05,0,0,3640,0,17-AUG-2016,
OPTIDX,BANKNIFTY,25-Aug-2016,17500,PE,3.7,4.4,2.5,3.1,3.1,764,5349,200080,6760,17-AUG-2016,
OPTIDX,BANKNIFTY,25-Aug-2016,17600,PE,2.6,3.95,2.5,3.95,3.95,15,105.61,18200,160,17-AUG-2016,
OPTIDX,BANKNIFTY,25-Aug-2016,17700,PE,3,4,2.7,3.6,3.6,85,601.91,16680,600,17-AUG-2016,
OPTIDX,BANKNIFTY,25-Aug-2016,17800,PE,6.2,7.2,4.5,4.5,4.5,22,156.68,22040,-760,17-AUG-2016,
OPTIDX,BANKNIFTY,25-Aug-2016,17900,PE,7.45,8.95,3.35,5.9,5.9,108,773.58,13200,1160,17-AUG-2016,
OPTIDX,BANKNIFTY,25-Aug-2016,18000,PE,12.2,13.95,6.95,9.5,9.5,9560,68872.34,484440,-13400,17-AUG-2016,
OPTIDX,BANKNIFTY,25-Aug-2016,18100,PE,13.7,16.3,8.45,11.3,11.3,950,6882.6,32400,5240,17-AUG-2016,
OPTIDX,BANKNIFTY,25-Aug-2016,18200,PE,17.9,21.5,10,14.15,14.15,1362,9924.17,67000,10680,17-AUG-2016,
OPTIDX,BANKNIFTY,25-Aug-2016,18300,PE,26,29.95,15,19,19,3230,23671.41,94000,2360,17-AUG-2016,
OPTIDX,BANKNIFTY,25-Aug-2016,18400,PE,36.2,38,19.95,24.85,24.85,5846,43096.56,94800,-20440,17-AUG-2016,
OPTIDX,BANKNIFTY,25-Aug-2016,18500,PE,38,49.2,26.6,33.85,33.85,38945,288780.11,620680,79280,17-AUG-2016,
OPTIDX,BANKNIFTY,25-Aug-2016,18600,PE,60.8,65,35.05,46.7,46.7,4441,33130.24,74040,4640,17-AUG-2016,
OPTIDX,BANKNIFTY,25-Aug-2016,18700,PE,90,90,48.25,63.7,63.7,9222,69221.13,108000,9160,17-AUG-2016,
OPTIDX,BANKNIFTY,25-Aug-2016,18800,PE,103.4,128,62.7,84.85,84.85,13099,98980.29,154640,-26440,17-AUG-2016,
OPTIDX,BANKNIFTY,25-Aug-2016,18900,PE,131.25,149.95,86.05,111.25,111.25,9803,74546.14,181800,111360,17-AUG-2016,
OPTIDX,BANKNIFTY,25-Aug-2016,19000,PE,188.9,195.9,116.05,147.4,147.4,34492,264279.07,307000,26200,17-AUG-2016,
OPTIDX,BANKNIFTY,25-Aug-2016,19100,PE,240,247.75,152,194.1,194.1,2125,16399.47,31320,9600,17-AUG-2016,
OPTIDX,BANKNIFTY,25-Aug-2016,19200,PE,279.05,305.5,200.1,247.7,247.7,831,6461.89,21720,4160,17-AUG-2016,
OPTIDX,BANKNIFTY,25-Aug-2016,19300,PE,355,370.8,257.55,310.55,310.55,173,1357.44,6760,-1200,17-AUG-2016,
OPTIDX,BANKNIFTY,25-Aug-2016,19400,PE,442.65,442.65,360,409.9,409.9,19,150.33,1920,440,17-AUG-2016,
OPTIDX,BANKNIFTY,25-Aug-2016,19500,PE,492.05,546,387.55,464.7,464.7,633,5055.36,36400,1480,17-AUG-2016,
OPTIDX,BANKNIFTY,25-Aug-2016,19600,PE,0,0,0,1548.95,571.3,0,0,0,0,17-AUG-2016,
OPTIDX,BANKNIFTY,25-Aug-2016,19700,PE,660,670,660,670,670,10,81.46,400,400,17-AUG-2016,
OPTIDX,BANKNIFTY,25-Aug-2016,19800,PE,0,0,0,809.85,748.55,0,0,80,0,17-AUG-2016,
OPTIDX,BANKNIFTY,25-Aug-2016,19900,PE,0,0,0,951,841.7,0,0,40,0,17-AUG-2016,
OPTIDX,BANKNIFTY,25-Aug-2016,20000,PE,990,1011,819.25,945,945,53,443.65,34360,-1120,17-AUG-2016,
OPTIDX,BANKNIFTY,25-Aug-2016,20100,PE,0,0,0,1425,1033.75,0,0,1080,0,17-AUG-2016,
OPTIDX,BANKNIFTY,25-Aug-2016,20200,PE,0,0,0,1493.75,1131.6,0,0,0,0,17-AUG-2016,
OPTIDX,BANKNIFTY,25-Aug-2016,20300,PE,0,0,0,1577.7,1230.2,0,0,0,0,17-AUG-2016,
OPTIDX,BANKNIFTY,25-Aug-2016,20400,PE,0,0,0,1492.35,1329.3,0,0,0,0,17-AUG-2016,
OPTIDX,BANKNIFTY,25-Aug-2016,20500,PE,1326.25,1326.25,1326.25,1326.25,1326.25,1,8.73,5440,0,17-AUG-2016,
OPTIDX,BANKNIFTY,25-Aug-2016,20600,PE,0,0,0,1578.35,1528.3,0,0,0,0,17-AUG-2016,
OPTIDX,BANKNIFTY,25-Aug-2016,20700,PE,0,0,0,1547.85,1628,0,0,0,0,17-AUG-2016,
OPTIDX,BANKNIFTY,01-Sep-2016,15800,CE,0,0,0,1932.85,3285.55,0,0,0,0,17-AUG-2016,
OPTIDX,BANKNIFTY,01-Sep-2016,15900,CE,0,0,0,1848.45,3185.85,0,0,0,0,17-AUG-2016,
OPTIDX,BANKNIFTY,01-Sep-2016,16000,CE,0,0,0,1765.6,3086.1,0,0,0,0,17-AUG-2016,
OPTIDX,BANKNIFTY,01-Sep-2016,16100,CE,0,0,0,1684.3,2986.4,0,0,0,0,17-AUG-2016,
OPTIDX,BANKNIFTY,01-Sep-2016,16200,CE,0,0,0,1604.7,2886.7,0,0,0,0,17-AUG-2016,
OPTIDX,BANKNIFTY,01-Sep-2016,16300,CE,0,0,0,1889.1,2786.95,0,0,0,0,17-AUG-2016,
OPTIDX,BANKNIFTY,01-Sep-2016,16400,CE,0,0,0,1802.65,2687.25,0,0,0,0,17-AUG-2016,
OPTIDX,BANKNIFTY,01-Sep-2016,16500,CE,0,0,0,1717.6,2587.5,0,0,0,0,17-AUG-2016,
OPTIDX,BANKNIFTY,01-Sep-2016,16600,CE,0,0,0,1634.15,2487.8,0,0,0,0,17-AUG-2016,
OPTIDX,BANKNIFTY,01-Sep-2016,16700,CE,0,0,0,1552.4,2388.1,0,0,0,0,17-AUG-2016,
OPTIDX,BANKNIFTY,01-Sep-2016,16800,CE,0,0,0,1472.45,2288.4,0,0,0,0,17-AUG-2016,
OPTIDX,BANKNIFTY,01-Sep-2016,16900,CE,0,0,0,1394.4,2188.7,0,0,0,0,17-AUG-2016,
OPTIDX,BANKNIFTY,01-Sep-2016,17000,CE,0,0,0,1318.3,2089.05,0,0,0,0,17-AUG-2016,
OPTIDX,BANKNIFTY,01-Sep-2016,17100,CE,0,0,0,1244.95,1989.45,0,0,0,0,17-AUG-2016,
OPTIDX,BANKNIFTY,01-Sep-2016,17200,CE,0,0,0,1172.25,1889.95,0,0,0,0,17-AUG-2016,
OPTIDX,BANKNIFTY,01-Sep-2016,17300,CE,0,0,0,1102.7,1790.5,0,0,0,0,17-AUG-2016,
OPTIDX,BANKNIFTY,01-Sep-2016,17400,CE,0,0,0,1035.45,1691.3,0,0,0,0,17-AUG-2016,
OPTIDX,BANKNIFTY,01-Sep-2016,17500,CE,0,0,0,970.6,1592.35,0,0,0,0,17-AUG-2016,
OPTIDX,BANKNIFTY,01-Sep-2016,17600,CE,0,0,0,908.2,1493.8,0,0,0,0,17-AUG-2016,
OPTIDX,BANKNIFTY,01-Sep-2016,17700,CE,0,0,0,848.25,1395.8,0,0,0,0,17-AUG-2016,
OPTIDX,BANKNIFTY,01-Sep-2016,17800,CE,0,0,0,790.8,1298.6,0,0,0,0,17-AUG-2016,
OPTIDX,BANKNIFTY,01-Sep-2016,17900,CE,0,0,0,735.9,1202.4,0,0,0,0,17-AUG-2016,
OPTIDX,BANKNIFTY,01-Sep-2016,18000,CE,0,0,0,683.5,1107.55,0,0,0,0,17-AUG-2016,
OPTIDX,BANKNIFTY,01-Sep-2016,18100,CE,0,0,0,633.6,1014.45,0,0,0,0,17-AUG-2016,
OPTIDX,BANKNIFTY,01-Sep-2016,18200,CE,0,0,0,586.25,923.45,0,0,0,0,17-AUG-2016,
OPTIDX,BANKNIFTY,01-Sep-2016,18300,CE,0,0,0,541.45,835.05,0,0,0,0,17-AUG-2016,
OPTIDX,BANKNIFTY,01-Sep-2016,18400,CE,0,0,0,499.1,749.8,0,0,0,0,17-AUG-2016,
OPTIDX,BANKNIFTY,01-Sep-2016,18500,CE,0,0,0,459.15,668.1,0,0,0,0,17-AUG-2016,
OPTIDX,BANKNIFTY,01-Sep-2016,18600,CE,0,0,0,421.6,590.45,0,0,0,0,17-AUG-2016,
OPTIDX,BANKNIFTY,01-Sep-2016,18700,CE,0,0,0,386.35,517.3,0,0,0,0,17-AUG-2016,
OPTIDX,BANKNIFTY,01-Sep-2016,18800,CE,0,0,0,353.35,449.2,0,0,0,0,17-AUG-2016,
OPTIDX,BANKNIFTY,01-Sep-2016,18900,CE,0,0,0,322.55,386.4,0,0,0,0,17-AUG-2016,
OPTIDX,BANKNIFTY,01-Sep-2016,19000,CE,0,0,0,293.85,329.1,0,0,0,0,17-AUG-2016,
OPTIDX,BANKNIFTY,01-Sep-2016,19100,CE,230,290,230,290,290,2,15.48,0,0,17-AUG-2016,
OPTIDX,BANKNIFTY,01-Sep-2016,19200,CE,0,0,0,243.35,231.35,0,0,0,0,17-AUG-2016,
OPTIDX,BANKNIFTY,01-Sep-2016,19300,CE,0,0,0,219.9,190.85,0,0,0,0,17-AUG-2016,
OPTIDX,BANKNIFTY,01-Sep-2016,19400,CE,0,0,0,198.85,155.7,0,0,0,0,17-AUG-2016,
OPTIDX,BANKNIFTY,01-Sep-2016,19500,CE,99,99.95,86,99.95,99.95,12,94.07,320,320,17-AUG-2016,
OPTIDX,BANKNIFTY,01-Sep-2016,19600,CE,0,0,0,165.95,100.25,0,0,0,0,17-AUG-2016,
OPTIDX,BANKNIFTY,01-Sep-2016,19700,CE,0,0,0,157.55,79,0,0,0,0,17-AUG-2016,
OPTIDX,BANKNIFTY,01-Sep-2016,19800,CE,0,0,0,174.65,61.5,0,0,0,0,17-AUG-2016,
OPTIDX,BANKNIFTY,01-Sep-2016,19900,CE,0,0,0,156.05,47.3,0,0,0,0,17-AUG-2016,
OPTIDX,BANKNIFTY,01-Sep-2016,20000,CE,0,0,0,139.1,35.95,0,0,0,0,17-AUG-2016,
OPTIDX,BANKNIFTY,01-Sep-2016,20100,CE,0,0,0,182.95,26.95,0,0,0,0,17-AUG-2016,
OPTIDX,BANKNIFTY,01-Sep-2016,20200,CE,0,0,0,164.1,20,0,0,0,0,17-AUG-2016,
OPTIDX,BANKNIFTY,01-Sep-2016,20300,CE,0,0,0,146.9,14.65,0,0,0,0,17-AUG-2016,
OPTIDX,BANKNIFTY,01-Sep-2016,20400,CE,0,0,0,151.85,10.55,0,0,0,0,17-AUG-2016,
OPTIDX,BANKNIFTY,01-Sep-2016,20500,CE,0,0,0,135.35,7.55,0,0,0,0,17-AUG-2016,
OPTIDX,BANKNIFTY,01-Sep-2016,20600,CE,0,0,0,113.55,5.3,0,0,0,0,17-AUG-2016,
OPTIDX,BANKNIFTY,01-Sep-2016,20700,CE,0,0,0,53.85,3.7,0,0,0,0,17-AUG-2016,
OPTIDX,BANKNIFTY,01-Sep-2016,15800,PE,0,0,0,102.2,0,0,0,0,0,17-AUG-2016,
OPTIDX,BANKNIFTY,01-Sep-2016,15900,PE,0,0,0,116.55,0,0,0,0,0,17-AUG-2016,
OPTIDX,BANKNIFTY,01-Sep-2016,16000,PE,0,0,0,132.35,0,0,0,0,0,17-AUG-2016,
OPTIDX,BANKNIFTY,01-Sep-2016,16100,PE,0,0,0,149.8,0,0,0,0,0,17-AUG-2016,
OPTIDX,BANKNIFTY,01-Sep-2016,16200,PE,0,0,0,168.85,0,0,0,0,0,17-AUG-2016,
OPTIDX,BANKNIFTY,01-Sep-2016,16300,PE,0,0,0,75.9,0,0,0,0,0,17-AUG-2016,
OPTIDX,BANKNIFTY,01-Sep-2016,16400,PE,0,0,0,88.05,0,0,0,0,0,17-AUG-2016,
OPTIDX,BANKNIFTY,01-Sep-2016,16500,PE,0,0,0,101.7,0.05,0,0,0,0,17-AUG-2016,
OPTIDX,BANKNIFTY,01-Sep-2016,16600,PE,0,0,0,116.9,0.05,0,0,0,0,17-AUG-2016,
OPTIDX,BANKNIFTY,01-Sep-2016,16700,PE,0,0,0,133.8,0.05,0,0,0,0,17-AUG-2016,
OPTIDX,BANKNIFTY,01-Sep-2016,16800,PE,0,0,0,152.5,0.05,0,0,0,0,17-AUG-2016,
OPTIDX,BANKNIFTY,01-Sep-2016,16900,PE,0,0,0,173.05,0.1,0,0,0,0,17-AUG-2016,
OPTIDX,BANKNIFTY,01-Sep-2016,17000,PE,0,0,0,195.65,0.15,0,0,0,0,17-AUG-2016,
OPTIDX,BANKNIFTY,01-Sep-2016,17100,PE,0,0,0,220.9,0.3,0,0,0,0,17-AUG-2016,
OPTIDX,BANKNIFTY,01-Sep-2016,17200,PE,0,0,0,246.85,0.45,0,0,0,0,17-AUG-2016,
OPTIDX,BANKNIFTY,01-Sep-2016,17300,PE,0,0,0,275.95,0.8,0,0,0,0,17-AUG-2016,
OPTIDX,BANKNIFTY,01-Sep-2016,17400,PE,0,0,0,307.35,1.3,0,0,0,0,17-AUG-2016,
OPTIDX,BANKNIFTY,01-Sep-2016,17500,PE,0,0,0,341.15,2.05,0,0,0,0,17-AUG-2016,
OPTIDX,BANKNIFTY,01-Sep-2016,17600,PE,0,0,0,377.4,3.2,0,0,0,0,17-AUG-2016,
OPTIDX,BANKNIFTY,01-Sep-2016,17700,PE,0,0,0,416.1,4.95,0,0,0,0,17-AUG-2016,
OPTIDX,BANKNIFTY,01-Sep-2016,17800,PE,0,0,0,457.3,7.45,0,0,0,0,17-AUG-2016,
OPTIDX,BANKNIFTY,01-Sep-2016,17900,PE,0,0,0,501.05,11,0,0,0,0,17-AUG-2016,
OPTIDX,BANKNIFTY,01-Sep-2016,18000,PE,0,0,0,547.3,15.85,0,0,0,0,17-AUG-2016,
OPTIDX,BANKNIFTY,01-Sep-2016,18100,PE,0,0,0,596,22.45,0,0,0,0,17-AUG-2016,
OPTIDX,BANKNIFTY,01-Sep-2016,18200,PE,0,0,0,647.35,31.2,0,0,0,0,17-AUG-2016,
OPTIDX,BANKNIFTY,01-Sep-2016,18300,PE,0,0,0,701.15,42.55,0,0,0,0,17-AUG-2016,
OPTIDX,BANKNIFTY,01-Sep-2016,18400,PE,0,0,0,757.45,56.95,0,0,0,0,17-AUG-2016,
OPTIDX,BANKNIFTY,01-Sep-2016,18500,PE,0,0,0,816.15,75,0,0,0,0,17-AUG-2016,
OPTIDX,BANKNIFTY,01-Sep-2016,18600,PE,0,0,0,877.25,97.1,0,0,0,0,17-AUG-2016,
OPTIDX,BANKNIFTY,01-Sep-2016,18700,PE,0,0,0,350,123.6,0,0,0,0,17-AUG-2016,
OPTIDX,BANKNIFTY,01-Sep-2016,18800,PE,0,0,0,1006.3,155.25,0,0,0,0,17-AUG-2016,
OPTIDX,BANKNIFTY,01-Sep-2016,18900,PE,0,0,0,1074.15,192.15,0,0,0,0,17-AUG-2016,
OPTIDX,BANKNIFTY,01-Sep-2016,19000,PE,230,230,230,230,230,1,7.69,40,40,17-AUG-2016,
OPTIDX,BANKNIFTY,01-Sep-2016,19100,PE,0,0,0,1216.1,282.6,0,0,0,0,17-AUG-2016,
OPTIDX,BANKNIFTY,01-Sep-2016,19200,PE,0,0,0,1290.9,336.3,0,0,0,0,17-AUG-2016,
OPTIDX,BANKNIFTY,01-Sep-2016,19300,PE,0,0,0,1366.1,395.5,0,0,0,0,17-AUG-2016,
OPTIDX,BANKNIFTY,01-Sep-2016,19400,PE,0,0,0,1443.65,460.1,0,0,0,0,17-AUG-2016,
OPTIDX,BANKNIFTY,01-Sep-2016,19500,PE,0,0,0,1522.9,529.65,0,0,0,0,17-AUG-2016,
OPTIDX,BANKNIFTY,01-Sep-2016,19600,PE,0,0,0,1551.95,604.05,0,0,0,0,17-AUG-2016,
OPTIDX,BANKNIFTY,01-Sep-2016,19700,PE,0,0,0,1535.75,682.55,0,0,0,0,17-AUG-2016,
OPTIDX,BANKNIFTY,01-Sep-2016,19800,PE,0,0,0,1387.2,764.75,0,0,0,0,17-AUG-2016,
OPTIDX,BANKNIFTY,01-Sep-2016,19900,PE,0,0,0,1467.6,850.3,0,0,0,0,17-AUG-2016,
OPTIDX,BANKNIFTY,01-Sep-2016,20000,PE,0,0,0,1549.7,938.65,0,0,0,0,17-AUG-2016,
OPTIDX,BANKNIFTY,01-Sep-2016,20100,PE,0,0,0,1420.25,1029.4,0,0,0,0,17-AUG-2016,
OPTIDX,BANKNIFTY,01-Sep-2016,20200,PE,0,0,0,1500.45,1122.1,0,0,0,0,17-AUG-2016,
OPTIDX,BANKNIFTY,01-Sep-2016,20300,PE,0,0,0,1582.25,1216.5,0,0,0,0,17-AUG-2016,
OPTIDX,BANKNIFTY,01-Sep-2016,20400,PE,0,0,0,1498.4,1312.15,0,0,0,0,17-AUG-2016,
OPTIDX,BANKNIFTY,01-Sep-2016,20500,PE,0,0,0,1580.95,1408.85,0,0,0,0,17-AUG-2016,
OPTIDX,BANKNIFTY,01-Sep-2016,20600,PE,0,0,0,1579.95,1506.35,0,0,0,0,17-AUG-2016,
OPTIDX,BANKNIFTY,01-Sep-2016,20700,PE,0,0,0,1539.85,1604.45,0,0,0,0,17-AUG-2016,
OPTIDX,BANKNIFTY,08-Sep-2016,16400,CE,0,0,0,1856.45,2708.7,0,0,0,0,17-AUG-2016,
OPTIDX,BANKNIFTY,08-Sep-2016,16500,CE,0,0,0,1850.1,2609.15,0,0,0,0,17-AUG-2016,
OPTIDX,BANKNIFTY,08-Sep-2016,16600,CE,0,0,0,1762.6,2509.65,0,0,0,0,17-AUG-2016,
OPTIDX,BANKNIFTY,08-Sep-2016,16700,CE,0,0,0,1676.6,2410.15,0,0,0,0,17-AUG-2016,
OPTIDX,BANKNIFTY,08-Sep-2016,16800,CE,0,0,0,1592.15,2310.7,0,0,0,0,17-AUG-2016,
OPTIDX,BANKNIFTY,08-Sep-2016,16900,CE,0,0,0,1509.45,2211.4,0,0,0,0,17-AUG-2016,
OPTIDX,BANKNIFTY,08-Sep-2016,17000,CE,0,0,0,1428.6,2112.15,0,0,0,0,17-AUG-2016,
OPTIDX,BANKNIFTY,08-Sep-2016,17100,CE,0,0,0,1349.7,2013.15,0,0,0,0,17-AUG-2016,
OPTIDX,BANKNIFTY,08-Sep-2016,17200,CE,0,0,0,1272.85,1914.35,0,0,0,0,17-AUG-2016,
OPTIDX,BANKNIFTY,08-Sep-2016,17300,CE,0,0,0,1198.85,1815.9,0,0,0,0,17-AUG-2016,
OPTIDX,BANKNIFTY,08-Sep-2016,17400,CE,0,0,0,1126.25,1717.85,0,0,0,0,17-AUG-2016,
OPTIDX,BANKNIFTY,08-Sep-2016,17500,CE,0,0,0,1055.4,1620.4,0,0,0,0,17-AUG-2016,
OPTIDX,BANKNIFTY,08-Sep-2016,17600,CE,0,0,0,987.8,1523.75,0,0,0,0,17-AUG-2016,
OPTIDX,BANKNIFTY,08-Sep-2016,17700,CE,0,0,0,922.7,1428,0,0,0,0,17-AUG-2016,
OPTIDX,BANKNIFTY,08-Sep-2016,17800,CE,0,0,0,860.15,1333.45,0,0,0,0,17-AUG-2016,
OPTIDX,BANKNIFTY,08-Sep-2016,17900,CE,0,0,0,800.2,1240.3,0,0,0,0,17-AUG-2016,
OPTIDX,BANKNIFTY,08-Sep-2016,18000,CE,0,0,0,742.9,1148.95,0,0,0,0,17-AUG-2016,
OPTIDX,BANKNIFTY,08-Sep-2016,18100,CE,0,0,0,688.25,1059.6,0,0,0,0,17-AUG-2016,
OPTIDX,BANKNIFTY,08-Sep-2016,18200,CE,0,0,0,636.3,972.6,0,0,0,0,17-AUG-2016,
OPTIDX,BANKNIFTY,08-Sep-2016,18300,CE,0,0,0,586.9,888.35,0,0,0,0,17-AUG-2016,
OPTIDX,BANKNIFTY,08-Sep-2016,18400,CE,0,0,0,599,807.15,0,0,0,0,17-AUG-2016,
OPTIDX,BANKNIFTY,08-Sep-2016,18500,CE,0,0,0,496.3,729.35,0,0,0,0,17-AUG-2016,
OPTIDX,BANKNIFTY,08-Sep-2016,18600,CE,0,0,0,454.85,655.1,0,0,0,0,17-AUG-2016,
OPTIDX,BANKNIFTY,08-Sep-2016,18700,CE,0,0,0,416,585.05,0,0,0,0,17-AUG-2016,
OPTIDX,BANKNIFTY,08-Sep-2016,18800,CE,0,0,0,390,519.2,0,0,0,0,17-AUG-2016,
OPTIDX,BANKNIFTY,08-Sep-2016,18900,CE,0,0,0,360,457.85,0,0,0,0,17-AUG-2016,
OPTIDX,BANKNIFTY,08-Sep-2016,19000,CE,0,0,0,314,401.05,0,0,0,0,17-AUG-2016,
OPTIDX,BANKNIFTY,08-Sep-2016,19100,CE,0,0,0,284.65,348.85,0,0,0,0,17-AUG-2016,
OPTIDX,BANKNIFTY,08-Sep-2016,19200,CE,0,0,0,257.45,301.3,0,0,0,0,17-AUG-2016,
OPTIDX,BANKNIFTY,08-Sep-2016,19300,CE,0,0,0,233.2,258.4,0,0,0,0,17-AUG-2016,
OPTIDX,BANKNIFTY,08-Sep-2016,19400,CE,0,0,0,209.5,219.95,0,0,0,0,17-AUG-2016,
OPTIDX,BANKNIFTY,08-Sep-2016,19500,CE,200,200,192,192,192,3,23.63,120,120,17-AUG-2016,
OPTIDX,BANKNIFTY,08-Sep-2016,19600,CE,0,0,0,168.85,155.85,0,0,0,0,17-AUG-2016,
OPTIDX,BANKNIFTY,08-Sep-2016,19700,CE,0,0,0,151.05,130.55,0,0,0,0,17-AUG-2016,
OPTIDX,BANKNIFTY,08-Sep-2016,19800,CE,0,0,0,208.55,107.25,0,0,0,0,17-AUG-2016,
OPTIDX,BANKNIFTY,08-Sep-2016,19900,CE,0,0,0,188.2,87.9,0,0,0,0,17-AUG-2016,
OPTIDX,BANKNIFTY,08-Sep-2016,20000,CE,0,0,0,169.5,71.45,0,0,0,0,17-AUG-2016,
OPTIDX,BANKNIFTY,08-Sep-2016,20100,CE,0,0,0,218.65,57.6,0,0,0,0,17-AUG-2016,
OPTIDX,BANKNIFTY,08-Sep-2016,20200,CE,0,0,0,198.05,46.1,0,0,0,0,17-AUG-2016,
OPTIDX,BANKNIFTY,08-Sep-2016,20300,CE,0,0,0,179.05,36.6,0,0,0,0,17-AUG-2016,
OPTIDX,BANKNIFTY,08-Sep-2016,20400,CE,0,0,0,185.35,28.8,0,0,0,0,17-AUG-2016,
OPTIDX,BANKNIFTY,08-Sep-2016,20500,CE,0,0,0,167,22.5,0,0,0,0,17-AUG-2016,
OPTIDX,BANKNIFTY,08-Sep-2016,20600,CE,0,0,0,143.55,17.4,0,0,0,0,17-AUG-2016,
OPTIDX,BANKNIFTY,08-Sep-2016,20700,CE,0,0,0,77.6,13.4,0,0,0,0,17-AUG-2016,
OPTIDX,BANKNIFTY,08-Sep-2016,16400,PE,0,0,0,51.5,0.1,0,0,0,0,17-AUG-2016,
OPTIDX,BANKNIFTY,08-Sep-2016,16500,PE,0,0,0,65.9,0.1,0,0,0,0,17-AUG-2016,
OPTIDX,BANKNIFTY,08-Sep-2016,16600,PE,0,0,0,77.2,0.2,0,0,0,0,17-AUG-2016,
OPTIDX,BANKNIFTY,08-Sep-2016,16700,PE,0,0,0,90,0.3,0,0,0,0,17-AUG-2016,
OPTIDX,BANKNIFTY,08-Sep-2016,16800,PE,0,0,0,104.35,0.45,0,0,0,0,17-AUG-2016,
OPTIDX,BANKNIFTY,08-Sep-2016,16900,PE,0,0,0,120.45,0.7,0,0,0,0,17-AUG-2016,
OPTIDX,BANKNIFTY,08-Sep-2016,17000,PE,0,0,0,138.4,1.1,0,0,0,0,17-AUG-2016,
OPTIDX,BANKNIFTY,08-Sep-2016,17100,PE,0,0,0,158.25,1.65,0,0,0,0,17-AUG-2016,
OPTIDX,BANKNIFTY,08-Sep-2016,17200,PE,0,0,0,180.2,2.45,0,0,0,0,17-AUG-2016,
OPTIDX,BANKNIFTY,08-Sep-2016,17300,PE,0,0,0,205,3.55,0,0,0,0,17-AUG-2016,
OPTIDX,BANKNIFTY,08-Sep-2016,17400,PE,0,0,0,231.2,5.1,0,0,0,0,17-AUG-2016,
OPTIDX,BANKNIFTY,08-Sep-2016,17500,PE,0,0,0,259.15,7.3,0,0,0,0,17-AUG-2016,
OPTIDX,BANKNIFTY,08-Sep-2016,17600,PE,0,0,0,290.35,10.2,0,0,0,0,17-AUG-2016,
OPTIDX,BANKNIFTY,08-Sep-2016,17700,PE,0,0,0,324,14.05,0,0,0,0,17-AUG-2016,
OPTIDX,BANKNIFTY,08-Sep-2016,17800,PE,0,0,0,360.25,19.05,0,0,0,0,17-AUG-2016,
OPTIDX,BANKNIFTY,08-Sep-2016,17900,PE,0,0,0,399.1,25.55,0,0,0,0,17-AUG-2016,
OPTIDX,BANKNIFTY,08-Sep-2016,18000,PE,0,0,0,440.6,33.75,0,0,0,0,17-AUG-2016,
OPTIDX,BANKNIFTY,08-Sep-2016,18100,PE,0,0,0,484.75,43.95,0,0,0,0,17-AUG-2016,
OPTIDX,BANKNIFTY,08-Sep-2016,18200,PE,0,0,0,531.55,56.6,0,0,0,0,17-AUG-2016,
OPTIDX,BANKNIFTY,08-Sep-2016,18300,PE,0,0,0,581,71.9,0,0,0,0,17-AUG-2016,
OPTIDX,BANKNIFTY,08-Sep-2016,18400,PE,0,0,0,633.15,90.3,0,0,0,0,17-AUG-2016,
OPTIDX,BANKNIFTY,08-Sep-2016,18500,PE,0,0,0,687.95,112.1,0,0,0,0,17-AUG-2016,
OPTIDX,BANKNIFTY,08-Sep-2016,18600,PE,0,0,0,745.3,137.45,0,0,0,0,17-AUG-2016,
OPTIDX,BANKNIFTY,08-Sep-2016,18700,PE,0,0,0,805.25,166.95,0,0,0,0,17-AUG-2016,
OPTIDX,BANKNIFTY,08-Sep-2016,18800,PE,0,0,0,867.65,200.75,0,0,0,0,17-AUG-2016,
OPTIDX,BANKNIFTY,08-Sep-2016,18900,PE,0,0,0,932.45,238.95,0,0,0,0,17-AUG-2016,
OPTIDX,BANKNIFTY,08-Sep-2016,19000,PE,0,0,0,999.65,281.7,0,0,0,0,17-AUG-2016,
OPTIDX,BANKNIFTY,08-Sep-2016,19100,PE,0,0,0,1069.05,329.15,0,0,0,0,17-AUG-2016,
OPTIDX,BANKNIFTY,08-Sep-2016,19200,PE,0,0,0,1140.65,381.15,0,0,0,0,17-AUG-2016,
OPTIDX,BANKNIFTY,08-Sep-2016,19300,PE,0,0,0,1215.2,437.85,0,0,0,0,17-AUG-2016,
OPTIDX,BANKNIFTY,08-Sep-2016,19400,PE,0,0,0,1290.3,499,0,0,0,0,17-AUG-2016,
OPTIDX,BANKNIFTY,08-Sep-2016,19500,PE,0,0,0,1367.85,564.5,0,0,0,0,17-AUG-2016,
OPTIDX,BANKNIFTY,08-Sep-2016,19600,PE,0,0,0,1447.2,634.05,0,0,0,0,17-AUG-2016,
OPTIDX,BANKNIFTY,08-Sep-2016,19700,PE,0,0,0,1528.2,708.4,0,0,0,0,17-AUG-2016,
OPTIDX,BANKNIFTY,08-Sep-2016,19800,PE,0,0,0,1394.8,784.65,0,0,0,0,17-AUG-2016,
OPTIDX,BANKNIFTY,08-Sep-2016,19900,PE,0,0,0,1473.35,864.85,0,0,0,0,17-AUG-2016,
OPTIDX,BANKNIFTY,08-Sep-2016,20000,PE,0,0,0,1553.5,948.05,0,0,0,0,17-AUG-2016,
OPTIDX,BANKNIFTY,08-Sep-2016,20100,PE,0,0,0,1429.35,1033.8,0,0,0,0,17-AUG-2016,
OPTIDX,BANKNIFTY,08-Sep-2016,20200,PE,0,0,0,1507.65,1121.85,0,0,0,0,17-AUG-2016,
OPTIDX,BANKNIFTY,08-Sep-2016,20300,PE,0,0,0,1587.55,1211.95,0,0,0,0,17-AUG-2016,
OPTIDX,BANKNIFTY,08-Sep-2016,20400,PE,0,0,0,1504.9,1303.75,0,0,0,0,17-AUG-2016,
OPTIDX,BANKNIFTY,08-Sep-2016,20500,PE,0,0,0,1585.5,1397,0,0,0,0,17-AUG-2016,
OPTIDX,BANKNIFTY,08-Sep-2016,20600,PE,0,0,0,1582.8,1491.55,0,0,0,0,17-AUG-2016,
OPTIDX,BANKNIFTY,08-Sep-2016,20700,PE,0,0,0,1536.2,1587.1,0,0,0,0,17-AUG-2016,
OPTIDX,BANKNIFTY,15-Sep-2016,17000,CE,0,0,0,1764.4,2136.45,0,0,0,0,17-AUG-2016,
OPTIDX,BANKNIFTY,15-Sep-2016,17100,CE,0,0,0,1819.9,2038.3,0,0,0,0,17-AUG-2016,
OPTIDX,BANKNIFTY,15-Sep-2016,17200,CE,0,0,0,1732.15,1940.55,0,0,0,0,17-AUG-2016,
OPTIDX,BANKNIFTY,15-Sep-2016,17300,CE,0,0,0,1871.7,1843.3,0,0,0,0,17-AUG-2016,
OPTIDX,BANKNIFTY,15-Sep-2016,17400,CE,0,0,0,1787.3,1746.75,0,0,0,0,17-AUG-2016,
OPTIDX,BANKNIFTY,15-Sep-2016,17500,CE,0,0,0,1704.5,1651.05,0,0,0,0,17-AUG-2016,
OPTIDX,BANKNIFTY,15-Sep-2016,17600,CE,0,0,0,1623.3,1556.3,0,0,0,0,17-AUG-2016,
OPTIDX,BANKNIFTY,15-Sep-2016,17700,CE,0,0,0,1543.85,1462.75,0,0,0,0,17-AUG-2016,
OPTIDX,BANKNIFTY,15-Sep-2016,17800,CE,0,0,0,1466.15,1370.65,0,0,0,0,17-AUG-2016,
OPTIDX,BANKNIFTY,15-Sep-2016,17900,CE,0,0,0,1390.4,1280.2,0,0,0,0,17-AUG-2016,
OPTIDX,BANKNIFTY,15-Sep-2016,18000,CE,0,0,0,1317.25,1191.6,0,0,0,0,17-AUG-2016,
OPTIDX,BANKNIFTY,15-Sep-2016,18100,CE,0,0,0,1244.6,1105.15,0,0,0,0,17-AUG-2016,
OPTIDX,BANKNIFTY,15-Sep-2016,18200,CE,0,0,0,1175.05,1021.1,0,0,0,0,17-AUG-2016,
OPTIDX,BANKNIFTY,15-Sep-2016,18300,CE,0,0,0,1107.65,939.75,0,0,0,0,17-AUG-2016,
OPTIDX,BANKNIFTY,15-Sep-2016,18400,CE,0,0,0,1042.5,861.3,0,0,0,0,17-AUG-2016,
OPTIDX,BANKNIFTY,15-Sep-2016,18500,CE,0,0,0,979.6,786.75,0,0,0,0,17-AUG-2016,
OPTIDX,BANKNIFTY,15-Sep-2016,18600,CE,0,0,0,919.05,714,0,0,0,0,17-AUG-2016,
OPTIDX,BANKNIFTY,15-Sep-2016,18700,CE,0,0,0,860.85,645.75,0,0,0,0,17-AUG-2016,
OPTIDX,BANKNIFTY,15-Sep-2016,18800,CE,0,0,0,805.05,581.3,0,0,0,0,17-AUG-2016,
OPTIDX,BANKNIFTY,15-Sep-2016,18900,CE,0,0,0,751.6,520.7,0,0,0,0,17-AUG-2016,
OPTIDX,BANKNIFTY,15-Sep-2016,19000,CE,0,0,0,700.55,464.1,0,0,0,0,17-AUG-2016,
OPTIDX,BANKNIFTY,15-Sep-2016,19100,CE,0,0,0,651.8,411.55,0,0,0,0,17-AUG-2016,
OPTIDX,BANKNIFTY,15-Sep-2016,19200,CE,0,0,0,605.5,362.95,0,0,0,0,17-AUG-2016,
OPTIDX,BANKNIFTY,15-Sep-2016,19300,CE,0,0,0,561.5,318.5,0,0,0,0,17-AUG-2016,
OPTIDX,BANKNIFTY,15-Sep-2016,19400,CE,0,0,0,519.85,277.95,0,0,0,0,17-AUG-2016,
OPTIDX,BANKNIFTY,15-Sep-2016,19500,CE,0,0,0,480.45,241.2,0,0,0,0,17-AUG-2016,
OPTIDX,BANKNIFTY,15-Sep-2016,19600,CE,0,0,0,443.3,208.2,0,0,0,0,17-AUG-2016,
OPTIDX,BANKNIFTY,15-Sep-2016,19700,CE,0,0,0,408.3,178.65,0,0,0,0,17-AUG-2016,
OPTIDX,BANKNIFTY,15-Sep-2016,19800,CE,0,0,0,375.45,153.3,0,0,0,0,17-AUG-2016,
OPTIDX,BANKNIFTY,15-Sep-2016,19900,CE,0,0,0,344.6,129.55,0,0,0,0,17-AUG-2016,
OPTIDX,BANKNIFTY,15-Sep-2016,20000,CE,0,0,0,315.8,109.3,0,0,0,0,17-AUG-2016,
OPTIDX,BANKNIFTY,15-Sep-2016,20100,CE,0,0,0,288.85,91.7,0,0,0,0,17-AUG-2016,
OPTIDX,BANKNIFTY,15-Sep-2016,20200,CE,0,0,0,264.7,76.5,0,0,0,0,17-AUG-2016,
OPTIDX,BANKNIFTY,15-Sep-2016,20300,CE,0,0,0,241.55,63.45,0,0,0,0,17-AUG-2016,
OPTIDX,BANKNIFTY,15-Sep-2016,20400,CE,0,0,0,219.15,52.3,0,0,0,0,17-AUG-2016,
OPTIDX,BANKNIFTY,15-Sep-2016,20500,CE,0,0,0,199.15,42.85,0,0,0,0,17-AUG-2016,
OPTIDX,BANKNIFTY,15-Sep-2016,20600,CE,0,0,0,174.35,34.9,0,0,0,0,17-AUG-2016,
OPTIDX,BANKNIFTY,15-Sep-2016,20700,CE,0,0,0,103.15,28.25,0,0,0,0,17-AUG-2016,
OPTIDX,BANKNIFTY,15-Sep-2016,17000,PE,0,0,0,24.6,3.2,0,0,0,0,17-AUG-2016,
OPTIDX,BANKNIFTY,15-Sep-2016,17100,PE,0,0,0,63.95,4.5,0,0,0,0,17-AUG-2016,
OPTIDX,BANKNIFTY,15-Sep-2016,17200,PE,0,0,0,75.15,6.2,0,0,0,0,17-AUG-2016,
OPTIDX,BANKNIFTY,15-Sep-2016,17300,PE,0,0,0,101.35,8.45,0,0,0,0,17-AUG-2016,
OPTIDX,BANKNIFTY,15-Sep-2016,17400,PE,0,0,0,115.8,11.35,0,0,0,0,17-AUG-2016,
OPTIDX,BANKNIFTY,15-Sep-2016,17500,PE,0,0,0,131.75,15.05,0,0,0,0,17-AUG-2016,
OPTIDX,BANKNIFTY,15-Sep-2016,17600,PE,0,0,0,149.4,19.8,0,0,0,0,17-AUG-2016,
OPTIDX,BANKNIFTY,15-Sep-2016,17700,PE,0,0,0,168.7,25.75,0,0,0,0,17-AUG-2016,
OPTIDX,BANKNIFTY,15-Sep-2016,17800,PE,0,0,0,189.85,33.05,0,0,0,0,17-AUG-2016,
OPTIDX,BANKNIFTY,15-Sep-2016,17900,PE,0,0,0,212.9,42.05,0,0,0,0,17-AUG-2016,
OPTIDX,BANKNIFTY,15-Sep-2016,18000,PE,0,0,0,238.55,52.95,0,0,0,0,17-AUG-2016,
OPTIDX,BANKNIFTY,15-Sep-2016,18100,PE,0,0,0,264.75,65.95,0,0,0,0,17-AUG-2016,
OPTIDX,BANKNIFTY,15-Sep-2016,18200,PE,0,0,0,293.95,81.35,0,0,0,0,17-AUG-2016,
OPTIDX,BANKNIFTY,15-Sep-2016,18300,PE,0,0,0,325.35,99.45,0,0,0,0,17-AUG-2016,
OPTIDX,BANKNIFTY,15-Sep-2016,18400,PE,0,0,0,359,120.5,0,0,0,0,17-AUG-2016,
OPTIDX,BANKNIFTY,15-Sep-2016,18500,PE,0,0,0,394.95,145.35,0,0,0,0,17-AUG-2016,
OPTIDX,BANKNIFTY,15-Sep-2016,18600,PE,0,0,0,433.2,172.1,0,0,0,0,17-AUG-2016,
OPTIDX,BANKNIFTY,15-Sep-2016,18700,PE,0,0,0,473.8,203.3,0,0,0,0,17-AUG-2016,
OPTIDX,BANKNIFTY,15-Sep-2016,18800,PE,0,0,0,516.8,238.3,0,0,0,0,17-AUG-2016,
OPTIDX,BANKNIFTY,15-Sep-2016,18900,PE,0,0,0,562.15,277.15,0,0,0,0,17-AUG-2016,
OPTIDX,BANKNIFTY,15-Sep-2016,19000,PE,0,0,0,609.9,320.05,0,0,0,0,17-AUG-2016,
OPTIDX,BANKNIFTY,15-Sep-2016,19100,PE,0,0,0,660,366.95,0,0,0,0,17-AUG-2016,
OPTIDX,BANKNIFTY,15-Sep-2016,19200,PE,0,0,0,712.45,417.8,0,0,0,0,17-AUG-2016,
OPTIDX,BANKNIFTY,15-Sep-2016,19300,PE,0,0,0,767.3,472.8,0,0,0,0,17-AUG-2016,
OPTIDX,BANKNIFTY,15-Sep-2016,19400,PE,0,0,0,824.45,531.7,0,0,0,0,17-AUG-2016,
OPTIDX,BANKNIFTY,15-Sep-2016,19500,PE,0,0,0,883.85,594.45,0,0,0,0,17-AUG-2016,
OPTIDX,BANKNIFTY,15-Sep-2016,19600,PE,0,0,0,945.5,660.85,0,0,0,0,17-AUG-2016,
OPTIDX,BANKNIFTY,15-Sep-2016,19700,PE,0,0,0,1009.35,730.8,0,0,0,0,17-AUG-2016,
OPTIDX,BANKNIFTY,15-Sep-2016,19800,PE,0,0,0,1075.25,804.9,0,0,0,0,17-AUG-2016,
OPTIDX,BANKNIFTY,15-Sep-2016,19900,PE,0,0,0,1143.25,880.6,0,0,0,0,17-AUG-2016,
OPTIDX,BANKNIFTY,15-Sep-2016,20000,PE,0,0,0,1213.2,959.85,0,0,0,0,17-AUG-2016,
OPTIDX,BANKNIFTY,15-Sep-2016,20100,PE,0,0,0,1285.1,1041.7,0,0,0,0,17-AUG-2016,
OPTIDX,BANKNIFTY,15-Sep-2016,20200,PE,0,0,0,1359.75,1125.95,0,0,0,0,17-AUG-2016,
OPTIDX,BANKNIFTY,15-Sep-2016,20300,PE,0,0,0,1435.4,1212.3,0,0,0,0,17-AUG-2016,
OPTIDX,BANKNIFTY,15-Sep-2016,20400,PE,0,0,0,1511.8,1300.65,0,0,0,0,17-AUG-2016,
OPTIDX,BANKNIFTY,15-Sep-2016,20500,PE,0,0,0,1590.6,1390.65,0,0,0,0,17-AUG-2016,
OPTIDX,BANKNIFTY,15-Sep-2016,20600,PE,0,0,0,1586.35,1482.15,0,0,0,0,17-AUG-2016,
OPTIDX,BANKNIFTY,15-Sep-2016,20700,PE,0,0,0,1534.35,1575,0,0,0,0,17-AUG-2016,
OPTIDX,BANKNIFTY,22-Sep-2016,17000,CE,0,0,0,1795.35,2163.15,0,0,0,0,17-AUG-2016,
OPTIDX,BANKNIFTY,22-Sep-2016,17100,CE,0,0,0,1854.9,2065.95,0,0,0,0,17-AUG-2016,
OPTIDX,BANKNIFTY,22-Sep-2016,17200,CE,0,0,0,1768.4,1969.35,0,0,0,0,17-AUG-2016,
OPTIDX,BANKNIFTY,22-Sep-2016,17300,CE,0,0,0,1683.4,1873.45,0,0,0,0,17-AUG-2016,
OPTIDX,BANKNIFTY,22-Sep-2016,17400,CE,0,0,0,1600,1778.4,0,0,0,0,17-AUG-2016,
OPTIDX,BANKNIFTY,22-Sep-2016,17500,CE,0,0,0,1518.35,1684.35,0,0,0,0,17-AUG-2016,
OPTIDX,BANKNIFTY,22-Sep-2016,17600,CE,0,0,0,1438.55,1591.45,0,0,0,0,17-AUG-2016,
OPTIDX,BANKNIFTY,22-Sep-2016,17700,CE,0,0,0,1360.65,1499.9,0,0,0,0,17-AUG-2016,
OPTIDX,BANKNIFTY,22-Sep-2016,17800,CE,0,0,0,1284.8,1409.9,0,0,0,0,17-AUG-2016,
OPTIDX,BANKNIFTY,22-Sep-2016,17900,CE,0,0,0,1211.7,1321.6,0,0,0,0,17-AUG-2016,
OPTIDX,BANKNIFTY,22-Sep-2016,18000,CE,0,0,0,1139.3,1235.25,0,0,0,0,17-AUG-2016,
OPTIDX,BANKNIFTY,22-Sep-2016,18100,CE,0,0,0,1070.15,1151.1,0,0,0,0,17-AUG-2016,
OPTIDX,BANKNIFTY,22-Sep-2016,18200,CE,0,0,0,1003.35,1069.25,0,0,0,0,17-AUG-2016,
OPTIDX,BANKNIFTY,22-Sep-2016,18300,CE,0,0,0,938.95,990,0,0,0,0,17-AUG-2016,
OPTIDX,BANKNIFTY,22-Sep-2016,18400,CE,0,0,0,877.05,913.55,0,0,0,0,17-AUG-2016,
OPTIDX,BANKNIFTY,22-Sep-2016,18500,CE,0,0,0,817.7,839.85,0,0,0,0,17-AUG-2016,
OPTIDX,BANKNIFTY,22-Sep-2016,18600,CE,0,0,0,760.9,769.55,0,0,0,0,17-AUG-2016,
OPTIDX,BANKNIFTY,22-Sep-2016,18700,CE,0,0,0,706.65,702.45,0,0,0,0,17-AUG-2016,
OPTIDX,BANKNIFTY,22-Sep-2016,18800,CE,0,0,0,655,638.85,0,0,0,0,17-AUG-2016,
OPTIDX,BANKNIFTY,22-Sep-2016,18900,CE,0,0,0,605.85,578.7,0,0,0,0,17-AUG-2016,
OPTIDX,BANKNIFTY,22-Sep-2016,19000,CE,0,0,0,559.3,522.15,0,0,0,0,17-AUG-2016,
OPTIDX,BANKNIFTY,22-Sep-2016,19100,CE,0,0,0,515.3,469.2,0,0,0,0,17-AUG-2016,
OPTIDX,BANKNIFTY,22-Sep-2016,19200,CE,0,0,0,473.85,419.85,0,0,0,0,17-AUG-2016,
OPTIDX,BANKNIFTY,22-Sep-2016,19300,CE,0,0,0,434.8,374.15,0,0,0,0,17-AUG-2016,
OPTIDX,BANKNIFTY,22-Sep-2016,19400,CE,0,0,0,398.15,332,0,0,0,0,17-AUG-2016,
OPTIDX,BANKNIFTY,22-Sep-2016,19500,CE,0,0,0,363.9,293.35,0,0,0,0,17-AUG-2016,
OPTIDX,BANKNIFTY,22-Sep-2016,19600,CE,0,0,0,331.85,258.05,0,0,0,0,17-AUG-2016,
OPTIDX,BANKNIFTY,22-Sep-2016,19700,CE,0,0,0,302.05,226,0,0,0,0,17-AUG-2016,
OPTIDX,BANKNIFTY,22-Sep-2016,19800,CE,0,0,0,274.3,197.1,0,0,0,0,17-AUG-2016,
OPTIDX,BANKNIFTY,22-Sep-2016,19900,CE,0,0,0,249.45,171.95,0,0,0,0,17-AUG-2016,
OPTIDX,BANKNIFTY,22-Sep-2016,20000,CE,0,0,0,225.9,148.05,0,0,0,0,17-AUG-2016,
OPTIDX,BANKNIFTY,22-Sep-2016,20100,CE,0,0,0,203.3,127.4,0,0,0,0,17-AUG-2016,
OPTIDX,BANKNIFTY,22-Sep-2016,20200,CE,0,0,0,183.15,109.15,0,0,0,0,17-AUG-2016,
OPTIDX,BANKNIFTY,22-Sep-2016,20300,CE,0,0,0,164.7,93.05,0,0,0,0,17-AUG-2016,
OPTIDX,BANKNIFTY,22-Sep-2016,20400,CE,0,0,0,202.9,79,0,0,0,0,17-AUG-2016,
OPTIDX,BANKNIFTY,22-Sep-2016,20500,CE,0,0,0,182.75,66.75,0,0,0,0,17-AUG-2016,
OPTIDX,BANKNIFTY,22-Sep-2016,20600,CE,0,0,0,164.2,56.15,0,0,0,0,17-AUG-2016,
OPTIDX,BANKNIFTY,22-Sep-2016,20700,CE,0,0,0,129.75,47,0,0,0,0,17-AUG-2016,
OPTIDX,BANKNIFTY,22-Sep-2016,17000,PE,0,0,0,33.2,6.6,0,0,0,0,17-AUG-2016,
OPTIDX,BANKNIFTY,22-Sep-2016,17100,PE,0,0,0,76.4,8.7,0,0,0,0,17-AUG-2016,
OPTIDX,BANKNIFTY,22-Sep-2016,17200,PE,0,0,0,88.7,11.45,0,0,0,0,17-AUG-2016,
OPTIDX,BANKNIFTY,22-Sep-2016,17300,PE,0,0,0,102.5,14.9,0,0,0,0,17-AUG-2016,
OPTIDX,BANKNIFTY,22-Sep-2016,17400,PE,0,0,0,117.95,19.15,0,0,0,0,17-AUG-2016,
OPTIDX,BANKNIFTY,22-Sep-2016,17500,PE,0,0,0,135.1,24.4,0,0,0,0,17-AUG-2016,
OPTIDX,BANKNIFTY,22-Sep-2016,17600,PE,0,0,0,154.05,30.85,0,0,0,0,17-AUG-2016,
OPTIDX,BANKNIFTY,22-Sep-2016,17700,PE,0,0,0,175,38.6,0,0,0,0,17-AUG-2016,
OPTIDX,BANKNIFTY,22-Sep-2016,17800,PE,0,0,0,197.95,47.9,0,0,0,0,17-AUG-2016,
OPTIDX,BANKNIFTY,22-Sep-2016,17900,PE,0,0,0,223.65,58.95,0,0,0,0,17-AUG-2016,
OPTIDX,BANKNIFTY,22-Sep-2016,18000,PE,0,0,0,250.1,71.95,0,0,0,0,17-AUG-2016,
OPTIDX,BANKNIFTY,22-Sep-2016,18100,PE,0,0,0,279.7,87.05,0,0,0,0,17-AUG-2016,
OPTIDX,BANKNIFTY,22-Sep-2016,18200,PE,0,0,0,311.7,104.55,0,0,0,0,17-AUG-2016,
OPTIDX,BANKNIFTY,22-Sep-2016,18300,PE,0,0,0,346.15,124.65,0,0,0,0,17-AUG-2016,
OPTIDX,BANKNIFTY,22-Sep-2016,18400,PE,0,0,0,383.05,147.5,0,0,0,0,17-AUG-2016,
OPTIDX,BANKNIFTY,22-Sep-2016,18500,PE,0,0,0,422.5,173.15,0,0,0,0,17-AUG-2016,
OPTIDX,BANKNIFTY,22-Sep-2016,18600,PE,0,0,0,464.5,202.1,0,0,0,0,17-AUG-2016,
OPTIDX,BANKNIFTY,22-Sep-2016,18700,PE,0,0,0,509.05,234.4,0,0,0,0,17-AUG-2016,
OPTIDX,BANKNIFTY,22-Sep-2016,18800,PE,0,0,0,556.2,270.05,0,0,0,0,17-AUG-2016,
OPTIDX,BANKNIFTY,22-Sep-2016,18900,PE,0,0,0,605.85,309.25,0,0,0,0,17-AUG-2016,
OPTIDX,BANKNIFTY,22-Sep-2016,19000,PE,0,0,0,658.1,352.05,0,0,0,0,17-AUG-2016,
OPTIDX,BANKNIFTY,22-Sep-2016,19100,PE,0,0,0,712.95,398.45,0,0,0,0,17-AUG-2016,
OPTIDX,BANKNIFTY,22-Sep-2016,19200,PE,0,0,0,770.25,448.4,0,0,0,0,17-AUG-2016,
OPTIDX,BANKNIFTY,22-Sep-2016,19300,PE,0,0,0,830.05,502,0,0,0,0,17-AUG-2016,
OPTIDX,BANKNIFTY,22-Sep-2016,19400,PE,0,0,0,892.2,559.2,0,0,0,0,17-AUG-2016,
OPTIDX,BANKNIFTY,22-Sep-2016,19500,PE,0,0,0,956.7,619.85,0,0,0,0,17-AUG-2016,
OPTIDX,BANKNIFTY,22-Sep-2016,19600,PE,0,0,0,1023.5,683.9,0,0,0,0,17-AUG-2016,
OPTIDX,BANKNIFTY,22-Sep-2016,19700,PE,0,0,0,1092.5,751.15,0,0,0,0,17-AUG-2016,
OPTIDX,BANKNIFTY,22-Sep-2016,19800,PE,0,0,0,1163.6,821.55,0,0,0,0,17-AUG-2016,
OPTIDX,BANKNIFTY,22-Sep-2016,19900,PE,0,0,0,1237.55,895.7,0,0,0,0,17-AUG-2016,
OPTIDX,BANKNIFTY,22-Sep-2016,20000,PE,0,0,0,1312.8,971.15,0,0,0,0,17-AUG-2016,
OPTIDX,BANKNIFTY,22-Sep-2016,20100,PE,0,0,0,1388.95,1049.8,0,0,0,0,17-AUG-2016,
OPTIDX,BANKNIFTY,22-Sep-2016,20200,PE,0,0,0,1467.65,1130.9,0,0,0,0,17-AUG-2016,
OPTIDX,BANKNIFTY,22-Sep-2016,20300,PE,0,0,0,1548,1214.15,0,0,0,0,17-AUG-2016,
OPTIDX,BANKNIFTY,22-Sep-2016,20400,PE,0,0,0,1384.1,1299.4,0,0,0,0,17-AUG-2016,
OPTIDX,BANKNIFTY,22-Sep-2016,20500,PE,0,0,0,1462.8,1386.45,0,0,0,0,17-AUG-2016,
OPTIDX,BANKNIFTY,22-Sep-2016,20600,PE,0,0,0,1543.15,1475.15,0,0,0,0,17-AUG-2016,
OPTIDX,BANKNIFTY,22-Sep-2016,20700,PE,0,0,0,1533.65,1565.35,0,0,0,0,17-AUG-2016,
OPTIDX,BANKNIFTY,29-Sep-2016,16300,CE,0,0,0,2059.6,2874.75,0,0,0,0,17-AUG-2016,
OPTIDX,BANKNIFTY,29-Sep-2016,16400,CE,0,0,0,1977.55,2776.1,0,0,0,0,17-AUG-2016,
OPTIDX,BANKNIFTY,29-Sep-2016,16500,CE,0,0,0,2570,2677.65,0,0,240,0,17-AUG-2016,
OPTIDX,BANKNIFTY,29-Sep-2016,16600,CE,0,0,0,1817.85,2579.4,0,0,0,0,17-AUG-2016,
OPTIDX,BANKNIFTY,29-Sep-2016,16700,CE,0,0,0,1740.3,2481.4,0,0,0,0,17-AUG-2016,
OPTIDX,BANKNIFTY,29-Sep-2016,16800,CE,0,0,0,1664.35,2383.8,0,0,0,0,17-AUG-2016,
OPTIDX,BANKNIFTY,29-Sep-2016,16900,CE,0,0,0,1590.05,2286.6,0,0,0,0,17-AUG-2016,
OPTIDX,BANKNIFTY,29-Sep-2016,17000,CE,2155,2155,2120,2120,2120,2,15.31,480,80,17-AUG-2016,
OPTIDX,BANKNIFTY,29-Sep-2016,17100,CE,0,0,0,1447.1,2093.75,0,0,0,0,17-AUG-2016,
OPTIDX,BANKNIFTY,29-Sep-2016,17200,CE,0,0,0,1377.45,1998.35,0,0,0,0,17-AUG-2016,
OPTIDX,BANKNIFTY,29-Sep-2016,17300,CE,0,0,0,1310.4,1903.75,0,0,0,0,17-AUG-2016,
OPTIDX,BANKNIFTY,29-Sep-2016,17400,CE,0,0,0,1245.25,1810.15,0,0,0,0,17-AUG-2016,
OPTIDX,BANKNIFTY,29-Sep-2016,17500,CE,0,0,0,1540,1717.65,0,0,760,0,17-AUG-2016,
OPTIDX,BANKNIFTY,29-Sep-2016,17600,CE,0,0,0,1120.75,1626.4,0,0,0,0,17-AUG-2016,
OPTIDX,BANKNIFTY,29-Sep-2016,17700,CE,0,0,0,1061.5,1536.6,0,0,0,0,17-AUG-2016,
OPTIDX,BANKNIFTY,29-Sep-2016,17800,CE,0,0,0,1004.25,1448.4,0,0,0,0,17-AUG-2016,
OPTIDX,BANKNIFTY,29-Sep-2016,17900,CE,0,0,0,949,1361.95,0,0,0,0,17-AUG-2016,
OPTIDX,BANKNIFTY,29-Sep-2016,18000,CE,1235,1275,1180,1221.25,1221.25,69,530.91,19320,2760,17-AUG-2016,
OPTIDX,BANKNIFTY,29-Sep-2016,18100,CE,0,0,0,844.6,1195.1,0,0,0,0,17-AUG-2016,
OPTIDX,BANKNIFTY,29-Sep-2016,18200,CE,0,0,0,795.35,1115.05,0,0,0,0,17-AUG-2016,
OPTIDX,BANKNIFTY,29-Sep-2016,18300,CE,0,0,0,748.2,1037.45,0,0,0,0,17-AUG-2016,
OPTIDX,BANKNIFTY,29-Sep-2016,18400,CE,0,0,0,703,963.25,0,0,0,0,17-AUG-2016,
OPTIDX,BANKNIFTY,29-Sep-2016,18500,CE,800,875,800,835,835,30,232.17,11040,520,17-AUG-2016,
OPTIDX,BANKNIFTY,29-Sep-2016,18600,CE,0,0,0,618.5,820.95,0,0,0,0,17-AUG-2016,
OPTIDX,BANKNIFTY,29-Sep-2016,18700,CE,670,725,670,725,725,2,15.51,160,80,17-AUG-2016,
OPTIDX,BANKNIFTY,29-Sep-2016,18800,CE,0,0,0,530,691.8,0,0,320,0,17-AUG-2016,
OPTIDX,BANKNIFTY,29-Sep-2016,18900,CE,0,0,0,414,632,0,0,40,0,17-AUG-2016,
OPTIDX,BANKNIFTY,29-Sep-2016,19000,CE,495,584.35,466.25,538.7,538.7,2904,22689.69,100040,65000,17-AUG-2016,
OPTIDX,BANKNIFTY,29-Sep-2016,19100,CE,399,399,399,399,399,2,15.59,120,40,17-AUG-2016,
OPTIDX,BANKNIFTY,29-Sep-2016,19200,CE,429.9,429.9,429.9,429.9,429.9,2,15.7,80,80,17-AUG-2016,
OPTIDX,BANKNIFTY,29-Sep-2016,19300,CE,0,0,0,381,425.65,0,0,0,0,17-AUG-2016,
OPTIDX,BANKNIFTY,29-Sep-2016,19400,CE,0,0,0,353.9,382.3,0,0,0,0,17-AUG-2016,
OPTIDX,BANKNIFTY,29-Sep-2016,19500,CE,257.5,322.1,236.85,285.6,285.6,1405,11116.61,50760,18440,17-AUG-2016,
OPTIDX,BANKNIFTY,29-Sep-2016,19600,CE,0,0,0,287.5,305.15,0,0,0,0,17-AUG-2016,
OPTIDX,BANKNIFTY,29-Sep-2016,19700,CE,0,0,0,149,271.15,0,0,80,0,17-AUG-2016,
OPTIDX,BANKNIFTY,29-Sep-2016,19800,CE,0,0,0,309.65,240.1,0,0,0,0,17-AUG-2016,
OPTIDX,BANKNIFTY,29-Sep-2016,19900,CE,0,0,0,286,211.8,0,0,0,0,17-AUG-2016,
OPTIDX,BANKNIFTY,29-Sep-2016,20000,CE,110,150,107,129.45,129.45,1642,13220,77760,27760,17-AUG-2016,
OPTIDX,BANKNIFTY,29-Sep-2016,20100,CE,101,109,100,100,100,4,32.32,160,160,17-AUG-2016,
OPTIDX,BANKNIFTY,29-Sep-2016,20200,CE,101,101,101,101,101,2,16.24,80,80,17-AUG-2016,
OPTIDX,BANKNIFTY,29-Sep-2016,20300,CE,0,0,0,277.75,123.9,0,0,0,0,17-AUG-2016,
OPTIDX,BANKNIFTY,29-Sep-2016,20400,CE,0,0,0,287.5,107.35,0,0,0,0,17-AUG-2016,
OPTIDX,BANKNIFTY,29-Sep-2016,20500,CE,45,63,45,54.85,54.85,324,2664.04,13560,8120,17-AUG-2016,
OPTIDX,BANKNIFTY,29-Sep-2016,20600,CE,0,0,0,236.9,79.65,0,0,0,0,17-AUG-2016,
OPTIDX,BANKNIFTY,29-Sep-2016,20700,CE,0,0,0,157.25,68.25,0,0,0,0,17-AUG-2016,
OPTIDX,BANKNIFTY,29-Sep-2016,16300,PE,0,0,0,136.2,1.5,0,0,0,0,17-AUG-2016,
OPTIDX,BANKNIFTY,29-Sep-2016,16400,PE,0,0,0,152.4,2.05,0,0,0,0,17-AUG-2016,
OPTIDX,BANKNIFTY,29-Sep-2016,16500,PE,11.05,15.95,11.05,11.05,11.05,4,26.41,320,-40,17-AUG-2016,
OPTIDX,BANKNIFTY,29-Sep-2016,16600,PE,0,0,0,189.15,3.75,0,0,0,0,17-AUG-2016,
OPTIDX,BANKNIFTY,29-Sep-2016,16700,PE,0,0,0,209.85,4.95,0,0,0,0,17-AUG-2016,
OPTIDX,BANKNIFTY,29-Sep-2016,16800,PE,0,0,0,232.1,6.55,0,0,0,0,17-AUG-2016,
OPTIDX,BANKNIFTY,29-Sep-2016,16900,PE,0,0,0,256.05,8.5,0,0,0,0,17-AUG-2016,
OPTIDX,BANKNIFTY,29-Sep-2016,17000,PE,22.05,29,22.05,26.05,26.05,13,88.53,8360,480,17-AUG-2016,
OPTIDX,BANKNIFTY,29-Sep-2016,17100,PE,0,0,0,309.6,14.05,0,0,0,0,17-AUG-2016,
OPTIDX,BANKNIFTY,29-Sep-2016,17200,PE,0,0,0,338.15,17.85,0,0,0,0,17-AUG-2016,
OPTIDX,BANKNIFTY,29-Sep-2016,17300,PE,0,0,0,369.35,22.45,0,0,0,0,17-AUG-2016,
OPTIDX,BANKNIFTY,29-Sep-2016,17400,PE,0,0,0,402.4,28.05,0,0,0,0,17-AUG-2016,
OPTIDX,BANKNIFTY,29-Sep-2016,17500,PE,47,56,46.85,53.2,53.2,201,1411.11,35360,4320,17-AUG-2016,
OPTIDX,BANKNIFTY,29-Sep-2016,17600,PE,0,0,0,474.4,42.65,0,0,0,0,17-AUG-2016,
OPTIDX,BANKNIFTY,29-Sep-2016,17700,PE,0,0,0,513.4,52.05,0,0,0,0,17-AUG-2016,
OPTIDX,BANKNIFTY,29-Sep-2016,17800,PE,0,0,0,554.35,63.05,0,0,0,0,17-AUG-2016,
OPTIDX,BANKNIFTY,29-Sep-2016,17900,PE,0,0,0,597.35,75.8,0,0,0,0,17-AUG-2016,
OPTIDX,BANKNIFTY,29-Sep-2016,18000,PE,94.3,118,93.1,106.9,106.9,1630,11804.37,58480,19040,17-AUG-2016,
OPTIDX,BANKNIFTY,29-Sep-2016,18100,PE,0,0,0,689.4,107.3,0,0,0,0,17-AUG-2016,
OPTIDX,BANKNIFTY,29-Sep-2016,18200,PE,0,0,0,202.9,126.45,0,0,40,0,17-AUG-2016,
OPTIDX,BANKNIFTY,29-Sep-2016,18300,PE,0,0,0,789.45,148.05,0,0,0,0,17-AUG-2016,
OPTIDX,BANKNIFTY,29-Sep-2016,18400,PE,0,0,0,842.5,173,0,0,0,0,17-AUG-2016,
OPTIDX,BANKNIFTY,29-Sep-2016,18500,PE,200,225.15,175,207.1,207.1,956,7151.46,41960,10040,17-AUG-2016,
OPTIDX,BANKNIFTY,29-Sep-2016,18600,PE,0,0,0,258,229.15,0,0,40,0,17-AUG-2016,
OPTIDX,BANKNIFTY,29-Sep-2016,18700,PE,0,0,0,205,262.15,0,0,80,0,17-AUG-2016,
OPTIDX,BANKNIFTY,29-Sep-2016,18800,PE,0,0,0,1074.1,298.35,0,0,0,0,17-AUG-2016,
OPTIDX,BANKNIFTY,29-Sep-2016,18900,PE,0,0,0,1136.7,337.75,0,0,0,0,17-AUG-2016,
OPTIDX,BANKNIFTY,29-Sep-2016,19000,PE,375,405.95,325,372.25,372.25,3041,23557.25,114000,81200,17-AUG-2016,
OPTIDX,BANKNIFTY,29-Sep-2016,19100,PE,0,0,0,1267.25,426.35,0,0,0,0,17-AUG-2016,
OPTIDX,BANKNIFTY,29-Sep-2016,19200,PE,0,0,0,1335.1,475.6,0,0,0,0,17-AUG-2016,
OPTIDX,BANKNIFTY,29-Sep-2016,19300,PE,0,0,0,1404.6,528.15,0,0,0,0,17-AUG-2016,
OPTIDX,BANKNIFTY,29-Sep-2016,19400,PE,0,0,0,1475.7,584,0,0,0,0,17-AUG-2016,
OPTIDX,BANKNIFTY,29-Sep-2016,19500,PE,600,640,555.55,620,620,41,329.51,10560,-40,17-AUG-2016,
OPTIDX,BANKNIFTY,29-Sep-2016,19600,PE,0,0,0,1567.8,705.25,0,0,0,0,17-AUG-2016,
OPTIDX,BANKNIFTY,29-Sep-2016,19700,PE,0,0,0,1549.7,770.45,0,0,0,0,17-AUG-2016,
OPTIDX,BANKNIFTY,29-Sep-2016,19800,PE,0,0,0,1417.25,838.55,0,0,0,0,17-AUG-2016,
OPTIDX,BANKNIFTY,29-Sep-2016,19900,PE,0,0,0,1492.05,909.45,0,0,0,0,17-AUG-2016,
OPTIDX,BANKNIFTY,29-Sep-2016,20000,PE,970,985,870,965,965,47,393.39,2640,1000,17-AUG-2016,
OPTIDX,BANKNIFTY,29-Sep-2016,20100,PE,0,0,0,1455.8,1059.3,0,0,0,0,17-AUG-2016,
OPTIDX,BANKNIFTY,29-Sep-2016,20200,PE,0,0,0,1530.4,1137.7,0,0,0,0,17-AUG-2016,
OPTIDX,BANKNIFTY,29-Sep-2016,20300,PE,0,0,0,1605.75,1218.3,0,0,0,0,17-AUG-2016,
OPTIDX,BANKNIFTY,29-Sep-2016,20400,PE,0,0,0,1526.4,1300.95,0,0,0,0,17-AUG-2016,
OPTIDX,BANKNIFTY,29-Sep-2016,20500,PE,0,0,0,1602.25,1385.45,0,0,0,0,17-AUG-2016,
OPTIDX,BANKNIFTY,29-Sep-2016,20600,PE,0,0,0,1594.6,1471.65,0,0,0,0,17-AUG-2016,
OPTIDX,BANKNIFTY,29-Sep-2016,20700,PE,0,0,0,1533.85,1559.4,0,0,0,0,17-AUG-2016,
OPTIDX,BANKNIFTY,06-Oct-2016,17000,CE,0,0,0,1820,2217.4,0,0,0,0,17-AUG-2016,
OPTIDX,BANKNIFTY,06-Oct-2016,17100,CE,0,0,0,1730.35,2122.35,0,0,0,0,17-AUG-2016,
OPTIDX,BANKNIFTY,06-Oct-2016,17200,CE,0,0,0,1642.15,2028.1,0,0,0,0,17-AUG-2016,
OPTIDX,BANKNIFTY,06-Oct-2016,17300,CE,0,0,0,1555.5,1934.75,0,0,0,0,17-AUG-2016,
OPTIDX,BANKNIFTY,06-Oct-2016,17400,CE,0,0,0,1470.5,1842.5,0,0,0,0,17-AUG-2016,
OPTIDX,BANKNIFTY,06-Oct-2016,17500,CE,0,0,0,1387.4,1751.4,0,0,0,0,17-AUG-2016,
OPTIDX,BANKNIFTY,06-Oct-2016,17600,CE,0,0,0,1306.2,1661.65,0,0,0,0,17-AUG-2016,
OPTIDX,BANKNIFTY,06-Oct-2016,17700,CE,0,0,0,1227.15,1573.35,0,0,0,0,17-AUG-2016,
OPTIDX,BANKNIFTY,06-Oct-2016,17800,CE,0,0,0,1150.35,1486.7,0,0,0,0,17-AUG-2016,
OPTIDX,BANKNIFTY,06-Oct-2016,17900,CE,0,0,0,1076.6,1401.85,0,0,0,0,17-AUG-2016,
OPTIDX,BANKNIFTY,06-Oct-2016,18000,CE,0,0,0,1003.8,1318.9,0,0,0,0,17-AUG-2016,
OPTIDX,BANKNIFTY,06-Oct-2016,18100,CE,0,0,0,934.45,1238.05,0,0,0,0,17-AUG-2016,
OPTIDX,BANKNIFTY,06-Oct-2016,18200,CE,0,0,0,867.85,1159.45,0,0,0,0,17-AUG-2016,
OPTIDX,BANKNIFTY,06-Oct-2016,18300,CE,0,0,0,804,1083.2,0,0,0,0,17-AUG-2016,
OPTIDX,BANKNIFTY,06-Oct-2016,18400,CE,0,0,0,743,1010.05,0,0,0,0,17-AUG-2016,
OPTIDX,BANKNIFTY,06-Oct-2016,18500,CE,0,0,0,684.9,938.15,0,0,0,0,17-AUG-2016,
OPTIDX,BANKNIFTY,06-Oct-2016,18600,CE,0,0,0,629.7,869.8,0,0,0,0,17-AUG-2016,
OPTIDX,BANKNIFTY,06-Oct-2016,18700,CE,0,0,0,577.45,804.35,0,0,0,0,17-AUG-2016,
OPTIDX,BANKNIFTY,06-Oct-2016,18800,CE,0,0,0,528.1,741.8,0,0,0,0,17-AUG-2016,
OPTIDX,BANKNIFTY,06-Oct-2016,18900,CE,0,0,0,481.7,682.2,0,0,0,0,17-AUG-2016,
OPTIDX,BANKNIFTY,06-Oct-2016,19000,CE,0,0,0,438.2,625.7,0,0,0,0,17-AUG-2016,
OPTIDX,BANKNIFTY,06-Oct-2016,19100,CE,0,0,0,397.55,572.2,0,0,0,0,17-AUG-2016,
OPTIDX,BANKNIFTY,06-Oct-2016,19200,CE,0,0,0,359.7,521.7,0,0,0,0,17-AUG-2016,
OPTIDX,BANKNIFTY,06-Oct-2016,19300,CE,0,0,0,324.55,474.35,0,0,0,0,17-AUG-2016,
OPTIDX,BANKNIFTY,06-Oct-2016,19400,CE,0,0,0,292,430.05,0,0,0,0,17-AUG-2016,
OPTIDX,BANKNIFTY,06-Oct-2016,19500,CE,0,0,0,262,388.7,0,0,0,0,17-AUG-2016,
OPTIDX,BANKNIFTY,06-Oct-2016,19600,CE,0,0,0,234.45,350.3,0,0,0,0,17-AUG-2016,
OPTIDX,BANKNIFTY,06-Oct-2016,19700,CE,0,0,0,210.05,314.7,0,0,0,0,17-AUG-2016,
OPTIDX,BANKNIFTY,06-Oct-2016,19800,CE,0,0,0,186.35,281.9,0,0,0,0,17-AUG-2016,
OPTIDX,BANKNIFTY,06-Oct-2016,19900,CE,0,0,0,165.4,251.75,0,0,0,0,17-AUG-2016,
OPTIDX,BANKNIFTY,06-Oct-2016,20000,CE,0,0,0,146.4,224.1,0,0,0,0,17-AUG-2016,
OPTIDX,BANKNIFTY,06-Oct-2016,20100,CE,0,0,0,129.2,199.8,0,0,0,0,17-AUG-2016,
OPTIDX,BANKNIFTY,06-Oct-2016,20200,CE,0,0,0,113.7,176.2,0,0,0,0,17-AUG-2016,
OPTIDX,BANKNIFTY,06-Oct-2016,20300,CE,0,0,0,190.9,155.45,0,0,0,0,17-AUG-2016,
OPTIDX,BANKNIFTY,06-Oct-2016,20400,CE,0,0,0,171,136.75,0,0,0,0,17-AUG-2016,
OPTIDX,BANKNIFTY,06-Oct-2016,20500,CE,0,0,0,152.8,119.9,0,0,0,0,17-AUG-2016,
OPTIDX,BANKNIFTY,06-Oct-2016,20600,CE,0,0,0,119.15,104.8,0,0,0,0,17-AUG-2016,
OPTIDX,BANKNIFTY,06-Oct-2016,17000,PE,0,0,0,46.45,16.2,0,0,0,0,17-AUG-2016,
OPTIDX,BANKNIFTY,06-Oct-2016,17100,PE,0,0,0,55.65,20.2,0,0,0,0,17-AUG-2016,
OPTIDX,BANKNIFTY,06-Oct-2016,17200,PE,0,0,0,66.25,25.05,0,0,0,0,17-AUG-2016,
OPTIDX,BANKNIFTY,06-Oct-2016,17300,PE,0,0,0,78.4,30.75,0,0,0,0,17-AUG-2016,
OPTIDX,BANKNIFTY,06-Oct-2016,17400,PE,0,0,0,92.25,37.55,0,0,0,0,17-AUG-2016,
OPTIDX,BANKNIFTY,06-Oct-2016,17500,PE,0,0,0,107.9,45.5,0,0,0,0,17-AUG-2016,
OPTIDX,BANKNIFTY,06-Oct-2016,17600,PE,0,0,0,125.55,54.85,0,0,0,0,17-AUG-2016,
OPTIDX,BANKNIFTY,06-Oct-2016,17700,PE,0,0,0,145.3,65.6,0,0,0,0,17-AUG-2016,
OPTIDX,BANKNIFTY,06-Oct-2016,17800,PE,0,0,0,167.35,78,0,0,0,0,17-AUG-2016,
OPTIDX,BANKNIFTY,06-Oct-2016,17900,PE,0,0,0,192.4,92.2,0,0,0,0,17-AUG-2016,
OPTIDX,BANKNIFTY,06-Oct-2016,18000,PE,0,0,0,218.35,108.3,0,0,0,0,17-AUG-2016,
OPTIDX,BANKNIFTY,06-Oct-2016,18100,PE,0,0,0,247.85,126.5,0,0,0,0,17-AUG-2016,
OPTIDX,BANKNIFTY,06-Oct-2016,18200,PE,0,0,0,280.05,146.95,0,0,0,0,17-AUG-2016,
OPTIDX,BANKNIFTY,06-Oct-2016,18300,PE,0,0,0,315.05,169.75,0,0,0,0,17-AUG-2016,
OPTIDX,BANKNIFTY,06-Oct-2016,18400,PE,0,0,0,352.85,195.7,0,0,0,0,17-AUG-2016,
OPTIDX,BANKNIFTY,06-Oct-2016,18500,PE,0,0,0,393.55,222.85,0,0,0,0,17-AUG-2016,
OPTIDX,BANKNIFTY,06-Oct-2016,18600,PE,0,0,0,437.15,253.6,0,0,0,0,17-AUG-2016,
OPTIDX,BANKNIFTY,06-Oct-2016,18700,PE,0,0,0,483.75,287.15,0,0,0,0,17-AUG-2016,
OPTIDX,BANKNIFTY,06-Oct-2016,18800,PE,0,0,0,533.15,323.65,0,0,0,0,17-AUG-2016,
OPTIDX,BANKNIFTY,06-Oct-2016,18900,PE,0,0,0,585.6,363.15,0,0,0,0,17-AUG-2016,
OPTIDX,BANKNIFTY,06-Oct-2016,19000,PE,0,0,0,640.9,405.7,0,0,0,0,17-AUG-2016,
OPTIDX,BANKNIFTY,06-Oct-2016,19100,PE,0,0,0,699.05,451.25,0,0,0,0,17-AUG-2016,
OPTIDX,BANKNIFTY,06-Oct-2016,19200,PE,0,0,0,760,499.85,0,0,0,0,17-AUG-2016,
OPTIDX,BANKNIFTY,06-Oct-2016,19300,PE,0,0,0,823.7,551.55,0,0,0,0,17-AUG-2016,
OPTIDX,BANKNIFTY,06-Oct-2016,19400,PE,0,0,0,889.95,606.3,0,0,0,0,17-AUG-2016,
OPTIDX,BANKNIFTY,06-Oct-2016,19500,PE,0,0,0,958.8,664,0,0,0,0,17-AUG-2016,
OPTIDX,BANKNIFTY,06-Oct-2016,19600,PE,0,0,0,1030,724.65,0,0,0,0,17-AUG-2016,
OPTIDX,BANKNIFTY,06-Oct-2016,19700,PE,0,0,0,1104.45,788.15,0,0,0,0,17-AUG-2016,
OPTIDX,BANKNIFTY,06-Oct-2016,19800,PE,0,0,0,1179.6,854.4,0,0,0,0,17-AUG-2016,
OPTIDX,BANKNIFTY,06-Oct-2016,19900,PE,0,0,0,1257.45,923.25,0,0,0,0,17-AUG-2016,
OPTIDX,BANKNIFTY,06-Oct-2016,20000,PE,0,0,0,1337.2,994.7,0,0,0,0,17-AUG-2016,
OPTIDX,BANKNIFTY,06-Oct-2016,20100,PE,0,0,0,1418.85,1069.45,0,0,0,0,17-AUG-2016,
OPTIDX,BANKNIFTY,06-Oct-2016,20200,PE,0,0,0,1502.15,1144.95,0,0,0,0,17-AUG-2016,
OPTIDX,BANKNIFTY,06-Oct-2016,20300,PE,0,0,0,1335.35,1223.25,0,0,0,0,17-AUG-2016,
OPTIDX,BANKNIFTY,06-Oct-2016,20400,PE,0,0,0,1414.3,1303.55,0,0,0,0,17-AUG-2016,
OPTIDX,BANKNIFTY,06-Oct-2016,20500,PE,0,0,0,1494.95,1385.8,0,0,0,0,17-AUG-2016,
OPTIDX,BANKNIFTY,06-Oct-2016,20600,PE,0,0,0,1553.95,1469.75,0,0,0,0,17-AUG-2016,
OPTIDX,BANKNIFTY,13-Oct-2016,17000,CE,0,0,0,1892.25,2245.5,0,0,0,0,17-AUG-2016,
OPTIDX,BANKNIFTY,13-Oct-2016,17100,CE,0,0,0,1802.9,2151.5,0,0,0,0,17-AUG-2016,
OPTIDX,BANKNIFTY,13-Oct-2016,17200,CE,0,0,0,1714.9,2058.35,0,0,0,0,17-AUG-2016,
OPTIDX,BANKNIFTY,13-Oct-2016,17300,CE,0,0,0,1628.4,1966.2,0,0,0,0,17-AUG-2016,
OPTIDX,BANKNIFTY,13-Oct-2016,17400,CE,0,0,0,1543.55,1875.15,0,0,0,0,17-AUG-2016,
OPTIDX,BANKNIFTY,13-Oct-2016,17500,CE,0,0,0,1460.45,1785.35,0,0,0,0,17-AUG-2016,
OPTIDX,BANKNIFTY,13-Oct-2016,17600,CE,0,0,0,1379.2,1696.9,0,0,0,0,17-AUG-2016,
OPTIDX,BANKNIFTY,13-Oct-2016,17700,CE,0,0,0,1300,1610,0,0,0,0,17-AUG-2016,
OPTIDX,BANKNIFTY,13-Oct-2016,17800,CE,0,0,0,1222.9,1524.7,0,0,0,0,17-AUG-2016,
OPTIDX,BANKNIFTY,13-Oct-2016,17900,CE,0,0,0,1148.75,1441.15,0,0,0,0,17-AUG-2016,
OPTIDX,BANKNIFTY,13-Oct-2016,18000,CE,0,0,0,1075.3,1359.55,0,0,0,0,17-AUG-2016,
OPTIDX,BANKNIFTY,13-Oct-2016,18100,CE,0,0,0,1005.3,1279.95,0,0,0,0,17-AUG-2016,
OPTIDX,BANKNIFTY,13-Oct-2016,18200,CE,0,0,0,937.8,1202.5,0,0,0,0,17-AUG-2016,
OPTIDX,BANKNIFTY,13-Oct-2016,18300,CE,0,0,0,872.95,1127.35,0,0,0,0,17-AUG-2016,
OPTIDX,BANKNIFTY,13-Oct-2016,18400,CE,0,0,0,810.75,1054.35,0,0,0,0,17-AUG-2016,
OPTIDX,BANKNIFTY,13-Oct-2016,18500,CE,0,0,0,751.3,984.15,0,0,0,0,17-AUG-2016,
OPTIDX,BANKNIFTY,13-Oct-2016,18600,CE,0,0,0,694.6,916.5,0,0,0,0,17-AUG-2016,
OPTIDX,BANKNIFTY,13-Oct-2016,18700,CE,0,0,0,640.7,851.55,0,0,0,0,17-AUG-2016,
OPTIDX,BANKNIFTY,13-Oct-2016,18800,CE,0,0,0,589.6,789.35,0,0,0,0,17-AUG-2016,
OPTIDX,BANKNIFTY,13-Oct-2016,18900,CE,0,0,0,541.25,729.95,0,0,0,0,17-AUG-2016,
OPTIDX,BANKNIFTY,13-Oct-2016,19000,CE,0,0,0,495.7,673.4,0,0,0,0,17-AUG-2016,
OPTIDX,BANKNIFTY,13-Oct-2016,19100,CE,0,0,0,452.9,619.7,0,0,0,0,17-AUG-2016,
OPTIDX,BANKNIFTY,13-Oct-2016,19200,CE,0,0,0,412.8,568.8,0,0,0,0,17-AUG-2016,
OPTIDX,BANKNIFTY,13-Oct-2016,19300,CE,0,0,0,375.3,520.8,0,0,0,0,17-AUG-2016,
OPTIDX,BANKNIFTY,13-Oct-2016,19400,CE,0,0,0,340.4,475.65,0,0,0,0,17-AUG-2016,
OPTIDX,BANKNIFTY,13-Oct-2016,19500,CE,0,0,0,307.95,433.35,0,0,0,0,17-AUG-2016,
OPTIDX,BANKNIFTY,13-Oct-2016,19600,CE,0,0,0,277.95,393.75,0,0,0,0,17-AUG-2016,
OPTIDX,BANKNIFTY,13-Oct-2016,19700,CE,0,0,0,250.2,356.85,0,0,0,0,17-AUG-2016,
OPTIDX,BANKNIFTY,13-Oct-2016,19800,CE,0,0,0,225.55,322.55,0,0,0,0,17-AUG-2016,
OPTIDX,BANKNIFTY,13-Oct-2016,19900,CE,0,0,0,201.55,290.8,0,0,0,0,17-AUG-2016,
OPTIDX,BANKNIFTY,13-Oct-2016,20000,CE,0,0,0,180.1,261.45,0,0,0,0,17-AUG-2016,
OPTIDX,BANKNIFTY,13-Oct-2016,20100,CE,0,0,0,160.6,234.5,0,0,0,0,17-AUG-2016,
OPTIDX,BANKNIFTY,13-Oct-2016,20200,CE,0,0,0,142.8,210.7,0,0,0,0,17-AUG-2016,
OPTIDX,BANKNIFTY,13-Oct-2016,20300,CE,0,0,0,204.15,187.35,0,0,0,0,17-AUG-2016,
OPTIDX,BANKNIFTY,13-Oct-2016,20400,CE,0,0,0,183.35,166.75,0,0,0,0,17-AUG-2016,
OPTIDX,BANKNIFTY,13-Oct-2016,20500,CE,0,0,0,164.3,148,0,0,0,0,17-AUG-2016,
OPTIDX,BANKNIFTY,13-Oct-2016,20600,CE,0,0,0,146.9,131,0,0,0,0,17-AUG-2016,
OPTIDX,BANKNIFTY,13-Oct-2016,17000,PE,0,0,0,50.6,22.05,0,0,0,0,17-AUG-2016,
OPTIDX,BANKNIFTY,13-Oct-2016,17100,PE,0,0,0,60.05,26.95,0,0,0,0,17-AUG-2016,
OPTIDX,BANKNIFTY,13-Oct-2016,17200,PE,0,0,0,70.85,32.75,0,0,0,0,17-AUG-2016,
OPTIDX,BANKNIFTY,13-Oct-2016,17300,PE,0,0,0,83.2,39.55,0,0,0,0,17-AUG-2016,
OPTIDX,BANKNIFTY,13-Oct-2016,17400,PE,0,0,0,97.15,47.4,0,0,0,0,17-AUG-2016,
OPTIDX,BANKNIFTY,13-Oct-2016,17500,PE,0,0,0,112.85,56.55,0,0,0,0,17-AUG-2016,
OPTIDX,BANKNIFTY,13-Oct-2016,17600,PE,0,0,0,130.45,67.05,0,0,0,0,17-AUG-2016,
OPTIDX,BANKNIFTY,13-Oct-2016,17700,PE,0,0,0,150.05,79.05,0,0,0,0,17-AUG-2016,
OPTIDX,BANKNIFTY,13-Oct-2016,17800,PE,0,0,0,171.75,92.65,0,0,0,0,17-AUG-2016,
OPTIDX,BANKNIFTY,13-Oct-2016,17900,PE,0,0,0,196.45,108.05,0,0,0,0,17-AUG-2016,
OPTIDX,BANKNIFTY,13-Oct-2016,18000,PE,0,0,0,221.8,125.35,0,0,0,0,17-AUG-2016,
OPTIDX,BANKNIFTY,13-Oct-2016,18100,PE,0,0,0,250.6,144.7,0,0,0,0,17-AUG-2016,
OPTIDX,BANKNIFTY,13-Oct-2016,18200,PE,0,0,0,281.95,166.2,0,0,0,0,17-AUG-2016,
OPTIDX,BANKNIFTY,13-Oct-2016,18300,PE,0,0,0,315.9,189.95,0,0,0,0,17-AUG-2016,
OPTIDX,BANKNIFTY,13-Oct-2016,18400,PE,0,0,0,352.5,215.9,0,0,0,0,17-AUG-2016,
OPTIDX,BANKNIFTY,13-Oct-2016,18500,PE,0,0,0,391.9,244.6,0,0,0,0,17-AUG-2016,
OPTIDX,BANKNIFTY,13-Oct-2016,18600,PE,0,0,0,434,275.9,0,0,0,0,17-AUG-2016,
OPTIDX,BANKNIFTY,13-Oct-2016,18700,PE,0,0,0,478.95,309.9,0,0,0,0,17-AUG-2016,
OPTIDX,BANKNIFTY,13-Oct-2016,18800,PE,0,0,0,526.65,346.65,0,0,0,0,17-AUG-2016,
OPTIDX,BANKNIFTY,13-Oct-2016,18900,PE,0,0,0,577.1,386.15,0,0,0,0,17-AUG-2016,
OPTIDX,BANKNIFTY,13-Oct-2016,19000,PE,0,0,0,630.35,428.5,0,0,0,0,17-AUG-2016,
OPTIDX,BANKNIFTY,13-Oct-2016,19100,PE,0,0,0,686.35,473.75,0,0,0,0,17-AUG-2016,
OPTIDX,BANKNIFTY,13-Oct-2016,19200,PE,0,0,0,745.05,521.75,0,0,0,0,17-AUG-2016,
OPTIDX,BANKNIFTY,13-Oct-2016,19300,PE,0,0,0,806.4,572.7,0,0,0,0,17-AUG-2016,
OPTIDX,BANKNIFTY,13-Oct-2016,19400,PE,0,0,0,870.3,626.5,0,0,0,0,17-AUG-2016,
OPTIDX,BANKNIFTY,13-Oct-2016,19500,PE,0,0,0,936.7,683.1,0,0,0,0,17-AUG-2016,
OPTIDX,BANKNIFTY,13-Oct-2016,19600,PE,0,0,0,1005.5,742.45,0,0,0,0,17-AUG-2016,
OPTIDX,BANKNIFTY,13-Oct-2016,19700,PE,0,0,0,1076.55,804.45,0,0,0,0,17-AUG-2016,
OPTIDX,BANKNIFTY,13-Oct-2016,19800,PE,0,0,0,1150.75,869.1,0,0,0,0,17-AUG-2016,
OPTIDX,BANKNIFTY,13-Oct-2016,19900,PE,0,0,0,1225.55,936.25,0,0,0,0,17-AUG-2016,
OPTIDX,BANKNIFTY,13-Oct-2016,20000,PE,0,0,0,1302.95,1005.85,0,0,0,0,17-AUG-2016,
OPTIDX,BANKNIFTY,13-Oct-2016,20100,PE,0,0,0,1382.2,1077.8,0,0,0,0,17-AUG-2016,
OPTIDX,BANKNIFTY,13-Oct-2016,20200,PE,0,0,0,1463.25,1152.95,0,0,0,0,17-AUG-2016,
OPTIDX,BANKNIFTY,13-Oct-2016,20300,PE,0,0,0,1315.3,1228.55,0,0,0,0,17-AUG-2016,
OPTIDX,BANKNIFTY,13-Oct-2016,20400,PE,0,0,0,1393.4,1306.85,0,0,0,0,17-AUG-2016,
OPTIDX,BANKNIFTY,13-Oct-2016,20500,PE,0,0,0,1473.25,1387,0,0,0,0,17-AUG-2016,
OPTIDX,BANKNIFTY,13-Oct-2016,20600,PE,0,0,0,1554.7,1468.95,0,0,0,0,17-AUG-2016,
OPTIDX,BANKNIFTY,27-Oct-2016,17000,CE,0,0,0,1951.95,2302.85,0,0,0,0,17-AUG-2016,
OPTIDX,BANKNIFTY,27-Oct-2016,17100,CE,0,0,0,2014.95,2210.75,0,0,0,0,17-AUG-2016,
OPTIDX,BANKNIFTY,27-Oct-2016,17200,CE,0,0,0,1929.75,2119.6,0,0,0,0,17-AUG-2016,
OPTIDX,BANKNIFTY,27-Oct-2016,17300,CE,0,0,0,1845.95,2029.55,0,0,0,0,17-AUG-2016,
OPTIDX,BANKNIFTY,27-Oct-2016,17400,CE,0,0,0,1948.7,1940.7,0,0,0,0,17-AUG-2016,
OPTIDX,BANKNIFTY,27-Oct-2016,17500,CE,0,0,0,1993.15,1853.1,0,0,0,0,17-AUG-2016,
OPTIDX,BANKNIFTY,27-Oct-2016,17600,CE,0,0,0,1909.85,1766.9,0,0,0,0,17-AUG-2016,
OPTIDX,BANKNIFTY,27-Oct-2016,17700,CE,0,0,0,1828,1682.25,0,0,0,0,17-AUG-2016,
OPTIDX,BANKNIFTY,27-Oct-2016,17800,CE,0,0,0,1747.65,1599.15,0,0,0,0,17-AUG-2016,
OPTIDX,BANKNIFTY,27-Oct-2016,17900,CE,0,0,0,1668.9,1517.8,0,0,0,0,17-AUG-2016,
OPTIDX,BANKNIFTY,27-Oct-2016,18000,CE,0,0,0,1591.85,1438.3,0,0,0,0,17-AUG-2016,
OPTIDX,BANKNIFTY,27-Oct-2016,18100,CE,0,0,0,1516.5,1360.7,0,0,0,0,17-AUG-2016,
OPTIDX,BANKNIFTY,27-Oct-2016,18200,CE,0,0,0,1443.6,1285.1,0,0,0,0,17-AUG-2016,
OPTIDX,BANKNIFTY,27-Oct-2016,18300,CE,0,0,0,1371.8,1212.3,0,0,0,0,17-AUG-2016,
OPTIDX,BANKNIFTY,27-Oct-2016,18400,CE,0,0,0,1301.25,1140.2,0,0,0,0,17-AUG-2016,
OPTIDX,BANKNIFTY,27-Oct-2016,18500,CE,0,0,0,1233.55,1071.25,0,0,0,0,17-AUG-2016,
OPTIDX,BANKNIFTY,27-Oct-2016,18600,CE,0,0,0,1167.8,1004.65,0,0,0,0,17-AUG-2016,
OPTIDX,BANKNIFTY,27-Oct-2016,18700,CE,0,0,0,1104.2,940.5,0,0,0,0,17-AUG-2016,
OPTIDX,BANKNIFTY,27-Oct-2016,18800,CE,0,0,0,1042.65,878.8,0,0,0,0,17-AUG-2016,
OPTIDX,BANKNIFTY,27-Oct-2016,18900,CE,0,0,0,983.25,819.6,0,0,0,0,17-AUG-2016,
OPTIDX,BANKNIFTY,27-Oct-2016,19000,CE,0,0,0,925.95,762.95,0,0,0,0,17-AUG-2016,
OPTIDX,BANKNIFTY,27-Oct-2016,19100,CE,0,0,0,870.85,708.85,0,0,0,0,17-AUG-2016,
OPTIDX,BANKNIFTY,27-Oct-2016,19200,CE,0,0,0,817.95,657.3,0,0,0,0,17-AUG-2016,
OPTIDX,BANKNIFTY,27-Oct-2016,19300,CE,0,0,0,767.15,608.25,0,0,0,0,17-AUG-2016,
OPTIDX,BANKNIFTY,27-Oct-2016,19400,CE,0,0,0,718.5,561.8,0,0,0,0,17-AUG-2016,
OPTIDX,BANKNIFTY,27-Oct-2016,19500,CE,0,0,0,672.05,517.85,0,0,0,0,17-AUG-2016,
OPTIDX,BANKNIFTY,27-Oct-2016,19600,CE,0,0,0,627.75,476.4,0,0,0,0,17-AUG-2016,
OPTIDX,BANKNIFTY,27-Oct-2016,19700,CE,0,0,0,585.55,437.4,0,0,0,0,17-AUG-2016,
OPTIDX,BANKNIFTY,27-Oct-2016,19800,CE,0,0,0,545.4,400.75,0,0,0,0,17-AUG-2016,
OPTIDX,BANKNIFTY,27-Oct-2016,19900,CE,0,0,0,507.35,366.45,0,0,0,0,17-AUG-2016,
OPTIDX,BANKNIFTY,27-Oct-2016,20000,CE,236.45,275,236.45,261.55,261.55,9,72.89,760,320,17-AUG-2016,
OPTIDX,BANKNIFTY,27-Oct-2016,20100,CE,0,0,0,437.1,304.5,0,0,0,0,17-AUG-2016,
OPTIDX,BANKNIFTY,27-Oct-2016,20200,CE,0,0,0,404.9,276.75,0,0,0,0,17-AUG-2016,
OPTIDX,BANKNIFTY,27-Oct-2016,20300,CE,0,0,0,374.5,251.8,0,0,0,0,17-AUG-2016,
OPTIDX,BANKNIFTY,27-Oct-2016,20400,CE,0,0,0,345.9,228.2,0,0,0,0,17-AUG-2016,
OPTIDX,BANKNIFTY,27-Oct-2016,20500,CE,0,0,0,319.05,205.45,0,0,0,0,17-AUG-2016,
OPTIDX,BANKNIFTY,27-Oct-2016,20600,CE,0,0,0,294.8,185.25,0,0,0,0,17-AUG-2016,
OPTIDX,BANKNIFTY,27-Oct-2016,20700,CE,0,0,0,271.35,166.7,0,0,0,0,17-AUG-2016,
OPTIDX,BANKNIFTY,27-Oct-2016,17000,PE,0,0,0,78.6,34.95,0,0,0,0,17-AUG-2016,
OPTIDX,BANKNIFTY,27-Oct-2016,17100,PE,0,0,0,93.4,41.5,0,0,0,0,17-AUG-2016,
OPTIDX,BANKNIFTY,27-Oct-2016,17200,PE,0,0,0,106.55,49.05,0,0,0,0,17-AUG-2016,
OPTIDX,BANKNIFTY,27-Oct-2016,17300,PE,0,0,0,121.1,57.65,0,0,0,0,17-AUG-2016,
OPTIDX,BANKNIFTY,27-Oct-2016,17400,PE,0,0,0,106.4,67.45,0,0,0,0,17-AUG-2016,
OPTIDX,BANKNIFTY,27-Oct-2016,17500,PE,0,0,0,116,78.55,0,0,0,0,17-AUG-2016,
OPTIDX,BANKNIFTY,27-Oct-2016,17600,PE,0,0,0,130.95,91,0,0,0,0,17-AUG-2016,
OPTIDX,BANKNIFTY,27-Oct-2016,17700,PE,0,0,0,147.4,105,0,0,0,0,17-AUG-2016,
OPTIDX,BANKNIFTY,27-Oct-2016,17800,PE,0,0,0,165.35,120.6,0,0,0,0,17-AUG-2016,
OPTIDX,BANKNIFTY,27-Oct-2016,17900,PE,0,0,0,184.9,137.9,0,0,0,0,17-AUG-2016,
OPTIDX,BANKNIFTY,27-Oct-2016,18000,PE,0,0,0,206.1,157.05,0,0,0,0,17-AUG-2016,
OPTIDX,BANKNIFTY,27-Oct-2016,18100,PE,0,0,0,229,178.15,0,0,0,0,17-AUG-2016,
OPTIDX,BANKNIFTY,27-Oct-2016,18200,PE,0,0,0,254.45,201.2,0,0,0,0,17-AUG-2016,
OPTIDX,BANKNIFTY,27-Oct-2016,18300,PE,0,0,0,280.9,227.05,0,0,0,0,17-AUG-2016,
OPTIDX,BANKNIFTY,27-Oct-2016,18400,PE,0,0,0,308.65,253.6,0,0,0,0,17-AUG-2016,
OPTIDX,BANKNIFTY,27-Oct-2016,18500,PE,0,0,0,339.2,283.35,0,0,0,0,17-AUG-2016,
OPTIDX,BANKNIFTY,27-Oct-2016,18600,PE,0,0,0,371.75,315.45,0,0,0,0,17-AUG-2016,
OPTIDX,BANKNIFTY,27-Oct-2016,18700,PE,0,0,0,406.4,349.95,0,0,0,0,17-AUG-2016,
OPTIDX,BANKNIFTY,27-Oct-2016,18800,PE,0,0,0,443.15,386.9,0,0,0,0,17-AUG-2016,
OPTIDX,BANKNIFTY,27-Oct-2016,18900,PE,0,0,0,482,426.4,0,0,0,0,17-AUG-2016,
OPTIDX,BANKNIFTY,27-Oct-2016,19000,PE,0,0,0,523.05,468.4,0,0,0,0,17-AUG-2016,
OPTIDX,BANKNIFTY,27-Oct-2016,19100,PE,0,0,0,566.2,512.95,0,0,0,0,17-AUG-2016,
OPTIDX,BANKNIFTY,27-Oct-2016,19200,PE,0,0,0,611.55,560.1,0,0,0,0,17-AUG-2016,
OPTIDX,BANKNIFTY,27-Oct-2016,19300,PE,0,0,0,659.1,609.7,0,0,0,0,17-AUG-2016,
OPTIDX,BANKNIFTY,27-Oct-2016,19400,PE,0,0,0,708.7,661.9,0,0,0,0,17-AUG-2016,
OPTIDX,BANKNIFTY,27-Oct-2016,19500,PE,0,0,0,760.55,716.6,0,0,0,0,17-AUG-2016,
OPTIDX,BANKNIFTY,27-Oct-2016,19600,PE,0,0,0,814.5,773.85,0,0,0,0,17-AUG-2016,
OPTIDX,BANKNIFTY,27-Oct-2016,19700,PE,0,0,0,870.6,833.5,0,0,0,0,17-AUG-2016,
OPTIDX,BANKNIFTY,27-Oct-2016,19800,PE,0,0,0,928.75,895.5,0,0,0,0,17-AUG-2016,
OPTIDX,BANKNIFTY,27-Oct-2016,19900,PE,0,0,0,988.95,959.85,0,0,0,0,17-AUG-2016,
OPTIDX,BANKNIFTY,27-Oct-2016,20000,PE,0,0,0,1051.15,1026.5,0,0,0,0,17-AUG-2016,
OPTIDX,BANKNIFTY,27-Oct-2016,20100,PE,0,0,0,1115.3,1095.25,0,0,0,0,17-AUG-2016,
OPTIDX,BANKNIFTY,27-Oct-2016,20200,PE,0,0,0,1181.35,1166.15,0,0,0,0,17-AUG-2016,
OPTIDX,BANKNIFTY,27-Oct-2016,20300,PE,0,0,0,1249.25,1239.95,0,0,0,0,17-AUG-2016,
OPTIDX,BANKNIFTY,27-Oct-2016,20400,PE,0,0,0,1318.95,1314.95,0,0,0,0,17-AUG-2016,
OPTIDX,BANKNIFTY,27-Oct-2016,20500,PE,0,0,0,1390.35,1390.9,0,0,0,0,17-AUG-2016,
OPTIDX,BANKNIFTY,27-Oct-2016,20600,PE,0,0,0,1464.35,1469.35,0,0,0,0,17-AUG-2016,
OPTIDX,BANKNIFTY,27-Oct-2016,20700,PE,0,0,0,1539.25,1549.45,0,0,0,0,17-AUG-2016,
OPTIDX,FTSE100,19-Aug-2016,5100,CE,0,0,0,892.25,1795.85,0,0,0,0,17-AUG-2016,
OPTIDX,FTSE100,19-Aug-2016,5200,CE,0,0,0,913.95,1695.9,0,0,0,0,17-AUG-2016,
OPTIDX,FTSE100,19-Aug-2016,5300,CE,0,0,0,851.95,1595.9,0,0,0,0,17-AUG-2016,
OPTIDX,FTSE100,19-Aug-2016,5400,CE,0,0,0,866.6,1495.95,0,0,0,0,17-AUG-2016,
OPTIDX,FTSE100,19-Aug-2016,5500,CE,0,0,0,770.95,1396,0,0,0,0,17-AUG-2016,
OPTIDX,FTSE100,19-Aug-2016,5600,CE,0,0,0,677.3,1296.05,0,0,0,0,17-AUG-2016,
OPTIDX,FTSE100,19-Aug-2016,5700,CE,0,0,0,586.5,1196.05,0,0,0,0,17-AUG-2016,
OPTIDX,FTSE100,19-Aug-2016,5800,CE,0,0,0,499.75,1096.1,0,0,0,0,17-AUG-2016,
OPTIDX,FTSE100,19-Aug-2016,5900,CE,0,0,0,418.25,996.15,0,0,0,0,17-AUG-2016,
OPTIDX,FTSE100,19-Aug-2016,6000,CE,0,0,0,343.45,896.2,0,0,0,0,17-AUG-2016,
OPTIDX,FTSE100,19-Aug-2016,6100,CE,0,0,0,275.85,796.2,0,0,0,0,17-AUG-2016,
OPTIDX,FTSE100,19-Aug-2016,6200,CE,0,0,0,216.8,696.25,0,0,0,0,17-AUG-2016,
OPTIDX,FTSE100,19-Aug-2016,6300,CE,0,0,0,166.45,596.3,0,0,0,0,17-AUG-2016,
OPTIDX,FTSE100,19-Aug-2016,6400,CE,0,0,0,124.8,496.35,0,0,0,0,17-AUG-2016,
OPTIDX,FTSE100,19-Aug-2016,6500,CE,0,0,0,91.25,396.35,0,0,0,0,17-AUG-2016,
OPTIDX,FTSE100,19-Aug-2016,6600,CE,0,0,0,65.4,296.4,0,0,0,0,17-AUG-2016,
OPTIDX,FTSE100,19-Aug-2016,6700,CE,0,0,0,45.35,196.8,0,0,0,0,17-AUG-2016,
OPTIDX,FTSE100,19-Aug-2016,6800,CE,0,0,0,30.8,102.25,0,0,0,0,17-AUG-2016,
OPTIDX,FTSE100,19-Aug-2016,6900,CE,0,0,0,20.35,33.05,0,0,0,0,17-AUG-2016,
OPTIDX,FTSE100,19-Aug-2016,7000,CE,0,0,0,13.15,5.15,0,0,0,0,17-AUG-2016,
OPTIDX,FTSE100,19-Aug-2016,7100,CE,0,0,0,26.55,0.35,0,0,0,0,17-AUG-2016,
OPTIDX,FTSE100,19-Aug-2016,7200,CE,0,0,0,78.3,0.05,0,0,0,0,17-AUG-2016,
OPTIDX,FTSE100,19-Aug-2016,7300,CE,0,0,0,87.35,0,0,0,0,0,17-AUG-2016,
OPTIDX,FTSE100,19-Aug-2016,7400,CE,0,0,0,78.7,0,0,0,0,0,17-AUG-2016,
OPTIDX,FTSE100,19-Aug-2016,7500,CE,0,0,0,46.7,0,0,0,0,0,17-AUG-2016,
OPTIDX,FTSE100,19-Aug-2016,7600,CE,0,0,0,1.95,0,0,0,0,0,17-AUG-2016,
OPTIDX,FTSE100,19-Aug-2016,7700,CE,0,0,0,0.05,0,0,0,0,0,17-AUG-2016,
OPTIDX,FTSE100,19-Aug-2016,5100,PE,0,0,0,3.75,0,0,0,0,0,17-AUG-2016,
OPTIDX,FTSE100,19-Aug-2016,5200,PE,0,0,0,1.8,0,0,0,0,0,17-AUG-2016,
OPTIDX,FTSE100,19-Aug-2016,5300,PE,0,0,0,5.35,0,0,0,0,0,17-AUG-2016,
OPTIDX,FTSE100,19-Aug-2016,5400,PE,0,0,0,2.6,0,0,0,0,0,17-AUG-2016,
OPTIDX,FTSE100,19-Aug-2016,5500,PE,0,0,0,5.15,0,0,0,0,0,17-AUG-2016,
OPTIDX,FTSE100,19-Aug-2016,5600,PE,0,0,0,9.65,0,0,0,0,0,17-AUG-2016,
OPTIDX,FTSE100,19-Aug-2016,5700,PE,0,0,0,17.05,0,0,0,0,0,17-AUG-2016,
OPTIDX,FTSE100,19-Aug-2016,5800,PE,0,0,0,28.5,0,0,0,0,0,17-AUG-2016,
OPTIDX,FTSE100,19-Aug-2016,5900,PE,0,0,0,45.2,0,0,0,0,0,17-AUG-2016,
OPTIDX,FTSE100,19-Aug-2016,6000,PE,0,0,0,68.55,0,0,0,0,0,17-AUG-2016,
OPTIDX,FTSE100,19-Aug-2016,6100,PE,0,0,0,99.1,0,0,0,0,0,17-AUG-2016,
OPTIDX,FTSE100,19-Aug-2016,6200,PE,0,0,0,138.25,0,0,0,0,0,17-AUG-2016,
OPTIDX,FTSE100,19-Aug-2016,6300,PE,0,0,0,186.1,0,0,0,0,0,17-AUG-2016,
OPTIDX,FTSE100,19-Aug-2016,6400,PE,0,0,0,242.6,0,0,0,0,0,17-AUG-2016,
OPTIDX,FTSE100,19-Aug-2016,6500,PE,0,0,0,307.25,0,0,0,0,0,17-AUG-2016,
OPTIDX,FTSE100,19-Aug-2016,6600,PE,0,0,0,379.6,0.05,0,0,0,0,17-AUG-2016,
OPTIDX,FTSE100,19-Aug-2016,6700,PE,0,0,0,457.75,0.35,0,0,0,0,17-AUG-2016,
OPTIDX,FTSE100,19-Aug-2016,6800,PE,0,0,0,541.35,5.8,0,0,0,0,17-AUG-2016,
OPTIDX,FTSE100,19-Aug-2016,6900,PE,0,0,0,629.1,36.55,0,0,0,0,17-AUG-2016,
OPTIDX,FTSE100,19-Aug-2016,7000,PE,0,0,0,720.05,108.65,0,0,0,0,17-AUG-2016,
OPTIDX,FTSE100,19-Aug-2016,7100,PE,0,0,0,745.3,203.75,0,0,0,0,17-AUG-2016,
OPTIDX,FTSE100,19-Aug-2016,7200,PE,0,0,0,848.05,303.4,0,0,0,0,17-AUG-2016,
OPTIDX,FTSE100,19-Aug-2016,7300,PE,0,0,0,816.3,403.35,0,0,0,0,17-AUG-2016,
OPTIDX,FTSE100,19-Aug-2016,7400,PE,0,0,0,835.15,503.35,0,0,0,0,17-AUG-2016,
OPTIDX,FTSE100,19-Aug-2016,7500,PE,0,0,0,809.55,603.3,0,0,0,0,17-AUG-2016,
OPTIDX,FTSE100,19-Aug-2016,7600,PE,0,0,0,820.3,703.25,0,0,0,0,17-AUG-2016,
OPTIDX,FTSE100,19-Aug-2016,7700,PE,0,0,0,835.75,803.2,0,0,0,0,17-AUG-2016,
OPTIDX,FTSE100,16-Sep-2016,4700,CE,0,0,0,1168.75,2220.25,0,0,0,0,17-AUG-2016,
OPTIDX,FTSE100,16-Sep-2016,4800,CE,0,0,0,1174.5,2120.8,0,0,0,0,17-AUG-2016,
OPTIDX,FTSE100,16-Sep-2016,4900,CE,0,0,0,1131.4,2021.35,0,0,0,0,17-AUG-2016,
OPTIDX,FTSE100,16-Sep-2016,5000,CE,0,0,0,1118.35,1921.95,0,0,0,0,17-AUG-2016,
OPTIDX,FTSE100,16-Sep-2016,5100,CE,0,0,0,1422.85,1822.5,0,0,0,0,17-AUG-2016,
OPTIDX,FTSE100,16-Sep-2016,5200,CE,0,0,0,1356.8,1723.05,0,0,0,0,17-AUG-2016,
OPTIDX,FTSE100,16-Sep-2016,5300,CE,0,0,0,1458.45,1623.6,0,0,0,0,17-AUG-2016,
OPTIDX,FTSE100,16-Sep-2016,5400,CE,0,0,0,1392.7,1524.15,0,0,0,0,17-AUG-2016,
OPTIDX,FTSE100,16-Sep-2016,5500,CE,0,0,0,1328.85,1424.75,0,0,0,0,17-AUG-2016,
OPTIDX,FTSE100,16-Sep-2016,5600,CE,0,0,0,1267.05,1325.3,0,0,0,0,17-AUG-2016,
OPTIDX,FTSE100,16-Sep-2016,5700,CE,0,0,0,1206.95,1225.85,0,0,0,0,17-AUG-2016,
OPTIDX,FTSE100,16-Sep-2016,5800,CE,0,0,0,1149.15,1126.4,0,0,0,0,17-AUG-2016,
OPTIDX,FTSE100,16-Sep-2016,5900,CE,0,0,0,1093.35,1027,0,0,0,0,17-AUG-2016,
OPTIDX,FTSE100,16-Sep-2016,6000,CE,0,0,0,1039.55,927.65,0,0,0,0,17-AUG-2016,
OPTIDX,FTSE100,16-Sep-2016,6100,CE,0,0,0,987.75,828.55,0,0,0,0,17-AUG-2016,
OPTIDX,FTSE100,16-Sep-2016,6200,CE,0,0,0,937.95,729.9,0,0,0,0,17-AUG-2016,
OPTIDX,FTSE100,16-Sep-2016,6300,CE,0,0,0,890.05,632.3,0,0,0,0,17-AUG-2016,
OPTIDX,FTSE100,16-Sep-2016,6400,CE,0,0,0,844.1,536.75,0,0,0,0,17-AUG-2016,
OPTIDX,FTSE100,16-Sep-2016,6500,CE,0,0,0,800,444.7,0,0,0,0,17-AUG-2016,
OPTIDX,FTSE100,16-Sep-2016,6600,CE,0,0,0,757.8,358.1,0,0,0,0,17-AUG-2016,
OPTIDX,FTSE100,16-Sep-2016,6700,CE,0,0,0,717.4,279.05,0,0,0,0,17-AUG-2016,
OPTIDX,FTSE100,16-Sep-2016,6800,CE,0,0,0,678.75,209.55,0,0,0,0,17-AUG-2016,
OPTIDX,FTSE100,16-Sep-2016,6900,CE,0,0,0,641.9,151.2,0,0,0,0,17-AUG-2016,
OPTIDX,FTSE100,16-Sep-2016,7000,CE,0,0,0,609.3,104.4,0,0,0,0,17-AUG-2016,
OPTIDX,FTSE100,16-Sep-2016,7100,CE,0,0,0,689.6,68.9,0,0,0,0,17-AUG-2016,
OPTIDX,FTSE100,16-Sep-2016,7200,CE,0,0,0,615.95,43.4,0,0,0,0,17-AUG-2016,
OPTIDX,FTSE100,16-Sep-2016,7300,CE,0,0,0,160.8,26.05,0,0,0,0,17-AUG-2016,
OPTIDX,FTSE100,16-Sep-2016,7400,CE,0,0,0,150,14.85,0,0,0,0,17-AUG-2016,
OPTIDX,FTSE100,16-Sep-2016,7500,CE,0,0,0,109.2,8.05,0,0,0,0,17-AUG-2016,
OPTIDX,FTSE100,16-Sep-2016,7600,CE,0,0,0,21.7,4.15,0,0,0,0,17-AUG-2016,
OPTIDX,FTSE100,16-Sep-2016,7700,CE,0,0,0,5.25,2.05,0,0,0,0,17-AUG-2016,
OPTIDX,FTSE100,16-Sep-2016,4700,PE,0,0,0,114.65,0,0,0,0,0,17-AUG-2016,
OPTIDX,FTSE100,16-Sep-2016,4800,PE,0,0,0,116.55,0,0,0,0,0,17-AUG-2016,
OPTIDX,FTSE100,16-Sep-2016,4900,PE,0,0,0,118.1,0,0,0,0,0,17-AUG-2016,
OPTIDX,FTSE100,16-Sep-2016,5000,PE,0,0,0,68.55,0,0,0,0,0,17-AUG-2016,
OPTIDX,FTSE100,16-Sep-2016,5100,PE,0,0,0,213.6,0,0,0,0,0,17-AUG-2016,
OPTIDX,FTSE100,16-Sep-2016,5200,PE,0,0,0,240.25,0,0,0,0,0,17-AUG-2016,
OPTIDX,FTSE100,16-Sep-2016,5300,PE,0,0,0,222.7,0,0,0,0,0,17-AUG-2016,
OPTIDX,FTSE100,16-Sep-2016,5400,PE,0,0,0,249.4,0,0,0,0,0,17-AUG-2016,
OPTIDX,FTSE100,16-Sep-2016,5500,PE,0,0,0,278.05,0,0,0,0,0,17-AUG-2016,
OPTIDX,FTSE100,16-Sep-2016,5600,PE,0,0,0,308.7,0,0,0,0,0,17-AUG-2016,
OPTIDX,FTSE100,16-Sep-2016,5700,PE,0,0,0,341.1,0,0,0,0,0,17-AUG-2016,
OPTIDX,FTSE100,16-Sep-2016,5800,PE,0,0,0,375.8,0.05,0,0,0,0,17-AUG-2016,
OPTIDX,FTSE100,16-Sep-2016,5900,PE,0,0,0,412.5,0.05,0,0,0,0,17-AUG-2016,
OPTIDX,FTSE100,16-Sep-2016,6000,PE,0,0,0,451.2,0.15,0,0,0,0,17-AUG-2016,
OPTIDX,FTSE100,16-Sep-2016,6100,PE,0,0,0,491.9,0.45,0,0,0,0,17-AUG-2016,
OPTIDX,FTSE100,16-Sep-2016,6200,PE,0,0,0,534.55,1.25,0,0,0,0,17-AUG-2016,
OPTIDX,FTSE100,16-Sep-2016,6300,PE,0,0,0,579.15,3.1,0,0,0,0,17-AUG-2016,
OPTIDX,FTSE100,16-Sep-2016,6400,PE,0,0,0,625.65,7,0,0,0,0,17-AUG-2016,
OPTIDX,FTSE100,16-Sep-2016,6500,PE,0,0,0,674.1,14.4,0,0,0,0,17-AUG-2016,
OPTIDX,FTSE100,16-Sep-2016,6600,PE,0,0,0,724.35,27.25,0,0,0,0,17-AUG-2016,
OPTIDX,FTSE100,16-Sep-2016,6700,PE,0,0,0,776.45,47.65,0,0,0,0,17-AUG-2016,
OPTIDX,FTSE100,16-Sep-2016,6800,PE,0,0,0,830.3,77.6,0,0,0,0,17-AUG-2016,
OPTIDX,FTSE100,16-Sep-2016,6900,PE,0,0,0,885.9,118.65,0,0,0,0,17-AUG-2016,
OPTIDX,FTSE100,16-Sep-2016,7000,PE,0,0,0,901.2,171.3,0,0,0,0,17-AUG-2016,
OPTIDX,FTSE100,16-Sep-2016,7100,PE,0,0,0,1020.35,235.2,0,0,0,0,17-AUG-2016,
OPTIDX,FTSE100,16-Sep-2016,7200,PE,0,0,0,969.6,309.15,0,0,0,0,17-AUG-2016,
OPTIDX,FTSE100,16-Sep-2016,7300,PE,0,0,0,850.3,391.25,0,0,0,0,17-AUG-2016,
OPTIDX,FTSE100,16-Sep-2016,7400,PE,0,0,0,866.7,479.5,0,0,0,0,17-AUG-2016,
OPTIDX,FTSE100,16-Sep-2016,7500,PE,0,0,0,832.25,572.15,0,0,0,0,17-AUG-2016,
OPTIDX,FTSE100,16-Sep-2016,7600,PE,0,0,0,799.3,667.7,0,0,0,0,17-AUG-2016,
OPTIDX,FTSE100,16-Sep-2016,7700,PE,0,0,0,800.15,765.05,0,0,0,0,17-AUG-2016,
OPTIDX,FTSE100,21-Oct-2016,5800,CE,0,0,0,942.35,1165.5,0,0,0,0,17-AUG-2016,
OPTIDX,FTSE100,21-Oct-2016,5900,CE,0,0,0,964.2,1067.5,0,0,0,0,17-AUG-2016,
OPTIDX,FTSE100,21-Oct-2016,6000,CE,0,0,0,886.2,970.2,0,0,0,0,17-AUG-2016,
OPTIDX,FTSE100,21-Oct-2016,6100,CE,0,0,0,811.65,874,0,0,0,0,17-AUG-2016,
OPTIDX,FTSE100,21-Oct-2016,6200,CE,0,0,0,740.3,779.5,0,0,0,0,17-AUG-2016,
OPTIDX,FTSE100,21-Oct-2016,6300,CE,0,0,0,672.4,687.45,0,0,0,0,17-AUG-2016,
OPTIDX,FTSE100,21-Oct-2016,6400,CE,0,0,0,608.6,598.7,0,0,0,0,17-AUG-2016,
OPTIDX,FTSE100,21-Oct-2016,6500,CE,0,0,0,548.7,514.3,0,0,0,0,17-AUG-2016,
OPTIDX,FTSE100,21-Oct-2016,6600,CE,0,0,0,492.8,435.25,0,0,0,0,17-AUG-2016,
OPTIDX,FTSE100,21-Oct-2016,6700,CE,0,0,0,440.85,362.35,0,0,0,0,17-AUG-2016,
OPTIDX,FTSE100,21-Oct-2016,6800,CE,0,0,0,392.8,296.65,0,0,0,0,17-AUG-2016,
OPTIDX,FTSE100,21-Oct-2016,6900,CE,0,0,0,348.65,238.55,0,0,0,0,17-AUG-2016,
OPTIDX,FTSE100,21-Oct-2016,7000,CE,0,0,0,308.25,188.25,0,0,0,0,17-AUG-2016,
OPTIDX,FTSE100,21-Oct-2016,7100,CE,0,0,0,271.5,145.75,0,0,0,0,17-AUG-2016,
OPTIDX,FTSE100,21-Oct-2016,7200,CE,0,0,0,238.25,110.65,0,0,0,0,17-AUG-2016,
OPTIDX,FTSE100,21-Oct-2016,7300,CE,0,0,0,208.25,82.35,0,0,0,0,17-AUG-2016,
OPTIDX,FTSE100,21-Oct-2016,7400,CE,0,0,0,181.4,60.2,0,0,0,0,17-AUG-2016,
OPTIDX,FTSE100,21-Oct-2016,7500,CE,0,0,0,157.8,43.05,0,0,0,0,17-AUG-2016,
OPTIDX,FTSE100,21-Oct-2016,7600,CE,0,0,0,61.95,30.2,0,0,0,0,17-AUG-2016,
OPTIDX,FTSE100,21-Oct-2016,7700,CE,0,0,0,29.9,20.75,0,0,0,0,17-AUG-2016,
OPTIDX,FTSE100,21-Oct-2016,5800,PE,0,0,0,10.85,0.75,0,0,0,0,17-AUG-2016,
OPTIDX,FTSE100,21-Oct-2016,5900,PE,0,0,0,83.5,1.55,0,0,0,0,17-AUG-2016,
OPTIDX,FTSE100,21-Oct-2016,6000,PE,0,0,0,103.6,3,0,0,0,0,17-AUG-2016,
OPTIDX,FTSE100,21-Oct-2016,6100,PE,0,0,0,127.2,5.6,0,0,0,0,17-AUG-2016,
OPTIDX,FTSE100,21-Oct-2016,6200,PE,0,0,0,153.95,9.9,0,0,0,0,17-AUG-2016,
OPTIDX,FTSE100,21-Oct-2016,6300,PE,0,0,0,184.2,16.6,0,0,0,0,17-AUG-2016,
OPTIDX,FTSE100,21-Oct-2016,6400,PE,0,0,0,218.5,26.65,0,0,0,0,17-AUG-2016,
OPTIDX,FTSE100,21-Oct-2016,6500,PE,0,0,0,256.75,41,0,0,0,0,17-AUG-2016,
OPTIDX,FTSE100,21-Oct-2016,6600,PE,0,0,0,298.95,60.7,0,0,0,0,17-AUG-2016,
OPTIDX,FTSE100,21-Oct-2016,6700,PE,0,0,0,345.15,86.6,0,0,0,0,17-AUG-2016,
OPTIDX,FTSE100,21-Oct-2016,6800,PE,0,0,0,395.2,119.7,0,0,0,0,17-AUG-2016,
OPTIDX,FTSE100,21-Oct-2016,6900,PE,0,0,0,449.2,160.35,0,0,0,0,17-AUG-2016,
OPTIDX,FTSE100,21-Oct-2016,7000,PE,0,0,0,506.95,208.85,0,0,0,0,17-AUG-2016,
OPTIDX,FTSE100,21-Oct-2016,7100,PE,0,0,0,568.35,265.1,0,0,0,0,17-AUG-2016,
OPTIDX,FTSE100,21-Oct-2016,7200,PE,0,0,0,633.2,328.8,0,0,0,0,17-AUG-2016,
OPTIDX,FTSE100,21-Oct-2016,7300,PE,0,0,0,701.35,399.3,0,0,0,0,17-AUG-2016,
OPTIDX,FTSE100,21-Oct-2016,7400,PE,0,0,0,772.6,475.9,0,0,0,0,17-AUG-2016,
OPTIDX,FTSE100,21-Oct-2016,7500,PE,0,0,0,847.15,557.55,0,0,0,0,17-AUG-2016,
OPTIDX,FTSE100,21-Oct-2016,7600,PE,0,0,0,789.5,643.45,0,0,0,0,17-AUG-2016,
OPTIDX,FTSE100,21-Oct-2016,7700,PE,0,0,0,774.2,732.8,0,0,0,0,17-AUG-2016,
OPTIDX,FTSE100,16-Dec-2016,4700,CE,0,0,0,1297.65,2300.25,0,0,0,0,17-AUG-2016,
OPTIDX,FTSE100,16-Dec-2016,4800,CE,0,0,0,1304.45,2202.5,0,0,0,0,17-AUG-2016,
OPTIDX,FTSE100,16-Dec-2016,4900,CE,0,0,0,1254,2104.75,0,0,0,0,17-AUG-2016,
OPTIDX,FTSE100,16-Dec-2016,5000,CE,0,0,0,1230.55,2007.05,0,0,0,0,17-AUG-2016,
OPTIDX,FTSE100,16-Dec-2016,5100,CE,0,0,0,1262.35,1909.35,0,0,0,0,17-AUG-2016,
OPTIDX,FTSE100,16-Dec-2016,5200,CE,0,0,0,1288.9,1811.7,0,0,0,0,17-AUG-2016,
OPTIDX,FTSE100,16-Dec-2016,5300,CE,0,0,0,1293.1,1714.1,0,0,0,0,17-AUG-2016,
OPTIDX,FTSE100,16-Dec-2016,5400,CE,0,0,0,1220.1,1616.65,0,0,0,0,17-AUG-2016,
OPTIDX,FTSE100,16-Dec-2016,5500,CE,0,0,0,1149.35,1519.4,0,0,0,0,17-AUG-2016,
OPTIDX,FTSE100,16-Dec-2016,5600,CE,0,0,0,1081.1,1422.5,0,0,0,0,17-AUG-2016,
OPTIDX,FTSE100,16-Dec-2016,5700,CE,0,0,0,1015.15,1326.1,0,0,0,0,17-AUG-2016,
OPTIDX,FTSE100,16-Dec-2016,5800,CE,0,0,0,951.65,1230.45,0,0,0,0,17-AUG-2016,
OPTIDX,FTSE100,16-Dec-2016,5900,CE,0,0,0,890.6,1135.9,0,0,0,0,17-AUG-2016,
OPTIDX,FTSE100,16-Dec-2016,6000,CE,0,0,0,832.35,1042.7,0,0,0,0,17-AUG-2016,
OPTIDX,FTSE100,16-Dec-2016,6100,CE,0,0,0,776.75,951.4,0,0,0,0,17-AUG-2016,
OPTIDX,FTSE100,16-Dec-2016,6200,CE,0,0,0,723.75,862.4,0,0,0,0,17-AUG-2016,
OPTIDX,FTSE100,16-Dec-2016,6300,CE,0,0,0,673.35,776.35,0,0,0,0,17-AUG-2016,
OPTIDX,FTSE100,16-Dec-2016,6400,CE,0,0,0,625.55,693.65,0,0,0,0,17-AUG-2016,
OPTIDX,FTSE100,16-Dec-2016,6500,CE,0,0,0,580.25,615,0,0,0,0,17-AUG-2016,
OPTIDX,FTSE100,16-Dec-2016,6600,CE,0,0,0,537.5,541,0,0,0,0,17-AUG-2016,
OPTIDX,FTSE100,16-Dec-2016,6700,CE,0,0,0,497.25,471.4,0,0,0,0,17-AUG-2016,
OPTIDX,FTSE100,16-Dec-2016,6800,CE,0,0,0,459.35,407.4,0,0,0,0,17-AUG-2016,
OPTIDX,FTSE100,16-Dec-2016,6900,CE,0,0,0,423.8,348.95,0,0,0,0,17-AUG-2016,
OPTIDX,FTSE100,16-Dec-2016,7000,CE,0,0,0,466,296.15,0,0,0,0,17-AUG-2016,
OPTIDX,FTSE100,16-Dec-2016,7100,CE,0,0,0,419.5,248.95,0,0,0,0,17-AUG-2016,
OPTIDX,FTSE100,16-Dec-2016,7200,CE,0,0,0,238.7,207.35,0,0,0,0,17-AUG-2016,
OPTIDX,FTSE100,16-Dec-2016,7300,CE,0,0,0,374.35,171.05,0,0,0,0,17-AUG-2016,
OPTIDX,FTSE100,16-Dec-2016,7400,CE,0,0,0,360.15,139.8,0,0,0,0,17-AUG-2016,
OPTIDX,FTSE100,16-Dec-2016,7500,CE,0,0,0,304.15,113.45,0,0,0,0,17-AUG-2016,
OPTIDX,FTSE100,16-Dec-2016,7600,CE,0,0,0,136.4,90.85,0,0,0,0,17-AUG-2016,
OPTIDX,FTSE100,16-Dec-2016,7700,CE,0,0,0,87.65,72.2,0,0,0,0,17-AUG-2016,
OPTIDX,FTSE100,16-Dec-2016,4700,PE,0,0,0,154.7,0,0,0,0,0,17-AUG-2016,
OPTIDX,FTSE100,16-Dec-2016,4800,PE,0,0,0,155.8,0.05,0,0,0,0,17-AUG-2016,
OPTIDX,FTSE100,16-Dec-2016,4900,PE,0,0,0,152.55,0.05,0,0,0,0,17-AUG-2016,
OPTIDX,FTSE100,16-Dec-2016,5000,PE,0,0,0,91.5,0.05,0,0,0,0,17-AUG-2016,
OPTIDX,FTSE100,16-Dec-2016,5100,PE,0,0,0,107.55,0.1,0,0,0,0,17-AUG-2016,
OPTIDX,FTSE100,16-Dec-2016,5200,PE,0,0,0,86.6,0.15,0,0,0,0,17-AUG-2016,
OPTIDX,FTSE100,16-Dec-2016,5300,PE,0,0,0,114.05,0.35,0,0,0,0,17-AUG-2016,
OPTIDX,FTSE100,16-Dec-2016,5400,PE,0,0,0,133.95,0.6,0,0,0,0,17-AUG-2016,
OPTIDX,FTSE100,16-Dec-2016,5500,PE,0,0,0,156.1,1.1,0,0,0,0,17-AUG-2016,
OPTIDX,FTSE100,16-Dec-2016,5600,PE,0,0,0,180.75,1.95,0,0,0,0,17-AUG-2016,
OPTIDX,FTSE100,16-Dec-2016,5700,PE,0,0,0,207.65,3.3,0,0,0,0,17-AUG-2016,
OPTIDX,FTSE100,16-Dec-2016,5800,PE,0,0,0,237.1,5.4,0,0,0,0,17-AUG-2016,
OPTIDX,FTSE100,16-Dec-2016,5900,PE,0,0,0,268.9,8.55,0,0,0,0,17-AUG-2016,
OPTIDX,FTSE100,16-Dec-2016,6000,PE,0,0,0,303.55,13.1,0,0,0,0,17-AUG-2016,
OPTIDX,FTSE100,16-Dec-2016,6100,PE,0,0,0,340.85,19.5,0,0,0,0,17-AUG-2016,
OPTIDX,FTSE100,16-Dec-2016,6200,PE,0,0,0,380.75,28.3,0,0,0,0,17-AUG-2016,
OPTIDX,FTSE100,16-Dec-2016,6300,PE,0,0,0,423.25,39.95,0,0,0,0,17-AUG-2016,
OPTIDX,FTSE100,16-Dec-2016,6400,PE,0,0,0,468.35,55,0,0,0,0,17-AUG-2016,
OPTIDX,FTSE100,16-Dec-2016,6500,PE,0,0,0,515.95,74.05,0,0,0,0,17-AUG-2016,
OPTIDX,FTSE100,16-Dec-2016,6600,PE,0,0,0,566.1,97.8,0,0,0,0,17-AUG-2016,
OPTIDX,FTSE100,16-Dec-2016,6700,PE,0,0,0,618.75,125.95,0,0,0,0,17-AUG-2016,
OPTIDX,FTSE100,16-Dec-2016,6800,PE,0,0,0,673.75,159.7,0,0,0,0,17-AUG-2016,
OPTIDX,FTSE100,16-Dec-2016,6900,PE,0,0,0,731.05,198.95,0,0,0,0,17-AUG-2016,
OPTIDX,FTSE100,16-Dec-2016,7000,PE,0,0,0,736.4,243.9,0,0,0,0,17-AUG-2016,
OPTIDX,FTSE100,16-Dec-2016,7100,PE,0,0,0,770.6,294.45,0,0,0,0,17-AUG-2016,
OPTIDX,FTSE100,16-Dec-2016,7200,PE,0,0,0,700,350.6,0,0,0,0,17-AUG-2016,
OPTIDX,FTSE100,16-Dec-2016,7300,PE,0,0,0,937.1,412.05,0,0,0,0,17-AUG-2016,
OPTIDX,FTSE100,16-Dec-2016,7400,PE,0,0,0,949.25,478.5,0,0,0,0,17-AUG-2016,
OPTIDX,FTSE100,16-Dec-2016,7500,PE,0,0,0,899.45,549.95,0,0,0,0,17-AUG-2016,
OPTIDX,FTSE100,16-Dec-2016,7600,PE,0,0,0,784.65,625.05,0,0,0,0,17-AUG-2016,
OPTIDX,FTSE100,16-Dec-2016,7700,PE,0,0,0,751.75,704.15,0,0,0,0,17-AUG-2016,
OPTIDX,FTSE100,17-Mar-2017,5100,CE,0,0,0,1140.45,1995.3,0,0,0,0,17-AUG-2016,
OPTIDX,FTSE100,17-Mar-2017,5200,CE,0,0,0,1152.15,1899.85,0,0,0,0,17-AUG-2016,
OPTIDX,FTSE100,17-Mar-2017,5300,CE,0,0,0,1317.65,1804.75,0,0,0,0,17-AUG-2016,
OPTIDX,FTSE100,17-Mar-2017,5400,CE,0,0,0,1365.85,1710.05,0,0,0,0,17-AUG-2016,
OPTIDX,FTSE100,17-Mar-2017,5500,CE,0,0,0,1295.3,1615.95,0,0,0,0,17-AUG-2016,
OPTIDX,FTSE100,17-Mar-2017,5600,CE,0,0,0,1227.05,1522.6,0,0,0,0,17-AUG-2016,
OPTIDX,FTSE100,17-Mar-2017,5700,CE,0,0,0,1160.8,1430.2,0,0,0,0,17-AUG-2016,
OPTIDX,FTSE100,17-Mar-2017,5800,CE,0,0,0,1096.75,1339.05,0,0,0,0,17-AUG-2016,
OPTIDX,FTSE100,17-Mar-2017,5900,CE,0,0,0,1034.75,1249.35,0,0,0,0,17-AUG-2016,
OPTIDX,FTSE100,17-Mar-2017,6000,CE,0,0,0,975.4,1161.45,0,0,0,0,17-AUG-2016,
OPTIDX,FTSE100,17-Mar-2017,6100,CE,0,0,0,918.35,1075.65,0,0,0,0,17-AUG-2016,
OPTIDX,FTSE100,17-Mar-2017,6200,CE,0,0,0,863.65,992.2,0,0,0,0,17-AUG-2016,
OPTIDX,FTSE100,17-Mar-2017,6300,CE,0,0,0,811.25,911.45,0,0,0,0,17-AUG-2016,
OPTIDX,FTSE100,17-Mar-2017,6400,CE,0,0,0,761.2,833.75,0,0,0,0,17-AUG-2016,
OPTIDX,FTSE100,17-Mar-2017,6500,CE,0,0,0,713.45,759.3,0,0,0,0,17-AUG-2016,
OPTIDX,FTSE100,17-Mar-2017,6600,CE,0,0,0,667.95,688.6,0,0,0,0,17-AUG-2016,
OPTIDX,FTSE100,17-Mar-2017,6700,CE,0,0,0,624.75,621.2,0,0,0,0,17-AUG-2016,
OPTIDX,FTSE100,17-Mar-2017,6800,CE,0,0,0,583.7,558.05,0,0,0,0,17-AUG-2016,
OPTIDX,FTSE100,17-Mar-2017,6900,CE,0,0,0,544.8,498.95,0,0,0,0,17-AUG-2016,
OPTIDX,FTSE100,17-Mar-2017,7000,CE,0,0,0,508,444.05,0,0,0,0,17-AUG-2016,
OPTIDX,FTSE100,17-Mar-2017,7100,CE,0,0,0,360.5,393.3,0,0,0,0,17-AUG-2016,
OPTIDX,FTSE100,17-Mar-2017,7200,CE,0,0,0,349.6,346.65,0,0,0,0,17-AUG-2016,
OPTIDX,FTSE100,17-Mar-2017,7300,CE,0,0,0,558.7,304.1,0,0,0,0,17-AUG-2016,
OPTIDX,FTSE100,17-Mar-2017,7400,CE,0,0,0,543,265.55,0,0,0,0,17-AUG-2016,
OPTIDX,FTSE100,17-Mar-2017,7500,CE,0,0,0,476.85,230.75,0,0,0,0,17-AUG-2016,
OPTIDX,FTSE100,17-Mar-2017,7600,CE,0,0,0,259.7,199.6,0,0,0,0,17-AUG-2016,
OPTIDX,FTSE100,17-Mar-2017,7700,CE,0,0,0,193.95,171.85,0,0,0,0,17-AUG-2016,
OPTIDX,FTSE100,17-Mar-2017,5100,PE,0,0,0,47.6,1.05,0,0,0,0,17-AUG-2016,
OPTIDX,FTSE100,17-Mar-2017,5200,PE,0,0,0,32.05,1.65,0,0,0,0,17-AUG-2016,
OPTIDX,FTSE100,17-Mar-2017,5300,PE,0,0,0,108.85,2.6,0,0,0,0,17-AUG-2016,
OPTIDX,FTSE100,17-Mar-2017,5400,PE,0,0,0,142.45,4,0,0,0,0,17-AUG-2016,
OPTIDX,FTSE100,17-Mar-2017,5500,PE,0,0,0,164.1,5.95,0,0,0,0,17-AUG-2016,
OPTIDX,FTSE100,17-Mar-2017,5600,PE,0,0,0,188.05,8.65,0,0,0,0,17-AUG-2016,
OPTIDX,FTSE100,17-Mar-2017,5700,PE,0,0,0,213.95,12.35,0,0,0,0,17-AUG-2016,
OPTIDX,FTSE100,17-Mar-2017,5800,PE,0,0,0,242.1,17.25,0,0,0,0,17-AUG-2016,
OPTIDX,FTSE100,17-Mar-2017,5900,PE,0,0,0,272.3,23.65,0,0,0,0,17-AUG-2016,
OPTIDX,FTSE100,17-Mar-2017,6000,PE,0,0,0,305.1,31.85,0,0,0,0,17-AUG-2016,
OPTIDX,FTSE100,17-Mar-2017,6100,PE,0,0,0,340.2,42.05,0,0,0,0,17-AUG-2016,
OPTIDX,FTSE100,17-Mar-2017,6200,PE,0,0,0,377.7,54.7,0,0,0,0,17-AUG-2016,
OPTIDX,FTSE100,17-Mar-2017,6300,PE,0,0,0,417.5,70.05,0,0,0,0,17-AUG-2016,
OPTIDX,FTSE100,17-Mar-2017,6400,PE,0,0,0,459.6,88.4,0,0,0,0,17-AUG-2016,
OPTIDX,FTSE100,17-Mar-2017,6500,PE,0,0,0,504.05,110.05,0,0,0,0,17-AUG-2016,
OPTIDX,FTSE100,17-Mar-2017,6600,PE,0,0,0,550.75,135.4,0,0,0,0,17-AUG-2016,
OPTIDX,FTSE100,17-Mar-2017,6700,PE,0,0,0,599.7,164.05,0,0,0,0,17-AUG-2016,
OPTIDX,FTSE100,17-Mar-2017,6800,PE,0,0,0,650.85,197,0,0,0,0,17-AUG-2016,
OPTIDX,FTSE100,17-Mar-2017,6900,PE,0,0,0,704.1,234,0,0,0,0,17-AUG-2016,
OPTIDX,FTSE100,17-Mar-2017,7000,PE,0,0,0,759.5,275.15,0,0,0,0,17-AUG-2016,
OPTIDX,FTSE100,17-Mar-2017,7100,PE,0,0,0,665.45,320.45,0,0,0,0,17-AUG-2016,
OPTIDX,FTSE100,17-Mar-2017,7200,PE,0,0,0,688.55,369.9,0,0,0,0,17-AUG-2016,
OPTIDX,FTSE100,17-Mar-2017,7300,PE,0,0,0,996.9,423.4,0,0,0,0,17-AUG-2016,
OPTIDX,FTSE100,17-Mar-2017,7400,PE,0,0,0,1006.65,480.9,0,0,0,0,17-AUG-2016,
OPTIDX,FTSE100,17-Mar-2017,7500,PE,0,0,0,946.6,542.2,0,0,0,0,17-AUG-2016,
OPTIDX,FTSE100,17-Mar-2017,7600,PE,0,0,0,780.85,607.1,0,0,0,0,17-AUG-2016,
OPTIDX,FTSE100,17-Mar-2017,7700,PE,0,0,0,729.5,675.45,0,0,0,0,17-AUG-2016,
OPTIDX,FTSE100,16-Jun-2017,5200,CE,0,0,0,1199.1,1988.1,0,0,0,0,17-AUG-2016,
OPTIDX,FTSE100,16-Jun-2017,5300,CE,0,0,0,1122.1,1895.6,0,0,0,0,17-AUG-2016,
OPTIDX,FTSE100,16-Jun-2017,5400,CE,0,0,0,1047.5,1803.8,0,0,0,0,17-AUG-2016,
OPTIDX,FTSE100,16-Jun-2017,5500,CE,0,0,0,975.55,1712.75,0,0,0,0,17-AUG-2016,
OPTIDX,FTSE100,16-Jun-2017,5600,CE,0,0,0,906.45,1622.7,0,0,0,0,17-AUG-2016,
OPTIDX,FTSE100,16-Jun-2017,5700,CE,0,0,0,840,1533.8,0,0,0,0,17-AUG-2016,
OPTIDX,FTSE100,16-Jun-2017,5800,CE,0,0,0,776.3,1446.25,0,0,0,0,17-AUG-2016,
OPTIDX,FTSE100,16-Jun-2017,5900,CE,0,0,0,715.95,1360.25,0,0,0,0,17-AUG-2016,
OPTIDX,FTSE100,16-Jun-2017,6000,CE,0,0,0,658.7,1276.05,0,0,0,0,17-AUG-2016,
OPTIDX,FTSE100,16-Jun-2017,6100,CE,0,0,0,604.6,1193.85,0,0,0,0,17-AUG-2016,
OPTIDX,FTSE100,16-Jun-2017,6200,CE,0,0,0,553.55,1113.85,0,0,0,0,17-AUG-2016,
OPTIDX,FTSE100,16-Jun-2017,6300,CE,0,0,0,505.7,1036.3,0,0,0,0,17-AUG-2016,
OPTIDX,FTSE100,16-Jun-2017,6400,CE,0,0,0,460.85,961.4,0,0,0,0,17-AUG-2016,
OPTIDX,FTSE100,16-Jun-2017,6500,CE,0,0,0,419.05,889.25,0,0,0,0,17-AUG-2016,
OPTIDX,FTSE100,16-Jun-2017,6600,CE,0,0,0,380.15,820.25,0,0,0,0,17-AUG-2016,
OPTIDX,FTSE100,16-Jun-2017,6700,CE,0,0,0,344.1,753.9,0,0,0,0,17-AUG-2016,
OPTIDX,FTSE100,16-Jun-2017,6800,CE,0,0,0,310.8,691.1,0,0,0,0,17-AUG-2016,
OPTIDX,FTSE100,16-Jun-2017,6900,CE,0,0,0,466.4,631.6,0,0,0,0,17-AUG-2016,
OPTIDX,FTSE100,16-Jun-2017,7000,CE,0,0,0,430.85,575.5,0,0,0,0,17-AUG-2016,
OPTIDX,FTSE100,16-Jun-2017,7100,CE,0,0,0,389.95,522.8,0,0,0,0,17-AUG-2016,
OPTIDX,FTSE100,16-Jun-2017,7200,CE,0,0,0,675.35,473.45,0,0,0,0,17-AUG-2016,
OPTIDX,FTSE100,16-Jun-2017,7300,CE,0,0,0,723.95,427.45,0,0,0,0,17-AUG-2016,
OPTIDX,FTSE100,16-Jun-2017,7400,CE,0,0,0,707.35,384.8,0,0,0,0,17-AUG-2016,
OPTIDX,FTSE100,16-Jun-2017,7500,CE,0,0,0,633.45,345.35,0,0,0,0,17-AUG-2016,
OPTIDX,FTSE100,16-Jun-2017,7600,CE,0,0,0,380.15,309.05,0,0,0,0,17-AUG-2016,
OPTIDX,FTSE100,16-Jun-2017,7700,CE,0,0,0,302.65,275.75,0,0,0,0,17-AUG-2016,
OPTIDX,FTSE100,16-Jun-2017,5200,PE,0,0,0,72.05,4.7,0,0,0,0,17-AUG-2016,
OPTIDX,FTSE100,16-Jun-2017,5300,PE,0,0,0,88.1,6.65,0,0,0,0,17-AUG-2016,
OPTIDX,FTSE100,16-Jun-2017,5400,PE,0,0,0,106.6,9.25,0,0,0,0,17-AUG-2016,
OPTIDX,FTSE100,16-Jun-2017,5500,PE,0,0,0,127.7,12.65,0,0,0,0,17-AUG-2016,
OPTIDX,FTSE100,16-Jun-2017,5600,PE,0,0,0,151.65,17.05,0,0,0,0,17-AUG-2016,
OPTIDX,FTSE100,16-Jun-2017,5700,PE,0,0,0,178.3,22.55,0,0,0,0,17-AUG-2016,
OPTIDX,FTSE100,16-Jun-2017,5800,PE,0,0,0,207.7,29.45,0,0,0,0,17-AUG-2016,
OPTIDX,FTSE100,16-Jun-2017,5900,PE,0,0,0,240.4,37.9,0,0,0,0,17-AUG-2016,
OPTIDX,FTSE100,16-Jun-2017,6000,PE,0,0,0,276.2,48.1,0,0,0,0,17-AUG-2016,
OPTIDX,FTSE100,16-Jun-2017,6100,PE,0,0,0,315.15,60.35,0,0,0,0,17-AUG-2016,
OPTIDX,FTSE100,16-Jun-2017,6200,PE,0,0,0,357.2,74.8,0,0,0,0,17-AUG-2016,
OPTIDX,FTSE100,16-Jun-2017,6300,PE,0,0,0,402.4,91.65,0,0,0,0,17-AUG-2016,
OPTIDX,FTSE100,16-Jun-2017,6400,PE,0,0,0,450.65,111.15,0,0,0,0,17-AUG-2016,
OPTIDX,FTSE100,16-Jun-2017,6500,PE,0,0,0,501.9,133.45,0,0,0,0,17-AUG-2016,
OPTIDX,FTSE100,16-Jun-2017,6600,PE,0,0,0,556.1,158.9,0,0,0,0,17-AUG-2016,
OPTIDX,FTSE100,16-Jun-2017,6700,PE,0,0,0,613.1,187,0,0,0,0,17-AUG-2016,
OPTIDX,FTSE100,16-Jun-2017,6800,PE,0,0,0,672.9,218.6,0,0,0,0,17-AUG-2016,
OPTIDX,FTSE100,16-Jun-2017,6900,PE,0,0,0,690,253.55,0,0,0,0,17-AUG-2016,
OPTIDX,FTSE100,16-Jun-2017,7000,PE,0,0,0,747.6,291.9,0,0,0,0,17-AUG-2016,
OPTIDX,FTSE100,16-Jun-2017,7100,PE,0,0,0,750.5,333.6,0,0,0,0,17-AUG-2016,
OPTIDX,FTSE100,16-Jun-2017,7200,PE,0,0,0,1036.9,378.7,0,0,0,0,17-AUG-2016,
OPTIDX,FTSE100,16-Jun-2017,7300,PE,0,0,0,1039.85,427.15,0,0,0,0,17-AUG-2016,
OPTIDX,FTSE100,16-Jun-2017,7400,PE,0,0,0,1047.85,478.9,0,0,0,0,17-AUG-2016,
OPTIDX,FTSE100,16-Jun-2017,7500,PE,0,0,0,979.8,533.9,0,0,0,0,17-AUG-2016,
OPTIDX,FTSE100,16-Jun-2017,7600,PE,0,0,0,776.35,592.05,0,0,0,0,17-AUG-2016,
OPTIDX,FTSE100,16-Jun-2017,7700,PE,0,0,0,711.85,653.2,0,0,0,0,17-AUG-2016,
OPTIDX,NIFTY,25-Aug-2016,6550,CE,0,0,0,2086.55,2083.85,0,0,2025,0,17-AUG-2016,
OPTIDX,NIFTY,25-Aug-2016,6600,CE,2044.65,2070.8,2010,2022.35,2022.35,49,317.57,164400,-975,17-AUG-2016,
OPTIDX,NIFTY,25-Aug-2016,6650,CE,0,0,0,1542.35,1984,0,0,0,0,17-AUG-2016,
OPTIDX,NIFTY,25-Aug-2016,6700,CE,0,0,0,1942.35,1934.1,0,0,57600,0,17-AUG-2016,
OPTIDX,NIFTY,25-Aug-2016,6750,CE,0,0,0,1446.25,1884.15,0,0,0,0,17-AUG-2016,
OPTIDX,NIFTY,25-Aug-2016,6800,CE,0,0,0,1848,1834.25,0,0,44625,0,17-AUG-2016,
OPTIDX,NIFTY,25-Aug-2016,6850,CE,0,0,0,1351.05,1784.3,0,0,0,0,17-AUG-2016,
OPTIDX,NIFTY,25-Aug-2016,6900,CE,1742,1742,1721,1721,1721,11,71.13,101775,-750,17-AUG-2016,
OPTIDX,NIFTY,25-Aug-2016,6950,CE,0,0,0,1257,1684.45,0,0,0,0,17-AUG-2016,
OPTIDX,NIFTY,25-Aug-2016,7000,CE,1651.05,1679,1606,1626.2,1626.2,855,5540.62,949050,-60300,17-AUG-2016,
OPTIDX,NIFTY,25-Aug-2016,7050,CE,0,0,0,1164.45,1584.6,0,0,0,0,17-AUG-2016,
OPTIDX,NIFTY,25-Aug-2016,7100,CE,1557.95,1557.95,1533,1533,1533,11,71.25,139950,-825,17-AUG-2016,
OPTIDX,NIFTY,25-Aug-2016,7150,CE,0,0,0,1073.7,1484.75,0,0,0,0,17-AUG-2016,
OPTIDX,NIFTY,25-Aug-2016,7200,CE,1445,1454.9,1411,1411,1411,6,38.87,220275,-225,17-AUG-2016,
OPTIDX,NIFTY,25-Aug-2016,7250,CE,0,0,0,985.15,1384.9,0,0,0,0,17-AUG-2016,
OPTIDX,NIFTY,25-Aug-2016,7300,CE,1349.3,1355.5,1315,1315,1315,61,395.08,111075,675,17-AUG-2016,
OPTIDX,NIFTY,25-Aug-2016,7350,CE,0,0,0,899.2,1285.05,0,0,0,0,17-AUG-2016,
OPTIDX,NIFTY,25-Aug-2016,7400,CE,1246.35,1267.5,1204.2,1224,1224,14,90.76,145875,-525,17-AUG-2016,
OPTIDX,NIFTY,25-Aug-2016,7450,CE,0,0,0,816.25,1185.2,0,0,0,0,17-AUG-2016,
OPTIDX,NIFTY,25-Aug-2016,7500,CE,1143,1184.8,1111,1129.85,1129.85,1569,10179.3,1050900,-72075,17-AUG-2016,
OPTIDX,NIFTY,25-Aug-2016,7550,CE,0,0,0,736.7,1085.35,0,0,0,0,17-AUG-2016,
OPTIDX,NIFTY,25-Aug-2016,7600,CE,1044.55,1084.45,1010,1031.15,1031.15,540,3505.34,175650,-35100,17-AUG-2016,
OPTIDX,NIFTY,25-Aug-2016,7650,CE,0,0,0,660.95,985.5,0,0,0,0,17-AUG-2016,
OPTIDX,NIFTY,25-Aug-2016,7700,CE,963,984.65,911.75,927.6,927.6,761,4939.71,386400,-45375,17-AUG-2016,
OPTIDX,NIFTY,25-Aug-2016,7750,CE,0,0,0,728.85,885.65,0,0,75,0,17-AUG-2016,
OPTIDX,NIFTY,25-Aug-2016,7800,CE,847,880.45,814.65,832,832,415,2687.48,351525,-23475,17-AUG-2016,
OPTIDX,NIFTY,25-Aug-2016,7850,CE,0,0,0,522,785.8,0,0,0,0,17-AUG-2016,
OPTIDX,NIFTY,25-Aug-2016,7900,CE,752.35,784.55,714.5,732,732,236,1527.96,223950,-4425,17-AUG-2016,
OPTIDX,NIFTY,25-Aug-2016,7950,CE,0,0,0,459.45,685.95,0,0,0,0,17-AUG-2016,
OPTIDX,NIFTY,25-Aug-2016,8000,CE,651,684.9,611.35,629.85,629.85,1153,7467.86,948375,-52275,17-AUG-2016,
OPTIDX,NIFTY,25-Aug-2016,8050,CE,0,0,0,401.75,586.1,0,0,0,0,17-AUG-2016,
OPTIDX,NIFTY,25-Aug-2016,8100,CE,556.85,587.2,512.6,532.15,532.15,136,881.51,356250,-5625,17-AUG-2016,
OPTIDX,NIFTY,25-Aug-2016,8150,CE,0,0,0,441,486.35,0,0,900,0,17-AUG-2016,
OPTIDX,NIFTY,25-Aug-2016,8200,CE,455,485,413.05,430.75,430.75,673,4361.15,348450,-22575,17-AUG-2016,
OPTIDX,NIFTY,25-Aug-2016,8250,CE,0,0,0,386.4,386.95,0,0,4575,0,17-AUG-2016,
OPTIDX,NIFTY,25-Aug-2016,8300,CE,342.4,385,314.6,332.95,332.95,547,3546.52,402150,-9525,17-AUG-2016,
OPTIDX,NIFTY,25-Aug-2016,8350,CE,0,0,0,267.05,289.45,0,0,1875,0,17-AUG-2016,
OPTIDX,NIFTY,25-Aug-2016,8400,CE,251.4,291,222.6,240.15,240.15,1909,12386.85,650025,-825,17-AUG-2016,
OPTIDX,NIFTY,25-Aug-2016,8450,CE,207.35,230.35,161.8,161.8,161.8,11,71.48,6750,225,17-AUG-2016,
OPTIDX,NIFTY,25-Aug-2016,8500,CE,171.9,201.05,141,155.6,155.6,17049,110798.35,1367325,43650,17-AUG-2016,
OPTIDX,NIFTY,25-Aug-2016,8550,CE,130.05,158,103.55,118.75,118.75,548,3566.26,55725,-2025,17-AUG-2016,
OPTIDX,NIFTY,25-Aug-2016,8600,CE,96.95,122.65,76.4,86.9,86.9,158560,1033816.3,3334800,566175,17-AUG-2016,
OPTIDX,NIFTY,25-Aug-2016,8650,CE,69.3,88,52.95,60.35,60.35,26359,172300.77,663825,132075,17-AUG-2016,
OPTIDX,NIFTY,25-Aug-2016,8700,CE,48.95,62,35.6,41.15,41.15,336353,2206241.83,5968500,482700,17-AUG-2016,
OPTIDX,NIFTY,25-Aug-2016,8750,CE,29.95,40.5,22.05,25.6,25.6,34059,224260.79,1133100,318750,17-AUG-2016,
OPTIDX,NIFTY,25-Aug-2016,8800,CE,21,26,14,16.4,16.4,198975,1316021.06,6609225,729750,17-AUG-2016,
OPTIDX,NIFTY,25-Aug-2016,8850,CE,10.4,15.4,8.05,9.5,9.5,19541,129863.72,488700,-74775,17-AUG-2016,
OPTIDX,NIFTY,25-Aug-2016,8900,CE,6.8,9.3,4.9,5.8,5.8,111027,741659.12,3967650,-62775,17-AUG-2016,
OPTIDX,NIFTY,25-Aug-2016,8950,CE,3.9,6.95,3.15,3.85,3.85,6315,42408.75,274650,22200,17-AUG-2016,
OPTIDX,NIFTY,25-Aug-2016,9000,CE,3.35,3.95,2.35,2.8,2.8,71641,483736.98,6291525,-117825,17-AUG-2016,
OPTIDX,NIFTY,25-Aug-2016,9050,CE,1.95,2.4,1.65,1.95,1.95,1072,7277.76,131100,2550,17-AUG-2016,
OPTIDX,NIFTY,25-Aug-2016,9100,CE,1.8,2.15,1.55,1.7,1.7,25103,171361.99,1673925,192150,17-AUG-2016,
OPTIDX,NIFTY,25-Aug-2016,9150,CE,1.2,1.3,1.2,1.3,1.3,62,425.53,100050,-2175,17-AUG-2016,
OPTIDX,NIFTY,25-Aug-2016,9200,CE,1.05,1.35,1,1.1,1.1,6607,45593.85,1098450,-20925,17-AUG-2016,
OPTIDX,NIFTY,25-Aug-2016,9250,CE,1,1.5,0.9,0.95,0.95,78,541.19,18375,600,17-AUG-2016,
OPTIDX,NIFTY,25-Aug-2016,9300,CE,0.8,1.05,0.8,0.95,0.95,2010,14021.22,744900,-19575,17-AUG-2016,
OPTIDX,NIFTY,25-Aug-2016,9350,CE,0,0,0,0.75,0,0,0,900,0,17-AUG-2016,
OPTIDX,NIFTY,25-Aug-2016,9400,CE,0.7,0.85,0.7,0.8,0.8,728,5132.82,333450,375,17-AUG-2016,
OPTIDX,NIFTY,25-Aug-2016,9450,CE,0,0,0,29.8,0,0,0,0,0,17-AUG-2016,
OPTIDX,NIFTY,25-Aug-2016,9500,CE,0.95,0.95,0.6,0.8,0.8,578,4118.58,623025,-9675,17-AUG-2016,
OPTIDX,NIFTY,25-Aug-2016,9550,CE,0,0,0,23.55,0,0,0,0,0,17-AUG-2016,
OPTIDX,NIFTY,25-Aug-2016,9600,CE,0.4,0.55,0.4,0.55,0.55,4,28.8,45075,300,17-AUG-2016,
OPTIDX,NIFTY,25-Aug-2016,9650,CE,0,0,0,22.2,0,0,0,0,0,17-AUG-2016,
OPTIDX,NIFTY,25-Aug-2016,9700,CE,0,0,0,0.7,0,0,0,20925,0,17-AUG-2016,
OPTIDX,NIFTY,25-Aug-2016,9750,CE,0,0,0,6.9,0,0,0,0,0,17-AUG-2016,
OPTIDX,NIFTY,25-Aug-2016,9800,CE,0.8,0.8,0.8,0.8,0.8,5,36.75,9300,0,17-AUG-2016,
OPTIDX,NIFTY,25-Aug-2016,9850,CE,0.4,0.4,0.35,0.35,0.35,8000,59102.17,450,0,17-AUG-2016,
OPTIDX,NIFTY,25-Aug-2016,9900,CE,0.2,0.65,0.2,0.6,0.6,6,44.55,1650,75,17-AUG-2016,
OPTIDX,NIFTY,25-Aug-2016,9950,CE,0,0,0,0.7,0,0,0,0,0,17-AUG-2016,
OPTIDX,NIFTY,25-Aug-2016,10000,CE,0.75,0.85,0.5,0.8,0.8,1339,10043.29,564450,450,17-AUG-2016,
OPTIDX,NIFTY,25-Aug-2016,10050,CE,0,0,0,0.3,0,0,0,0,0,17-AUG-2016,
OPTIDX,NIFTY,25-Aug-2016,10100,CE,0,0,0,0.05,0,0,0,0,0,17-AUG-2016,
OPTIDX,NIFTY,25-Aug-2016,10150,CE,0,0,0,0.05,0,0,0,0,0,17-AUG-2016,
OPTIDX,NIFTY,25-Aug-2016,10200,CE,0,0,0,0.05,0,0,0,0,0,17-AUG-2016,
OPTIDX,NIFTY,25-Aug-2016,6550,PE,0,0,0,1.05,0,0,0,300,0,17-AUG-2016,
OPTIDX,NIFTY,25-Aug-2016,6600,PE,0.3,0.5,0.25,0.4,0.4,362,1792,11025,-18225,17-AUG-2016,
OPTIDX,NIFTY,25-Aug-2016,6650,PE,0,0,0,4.05,0,0,0,0,0,17-AUG-2016,
OPTIDX,NIFTY,25-Aug-2016,6700,PE,0,0,0,0.6,0,0,0,1500,0,17-AUG-2016,
OPTIDX,NIFTY,25-Aug-2016,6750,PE,0,0,0,6.2,0,0,0,0,0,17-AUG-2016,
OPTIDX,NIFTY,25-Aug-2016,6800,PE,0,0,0,0.4,0,0,0,600,0,17-AUG-2016,
OPTIDX,NIFTY,25-Aug-2016,6850,PE,0,0,0,9.2,0,0,0,0,0,17-AUG-2016,
OPTIDX,NIFTY,25-Aug-2016,6900,PE,0.05,0.7,0.05,0.55,0.55,280,1449.05,2850,-675,17-AUG-2016,
OPTIDX,NIFTY,25-Aug-2016,6950,PE,0,0,0,13.4,0,0,0,0,0,17-AUG-2016,
OPTIDX,NIFTY,25-Aug-2016,7000,PE,0.35,0.85,0.35,0.6,0.6,1007,5287.13,127725,-26475,17-AUG-2016,
OPTIDX,NIFTY,25-Aug-2016,7050,PE,0,0,0,19,0,0,0,0,0,17-AUG-2016,
OPTIDX,NIFTY,25-Aug-2016,7100,PE,0.8,0.8,0.8,0.8,0.8,18,95.86,27975,-375,17-AUG-2016,
OPTIDX,NIFTY,25-Aug-2016,7150,PE,0,0,0,26.5,0,0,0,0,0,17-AUG-2016,
OPTIDX,NIFTY,25-Aug-2016,7200,PE,0.75,0.8,0.5,0.8,0.8,116,626.45,244575,-5475,17-AUG-2016,
OPTIDX,NIFTY,25-Aug-2016,7250,PE,0,0,0,36.15,0,0,0,0,0,17-AUG-2016,
OPTIDX,NIFTY,25-Aug-2016,7300,PE,0.8,0.85,0.5,0.7,0.7,162,887.03,91050,-825,17-AUG-2016,
OPTIDX,NIFTY,25-Aug-2016,7350,PE,0,0,0,48.4,0,0,0,0,0,17-AUG-2016,
OPTIDX,NIFTY,25-Aug-2016,7400,PE,0.2,0.9,0.2,0.55,0.55,100,555.03,154650,-1050,17-AUG-2016,
OPTIDX,NIFTY,25-Aug-2016,7450,PE,0,0,0,3.5,0,0,0,1950,0,17-AUG-2016,
OPTIDX,NIFTY,25-Aug-2016,7500,PE,0.75,1.05,0.75,1,1,2372,13344.07,554625,-42900,17-AUG-2016,
OPTIDX,NIFTY,25-Aug-2016,7550,PE,0,0,0,82.35,0,0,0,0,0,17-AUG-2016,
OPTIDX,NIFTY,25-Aug-2016,7600,PE,1.1,1.1,0.85,1.05,1.05,814,4640.41,723300,-9450,17-AUG-2016,
OPTIDX,NIFTY,25-Aug-2016,7650,PE,0,0,0,104.8,0,0,0,0,0,17-AUG-2016,
OPTIDX,NIFTY,25-Aug-2016,7700,PE,1.35,1.35,1.15,1.25,1.25,1572,9079.73,1639725,-14925,17-AUG-2016,
OPTIDX,NIFTY,25-Aug-2016,7750,PE,0,0,0,131.3,0,0,0,0,0,17-AUG-2016,
OPTIDX,NIFTY,25-Aug-2016,7800,PE,1.35,1.4,1.2,1.35,1.35,1714,10028.6,1046775,-3000,17-AUG-2016,
OPTIDX,NIFTY,25-Aug-2016,7850,PE,0,0,0,162.3,0,0,0,0,0,17-AUG-2016,
OPTIDX,NIFTY,25-Aug-2016,7900,PE,1.6,1.85,1.4,1.6,1.6,3112,18442.39,960150,-7350,17-AUG-2016,
OPTIDX,NIFTY,25-Aug-2016,7950,PE,0,0,0,3.25,0,0,0,450,0,17-AUG-2016,
OPTIDX,NIFTY,25-Aug-2016,8000,PE,2,2.15,1.55,1.85,1.85,23498,141020.12,3104550,-22125,17-AUG-2016,
OPTIDX,NIFTY,25-Aug-2016,8050,PE,0,0,0,2.8,0.05,0,0,450,0,17-AUG-2016,
OPTIDX,NIFTY,25-Aug-2016,8100,PE,1.95,2.5,1.65,2.2,2.2,22252,135215.22,1859100,25500,17-AUG-2016,
OPTIDX,NIFTY,25-Aug-2016,8150,PE,2.3,2.6,2,2.5,2.5,112,684.79,24000,-3525,17-AUG-2016,
OPTIDX,NIFTY,25-Aug-2016,8200,PE,3,3.8,2.1,3.15,3.15,29527,181656.07,2640075,18450,17-AUG-2016,
OPTIDX,NIFTY,25-Aug-2016,8250,PE,4.1,5.05,2.6,4.05,4.05,1723,10665.97,148875,18225,17-AUG-2016,
OPTIDX,NIFTY,25-Aug-2016,8300,PE,6.05,7.15,3.6,5.7,5.7,53232,331586.21,3495075,172425,17-AUG-2016,
OPTIDX,NIFTY,25-Aug-2016,8350,PE,7.85,10.55,5.25,8.45,8.45,6178,38727.34,226725,-11100,17-AUG-2016,
OPTIDX,NIFTY,25-Aug-2016,8400,PE,12.4,16.35,8,13.05,13.05,150336,948531.95,4640325,-389025,17-AUG-2016,
OPTIDX,NIFTY,25-Aug-2016,8450,PE,18,23.35,11,18.3,18.3,17232,109436.86,711675,72750,17-AUG-2016,
OPTIDX,NIFTY,25-Aug-2016,8500,PE,20.25,34.2,16.55,27.8,27.8,228517,1461298.54,5425350,-213075,17-AUG-2016,
OPTIDX,NIFTY,25-Aug-2016,8550,PE,35,48.3,24.05,39.75,39.75,30577,196943.64,783150,18900,17-AUG-2016,
OPTIDX,NIFTY,25-Aug-2016,8600,PE,52,68.35,35.85,57.15,57.15,320015,2077007.52,4457175,-334200,17-AUG-2016,
OPTIDX,NIFTY,25-Aug-2016,8650,PE,72.6,92.45,52.1,79.5,79.5,20628,134956.69,507600,-33000,17-AUG-2016,
OPTIDX,NIFTY,25-Aug-2016,8700,PE,100,124,73.3,107.9,107.9,133265,879651.13,2245800,286650,17-AUG-2016,
OPTIDX,NIFTY,25-Aug-2016,8750,PE,131.85,159,96.15,142.1,142.1,646,4302.49,68250,-750,17-AUG-2016,
OPTIDX,NIFTY,25-Aug-2016,8800,PE,164.9,201.7,135.7,182.45,182.45,19256,129518.56,718725,-240975,17-AUG-2016,
OPTIDX,NIFTY,25-Aug-2016,8850,PE,202.05,242.1,181.05,224.05,224.05,21,142.58,10125,75,17-AUG-2016,
OPTIDX,NIFTY,25-Aug-2016,8900,PE,249.2,289.95,219.55,269.65,269.65,1091,7492.12,206250,-4050,17-AUG-2016,
OPTIDX,NIFTY,25-Aug-2016,8950,PE,0,0,0,307.5,314.95,0,0,75,0,17-AUG-2016,
OPTIDX,NIFTY,25-Aug-2016,9000,PE,354.1,385,311,364.65,364.65,1865,13088.05,726750,-10650,17-AUG-2016,
OPTIDX,NIFTY,25-Aug-2016,9050,PE,0,0,0,406.05,412.95,0,0,150,0,17-AUG-2016,
OPTIDX,NIFTY,25-Aug-2016,9100,PE,444.9,482.5,410,461.45,461.45,235,1684.11,140550,225,17-AUG-2016,
OPTIDX,NIFTY,25-Aug-2016,9150,PE,0,0,0,399,512.35,0,0,375,0,17-AUG-2016,
OPTIDX,NIFTY,25-Aug-2016,9200,PE,535,579.5,509.6,561,561,106,775.04,216750,450,17-AUG-2016,
OPTIDX,NIFTY,25-Aug-2016,9250,PE,0,0,0,598.4,612.15,0,0,75,0,17-AUG-2016,
OPTIDX,NIFTY,25-Aug-2016,9300,PE,659.75,660,648.8,660,660,3,22.4,8850,75,17-AUG-2016,
OPTIDX,NIFTY,25-Aug-2016,9350,PE,0,0,0,696,712,0,0,75,0,17-AUG-2016,
OPTIDX,NIFTY,25-Aug-2016,9400,PE,715,780,715,759.35,759.35,23,175.27,5625,0,17-AUG-2016,
OPTIDX,NIFTY,25-Aug-2016,9450,PE,0,0,0,1241.6,811.85,0,0,0,0,17-AUG-2016,
OPTIDX,NIFTY,25-Aug-2016,9500,PE,846,875.2,807.5,857.45,857.45,253,1963.76,497700,-1050,17-AUG-2016,
OPTIDX,NIFTY,25-Aug-2016,9550,PE,0,0,0,1333.55,911.7,0,0,0,0,17-AUG-2016,
OPTIDX,NIFTY,25-Aug-2016,9600,PE,975,975,949,952.25,952.25,6,47.51,1425,450,17-AUG-2016,
OPTIDX,NIFTY,25-Aug-2016,9650,PE,0,0,0,1348.35,1011.55,0,0,0,0,17-AUG-2016,
OPTIDX,NIFTY,25-Aug-2016,9700,PE,0,0,0,1028,1061.45,0,0,2775,0,17-AUG-2016,
OPTIDX,NIFTY,25-Aug-2016,9750,PE,0,0,0,1339.9,1111.4,0,0,0,0,17-AUG-2016,
OPTIDX,NIFTY,25-Aug-2016,9800,PE,0,0,0,1133.5,1161.3,0,0,10500,0,17-AUG-2016,
OPTIDX,NIFTY,25-Aug-2016,9850,PE,0,0,0,1421.35,1211.25,0,0,0,0,17-AUG-2016,
OPTIDX,NIFTY,25-Aug-2016,9900,PE,1214.45,1214.45,1214.45,1214.45,1214.45,1,8.33,3600,0,17-AUG-2016,
OPTIDX,NIFTY,25-Aug-2016,9950,PE,0,0,0,1397.3,1311.1,0,0,0,0,17-AUG-2016,
OPTIDX,NIFTY,25-Aug-2016,10000,PE,1338,1376.65,1306.3,1359.3,1359.3,116,987.42,338175,1425,17-AUG-2016,
OPTIDX,NIFTY,25-Aug-2016,10050,PE,0,0,0,1405.15,1410.95,0,0,0,0,17-AUG-2016,
OPTIDX,NIFTY,25-Aug-2016,10100,PE,0,0,0,1404.6,1460.85,0,0,0,0,17-AUG-2016,
OPTIDX,NIFTY,25-Aug-2016,10150,PE,0,0,0,1413.6,1510.8,0,0,150,0,17-AUG-2016,
OPTIDX,NIFTY,25-Aug-2016,10200,PE,0,0,0,1482.7,1560.7,0,0,0,0,17-AUG-2016,
OPTIDX,NIFTY,29-Sep-2016,4600,CE,0,0,0,2608.05,4061.3,0,0,0,0,17-AUG-2016,
OPTIDX,NIFTY,29-Sep-2016,4700,CE,0,0,0,2514.55,3962.1,0,0,0,0,17-AUG-2016,
OPTIDX,NIFTY,29-Sep-2016,4800,CE,0,0,0,2655.3,3862.95,0,0,0,0,17-AUG-2016,
OPTIDX,NIFTY,29-Sep-2016,4900,CE,0,0,0,2661.8,3763.75,0,0,0,0,17-AUG-2016,
OPTIDX,NIFTY,29-Sep-2016,5000,CE,3630,3630,3630,3630,3630,4,25.89,22500,300,17-AUG-2016,
OPTIDX,NIFTY,29-Sep-2016,5100,CE,0,0,0,2676.4,3565.35,0,0,0,0,17-AUG-2016,
OPTIDX,NIFTY,29-Sep-2016,5200,CE,0,0,0,3100,3466.15,0,0,825,0,17-AUG-2016,
OPTIDX,NIFTY,29-Sep-2016,5300,CE,0,0,0,2759.5,3367,0,0,0,0,17-AUG-2016,
OPTIDX,NIFTY,29-Sep-2016,5400,CE,0,0,0,2823.2,3267.8,0,0,0,0,17-AUG-2016,
OPTIDX,NIFTY,29-Sep-2016,5500,CE,3130,3130,3130,3130,3130,2,12.94,36750,0,17-AUG-2016,
OPTIDX,NIFTY,29-Sep-2016,5600,CE,0,0,0,2724.2,3069.4,0,0,0,0,17-AUG-2016,
OPTIDX,NIFTY,29-Sep-2016,5700,CE,0,0,0,2638.5,2970.2,0,0,0,0,17-AUG-2016,
OPTIDX,NIFTY,29-Sep-2016,5800,CE,0,0,0,2553.7,2871.05,0,0,0,0,17-AUG-2016,
OPTIDX,NIFTY,29-Sep-2016,5900,CE,0,0,0,2469.9,2771.85,0,0,0,0,17-AUG-2016,
OPTIDX,NIFTY,29-Sep-2016,6000,CE,2639,2639,2638,2638.65,2638.65,4,25.91,133200,300,17-AUG-2016,
OPTIDX,NIFTY,29-Sep-2016,6100,CE,0,0,0,2305.5,2573.45,0,0,0,0,17-AUG-2016,
OPTIDX,NIFTY,29-Sep-2016,6200,CE,0,0,0,2225.05,2474.25,0,0,0,0,17-AUG-2016,
OPTIDX,NIFTY,29-Sep-2016,6300,CE,0,0,0,2145.9,2375.05,0,0,0,0,17-AUG-2016,
OPTIDX,NIFTY,29-Sep-2016,6400,CE,0,0,0,2068.05,2275.9,0,0,0,0,17-AUG-2016,
OPTIDX,NIFTY,29-Sep-2016,6500,CE,2175,2195,2142,2142,2142,7,45.51,62100,300,17-AUG-2016,
OPTIDX,NIFTY,29-Sep-2016,6600,CE,0,0,0,2019.5,2077.5,0,0,75,0,17-AUG-2016,
OPTIDX,NIFTY,29-Sep-2016,6700,CE,0,0,0,1843.15,1978.3,0,0,0,0,17-AUG-2016,
OPTIDX,NIFTY,29-Sep-2016,6800,CE,0,0,0,921,1879.1,0,0,75,0,17-AUG-2016,
OPTIDX,NIFTY,29-Sep-2016,6850,CE,0,0,0,1560.15,1829.55,0,0,0,0,17-AUG-2016,
OPTIDX,NIFTY,29-Sep-2016,6900,CE,1800,1800,1800,1800,1800,10,65.25,750,750,17-AUG-2016,
OPTIDX,NIFTY,29-Sep-2016,6950,CE,0,0,0,1462.85,1730.35,0,0,0,0,17-AUG-2016,
OPTIDX,NIFTY,29-Sep-2016,7000,CE,1682.4,1709.4,1640,1657.75,1657.75,839,5457.35,141900,50550,17-AUG-2016,
OPTIDX,NIFTY,29-Sep-2016,7050,CE,0,0,0,1366.1,1631.15,0,0,0,0,17-AUG-2016,
OPTIDX,NIFTY,29-Sep-2016,7100,CE,1560,1560,1560,1560,1560,9,58.45,675,675,17-AUG-2016,
OPTIDX,NIFTY,29-Sep-2016,7150,CE,0,0,0,1270.05,1531.95,0,0,0,0,17-AUG-2016,
OPTIDX,NIFTY,29-Sep-2016,7200,CE,1471.55,1471.55,1446,1446,1446,3,19.47,1200,225,17-AUG-2016,
OPTIDX,NIFTY,29-Sep-2016,7250,CE,0,0,0,1175.05,1432.75,0,0,0,0,17-AUG-2016,
OPTIDX,NIFTY,29-Sep-2016,7300,CE,1373,1373,1372,1372,1372,2,13,450,150,17-AUG-2016,
OPTIDX,NIFTY,29-Sep-2016,7350,CE,0,0,0,1081.45,1333.6,0,0,0,0,17-AUG-2016,
OPTIDX,NIFTY,29-Sep-2016,7400,CE,1278.75,1278.75,1278.75,1278.75,1278.75,1,6.5,1725,75,17-AUG-2016,
OPTIDX,NIFTY,29-Sep-2016,7450,CE,0,0,0,989.6,1234.4,0,0,0,0,17-AUG-2016,
OPTIDX,NIFTY,29-Sep-2016,7500,CE,1180,1215,1152,1166.65,1166.65,85,553.02,63225,3675,17-AUG-2016,
OPTIDX,NIFTY,29-Sep-2016,7550,CE,0,0,0,899.95,1135.3,0,0,0,0,17-AUG-2016,
OPTIDX,NIFTY,29-Sep-2016,7600,CE,1087.6,1101,1055.2,1065,1065,27,175.61,5100,1350,17-AUG-2016,
OPTIDX,NIFTY,29-Sep-2016,7650,CE,0,0,0,813.1,1036.25,0,0,0,0,17-AUG-2016,
OPTIDX,NIFTY,29-Sep-2016,7700,CE,991.45,1009,960,960,960,7,45.65,3975,525,17-AUG-2016,
OPTIDX,NIFTY,29-Sep-2016,7750,CE,0,0,0,729.45,937.5,0,0,0,0,17-AUG-2016,
OPTIDX,NIFTY,29-Sep-2016,7800,CE,895.05,922.45,861.5,874.15,874.15,328,2137.69,249300,11775,17-AUG-2016,
OPTIDX,NIFTY,29-Sep-2016,7850,CE,0,0,0,649.55,839.2,0,0,0,0,17-AUG-2016,
OPTIDX,NIFTY,29-Sep-2016,7900,CE,793.8,804.5,758,770,770,21,136.74,54075,900,17-AUG-2016,
OPTIDX,NIFTY,29-Sep-2016,7950,CE,0,0,0,573.85,741.9,0,0,0,0,17-AUG-2016,
OPTIDX,NIFTY,29-Sep-2016,8000,CE,709.95,732.55,664.15,683.4,683.4,1194,7788.16,1174875,38400,17-AUG-2016,
OPTIDX,NIFTY,29-Sep-2016,8050,CE,0,0,0,502.8,646.3,0,0,0,0,17-AUG-2016,
OPTIDX,NIFTY,29-Sep-2016,8100,CE,617.3,637.65,574.9,596.45,596.45,416,2717.81,476025,11250,17-AUG-2016,
OPTIDX,NIFTY,29-Sep-2016,8150,CE,0,0,0,436.9,553.35,0,0,0,0,17-AUG-2016,
OPTIDX,NIFTY,29-Sep-2016,8200,CE,523,547.35,486.3,505.65,505.65,574,3752.16,547050,24675,17-AUG-2016,
OPTIDX,NIFTY,29-Sep-2016,8250,CE,0,0,0,376.35,464.5,0,0,0,0,17-AUG-2016,
OPTIDX,NIFTY,29-Sep-2016,8300,CE,433.75,453.55,401,420.8,420.8,257,1682.39,292950,6675,17-AUG-2016,
OPTIDX,NIFTY,29-Sep-2016,8350,CE,0,0,0,321.25,381.15,0,0,0,0,17-AUG-2016,
OPTIDX,NIFTY,29-Sep-2016,8400,CE,348.9,378,322,340.55,340.55,303,1986.77,326700,6750,17-AUG-2016,
OPTIDX,NIFTY,29-Sep-2016,8450,CE,0,0,0,271.7,304.85,0,0,0,0,17-AUG-2016,
OPTIDX,NIFTY,29-Sep-2016,8500,CE,276,307.45,251.95,269.8,269.8,2329,15319.86,837750,9600,17-AUG-2016,
OPTIDX,NIFTY,29-Sep-2016,8550,CE,0,0,0,227.7,237.2,0,0,0,0,17-AUG-2016,
OPTIDX,NIFTY,29-Sep-2016,8600,CE,204.7,232.55,188,201.6,201.6,3522,23257.81,534450,40575,17-AUG-2016,
OPTIDX,NIFTY,29-Sep-2016,8650,CE,0,0,0,100,179.1,0,0,0,0,17-AUG-2016,
OPTIDX,NIFTY,29-Sep-2016,8700,CE,154.2,171,135.9,146.8,146.8,5340,35445.02,979950,21675,17-AUG-2016,
OPTIDX,NIFTY,29-Sep-2016,8750,CE,0,0,0,120,130.95,0,0,525,0,17-AUG-2016,
OPTIDX,NIFTY,29-Sep-2016,8800,CE,140,140,93,100.9,100.9,7357,49127.3,1139625,99675,17-AUG-2016,
OPTIDX,NIFTY,29-Sep-2016,8850,CE,90,90,90,90,90,1,6.7,0,-75,17-AUG-2016,
OPTIDX,NIFTY,29-Sep-2016,8900,CE,68.25,79.5,60,65.7,65.7,5038,33883.61,914100,-8775,17-AUG-2016,
OPTIDX,NIFTY,29-Sep-2016,8950,CE,0,0,0,50,63.15,0,0,0,0,17-AUG-2016,
OPTIDX,NIFTY,29-Sep-2016,9000,CE,42.2,50,36.05,40,40,11775,79852.05,1873725,150900,17-AUG-2016,
OPTIDX,NIFTY,29-Sep-2016,9050,CE,0,0,0,81.75,41.65,0,0,0,0,17-AUG-2016,
OPTIDX,NIFTY,29-Sep-2016,9100,CE,28.65,29.85,21,23.8,23.8,4648,31809.06,862875,7575,17-AUG-2016,
OPTIDX,NIFTY,29-Sep-2016,9150,CE,0,0,0,64.7,26.45,0,0,0,0,17-AUG-2016,
OPTIDX,NIFTY,29-Sep-2016,9200,CE,13.75,16.5,11.25,12.9,12.9,4277,29554.9,618450,24375,17-AUG-2016,
OPTIDX,NIFTY,29-Sep-2016,9250,CE,0,0,0,26,16.2,0,0,75,0,17-AUG-2016,
OPTIDX,NIFTY,29-Sep-2016,9300,CE,7.5,8.95,6.5,7.5,7.5,1802,12579.29,333750,-23925,17-AUG-2016,
OPTIDX,NIFTY,29-Sep-2016,9350,CE,0,0,0,39.45,9.55,0,0,0,0,17-AUG-2016,
OPTIDX,NIFTY,29-Sep-2016,9400,CE,4.45,5.3,4.1,4.75,4.75,522,3681.92,143775,5025,17-AUG-2016,
OPTIDX,NIFTY,29-Sep-2016,9450,CE,0,0,0,30.35,5.4,0,0,0,0,17-AUG-2016,
OPTIDX,NIFTY,29-Sep-2016,9500,CE,3.05,3.5,2.8,3.2,3.2,1349,9614.77,295200,26475,17-AUG-2016,
OPTIDX,NIFTY,29-Sep-2016,9550,CE,0,0,0,23.15,2.95,0,0,0,0,17-AUG-2016,
OPTIDX,NIFTY,29-Sep-2016,9600,CE,2.5,2.6,2.5,2.5,2.5,15,108.02,44550,-1050,17-AUG-2016,
OPTIDX,NIFTY,29-Sep-2016,9650,CE,0,0,0,17.5,1.55,0,0,0,0,17-AUG-2016,
OPTIDX,NIFTY,29-Sep-2016,9700,CE,0,0,0,2.35,1.15,0,0,73650,0,17-AUG-2016,
OPTIDX,NIFTY,29-Sep-2016,9750,CE,0,0,0,13.1,0.8,0,0,0,0,17-AUG-2016,
OPTIDX,NIFTY,29-Sep-2016,9800,CE,0,0,0,2.05,0.55,0,0,110550,0,17-AUG-2016,
OPTIDX,NIFTY,29-Sep-2016,9850,CE,0,0,0,8.95,0.4,0,0,0,0,17-AUG-2016,
OPTIDX,NIFTY,29-Sep-2016,9900,CE,0,0,0,1.85,0.3,0,0,20700,0,17-AUG-2016,
OPTIDX,NIFTY,29-Sep-2016,9950,CE,0,0,0,8.1,0.2,0,0,0,0,17-AUG-2016,
OPTIDX,NIFTY,29-Sep-2016,10000,CE,1.3,1.75,1.15,1.7,1.7,92,690.1,85650,-75,17-AUG-2016,
OPTIDX,NIFTY,29-Sep-2016,10050,CE,0,0,0,5.05,0.1,0,0,0,0,17-AUG-2016,
OPTIDX,NIFTY,29-Sep-2016,10100,CE,0,0,0,335,0.05,0,0,0,0,17-AUG-2016,
OPTIDX,NIFTY,29-Sep-2016,10150,CE,0,0,0,1.25,0.05,0,0,0,0,17-AUG-2016,
OPTIDX,NIFTY,29-Sep-2016,10200,CE,0,0,0,315.85,0.05,0,0,0,0,17-AUG-2016,
OPTIDX,NIFTY,29-Sep-2016,10300,CE,0,0,0,297.65,0.05,0,0,0,0,17-AUG-2016,
OPTIDX,NIFTY,29-Sep-2016,10400,CE,0,0,0,241.6,0,0,0,0,0,17-AUG-2016,
OPTIDX,NIFTY,29-Sep-2016,10500,CE,0.05,0.05,0.05,0.05,0.05,1,7.87,75,75,17-AUG-2016,
OPTIDX,NIFTY,29-Sep-2016,10600,CE,0,0,0,269.2,0,0,0,0,0,17-AUG-2016,
OPTIDX,NIFTY,29-Sep-2016,10700,CE,0,0,0,156.05,0,0,0,0,0,17-AUG-2016,
OPTIDX,NIFTY,29-Sep-2016,4600,PE,0,0,0,4.05,0,0,0,0,0,17-AUG-2016,
OPTIDX,NIFTY,29-Sep-2016,4700,PE,0,0,0,5.55,0,0,0,0,0,17-AUG-2016,
OPTIDX,NIFTY,29-Sep-2016,4800,PE,0,0,0,0.75,0,0,0,0,0,17-AUG-2016,
OPTIDX,NIFTY,29-Sep-2016,4900,PE,0,0,0,0.75,0,0,0,0,0,17-AUG-2016,
OPTIDX,NIFTY,29-Sep-2016,5000,PE,0,0,0,1,0,0,0,12600,0,17-AUG-2016,
OPTIDX,NIFTY,29-Sep-2016,5100,PE,0,0,0,0.5,0,0,0,0,0,17-AUG-2016,
OPTIDX,NIFTY,29-Sep-2016,5200,PE,0,0,0,0.15,0,0,0,0,0,17-AUG-2016,
OPTIDX,NIFTY,29-Sep-2016,5300,PE,0,0,0,0.5,0,0,0,0,0,17-AUG-2016,
OPTIDX,NIFTY,29-Sep-2016,5400,PE,0,0,0,25.7,0,0,0,0,0,17-AUG-2016,
OPTIDX,NIFTY,29-Sep-2016,5500,PE,0,0,0,1.95,0,0,0,1125,0,17-AUG-2016,
OPTIDX,NIFTY,29-Sep-2016,5600,PE,0,0,0,36.9,0,0,0,0,0,17-AUG-2016,
OPTIDX,NIFTY,29-Sep-2016,5700,PE,0,0,0,43.7,0,0,0,0,0,17-AUG-2016,
OPTIDX,NIFTY,29-Sep-2016,5800,PE,0,0,0,51.4,0,0,0,0,0,17-AUG-2016,
OPTIDX,NIFTY,29-Sep-2016,5900,PE,0,0,0,60.15,0,0,0,0,0,17-AUG-2016,
OPTIDX,NIFTY,29-Sep-2016,6000,PE,1.05,1.05,1,1.05,1.05,4,18,72675,0,17-AUG-2016,
OPTIDX,NIFTY,29-Sep-2016,6100,PE,0,0,0,80.8,0,0,0,0,0,17-AUG-2016,
OPTIDX,NIFTY,29-Sep-2016,6200,PE,0,0,0,92.9,0,0,0,0,0,17-AUG-2016,
OPTIDX,NIFTY,29-Sep-2016,6300,PE,0,0,0,106.25,0,0,0,0,0,17-AUG-2016,
OPTIDX,NIFTY,29-Sep-2016,6400,PE,0,0,0,120.9,0,0,0,0,0,17-AUG-2016,
OPTIDX,NIFTY,29-Sep-2016,6500,PE,1.15,1.25,1.05,1.25,1.25,7,34.13,10050,-150,17-AUG-2016,
OPTIDX,NIFTY,29-Sep-2016,6600,PE,0,0,0,0.2,0,0,0,225,0,17-AUG-2016,
OPTIDX,NIFTY,29-Sep-2016,6700,PE,0,0,0,173.55,0,0,0,0,0,17-AUG-2016,
OPTIDX,NIFTY,29-Sep-2016,6800,PE,0,0,0,30,0,0,0,75,0,17-AUG-2016,
OPTIDX,NIFTY,29-Sep-2016,6850,PE,0,0,0,1.35,0,0,0,0,0,17-AUG-2016,
OPTIDX,NIFTY,29-Sep-2016,6900,PE,0.8,0.8,0.75,0.75,0.75,10,51.75,750,750,17-AUG-2016,
OPTIDX,NIFTY,29-Sep-2016,6950,PE,0,0,0,2.3,0,0,0,0,0,17-AUG-2016,
OPTIDX,NIFTY,29-Sep-2016,7000,PE,1.1,2.3,1.1,2.2,2.2,1270,6668.9,82500,17250,17-AUG-2016,
OPTIDX,NIFTY,29-Sep-2016,7050,PE,0,0,0,3.75,0,0,0,0,0,17-AUG-2016,
OPTIDX,NIFTY,29-Sep-2016,7100,PE,2.7,3.3,2,3.25,3.25,873,4650.36,37575,30600,17-AUG-2016,
OPTIDX,NIFTY,29-Sep-2016,7150,PE,0,0,0,6,0,0,0,0,0,17-AUG-2016,
OPTIDX,NIFTY,29-Sep-2016,7200,PE,2.55,3.7,2.4,3.5,3.5,458,2474.19,461850,2550,17-AUG-2016,
OPTIDX,NIFTY,29-Sep-2016,7250,PE,0,0,0,9.2,0,0,0,0,0,17-AUG-2016,
OPTIDX,NIFTY,29-Sep-2016,7300,PE,2.75,4.15,2.75,4.15,4.15,345,1889.83,90975,5625,17-AUG-2016,
OPTIDX,NIFTY,29-Sep-2016,7350,PE,0,0,0,13.8,0.05,0,0,0,0,17-AUG-2016,
OPTIDX,NIFTY,29-Sep-2016,7400,PE,3.75,5.1,3.65,4.95,4.95,117,649.76,89475,-750,17-AUG-2016,
OPTIDX,NIFTY,29-Sep-2016,7450,PE,0,0,0,20.2,0.05,0,0,0,0,17-AUG-2016,
OPTIDX,NIFTY,29-Sep-2016,7500,PE,4.15,6.35,3.7,6.1,6.1,2621,14754.26,585450,92175,17-AUG-2016,
OPTIDX,NIFTY,29-Sep-2016,7550,PE,0,0,0,28.85,0.1,0,0,0,0,17-AUG-2016,
OPTIDX,NIFTY,29-Sep-2016,7600,PE,4.8,7.5,4.75,7.3,7.3,1423,8117.99,115575,20400,17-AUG-2016,
OPTIDX,NIFTY,29-Sep-2016,7650,PE,0,0,0,40.15,0.3,0,0,0,0,17-AUG-2016,
OPTIDX,NIFTY,29-Sep-2016,7700,PE,6.35,9.05,5.7,8.55,8.55,1492,8624.73,453900,2475,17-AUG-2016,
OPTIDX,NIFTY,29-Sep-2016,7750,PE,0,0,0,54.75,0.7,0,0,0,0,17-AUG-2016,
OPTIDX,NIFTY,29-Sep-2016,7800,PE,8.1,11.8,7.15,11.35,11.35,3257,19078.48,369075,36225,17-AUG-2016,
OPTIDX,NIFTY,29-Sep-2016,7850,PE,0,0,0,73.1,1.6,0,0,0,0,17-AUG-2016,
OPTIDX,NIFTY,29-Sep-2016,7900,PE,11.5,15.15,8.1,14.85,14.85,1731,10273.27,309450,-75,17-AUG-2016,
OPTIDX,NIFTY,29-Sep-2016,7950,PE,0,0,0,95.65,3.5,0,0,0,0,17-AUG-2016,
OPTIDX,NIFTY,29-Sep-2016,8000,PE,16.25,20.45,14.55,19.9,19.9,6013,36158.56,1666425,-20625,17-AUG-2016,
OPTIDX,NIFTY,29-Sep-2016,8050,PE,0,0,0,122.8,7.05,0,0,0,0,17-AUG-2016,
OPTIDX,NIFTY,29-Sep-2016,8100,PE,22.9,28.05,20.3,27.25,27.25,4313,26281.53,820725,-2400,17-AUG-2016,
OPTIDX,NIFTY,29-Sep-2016,8150,PE,0,0,0,155.15,13.35,0,0,0,0,17-AUG-2016,
OPTIDX,NIFTY,29-Sep-2016,8200,PE,32.75,38.25,28.65,37.4,37.4,5862,36199.25,1425525,52125,17-AUG-2016,
OPTIDX,NIFTY,29-Sep-2016,8250,PE,0,0,0,55,23.65,0,0,0,0,17-AUG-2016,
OPTIDX,NIFTY,29-Sep-2016,8300,PE,46.25,53.75,40.1,51.65,51.65,8628,54015.15,1238850,97950,17-AUG-2016,
OPTIDX,NIFTY,29-Sep-2016,8350,PE,0,0,0,236,39.5,0,0,0,0,17-AUG-2016,
OPTIDX,NIFTY,29-Sep-2016,8400,PE,63.7,73.2,55.95,70.25,70.25,8654,54940.57,1389375,115950,17-AUG-2016,
OPTIDX,NIFTY,29-Sep-2016,8450,PE,0,0,0,284.7,62.4,0,0,0,0,17-AUG-2016,
OPTIDX,NIFTY,29-Sep-2016,8500,PE,88,100.2,77.55,96.35,96.35,13036,83986.08,2992200,58800,17-AUG-2016,
OPTIDX,NIFTY,29-Sep-2016,8550,PE,0,0,0,130,93.95,0,0,75,0,17-AUG-2016,
OPTIDX,NIFTY,29-Sep-2016,8600,PE,118,133.55,105,128.45,128.45,10524,68841.3,787875,114675,17-AUG-2016,
OPTIDX,NIFTY,29-Sep-2016,8650,PE,0,0,0,398.45,135.05,0,0,0,0,17-AUG-2016,
OPTIDX,NIFTY,29-Sep-2016,8700,PE,159.05,178.45,140.8,169.8,169.8,5312,35304.38,663525,20400,17-AUG-2016,
OPTIDX,NIFTY,29-Sep-2016,8750,PE,0,0,0,463.1,186.05,0,0,0,0,17-AUG-2016,
OPTIDX,NIFTY,29-Sep-2016,8800,PE,213,233.5,186.95,220.7,220.7,2333,15774.71,445575,-6600,17-AUG-2016,
OPTIDX,NIFTY,29-Sep-2016,8850,PE,0,0,0,532.5,246.85,0,0,0,0,17-AUG-2016,
OPTIDX,NIFTY,29-Sep-2016,8900,PE,264,297,244.15,283.85,283.85,551,3790.3,281550,12450,17-AUG-2016,
OPTIDX,NIFTY,29-Sep-2016,8950,PE,0,0,0,606.7,316.65,0,0,0,0,17-AUG-2016,
OPTIDX,NIFTY,29-Sep-2016,9000,PE,344,370,310.65,353.6,353.6,688,4820.3,624750,4950,17-AUG-2016,
OPTIDX,NIFTY,29-Sep-2016,9050,PE,0,0,0,684.1,394.35,0,0,0,0,17-AUG-2016,
OPTIDX,NIFTY,29-Sep-2016,9100,PE,404,417.05,403,417.05,417.05,3,21.39,1275,0,17-AUG-2016,
OPTIDX,NIFTY,29-Sep-2016,9150,PE,0,0,0,765.3,478.35,0,0,0,0,17-AUG-2016,
OPTIDX,NIFTY,29-Sep-2016,9200,PE,495,530,495,526.65,526.65,9,65.61,3975,525,17-AUG-2016,
OPTIDX,NIFTY,29-Sep-2016,9250,PE,0,0,0,849.6,567.25,0,0,0,0,17-AUG-2016,
OPTIDX,NIFTY,29-Sep-2016,9300,PE,0,0,0,581.35,613.15,0,0,150,0,17-AUG-2016,
OPTIDX,NIFTY,29-Sep-2016,9350,PE,0,0,0,936.5,659.8,0,0,0,0,17-AUG-2016,
OPTIDX,NIFTY,29-Sep-2016,9400,PE,715,720,715,717.5,717.5,2,15.17,300,150,17-AUG-2016,
OPTIDX,NIFTY,29-Sep-2016,9450,PE,0,0,0,1025.65,754.85,0,0,0,0,17-AUG-2016,
OPTIDX,NIFTY,29-Sep-2016,9500,PE,776,820,755.55,807,807,380,2933.28,164700,24825,17-AUG-2016,
OPTIDX,NIFTY,29-Sep-2016,9550,PE,0,0,0,1116.65,851.6,0,0,0,0,17-AUG-2016,
OPTIDX,NIFTY,29-Sep-2016,9600,PE,0,0,0,1460.5,900.4,0,0,0,0,17-AUG-2016,
OPTIDX,NIFTY,29-Sep-2016,9650,PE,0,0,0,1209.25,949.4,0,0,0,0,17-AUG-2016,
OPTIDX,NIFTY,29-Sep-2016,9700,PE,0,0,0,1528.2,998.55,0,0,0,0,17-AUG-2016,
OPTIDX,NIFTY,29-Sep-2016,9750,PE,0,0,0,1303.1,1047.8,0,0,0,0,17-AUG-2016,
OPTIDX,NIFTY,29-Sep-2016,9800,PE,0,0,0,1597.5,1097.2,0,0,0,0,17-AUG-2016,
OPTIDX,NIFTY,29-Sep-2016,9850,PE,0,0,0,1362.75,1146.6,0,0,0,0,17-AUG-2016,
OPTIDX,NIFTY,29-Sep-2016,9900,PE,0,0,0,1667.6,1196.1,0,0,0,0,17-AUG-2016,
OPTIDX,NIFTY,29-Sep-2016,9950,PE,0,0,0,1338.7,1245.6,0,0,0,0,17-AUG-2016,
OPTIDX,NIFTY,29-Sep-2016,10000,PE,1275.6,1309.9,1245,1298,1298,37,313.15,66075,2475,17-AUG-2016,
OPTIDX,NIFTY,29-Sep-2016,10050,PE,0,0,0,1343.55,1344.7,0,0,0,0,17-AUG-2016,
OPTIDX,NIFTY,29-Sep-2016,10100,PE,0,0,0,1811.15,1394.25,0,0,0,0,17-AUG-2016,
OPTIDX,NIFTY,29-Sep-2016,10150,PE,0,0,0,1388.15,1443.85,0,0,0,0,17-AUG-2016,
OPTIDX,NIFTY,29-Sep-2016,10200,PE,0,0,0,1884.5,1493.4,0,0,0,0,17-AUG-2016,
OPTIDX,NIFTY,29-Sep-2016,10300,PE,0,0,0,1958.8,1592.6,0,0,0,0,17-AUG-2016,
OPTIDX,NIFTY,29-Sep-2016,10400,PE,0,0,0,1968.2,1691.8,0,0,0,0,17-AUG-2016,
OPTIDX,NIFTY,29-Sep-2016,10500,PE,1785,1785,1785,1785,1785,1,9.21,75,75,17-AUG-2016,
OPTIDX,NIFTY,29-Sep-2016,10600,PE,0,0,0,1988.7,1890.15,0,0,0,0,17-AUG-2016,
OPTIDX,NIFTY,29-Sep-2016,10700,PE,0,0,0,1867.5,1989.35,0,0,0,0,17-AUG-2016,
OPTIDX,NIFTY,27-Oct-2016,7050,CE,0,0,0,1607.45,1668.1,0,0,0,0,17-AUG-2016,
OPTIDX,NIFTY,27-Oct-2016,7100,CE,0,0,0,1637.95,1618.75,0,0,0,0,17-AUG-2016,
OPTIDX,NIFTY,27-Oct-2016,7150,CE,0,0,0,1639.3,1569.45,0,0,0,0,17-AUG-2016,
OPTIDX,NIFTY,27-Oct-2016,7200,CE,0,0,0,1590.2,1520.1,0,0,0,0,17-AUG-2016,
OPTIDX,NIFTY,27-Oct-2016,7250,CE,0,0,0,1541.15,1470.8,0,0,0,0,17-AUG-2016,
OPTIDX,NIFTY,27-Oct-2016,7300,CE,0,0,0,1492.1,1421.55,0,0,0,0,17-AUG-2016,
OPTIDX,NIFTY,27-Oct-2016,7350,CE,0,0,0,1443.15,1372.25,0,0,0,0,17-AUG-2016,
OPTIDX,NIFTY,27-Oct-2016,7400,CE,0,0,0,1235,1323.05,0,0,75,0,17-AUG-2016,
OPTIDX,NIFTY,27-Oct-2016,7450,CE,0,0,0,1345.35,1273.85,0,0,0,0,17-AUG-2016,
OPTIDX,NIFTY,27-Oct-2016,7500,CE,0,0,0,1235.15,1224.7,0,0,225,0,17-AUG-2016,
OPTIDX,NIFTY,27-Oct-2016,7550,CE,0,0,0,1247.95,1175.65,0,0,0,0,17-AUG-2016,
OPTIDX,NIFTY,27-Oct-2016,7600,CE,0,0,0,1199.45,1126.7,0,0,0,0,17-AUG-2016,
OPTIDX,NIFTY,27-Oct-2016,7650,CE,0,0,0,1151.15,1077.9,0,0,0,0,17-AUG-2016,
OPTIDX,NIFTY,27-Oct-2016,7700,CE,0,0,0,1057.15,1029.25,0,0,150,0,17-AUG-2016,
OPTIDX,NIFTY,27-Oct-2016,7750,CE,0,0,0,1055.25,980.85,0,0,0,0,17-AUG-2016,
OPTIDX,NIFTY,27-Oct-2016,7800,CE,922,944.2,920.8,943.6,943.6,647,4234.74,174675,47475,17-AUG-2016,
OPTIDX,NIFTY,27-Oct-2016,7850,CE,0,0,0,960.65,884.95,0,0,0,0,17-AUG-2016,
OPTIDX,NIFTY,27-Oct-2016,7900,CE,0,0,0,859.95,837.55,0,0,150,0,17-AUG-2016,
OPTIDX,NIFTY,27-Oct-2016,7950,CE,0,0,0,867.8,790.7,0,0,0,0,17-AUG-2016,
OPTIDX,NIFTY,27-Oct-2016,8000,CE,750,765,707,731.75,731.75,686,4494.92,225975,35925,17-AUG-2016,
OPTIDX,NIFTY,27-Oct-2016,8050,CE,0,0,0,777.3,698.85,0,0,0,0,17-AUG-2016,
OPTIDX,NIFTY,27-Oct-2016,8100,CE,655,675,620,642.65,642.65,617,4050.29,181950,29550,17-AUG-2016,
OPTIDX,NIFTY,27-Oct-2016,8150,CE,0,0,0,689.85,610.3,0,0,0,0,17-AUG-2016,
OPTIDX,NIFTY,27-Oct-2016,8200,CE,571,588,539,554.7,554.7,535,3516.15,197550,29700,17-AUG-2016,
OPTIDX,NIFTY,27-Oct-2016,8250,CE,0,0,0,606.15,525.85,0,0,0,0,17-AUG-2016,
OPTIDX,NIFTY,27-Oct-2016,8300,CE,480.5,506.45,452,481.2,481.2,318,2093.51,114750,18975,17-AUG-2016,
OPTIDX,NIFTY,27-Oct-2016,8350,CE,0,0,0,526.9,446.55,0,0,0,0,17-AUG-2016,
OPTIDX,NIFTY,27-Oct-2016,8400,CE,461.55,461.55,380,386.7,386.7,326,2150.64,136200,21675,17-AUG-2016,
OPTIDX,NIFTY,27-Oct-2016,8450,CE,0,0,0,453.05,373.25,0,0,0,0,17-AUG-2016,
OPTIDX,NIFTY,27-Oct-2016,8500,CE,348.8,356.4,319,333.7,333.7,451,2985.16,205050,22950,17-AUG-2016,
OPTIDX,NIFTY,27-Oct-2016,8550,CE,0,0,0,384.35,306.85,0,0,0,0,17-AUG-2016,
OPTIDX,NIFTY,27-Oct-2016,8600,CE,261.7,288.95,253.35,265.2,265.2,508,3379.35,171600,32550,17-AUG-2016,
OPTIDX,NIFTY,27-Oct-2016,8650,CE,0,0,0,322.25,247.85,0,0,0,0,17-AUG-2016,
OPTIDX,NIFTY,27-Oct-2016,8700,CE,219,238.75,198.2,208.95,208.95,291,1945.7,163500,11400,17-AUG-2016,
OPTIDX,NIFTY,27-Oct-2016,8750,CE,0,0,0,266.6,196.5,0,0,0,0,17-AUG-2016,
OPTIDX,NIFTY,27-Oct-2016,8800,CE,166.55,181.8,150,160.75,160.75,679,4565.22,183975,33825,17-AUG-2016,
OPTIDX,NIFTY,27-Oct-2016,8850,CE,0,0,0,217.6,152.85,0,0,0,0,17-AUG-2016,
OPTIDX,NIFTY,27-Oct-2016,8900,CE,126.4,136.55,113,118.85,118.85,228,1543.07,31800,4125,17-AUG-2016,
OPTIDX,NIFTY,27-Oct-2016,8950,CE,0,0,0,175.15,116.6,0,0,0,0,17-AUG-2016,
OPTIDX,NIFTY,27-Oct-2016,9000,CE,93.55,100,80.95,86.05,86.05,800,5453.23,301200,44175,17-AUG-2016,
OPTIDX,NIFTY,27-Oct-2016,9050,CE,0,0,0,138.95,87.15,0,0,0,0,17-AUG-2016,
OPTIDX,NIFTY,27-Oct-2016,9100,CE,64.85,69.8,55.6,63.25,63.25,144,989.48,120600,3300,17-AUG-2016,
OPTIDX,NIFTY,27-Oct-2016,9150,CE,0,0,0,108.7,63.9,0,0,0,0,17-AUG-2016,
OPTIDX,NIFTY,27-Oct-2016,9200,CE,43,45,37,39.5,39.5,210,1455.28,89175,8475,17-AUG-2016,
OPTIDX,NIFTY,27-Oct-2016,9250,CE,0,0,0,83.85,45.9,0,0,0,0,17-AUG-2016,
OPTIDX,NIFTY,27-Oct-2016,9300,CE,27.4,31.7,24,24,24,39,272.82,49425,450,17-AUG-2016,
OPTIDX,NIFTY,27-Oct-2016,9350,CE,0,0,0,63.75,32.25,0,0,0,0,17-AUG-2016,
OPTIDX,NIFTY,27-Oct-2016,9400,CE,18.8,19.45,15.05,15.6,15.6,87,614.45,144075,2175,17-AUG-2016,
OPTIDX,NIFTY,27-Oct-2016,9450,CE,0,0,0,47.75,22.2,0,0,0,0,17-AUG-2016,
OPTIDX,NIFTY,27-Oct-2016,9500,CE,11.8,12.7,10,10,10,190,1355.38,140850,9900,17-AUG-2016,
OPTIDX,NIFTY,27-Oct-2016,9550,CE,0,0,0,35.2,14.95,0,0,0,0,17-AUG-2016,
OPTIDX,NIFTY,27-Oct-2016,9600,CE,0,0,0,10.7,12.2,0,0,300,0,17-AUG-2016,
OPTIDX,NIFTY,27-Oct-2016,9650,CE,0,0,0,25.6,9.9,0,0,0,0,17-AUG-2016,
OPTIDX,NIFTY,27-Oct-2016,9700,CE,0,0,0,11,7.95,0,0,225,0,17-AUG-2016,
OPTIDX,NIFTY,27-Oct-2016,9750,CE,0,0,0,18.35,6.4,0,0,0,0,17-AUG-2016,
OPTIDX,NIFTY,27-Oct-2016,9800,CE,0,0,0,15.45,5.1,0,0,0,0,17-AUG-2016,
OPTIDX,NIFTY,27-Oct-2016,9850,CE,0,0,0,12.95,4.05,0,0,0,0,17-AUG-2016,
OPTIDX,NIFTY,27-Oct-2016,9900,CE,0,0,0,10.8,3.2,0,0,0,0,17-AUG-2016,
OPTIDX,NIFTY,27-Oct-2016,9950,CE,0,0,0,9,2.55,0,0,0,0,17-AUG-2016,
OPTIDX,NIFTY,27-Oct-2016,10000,CE,0,0,0,8.35,2,0,0,375,0,17-AUG-2016,
OPTIDX,NIFTY,27-Oct-2016,10050,CE,0,0,0,11.8,1.55,0,0,0,0,17-AUG-2016,
OPTIDX,NIFTY,27-Oct-2016,10100,CE,0,0,0,5.1,1.2,0,0,0,0,17-AUG-2016,
OPTIDX,NIFTY,27-Oct-2016,10150,CE,0,0,0,10,0.95,0,0,0,0,17-AUG-2016,
OPTIDX,NIFTY,27-Oct-2016,10200,CE,0,0,0,2.95,0.7,0,0,0,0,17-AUG-2016,
OPTIDX,NIFTY,27-Oct-2016,7050,PE,0,0,0,0.05,0.05,0,0,0,0,17-AUG-2016,
OPTIDX,NIFTY,27-Oct-2016,7100,PE,0,0,0,0.05,0.05,0,0,0,0,17-AUG-2016,
OPTIDX,NIFTY,27-Oct-2016,7150,PE,0,0,0,0.15,0.05,0,0,0,0,17-AUG-2016,
OPTIDX,NIFTY,27-Oct-2016,7200,PE,0,0,0,0.2,0.05,0,0,0,0,17-AUG-2016,
OPTIDX,NIFTY,27-Oct-2016,7250,PE,0,0,0,0.3,0.1,0,0,0,0,17-AUG-2016,
OPTIDX,NIFTY,27-Oct-2016,7300,PE,0,0,0,0.4,0.15,0,0,0,0,17-AUG-2016,
OPTIDX,NIFTY,27-Oct-2016,7350,PE,0,0,0,0.6,0.2,0,0,0,0,17-AUG-2016,
OPTIDX,NIFTY,27-Oct-2016,7400,PE,0,0,0,0.8,0.3,0,0,0,0,17-AUG-2016,
OPTIDX,NIFTY,27-Oct-2016,7450,PE,0,0,0,1.1,0.45,0,0,0,0,17-AUG-2016,
OPTIDX,NIFTY,27-Oct-2016,7500,PE,13.35,13.5,13.35,13.5,13.5,33,185.95,11475,2475,17-AUG-2016,
OPTIDX,NIFTY,27-Oct-2016,7550,PE,0,0,0,1.95,0.95,0,0,0,0,17-AUG-2016,
OPTIDX,NIFTY,27-Oct-2016,7600,PE,0,0,0,2.6,1.35,0,0,0,0,17-AUG-2016,
OPTIDX,NIFTY,27-Oct-2016,7650,PE,0,0,0,3.45,1.85,0,0,0,0,17-AUG-2016,
OPTIDX,NIFTY,27-Oct-2016,7700,PE,7.6,20,7.6,20,20,16,92.55,675,600,17-AUG-2016,
OPTIDX,NIFTY,27-Oct-2016,7750,PE,0,0,0,5.8,3.5,0,0,0,0,17-AUG-2016,
OPTIDX,NIFTY,27-Oct-2016,7800,PE,19,24.9,17.95,24.25,24.25,1806,10594.66,96825,47625,17-AUG-2016,
OPTIDX,NIFTY,27-Oct-2016,7850,PE,0,0,0,9.5,6.25,0,0,0,0,17-AUG-2016,
OPTIDX,NIFTY,27-Oct-2016,7900,PE,25,31.1,23,30.6,30.6,458,2723.89,60975,7050,17-AUG-2016,
OPTIDX,NIFTY,27-Oct-2016,7950,PE,0,0,0,14.9,10.65,0,0,0,0,17-AUG-2016,
OPTIDX,NIFTY,27-Oct-2016,8000,PE,32.5,39.6,30.15,38.7,38.7,2478,14935.85,260475,43125,17-AUG-2016,
OPTIDX,NIFTY,27-Oct-2016,8050,PE,0,0,0,22.75,17.5,0,0,0,0,17-AUG-2016,
OPTIDX,NIFTY,27-Oct-2016,8100,PE,42.75,49.05,37.75,48.6,48.6,649,3963.62,113850,9750,17-AUG-2016,
OPTIDX,NIFTY,27-Oct-2016,8150,PE,0,0,0,33.55,27.55,0,0,0,0,17-AUG-2016,
OPTIDX,NIFTY,27-Oct-2016,8200,PE,55.9,63.4,50,62.25,62.25,642,3975.26,362475,17850,17-AUG-2016,
OPTIDX,NIFTY,27-Oct-2016,8250,PE,0,0,0,48.15,41.8,0,0,0,0,17-AUG-2016,
OPTIDX,NIFTY,27-Oct-2016,8300,PE,69.75,83.95,65.8,79.05,79.05,1208,7586.51,277275,58500,17-AUG-2016,
OPTIDX,NIFTY,27-Oct-2016,8350,PE,0,0,0,67.2,61.2,0,0,0,0,17-AUG-2016,
OPTIDX,NIFTY,27-Oct-2016,8400,PE,95.2,104,86.95,100.65,100.65,1666,10614.83,793350,53175,17-AUG-2016,
OPTIDX,NIFTY,27-Oct-2016,8450,PE,0,0,0,91.6,86.55,0,0,0,0,17-AUG-2016,
OPTIDX,NIFTY,27-Oct-2016,8500,PE,120,132.5,111.2,128.2,128.2,5821,37644.31,871725,327900,17-AUG-2016,
OPTIDX,NIFTY,27-Oct-2016,8550,PE,0,0,0,121.2,118.8,0,0,0,0,17-AUG-2016,
OPTIDX,NIFTY,27-Oct-2016,8600,PE,151.55,165,138.5,159.45,159.45,2094,13747.84,352200,81975,17-AUG-2016,
OPTIDX,NIFTY,27-Oct-2016,8650,PE,0,0,0,157.35,158.5,0,0,0,0,17-AUG-2016,
OPTIDX,NIFTY,27-Oct-2016,8700,PE,188.5,204,171.6,198.6,198.6,1129,7527.32,331350,67275,17-AUG-2016,
OPTIDX,NIFTY,27-Oct-2016,8750,PE,0,0,0,200,205.8,0,0,0,0,17-AUG-2016,
OPTIDX,NIFTY,27-Oct-2016,8800,PE,236.65,252.8,216.45,245.95,245.95,102,691.1,73500,2100,17-AUG-2016,
OPTIDX,NIFTY,27-Oct-2016,8850,PE,0,0,0,249.25,260.8,0,0,0,0,17-AUG-2016,
OPTIDX,NIFTY,27-Oct-2016,8900,PE,285,304,285,304,304,2,13.79,75,75,17-AUG-2016,
OPTIDX,NIFTY,27-Oct-2016,8950,PE,0,0,0,305.1,323.2,0,0,0,0,17-AUG-2016,
OPTIDX,NIFTY,27-Oct-2016,9000,PE,345,374.35,340.3,365,365,8,56.15,2400,150,17-AUG-2016,
OPTIDX,NIFTY,27-Oct-2016,9050,PE,0,0,0,367.2,392.45,0,0,0,0,17-AUG-2016,
OPTIDX,NIFTY,27-Oct-2016,9100,PE,0,0,0,400.5,429.85,0,0,0,0,17-AUG-2016,
OPTIDX,NIFTY,27-Oct-2016,9150,PE,0,0,0,435.2,467.85,0,0,0,0,17-AUG-2016,
OPTIDX,NIFTY,27-Oct-2016,9200,PE,0,0,0,520,507.6,0,0,75,0,17-AUG-2016,
OPTIDX,NIFTY,27-Oct-2016,9250,PE,0,0,0,508.65,548.5,0,0,0,0,17-AUG-2016,
OPTIDX,NIFTY,27-Oct-2016,9300,PE,0,0,0,547.2,590.55,0,0,0,0,17-AUG-2016,
OPTIDX,NIFTY,27-Oct-2016,9350,PE,0,0,0,586.8,633.55,0,0,0,0,17-AUG-2016,
OPTIDX,NIFTY,27-Oct-2016,9400,PE,0,0,0,627.5,677.45,0,0,0,0,17-AUG-2016,
OPTIDX,NIFTY,27-Oct-2016,9450,PE,0,0,0,669.1,722.15,0,0,0,0,17-AUG-2016,
OPTIDX,NIFTY,27-Oct-2016,9500,PE,0,0,0,696,767.55,0,0,3150,0,17-AUG-2016,
OPTIDX,NIFTY,27-Oct-2016,9550,PE,0,0,0,754.85,813.6,0,0,0,0,17-AUG-2016,
OPTIDX,NIFTY,27-Oct-2016,9600,PE,0,0,0,798.85,860.15,0,0,0,0,17-AUG-2016,
OPTIDX,NIFTY,27-Oct-2016,9650,PE,0,0,0,843.55,907.2,0,0,0,0,17-AUG-2016,
OPTIDX,NIFTY,27-Oct-2016,9700,PE,0,0,0,888.8,954.6,0,0,0,0,17-AUG-2016,
OPTIDX,NIFTY,27-Oct-2016,9750,PE,0,0,0,934.55,1002.35,0,0,0,0,17-AUG-2016,
OPTIDX,NIFTY,27-Oct-2016,9800,PE,0,0,0,980.8,1050.4,0,0,0,0,17-AUG-2016,
OPTIDX,NIFTY,27-Oct-2016,9850,PE,0,0,0,1027.45,1098.7,0,0,0,0,17-AUG-2016,
OPTIDX,NIFTY,27-Oct-2016,9900,PE,0,0,0,1074.45,1147.15,0,0,0,0,17-AUG-2016,
OPTIDX,NIFTY,27-Oct-2016,9950,PE,0,0,0,1121.8,1195.8,0,0,0,0,17-AUG-2016,
OPTIDX,NIFTY,27-Oct-2016,10000,PE,0,0,0,1169.4,1244.6,0,0,0,0,17-AUG-2016,
OPTIDX,NIFTY,27-Oct-2016,10050,PE,0,0,0,1217.25,1293.5,0,0,0,0,17-AUG-2016,
OPTIDX,NIFTY,27-Oct-2016,10100,PE,0,0,0,1265.3,1342.5,0,0,0,0,17-AUG-2016,
OPTIDX,NIFTY,27-Oct-2016,10150,PE,0,0,0,1313.55,1391.55,0,0,0,0,17-AUG-2016,
OPTIDX,NIFTY,27-Oct-2016,10200,PE,0,0,0,1364.35,1440.7,0,0,0,0,17-AUG-2016,
OPTIDX,NIFTY,29-Dec-2016,2800,CE,0,0,0,2978.25,5894.1,0,0,0,0,17-AUG-2016,
OPTIDX,NIFTY,29-Dec-2016,2900,CE,0,0,0,2923.75,5796.6,0,0,0,0,17-AUG-2016,
OPTIDX,NIFTY,29-Dec-2016,3000,CE,5635,5635,5635,5635,5635,1,6.47,510425,0,17-AUG-2016,
OPTIDX,NIFTY,29-Dec-2016,3100,CE,0,0,0,2816.65,5601.6,0,0,0,0,17-AUG-2016,
OPTIDX,NIFTY,29-Dec-2016,3200,CE,0,0,0,2764.1,5504.1,0,0,0,0,17-AUG-2016,
OPTIDX,NIFTY,29-Dec-2016,3300,CE,0,0,0,2712.3,5406.6,0,0,0,0,17-AUG-2016,
OPTIDX,NIFTY,29-Dec-2016,3400,CE,0,0,0,2661.15,5309.1,0,0,0,0,17-AUG-2016,
OPTIDX,NIFTY,29-Dec-2016,3500,CE,0,0,0,2610.7,5211.6,0,0,0,0,17-AUG-2016,
OPTIDX,NIFTY,29-Dec-2016,3600,CE,0,0,0,2561,5114.1,0,0,0,0,17-AUG-2016,
OPTIDX,NIFTY,29-Dec-2016,3700,CE,0,0,0,2512,5016.6,0,0,0,0,17-AUG-2016,
OPTIDX,NIFTY,29-Dec-2016,3800,CE,0,0,0,2463.8,4919.1,0,0,0,0,17-AUG-2016,
OPTIDX,NIFTY,29-Dec-2016,3900,CE,0,0,0,2416.3,4821.6,0,0,0,0,17-AUG-2016,
OPTIDX,NIFTY,29-Dec-2016,4000,CE,0,0,0,4649.8,4724.1,0,0,1725,0,17-AUG-2016,
OPTIDX,NIFTY,29-Dec-2016,4100,CE,0,0,0,2323.55,4626.6,0,0,0,0,17-AUG-2016,
OPTIDX,NIFTY,29-Dec-2016,4200,CE,0,0,0,2278.4,4529.15,0,0,0,0,17-AUG-2016,
OPTIDX,NIFTY,29-Dec-2016,4300,CE,0,0,0,2233.9,4431.65,0,0,0,0,17-AUG-2016,
OPTIDX,NIFTY,29-Dec-2016,4400,CE,0,0,0,2190.15,4334.15,0,0,0,0,17-AUG-2016,
OPTIDX,NIFTY,29-Dec-2016,4500,CE,0,0,0,2147.15,4236.65,0,0,0,0,17-AUG-2016,
OPTIDX,NIFTY,29-Dec-2016,4600,CE,0,0,0,2104.9,4139.15,0,0,0,0,17-AUG-2016,
OPTIDX,NIFTY,29-Dec-2016,4700,CE,0,0,0,2063.4,4041.65,0,0,0,0,17-AUG-2016,
OPTIDX,NIFTY,29-Dec-2016,4800,CE,0,0,0,2022.6,3944.15,0,0,0,0,17-AUG-2016,
OPTIDX,NIFTY,29-Dec-2016,4900,CE,0,0,0,1982.6,3846.65,0,0,0,0,17-AUG-2016,
OPTIDX,NIFTY,29-Dec-2016,5000,CE,3705.1,3705.1,3705.1,3705.1,3705.1,1,6.52,282375,75,17-AUG-2016,
OPTIDX,NIFTY,29-Dec-2016,5100,CE,0,0,0,1904.75,3651.65,0,0,0,0,17-AUG-2016,
OPTIDX,NIFTY,29-Dec-2016,5200,CE,0,0,0,1866.9,3554.15,0,0,0,0,17-AUG-2016,
OPTIDX,NIFTY,29-Dec-2016,5300,CE,0,0,0,1829.75,3456.65,0,0,0,0,17-AUG-2016,
OPTIDX,NIFTY,29-Dec-2016,5400,CE,0,0,0,1793.3,3359.15,0,0,0,0,17-AUG-2016,
OPTIDX,NIFTY,29-Dec-2016,5500,CE,0,0,0,1835.8,3261.65,0,0,150,0,17-AUG-2016,
OPTIDX,NIFTY,29-Dec-2016,5600,CE,0,0,0,1520,3164.15,0,0,25000,0,17-AUG-2016,
OPTIDX,NIFTY,29-Dec-2016,5700,CE,0,0,0,1499,3066.65,0,0,55000,0,17-AUG-2016,
OPTIDX,NIFTY,29-Dec-2016,5800,CE,0,0,0,1654.5,2969.15,0,0,0,0,17-AUG-2016,
OPTIDX,NIFTY,29-Dec-2016,5900,CE,0,0,0,1617.45,2871.65,0,0,58375,0,17-AUG-2016,
OPTIDX,NIFTY,29-Dec-2016,6000,CE,2760,2760,2730,2730,2730,3,19.67,179800,-225,17-AUG-2016,
OPTIDX,NIFTY,29-Dec-2016,6100,CE,0,0,0,2230.3,2676.65,0,0,538875,0,17-AUG-2016,
OPTIDX,NIFTY,29-Dec-2016,6200,CE,0,0,0,2240,2579.15,0,0,150100,0,17-AUG-2016,
OPTIDX,NIFTY,29-Dec-2016,6300,CE,0,0,0,2140,2481.65,0,0,183400,0,17-AUG-2016,
OPTIDX,NIFTY,29-Dec-2016,6400,CE,0,0,0,1380,2384.15,0,0,0,0,17-AUG-2016,
OPTIDX,NIFTY,29-Dec-2016,6500,CE,0,0,0,1280,2286.65,0,0,27075,0,17-AUG-2016,
OPTIDX,NIFTY,29-Dec-2016,6600,CE,0,0,0,1499.45,2189.2,0,0,0,0,17-AUG-2016,
OPTIDX,NIFTY,29-Dec-2016,6700,CE,0,0,0,1500.5,2091.7,0,0,73300,0,17-AUG-2016,
OPTIDX,NIFTY,29-Dec-2016,6800,CE,0,0,0,1430.8,1994.25,0,0,8750,0,17-AUG-2016,
OPTIDX,NIFTY,29-Dec-2016,6900,CE,0,0,0,1443.85,1896.85,0,0,0,0,17-AUG-2016,
OPTIDX,NIFTY,29-Dec-2016,7000,CE,1849,1849,1802,1802,1802,3,19.85,337075,-225,17-AUG-2016,
OPTIDX,NIFTY,29-Dec-2016,7100,CE,0,0,0,1543.3,1702.25,0,0,0,0,17-AUG-2016,
OPTIDX,NIFTY,29-Dec-2016,7200,CE,0,0,0,1537.75,1605.2,0,0,0,0,17-AUG-2016,
OPTIDX,NIFTY,29-Dec-2016,7300,CE,0,0,0,1580.3,1508.45,0,0,0,0,17-AUG-2016,
OPTIDX,NIFTY,29-Dec-2016,7400,CE,0,0,0,1170,1412.1,0,0,3375,0,17-AUG-2016,
OPTIDX,NIFTY,29-Dec-2016,7500,CE,1347,1347,1300,1301,1301,16,106.09,303175,0,17-AUG-2016,
OPTIDX,NIFTY,29-Dec-2016,7600,CE,0,0,0,1072.75,1221.5,0,0,0,0,17-AUG-2016,
OPTIDX,NIFTY,29-Dec-2016,7700,CE,0,0,0,971.3,1127.8,0,0,0,0,17-AUG-2016,
OPTIDX,NIFTY,29-Dec-2016,7800,CE,0,0,0,450,1035.6,0,0,4850,0,17-AUG-2016,
OPTIDX,NIFTY,29-Dec-2016,7900,CE,0,0,0,796,945.35,0,0,2550,0,17-AUG-2016,
OPTIDX,NIFTY,29-Dec-2016,8000,CE,895,900,858,872,872,377,2512.8,803250,7425,17-AUG-2016,
OPTIDX,NIFTY,29-Dec-2016,8100,CE,0,0,0,305,772.6,0,0,0,0,17-AUG-2016,
OPTIDX,NIFTY,29-Dec-2016,8200,CE,0,0,0,705.35,691.1,0,0,0,0,17-AUG-2016,
OPTIDX,NIFTY,29-Dec-2016,8300,CE,749.9,750,740,740,740,21,142.52,150075,-1500,17-AUG-2016,
OPTIDX,NIFTY,29-Dec-2016,8400,CE,0,0,0,595,540.5,0,0,75,0,17-AUG-2016,
OPTIDX,NIFTY,29-Dec-2016,8500,CE,518,519.15,482.25,495.1,495.1,263,1774.01,1341200,1500,17-AUG-2016,
OPTIDX,NIFTY,29-Dec-2016,8600,CE,0,0,0,889.7,408.45,0,0,0,0,17-AUG-2016,
OPTIDX,NIFTY,29-Dec-2016,8700,CE,0,0,0,350,350.55,0,0,4550,0,17-AUG-2016,
OPTIDX,NIFTY,29-Dec-2016,8800,CE,0,0,0,805.25,298.1,0,0,0,0,17-AUG-2016,
OPTIDX,NIFTY,29-Dec-2016,8900,CE,0,0,0,240,251.15,0,0,75,0,17-AUG-2016,
OPTIDX,NIFTY,29-Dec-2016,9000,CE,225,235,206.4,215.1,215.1,276,1908.15,1337800,-375,17-AUG-2016,
OPTIDX,NIFTY,29-Dec-2016,9100,CE,0,0,0,491.9,173.3,0,0,0,0,17-AUG-2016,
OPTIDX,NIFTY,29-Dec-2016,9200,CE,140,140,140,140,140,258,1807.29,19800,19350,17-AUG-2016,
OPTIDX,NIFTY,29-Dec-2016,9300,CE,0,0,0,130,115.4,0,0,300,0,17-AUG-2016,
OPTIDX,NIFTY,29-Dec-2016,9400,CE,0,0,0,80.55,92.5,0,0,1275,0,17-AUG-2016,
OPTIDX,NIFTY,29-Dec-2016,9500,CE,76.85,76.85,65,68.55,68.55,243,1744.35,750150,-1350,17-AUG-2016,
OPTIDX,NIFTY,29-Dec-2016,9600,CE,0,0,0,763.45,58,0,0,0,0,17-AUG-2016,
OPTIDX,NIFTY,29-Dec-2016,9700,CE,0,0,0,752.8,45.25,0,0,0,0,17-AUG-2016,
OPTIDX,NIFTY,29-Dec-2016,9800,CE,0,0,0,688.55,35,0,0,0,0,17-AUG-2016,
OPTIDX,NIFTY,29-Dec-2016,9900,CE,0,0,0,27,26.8,0,0,100,0,17-AUG-2016,
OPTIDX,NIFTY,29-Dec-2016,10000,CE,24.9,26.4,24,24,24,5,37.59,187075,75,17-AUG-2016,
OPTIDX,NIFTY,29-Dec-2016,10100,CE,0,0,0,741.3,15.25,0,0,0,0,17-AUG-2016,
OPTIDX,NIFTY,29-Dec-2016,10200,CE,0,0,0,578.8,11.35,0,0,0,0,17-AUG-2016,
OPTIDX,NIFTY,29-Dec-2016,10300,CE,0,0,0,617.55,8.4,0,0,0,0,17-AUG-2016,
OPTIDX,NIFTY,29-Dec-2016,10400,CE,0,0,0,448.25,6.15,0,0,0,0,17-AUG-2016,
OPTIDX,NIFTY,29-Dec-2016,10500,CE,0,0,0,487,4.45,0,0,0,0,17-AUG-2016,
OPTIDX,NIFTY,29-Dec-2016,10600,CE,0,0,0,466.25,3.2,0,0,0,0,17-AUG-2016,
OPTIDX,NIFTY,29-Dec-2016,10700,CE,0,0,0,628.65,2.3,0,0,0,0,17-AUG-2016,
OPTIDX,NIFTY,29-Dec-2016,10800,CE,0,0,0,488.35,1.6,0,0,0,0,17-AUG-2016,
OPTIDX,NIFTY,29-Dec-2016,10900,CE,0,0,0,394.25,1.15,0,0,0,0,17-AUG-2016,
OPTIDX,NIFTY,29-Dec-2016,11000,CE,0,0,0,10,0.8,0,0,2275,0,17-AUG-2016,
OPTIDX,NIFTY,29-Dec-2016,11100,CE,0,0,0,759.2,0.55,0,0,0,0,17-AUG-2016,
OPTIDX,NIFTY,29-Dec-2016,11200,CE,0,0,0,701.15,0.4,0,0,0,0,17-AUG-2016,
OPTIDX,NIFTY,29-Dec-2016,11300,CE,0,0,0,716.65,0.25,0,0,0,0,17-AUG-2016,
OPTIDX,NIFTY,29-Dec-2016,11400,CE,0,0,0,646.45,0.2,0,0,0,0,17-AUG-2016,
OPTIDX,NIFTY,29-Dec-2016,2800,PE,0,0,0,41.25,0,0,0,0,0,17-AUG-2016,
OPTIDX,NIFTY,29-Dec-2016,2900,PE,0,0,0,47.8,0,0,0,0,0,17-AUG-2016,
OPTIDX,NIFTY,29-Dec-2016,3000,PE,0,0,0,59.85,0,0,0,22900,0,17-AUG-2016,
OPTIDX,NIFTY,29-Dec-2016,3100,PE,0,0,0,62.85,0,0,0,0,0,17-AUG-2016,
OPTIDX,NIFTY,29-Dec-2016,3200,PE,0,0,0,71.35,0,0,0,0,0,17-AUG-2016,
OPTIDX,NIFTY,29-Dec-2016,3300,PE,0,0,0,80.55,0,0,0,0,0,17-AUG-2016,
OPTIDX,NIFTY,29-Dec-2016,3400,PE,0,0,0,90.45,0,0,0,0,0,17-AUG-2016,
OPTIDX,NIFTY,29-Dec-2016,3500,PE,0,0,0,101.05,0,0,0,0,0,17-AUG-2016,
OPTIDX,NIFTY,29-Dec-2016,3600,PE,0,0,0,0.5,0,0,0,23975,0,17-AUG-2016,
OPTIDX,NIFTY,29-Dec-2016,3700,PE,0,0,0,124.45,0,0,0,0,0,17-AUG-2016,
OPTIDX,NIFTY,29-Dec-2016,3800,PE,0,0,0,137.3,0,0,0,0,0,17-AUG-2016,
OPTIDX,NIFTY,29-Dec-2016,3900,PE,0,0,0,150.85,0,0,0,0,0,17-AUG-2016,
OPTIDX,NIFTY,29-Dec-2016,4000,PE,0,0,0,3,0,0,0,6250,0,17-AUG-2016,
OPTIDX,NIFTY,29-Dec-2016,4100,PE,0,0,0,180.2,0,0,0,0,0,17-AUG-2016,
OPTIDX,NIFTY,29-Dec-2016,4200,PE,0,0,0,40,0,0,0,29050,0,17-AUG-2016,
OPTIDX,NIFTY,29-Dec-2016,4300,PE,0,0,0,7.25,0,0,0,25200,0,17-AUG-2016,
OPTIDX,NIFTY,29-Dec-2016,4400,PE,0,0,0,229.9,0,0,0,0,0,17-AUG-2016,
OPTIDX,NIFTY,29-Dec-2016,4500,PE,0,0,0,2,0,0,0,5250,0,17-AUG-2016,
OPTIDX,NIFTY,29-Dec-2016,4600,PE,0,0,0,318.8,0,0,0,0,0,17-AUG-2016,
OPTIDX,NIFTY,29-Dec-2016,4700,PE,0,0,0,1.45,0,0,0,17850,0,17-AUG-2016,
OPTIDX,NIFTY,29-Dec-2016,4800,PE,0,0,0,20,0,0,0,44300,0,17-AUG-2016,
OPTIDX,NIFTY,29-Dec-2016,4900,PE,0,0,0,33,0,0,0,9800,0,17-AUG-2016,
OPTIDX,NIFTY,29-Dec-2016,5000,PE,0,0,0,3,0,0,0,150475,0,17-AUG-2016,
OPTIDX,NIFTY,29-Dec-2016,5100,PE,0,0,0,143,0,0,0,19650,0,17-AUG-2016,
OPTIDX,NIFTY,29-Dec-2016,5200,PE,0,0,0,395.05,0,0,0,0,0,17-AUG-2016,
OPTIDX,NIFTY,29-Dec-2016,5300,PE,0,0,0,418.95,0,0,0,0,0,17-AUG-2016,
OPTIDX,NIFTY,29-Dec-2016,5400,PE,0,0,0,443.55,0,0,0,0,0,17-AUG-2016,
OPTIDX,NIFTY,29-Dec-2016,5500,PE,0,0,0,5.4,0,0,0,89550,0,17-AUG-2016,
OPTIDX,NIFTY,29-Dec-2016,5600,PE,0,0,0,35,0,0,0,31400,0,17-AUG-2016,
OPTIDX,NIFTY,29-Dec-2016,5700,PE,0,0,0,54.3,0,0,0,5875,0,17-AUG-2016,
OPTIDX,NIFTY,29-Dec-2016,5800,PE,0,0,0,548.9,0,0,0,0,0,17-AUG-2016,
OPTIDX,NIFTY,29-Dec-2016,5900,PE,0,0,0,60,0,0,0,0,0,17-AUG-2016,
OPTIDX,NIFTY,29-Dec-2016,6000,PE,0,0,0,7.55,0,0,0,282900,0,17-AUG-2016,
OPTIDX,NIFTY,29-Dec-2016,6100,PE,0,0,0,53.35,0,0,0,73875,0,17-AUG-2016,
OPTIDX,NIFTY,29-Dec-2016,6200,PE,0,0,0,31.5,0,0,0,96250,0,17-AUG-2016,
OPTIDX,NIFTY,29-Dec-2016,6300,PE,0,0,0,90,0,0,0,30850,0,17-AUG-2016,
OPTIDX,NIFTY,29-Dec-2016,6400,PE,0,0,0,50,0,0,0,6200,0,17-AUG-2016,
OPTIDX,NIFTY,29-Dec-2016,6500,PE,0,0,0,13.25,0.05,0,0,538625,0,17-AUG-2016,
OPTIDX,NIFTY,29-Dec-2016,6600,PE,0,0,0,544,0.05,0,0,15000,0,17-AUG-2016,
OPTIDX,NIFTY,29-Dec-2016,6700,PE,0,0,0,251.7,0.05,0,0,9575,0,17-AUG-2016,
OPTIDX,NIFTY,29-Dec-2016,6800,PE,0,0,0,197.1,0.1,0,0,24125,0,17-AUG-2016,
OPTIDX,NIFTY,29-Dec-2016,6900,PE,0,0,0,198.9,0.2,0,0,450,0,17-AUG-2016,
OPTIDX,NIFTY,29-Dec-2016,7000,PE,20.55,22.5,20.55,21.25,21.25,101,531.84,559100,-2775,17-AUG-2016,
OPTIDX,NIFTY,29-Dec-2016,7100,PE,0,0,0,266.2,0.6,0,0,25900,0,17-AUG-2016,
OPTIDX,NIFTY,29-Dec-2016,7200,PE,0,0,0,140,1.05,0,0,75,0,17-AUG-2016,
OPTIDX,NIFTY,29-Dec-2016,7300,PE,0,0,0,80,1.8,0,0,150,0,17-AUG-2016,
OPTIDX,NIFTY,29-Dec-2016,7400,PE,0,0,0,108,2.95,0,0,3250,0,17-AUG-2016,
OPTIDX,NIFTY,29-Dec-2016,7500,PE,35,39.5,35,38.95,38.95,48,271.38,731175,975,17-AUG-2016,
OPTIDX,NIFTY,29-Dec-2016,7600,PE,0,0,0,536.9,7.35,0,0,0,0,17-AUG-2016,
OPTIDX,NIFTY,29-Dec-2016,7700,PE,0,0,0,325,11.1,0,0,150,0,17-AUG-2016,
OPTIDX,NIFTY,29-Dec-2016,7800,PE,0,0,0,349.15,16.45,0,0,0,0,17-AUG-2016,
OPTIDX,NIFTY,29-Dec-2016,7900,PE,65,65,65,65,65,258,1541.22,19350,19350,17-AUG-2016,
OPTIDX,NIFTY,29-Dec-2016,8000,PE,77,85.9,75.5,83.4,83.4,506,3067.34,906700,-3225,17-AUG-2016,
OPTIDX,NIFTY,29-Dec-2016,8100,PE,0,0,0,105,45.95,0,0,10125,0,17-AUG-2016,
OPTIDX,NIFTY,29-Dec-2016,8200,PE,105,115.3,103.95,114.1,114.1,344,2143.33,79050,18000,17-AUG-2016,
OPTIDX,NIFTY,29-Dec-2016,8300,PE,0,0,0,151,81.8,0,0,150150,0,17-AUG-2016,
OPTIDX,NIFTY,29-Dec-2016,8400,PE,0,0,0,159.9,106.35,0,0,75,0,17-AUG-2016,
OPTIDX,NIFTY,29-Dec-2016,8500,PE,179.95,191,172.5,186.35,186.35,850,5536.36,1110000,21300,17-AUG-2016,
OPTIDX,NIFTY,29-Dec-2016,8600,PE,223.5,223.5,223.5,223.5,223.5,258,1707.34,19350,19350,17-AUG-2016,
OPTIDX,NIFTY,29-Dec-2016,8700,PE,0,0,0,1193.9,208.9,0,0,0,0,17-AUG-2016,
OPTIDX,NIFTY,29-Dec-2016,8800,PE,0,0,0,1124.4,253.95,0,0,0,0,17-AUG-2016,
OPTIDX,NIFTY,29-Dec-2016,8900,PE,0,0,0,883.7,304.5,0,0,0,0,17-AUG-2016,
OPTIDX,NIFTY,29-Dec-2016,9000,PE,387.4,397,360,391.45,391.45,1282,9019.36,659900,45525,17-AUG-2016,
OPTIDX,NIFTY,29-Dec-2016,9100,PE,0,0,0,749.65,421.6,0,0,0,0,17-AUG-2016,
OPTIDX,NIFTY,29-Dec-2016,9200,PE,0,0,0,773.4,487.7,0,0,0,0,17-AUG-2016,
OPTIDX,NIFTY,29-Dec-2016,9300,PE,0,0,0,1065.1,558.75,0,0,0,0,17-AUG-2016,
OPTIDX,NIFTY,29-Dec-2016,9400,PE,0,0,0,1142.85,633.35,0,0,0,0,17-AUG-2016,
OPTIDX,NIFTY,29-Dec-2016,9500,PE,0,0,0,1115,711.9,0,0,1050,0,17-AUG-2016,
OPTIDX,NIFTY,29-Dec-2016,9600,PE,0,0,0,1122.6,793.8,0,0,0,0,17-AUG-2016,
OPTIDX,NIFTY,29-Dec-2016,9700,PE,0,0,0,1134.1,878.6,0,0,0,0,17-AUG-2016,
OPTIDX,NIFTY,29-Dec-2016,9800,PE,0,0,0,1066.7,965.8,0,0,0,0,17-AUG-2016,
OPTIDX,NIFTY,29-Dec-2016,9900,PE,0,0,0,1077.3,1055.1,0,0,0,0,17-AUG-2016,
OPTIDX,NIFTY,29-Dec-2016,10000,PE,1180,1200,1150,1184.7,1184.7,48,402.47,201525,0,17-AUG-2016,
OPTIDX,NIFTY,29-Dec-2016,10100,PE,0,0,0,1123.45,1238.6,0,0,0,0,17-AUG-2016,
OPTIDX,NIFTY,29-Dec-2016,10200,PE,0,0,0,1062.55,1332.2,0,0,0,0,17-AUG-2016,
OPTIDX,NIFTY,29-Dec-2016,10300,PE,0,0,0,1078.8,1426.7,0,0,0,0,17-AUG-2016,
OPTIDX,NIFTY,29-Dec-2016,10400,PE,0,0,0,943.05,1521.95,0,0,0,0,17-AUG-2016,
OPTIDX,NIFTY,29-Dec-2016,10500,PE,0,0,0,932.55,1617.75,0,0,0,0,17-AUG-2016,
OPTIDX,NIFTY,29-Dec-2016,10600,PE,0,0,0,924.8,1714,0,0,0,0,17-AUG-2016,
OPTIDX,NIFTY,29-Dec-2016,10700,PE,0,0,0,1164.6,1810.6,0,0,0,0,17-AUG-2016,
OPTIDX,NIFTY,29-Dec-2016,10800,PE,0,0,0,1089.8,1907.45,0,0,0,0,17-AUG-2016,
OPTIDX,NIFTY,29-Dec-2016,10900,PE,0,0,0,1012.9,2004.45,0,0,0,0,17-AUG-2016,
OPTIDX,NIFTY,29-Dec-2016,11000,PE,0,0,0,2558,2101.6,0,0,375975,0,17-AUG-2016,
OPTIDX,NIFTY,29-Dec-2016,11100,PE,0,0,0,1466.9,2198.85,0,0,0,0,17-AUG-2016,
OPTIDX,NIFTY,29-Dec-2016,11200,PE,0,0,0,1435.85,2296.2,0,0,0,0,17-AUG-2016,
OPTIDX,NIFTY,29-Dec-2016,11300,PE,0,0,0,1379.8,2393.55,0,0,0,0,17-AUG-2016,
OPTIDX,NIFTY,29-Dec-2016,11400,PE,0,0,0,1368.15,2491,0,0,0,0,17-AUG-2016,
OPTIDX,NIFTY,30-Mar-2017,5100,CE,0,0,0,2797.05,3736.45,0,0,0,0,17-AUG-2016,
OPTIDX,NIFTY,30-Mar-2017,5200,CE,0,0,0,2766.4,3640.6,0,0,0,0,17-AUG-2016,
OPTIDX,NIFTY,30-Mar-2017,5300,CE,0,0,0,2857.5,3544.75,0,0,0,0,17-AUG-2016,
OPTIDX,NIFTY,30-Mar-2017,5400,CE,0,0,0,2767.4,3448.95,0,0,0,0,17-AUG-2016,
OPTIDX,NIFTY,30-Mar-2017,5500,CE,0,0,0,2677.7,3353.1,0,0,0,0,17-AUG-2016,
OPTIDX,NIFTY,30-Mar-2017,5600,CE,0,0,0,2588.6,3257.25,0,0,0,0,17-AUG-2016,
OPTIDX,NIFTY,30-Mar-2017,5700,CE,0,0,0,2500.1,3161.45,0,0,0,0,17-AUG-2016,
OPTIDX,NIFTY,30-Mar-2017,5800,CE,0,0,0,2412.3,3065.6,0,0,0,0,17-AUG-2016,
OPTIDX,NIFTY,30-Mar-2017,5900,CE,0,0,0,2325.35,2969.75,0,0,0,0,17-AUG-2016,
OPTIDX,NIFTY,30-Mar-2017,6000,CE,0,0,0,2239.25,2873.95,0,0,0,0,17-AUG-2016,
OPTIDX,NIFTY,30-Mar-2017,6100,CE,0,0,0,2154.15,2778.1,0,0,0,0,17-AUG-2016,
OPTIDX,NIFTY,30-Mar-2017,6200,CE,0,0,0,2070.1,2682.3,0,0,0,0,17-AUG-2016,
OPTIDX,NIFTY,30-Mar-2017,6300,CE,0,0,0,1987.25,2586.5,0,0,0,0,17-AUG-2016,
OPTIDX,NIFTY,30-Mar-2017,6400,CE,0,0,0,1905.65,2490.7,0,0,0,0,17-AUG-2016,
OPTIDX,NIFTY,30-Mar-2017,6500,CE,0,0,0,1825.45,2394.95,0,0,0,0,17-AUG-2016,
OPTIDX,NIFTY,30-Mar-2017,6600,CE,0,0,0,1746.7,2299.25,0,0,0,0,17-AUG-2016,
OPTIDX,NIFTY,30-Mar-2017,6700,CE,0,0,0,1669.5,2203.6,0,0,0,0,17-AUG-2016,
OPTIDX,NIFTY,30-Mar-2017,6800,CE,0,0,0,1593.95,2108.1,0,0,0,0,17-AUG-2016,
OPTIDX,NIFTY,30-Mar-2017,6900,CE,0,0,0,1520.1,2012.75,0,0,0,0,17-AUG-2016,
OPTIDX,NIFTY,30-Mar-2017,7000,CE,0,0,0,1448.05,1917.65,0,0,0,0,17-AUG-2016,
OPTIDX,NIFTY,30-Mar-2017,7100,CE,0,0,0,1377.85,1822.85,0,0,0,0,17-AUG-2016,
OPTIDX,NIFTY,30-Mar-2017,7200,CE,0,0,0,1309.8,1728.5,0,0,0,0,17-AUG-2016,
OPTIDX,NIFTY,30-Mar-2017,7300,CE,0,0,0,1243.5,1634.75,0,0,0,0,17-AUG-2016,
OPTIDX,NIFTY,30-Mar-2017,7400,CE,0,0,0,1179.2,1541.75,0,0,0,0,17-AUG-2016,
OPTIDX,NIFTY,30-Mar-2017,7500,CE,0,0,0,770,1449.65,0,0,225,0,17-AUG-2016,
OPTIDX,NIFTY,30-Mar-2017,7600,CE,0,0,0,1056.65,1358.75,0,0,0,0,17-AUG-2016,
OPTIDX,NIFTY,30-Mar-2017,7700,CE,0,0,0,998.7,1269.2,0,0,0,0,17-AUG-2016,
OPTIDX,NIFTY,30-Mar-2017,7800,CE,0,0,0,942.95,1181.4,0,0,0,0,17-AUG-2016,
OPTIDX,NIFTY,30-Mar-2017,7900,CE,0,0,0,889.35,1095.55,0,0,0,0,17-AUG-2016,
OPTIDX,NIFTY,30-Mar-2017,8000,CE,0,0,0,837.85,1011.95,0,0,0,0,17-AUG-2016,
OPTIDX,NIFTY,30-Mar-2017,8100,CE,0,0,0,788.55,930.9,0,0,0,0,17-AUG-2016,
OPTIDX,NIFTY,30-Mar-2017,8200,CE,0,0,0,741.35,852.7,0,0,0,0,17-AUG-2016,
OPTIDX,NIFTY,30-Mar-2017,8300,CE,0,0,0,696.2,777.65,0,0,0,0,17-AUG-2016,
OPTIDX,NIFTY,30-Mar-2017,8400,CE,0,0,0,653.15,706.25,0,0,0,0,17-AUG-2016,
OPTIDX,NIFTY,30-Mar-2017,8500,CE,0,0,0,745,637.8,0,0,75,0,17-AUG-2016,
OPTIDX,NIFTY,30-Mar-2017,8600,CE,0,0,0,573.2,573.6,0,0,0,0,17-AUG-2016,
OPTIDX,NIFTY,30-Mar-2017,8700,CE,0,0,0,536.15,513.4,0,0,0,0,17-AUG-2016,
OPTIDX,NIFTY,30-Mar-2017,8800,CE,0,0,0,501.05,457.2,0,0,0,0,17-AUG-2016,
OPTIDX,NIFTY,30-Mar-2017,8900,CE,0,0,0,467.8,405.2,0,0,0,0,17-AUG-2016,
OPTIDX,NIFTY,30-Mar-2017,9000,CE,0,0,0,349,357.2,0,0,600,0,17-AUG-2016,
OPTIDX,NIFTY,30-Mar-2017,9100,CE,0,0,0,406.6,313.35,0,0,0,0,17-AUG-2016,
OPTIDX,NIFTY,30-Mar-2017,9200,CE,0,0,0,378.55,273.5,0,0,0,0,17-AUG-2016,
OPTIDX,NIFTY,30-Mar-2017,9300,CE,0,0,0,352.15,237.45,0,0,0,0,17-AUG-2016,
OPTIDX,NIFTY,30-Mar-2017,9400,CE,0,0,0,175,205.15,0,0,116325,0,17-AUG-2016,
OPTIDX,NIFTY,30-Mar-2017,9500,CE,0,0,0,159,176.3,0,0,150,0,17-AUG-2016,
OPTIDX,NIFTY,30-Mar-2017,9600,CE,0,0,0,282.45,151.15,0,0,0,0,17-AUG-2016,
OPTIDX,NIFTY,30-Mar-2017,9700,CE,0,0,0,262,128.45,0,0,0,0,17-AUG-2016,
OPTIDX,NIFTY,30-Mar-2017,9800,CE,0,0,0,242.8,108.8,0,0,0,0,17-AUG-2016,
OPTIDX,NIFTY,30-Mar-2017,9900,CE,0,0,0,224.55,91.65,0,0,0,0,17-AUG-2016,
OPTIDX,NIFTY,30-Mar-2017,10000,CE,0,0,0,75,76.85,0,0,1950,0,17-AUG-2016,
OPTIDX,NIFTY,30-Mar-2017,10100,CE,0,0,0,192,64.15,0,0,0,0,17-AUG-2016,
OPTIDX,NIFTY,30-Mar-2017,10200,CE,0,0,0,146.5,53.25,0,0,0,0,17-AUG-2016,
OPTIDX,NIFTY,30-Mar-2017,10300,CE,0,0,0,162.9,44,0,0,0,0,17-AUG-2016,
OPTIDX,NIFTY,30-Mar-2017,10400,CE,0,0,0,121.85,36.2,0,0,0,0,17-AUG-2016,
OPTIDX,NIFTY,30-Mar-2017,10500,CE,0,0,0,107,29.65,0,0,0,0,17-AUG-2016,
OPTIDX,NIFTY,30-Mar-2017,10600,CE,0,0,0,108.35,24.15,0,0,0,0,17-AUG-2016,
OPTIDX,NIFTY,30-Mar-2017,10700,CE,0,0,0,57.4,19.6,0,0,0,0,17-AUG-2016,
OPTIDX,NIFTY,30-Mar-2017,10800,CE,0,0,0,41.3,15.8,0,0,0,0,17-AUG-2016,
OPTIDX,NIFTY,30-Mar-2017,10900,CE,0,0,0,43.65,12.7,0,0,0,0,17-AUG-2016,
OPTIDX,NIFTY,30-Mar-2017,11000,CE,0,0,0,33.3,10.2,0,0,0,0,17-AUG-2016,
OPTIDX,NIFTY,30-Mar-2017,11100,CE,0,0,0,14.5,8.15,0,0,0,0,17-AUG-2016,
OPTIDX,NIFTY,30-Mar-2017,5100,PE,0,0,0,5.7,0,0,0,0,0,17-AUG-2016,
OPTIDX,NIFTY,30-Mar-2017,5200,PE,0,0,0,9.1,0,0,0,0,0,17-AUG-2016,
OPTIDX,NIFTY,30-Mar-2017,5300,PE,0,0,0,7.35,0,0,0,0,0,17-AUG-2016,
OPTIDX,NIFTY,30-Mar-2017,5400,PE,0,0,0,9.45,0,0,0,0,0,17-AUG-2016,
OPTIDX,NIFTY,30-Mar-2017,5500,PE,0,0,0,12,0,0,0,0,0,17-AUG-2016,
OPTIDX,NIFTY,30-Mar-2017,5600,PE,0,0,0,15.1,0,0,0,0,0,17-AUG-2016,
OPTIDX,NIFTY,30-Mar-2017,5700,PE,0,0,0,18.85,0,0,0,0,0,17-AUG-2016,
OPTIDX,NIFTY,30-Mar-2017,5800,PE,0,0,0,23.3,0,0,0,0,0,17-AUG-2016,
OPTIDX,NIFTY,30-Mar-2017,5900,PE,0,0,0,28.55,0,0,0,0,0,17-AUG-2016,
OPTIDX,NIFTY,30-Mar-2017,6000,PE,0,0,0,34.7,0.05,0,0,0,0,17-AUG-2016,
OPTIDX,NIFTY,30-Mar-2017,6100,PE,0,0,0,41.8,0.05,0,0,0,0,17-AUG-2016,
OPTIDX,NIFTY,30-Mar-2017,6200,PE,0,0,0,50,0.05,0,0,0,0,17-AUG-2016,
OPTIDX,NIFTY,30-Mar-2017,6300,PE,0,0,0,59.35,0.1,0,0,0,0,17-AUG-2016,
OPTIDX,NIFTY,30-Mar-2017,6400,PE,0,0,0,70,0.15,0,0,0,0,17-AUG-2016,
OPTIDX,NIFTY,30-Mar-2017,6500,PE,0,0,0,82.05,0.2,0,0,0,0,17-AUG-2016,
OPTIDX,NIFTY,30-Mar-2017,6600,PE,0,0,0,95.5,0.35,0,0,0,0,17-AUG-2016,
OPTIDX,NIFTY,30-Mar-2017,6700,PE,0,0,0,110.55,0.55,0,0,0,0,17-AUG-2016,
OPTIDX,NIFTY,30-Mar-2017,6800,PE,0,0,0,127.2,0.85,0,0,0,0,17-AUG-2016,
OPTIDX,NIFTY,30-Mar-2017,6900,PE,0,0,0,145.6,1.35,0,0,0,0,17-AUG-2016,
OPTIDX,NIFTY,30-Mar-2017,7000,PE,0,0,0,165.8,2.1,0,0,0,0,17-AUG-2016,
OPTIDX,NIFTY,30-Mar-2017,7100,PE,0,0,0,187.85,3.15,0,0,0,0,17-AUG-2016,
OPTIDX,NIFTY,30-Mar-2017,7200,PE,0,0,0,212,4.65,0,0,0,0,17-AUG-2016,
OPTIDX,NIFTY,30-Mar-2017,7300,PE,14.25,14.25,14.25,14.25,14.25,40,219.42,3000,3000,17-AUG-2016,
OPTIDX,NIFTY,30-Mar-2017,7400,PE,0,0,0,265.85,9.5,0,0,0,0,17-AUG-2016,
OPTIDX,NIFTY,30-Mar-2017,7500,PE,0,0,0,295.6,13.3,0,0,0,0,17-AUG-2016,
OPTIDX,NIFTY,30-Mar-2017,7600,PE,0,0,0,327.75,18.2,0,0,0,0,17-AUG-2016,
OPTIDX,NIFTY,30-Mar-2017,7700,PE,0,0,0,362.1,24.55,0,0,0,0,17-AUG-2016,
OPTIDX,NIFTY,30-Mar-2017,7800,PE,0,0,0,398.55,32.55,0,0,0,0,17-AUG-2016,
OPTIDX,NIFTY,30-Mar-2017,7900,PE,0,0,0,437.15,42.5,0,0,0,0,17-AUG-2016,
OPTIDX,NIFTY,30-Mar-2017,8000,PE,0,0,0,155,54.75,0,0,150,0,17-AUG-2016,
OPTIDX,NIFTY,30-Mar-2017,8100,PE,0,0,0,520.8,69.55,0,0,0,0,17-AUG-2016,
OPTIDX,NIFTY,30-Mar-2017,8200,PE,0,0,0,565.85,87.2,0,0,0,0,17-AUG-2016,
OPTIDX,NIFTY,30-Mar-2017,8300,PE,0,0,0,612.95,107.95,0,0,0,0,17-AUG-2016,
OPTIDX,NIFTY,30-Mar-2017,8400,PE,0,0,0,662.15,132.4,0,0,0,0,17-AUG-2016,
OPTIDX,NIFTY,30-Mar-2017,8500,PE,0,0,0,275,159.8,0,0,116325,0,17-AUG-2016,
OPTIDX,NIFTY,30-Mar-2017,8600,PE,0,0,0,766.65,191.45,0,0,0,0,17-AUG-2016,
OPTIDX,NIFTY,30-Mar-2017,8700,PE,0,0,0,821.85,227.05,0,0,0,0,17-AUG-2016,
OPTIDX,NIFTY,30-Mar-2017,8800,PE,0,0,0,878.95,266.7,0,0,0,0,17-AUG-2016,
OPTIDX,NIFTY,30-Mar-2017,8900,PE,0,0,0,937.9,310.5,0,0,0,0,17-AUG-2016,
OPTIDX,NIFTY,30-Mar-2017,9000,PE,0,0,0,998.7,358.4,0,0,0,0,17-AUG-2016,
OPTIDX,NIFTY,30-Mar-2017,9100,PE,0,0,0,1061.2,410.35,0,0,0,0,17-AUG-2016,
OPTIDX,NIFTY,30-Mar-2017,9200,PE,0,0,0,1125.4,466.35,0,0,0,0,17-AUG-2016,
OPTIDX,NIFTY,30-Mar-2017,9300,PE,0,0,0,1191.2,526.15,0,0,0,0,17-AUG-2016,
OPTIDX,NIFTY,30-Mar-2017,9400,PE,0,0,0,1258.6,589.65,0,0,0,0,17-AUG-2016,
OPTIDX,NIFTY,30-Mar-2017,9500,PE,0,0,0,1327.85,656.65,0,0,0,0,17-AUG-2016,
OPTIDX,NIFTY,30-Mar-2017,9600,PE,0,0,0,1398.2,727.35,0,0,0,0,17-AUG-2016,
OPTIDX,NIFTY,30-Mar-2017,9700,PE,0,0,0,1469.95,800.45,0,0,0,0,17-AUG-2016,
OPTIDX,NIFTY,30-Mar-2017,9800,PE,0,0,0,1543,876.65,0,0,0,0,17-AUG-2016,
OPTIDX,NIFTY,30-Mar-2017,9900,PE,0,0,0,1616.95,955.35,0,0,0,0,17-AUG-2016,
OPTIDX,NIFTY,30-Mar-2017,10000,PE,0,0,0,1692.4,1036.4,0,0,0,0,17-AUG-2016,
OPTIDX,NIFTY,30-Mar-2017,10100,PE,0,0,0,1768.9,1119.5,0,0,0,0,17-AUG-2016,
OPTIDX,NIFTY,30-Mar-2017,10200,PE,0,0,0,1866.05,1204.45,0,0,0,0,17-AUG-2016,
OPTIDX,NIFTY,30-Mar-2017,10300,PE,0,0,0,1931,1291.05,0,0,0,0,17-AUG-2016,
OPTIDX,NIFTY,30-Mar-2017,10400,PE,0,0,0,1879.4,1379.05,0,0,0,0,17-AUG-2016,
OPTIDX,NIFTY,30-Mar-2017,10500,PE,0,0,0,1916.75,1468.35,0,0,0,0,17-AUG-2016,
OPTIDX,NIFTY,30-Mar-2017,10600,PE,0,0,0,1928.6,1558.7,0,0,0,0,17-AUG-2016,
OPTIDX,NIFTY,30-Mar-2017,10700,PE,0,0,0,1884.9,1649.95,0,0,0,0,17-AUG-2016,
OPTIDX,NIFTY,30-Mar-2017,10800,PE,0,0,0,1921.5,1742.05,0,0,0,0,17-AUG-2016,
OPTIDX,NIFTY,30-Mar-2017,10900,PE,0,0,0,1941.6,1834.75,0,0,0,0,17-AUG-2016,
OPTIDX,NIFTY,30-Mar-2017,11000,PE,0,0,0,1938.25,1928.05,0,0,0,0,17-AUG-2016,
OPTIDX,NIFTY,30-Mar-2017,11100,PE,0,0,0,1942.25,2021.85,0,0,0,0,17-AUG-2016,
OPTIDX,NIFTY,29-Jun-2017,3200,CE,0,0,0,5230,5609.65,0,0,75,0,17-AUG-2016,
OPTIDX,NIFTY,29-Jun-2017,3300,CE,0,0,0,3096.8,5515.45,0,0,0,0,17-AUG-2016,
OPTIDX,NIFTY,29-Jun-2017,3400,CE,0,0,0,3035.75,5421.25,0,0,0,0,17-AUG-2016,
OPTIDX,NIFTY,29-Jun-2017,3500,CE,0,0,0,2974.95,5327.05,0,0,0,0,17-AUG-2016,
OPTIDX,NIFTY,29-Jun-2017,3600,CE,0,0,0,2914.4,5232.85,0,0,0,0,17-AUG-2016,
OPTIDX,NIFTY,29-Jun-2017,3700,CE,0,0,0,2854.15,5138.6,0,0,0,0,17-AUG-2016,
OPTIDX,NIFTY,29-Jun-2017,3800,CE,0,0,0,2794.25,5044.4,0,0,0,0,17-AUG-2016,
OPTIDX,NIFTY,29-Jun-2017,3900,CE,0,0,0,2734.7,4950.2,0,0,0,0,17-AUG-2016,
OPTIDX,NIFTY,29-Jun-2017,4000,CE,0,0,0,2675.55,4856,0,0,0,0,17-AUG-2016,
OPTIDX,NIFTY,29-Jun-2017,4100,CE,0,0,0,2616.85,4761.8,0,0,0,0,17-AUG-2016,
OPTIDX,NIFTY,29-Jun-2017,4200,CE,0,0,0,2558.6,4667.6,0,0,0,0,17-AUG-2016,
OPTIDX,NIFTY,29-Jun-2017,4300,CE,0,0,0,2500.8,4573.4,0,0,0,0,17-AUG-2016,
OPTIDX,NIFTY,29-Jun-2017,4400,CE,0,0,0,2443.6,4479.2,0,0,0,0,17-AUG-2016,
OPTIDX,NIFTY,29-Jun-2017,4500,CE,0,0,0,2386.9,4385,0,0,0,0,17-AUG-2016,
OPTIDX,NIFTY,29-Jun-2017,4600,CE,0,0,0,2330.8,4290.8,0,0,0,0,17-AUG-2016,
OPTIDX,NIFTY,29-Jun-2017,4700,CE,0,0,0,2275.3,4196.6,0,0,0,0,17-AUG-2016,
OPTIDX,NIFTY,29-Jun-2017,4800,CE,0,0,0,2220.45,4102.4,0,0,0,0,17-AUG-2016,
OPTIDX,NIFTY,29-Jun-2017,4900,CE,0,0,0,2166.25,4008.2,0,0,0,0,17-AUG-2016,
OPTIDX,NIFTY,29-Jun-2017,5000,CE,0,0,0,2112.75,3914,0,0,0,0,17-AUG-2016,
OPTIDX,NIFTY,29-Jun-2017,5100,CE,0,0,0,2060,3819.8,0,0,0,0,17-AUG-2016,
OPTIDX,NIFTY,29-Jun-2017,5200,CE,0,0,0,2007.95,3725.6,0,0,0,0,17-AUG-2016,
OPTIDX,NIFTY,29-Jun-2017,5300,CE,0,0,0,1956.65,3631.4,0,0,0,0,17-AUG-2016,
OPTIDX,NIFTY,29-Jun-2017,5400,CE,0,0,0,1906.15,3537.2,0,0,0,0,17-AUG-2016,
OPTIDX,NIFTY,29-Jun-2017,5500,CE,0,0,0,1856.4,3443,0,0,0,0,17-AUG-2016,
OPTIDX,NIFTY,29-Jun-2017,5600,CE,0,0,0,1807.5,3348.8,0,0,0,0,17-AUG-2016,
OPTIDX,NIFTY,29-Jun-2017,5700,CE,0,0,0,1759.4,3254.6,0,0,0,0,17-AUG-2016,
OPTIDX,NIFTY,29-Jun-2017,5800,CE,0,0,0,1712.1,3160.4,0,0,0,0,17-AUG-2016,
OPTIDX,NIFTY,29-Jun-2017,5900,CE,0,0,0,1665.85,3066.25,0,0,0,0,17-AUG-2016,
OPTIDX,NIFTY,29-Jun-2017,6000,CE,0,0,0,1620.25,2972.05,0,0,0,0,17-AUG-2016,
OPTIDX,NIFTY,29-Jun-2017,6100,CE,0,0,0,2583,2877.9,0,0,50000,0,17-AUG-2016,
OPTIDX,NIFTY,29-Jun-2017,6200,CE,0,0,0,1641,2783.8,0,0,75000,0,17-AUG-2016,
OPTIDX,NIFTY,29-Jun-2017,6300,CE,0,0,0,1488.7,2689.7,0,0,0,0,17-AUG-2016,
OPTIDX,NIFTY,29-Jun-2017,6400,CE,0,0,0,1446.6,2595.65,0,0,0,0,17-AUG-2016,
OPTIDX,NIFTY,29-Jun-2017,6500,CE,0,0,0,1405.35,2501.75,0,0,0,0,17-AUG-2016,
OPTIDX,NIFTY,29-Jun-2017,6600,CE,0,0,0,1603,2407.9,0,0,100000,0,17-AUG-2016,
OPTIDX,NIFTY,29-Jun-2017,6700,CE,0,0,0,1058.25,2314.25,0,0,14700,0,17-AUG-2016,
OPTIDX,NIFTY,29-Jun-2017,6800,CE,0,0,0,1883,2220.8,0,0,127500,0,17-AUG-2016,
OPTIDX,NIFTY,29-Jun-2017,6900,CE,0,0,0,1249.05,2127.65,0,0,0,0,17-AUG-2016,
OPTIDX,NIFTY,29-Jun-2017,7000,CE,0,0,0,1415.6,2034.85,0,0,0,0,17-AUG-2016,
OPTIDX,NIFTY,29-Jun-2017,7100,CE,0,0,0,1380.6,1942.55,0,0,0,0,17-AUG-2016,
OPTIDX,NIFTY,29-Jun-2017,7200,CE,0,0,0,1601,1850.8,0,0,25000,0,17-AUG-2016,
OPTIDX,NIFTY,29-Jun-2017,7300,CE,0,0,0,1580.7,1759.8,0,0,200000,0,17-AUG-2016,
OPTIDX,NIFTY,29-Jun-2017,7400,CE,0,0,0,1630,1669.65,0,0,8400,0,17-AUG-2016,
OPTIDX,NIFTY,29-Jun-2017,7500,CE,0,0,0,1624.35,1580.5,0,0,92500,0,17-AUG-2016,
OPTIDX,NIFTY,29-Jun-2017,7600,CE,0,0,0,1238.3,1492.6,0,0,0,0,17-AUG-2016,
OPTIDX,NIFTY,29-Jun-2017,7700,CE,0,0,0,1485,1406.15,0,0,525525,0,17-AUG-2016,
OPTIDX,NIFTY,29-Jun-2017,7800,CE,0,0,0,1100,1321.25,0,0,41000,0,17-AUG-2016,
OPTIDX,NIFTY,29-Jun-2017,7900,CE,0,0,0,1001.4,1238.2,0,0,0,0,17-AUG-2016,
OPTIDX,NIFTY,29-Jun-2017,8000,CE,0,0,0,391.95,1157.15,0,0,184000,0,17-AUG-2016,
OPTIDX,NIFTY,29-Jun-2017,8100,CE,0,0,0,1979,1078.3,0,0,151250,0,17-AUG-2016,
OPTIDX,NIFTY,29-Jun-2017,8200,CE,0,0,0,323.35,1001.95,0,0,29525,0,17-AUG-2016,
OPTIDX,NIFTY,29-Jun-2017,8300,CE,0,0,0,838.55,928.15,0,0,0,0,17-AUG-2016,
OPTIDX,NIFTY,29-Jun-2017,8400,CE,0,0,0,1509.4,857.5,0,0,20000,0,17-AUG-2016,
OPTIDX,NIFTY,29-Jun-2017,8500,CE,0,0,0,1509.9,789.4,0,0,32500,0,17-AUG-2016,
OPTIDX,NIFTY,29-Jun-2017,8600,CE,0,0,0,1554.05,724.15,0,0,7000,0,17-AUG-2016,
OPTIDX,NIFTY,29-Jun-2017,8700,CE,0,0,0,1530,662.45,0,0,25000,0,17-AUG-2016,
OPTIDX,NIFTY,29-Jun-2017,8800,CE,0,0,0,994.65,604.05,0,0,0,0,17-AUG-2016,
OPTIDX,NIFTY,29-Jun-2017,8900,CE,0,0,0,869.5,549,0,0,0,0,17-AUG-2016,
OPTIDX,NIFTY,29-Jun-2017,9000,CE,0,0,0,719.95,497.35,0,0,0,0,17-AUG-2016,
OPTIDX,NIFTY,29-Jun-2017,9100,CE,0,0,0,686.1,449,0,0,0,0,17-AUG-2016,
OPTIDX,NIFTY,29-Jun-2017,9200,CE,0,0,0,597.2,404.05,0,0,0,0,17-AUG-2016,
OPTIDX,NIFTY,29-Jun-2017,9300,CE,0,0,0,330,362.4,0,0,99525,0,17-AUG-2016,
OPTIDX,NIFTY,29-Jun-2017,9400,CE,0,0,0,988.2,323.95,0,0,0,0,17-AUG-2016,
OPTIDX,NIFTY,29-Jun-2017,9500,CE,0,0,0,265,288.65,0,0,62250,0,17-AUG-2016,
OPTIDX,NIFTY,29-Jun-2017,9600,CE,0,0,0,320,256.3,0,0,27525,0,17-AUG-2016,
OPTIDX,NIFTY,29-Jun-2017,9700,CE,0,0,0,971.3,226.85,0,0,0,0,17-AUG-2016,
OPTIDX,NIFTY,29-Jun-2017,9800,CE,0,0,0,903.9,200.15,0,0,0,0,17-AUG-2016,
OPTIDX,NIFTY,29-Jun-2017,9900,CE,0,0,0,899.8,176.45,0,0,0,0,17-AUG-2016,
OPTIDX,NIFTY,29-Jun-2017,10000,CE,0,0,0,812.1,154.85,0,0,50,0,17-AUG-2016,
OPTIDX,NIFTY,29-Jun-2017,10100,CE,0,0,0,966.45,135.05,0,0,0,0,17-AUG-2016,
OPTIDX,NIFTY,29-Jun-2017,10200,CE,0,0,0,787.6,117.7,0,0,0,0,17-AUG-2016,
OPTIDX,NIFTY,29-Jun-2017,10300,CE,0,0,0,842.05,102.25,0,0,0,0,17-AUG-2016,
OPTIDX,NIFTY,29-Jun-2017,10400,CE,0,0,0,655.95,88.55,0,0,0,0,17-AUG-2016,
OPTIDX,NIFTY,29-Jun-2017,10500,CE,0,0,0,703.6,76.45,0,0,0,0,17-AUG-2016,
OPTIDX,NIFTY,29-Jun-2017,10600,CE,0,0,0,681.65,65.8,0,0,0,0,17-AUG-2016,
OPTIDX,NIFTY,29-Jun-2017,10700,CE,0,0,0,867.45,56.5,0,0,0,0,17-AUG-2016,
OPTIDX,NIFTY,29-Jun-2017,10800,CE,0,0,0,710.6,48.35,0,0,0,0,17-AUG-2016,
OPTIDX,NIFTY,29-Jun-2017,10900,CE,0,0,0,603.8,41.25,0,0,0,0,17-AUG-2016,
OPTIDX,NIFTY,29-Jun-2017,11000,CE,0,0,0,623.9,35.1,0,0,0,0,17-AUG-2016,
OPTIDX,NIFTY,29-Jun-2017,11100,CE,0,0,0,1028.6,29.8,0,0,0,0,17-AUG-2016,
OPTIDX,NIFTY,29-Jun-2017,11200,CE,0,0,0,964.45,25.2,0,0,0,0,17-AUG-2016,
OPTIDX,NIFTY,29-Jun-2017,11300,CE,0,0,0,987.1,21.3,0,0,0,0,17-AUG-2016,
OPTIDX,NIFTY,29-Jun-2017,11400,CE,0,0,0,907.75,17.95,0,0,0,0,17-AUG-2016,
OPTIDX,NIFTY,29-Jun-2017,3200,PE,0,0,0,3.95,0,0,0,0,0,17-AUG-2016,
OPTIDX,NIFTY,29-Jun-2017,3300,PE,0,0,0,5,0,0,0,0,0,17-AUG-2016,
OPTIDX,NIFTY,29-Jun-2017,3400,PE,0,0,0,6.25,0,0,0,0,0,17-AUG-2016,
OPTIDX,NIFTY,29-Jun-2017,3500,PE,0,0,0,7.8,0,0,0,0,0,17-AUG-2016,
OPTIDX,NIFTY,29-Jun-2017,3600,PE,0,0,0,70.05,0,0,0,14950,0,17-AUG-2016,
OPTIDX,NIFTY,29-Jun-2017,3700,PE,0,0,0,11.7,0,0,0,0,0,17-AUG-2016,
OPTIDX,NIFTY,29-Jun-2017,3800,PE,0,0,0,14.15,0,0,0,0,0,17-AUG-2016,
OPTIDX,NIFTY,29-Jun-2017,3900,PE,0,0,0,16.95,0,0,0,0,0,17-AUG-2016,
OPTIDX,NIFTY,29-Jun-2017,4000,PE,0,0,0,148.35,0,0,0,13950,0,17-AUG-2016,
OPTIDX,NIFTY,29-Jun-2017,4100,PE,0,0,0,23.75,0,0,0,0,0,17-AUG-2016,
OPTIDX,NIFTY,29-Jun-2017,4200,PE,0,0,0,27.85,0,0,0,0,0,17-AUG-2016,
OPTIDX,NIFTY,29-Jun-2017,4300,PE,0,0,0,21.9,0,0,0,13350,0,17-AUG-2016,
OPTIDX,NIFTY,29-Jun-2017,4400,PE,0,0,0,37.55,0,0,0,0,0,17-AUG-2016,
OPTIDX,NIFTY,29-Jun-2017,4500,PE,0,0,0,43.2,0,0,0,0,0,17-AUG-2016,
OPTIDX,NIFTY,29-Jun-2017,4600,PE,0,0,0,49.45,0,0,0,0,0,17-AUG-2016,
OPTIDX,NIFTY,29-Jun-2017,4700,PE,0,0,0,166.5,0,0,0,33300,0,17-AUG-2016,
OPTIDX,NIFTY,29-Jun-2017,4800,PE,0,0,0,213,0,0,0,50,0,17-AUG-2016,
OPTIDX,NIFTY,29-Jun-2017,4900,PE,0,0,0,71.95,0,0,0,0,0,17-AUG-2016,
OPTIDX,NIFTY,29-Jun-2017,5000,PE,0,0,0,157.75,0,0,0,18500,0,17-AUG-2016,
OPTIDX,NIFTY,29-Jun-2017,5100,PE,0,0,0,170,0,0,0,19650,0,17-AUG-2016,
OPTIDX,NIFTY,29-Jun-2017,5200,PE,0,0,0,100.65,0,0,0,0,0,17-AUG-2016,
OPTIDX,NIFTY,29-Jun-2017,5300,PE,0,0,0,50,0,0,0,38250,0,17-AUG-2016,
OPTIDX,NIFTY,29-Jun-2017,5400,PE,0,0,0,240,0,0,0,33300,0,17-AUG-2016,
OPTIDX,NIFTY,29-Jun-2017,5500,PE,0,0,0,132.65,0,0,0,16800,0,17-AUG-2016,
OPTIDX,NIFTY,29-Jun-2017,5600,PE,0,0,0,212.9,0.05,0,0,900,0,17-AUG-2016,
OPTIDX,NIFTY,29-Jun-2017,5700,PE,0,0,0,92.4,0.05,0,0,8325,0,17-AUG-2016,
OPTIDX,NIFTY,29-Jun-2017,5800,PE,0,0,0,125,0.05,0,0,38400,0,17-AUG-2016,
OPTIDX,NIFTY,29-Jun-2017,5900,PE,0,0,0,194.95,0.05,0,0,0,0,17-AUG-2016,
OPTIDX,NIFTY,29-Jun-2017,6000,PE,0,0,0,37.8,0.1,0,0,39800,0,17-AUG-2016,
OPTIDX,NIFTY,29-Jun-2017,6100,PE,0,0,0,229.3,0.15,0,0,0,0,17-AUG-2016,
OPTIDX,NIFTY,29-Jun-2017,6200,PE,0,0,0,247.8,0.2,0,0,0,0,17-AUG-2016,
OPTIDX,NIFTY,29-Jun-2017,6300,PE,0,0,0,467.8,0.3,0,0,42300,0,17-AUG-2016,
OPTIDX,NIFTY,29-Jun-2017,6400,PE,0,0,0,287.4,0.5,0,0,0,0,17-AUG-2016,
OPTIDX,NIFTY,29-Jun-2017,6500,PE,0,0,0,47,0.75,0,0,54475,0,17-AUG-2016,
OPTIDX,NIFTY,29-Jun-2017,6600,PE,0,0,0,227,1.15,0,0,75725,0,17-AUG-2016,
OPTIDX,NIFTY,29-Jun-2017,6700,PE,0,0,0,189,1.65,0,0,149800,0,17-AUG-2016,
OPTIDX,NIFTY,29-Jun-2017,6800,PE,0,0,0,525.55,2.45,0,0,7600,0,17-AUG-2016,
OPTIDX,NIFTY,29-Jun-2017,6900,PE,0,0,0,401.6,3.45,0,0,0,0,17-AUG-2016,
OPTIDX,NIFTY,29-Jun-2017,7000,PE,0,0,0,190.05,4.9,0,0,14550,0,17-AUG-2016,
OPTIDX,NIFTY,29-Jun-2017,7100,PE,0,0,0,332,6.75,0,0,27975,0,17-AUG-2016,
OPTIDX,NIFTY,29-Jun-2017,7200,PE,0,0,0,385.45,9.25,0,0,0,0,17-AUG-2016,
OPTIDX,NIFTY,29-Jun-2017,7300,PE,0,0,0,493.9,12.4,0,0,0,0,17-AUG-2016,
OPTIDX,NIFTY,29-Jun-2017,7400,PE,0,0,0,720,16.45,0,0,16700,0,17-AUG-2016,
OPTIDX,NIFTY,29-Jun-2017,7500,PE,0,0,0,265,21.55,0,0,50100,0,17-AUG-2016,
OPTIDX,NIFTY,29-Jun-2017,7600,PE,0,0,0,479,27.85,0,0,0,0,17-AUG-2016,
OPTIDX,NIFTY,29-Jun-2017,7700,PE,0,0,0,420,35.55,0,0,113375,0,17-AUG-2016,
OPTIDX,NIFTY,29-Jun-2017,7800,PE,0,0,0,534.75,44.9,0,0,169800,0,17-AUG-2016,
OPTIDX,NIFTY,29-Jun-2017,7900,PE,0,0,0,411.75,56.05,0,0,15150,0,17-AUG-2016,
OPTIDX,NIFTY,29-Jun-2017,8000,PE,0,0,0,532.6,69.2,0,0,62550,0,17-AUG-2016,
OPTIDX,NIFTY,29-Jun-2017,8100,PE,0,0,0,333.5,84.55,0,0,0,0,17-AUG-2016,
OPTIDX,NIFTY,29-Jun-2017,8200,PE,0,0,0,460,102.4,0,0,21600,0,17-AUG-2016,
OPTIDX,NIFTY,29-Jun-2017,8300,PE,0,0,0,388.5,122.85,0,0,0,0,17-AUG-2016,
OPTIDX,NIFTY,29-Jun-2017,8400,PE,0,0,0,417.9,146.35,0,0,0,0,17-AUG-2016,
OPTIDX,NIFTY,29-Jun-2017,8500,PE,0,0,0,329,172.45,0,0,165225,0,17-AUG-2016,
OPTIDX,NIFTY,29-Jun-2017,8600,PE,0,0,0,984.75,201.4,0,0,0,0,17-AUG-2016,
OPTIDX,NIFTY,29-Jun-2017,8700,PE,0,0,0,332,233.9,0,0,3975,0,17-AUG-2016,
OPTIDX,NIFTY,29-Jun-2017,8800,PE,0,0,0,800,269.7,0,0,228050,0,17-AUG-2016,
OPTIDX,NIFTY,29-Jun-2017,8900,PE,0,0,0,762.7,308.85,0,0,0,0,17-AUG-2016,
OPTIDX,NIFTY,29-Jun-2017,9000,PE,0,0,0,635.7,351.4,0,0,0,0,17-AUG-2016,
OPTIDX,NIFTY,29-Jun-2017,9100,PE,0,0,0,613.2,397.25,0,0,0,0,17-AUG-2016,
OPTIDX,NIFTY,29-Jun-2017,9200,PE,0,0,0,935,446.5,0,0,2200,0,17-AUG-2016,
OPTIDX,NIFTY,29-Jun-2017,9300,PE,0,0,0,796.5,499.05,0,0,132500,0,17-AUG-2016,
OPTIDX,NIFTY,29-Jun-2017,9400,PE,0,0,0,1028.05,554.8,0,0,0,0,17-AUG-2016,
OPTIDX,NIFTY,29-Jun-2017,9500,PE,0,0,0,1048.3,613.7,0,0,0,0,17-AUG-2016,
OPTIDX,NIFTY,29-Jun-2017,9600,PE,0,0,0,1440,675.6,0,0,258750,0,17-AUG-2016,
OPTIDX,NIFTY,29-Jun-2017,9700,PE,0,0,0,1505,740.35,0,0,238650,0,17-AUG-2016,
OPTIDX,NIFTY,29-Jun-2017,9800,PE,0,0,0,940.3,807.85,0,0,0,0,17-AUG-2016,
OPTIDX,NIFTY,29-Jun-2017,9900,PE,0,0,0,979,878.35,0,0,72900,0,17-AUG-2016,
OPTIDX,NIFTY,29-Jun-2017,10000,PE,0,0,0,992.95,950.95,0,0,0,0,17-AUG-2016,
OPTIDX,NIFTY,29-Jun-2017,10100,PE,0,0,0,998.6,1025.35,0,0,0,0,17-AUG-2016,
OPTIDX,NIFTY,29-Jun-2017,10200,PE,0,0,0,925.3,1102.15,0,0,0,0,17-AUG-2016,
OPTIDX,NIFTY,29-Jun-2017,10300,PE,0,0,0,1800,1180.9,0,0,114900,0,17-AUG-2016,
OPTIDX,NIFTY,29-Jun-2017,10400,PE,0,0,0,783.6,1261.4,0,0,0,0,17-AUG-2016,
OPTIDX,NIFTY,29-Jun-2017,10500,PE,0,0,0,777.35,1343.55,0,0,0,0,17-AUG-2016,
OPTIDX,NIFTY,29-Jun-2017,10600,PE,0,0,0,765.95,1427.1,0,0,0,0,17-AUG-2016,
OPTIDX,NIFTY,29-Jun-2017,10700,PE,0,0,0,1025.2,1511.95,0,0,0,0,17-AUG-2016,
OPTIDX,NIFTY,29-Jun-2017,10800,PE,0,0,0,930.2,1598.05,0,0,0,0,17-AUG-2016,
OPTIDX,NIFTY,29-Jun-2017,10900,PE,0,0,0,840.2,1685.15,0,0,0,0,17-AUG-2016,
OPTIDX,NIFTY,29-Jun-2017,11000,PE,0,0,0,832.55,1773.2,0,0,0,0,17-AUG-2016,
OPTIDX,NIFTY,29-Jun-2017,11100,PE,0,0,0,1344.25,1862.1,0,0,0,0,17-AUG-2016,
OPTIDX,NIFTY,29-Jun-2017,11200,PE,0,0,0,1304.2,1951.7,0,0,0,0,17-AUG-2016,
OPTIDX,NIFTY,29-Jun-2017,11300,PE,0,0,0,1247.5,2042,0,0,0,0,17-AUG-2016,
OPTIDX,NIFTY,29-Jun-2017,11400,PE,0,0,0,1225.25,2132.8,0,0,0,0,17-AUG-2016,
OPTIDX,NIFTY,28-Dec-2017,3500,CE,0,0,0,3201.55,5438.55,0,0,0,0,17-AUG-2016,
OPTIDX,NIFTY,28-Dec-2017,3600,CE,0,0,0,3703.25,5347.5,0,0,0,0,17-AUG-2016,
OPTIDX,NIFTY,28-Dec-2017,3700,CE,0,0,0,3639.2,5256.5,0,0,0,0,17-AUG-2016,
OPTIDX,NIFTY,28-Dec-2017,3800,CE,0,0,0,3575.15,5165.5,0,0,0,0,17-AUG-2016,
OPTIDX,NIFTY,28-Dec-2017,3900,CE,0,0,0,3511.15,5074.45,0,0,0,0,17-AUG-2016,
OPTIDX,NIFTY,28-Dec-2017,4000,CE,0,0,0,3447.15,4983.45,0,0,0,0,17-AUG-2016,
OPTIDX,NIFTY,28-Dec-2017,4100,CE,0,0,0,3249.9,4892.45,0,0,0,0,17-AUG-2016,
OPTIDX,NIFTY,28-Dec-2017,4200,CE,0,0,0,3186.15,4801.45,0,0,0,0,17-AUG-2016,
OPTIDX,NIFTY,28-Dec-2017,4300,CE,0,0,0,3122.55,4710.4,0,0,0,0,17-AUG-2016,
OPTIDX,NIFTY,28-Dec-2017,4400,CE,0,0,0,3058.95,4619.4,0,0,0,0,17-AUG-2016,
OPTIDX,NIFTY,28-Dec-2017,4500,CE,0,0,0,2995.5,4528.4,0,0,0,0,17-AUG-2016,
OPTIDX,NIFTY,28-Dec-2017,4600,CE,0,0,0,2932.1,4437.35,0,0,0,0,17-AUG-2016,
OPTIDX,NIFTY,28-Dec-2017,4700,CE,0,0,0,2868.9,4346.35,0,0,0,0,17-AUG-2016,
OPTIDX,NIFTY,28-Dec-2017,4800,CE,0,0,0,2805.8,4255.35,0,0,0,0,17-AUG-2016,
OPTIDX,NIFTY,28-Dec-2017,4900,CE,0,0,0,2742.9,4164.3,0,0,0,0,17-AUG-2016,
OPTIDX,NIFTY,28-Dec-2017,5000,CE,0,0,0,2680.2,4073.3,0,0,0,0,17-AUG-2016,
OPTIDX,NIFTY,28-Dec-2017,5100,CE,0,0,0,2617.7,3982.3,0,0,0,0,17-AUG-2016,
OPTIDX,NIFTY,28-Dec-2017,5200,CE,0,0,0,2555.5,3891.3,0,0,0,0,17-AUG-2016,
OPTIDX,NIFTY,28-Dec-2017,5300,CE,0,0,0,2493.55,3800.3,0,0,0,0,17-AUG-2016,
OPTIDX,NIFTY,28-Dec-2017,5400,CE,0,0,0,2431.95,3709.3,0,0,0,0,17-AUG-2016,
OPTIDX,NIFTY,28-Dec-2017,5500,CE,0,0,0,2370.7,3618.3,0,0,0,0,17-AUG-2016,
OPTIDX,NIFTY,28-Dec-2017,5600,CE,0,0,0,2309.85,3527.3,0,0,0,0,17-AUG-2016,
OPTIDX,NIFTY,28-Dec-2017,5700,CE,0,0,0,2249.4,3436.35,0,0,0,0,17-AUG-2016,
OPTIDX,NIFTY,28-Dec-2017,5800,CE,0,0,0,2189.45,3345.4,0,0,0,0,17-AUG-2016,
OPTIDX,NIFTY,28-Dec-2017,5900,CE,0,0,0,2130,3254.5,0,0,0,0,17-AUG-2016,
OPTIDX,NIFTY,28-Dec-2017,6000,CE,0,0,0,2071.1,3163.65,0,0,0,0,17-AUG-2016,
OPTIDX,NIFTY,28-Dec-2017,6100,CE,0,0,0,2012.8,3072.85,0,0,0,0,17-AUG-2016,
OPTIDX,NIFTY,28-Dec-2017,6200,CE,0,0,0,1955.1,2982.1,0,0,0,0,17-AUG-2016,
OPTIDX,NIFTY,28-Dec-2017,6300,CE,0,0,0,1898.05,2891.5,0,0,0,0,17-AUG-2016,
OPTIDX,NIFTY,28-Dec-2017,6400,CE,0,0,0,1841.7,2801.05,0,0,0,0,17-AUG-2016,
OPTIDX,NIFTY,28-Dec-2017,6500,CE,0,0,0,1786.05,2710.8,0,0,0,0,17-AUG-2016,
OPTIDX,NIFTY,28-Dec-2017,6600,CE,0,0,0,1731.2,2620.75,0,0,0,0,17-AUG-2016,
OPTIDX,NIFTY,28-Dec-2017,6700,CE,0,0,0,1677.15,2530.95,0,0,0,0,17-AUG-2016,
OPTIDX,NIFTY,28-Dec-2017,6800,CE,0,0,0,1623.95,2441.5,0,0,0,0,17-AUG-2016,
OPTIDX,NIFTY,28-Dec-2017,6900,CE,0,0,0,1571.6,2352.5,0,0,0,0,17-AUG-2016,
OPTIDX,NIFTY,28-Dec-2017,7000,CE,0,0,0,1520.15,2263.95,0,0,0,0,17-AUG-2016,
OPTIDX,NIFTY,28-Dec-2017,7100,CE,0,0,0,1469.6,2176,0,0,0,0,17-AUG-2016,
OPTIDX,NIFTY,28-Dec-2017,7200,CE,0,0,0,1420,2088.7,0,0,0,0,17-AUG-2016,
OPTIDX,NIFTY,28-Dec-2017,7300,CE,0,0,0,1371.4,2002.2,0,0,0,0,17-AUG-2016,
OPTIDX,NIFTY,28-Dec-2017,7400,CE,0,0,0,1323.9,1916.6,0,0,0,0,17-AUG-2016,
OPTIDX,NIFTY,28-Dec-2017,7500,CE,0,0,0,1751.4,1831.95,0,0,247500,0,17-AUG-2016,
OPTIDX,NIFTY,28-Dec-2017,7600,CE,0,0,0,1805,1748.45,0,0,175000,0,17-AUG-2016,
OPTIDX,NIFTY,28-Dec-2017,7700,CE,0,0,0,1800.7,1666.2,0,0,150000,0,17-AUG-2016,
OPTIDX,NIFTY,28-Dec-2017,7800,CE,0,0,0,1281,1585.3,0,0,271375,0,17-AUG-2016,
OPTIDX,NIFTY,28-Dec-2017,7900,CE,0,0,0,1181.9,1505.9,0,0,0,0,17-AUG-2016,
OPTIDX,NIFTY,28-Dec-2017,8000,CE,1443.1,1443.1,1443.1,1443.1,1443.1,1,7.08,417450,75,17-AUG-2016,
OPTIDX,NIFTY,28-Dec-2017,8100,CE,0,0,0,1079.8,1352.15,0,0,709575,0,17-AUG-2016,
OPTIDX,NIFTY,28-Dec-2017,8200,CE,0,0,0,1026,1277.95,0,0,478325,0,17-AUG-2016,
OPTIDX,NIFTY,28-Dec-2017,8300,CE,0,0,0,1232.4,1205.8,0,0,242350,0,17-AUG-2016,
OPTIDX,NIFTY,28-Dec-2017,8400,CE,0,0,0,635,1135.7,0,0,386750,0,17-AUG-2016,
OPTIDX,NIFTY,28-Dec-2017,8500,CE,0,0,0,1100,1068,0,0,233200,0,17-AUG-2016,
OPTIDX,NIFTY,28-Dec-2017,8600,CE,0,0,0,555,1002.3,0,0,436250,0,17-AUG-2016,
OPTIDX,NIFTY,28-Dec-2017,8700,CE,0,0,0,750,938.55,0,0,636975,0,17-AUG-2016,
OPTIDX,NIFTY,28-Dec-2017,8800,CE,0,0,0,694.1,877.7,0,0,372700,0,17-AUG-2016,
OPTIDX,NIFTY,28-Dec-2017,8900,CE,0,0,0,445,819.25,0,0,336600,0,17-AUG-2016,
OPTIDX,NIFTY,28-Dec-2017,9000,CE,0,0,0,802.2,763.3,0,0,92625,0,17-AUG-2016,
OPTIDX,NIFTY,28-Dec-2017,9100,CE,0,0,0,891.5,709.9,0,0,0,0,17-AUG-2016,
OPTIDX,NIFTY,28-Dec-2017,9200,CE,0,0,0,791.85,659.05,0,0,0,0,17-AUG-2016,
OPTIDX,NIFTY,28-Dec-2017,9300,CE,0,0,0,1024.7,610.7,0,0,0,0,17-AUG-2016,
OPTIDX,NIFTY,28-Dec-2017,9400,CE,0,0,0,1203.1,564.85,0,0,0,0,17-AUG-2016,
OPTIDX,NIFTY,28-Dec-2017,9500,CE,0,0,0,530,521.5,0,0,2925,0,17-AUG-2016,
OPTIDX,NIFTY,28-Dec-2017,9600,CE,0,0,0,1200.4,480.65,0,0,0,0,17-AUG-2016,
OPTIDX,NIFTY,28-Dec-2017,9700,CE,0,0,0,1191,442.15,0,0,0,0,17-AUG-2016,
OPTIDX,NIFTY,28-Dec-2017,9800,CE,0,0,0,1122.7,406.05,0,0,0,0,17-AUG-2016,
OPTIDX,NIFTY,28-Dec-2017,9900,CE,0,0,0,1119.65,372.25,0,0,0,0,17-AUG-2016,
OPTIDX,NIFTY,28-Dec-2017,10000,CE,373,373,367,369.95,369.95,6,46.66,28175,0,17-AUG-2016,
OPTIDX,NIFTY,28-Dec-2017,10100,CE,0,0,0,1193.9,311.2,0,0,0,0,17-AUG-2016,
OPTIDX,NIFTY,28-Dec-2017,10200,CE,0,0,0,1003.55,283.8,0,0,0,0,17-AUG-2016,
OPTIDX,NIFTY,28-Dec-2017,10300,CE,0,0,0,1072.8,258.4,0,0,0,0,17-AUG-2016,
OPTIDX,NIFTY,28-Dec-2017,10400,CE,0,0,0,878.25,235.3,0,0,0,0,17-AUG-2016,
OPTIDX,NIFTY,28-Dec-2017,10500,CE,0,0,0,215.55,213.65,0,0,37875,0,17-AUG-2016,
OPTIDX,NIFTY,28-Dec-2017,10600,CE,0,0,0,911.85,193.7,0,0,0,0,17-AUG-2016,
OPTIDX,NIFTY,28-Dec-2017,10700,CE,0,0,0,1111.6,174.9,0,0,0,0,17-AUG-2016,
OPTIDX,NIFTY,28-Dec-2017,10800,CE,0,0,0,944.95,158,0,0,0,0,17-AUG-2016,
OPTIDX,NIFTY,28-Dec-2017,10900,CE,0,0,0,831.2,142.5,0,0,0,0,17-AUG-2016,
OPTIDX,NIFTY,28-Dec-2017,11000,CE,0,0,0,149,128.3,0,0,5625,0,17-AUG-2016,
OPTIDX,NIFTY,28-Dec-2017,11100,CE,0,0,0,1296.25,115.4,0,0,0,0,17-AUG-2016,
OPTIDX,NIFTY,28-Dec-2017,11200,CE,0,0,0,1228.5,103.6,0,0,0,0,17-AUG-2016,
OPTIDX,NIFTY,28-Dec-2017,11300,CE,0,0,0,1258.4,92.85,0,0,0,0,17-AUG-2016,
OPTIDX,NIFTY,28-Dec-2017,11400,CE,0,0,0,1172.9,83.15,0,0,0,0,17-AUG-2016,
OPTIDX,NIFTY,28-Dec-2017,3500,PE,0,0,0,53.35,0,0,0,0,0,17-AUG-2016,
OPTIDX,NIFTY,28-Dec-2017,3600,PE,0,0,0,0.05,0,0,0,0,0,17-AUG-2016,
OPTIDX,NIFTY,28-Dec-2017,3700,PE,0,0,0,0.1,0,0,0,0,0,17-AUG-2016,
OPTIDX,NIFTY,28-Dec-2017,3800,PE,0,0,0,0.1,0,0,0,0,0,17-AUG-2016,
OPTIDX,NIFTY,28-Dec-2017,3900,PE,0,0,0,0.15,0,0,0,0,0,17-AUG-2016,
OPTIDX,NIFTY,28-Dec-2017,4000,PE,0,0,0,0.25,0,0,0,0,0,17-AUG-2016,
OPTIDX,NIFTY,28-Dec-2017,4100,PE,0,0,0,1.25,0,0,0,0,0,17-AUG-2016,
OPTIDX,NIFTY,28-Dec-2017,4200,PE,0,0,0,0.85,0,0,0,0,0,17-AUG-2016,
OPTIDX,NIFTY,28-Dec-2017,4300,PE,0,0,0,1.1,0,0,0,0,0,17-AUG-2016,
OPTIDX,NIFTY,28-Dec-2017,4400,PE,0,0,0,1.5,0,0,0,0,0,17-AUG-2016,
OPTIDX,NIFTY,28-Dec-2017,4500,PE,0,0,0,1.9,0,0,0,0,0,17-AUG-2016,
OPTIDX,NIFTY,28-Dec-2017,4600,PE,0,0,0,2.5,0,0,0,0,0,17-AUG-2016,
OPTIDX,NIFTY,28-Dec-2017,4700,PE,0,0,0,3.15,0,0,0,0,0,17-AUG-2016,
OPTIDX,NIFTY,28-Dec-2017,4800,PE,0,0,0,4,0,0,0,0,0,17-AUG-2016,
OPTIDX,NIFTY,28-Dec-2017,4900,PE,0,0,0,5,0,0,0,0,0,17-AUG-2016,
OPTIDX,NIFTY,28-Dec-2017,5000,PE,0,0,0,55,0,0,0,33300,0,17-AUG-2016,
OPTIDX,NIFTY,28-Dec-2017,5100,PE,0,0,0,7.7,0.05,0,0,0,0,17-AUG-2016,
OPTIDX,NIFTY,28-Dec-2017,5200,PE,0,0,0,9.4,0.05,0,0,0,0,17-AUG-2016,
OPTIDX,NIFTY,28-Dec-2017,5300,PE,0,0,0,11.35,0.05,0,0,0,0,17-AUG-2016,
OPTIDX,NIFTY,28-Dec-2017,5400,PE,0,0,0,13.7,0.05,0,0,0,0,17-AUG-2016,
OPTIDX,NIFTY,28-Dec-2017,5500,PE,0,0,0,59.25,0.1,0,0,9900,0,17-AUG-2016,
OPTIDX,NIFTY,28-Dec-2017,5600,PE,0,0,0,19.45,0.1,0,0,0,0,17-AUG-2016,
OPTIDX,NIFTY,28-Dec-2017,5700,PE,0,0,0,22.95,0.15,0,0,0,0,17-AUG-2016,
OPTIDX,NIFTY,28-Dec-2017,5800,PE,0,0,0,26.9,0.25,0,0,0,0,17-AUG-2016,
OPTIDX,NIFTY,28-Dec-2017,5900,PE,0,0,0,31.35,0.35,0,0,0,0,17-AUG-2016,
OPTIDX,NIFTY,28-Dec-2017,6000,PE,0,0,0,67,0.5,0,0,21225,0,17-AUG-2016,
OPTIDX,NIFTY,28-Dec-2017,6100,PE,0,0,0,42,0.7,0,0,0,0,17-AUG-2016,
OPTIDX,NIFTY,28-Dec-2017,6200,PE,0,0,0,48.2,1,0,0,0,0,17-AUG-2016,
OPTIDX,NIFTY,28-Dec-2017,6300,PE,0,0,0,55.1,1.45,0,0,0,0,17-AUG-2016,
OPTIDX,NIFTY,28-Dec-2017,6400,PE,0,0,0,110,2,0,0,10050,0,17-AUG-2016,
OPTIDX,NIFTY,28-Dec-2017,6500,PE,0,0,0,191,2.75,0,0,5000,0,17-AUG-2016,
OPTIDX,NIFTY,28-Dec-2017,6600,PE,0,0,0,218.75,3.7,0,0,9550,0,17-AUG-2016,
OPTIDX,NIFTY,28-Dec-2017,6700,PE,0,0,0,89.9,4.95,0,0,0,0,17-AUG-2016,
OPTIDX,NIFTY,28-Dec-2017,6800,PE,0,0,0,100.65,6.5,0,0,0,0,17-AUG-2016,
OPTIDX,NIFTY,28-Dec-2017,6900,PE,0,0,0,112.2,8.5,0,0,0,0,17-AUG-2016,
OPTIDX,NIFTY,28-Dec-2017,7000,PE,0,0,0,109.95,11,0,0,53175,0,17-AUG-2016,
OPTIDX,NIFTY,28-Dec-2017,7100,PE,0,0,0,138.05,14.05,0,0,0,0,17-AUG-2016,
OPTIDX,NIFTY,28-Dec-2017,7200,PE,0,0,0,620,17.8,0,0,1725,0,17-AUG-2016,
OPTIDX,NIFTY,28-Dec-2017,7300,PE,0,0,0,167.65,22.3,0,0,0,0,17-AUG-2016,
OPTIDX,NIFTY,28-Dec-2017,7400,PE,0,0,0,184.15,27.65,0,0,0,0,17-AUG-2016,
OPTIDX,NIFTY,28-Dec-2017,7500,PE,0,0,0,169.65,34.05,0,0,96600,0,17-AUG-2016,
OPTIDX,NIFTY,28-Dec-2017,7600,PE,0,0,0,710,41.55,0,0,4800,0,17-AUG-2016,
OPTIDX,NIFTY,28-Dec-2017,7700,PE,0,0,0,239,50.35,0,0,0,0,17-AUG-2016,
OPTIDX,NIFTY,28-Dec-2017,7800,PE,0,0,0,485,60.45,0,0,34650,0,17-AUG-2016,
OPTIDX,NIFTY,28-Dec-2017,7900,PE,0,0,0,569.4,72.1,0,0,1725,0,17-AUG-2016,
OPTIDX,NIFTY,28-Dec-2017,8000,PE,0,0,0,289,85.35,0,0,166825,0,17-AUG-2016,
OPTIDX,NIFTY,28-Dec-2017,8100,PE,0,0,0,427,100.3,0,0,154200,0,17-AUG-2016,
OPTIDX,NIFTY,28-Dec-2017,8200,PE,0,0,0,701.8,117.2,0,0,0,0,17-AUG-2016,
OPTIDX,NIFTY,28-Dec-2017,8300,PE,0,0,0,460,136,0,0,95175,0,17-AUG-2016,
OPTIDX,NIFTY,28-Dec-2017,8400,PE,0,0,0,344.85,156.9,0,0,0,0,17-AUG-2016,
OPTIDX,NIFTY,28-Dec-2017,8500,PE,314,314,314,314,314,1,6.61,190350,75,17-AUG-2016,
OPTIDX,NIFTY,28-Dec-2017,8600,PE,0,0,0,757,205.55,0,0,225425,0,17-AUG-2016,
OPTIDX,NIFTY,28-Dec-2017,8700,PE,0,0,0,580,232.85,0,0,14275,0,17-AUG-2016,
OPTIDX,NIFTY,28-Dec-2017,8800,PE,0,0,0,615,263,0,0,139100,0,17-AUG-2016,
OPTIDX,NIFTY,28-Dec-2017,8900,PE,0,0,0,842.3,295.55,0,0,56150,0,17-AUG-2016,
OPTIDX,NIFTY,28-Dec-2017,9000,PE,530,564,526,564,564,29,207.33,113550,675,17-AUG-2016,
OPTIDX,NIFTY,28-Dec-2017,9100,PE,0,0,0,760,368.25,0,0,58200,0,17-AUG-2016,
OPTIDX,NIFTY,28-Dec-2017,9200,PE,0,0,0,765.3,408.4,0,0,2625,0,17-AUG-2016,
OPTIDX,NIFTY,28-Dec-2017,9300,PE,0,0,0,829.3,451.05,0,0,0,0,17-AUG-2016,
OPTIDX,NIFTY,28-Dec-2017,9400,PE,0,0,0,928.05,496.2,0,0,0,0,17-AUG-2016,
OPTIDX,NIFTY,28-Dec-2017,9500,PE,0,0,0,925,543.9,0,0,150,0,17-AUG-2016,
OPTIDX,NIFTY,28-Dec-2017,9600,PE,0,0,0,810,594.05,0,0,592375,0,17-AUG-2016,
OPTIDX,NIFTY,28-Dec-2017,9700,PE,0,0,0,909.05,646.6,0,0,0,0,17-AUG-2016,
OPTIDX,NIFTY,28-Dec-2017,9800,PE,0,0,0,832.45,701.5,0,0,0,0,17-AUG-2016,
OPTIDX,NIFTY,28-Dec-2017,9900,PE,0,0,0,1278,758.7,0,0,390500,0,17-AUG-2016,
OPTIDX,NIFTY,28-Dec-2017,10000,PE,0,0,0,1010,818.15,0,0,525,0,17-AUG-2016,
OPTIDX,NIFTY,28-Dec-2017,10100,PE,0,0,0,891.25,879.7,0,0,0,0,17-AUG-2016,
OPTIDX,NIFTY,28-Dec-2017,10200,PE,0,0,0,1400,943.35,0,0,99950,0,17-AUG-2016,
OPTIDX,NIFTY,28-Dec-2017,10300,PE,0,0,0,823.05,1008.95,0,0,0,0,17-AUG-2016,
OPTIDX,NIFTY,28-Dec-2017,10400,PE,0,0,0,1940,1076.8,0,0,140650,0,17-AUG-2016,
OPTIDX,NIFTY,28-Dec-2017,10500,PE,0,0,0,1175,1146.2,0,0,22500,0,17-AUG-2016,
OPTIDX,NIFTY,28-Dec-2017,10600,PE,0,0,0,1630,1217.25,0,0,89950,0,17-AUG-2016,
OPTIDX,NIFTY,28-Dec-2017,10700,PE,0,0,0,1690,1289.5,0,0,212550,0,17-AUG-2016,
OPTIDX,NIFTY,28-Dec-2017,10800,PE,0,0,0,799,1363.6,0,0,0,0,17-AUG-2016,
OPTIDX,NIFTY,28-Dec-2017,10900,PE,0,0,0,701.4,1439.1,0,0,0,0,17-AUG-2016,
OPTIDX,NIFTY,28-Dec-2017,11000,PE,0,0,0,694.25,1515.95,0,0,0,0,17-AUG-2016,
OPTIDX,NIFTY,28-Dec-2017,11100,PE,0,0,0,1236.25,1594.05,0,0,0,0,17-AUG-2016,
OPTIDX,NIFTY,28-Dec-2017,11200,PE,0,0,0,2140,1673.25,0,0,55950,0,17-AUG-2016,
OPTIDX,NIFTY,28-Dec-2017,11300,PE,0,0,0,1132.95,1753.55,0,0,0,0,17-AUG-2016,
OPTIDX,NIFTY,28-Dec-2017,11400,PE,0,0,0,2454,1834.8,0,0,114650,0,17-AUG-2016,
OPTIDX,NIFTY,28-Jun-2018,3500,CE,0,0,0,3318.15,5546.25,0,0,0,0,17-AUG-2016,
OPTIDX,NIFTY,28-Jun-2018,3600,CE,0,0,0,3653.75,5458.35,0,0,0,0,17-AUG-2016,
OPTIDX,NIFTY,28-Jun-2018,3700,CE,0,0,0,3592.35,5370.4,0,0,0,0,17-AUG-2016,
OPTIDX,NIFTY,28-Jun-2018,3800,CE,0,0,0,3531.4,5282.45,0,0,0,0,17-AUG-2016,
OPTIDX,NIFTY,28-Jun-2018,3900,CE,0,0,0,3179.05,5194.5,0,0,0,0,17-AUG-2016,
OPTIDX,NIFTY,28-Jun-2018,4000,CE,0,0,0,3119.6,5106.6,0,0,0,0,17-AUG-2016,
OPTIDX,NIFTY,28-Jun-2018,4100,CE,0,0,0,3060.65,5018.65,0,0,0,0,17-AUG-2016,
OPTIDX,NIFTY,28-Jun-2018,4200,CE,0,0,0,3002.3,4930.7,0,0,0,0,17-AUG-2016,
OPTIDX,NIFTY,28-Jun-2018,4300,CE,0,0,0,2944.5,4842.75,0,0,0,0,17-AUG-2016,
OPTIDX,NIFTY,28-Jun-2018,4400,CE,0,0,0,2887.35,4754.85,0,0,0,0,17-AUG-2016,
OPTIDX,NIFTY,28-Jun-2018,4500,CE,0,0,0,2830.8,4666.9,0,0,0,0,17-AUG-2016,
OPTIDX,NIFTY,28-Jun-2018,4600,CE,0,0,0,2774.9,4578.95,0,0,0,0,17-AUG-2016,
OPTIDX,NIFTY,28-Jun-2018,4700,CE,0,0,0,2719.65,4491.05,0,0,0,0,17-AUG-2016,
OPTIDX,NIFTY,28-Jun-2018,4800,CE,0,0,0,2665.1,4403.1,0,0,0,0,17-AUG-2016,
OPTIDX,NIFTY,28-Jun-2018,4900,CE,0,0,0,2611.25,4315.15,0,0,0,0,17-AUG-2016,
OPTIDX,NIFTY,28-Jun-2018,5000,CE,0,0,0,2558.05,4227.25,0,0,0,0,17-AUG-2016,
OPTIDX,NIFTY,28-Jun-2018,5100,CE,0,0,0,2505.6,4139.3,0,0,0,0,17-AUG-2016,
OPTIDX,NIFTY,28-Jun-2018,5200,CE,0,0,0,2453.9,4051.4,0,0,0,0,17-AUG-2016,
OPTIDX,NIFTY,28-Jun-2018,5300,CE,0,0,0,2402.9,3963.5,0,0,0,0,17-AUG-2016,
OPTIDX,NIFTY,28-Jun-2018,5400,CE,0,0,0,2352.65,3875.6,0,0,0,0,17-AUG-2016,
OPTIDX,NIFTY,28-Jun-2018,5500,CE,0,0,0,2303.15,3787.75,0,0,0,0,17-AUG-2016,
OPTIDX,NIFTY,28-Jun-2018,5600,CE,0,0,0,2254.55,3699.9,0,0,0,0,17-AUG-2016,
OPTIDX,NIFTY,28-Jun-2018,5700,CE,0,0,0,2206.55,3612.1,0,0,0,0,17-AUG-2016,
OPTIDX,NIFTY,28-Jun-2018,5800,CE,0,0,0,2159.3,3524.35,0,0,0,0,17-AUG-2016,
OPTIDX,NIFTY,28-Jun-2018,5900,CE,0,0,0,2112.85,3436.65,0,0,0,0,17-AUG-2016,
OPTIDX,NIFTY,28-Jun-2018,6000,CE,0,0,0,2067.15,3349.05,0,0,0,0,17-AUG-2016,
OPTIDX,NIFTY,28-Jun-2018,6100,CE,0,0,0,2022.2,3261.55,0,0,0,0,17-AUG-2016,
OPTIDX,NIFTY,28-Jun-2018,6200,CE,0,0,0,1978.05,3174.2,0,0,0,0,17-AUG-2016,
OPTIDX,NIFTY,28-Jun-2018,6300,CE,0,0,0,1934.65,3087,0,0,0,0,17-AUG-2016,
OPTIDX,NIFTY,28-Jun-2018,6400,CE,0,0,0,1892.05,2999.95,0,0,0,0,17-AUG-2016,
OPTIDX,NIFTY,28-Jun-2018,6500,CE,0,0,0,1850.2,2913.2,0,0,0,0,17-AUG-2016,
OPTIDX,NIFTY,28-Jun-2018,6600,CE,0,0,0,1809.1,2826.65,0,0,0,0,17-AUG-2016,
OPTIDX,NIFTY,28-Jun-2018,6700,CE,0,0,0,1768.75,2740.5,0,0,0,0,17-AUG-2016,
OPTIDX,NIFTY,28-Jun-2018,6800,CE,0,0,0,1729.2,2654.7,0,0,0,0,17-AUG-2016,
OPTIDX,NIFTY,28-Jun-2018,6900,CE,0,0,0,1690.35,2569.3,0,0,0,0,17-AUG-2016,
OPTIDX,NIFTY,28-Jun-2018,7000,CE,0,0,0,1652.25,2484.45,0,0,0,0,17-AUG-2016,
OPTIDX,NIFTY,28-Jun-2018,7100,CE,0,0,0,1614.7,2400.2,0,0,0,0,17-AUG-2016,
OPTIDX,NIFTY,28-Jun-2018,7200,CE,0,0,0,1578.1,2316.55,0,0,0,0,17-AUG-2016,
OPTIDX,NIFTY,28-Jun-2018,7300,CE,0,0,0,1542.25,2233.65,0,0,0,0,17-AUG-2016,
OPTIDX,NIFTY,28-Jun-2018,7400,CE,0,0,0,1507.1,2151.6,0,0,0,0,17-AUG-2016,
OPTIDX,NIFTY,28-Jun-2018,7500,CE,0,0,0,1472.65,2070.4,0,0,0,0,17-AUG-2016,
OPTIDX,NIFTY,28-Jun-2018,7600,CE,0,0,0,1677.9,1990.2,0,0,0,0,17-AUG-2016,
OPTIDX,NIFTY,28-Jun-2018,7700,CE,0,0,0,1668.95,1911.05,0,0,0,0,17-AUG-2016,
OPTIDX,NIFTY,28-Jun-2018,7800,CE,0,0,0,2020.3,1833.05,0,0,5500,0,17-AUG-2016,
OPTIDX,NIFTY,28-Jun-2018,7900,CE,0,0,0,1598.15,1756.35,0,0,0,0,17-AUG-2016,
OPTIDX,NIFTY,28-Jun-2018,8000,CE,0,0,0,1800,1680.9,0,0,87000,0,17-AUG-2016,
OPTIDX,NIFTY,28-Jun-2018,8100,CE,0,0,0,2075.25,1606.9,0,0,50000,0,17-AUG-2016,
OPTIDX,NIFTY,28-Jun-2018,8200,CE,0,0,0,2078.1,1534.45,0,0,125000,0,17-AUG-2016,
OPTIDX,NIFTY,28-Jun-2018,8300,CE,0,0,0,1184,1463.5,0,0,413525,0,17-AUG-2016,
OPTIDX,NIFTY,28-Jun-2018,8400,CE,0,0,0,1127.4,1394.2,0,0,381975,0,17-AUG-2016,
OPTIDX,NIFTY,28-Jun-2018,8500,CE,0,0,0,1456.6,1326.65,0,0,370500,0,17-AUG-2016,
OPTIDX,NIFTY,28-Jun-2018,8600,CE,0,0,0,1018.7,1261.15,0,0,263225,0,17-AUG-2016,
OPTIDX,NIFTY,28-Jun-2018,8700,CE,0,0,0,1354.5,1197.15,0,0,137050,0,17-AUG-2016,
OPTIDX,NIFTY,28-Jun-2018,8800,CE,0,0,0,916.4,1135.05,0,0,100325,0,17-AUG-2016,
OPTIDX,NIFTY,28-Jun-2018,8900,CE,0,0,0,867.6,1074.55,0,0,268700,0,17-AUG-2016,
OPTIDX,NIFTY,28-Jun-2018,9000,CE,0,0,0,1137.3,1016.4,0,0,0,0,17-AUG-2016,
OPTIDX,NIFTY,28-Jun-2018,9100,CE,0,0,0,1102.9,960.3,0,0,0,0,17-AUG-2016,
OPTIDX,NIFTY,28-Jun-2018,9200,CE,0,0,0,994.9,906.2,0,0,0,0,17-AUG-2016,
OPTIDX,NIFTY,28-Jun-2018,9300,CE,0,0,0,1228.95,854.1,0,0,0,0,17-AUG-2016,
OPTIDX,NIFTY,28-Jun-2018,9400,CE,0,0,0,1415.9,804.1,0,0,0,0,17-AUG-2016,
OPTIDX,NIFTY,28-Jun-2018,9500,CE,0,0,0,1461.4,756.1,0,0,0,0,17-AUG-2016,
OPTIDX,NIFTY,28-Jun-2018,9600,CE,0,0,0,1417.65,710.15,0,0,0,0,17-AUG-2016,
OPTIDX,NIFTY,28-Jun-2018,9700,CE,0,0,0,1409.5,666.2,0,0,0,0,17-AUG-2016,
OPTIDX,NIFTY,28-Jun-2018,9800,CE,0,0,0,1341.9,624.25,0,0,0,0,17-AUG-2016,
OPTIDX,NIFTY,28-Jun-2018,9900,CE,0,0,0,1340.05,584.3,0,0,0,0,17-AUG-2016,
OPTIDX,NIFTY,28-Jun-2018,10000,CE,0,0,0,1337.8,546.3,0,0,200,0,17-AUG-2016,
OPTIDX,NIFTY,28-Jun-2018,10100,CE,0,0,0,1420.75,510.2,0,0,0,0,17-AUG-2016,
OPTIDX,NIFTY,28-Jun-2018,10200,CE,0,0,0,1222.65,475.9,0,0,0,0,17-AUG-2016,
OPTIDX,NIFTY,28-Jun-2018,10300,CE,0,0,0,1305.75,443.45,0,0,0,0,17-AUG-2016,
OPTIDX,NIFTY,28-Jun-2018,10400,CE,0,0,0,1109,412.8,0,0,0,0,17-AUG-2016,
OPTIDX,NIFTY,28-Jun-2018,10500,CE,0,0,0,1170.9,383.8,0,0,0,0,17-AUG-2016,
OPTIDX,NIFTY,28-Jun-2018,10600,CE,0,0,0,1150.25,356.5,0,0,0,0,17-AUG-2016,
OPTIDX,NIFTY,28-Jun-2018,10700,CE,0,0,0,1357.05,330.8,0,0,0,0,17-AUG-2016,
OPTIDX,NIFTY,28-Jun-2018,10800,CE,0,0,0,1185.55,306.6,0,0,0,0,17-AUG-2016,
OPTIDX,NIFTY,28-Jun-2018,10900,CE,0,0,0,1069.1,284.35,0,0,0,0,17-AUG-2016,
OPTIDX,NIFTY,28-Jun-2018,11000,CE,0,0,0,1101.2,263.15,0,0,0,0,17-AUG-2016,
OPTIDX,NIFTY,28-Jun-2018,11100,CE,0,0,0,1559.7,243.3,0,0,0,0,17-AUG-2016,
OPTIDX,NIFTY,28-Jun-2018,11200,CE,0,0,0,1490.1,224.75,0,0,0,0,17-AUG-2016,
OPTIDX,NIFTY,28-Jun-2018,11300,CE,0,0,0,1527.15,207,0,0,0,0,17-AUG-2016,
OPTIDX,NIFTY,28-Jun-2018,11400,CE,0,0,0,1437.65,190.8,0,0,0,0,17-AUG-2016,
OPTIDX,NIFTY,28-Jun-2018,3500,PE,0,0,0,15,0,0,0,7725,0,17-AUG-2016,
OPTIDX,NIFTY,28-Jun-2018,3600,PE,0,0,0,32.45,0,0,0,0,0,17-AUG-2016,
OPTIDX,NIFTY,28-Jun-2018,3700,PE,0,0,0,37.35,0,0,0,0,0,17-AUG-2016,
OPTIDX,NIFTY,28-Jun-2018,3800,PE,0,0,0,42.75,0,0,0,0,0,17-AUG-2016,
OPTIDX,NIFTY,28-Jun-2018,3900,PE,0,0,0,40.1,0,0,0,0,0,17-AUG-2016,
OPTIDX,NIFTY,28-Jun-2018,4000,PE,0,0,0,45.85,0,0,0,0,0,17-AUG-2016,
OPTIDX,NIFTY,28-Jun-2018,4100,PE,0,0,0,52.15,0,0,0,0,0,17-AUG-2016,
OPTIDX,NIFTY,28-Jun-2018,4200,PE,0,0,0,59,0,0,0,0,0,17-AUG-2016,
OPTIDX,NIFTY,28-Jun-2018,4300,PE,0,0,0,66.45,0,0,0,0,0,17-AUG-2016,
OPTIDX,NIFTY,28-Jun-2018,4400,PE,0,0,0,74.5,0,0,0,0,0,17-AUG-2016,
OPTIDX,NIFTY,28-Jun-2018,4500,PE,0,0,0,83.15,0,0,0,0,0,17-AUG-2016,
OPTIDX,NIFTY,28-Jun-2018,4600,PE,0,0,0,92.45,0,0,0,0,0,17-AUG-2016,
OPTIDX,NIFTY,28-Jun-2018,4700,PE,0,0,0,102.45,0.05,0,0,0,0,17-AUG-2016,
OPTIDX,NIFTY,28-Jun-2018,4800,PE,0,0,0,113.1,0.05,0,0,0,0,17-AUG-2016,
OPTIDX,NIFTY,28-Jun-2018,4900,PE,0,0,0,124.45,0.05,0,0,0,0,17-AUG-2016,
OPTIDX,NIFTY,28-Jun-2018,5000,PE,0,0,0,276,0.05,0,0,50,0,17-AUG-2016,
OPTIDX,NIFTY,28-Jun-2018,5100,PE,0,0,0,149.25,0.05,0,0,0,0,17-AUG-2016,
OPTIDX,NIFTY,28-Jun-2018,5200,PE,0,0,0,162.75,0.1,0,0,0,0,17-AUG-2016,
OPTIDX,NIFTY,28-Jun-2018,5300,PE,0,0,0,177,0.1,0,0,0,0,17-AUG-2016,
OPTIDX,NIFTY,28-Jun-2018,5400,PE,0,0,0,191.95,0.15,0,0,0,0,17-AUG-2016,
OPTIDX,NIFTY,28-Jun-2018,5500,PE,0,0,0,207.65,0.25,0,0,0,0,17-AUG-2016,
OPTIDX,NIFTY,28-Jun-2018,5600,PE,0,0,0,224.3,0.35,0,0,0,0,17-AUG-2016,
OPTIDX,NIFTY,28-Jun-2018,5700,PE,0,0,0,241.5,0.45,0,0,0,0,17-AUG-2016,
OPTIDX,NIFTY,28-Jun-2018,5800,PE,0,0,0,259.5,0.65,0,0,0,0,17-AUG-2016,
OPTIDX,NIFTY,28-Jun-2018,5900,PE,0,0,0,278.25,0.9,0,0,0,0,17-AUG-2016,
OPTIDX,NIFTY,28-Jun-2018,6000,PE,0,0,0,297.75,1.25,0,0,0,0,17-AUG-2016,
OPTIDX,NIFTY,28-Jun-2018,6100,PE,0,0,0,318.05,1.7,0,0,0,0,17-AUG-2016,
OPTIDX,NIFTY,28-Jun-2018,6200,PE,0,0,0,339.1,2.25,0,0,0,0,17-AUG-2016,
OPTIDX,NIFTY,28-Jun-2018,6300,PE,0,0,0,200,2.95,0,0,7725,0,17-AUG-2016,
OPTIDX,NIFTY,28-Jun-2018,6400,PE,0,0,0,383.5,3.9,0,0,0,0,17-AUG-2016,
OPTIDX,NIFTY,28-Jun-2018,6500,PE,0,0,0,406.85,5.05,0,0,0,0,17-AUG-2016,
OPTIDX,NIFTY,28-Jun-2018,6600,PE,0,0,0,431,6.45,0,0,0,0,17-AUG-2016,
OPTIDX,NIFTY,28-Jun-2018,6700,PE,0,0,0,67,8.2,0,0,300,0,17-AUG-2016,
OPTIDX,NIFTY,28-Jun-2018,6800,PE,0,0,0,481.5,10.35,0,0,0,0,17-AUG-2016,
OPTIDX,NIFTY,28-Jun-2018,6900,PE,0,0,0,507.9,12.95,0,0,0,0,17-AUG-2016,
OPTIDX,NIFTY,28-Jun-2018,7000,PE,0,0,0,300,16,0,0,6550,0,17-AUG-2016,
OPTIDX,NIFTY,28-Jun-2018,7100,PE,0,0,0,562.65,19.7,0,0,0,0,17-AUG-2016,
OPTIDX,NIFTY,28-Jun-2018,7200,PE,0,0,0,591.3,24,0,0,0,0,17-AUG-2016,
OPTIDX,NIFTY,28-Jun-2018,7300,PE,0,0,0,620.65,29.05,0,0,0,0,17-AUG-2016,
OPTIDX,NIFTY,28-Jun-2018,7400,PE,0,0,0,650.7,34.9,0,0,0,0,17-AUG-2016,
OPTIDX,NIFTY,28-Jun-2018,7500,PE,0,0,0,590,41.65,0,0,38925,0,17-AUG-2016,
OPTIDX,NIFTY,28-Jun-2018,7600,PE,0,0,0,530,49.35,0,0,60150,0,17-AUG-2016,
OPTIDX,NIFTY,28-Jun-2018,7700,PE,0,0,0,473,58.15,0,0,45000,0,17-AUG-2016,
OPTIDX,NIFTY,28-Jun-2018,7800,PE,0,0,0,585,68.1,0,0,10500,0,17-AUG-2016,
OPTIDX,NIFTY,28-Jun-2018,7900,PE,0,0,0,701,79.3,0,0,251325,0,17-AUG-2016,
OPTIDX,NIFTY,28-Jun-2018,8000,PE,0,0,0,600,91.85,0,0,225,0,17-AUG-2016,
OPTIDX,NIFTY,28-Jun-2018,8100,PE,0,0,0,480,105.8,0,0,69150,0,17-AUG-2016,
OPTIDX,NIFTY,28-Jun-2018,8200,PE,0,0,0,449.7,121.2,0,0,17475,0,17-AUG-2016,
OPTIDX,NIFTY,28-Jun-2018,8300,PE,0,0,0,530,138.25,0,0,166650,0,17-AUG-2016,
OPTIDX,NIFTY,28-Jun-2018,8400,PE,0,0,0,1003.25,156.9,0,0,0,0,17-AUG-2016,
OPTIDX,NIFTY,28-Jun-2018,8500,PE,0,0,0,815,177.25,0,0,97500,0,17-AUG-2016,
OPTIDX,NIFTY,28-Jun-2018,8600,PE,0,0,0,776,199.7,0,0,75000,0,17-AUG-2016,
OPTIDX,NIFTY,28-Jun-2018,8700,PE,0,0,0,900,223.6,0,0,255000,0,17-AUG-2016,
OPTIDX,NIFTY,28-Jun-2018,8800,PE,0,0,0,720,249.45,0,0,107850,0,17-AUG-2016,
OPTIDX,NIFTY,28-Jun-2018,8900,PE,0,0,0,710,276.9,0,0,29500,0,17-AUG-2016,
OPTIDX,NIFTY,28-Jun-2018,9000,PE,497.75,497.75,497.75,497.75,497.75,1,7.12,201600,0,17-AUG-2016,
OPTIDX,NIFTY,28-Jun-2018,9100,PE,0,0,0,415.15,338.5,0,0,0,0,17-AUG-2016,
OPTIDX,NIFTY,28-Jun-2018,9200,PE,0,0,0,420.15,372.35,0,0,0,0,17-AUG-2016,
OPTIDX,NIFTY,28-Jun-2018,9300,PE,0,0,0,735.75,408.2,0,0,0,0,17-AUG-2016,
OPTIDX,NIFTY,28-Jun-2018,9400,PE,0,0,0,839.95,446.15,0,0,0,0,17-AUG-2016,
OPTIDX,NIFTY,28-Jun-2018,9500,PE,0,0,0,861.05,486.1,0,0,0,0,17-AUG-2016,
OPTIDX,NIFTY,28-Jun-2018,9600,PE,0,0,0,813.4,528.1,0,0,0,0,17-AUG-2016,
OPTIDX,NIFTY,28-Jun-2018,9700,PE,0,0,0,1349.95,572.05,0,0,94050,0,17-AUG-2016,
OPTIDX,NIFTY,28-Jun-2018,9800,PE,0,0,0,739.4,618.05,0,0,0,0,17-AUG-2016,
OPTIDX,NIFTY,28-Jun-2018,9900,PE,0,0,0,748.95,666.05,0,0,0,0,17-AUG-2016,
OPTIDX,NIFTY,28-Jun-2018,10000,PE,0,0,0,795.2,715.95,0,0,0,0,17-AUG-2016,
OPTIDX,NIFTY,28-Jun-2018,10100,PE,0,0,0,797.95,767.8,0,0,0,0,17-AUG-2016,
OPTIDX,NIFTY,28-Jun-2018,10200,PE,0,0,0,711.15,821.45,0,0,0,0,17-AUG-2016,
OPTIDX,NIFTY,28-Jun-2018,10300,PE,0,0,0,723.6,876.95,0,0,0,0,17-AUG-2016,
OPTIDX,NIFTY,28-Jun-2018,10400,PE,0,0,0,549.5,934.2,0,0,0,0,17-AUG-2016,
OPTIDX,NIFTY,28-Jun-2018,10500,PE,0,0,0,548.9,993.15,0,0,0,0,17-AUG-2016,
OPTIDX,NIFTY,28-Jun-2018,10600,PE,0,0,0,533.9,1053.8,0,0,0,0,17-AUG-2016,
OPTIDX,NIFTY,28-Jun-2018,10700,PE,0,0,0,806.25,1116,0,0,0,0,17-AUG-2016,
OPTIDX,NIFTY,28-Jun-2018,10800,PE,0,0,0,689.6,1179.8,0,0,0,0,17-AUG-2016,
OPTIDX,NIFTY,28-Jun-2018,10900,PE,0,0,0,588.55,1245.45,0,0,0,0,17-AUG-2016,
OPTIDX,NIFTY,28-Jun-2018,11000,PE,0,0,0,581.95,1312.15,0,0,0,0,17-AUG-2016,
OPTIDX,NIFTY,28-Jun-2018,11100,PE,0,0,0,1139.65,1380.25,0,0,0,0,17-AUG-2016,
OPTIDX,NIFTY,28-Jun-2018,11200,PE,0,0,0,1088.45,1449.65,0,0,0,0,17-AUG-2016,
OPTIDX,NIFTY,28-Jun-2018,11300,PE,0,0,0,1032.1,1519.85,0,0,0,0,17-AUG-2016,
OPTIDX,NIFTY,28-Jun-2018,11400,PE,0,0,0,996.65,1591.6,0,0,0,0,17-AUG-2016,
OPTIDX,NIFTY,27-Dec-2018,3600,CE,0,0,0,3755.8,5565.4,0,0,0,0,17-AUG-2016,
OPTIDX,NIFTY,27-Dec-2018,3700,CE,0,0,0,3782.65,5480.45,0,0,0,0,17-AUG-2016,
OPTIDX,NIFTY,27-Dec-2018,3800,CE,0,0,0,3803.5,5395.45,0,0,0,0,17-AUG-2016,
OPTIDX,NIFTY,27-Dec-2018,3900,CE,0,0,0,3811.6,5310.5,0,0,0,0,17-AUG-2016,
OPTIDX,NIFTY,27-Dec-2018,4000,CE,0,0,0,3749.6,5225.55,0,0,0,0,17-AUG-2016,
OPTIDX,NIFTY,27-Dec-2018,4100,CE,0,0,0,3687.85,5140.6,0,0,0,0,17-AUG-2016,
OPTIDX,NIFTY,27-Dec-2018,4200,CE,0,0,0,3626.3,5055.6,0,0,0,0,17-AUG-2016,
OPTIDX,NIFTY,27-Dec-2018,4300,CE,0,0,0,3565,4970.65,0,0,0,0,17-AUG-2016,
OPTIDX,NIFTY,27-Dec-2018,4400,CE,0,0,0,3504,4885.7,0,0,0,0,17-AUG-2016,
OPTIDX,NIFTY,27-Dec-2018,4500,CE,0,0,0,3443.35,4800.75,0,0,0,0,17-AUG-2016,
OPTIDX,NIFTY,27-Dec-2018,4600,CE,0,0,0,3382.95,4715.8,0,0,0,0,17-AUG-2016,
OPTIDX,NIFTY,27-Dec-2018,4700,CE,0,0,0,3322.95,4630.85,0,0,0,0,17-AUG-2016,
OPTIDX,NIFTY,27-Dec-2018,4800,CE,0,0,0,3263.3,4545.9,0,0,0,0,17-AUG-2016,
OPTIDX,NIFTY,27-Dec-2018,4900,CE,0,0,0,3204.05,4460.95,0,0,0,0,17-AUG-2016,
OPTIDX,NIFTY,27-Dec-2018,5000,CE,0,0,0,3145.2,4376,0,0,0,0,17-AUG-2016,
OPTIDX,NIFTY,27-Dec-2018,5100,CE,0,0,0,3086.8,4291.05,0,0,0,0,17-AUG-2016,
OPTIDX,NIFTY,27-Dec-2018,5200,CE,0,0,0,3028.85,4206.15,0,0,0,0,17-AUG-2016,
OPTIDX,NIFTY,27-Dec-2018,5300,CE,0,0,0,2971.4,4121.25,0,0,0,0,17-AUG-2016,
OPTIDX,NIFTY,27-Dec-2018,5400,CE,0,0,0,2914.4,4036.4,0,0,0,0,17-AUG-2016,
OPTIDX,NIFTY,27-Dec-2018,5500,CE,0,0,0,2857.95,3951.6,0,0,0,0,17-AUG-2016,
OPTIDX,NIFTY,27-Dec-2018,5600,CE,0,0,0,2802.05,3866.8,0,0,0,0,17-AUG-2016,
OPTIDX,NIFTY,27-Dec-2018,5700,CE,0,0,0,2746.7,3782.05,0,0,0,0,17-AUG-2016,
OPTIDX,NIFTY,27-Dec-2018,5800,CE,0,0,0,2691.9,3697.4,0,0,0,0,17-AUG-2016,
OPTIDX,NIFTY,27-Dec-2018,5900,CE,0,0,0,2637.7,3612.85,0,0,0,0,17-AUG-2016,
OPTIDX,NIFTY,27-Dec-2018,6000,CE,0,0,0,2584.05,3528.4,0,0,0,0,17-AUG-2016,
OPTIDX,NIFTY,27-Dec-2018,6100,CE,0,0,0,2531.1,3444.05,0,0,0,0,17-AUG-2016,
OPTIDX,NIFTY,27-Dec-2018,6200,CE,0,0,0,2478.7,3359.85,0,0,0,0,17-AUG-2016,
OPTIDX,NIFTY,27-Dec-2018,6300,CE,0,0,0,2427,3275.85,0,0,0,0,17-AUG-2016,
OPTIDX,NIFTY,27-Dec-2018,6400,CE,0,0,0,2375.95,3192.1,0,0,0,0,17-AUG-2016,
OPTIDX,NIFTY,27-Dec-2018,6500,CE,0,0,0,2325.55,3108.55,0,0,0,0,17-AUG-2016,
OPTIDX,NIFTY,27-Dec-2018,6600,CE,0,0,0,2275.85,3025.35,0,0,0,0,17-AUG-2016,
OPTIDX,NIFTY,27-Dec-2018,6700,CE,0,0,0,2226.8,2942.45,0,0,0,0,17-AUG-2016,
OPTIDX,NIFTY,27-Dec-2018,6800,CE,0,0,0,2178.45,2859.9,0,0,0,0,17-AUG-2016,
OPTIDX,NIFTY,27-Dec-2018,6900,CE,0,0,0,2131,2777.8,0,0,0,0,17-AUG-2016,
OPTIDX,NIFTY,27-Dec-2018,7000,CE,0,0,0,2084.05,2696.2,0,0,0,0,17-AUG-2016,
OPTIDX,NIFTY,27-Dec-2018,7100,CE,0,0,0,2037.8,2615.15,0,0,0,0,17-AUG-2016,
OPTIDX,NIFTY,27-Dec-2018,7200,CE,0,0,0,1992.3,2534.7,0,0,0,0,17-AUG-2016,
OPTIDX,NIFTY,27-Dec-2018,7300,CE,0,0,0,1740,2454.9,0,0,3750,0,17-AUG-2016,
OPTIDX,NIFTY,27-Dec-2018,7400,CE,0,0,0,1903.4,2375.8,0,0,0,0,17-AUG-2016,
OPTIDX,NIFTY,27-Dec-2018,7500,CE,0,0,0,1630,2297.55,0,0,1925,0,17-AUG-2016,
OPTIDX,NIFTY,27-Dec-2018,7600,CE,0,0,0,1729.55,2220.1,0,0,8250,0,17-AUG-2016,
OPTIDX,NIFTY,27-Dec-2018,7700,CE,0,0,0,1775.55,2143.55,0,0,0,0,17-AUG-2016,
OPTIDX,NIFTY,27-Dec-2018,7800,CE,0,0,0,2107.65,2068.05,0,0,75000,0,17-AUG-2016,
OPTIDX,NIFTY,27-Dec-2018,7900,CE,0,0,0,1482.3,1993.55,0,0,115050,0,17-AUG-2016,
OPTIDX,NIFTY,27-Dec-2018,8000,CE,0,0,0,1584.1,1920.15,0,0,125175,0,17-AUG-2016,
OPTIDX,NIFTY,27-Dec-2018,8100,CE,0,0,0,1615.35,1847.95,0,0,0,0,17-AUG-2016,
OPTIDX,NIFTY,27-Dec-2018,8200,CE,0,0,0,955,1777,0,0,181875,0,17-AUG-2016,
OPTIDX,NIFTY,27-Dec-2018,8300,CE,0,0,0,1539.35,1707.3,0,0,0,0,17-AUG-2016,
OPTIDX,NIFTY,27-Dec-2018,8400,CE,0,0,0,1502.55,1638.95,0,0,0,0,17-AUG-2016,
OPTIDX,NIFTY,27-Dec-2018,8500,CE,0,0,0,1466.5,1572.05,0,0,0,0,17-AUG-2016,
OPTIDX,NIFTY,27-Dec-2018,8600,CE,0,0,0,1431.15,1506.55,0,0,0,0,17-AUG-2016,
OPTIDX,NIFTY,27-Dec-2018,8700,CE,0,0,0,2569.45,1442.9,0,0,50,0,17-AUG-2016,
OPTIDX,NIFTY,27-Dec-2018,8800,CE,0,0,0,1367.2,1380.4,0,0,0,0,17-AUG-2016,
OPTIDX,NIFTY,27-Dec-2018,8900,CE,0,0,0,1489.4,1319.45,0,0,0,0,17-AUG-2016,
OPTIDX,NIFTY,27-Dec-2018,9000,CE,0,0,0,1350.15,1260.15,0,0,0,0,17-AUG-2016,
OPTIDX,NIFTY,27-Dec-2018,9100,CE,0,0,0,1316.95,1202.2,0,0,0,0,17-AUG-2016,
OPTIDX,NIFTY,27-Dec-2018,9200,CE,0,0,0,1202.15,1146.25,0,0,0,0,17-AUG-2016,
OPTIDX,NIFTY,27-Dec-2018,9300,CE,0,0,0,1432.2,1092,0,0,0,0,17-AUG-2016,
OPTIDX,NIFTY,27-Dec-2018,9400,CE,0,0,0,1625.2,1039.45,0,0,0,0,17-AUG-2016,
OPTIDX,NIFTY,27-Dec-2018,9500,CE,0,0,0,1673.85,988.6,0,0,0,0,17-AUG-2016,
OPTIDX,NIFTY,27-Dec-2018,9600,CE,0,0,0,1631.75,939.5,0,0,0,0,17-AUG-2016,
OPTIDX,NIFTY,27-Dec-2018,9700,CE,0,0,0,1625,892.05,0,0,0,0,17-AUG-2016,
OPTIDX,NIFTY,27-Dec-2018,9800,CE,0,0,0,1559.45,846.35,0,0,0,0,17-AUG-2016,
OPTIDX,NIFTY,27-Dec-2018,9900,CE,0,0,0,1558.85,802.3,0,0,0,0,17-AUG-2016,
OPTIDX,NIFTY,27-Dec-2018,10000,CE,0,0,0,1628.35,759.9,0,0,0,0,17-AUG-2016,
OPTIDX,NIFTY,27-Dec-2018,10100,CE,0,0,0,1645.2,719.25,0,0,0,0,17-AUG-2016,
OPTIDX,NIFTY,27-Dec-2018,10200,CE,0,0,0,1442.3,680.2,0,0,0,0,17-AUG-2016,
OPTIDX,NIFTY,27-Dec-2018,10300,CE,0,0,0,1538.2,642.75,0,0,0,0,17-AUG-2016,
OPTIDX,NIFTY,27-Dec-2018,10400,CE,0,0,0,1343.7,606.95,0,0,0,0,17-AUG-2016,
OPTIDX,NIFTY,27-Dec-2018,10500,CE,0,0,0,1411.3,572.65,0,0,0,0,17-AUG-2016,
OPTIDX,NIFTY,27-Dec-2018,10600,CE,0,0,0,1392.5,539.9,0,0,0,0,17-AUG-2016,
OPTIDX,NIFTY,27-Dec-2018,10700,CE,0,0,0,1601.15,508.65,0,0,0,0,17-AUG-2016,
OPTIDX,NIFTY,27-Dec-2018,10800,CE,0,0,0,1428.5,478.9,0,0,0,0,17-AUG-2016,
OPTIDX,NIFTY,27-Dec-2018,10900,CE,0,0,0,1312.45,450.5,0,0,0,0,17-AUG-2016,
OPTIDX,NIFTY,27-Dec-2018,11000,CE,0,0,0,1350.05,423.5,0,0,0,0,17-AUG-2016,
OPTIDX,NIFTY,27-Dec-2018,11100,CE,0,0,0,1817.5,397.85,0,0,0,0,17-AUG-2016,
OPTIDX,NIFTY,27-Dec-2018,11200,CE,0,0,0,1747.35,373.5,0,0,0,0,17-AUG-2016,
OPTIDX,NIFTY,27-Dec-2018,11300,CE,0,0,0,1791.45,350.4,0,0,0,0,17-AUG-2016,
OPTIDX,NIFTY,27-Dec-2018,11400,CE,0,0,0,1699.65,328.9,0,0,0,0,17-AUG-2016,
OPTIDX,NIFTY,27-Dec-2018,3600,PE,0,0,0,40,0,0,0,32250,0,17-AUG-2016,
OPTIDX,NIFTY,27-Dec-2018,3700,PE,0,0,0,3.75,0,0,0,0,0,17-AUG-2016,
OPTIDX,NIFTY,27-Dec-2018,3800,PE,0,0,0,3.5,0,0,0,0,0,17-AUG-2016,
OPTIDX,NIFTY,27-Dec-2018,3900,PE,0,0,0,7.05,0,0,0,0,0,17-AUG-2016,
OPTIDX,NIFTY,27-Dec-2018,4000,PE,0,0,0,8.5,0,0,0,0,0,17-AUG-2016,
OPTIDX,NIFTY,27-Dec-2018,4100,PE,0,0,0,10.2,0,0,0,0,0,17-AUG-2016,
OPTIDX,NIFTY,27-Dec-2018,4200,PE,0,0,0,12.1,0,0,0,0,0,17-AUG-2016,
OPTIDX,NIFTY,27-Dec-2018,4300,PE,0,0,0,14.25,0,0,0,0,0,17-AUG-2016,
OPTIDX,NIFTY,27-Dec-2018,4400,PE,0,0,0,16.7,0.05,0,0,0,0,17-AUG-2016,
OPTIDX,NIFTY,27-Dec-2018,4500,PE,0,0,0,19.45,0.05,0,0,0,0,17-AUG-2016,
OPTIDX,NIFTY,27-Dec-2018,4600,PE,0,0,0,22.55,0.05,0,0,0,0,17-AUG-2016,
OPTIDX,NIFTY,27-Dec-2018,4700,PE,0,0,0,25.95,0.05,0,0,0,0,17-AUG-2016,
OPTIDX,NIFTY,27-Dec-2018,4800,PE,0,0,0,29.75,0.05,0,0,0,0,17-AUG-2016,
OPTIDX,NIFTY,27-Dec-2018,4900,PE,0,0,0,33.95,0.05,0,0,0,0,17-AUG-2016,
OPTIDX,NIFTY,27-Dec-2018,5000,PE,0,0,0,38.55,0.1,0,0,0,0,17-AUG-2016,
OPTIDX,NIFTY,27-Dec-2018,5100,PE,0,0,0,43.6,0.15,0,0,0,0,17-AUG-2016,
OPTIDX,NIFTY,27-Dec-2018,5200,PE,0,0,0,49.1,0.2,0,0,0,0,17-AUG-2016,
OPTIDX,NIFTY,27-Dec-2018,5300,PE,0,0,0,55.1,0.25,0,0,0,0,17-AUG-2016,
OPTIDX,NIFTY,27-Dec-2018,5400,PE,0,0,0,61.55,0.35,0,0,0,0,17-AUG-2016,
OPTIDX,NIFTY,27-Dec-2018,5500,PE,0,0,0,68.55,0.5,0,0,0,0,17-AUG-2016,
OPTIDX,NIFTY,27-Dec-2018,5600,PE,0,0,0,76.05,0.7,0,0,0,0,17-AUG-2016,
OPTIDX,NIFTY,27-Dec-2018,5700,PE,0,0,0,84.15,0.9,0,0,0,0,17-AUG-2016,
OPTIDX,NIFTY,27-Dec-2018,5800,PE,0,0,0,92.8,1.2,0,0,0,0,17-AUG-2016,
OPTIDX,NIFTY,27-Dec-2018,5900,PE,0,0,0,102.05,1.6,0,0,0,0,17-AUG-2016,
OPTIDX,NIFTY,27-Dec-2018,6000,PE,0,0,0,111.85,2.1,0,0,0,0,17-AUG-2016,
OPTIDX,NIFTY,27-Dec-2018,6100,PE,0,0,0,122.3,2.75,0,0,0,0,17-AUG-2016,
OPTIDX,NIFTY,27-Dec-2018,6200,PE,0,0,0,250,3.55,0,0,2925,0,17-AUG-2016,
OPTIDX,NIFTY,27-Dec-2018,6300,PE,0,0,0,145.15,4.5,0,0,0,0,17-AUG-2016,
OPTIDX,NIFTY,27-Dec-2018,6400,PE,0,0,0,157.5,5.7,0,0,0,0,17-AUG-2016,
OPTIDX,NIFTY,27-Dec-2018,6500,PE,0,0,0,170.55,7.1,0,0,0,0,17-AUG-2016,
OPTIDX,NIFTY,27-Dec-2018,6600,PE,0,0,0,184.3,8.85,0,0,0,0,17-AUG-2016,
OPTIDX,NIFTY,27-Dec-2018,6700,PE,0,0,0,198.7,10.9,0,0,0,0,17-AUG-2016,
OPTIDX,NIFTY,27-Dec-2018,6800,PE,0,0,0,213.8,13.35,0,0,0,0,17-AUG-2016,
OPTIDX,NIFTY,27-Dec-2018,6900,PE,0,0,0,229.8,16.25,0,0,0,0,17-AUG-2016,
OPTIDX,NIFTY,27-Dec-2018,7000,PE,0,0,0,315,19.6,0,0,26700,0,17-AUG-2016,
OPTIDX,NIFTY,27-Dec-2018,7100,PE,0,0,0,263.5,23.5,0,0,0,0,17-AUG-2016,
OPTIDX,NIFTY,27-Dec-2018,7200,PE,0,0,0,228.6,28,0,0,250575,0,17-AUG-2016,
OPTIDX,NIFTY,27-Dec-2018,7300,PE,0,0,0,380,33.15,0,0,12000,0,17-AUG-2016,
OPTIDX,NIFTY,27-Dec-2018,7400,PE,0,0,0,310,39.05,0,0,11250,0,17-AUG-2016,
OPTIDX,NIFTY,27-Dec-2018,7500,PE,0,0,0,341.05,45.7,0,0,25125,0,17-AUG-2016,
OPTIDX,NIFTY,27-Dec-2018,7600,PE,0,0,0,280,53.25,0,0,248175,0,17-AUG-2016,
OPTIDX,NIFTY,27-Dec-2018,7700,PE,0,0,0,430,61.65,0,0,207825,0,17-AUG-2016,
OPTIDX,NIFTY,27-Dec-2018,7800,PE,0,0,0,357.5,71.1,0,0,16725,0,17-AUG-2016,
OPTIDX,NIFTY,27-Dec-2018,7900,PE,0,0,0,365,81.55,0,0,86700,0,17-AUG-2016,
OPTIDX,NIFTY,27-Dec-2018,8000,PE,400,400,400,400,400,157,989.1,156525,11775,17-AUG-2016,
OPTIDX,NIFTY,27-Dec-2018,8100,PE,0,0,0,402,105.9,0,0,11325,0,17-AUG-2016,
OPTIDX,NIFTY,27-Dec-2018,8200,PE,0,0,0,426,119.9,0,0,251775,0,17-AUG-2016,
OPTIDX,NIFTY,27-Dec-2018,8300,PE,0,0,0,450,135.2,0,0,81900,0,17-AUG-2016,
OPTIDX,NIFTY,27-Dec-2018,8400,PE,0,0,0,757.1,151.8,0,0,26250,0,17-AUG-2016,
OPTIDX,NIFTY,27-Dec-2018,8500,PE,0,0,0,499,169.85,0,0,337800,0,17-AUG-2016,
OPTIDX,NIFTY,27-Dec-2018,8600,PE,0,0,0,523.8,189.35,0,0,51375,0,17-AUG-2016,
OPTIDX,NIFTY,27-Dec-2018,8700,PE,0,0,0,637.3,210.6,0,0,0,0,17-AUG-2016,
OPTIDX,NIFTY,27-Dec-2018,8800,PE,0,0,0,500,233.1,0,0,108825,0,17-AUG-2016,
OPTIDX,NIFTY,27-Dec-2018,8900,PE,0,0,0,900,257.15,0,0,127050,0,17-AUG-2016,
OPTIDX,NIFTY,27-Dec-2018,9000,PE,0,0,0,646,282.8,0,0,89175,0,17-AUG-2016,
OPTIDX,NIFTY,27-Dec-2018,9100,PE,0,0,0,736.95,309.75,0,0,14325,0,17-AUG-2016,
OPTIDX,NIFTY,27-Dec-2018,9200,PE,0,0,0,344.85,338.8,0,0,0,0,17-AUG-2016,
OPTIDX,NIFTY,27-Dec-2018,9300,PE,0,0,0,850,369.5,0,0,6000,0,17-AUG-2016,
OPTIDX,NIFTY,27-Dec-2018,9400,PE,0,0,0,860,401.95,0,0,64875,0,17-AUG-2016,
OPTIDX,NIFTY,27-Dec-2018,9500,PE,0,0,0,782.95,436.05,0,0,0,0,17-AUG-2016,
OPTIDX,NIFTY,27-Dec-2018,9600,PE,0,0,0,734.45,471.9,0,0,0,0,17-AUG-2016,
OPTIDX,NIFTY,27-Dec-2018,9700,PE,0,0,0,737.35,509.4,0,0,0,0,17-AUG-2016,
OPTIDX,NIFTY,27-Dec-2018,9800,PE,0,0,0,658.45,548.65,0,0,0,0,17-AUG-2016,
OPTIDX,NIFTY,27-Dec-2018,9900,PE,0,0,0,667.65,589.6,0,0,0,0,17-AUG-2016,
OPTIDX,NIFTY,27-Dec-2018,10000,PE,0,0,0,714.4,632.15,0,0,0,0,17-AUG-2016,
OPTIDX,NIFTY,27-Dec-2018,10100,PE,0,0,0,716.15,676.45,0,0,0,0,17-AUG-2016,
OPTIDX,NIFTY,27-Dec-2018,10200,PE,0,0,0,626.55,722.35,0,0,0,0,17-AUG-2016,
OPTIDX,NIFTY,27-Dec-2018,10300,PE,0,0,0,638.15,769.9,0,0,0,0,17-AUG-2016,
OPTIDX,NIFTY,27-Dec-2018,10400,PE,0,0,0,1400,819.05,0,0,75,0,17-AUG-2016,
OPTIDX,NIFTY,27-Dec-2018,10500,PE,0,0,0,1420,869.75,0,0,150,0,17-AUG-2016,
OPTIDX,NIFTY,27-Dec-2018,10600,PE,0,0,0,448.45,921.95,0,0,0,0,17-AUG-2016,
OPTIDX,NIFTY,27-Dec-2018,10700,PE,0,0,0,718.55,975.65,0,0,0,0,17-AUG-2016,
OPTIDX,NIFTY,27-Dec-2018,10800,PE,0,0,0,597.4,1030.85,0,0,0,0,17-AUG-2016,
OPTIDX,NIFTY,27-Dec-2018,10900,PE,0,0,0,495.85,1087.45,0,0,0,0,17-AUG-2016,
OPTIDX,NIFTY,27-Dec-2018,11000,PE,0,0,0,2050,1145.4,0,0,150,0,17-AUG-2016,
OPTIDX,NIFTY,27-Dec-2018,11100,PE,0,0,0,1052.5,1204.7,0,0,0,0,17-AUG-2016,
OPTIDX,NIFTY,27-Dec-2018,11200,PE,0,0,0,998,1265.3,0,0,0,0,17-AUG-2016,
OPTIDX,NIFTY,27-Dec-2018,11300,PE,0,0,0,942.4,1327.15,0,0,0,0,17-AUG-2016,
OPTIDX,NIFTY,27-Dec-2018,11400,PE,0,0,0,903,1390.65,0,0,0,0,17-AUG-2016,
OPTIDX,NIFTY,27-Jun-2019,4600,CE,0,0,0,3539.15,4848,0,0,0,0,17-AUG-2016,
OPTIDX,NIFTY,27-Jun-2019,4700,CE,0,0,0,3471.55,4765.9,0,0,0,0,17-AUG-2016,
OPTIDX,NIFTY,27-Jun-2019,4800,CE,0,0,0,3584.35,4683.85,0,0,0,0,17-AUG-2016,
OPTIDX,NIFTY,27-Jun-2019,4900,CE,0,0,0,3561.3,4601.8,0,0,0,0,17-AUG-2016,
OPTIDX,NIFTY,27-Jun-2019,5000,CE,0,0,0,3598.9,4519.75,0,0,0,0,17-AUG-2016,
OPTIDX,NIFTY,27-Jun-2019,5100,CE,0,0,0,4218.1,4437.75,0,0,0,0,17-AUG-2016,
OPTIDX,NIFTY,27-Jun-2019,5200,CE,0,0,0,4155.1,4355.75,0,0,0,0,17-AUG-2016,
OPTIDX,NIFTY,27-Jun-2019,5300,CE,0,0,0,4092.3,4273.75,0,0,0,0,17-AUG-2016,
OPTIDX,NIFTY,27-Jun-2019,5400,CE,0,0,0,4029.7,4191.8,0,0,0,0,17-AUG-2016,
OPTIDX,NIFTY,27-Jun-2019,5500,CE,0,0,0,3967.3,4109.95,0,0,0,0,17-AUG-2016,
OPTIDX,NIFTY,27-Jun-2019,5600,CE,0,0,0,3905.1,4028.1,0,0,0,0,17-AUG-2016,
OPTIDX,NIFTY,27-Jun-2019,5700,CE,0,0,0,3843.2,3946.35,0,0,0,0,17-AUG-2016,
OPTIDX,NIFTY,27-Jun-2019,5800,CE,0,0,0,3781.5,3864.65,0,0,0,0,17-AUG-2016,
OPTIDX,NIFTY,27-Jun-2019,5900,CE,0,0,0,3720.15,3783.1,0,0,0,0,17-AUG-2016,
OPTIDX,NIFTY,27-Jun-2019,6000,CE,0,0,0,3659.05,3701.6,0,0,0,0,17-AUG-2016,
OPTIDX,NIFTY,27-Jun-2019,6100,CE,0,0,0,3598.25,3620.3,0,0,0,0,17-AUG-2016,
OPTIDX,NIFTY,27-Jun-2019,6200,CE,0,0,0,3537.85,3539.15,0,0,0,0,17-AUG-2016,
OPTIDX,NIFTY,27-Jun-2019,6300,CE,0,0,0,3477.75,3458.2,0,0,0,0,17-AUG-2016,
OPTIDX,NIFTY,27-Jun-2019,6400,CE,0,0,0,3418.05,3377.45,0,0,0,0,17-AUG-2016,
OPTIDX,NIFTY,27-Jun-2019,6500,CE,0,0,0,3358.7,3297,0,0,0,0,17-AUG-2016,
OPTIDX,NIFTY,27-Jun-2019,6600,CE,0,0,0,3299.8,3216.8,0,0,0,0,17-AUG-2016,
OPTIDX,NIFTY,27-Jun-2019,6700,CE,0,0,0,3241.3,3136.9,0,0,0,0,17-AUG-2016,
OPTIDX,NIFTY,27-Jun-2019,6800,CE,0,0,0,3183.25,3057.4,0,0,0,0,17-AUG-2016,
OPTIDX,NIFTY,27-Jun-2019,6900,CE,0,0,0,3125.65,2978.3,0,0,0,0,17-AUG-2016,
OPTIDX,NIFTY,27-Jun-2019,7000,CE,0,0,0,3068.5,2899.65,0,0,0,0,17-AUG-2016,
OPTIDX,NIFTY,27-Jun-2019,7100,CE,0,0,0,3011.85,2821.5,0,0,0,0,17-AUG-2016,
OPTIDX,NIFTY,27-Jun-2019,7200,CE,0,0,0,1754.2,2743.9,0,0,101250,0,17-AUG-2016,
OPTIDX,NIFTY,27-Jun-2019,7300,CE,0,0,0,2900.05,2666.85,0,0,0,0,17-AUG-2016,
OPTIDX,NIFTY,27-Jun-2019,7400,CE,0,0,0,2844.95,2590.45,0,0,0,0,17-AUG-2016,
OPTIDX,NIFTY,27-Jun-2019,7500,CE,0,0,0,2790.4,2514.75,0,0,0,0,17-AUG-2016,
OPTIDX,NIFTY,27-Jun-2019,7600,CE,0,0,0,1794.25,2439.8,0,0,75000,0,17-AUG-2016,
OPTIDX,NIFTY,27-Jun-2019,7700,CE,0,0,0,2683,2365.65,0,0,0,0,17-AUG-2016,
OPTIDX,NIFTY,27-Jun-2019,7800,CE,0,0,0,1755,2292.3,0,0,48975,0,17-AUG-2016,
OPTIDX,NIFTY,27-Jun-2019,7900,CE,0,0,0,1840.9,2219.9,0,0,172575,0,17-AUG-2016,
OPTIDX,NIFTY,27-Jun-2019,8000,CE,0,0,0,1715,2148.4,0,0,23250,0,17-AUG-2016,
OPTIDX,NIFTY,27-Jun-2019,8100,CE,0,0,0,2475.2,2077.9,0,0,0,0,17-AUG-2016,
OPTIDX,NIFTY,27-Jun-2019,8200,CE,0,0,0,1816.85,2008.45,0,0,106125,0,17-AUG-2016,
OPTIDX,NIFTY,27-Jun-2019,8300,CE,0,0,0,2375,1940.05,0,0,0,0,17-AUG-2016,
OPTIDX,NIFTY,27-Jun-2019,8400,CE,0,0,0,2325.85,1872.8,0,0,0,0,17-AUG-2016,
OPTIDX,NIFTY,27-Jun-2019,8500,CE,0,0,0,2277.4,1806.75,0,0,0,0,17-AUG-2016,
OPTIDX,NIFTY,27-Jun-2019,8600,CE,0,0,0,1844.5,1741.85,0,0,63525,0,17-AUG-2016,
OPTIDX,NIFTY,27-Jun-2019,8700,CE,0,0,0,2182.55,1678.25,0,0,0,0,17-AUG-2016,
OPTIDX,NIFTY,27-Jun-2019,8800,CE,0,0,0,2136,1615.9,0,0,0,0,17-AUG-2016,
OPTIDX,NIFTY,27-Jun-2019,8900,CE,0,0,0,2090.1,1555.15,0,0,0,0,17-AUG-2016,
OPTIDX,NIFTY,27-Jun-2019,9000,CE,0,0,0,2044.95,1495.45,0,0,0,0,17-AUG-2016,
OPTIDX,NIFTY,27-Jun-2019,9100,CE,0,0,0,2000.4,1437.05,0,0,0,0,17-AUG-2016,
OPTIDX,NIFTY,27-Jun-2019,9200,CE,0,0,0,1956.55,1380.1,0,0,0,0,17-AUG-2016,
OPTIDX,NIFTY,27-Jun-2019,9300,CE,0,0,0,1913.4,1324.25,0,0,0,0,17-AUG-2016,
OPTIDX,NIFTY,27-Jun-2019,9400,CE,0,0,0,1870.95,1270.2,0,0,0,0,17-AUG-2016,
OPTIDX,NIFTY,27-Jun-2019,9500,CE,0,0,0,1829.15,1217.6,0,0,0,0,17-AUG-2016,
OPTIDX,NIFTY,27-Jun-2019,9600,CE,0,0,0,1788.05,1166.45,0,0,0,0,17-AUG-2016,
OPTIDX,NIFTY,27-Jun-2019,9700,CE,0,0,0,1747.65,1116.75,0,0,0,0,17-AUG-2016,
OPTIDX,NIFTY,27-Jun-2019,9800,CE,0,0,0,1707.65,1068.55,0,0,0,0,17-AUG-2016,
OPTIDX,NIFTY,27-Jun-2019,9900,CE,0,0,0,1668.6,1021.75,0,0,0,0,17-AUG-2016,
OPTIDX,NIFTY,27-Jun-2019,10000,CE,0,0,0,1620.95,976.45,0,0,0,0,17-AUG-2016,
OPTIDX,NIFTY,27-Jun-2019,10100,CE,0,0,0,1749.95,932.6,0,0,0,0,17-AUG-2016,
OPTIDX,NIFTY,27-Jun-2019,10200,CE,0,0,0,1660.55,890.2,0,0,0,0,17-AUG-2016,
OPTIDX,NIFTY,27-Jun-2019,10300,CE,0,0,0,1768.3,849.2,0,0,0,0,17-AUG-2016,
OPTIDX,NIFTY,27-Jun-2019,10400,CE,0,0,0,1579.7,809.65,0,0,0,0,17-AUG-2016,
OPTIDX,NIFTY,27-Jun-2019,10500,CE,0,0,0,1652.2,771.45,0,0,0,0,17-AUG-2016,
OPTIDX,NIFTY,27-Jun-2019,10600,CE,0,0,0,1635.8,734.7,0,0,0,0,17-AUG-2016,
OPTIDX,NIFTY,27-Jun-2019,10700,CE,0,0,0,1842.15,699.3,0,0,0,0,17-AUG-2016,
OPTIDX,NIFTY,27-Jun-2019,10800,CE,0,0,0,1671,665.2,0,0,0,0,17-AUG-2016,
OPTIDX,NIFTY,27-Jun-2019,10900,CE,0,0,0,1557.65,632.45,0,0,0,0,17-AUG-2016,
OPTIDX,NIFTY,27-Jun-2019,11000,CE,0,0,0,1600.9,601,0,0,0,0,17-AUG-2016,
OPTIDX,NIFTY,27-Jun-2019,11100,CE,0,0,0,2068.8,570.8,0,0,0,0,17-AUG-2016,
OPTIDX,NIFTY,27-Jun-2019,11200,CE,0,0,0,1999.1,541.85,0,0,0,0,17-AUG-2016,
OPTIDX,NIFTY,27-Jun-2019,11300,CE,0,0,0,2050.2,514.1,0,0,0,0,17-AUG-2016,
OPTIDX,NIFTY,27-Jun-2019,11400,CE,0,0,0,1957.25,487.5,0,0,0,0,17-AUG-2016,
OPTIDX,NIFTY,27-Jun-2019,4600,PE,0,0,0,71.9,0.05,0,0,0,0,17-AUG-2016,
OPTIDX,NIFTY,27-Jun-2019,4700,PE,0,0,0,80.55,0.05,0,0,0,0,17-AUG-2016,
OPTIDX,NIFTY,27-Jun-2019,4800,PE,0,0,0,28.25,0.1,0,0,0,0,17-AUG-2016,
OPTIDX,NIFTY,27-Jun-2019,4900,PE,0,0,0,24.65,0.15,0,0,0,0,17-AUG-2016,
OPTIDX,NIFTY,27-Jun-2019,5000,PE,0,0,0,15,0.2,0,0,0,0,17-AUG-2016,
OPTIDX,NIFTY,27-Jun-2019,5100,PE,0,0,0,7.9,0.25,0,0,0,0,17-AUG-2016,
OPTIDX,NIFTY,27-Jun-2019,5200,PE,0,0,0,9.3,0.35,0,0,0,0,17-AUG-2016,
OPTIDX,NIFTY,27-Jun-2019,5300,PE,0,0,0,10.85,0.45,0,0,0,0,17-AUG-2016,
OPTIDX,NIFTY,27-Jun-2019,5400,PE,0,0,0,12.6,0.6,0,0,0,0,17-AUG-2016,
OPTIDX,NIFTY,27-Jun-2019,5500,PE,0,0,0,14.55,0.8,0,0,0,0,17-AUG-2016,
OPTIDX,NIFTY,27-Jun-2019,5600,PE,0,0,0,16.75,1.05,0,0,0,0,17-AUG-2016,
OPTIDX,NIFTY,27-Jun-2019,5700,PE,0,0,0,19.2,1.4,0,0,0,0,17-AUG-2016,
OPTIDX,NIFTY,27-Jun-2019,5800,PE,0,0,0,21.9,1.8,0,0,0,0,17-AUG-2016,
OPTIDX,NIFTY,27-Jun-2019,5900,PE,0,0,0,24.9,2.3,0,0,0,0,17-AUG-2016,
OPTIDX,NIFTY,27-Jun-2019,6000,PE,0,0,0,28.2,2.95,0,0,0,0,17-AUG-2016,
OPTIDX,NIFTY,27-Jun-2019,6100,PE,0,0,0,31.8,3.7,0,0,0,0,17-AUG-2016,
OPTIDX,NIFTY,27-Jun-2019,6200,PE,0,0,0,35.75,4.65,0,0,0,0,17-AUG-2016,
OPTIDX,NIFTY,27-Jun-2019,6300,PE,0,0,0,40.05,5.8,0,0,0,0,17-AUG-2016,
OPTIDX,NIFTY,27-Jun-2019,6400,PE,0,0,0,44.7,7.15,0,0,0,0,17-AUG-2016,
OPTIDX,NIFTY,27-Jun-2019,6500,PE,0,0,0,49.75,8.75,0,0,0,0,17-AUG-2016,
OPTIDX,NIFTY,27-Jun-2019,6600,PE,0,0,0,55.2,10.65,0,0,0,0,17-AUG-2016,
OPTIDX,NIFTY,27-Jun-2019,6700,PE,0,0,0,61.05,12.85,0,0,0,0,17-AUG-2016,
OPTIDX,NIFTY,27-Jun-2019,6800,PE,0,0,0,67.35,15.45,0,0,0,0,17-AUG-2016,
OPTIDX,NIFTY,27-Jun-2019,6900,PE,0,0,0,74.15,18.45,0,0,0,0,17-AUG-2016,
OPTIDX,NIFTY,27-Jun-2019,7000,PE,0,0,0,410,21.9,0,0,14250,0,17-AUG-2016,
OPTIDX,NIFTY,27-Jun-2019,7100,PE,0,0,0,89.1,25.8,0,0,0,0,17-AUG-2016,
OPTIDX,NIFTY,27-Jun-2019,7200,PE,0,0,0,97.35,30.3,0,0,0,0,17-AUG-2016,
OPTIDX,NIFTY,27-Jun-2019,7300,PE,0,0,0,106.05,35.35,0,0,0,0,17-AUG-2016,
OPTIDX,NIFTY,27-Jun-2019,7400,PE,0,0,0,115.35,41.05,0,0,0,0,17-AUG-2016,
OPTIDX,NIFTY,27-Jun-2019,7500,PE,0,0,0,125.15,47.45,0,0,0,0,17-AUG-2016,
OPTIDX,NIFTY,27-Jun-2019,7600,PE,0,0,0,135.55,54.55,0,0,0,0,17-AUG-2016,
OPTIDX,NIFTY,27-Jun-2019,7700,PE,0,0,0,146.5,62.5,0,0,0,0,17-AUG-2016,
OPTIDX,NIFTY,27-Jun-2019,7800,PE,0,0,0,533.1,71.25,0,0,17550,0,17-AUG-2016,
OPTIDX,NIFTY,27-Jun-2019,7900,PE,0,0,0,401.5,80.9,0,0,11175,0,17-AUG-2016,
OPTIDX,NIFTY,27-Jun-2019,8000,PE,0,0,0,182.85,91.5,0,0,0,0,17-AUG-2016,
OPTIDX,NIFTY,27-Jun-2019,8100,PE,0,0,0,484.5,103.1,0,0,2625,0,17-AUG-2016,
OPTIDX,NIFTY,27-Jun-2019,8200,PE,0,0,0,550.9,115.75,0,0,17025,0,17-AUG-2016,
OPTIDX,NIFTY,27-Jun-2019,8300,PE,0,0,0,520,129.45,0,0,8475,0,17-AUG-2016,
OPTIDX,NIFTY,27-Jun-2019,8400,PE,0,0,0,573,144.3,0,0,450,0,17-AUG-2016,
OPTIDX,NIFTY,27-Jun-2019,8500,PE,0,0,0,520,160.3,0,0,81525,0,17-AUG-2016,
OPTIDX,NIFTY,27-Jun-2019,8600,PE,0,0,0,603,177.5,0,0,2400,0,17-AUG-2016,
OPTIDX,NIFTY,27-Jun-2019,8700,PE,605,605,605,605,605,5,34.89,6450,0,17-AUG-2016,
OPTIDX,NIFTY,27-Jun-2019,8800,PE,0,0,0,307.6,215.75,0,0,0,0,17-AUG-2016,
OPTIDX,NIFTY,27-Jun-2019,8900,PE,0,0,0,634,237.1,0,0,63750,0,17-AUG-2016,
OPTIDX,NIFTY,27-Jun-2019,9000,PE,573.65,573.65,573.65,573.65,573.65,2,14.36,15000,-75,17-AUG-2016,
OPTIDX,NIFTY,27-Jun-2019,9100,PE,0,0,0,500.5,283.2,0,0,1650,0,17-AUG-2016,
OPTIDX,NIFTY,27-Jun-2019,9200,PE,0,0,0,800,308.3,0,0,15675,0,17-AUG-2016,
OPTIDX,NIFTY,27-Jun-2019,9300,PE,0,0,0,817.2,334.5,0,0,87150,0,17-AUG-2016,
OPTIDX,NIFTY,27-Jun-2019,9400,PE,0,0,0,428.75,362.55,0,0,0,0,17-AUG-2016,
OPTIDX,NIFTY,27-Jun-2019,9500,PE,0,0,0,899,392.05,0,0,4800,0,17-AUG-2016,
OPTIDX,NIFTY,27-Jun-2019,9600,PE,0,0,0,474.65,423,0,0,0,0,17-AUG-2016,
OPTIDX,NIFTY,27-Jun-2019,9700,PE,0,0,0,498.6,455.4,0,0,0,0,17-AUG-2016,
OPTIDX,NIFTY,27-Jun-2019,9800,PE,0,0,0,522.95,489.25,0,0,0,0,17-AUG-2016,
OPTIDX,NIFTY,27-Jun-2019,9900,PE,0,0,0,548.3,524.6,0,0,0,0,17-AUG-2016,
OPTIDX,NIFTY,27-Jun-2019,10000,PE,0,0,0,789.25,561.35,0,0,16500,0,17-AUG-2016,
OPTIDX,NIFTY,27-Jun-2019,10100,PE,0,0,0,568.4,599.6,0,0,0,0,17-AUG-2016,
OPTIDX,NIFTY,27-Jun-2019,10200,PE,0,0,0,553.35,639.3,0,0,0,0,17-AUG-2016,
OPTIDX,NIFTY,27-Jun-2019,10300,PE,0,0,0,564.15,680.35,0,0,0,0,17-AUG-2016,
OPTIDX,NIFTY,27-Jun-2019,10400,PE,0,0,0,391.45,722.9,0,0,0,0,17-AUG-2016,
OPTIDX,NIFTY,27-Jun-2019,10500,PE,0,0,0,393.8,766.85,0,0,0,0,17-AUG-2016,
OPTIDX,NIFTY,27-Jun-2019,10600,PE,0,0,0,378.3,812.15,0,0,0,0,17-AUG-2016,
OPTIDX,NIFTY,27-Jun-2019,10700,PE,0,0,0,641.95,858.85,0,0,0,0,17-AUG-2016,
OPTIDX,NIFTY,27-Jun-2019,10800,PE,0,0,0,519.1,906.85,0,0,0,0,17-AUG-2016,
OPTIDX,NIFTY,27-Jun-2019,10900,PE,0,0,0,419.1,956.2,0,0,0,0,17-AUG-2016,
OPTIDX,NIFTY,27-Jun-2019,11000,PE,0,0,0,414.05,1006.8,0,0,0,0,17-AUG-2016,
OPTIDX,NIFTY,27-Jun-2019,11100,PE,0,0,0,973.2,1058.7,0,0,0,0,17-AUG-2016,
OPTIDX,NIFTY,27-Jun-2019,11200,PE,0,0,0,916.5,1111.8,0,0,0,0,17-AUG-2016,
OPTIDX,NIFTY,27-Jun-2019,11300,PE,0,0,0,861.95,1166.15,0,0,0,0,17-AUG-2016,
OPTIDX,NIFTY,27-Jun-2019,11400,PE,0,0,0,819.85,1221.65,0,0,0,0,17-AUG-2016,
OPTIDX,NIFTY,26-Dec-2019,4600,CE,0,0,0,3683.2,4975.75,0,0,0,0,17-AUG-2016,
OPTIDX,NIFTY,26-Dec-2019,4700,CE,0,0,0,3618.7,4896.45,0,0,0,0,17-AUG-2016,
OPTIDX,NIFTY,26-Dec-2019,4800,CE,0,0,0,3730.9,4817.15,0,0,0,0,17-AUG-2016,
OPTIDX,NIFTY,26-Dec-2019,4900,CE,0,0,0,3704.4,4737.9,0,0,0,0,17-AUG-2016,
OPTIDX,NIFTY,26-Dec-2019,5000,CE,0,0,0,3743.25,4658.65,0,0,0,0,17-AUG-2016,
OPTIDX,NIFTY,26-Dec-2019,5100,CE,0,0,0,3736.3,4579.45,0,0,0,0,17-AUG-2016,
OPTIDX,NIFTY,26-Dec-2019,5200,CE,0,0,0,4051.4,4500.25,0,0,0,0,17-AUG-2016,
OPTIDX,NIFTY,26-Dec-2019,5300,CE,0,0,0,4154,4421.1,0,0,0,0,17-AUG-2016,
OPTIDX,NIFTY,26-Dec-2019,5400,CE,0,0,0,4247.1,4342,0,0,0,0,17-AUG-2016,
OPTIDX,NIFTY,26-Dec-2019,5500,CE,0,0,0,4193.65,4262.95,0,0,0,0,17-AUG-2016,
OPTIDX,NIFTY,26-Dec-2019,5600,CE,0,0,0,4191.75,4183.95,0,0,0,0,17-AUG-2016,
OPTIDX,NIFTY,26-Dec-2019,5700,CE,0,0,0,4451.2,4105.05,0,0,0,0,17-AUG-2016,
OPTIDX,NIFTY,26-Dec-2019,5800,CE,0,0,0,4419.9,4026.2,0,0,0,0,17-AUG-2016,
OPTIDX,NIFTY,26-Dec-2019,5900,CE,0,0,0,4357.05,3947.5,0,0,0,0,17-AUG-2016,
OPTIDX,NIFTY,26-Dec-2019,6000,CE,0,0,0,4294.4,3868.9,0,0,0,0,17-AUG-2016,
OPTIDX,NIFTY,26-Dec-2019,6100,CE,0,0,0,4231.95,3790.5,0,0,0,0,17-AUG-2016,
OPTIDX,NIFTY,26-Dec-2019,6200,CE,0,0,0,4169.8,3712.2,0,0,0,0,17-AUG-2016,
OPTIDX,NIFTY,26-Dec-2019,6300,CE,0,0,0,4107.95,3634.1,0,0,0,0,17-AUG-2016,
OPTIDX,NIFTY,26-Dec-2019,6400,CE,0,0,0,4046.3,3556.25,0,0,0,0,17-AUG-2016,
OPTIDX,NIFTY,26-Dec-2019,6500,CE,0,0,0,3985,3478.65,0,0,0,0,17-AUG-2016,
OPTIDX,NIFTY,26-Dec-2019,6600,CE,0,0,0,3924,3401.3,0,0,0,0,17-AUG-2016,
OPTIDX,NIFTY,26-Dec-2019,6700,CE,0,0,0,3863.35,3324.25,0,0,0,0,17-AUG-2016,
OPTIDX,NIFTY,26-Dec-2019,6800,CE,0,0,0,3803,3247.55,0,0,0,0,17-AUG-2016,
OPTIDX,NIFTY,26-Dec-2019,6900,CE,0,0,0,3743.05,3171.2,0,0,0,0,17-AUG-2016,
OPTIDX,NIFTY,26-Dec-2019,7000,CE,0,0,0,3683.4,3095.3,0,0,0,0,17-AUG-2016,
OPTIDX,NIFTY,26-Dec-2019,7100,CE,0,0,0,3624.2,3019.85,0,0,0,0,17-AUG-2016,
OPTIDX,NIFTY,26-Dec-2019,7200,CE,0,0,0,3565.4,2944.85,0,0,0,0,17-AUG-2016,
OPTIDX,NIFTY,26-Dec-2019,7300,CE,0,0,0,3507,2870.35,0,0,0,0,17-AUG-2016,
OPTIDX,NIFTY,26-Dec-2019,7400,CE,0,0,0,3449,2796.45,0,0,0,0,17-AUG-2016,
OPTIDX,NIFTY,26-Dec-2019,7500,CE,0,0,0,3391.5,2723.15,0,0,0,0,17-AUG-2016,
OPTIDX,NIFTY,26-Dec-2019,7600,CE,0,0,0,3334.4,2650.5,0,0,0,0,17-AUG-2016,
OPTIDX,NIFTY,26-Dec-2019,7700,CE,0,0,0,3277.8,2578.55,0,0,0,0,17-AUG-2016,
OPTIDX,NIFTY,26-Dec-2019,7800,CE,0,0,0,3221.65,2507.3,0,0,0,0,17-AUG-2016,
OPTIDX,NIFTY,26-Dec-2019,7900,CE,0,0,0,3166,2436.85,0,0,0,0,17-AUG-2016,
OPTIDX,NIFTY,26-Dec-2019,8000,CE,0,0,0,3110.85,2367.2,0,0,0,0,17-AUG-2016,
OPTIDX,NIFTY,26-Dec-2019,8100,CE,0,0,0,3056.25,2298.35,0,0,0,0,17-AUG-2016,
OPTIDX,NIFTY,26-Dec-2019,8200,CE,0,0,0,3002.15,2230.45,0,0,0,0,17-AUG-2016,
OPTIDX,NIFTY,26-Dec-2019,8300,CE,0,0,0,2948.6,2163.4,0,0,0,0,17-AUG-2016,
OPTIDX,NIFTY,26-Dec-2019,8400,CE,0,0,0,2895.55,2097.35,0,0,0,0,17-AUG-2016,
OPTIDX,NIFTY,26-Dec-2019,8500,CE,0,0,0,2843.1,2032.3,0,0,0,0,17-AUG-2016,
OPTIDX,NIFTY,26-Dec-2019,8600,CE,0,0,0,2049.4,1968.3,0,0,150000,0,17-AUG-2016,
OPTIDX,NIFTY,26-Dec-2019,8700,CE,2025.15,2025.15,2025.15,2025.15,2025.15,500,4021.93,255000,37500,17-AUG-2016,
OPTIDX,NIFTY,26-Dec-2019,8800,CE,0,0,0,2689.1,1843.4,0,0,0,0,17-AUG-2016,
OPTIDX,NIFTY,26-Dec-2019,8900,CE,0,0,0,2638.9,1782.65,0,0,0,0,17-AUG-2016,
OPTIDX,NIFTY,26-Dec-2019,9000,CE,0,0,0,2589.3,1723.3,0,0,0,0,17-AUG-2016,
OPTIDX,NIFTY,26-Dec-2019,9100,CE,0,0,0,2540.35,1664.75,0,0,0,0,17-AUG-2016,
OPTIDX,NIFTY,26-Dec-2019,9200,CE,0,0,0,2492.15,1607.45,0,0,0,0,17-AUG-2016,
OPTIDX,NIFTY,26-Dec-2019,9300,CE,0,0,0,2444.35,1551.3,0,0,0,0,17-AUG-2016,
OPTIDX,NIFTY,26-Dec-2019,9400,CE,0,0,0,2397.15,1496.4,0,0,0,0,17-AUG-2016,
OPTIDX,NIFTY,26-Dec-2019,9500,CE,0,0,0,2350.6,1442.75,0,0,0,0,17-AUG-2016,
OPTIDX,NIFTY,26-Dec-2019,9600,CE,0,0,0,2304.65,1390,0,0,0,0,17-AUG-2016,
OPTIDX,NIFTY,26-Dec-2019,9700,CE,0,0,0,2259.3,1338.9,0,0,0,0,17-AUG-2016,
OPTIDX,NIFTY,26-Dec-2019,9800,CE,0,0,0,2214.6,1289.05,0,0,0,0,17-AUG-2016,
OPTIDX,NIFTY,26-Dec-2019,9900,CE,0,0,0,2170.5,1240.5,0,0,0,0,17-AUG-2016,
OPTIDX,NIFTY,26-Dec-2019,10000,CE,0,0,0,2127.05,1193.2,0,0,0,0,17-AUG-2016,
OPTIDX,NIFTY,26-Dec-2019,10100,CE,0,0,0,2084.25,1147.15,0,0,0,0,17-AUG-2016,
OPTIDX,NIFTY,26-Dec-2019,10200,CE,0,0,0,2042.05,1102.4,0,0,0,0,17-AUG-2016,
OPTIDX,NIFTY,26-Dec-2019,10300,CE,0,0,0,2000.5,1058.9,0,0,0,0,17-AUG-2016,
OPTIDX,NIFTY,26-Dec-2019,10400,CE,0,0,0,1959.55,1016.65,0,0,0,0,17-AUG-2016,
OPTIDX,NIFTY,26-Dec-2019,10500,CE,0,0,0,1919.25,975.65,0,0,0,0,17-AUG-2016,
OPTIDX,NIFTY,26-Dec-2019,10600,CE,0,0,0,1879.3,935.85,0,0,0,0,17-AUG-2016,
OPTIDX,NIFTY,26-Dec-2019,10700,CE,0,0,0,1828.9,897.35,0,0,0,0,17-AUG-2016,
OPTIDX,NIFTY,26-Dec-2019,10800,CE,0,0,0,1881.6,860.05,0,0,0,0,17-AUG-2016,
OPTIDX,NIFTY,26-Dec-2019,10900,CE,0,0,0,2271.4,823.95,0,0,0,0,17-AUG-2016,
OPTIDX,NIFTY,26-Dec-2019,11000,CE,0,0,0,1642.4,789,0,0,0,0,17-AUG-2016,
OPTIDX,NIFTY,26-Dec-2019,11100,CE,0,0,0,2313.25,755.25,0,0,0,0,17-AUG-2016,
OPTIDX,NIFTY,26-Dec-2019,11200,CE,0,0,0,2244.75,722.65,0,0,0,0,17-AUG-2016,
OPTIDX,NIFTY,26-Dec-2019,11300,CE,0,0,0,2302.55,691.2,0,0,0,0,17-AUG-2016,
OPTIDX,NIFTY,26-Dec-2019,11400,CE,0,0,0,2209.5,660.85,0,0,0,0,17-AUG-2016,
OPTIDX,NIFTY,26-Dec-2019,4600,PE,0,0,0,78.4,0.1,0,0,0,0,17-AUG-2016,
OPTIDX,NIFTY,26-Dec-2019,4700,PE,0,0,0,87.15,0.1,0,0,0,0,17-AUG-2016,
OPTIDX,NIFTY,26-Dec-2019,4800,PE,0,0,0,31.15,0.15,0,0,0,0,17-AUG-2016,
OPTIDX,NIFTY,26-Dec-2019,4900,PE,0,0,0,27.3,0.2,0,0,0,0,17-AUG-2016,
OPTIDX,NIFTY,26-Dec-2019,5000,PE,0,0,0,16.75,0.3,0,0,0,0,17-AUG-2016,
OPTIDX,NIFTY,26-Dec-2019,5100,PE,0,0,0,19.65,0.4,0,0,0,0,17-AUG-2016,
OPTIDX,NIFTY,26-Dec-2019,5200,PE,0,0,0,225.7,0.5,0,0,0,0,17-AUG-2016,
OPTIDX,NIFTY,26-Dec-2019,5300,PE,0,0,0,223.15,0.65,0,0,0,0,17-AUG-2016,
OPTIDX,NIFTY,26-Dec-2019,5400,PE,0,0,0,283.25,0.85,0,0,0,0,17-AUG-2016,
OPTIDX,NIFTY,26-Dec-2019,5500,PE,0,0,0,301,1.1,0,0,0,0,17-AUG-2016,
OPTIDX,NIFTY,26-Dec-2019,5600,PE,0,0,0,46.8,1.45,0,0,0,0,17-AUG-2016,
OPTIDX,NIFTY,26-Dec-2019,5700,PE,0,0,0,44.15,1.85,0,0,0,0,17-AUG-2016,
OPTIDX,NIFTY,26-Dec-2019,5800,PE,0,0,0,15.1,2.35,0,0,0,0,17-AUG-2016,
OPTIDX,NIFTY,26-Dec-2019,5900,PE,0,0,0,17.2,2.95,0,0,0,0,17-AUG-2016,
OPTIDX,NIFTY,26-Dec-2019,6000,PE,0,0,0,19.55,3.65,0,0,0,0,17-AUG-2016,
OPTIDX,NIFTY,26-Dec-2019,6100,PE,0,0,0,22.1,4.55,0,0,0,0,17-AUG-2016,
OPTIDX,NIFTY,26-Dec-2019,6200,PE,0,0,0,24.95,5.6,0,0,0,0,17-AUG-2016,
OPTIDX,NIFTY,26-Dec-2019,6300,PE,0,0,0,28.05,6.8,0,0,0,0,17-AUG-2016,
OPTIDX,NIFTY,26-Dec-2019,6400,PE,0,0,0,31.45,8.25,0,0,0,0,17-AUG-2016,
OPTIDX,NIFTY,26-Dec-2019,6500,PE,0,0,0,35.1,9.95,0,0,0,0,17-AUG-2016,
OPTIDX,NIFTY,26-Dec-2019,6600,PE,0,0,0,39.1,11.9,0,0,0,0,17-AUG-2016,
OPTIDX,NIFTY,26-Dec-2019,6700,PE,0,0,0,43.4,14.2,0,0,0,0,17-AUG-2016,
OPTIDX,NIFTY,26-Dec-2019,6800,PE,0,0,0,48.05,16.8,0,0,0,0,17-AUG-2016,
OPTIDX,NIFTY,26-Dec-2019,6900,PE,0,0,0,53.1,19.8,0,0,0,0,17-AUG-2016,
OPTIDX,NIFTY,26-Dec-2019,7000,PE,0,0,0,399.95,23.2,0,0,300,0,17-AUG-2016,
OPTIDX,NIFTY,26-Dec-2019,7100,PE,0,0,0,64.25,27,0,0,0,0,17-AUG-2016,
OPTIDX,NIFTY,26-Dec-2019,7200,PE,0,0,0,70.4,31.35,0,0,0,0,17-AUG-2016,
OPTIDX,NIFTY,26-Dec-2019,7300,PE,0,0,0,77,36.2,0,0,0,0,17-AUG-2016,
OPTIDX,NIFTY,26-Dec-2019,7400,PE,0,0,0,84,41.6,0,0,0,0,17-AUG-2016,
OPTIDX,NIFTY,26-Dec-2019,7500,PE,0,0,0,91.45,47.6,0,0,0,0,17-AUG-2016,
OPTIDX,NIFTY,26-Dec-2019,7600,PE,0,0,0,150,54.3,0,0,300,0,17-AUG-2016,
OPTIDX,NIFTY,26-Dec-2019,7700,PE,0,0,0,107.75,61.65,0,0,0,0,17-AUG-2016,
OPTIDX,NIFTY,26-Dec-2019,7800,PE,0,0,0,116.6,69.7,0,0,0,0,17-AUG-2016,
OPTIDX,NIFTY,26-Dec-2019,7900,PE,0,0,0,125.95,78.55,0,0,0,0,17-AUG-2016,
OPTIDX,NIFTY,26-Dec-2019,8000,PE,0,0,0,135.8,88.2,0,0,0,0,17-AUG-2016,
OPTIDX,NIFTY,26-Dec-2019,8100,PE,0,0,0,146.15,98.7,0,0,0,0,17-AUG-2016,
OPTIDX,NIFTY,26-Dec-2019,8200,PE,0,0,0,157.05,110.05,0,0,0,0,17-AUG-2016,
OPTIDX,NIFTY,26-Dec-2019,8300,PE,0,0,0,168.45,122.35,0,0,0,0,17-AUG-2016,
OPTIDX,NIFTY,26-Dec-2019,8400,PE,0,0,0,180.45,135.65,0,0,0,0,17-AUG-2016,
OPTIDX,NIFTY,26-Dec-2019,8500,PE,0,0,0,192.95,149.9,0,0,0,0,17-AUG-2016,
OPTIDX,NIFTY,26-Dec-2019,8600,PE,0,0,0,206,165.15,0,0,0,0,17-AUG-2016,
OPTIDX,NIFTY,26-Dec-2019,8700,PE,0,0,0,219.65,181.5,0,0,0,0,17-AUG-2016,
OPTIDX,NIFTY,26-Dec-2019,8800,PE,0,0,0,233.9,198.95,0,0,0,0,17-AUG-2016,
OPTIDX,NIFTY,26-Dec-2019,8900,PE,0,0,0,248.7,217.45,0,0,0,0,17-AUG-2016,
OPTIDX,NIFTY,26-Dec-2019,9000,PE,0,0,0,264.1,237.45,0,0,0,0,17-AUG-2016,
OPTIDX,NIFTY,26-Dec-2019,9100,PE,0,0,0,280.1,258.2,0,0,0,0,17-AUG-2016,
OPTIDX,NIFTY,26-Dec-2019,9200,PE,0,0,0,296.95,280.2,0,0,0,0,17-AUG-2016,
OPTIDX,NIFTY,26-Dec-2019,9300,PE,0,0,0,314.1,303.4,0,0,0,0,17-AUG-2016,
OPTIDX,NIFTY,26-Dec-2019,9400,PE,0,0,0,331.9,327.8,0,0,0,0,17-AUG-2016,
OPTIDX,NIFTY,26-Dec-2019,9500,PE,0,0,0,350.35,353.45,0,0,0,0,17-AUG-2016,
OPTIDX,NIFTY,26-Dec-2019,9600,PE,0,0,0,369.35,380,0,0,0,0,17-AUG-2016,
OPTIDX,NIFTY,26-Dec-2019,9700,PE,0,0,0,389,408.25,0,0,0,0,17-AUG-2016,
OPTIDX,NIFTY,26-Dec-2019,9800,PE,0,0,0,409.3,437.7,0,0,0,0,17-AUG-2016,
OPTIDX,NIFTY,26-Dec-2019,9900,PE,0,0,0,430.2,468.45,0,0,0,0,17-AUG-2016,
OPTIDX,NIFTY,26-Dec-2019,10000,PE,0,0,0,451.75,500.45,0,0,0,0,17-AUG-2016,
OPTIDX,NIFTY,26-Dec-2019,10100,PE,0,0,0,473.9,533.75,0,0,0,0,17-AUG-2016,
OPTIDX,NIFTY,26-Dec-2019,10200,PE,0,0,0,496.7,568.3,0,0,0,0,17-AUG-2016,
OPTIDX,NIFTY,26-Dec-2019,10300,PE,0,0,0,520.15,604.1,0,0,0,0,17-AUG-2016,
OPTIDX,NIFTY,26-Dec-2019,10400,PE,0,0,0,544.2,641.15,0,0,0,0,17-AUG-2016,
OPTIDX,NIFTY,26-Dec-2019,10500,PE,0,0,0,568.9,679.5,0,0,0,0,17-AUG-2016,
OPTIDX,NIFTY,26-Dec-2019,10600,PE,0,0,0,593.9,719.05,0,0,0,0,17-AUG-2016,
OPTIDX,NIFTY,26-Dec-2019,10700,PE,0,0,0,495.9,759.8,0,0,0,0,17-AUG-2016,
OPTIDX,NIFTY,26-Dec-2019,10800,PE,0,0,0,521.4,801.85,0,0,0,0,17-AUG-2016,
OPTIDX,NIFTY,26-Dec-2019,10900,PE,0,0,0,910.2,845.05,0,0,0,0,17-AUG-2016,
OPTIDX,NIFTY,26-Dec-2019,11000,PE,0,0,0,855.95,889.45,0,0,0,0,17-AUG-2016,
OPTIDX,NIFTY,26-Dec-2019,11100,PE,0,0,0,900.8,935,0,0,0,0,17-AUG-2016,
OPTIDX,NIFTY,26-Dec-2019,11200,PE,0,0,0,842.8,981.7,0,0,0,0,17-AUG-2016,
OPTIDX,NIFTY,26-Dec-2019,11300,PE,0,0,0,789.45,1029.55,0,0,0,0,17-AUG-2016,
OPTIDX,NIFTY,26-Dec-2019,11400,PE,0,0,0,745.55,1078.5,0,0,0,0,17-AUG-2016,
OPTIDX,NIFTY,25-Jun-2020,4600,CE,0,0,0,3820.25,5099.15,0,0,0,0,17-AUG-2016,
OPTIDX,NIFTY,25-Jun-2020,4700,CE,0,0,0,3758.6,5022.55,0,0,0,0,17-AUG-2016,
OPTIDX,NIFTY,25-Jun-2020,4800,CE,0,0,0,3871.05,4946,0,0,0,0,17-AUG-2016,
OPTIDX,NIFTY,25-Jun-2020,4900,CE,0,0,0,3841.65,4869.45,0,0,0,0,17-AUG-2016,
OPTIDX,NIFTY,25-Jun-2020,5000,CE,0,0,0,3881.85,4792.9,0,0,0,0,17-AUG-2016,
OPTIDX,NIFTY,25-Jun-2020,5100,CE,0,0,0,3876.65,4716.4,0,0,0,0,17-AUG-2016,
OPTIDX,NIFTY,25-Jun-2020,5200,CE,0,0,0,4200.25,4639.9,0,0,0,0,17-AUG-2016,
OPTIDX,NIFTY,25-Jun-2020,5300,CE,0,0,0,4306.15,4563.5,0,0,0,0,17-AUG-2016,
OPTIDX,NIFTY,25-Jun-2020,5400,CE,0,0,0,4403.4,4487.1,0,0,0,0,17-AUG-2016,
OPTIDX,NIFTY,25-Jun-2020,5500,CE,0,0,0,4352.55,4410.75,0,0,0,0,17-AUG-2016,
OPTIDX,NIFTY,25-Jun-2020,5600,CE,0,0,0,4302.1,4334.5,0,0,0,0,17-AUG-2016,
OPTIDX,NIFTY,25-Jun-2020,5700,CE,0,0,0,4252.2,4258.35,0,0,0,0,17-AUG-2016,
OPTIDX,NIFTY,25-Jun-2020,5800,CE,0,0,0,4202.85,4182.25,0,0,0,0,17-AUG-2016,
OPTIDX,NIFTY,25-Jun-2020,5900,CE,0,0,0,4429.85,4106.3,0,0,0,0,17-AUG-2016,
OPTIDX,NIFTY,25-Jun-2020,6000,CE,0,0,0,4430,4030.45,0,0,0,0,17-AUG-2016,
OPTIDX,NIFTY,25-Jun-2020,6100,CE,0,0,0,4367.05,3954.75,0,0,0,0,17-AUG-2016,
OPTIDX,NIFTY,25-Jun-2020,6200,CE,0,0,0,4304.4,3879.2,0,0,0,0,17-AUG-2016,
OPTIDX,NIFTY,25-Jun-2020,6300,CE,0,0,0,4242.1,3803.85,0,0,0,0,17-AUG-2016,
OPTIDX,NIFTY,25-Jun-2020,6400,CE,0,0,0,4180.15,3728.7,0,0,0,0,17-AUG-2016,
OPTIDX,NIFTY,25-Jun-2020,6500,CE,0,0,0,4118.55,3653.8,0,0,0,0,17-AUG-2016,
OPTIDX,NIFTY,25-Jun-2020,6600,CE,0,0,0,4057.3,3579.15,0,0,0,0,17-AUG-2016,
OPTIDX,NIFTY,25-Jun-2020,6700,CE,0,0,0,3996.45,3504.75,0,0,0,0,17-AUG-2016,
OPTIDX,NIFTY,25-Jun-2020,6800,CE,0,0,0,3936,3430.7,0,0,0,0,17-AUG-2016,
OPTIDX,NIFTY,25-Jun-2020,6900,CE,0,0,0,3875.95,3356.95,0,0,0,0,17-AUG-2016,
OPTIDX,NIFTY,25-Jun-2020,7000,CE,0,0,0,3816.3,3283.6,0,0,0,0,17-AUG-2016,
OPTIDX,NIFTY,25-Jun-2020,7100,CE,0,0,0,3757.1,3210.65,0,0,0,0,17-AUG-2016,
OPTIDX,NIFTY,25-Jun-2020,7200,CE,0,0,0,3698.35,3138.15,0,0,0,0,17-AUG-2016,
OPTIDX,NIFTY,25-Jun-2020,7300,CE,0,0,0,3640.05,3066.1,0,0,0,0,17-AUG-2016,
OPTIDX,NIFTY,25-Jun-2020,7400,CE,0,0,0,3582.25,2994.55,0,0,0,0,17-AUG-2016,
OPTIDX,NIFTY,25-Jun-2020,7500,CE,0,0,0,3524.9,2923.5,0,0,0,0,17-AUG-2016,
OPTIDX,NIFTY,25-Jun-2020,7600,CE,0,0,0,3468.05,2853.05,0,0,0,0,17-AUG-2016,
OPTIDX,NIFTY,25-Jun-2020,7700,CE,0,0,0,3411.7,2783.15,0,0,0,0,17-AUG-2016,
OPTIDX,NIFTY,25-Jun-2020,7800,CE,0,0,0,3355.85,2713.95,0,0,0,0,17-AUG-2016,
OPTIDX,NIFTY,25-Jun-2020,7900,CE,0,0,0,3300.55,2645.35,0,0,0,0,17-AUG-2016,
OPTIDX,NIFTY,25-Jun-2020,8000,CE,0,0,0,3245.75,2577.5,0,0,0,0,17-AUG-2016,
OPTIDX,NIFTY,25-Jun-2020,8100,CE,0,0,0,3191.5,2510.35,0,0,0,0,17-AUG-2016,
OPTIDX,NIFTY,25-Jun-2020,8200,CE,0,0,0,3137.8,2444,0,0,0,0,17-AUG-2016,
OPTIDX,NIFTY,25-Jun-2020,8300,CE,0,0,0,3084.65,2378.4,0,0,0,0,17-AUG-2016,
OPTIDX,NIFTY,25-Jun-2020,8400,CE,0,0,0,3032.05,2313.65,0,0,0,0,17-AUG-2016,
OPTIDX,NIFTY,25-Jun-2020,8500,CE,0,0,0,2980.05,2249.7,0,0,0,0,17-AUG-2016,
OPTIDX,NIFTY,25-Jun-2020,8600,CE,0,0,0,2928.6,2186.7,0,0,0,0,17-AUG-2016,
OPTIDX,NIFTY,25-Jun-2020,8700,CE,0,0,0,2877.7,2124.55,0,0,0,0,17-AUG-2016,
OPTIDX,NIFTY,25-Jun-2020,8800,CE,0,0,0,2827.4,2063.35,0,0,0,0,17-AUG-2016,
OPTIDX,NIFTY,25-Jun-2020,8900,CE,0,0,0,2777.95,2003.1,0,0,0,0,17-AUG-2016,
OPTIDX,NIFTY,25-Jun-2020,9000,CE,0,0,0,2728.8,1943.85,0,0,0,0,17-AUG-2016,
OPTIDX,NIFTY,25-Jun-2020,9100,CE,0,0,0,2680.3,1885.55,0,0,0,0,17-AUG-2016,
OPTIDX,NIFTY,25-Jun-2020,9200,CE,0,0,0,2632.35,1828.6,0,0,0,0,17-AUG-2016,
OPTIDX,NIFTY,25-Jun-2020,9300,CE,0,0,0,2585,1772.3,0,0,0,0,17-AUG-2016,
OPTIDX,NIFTY,25-Jun-2020,9400,CE,0,0,0,2538.25,1717.1,0,0,0,0,17-AUG-2016,
OPTIDX,NIFTY,25-Jun-2020,9500,CE,0,0,0,2492.15,1662.95,0,0,0,0,17-AUG-2016,
OPTIDX,NIFTY,25-Jun-2020,9600,CE,0,0,0,2446.65,1609.9,0,0,0,0,17-AUG-2016,
OPTIDX,NIFTY,25-Jun-2020,9700,CE,0,0,0,2401.75,1557.95,0,0,0,0,17-AUG-2016,
OPTIDX,NIFTY,25-Jun-2020,9800,CE,0,0,0,2357.45,1506.7,0,0,0,0,17-AUG-2016,
OPTIDX,NIFTY,25-Jun-2020,9900,CE,0,0,0,2313.75,1457,0,0,0,0,17-AUG-2016,
OPTIDX,NIFTY,25-Jun-2020,10000,CE,0,0,0,2270.65,1408.4,0,0,0,0,17-AUG-2016,
OPTIDX,NIFTY,25-Jun-2020,10100,CE,0,0,0,2228.2,1360.9,0,0,0,0,17-AUG-2016,
OPTIDX,NIFTY,25-Jun-2020,10200,CE,0,0,0,2186.35,1314.55,0,0,0,0,17-AUG-2016,
OPTIDX,NIFTY,25-Jun-2020,10300,CE,0,0,0,2145.1,1269.3,0,0,0,0,17-AUG-2016,
OPTIDX,NIFTY,25-Jun-2020,10400,CE,0,0,0,2104.45,1225.15,0,0,0,0,17-AUG-2016,
OPTIDX,NIFTY,25-Jun-2020,10500,CE,0,0,0,2064.1,1182.1,0,0,0,0,17-AUG-2016,
OPTIDX,NIFTY,25-Jun-2020,10600,CE,0,0,0,2024.7,1140.2,0,0,0,0,17-AUG-2016,
OPTIDX,NIFTY,25-Jun-2020,10700,CE,0,0,0,1985.9,1099.4,0,0,0,0,17-AUG-2016,
OPTIDX,NIFTY,25-Jun-2020,10800,CE,0,0,0,1947.7,1059.65,0,0,0,0,17-AUG-2016,
OPTIDX,NIFTY,25-Jun-2020,10900,CE,0,0,0,1886.7,1021,0,0,0,0,17-AUG-2016,
OPTIDX,NIFTY,25-Jun-2020,11000,CE,0,0,0,1852.85,983.45,0,0,0,0,17-AUG-2016,
OPTIDX,NIFTY,25-Jun-2020,11100,CE,0,0,0,1016.25,946.95,0,0,0,0,17-AUG-2016,
OPTIDX,NIFTY,25-Jun-2020,4600,PE,0,0,0,83.25,0.15,0,0,0,0,17-AUG-2016,
OPTIDX,NIFTY,25-Jun-2020,4700,PE,0,0,0,92.05,0.15,0,0,0,0,17-AUG-2016,
OPTIDX,NIFTY,25-Jun-2020,4800,PE,0,0,0,33.3,0.2,0,0,0,0,17-AUG-2016,
OPTIDX,NIFTY,25-Jun-2020,4900,PE,0,0,0,29.3,0.3,0,0,0,0,17-AUG-2016,
OPTIDX,NIFTY,25-Jun-2020,5000,PE,0,0,0,18.05,0.4,0,0,0,0,17-AUG-2016,
OPTIDX,NIFTY,25-Jun-2020,5100,PE,0,0,0,21.05,0.5,0,0,0,0,17-AUG-2016,
OPTIDX,NIFTY,25-Jun-2020,5200,PE,0,0,0,233.9,0.65,0,0,0,0,17-AUG-2016,
OPTIDX,NIFTY,25-Jun-2020,5300,PE,0,0,0,231.05,0.85,0,0,0,0,17-AUG-2016,
OPTIDX,NIFTY,25-Jun-2020,5400,PE,0,0,0,292.5,1.1,0,0,0,0,17-AUG-2016,
OPTIDX,NIFTY,25-Jun-2020,5500,PE,0,0,0,310.15,1.4,0,0,0,0,17-AUG-2016,
OPTIDX,NIFTY,25-Jun-2020,5600,PE,0,0,0,328.15,1.8,0,0,0,0,17-AUG-2016,
OPTIDX,NIFTY,25-Jun-2020,5700,PE,0,0,0,346.75,2.25,0,0,0,0,17-AUG-2016,
OPTIDX,NIFTY,25-Jun-2020,5800,PE,0,0,0,365.9,2.8,0,0,0,0,17-AUG-2016,
OPTIDX,NIFTY,25-Jun-2020,5900,PE,0,0,0,22.85,3.45,0,0,0,0,17-AUG-2016,
OPTIDX,NIFTY,25-Jun-2020,6000,PE,0,0,0,32.05,4.25,0,0,0,0,17-AUG-2016,
OPTIDX,NIFTY,25-Jun-2020,6100,PE,0,0,0,35.8,5.2,0,0,0,0,17-AUG-2016,
OPTIDX,NIFTY,25-Jun-2020,6200,PE,0,0,0,39.85,6.25,0,0,0,0,17-AUG-2016,
OPTIDX,NIFTY,25-Jun-2020,6300,PE,0,0,0,44.2,7.55,0,0,0,0,17-AUG-2016,
OPTIDX,NIFTY,25-Jun-2020,6400,PE,0,0,0,48.9,9.05,0,0,0,0,17-AUG-2016,
OPTIDX,NIFTY,25-Jun-2020,6500,PE,0,0,0,54,10.75,0,0,0,0,17-AUG-2016,
OPTIDX,NIFTY,25-Jun-2020,6600,PE,0,0,0,59.4,12.7,0,0,0,0,17-AUG-2016,
OPTIDX,NIFTY,25-Jun-2020,6700,PE,0,0,0,65.2,15,0,0,0,0,17-AUG-2016,
OPTIDX,NIFTY,25-Jun-2020,6800,PE,0,0,0,71.4,17.55,0,0,0,0,17-AUG-2016,
OPTIDX,NIFTY,25-Jun-2020,6900,PE,0,0,0,78.05,20.45,0,0,0,0,17-AUG-2016,
OPTIDX,NIFTY,25-Jun-2020,7000,PE,0,0,0,85.1,23.75,0,0,0,0,17-AUG-2016,
OPTIDX,NIFTY,25-Jun-2020,7100,PE,0,0,0,92.55,27.4,0,0,0,0,17-AUG-2016,
OPTIDX,NIFTY,25-Jun-2020,7200,PE,0,0,0,100.45,31.5,0,0,0,0,17-AUG-2016,
OPTIDX,NIFTY,25-Jun-2020,7300,PE,0,0,0,108.85,36.1,0,0,0,0,17-AUG-2016,
OPTIDX,NIFTY,25-Jun-2020,7400,PE,0,0,0,117.7,41.15,0,0,0,0,17-AUG-2016,
OPTIDX,NIFTY,25-Jun-2020,7500,PE,0,0,0,127,46.75,0,0,0,0,17-AUG-2016,
OPTIDX,NIFTY,25-Jun-2020,7600,PE,0,0,0,136.85,52.95,0,0,0,0,17-AUG-2016,
OPTIDX,NIFTY,25-Jun-2020,7700,PE,0,0,0,147.15,59.7,0,0,0,0,17-AUG-2016,
OPTIDX,NIFTY,25-Jun-2020,7800,PE,0,0,0,158,67.1,0,0,0,0,17-AUG-2016,
OPTIDX,NIFTY,25-Jun-2020,7900,PE,0,0,0,169.35,75.15,0,0,0,0,17-AUG-2016,
OPTIDX,NIFTY,25-Jun-2020,8000,PE,0,0,0,181.2,83.9,0,0,0,0,17-AUG-2016,
OPTIDX,NIFTY,25-Jun-2020,8100,PE,0,0,0,193.65,93.4,0,0,0,0,17-AUG-2016,
OPTIDX,NIFTY,25-Jun-2020,8200,PE,0,0,0,206.6,103.65,0,0,0,0,17-AUG-2016,
OPTIDX,NIFTY,25-Jun-2020,8300,PE,0,0,0,220.1,114.7,0,0,0,0,17-AUG-2016,
OPTIDX,NIFTY,25-Jun-2020,8400,PE,0,0,0,234.2,126.55,0,0,0,0,17-AUG-2016,
OPTIDX,NIFTY,25-Jun-2020,8500,PE,0,0,0,190,139.3,0,0,200,0,17-AUG-2016,
OPTIDX,NIFTY,25-Jun-2020,8600,PE,0,0,0,264.05,152.9,0,0,0,0,17-AUG-2016,
OPTIDX,NIFTY,25-Jun-2020,8700,PE,0,0,0,279.85,167.4,0,0,0,0,17-AUG-2016,
OPTIDX,NIFTY,25-Jun-2020,8800,PE,0,0,0,296.2,182.8,0,0,0,0,17-AUG-2016,
OPTIDX,NIFTY,25-Jun-2020,8900,PE,0,0,0,313.4,199.2,0,0,0,0,17-AUG-2016,
OPTIDX,NIFTY,25-Jun-2020,9000,PE,0,0,0,690,216.55,0,0,775,0,17-AUG-2016,
OPTIDX,NIFTY,25-Jun-2020,9100,PE,0,0,0,349.05,234.95,0,0,0,0,17-AUG-2016,
OPTIDX,NIFTY,25-Jun-2020,9200,PE,0,0,0,367.8,254.55,0,0,0,0,17-AUG-2016,
OPTIDX,NIFTY,25-Jun-2020,9300,PE,0,0,0,387.15,274.95,0,0,0,0,17-AUG-2016,
OPTIDX,NIFTY,25-Jun-2020,9400,PE,0,0,0,407.05,296.35,0,0,0,0,17-AUG-2016,
OPTIDX,NIFTY,25-Jun-2020,9500,PE,0,0,0,427.6,318.85,0,0,0,0,17-AUG-2016,
OPTIDX,NIFTY,25-Jun-2020,9600,PE,0,0,0,448.75,342.45,0,0,0,0,17-AUG-2016,
OPTIDX,NIFTY,25-Jun-2020,9700,PE,0,0,0,470.55,367.1,0,0,0,0,17-AUG-2016,
OPTIDX,NIFTY,25-Jun-2020,9800,PE,0,0,0,492.9,392.5,0,0,0,0,17-AUG-2016,
OPTIDX,NIFTY,25-Jun-2020,9900,PE,0,0,0,515.9,419.4,0,0,0,0,17-AUG-2016,
OPTIDX,NIFTY,25-Jun-2020,10000,PE,0,0,0,539.5,447.45,0,0,0,0,17-AUG-2016,
OPTIDX,NIFTY,25-Jun-2020,10100,PE,0,0,0,563.7,476.6,0,0,0,0,17-AUG-2016,
OPTIDX,NIFTY,25-Jun-2020,10200,PE,0,0,0,588.5,506.85,0,0,0,0,17-AUG-2016,
OPTIDX,NIFTY,25-Jun-2020,10300,PE,0,0,0,613.9,538.2,0,0,0,0,17-AUG-2016,
OPTIDX,NIFTY,25-Jun-2020,10400,PE,0,0,0,639.95,570.7,0,0,0,0,17-AUG-2016,
OPTIDX,NIFTY,25-Jun-2020,10500,PE,0,0,0,666.25,604.3,0,0,0,0,17-AUG-2016,
OPTIDX,NIFTY,25-Jun-2020,10600,PE,0,0,0,693.55,639.05,0,0,0,0,17-AUG-2016,
OPTIDX,NIFTY,25-Jun-2020,10700,PE,0,0,0,721.4,674.85,0,0,0,0,17-AUG-2016,
OPTIDX,NIFTY,25-Jun-2020,10800,PE,0,0,0,749.85,711.75,0,0,0,0,17-AUG-2016,
OPTIDX,NIFTY,25-Jun-2020,10900,PE,0,0,0,706.55,749.7,0,0,0,0,17-AUG-2016,
OPTIDX,NIFTY,25-Jun-2020,11000,PE,0,0,0,660.1,788.8,0,0,0,0,17-AUG-2016,
OPTIDX,NIFTY,25-Jun-2020,11100,PE,0,0,0,807.35,828.95,0,0,0,0,17-AUG-2016,
OPTIDX,NIFTY,31-Dec-2020,4600,CE,0,0,0,3955.65,5222.9,0,0,0,0,17-AUG-2016,
OPTIDX,NIFTY,31-Dec-2020,4700,CE,0,0,0,3896.8,5149.05,0,0,0,0,17-AUG-2016,
OPTIDX,NIFTY,31-Dec-2020,4800,CE,0,0,0,4010.1,5075.15,0,0,0,0,17-AUG-2016,
OPTIDX,NIFTY,31-Dec-2020,4900,CE,0,0,0,3978.2,5001.3,0,0,0,0,17-AUG-2016,
OPTIDX,NIFTY,31-Dec-2020,5000,CE,0,0,0,4019.95,4927.5,0,0,0,0,17-AUG-2016,
OPTIDX,NIFTY,31-Dec-2020,5100,CE,0,0,0,4016.5,4853.7,0,0,0,0,17-AUG-2016,
OPTIDX,NIFTY,31-Dec-2020,5200,CE,0,0,0,4015.95,4779.95,0,0,0,0,17-AUG-2016,
OPTIDX,NIFTY,31-Dec-2020,5300,CE,0,0,0,4098.1,4706.25,0,0,0,0,17-AUG-2016,
OPTIDX,NIFTY,31-Dec-2020,5400,CE,0,0,0,4087.8,4632.55,0,0,0,0,17-AUG-2016,
OPTIDX,NIFTY,31-Dec-2020,5500,CE,0,0,0,4159.6,4558.95,0,0,0,0,17-AUG-2016,
OPTIDX,NIFTY,31-Dec-2020,5600,CE,0,0,0,4091.9,4485.45,0,0,0,0,17-AUG-2016,
OPTIDX,NIFTY,31-Dec-2020,5700,CE,0,0,0,4024.4,4412,0,0,0,0,17-AUG-2016,
OPTIDX,NIFTY,31-Dec-2020,5800,CE,0,0,0,3957.05,4338.65,0,0,0,0,17-AUG-2016,
OPTIDX,NIFTY,31-Dec-2020,5900,CE,0,0,0,3889.95,4265.4,0,0,0,0,17-AUG-2016,
OPTIDX,NIFTY,31-Dec-2020,6000,CE,0,0,0,3823.1,4192.25,0,0,0,0,17-AUG-2016,
OPTIDX,NIFTY,31-Dec-2020,6100,CE,0,0,0,3756.5,4119.3,0,0,0,0,17-AUG-2016,
OPTIDX,NIFTY,31-Dec-2020,6200,CE,0,0,0,3690.2,4046.45,0,0,0,0,17-AUG-2016,
OPTIDX,NIFTY,31-Dec-2020,6300,CE,0,0,0,3624.15,3973.8,0,0,0,0,17-AUG-2016,
OPTIDX,NIFTY,31-Dec-2020,6400,CE,0,0,0,3558.45,3901.35,0,0,0,0,17-AUG-2016,
OPTIDX,NIFTY,31-Dec-2020,6500,CE,0,0,0,3493.1,3829.1,0,0,0,0,17-AUG-2016,
OPTIDX,NIFTY,31-Dec-2020,6600,CE,0,0,0,3428.1,3757.1,0,0,0,0,17-AUG-2016,
OPTIDX,NIFTY,31-Dec-2020,6700,CE,0,0,0,3363.5,3685.35,0,0,0,0,17-AUG-2016,
OPTIDX,NIFTY,31-Dec-2020,6800,CE,0,0,0,3299.3,3613.85,0,0,0,0,17-AUG-2016,
OPTIDX,NIFTY,31-Dec-2020,6900,CE,0,0,0,3235.5,3542.7,0,0,0,0,17-AUG-2016,
OPTIDX,NIFTY,31-Dec-2020,7000,CE,0,0,0,3172.15,3471.9,0,0,0,0,17-AUG-2016,
OPTIDX,NIFTY,31-Dec-2020,7100,CE,0,0,0,3109.3,3401.4,0,0,0,0,17-AUG-2016,
OPTIDX,NIFTY,31-Dec-2020,7200,CE,0,0,0,3046.95,3331.3,0,0,0,0,17-AUG-2016,
OPTIDX,NIFTY,31-Dec-2020,7300,CE,0,0,0,2985.1,3261.65,0,0,0,0,17-AUG-2016,
OPTIDX,NIFTY,31-Dec-2020,7400,CE,0,0,0,2923.8,3192.4,0,0,0,0,17-AUG-2016,
OPTIDX,NIFTY,31-Dec-2020,7500,CE,0,0,0,2863.05,3123.65,0,0,0,0,17-AUG-2016,
OPTIDX,NIFTY,31-Dec-2020,7600,CE,0,0,0,2802.85,3055.35,0,0,0,0,17-AUG-2016,
OPTIDX,NIFTY,31-Dec-2020,7700,CE,0,0,0,2743.3,2987.6,0,0,0,0,17-AUG-2016,
OPTIDX,NIFTY,31-Dec-2020,7800,CE,0,0,0,2684.3,2920.4,0,0,0,0,17-AUG-2016,
OPTIDX,NIFTY,31-Dec-2020,7900,CE,0,0,0,2626,2853.75,0,0,0,0,17-AUG-2016,
OPTIDX,NIFTY,31-Dec-2020,8000,CE,0,0,0,2568.3,2787.7,0,0,0,0,17-AUG-2016,
OPTIDX,NIFTY,31-Dec-2020,8100,CE,0,0,0,2511.3,2722.3,0,0,0,0,17-AUG-2016,
OPTIDX,NIFTY,31-Dec-2020,8200,CE,0,0,0,2454.95,2657.55,0,0,0,0,17-AUG-2016,
OPTIDX,NIFTY,31-Dec-2020,8300,CE,0,0,0,2399.3,2593.5,0,0,0,0,17-AUG-2016,
OPTIDX,NIFTY,31-Dec-2020,8400,CE,0,0,0,2344.35,2530.15,0,0,0,0,17-AUG-2016,
OPTIDX,NIFTY,31-Dec-2020,8500,CE,0,0,0,2290.15,2467.55,0,0,0,0,17-AUG-2016,
OPTIDX,NIFTY,31-Dec-2020,8600,CE,0,0,0,2236.7,2405.65,0,0,0,0,17-AUG-2016,
OPTIDX,NIFTY,31-Dec-2020,8700,CE,0,0,0,2183.95,2344.6,0,0,0,0,17-AUG-2016,
OPTIDX,NIFTY,31-Dec-2020,8800,CE,0,0,0,2132,2284.3,0,0,0,0,17-AUG-2016,
OPTIDX,NIFTY,31-Dec-2020,8900,CE,0,0,0,2081.05,2224.8,0,0,0,0,17-AUG-2016,
OPTIDX,NIFTY,31-Dec-2020,9000,CE,0,0,0,2030.6,2166.2,0,0,0,0,17-AUG-2016,
OPTIDX,NIFTY,31-Dec-2020,9100,CE,0,0,0,1980.9,2108.4,0,0,0,0,17-AUG-2016,
OPTIDX,NIFTY,31-Dec-2020,9200,CE,0,0,0,1932.05,2051.5,0,0,0,0,17-AUG-2016,
OPTIDX,NIFTY,31-Dec-2020,9300,CE,0,0,0,1884,1995.5,0,0,0,0,17-AUG-2016,
OPTIDX,NIFTY,31-Dec-2020,9400,CE,0,0,0,1836.7,1940.7,0,0,0,0,17-AUG-2016,
OPTIDX,NIFTY,31-Dec-2020,9500,CE,0,0,0,1790.25,1886.45,0,0,0,0,17-AUG-2016,
OPTIDX,NIFTY,31-Dec-2020,9600,CE,0,0,0,1744.65,1833.2,0,0,0,0,17-AUG-2016,
OPTIDX,NIFTY,31-Dec-2020,9700,CE,0,0,0,1699.8,1780.85,0,0,0,0,17-AUG-2016,
OPTIDX,NIFTY,31-Dec-2020,9800,CE,0,0,0,1655.45,1729.45,0,0,0,0,17-AUG-2016,
OPTIDX,NIFTY,31-Dec-2020,9900,CE,0,0,0,1612.3,1679.05,0,0,0,0,17-AUG-2016,
OPTIDX,NIFTY,31-Dec-2020,10000,CE,0,0,0,1570,1629.6,0,0,0,0,17-AUG-2016,
OPTIDX,NIFTY,31-Dec-2020,10100,CE,0,0,0,1528.45,1580.8,0,0,0,0,17-AUG-2016,
OPTIDX,NIFTY,31-Dec-2020,10200,CE,0,0,0,1487.75,1533.35,0,0,0,0,17-AUG-2016,
OPTIDX,NIFTY,31-Dec-2020,10300,CE,0,0,0,1447.9,1486.85,0,0,0,0,17-AUG-2016,
OPTIDX,NIFTY,31-Dec-2020,10400,CE,0,0,0,1395.3,1441.4,0,0,0,0,17-AUG-2016,
OPTIDX,NIFTY,31-Dec-2020,10500,CE,0,0,0,1591.85,1396.9,0,0,0,0,17-AUG-2016,
OPTIDX,NIFTY,31-Dec-2020,10600,CE,0,0,0,1618.55,1353.4,0,0,0,0,17-AUG-2016,
OPTIDX,NIFTY,31-Dec-2020,10700,CE,0,0,0,1426.65,1310.85,0,0,0,0,17-AUG-2016,
OPTIDX,NIFTY,31-Dec-2020,10800,CE,0,0,0,1379.9,1269.35,0,0,0,0,17-AUG-2016,
OPTIDX,NIFTY,31-Dec-2020,10900,CE,0,0,0,1407.3,1228.75,0,0,0,0,17-AUG-2016,
OPTIDX,NIFTY,31-Dec-2020,11000,CE,0,0,0,1352.75,1189.15,0,0,0,0,17-AUG-2016,
OPTIDX,NIFTY,31-Dec-2020,11100,CE,0,0,0,1224.25,1150.55,0,0,0,0,17-AUG-2016,
OPTIDX,NIFTY,31-Dec-2020,4600,PE,0,0,0,86.9,0.15,0,0,0,0,17-AUG-2016,
OPTIDX,NIFTY,31-Dec-2020,4700,PE,0,0,0,95.6,0.25,0,0,0,0,17-AUG-2016,
OPTIDX,NIFTY,31-Dec-2020,4800,PE,0,0,0,34.8,0.3,0,0,0,0,17-AUG-2016,
OPTIDX,NIFTY,31-Dec-2020,4900,PE,0,0,0,30.75,0.4,0,0,0,0,17-AUG-2016,
OPTIDX,NIFTY,31-Dec-2020,5000,PE,0,0,0,18.95,0.5,0,0,0,0,17-AUG-2016,
OPTIDX,NIFTY,31-Dec-2020,5100,PE,0,0,0,22.1,0.65,0,0,0,0,17-AUG-2016,
OPTIDX,NIFTY,31-Dec-2020,5200,PE,0,0,0,34.15,0.85,0,0,0,0,17-AUG-2016,
OPTIDX,NIFTY,31-Dec-2020,5300,PE,0,0,0,13.65,1.05,0,0,0,0,17-AUG-2016,
OPTIDX,NIFTY,31-Dec-2020,5400,PE,0,0,0,20.55,1.35,0,0,0,0,17-AUG-2016,
OPTIDX,NIFTY,31-Dec-2020,5500,PE,0,0,0,6.95,1.7,0,0,0,0,17-AUG-2016,
OPTIDX,NIFTY,31-Dec-2020,5600,PE,0,0,0,8.2,2.1,0,0,0,0,17-AUG-2016,
OPTIDX,NIFTY,31-Dec-2020,5700,PE,0,0,0,9.7,2.6,0,0,0,0,17-AUG-2016,
OPTIDX,NIFTY,31-Dec-2020,5800,PE,0,0,0,11.35,3.2,0,0,0,0,17-AUG-2016,
OPTIDX,NIFTY,31-Dec-2020,5900,PE,0,0,0,13.25,3.85,0,0,0,0,17-AUG-2016,
OPTIDX,NIFTY,31-Dec-2020,6000,PE,0,0,0,15.35,4.7,0,0,0,0,17-AUG-2016,
OPTIDX,NIFTY,31-Dec-2020,6100,PE,0,0,0,17.7,5.65,0,0,0,0,17-AUG-2016,
OPTIDX,NIFTY,31-Dec-2020,6200,PE,0,0,0,20.35,6.75,0,0,0,0,17-AUG-2016,
OPTIDX,NIFTY,31-Dec-2020,6300,PE,0,0,0,23.35,8.05,0,0,0,0,17-AUG-2016,
OPTIDX,NIFTY,31-Dec-2020,6400,PE,0,0,0,26.6,9.55,0,0,0,0,17-AUG-2016,
OPTIDX,NIFTY,31-Dec-2020,6500,PE,0,0,0,30.2,11.25,0,0,0,0,17-AUG-2016,
OPTIDX,NIFTY,31-Dec-2020,6600,PE,0,0,0,34.2,13.15,0,0,0,0,17-AUG-2016,
OPTIDX,NIFTY,31-Dec-2020,6700,PE,0,0,0,38.55,15.35,0,0,0,0,17-AUG-2016,
OPTIDX,NIFTY,31-Dec-2020,6800,PE,0,0,0,43.3,17.85,0,0,0,0,17-AUG-2016,
OPTIDX,NIFTY,31-Dec-2020,6900,PE,0,0,0,48.5,20.6,0,0,0,0,17-AUG-2016,
OPTIDX,NIFTY,31-Dec-2020,7000,PE,0,0,0,54.15,23.7,0,0,0,0,17-AUG-2016,
OPTIDX,NIFTY,31-Dec-2020,7100,PE,0,0,0,60.3,27.2,0,0,0,0,17-AUG-2016,
OPTIDX,NIFTY,31-Dec-2020,7200,PE,0,0,0,66.9,31.05,0,0,0,0,17-AUG-2016,
OPTIDX,NIFTY,31-Dec-2020,7300,PE,0,0,0,74.05,35.3,0,0,0,0,17-AUG-2016,
OPTIDX,NIFTY,31-Dec-2020,7400,PE,0,0,0,81.7,40,0,0,0,0,17-AUG-2016,
OPTIDX,NIFTY,31-Dec-2020,7500,PE,0,0,0,89.9,45.2,0,0,0,0,17-AUG-2016,
OPTIDX,NIFTY,31-Dec-2020,7600,PE,0,0,0,98.7,50.85,0,0,0,0,17-AUG-2016,
OPTIDX,NIFTY,31-Dec-2020,7700,PE,0,0,0,108.1,57,0,0,0,0,17-AUG-2016,
OPTIDX,NIFTY,31-Dec-2020,7800,PE,0,0,0,118.15,63.75,0,0,0,0,17-AUG-2016,
OPTIDX,NIFTY,31-Dec-2020,7900,PE,0,0,0,128.75,71.05,0,0,0,0,17-AUG-2016,
OPTIDX,NIFTY,31-Dec-2020,8000,PE,0,0,0,140.05,78.95,0,0,0,0,17-AUG-2016,
OPTIDX,NIFTY,31-Dec-2020,8100,PE,0,0,0,152,87.5,0,0,0,0,17-AUG-2016,
OPTIDX,NIFTY,31-Dec-2020,8200,PE,0,0,0,164.65,96.7,0,0,0,0,17-AUG-2016,
OPTIDX,NIFTY,31-Dec-2020,8300,PE,0,0,0,178,106.6,0,0,0,0,17-AUG-2016,
OPTIDX,NIFTY,31-Dec-2020,8400,PE,0,0,0,192.05,117.2,0,0,0,0,17-AUG-2016,
OPTIDX,NIFTY,31-Dec-2020,8500,PE,0,0,0,206.8,128.5,0,0,0,0,17-AUG-2016,
OPTIDX,NIFTY,31-Dec-2020,8600,PE,0,0,0,222.3,140.55,0,0,0,0,17-AUG-2016,
OPTIDX,NIFTY,31-Dec-2020,8700,PE,0,0,0,238.55,153.45,0,0,0,0,17-AUG-2016,
OPTIDX,NIFTY,31-Dec-2020,8800,PE,0,0,0,255.55,167.1,0,0,0,0,17-AUG-2016,
OPTIDX,NIFTY,31-Dec-2020,8900,PE,0,0,0,273.55,181.55,0,0,0,0,17-AUG-2016,
OPTIDX,NIFTY,31-Dec-2020,9000,PE,0,0,0,243.35,196.85,0,0,75,0,17-AUG-2016,
OPTIDX,NIFTY,31-Dec-2020,9100,PE,0,0,0,311.4,213.05,0,0,0,0,17-AUG-2016,
OPTIDX,NIFTY,31-Dec-2020,9200,PE,0,0,0,331.55,230.05,0,0,0,0,17-AUG-2016,
OPTIDX,NIFTY,31-Dec-2020,9300,PE,0,0,0,352.45,248,0,0,0,0,17-AUG-2016,
OPTIDX,NIFTY,31-Dec-2020,9400,PE,0,0,0,374.15,267.1,0,0,0,0,17-AUG-2016,
OPTIDX,NIFTY,31-Dec-2020,9500,PE,0,0,0,396.65,286.85,0,0,0,0,17-AUG-2016,
OPTIDX,NIFTY,31-Dec-2020,9600,PE,0,0,0,420,307.5,0,0,0,0,17-AUG-2016,
OPTIDX,NIFTY,31-Dec-2020,9700,PE,0,0,0,444.15,329.1,0,0,0,0,17-AUG-2016,
OPTIDX,NIFTY,31-Dec-2020,9800,PE,0,0,0,468.8,351.65,0,0,0,0,17-AUG-2016,
OPTIDX,NIFTY,31-Dec-2020,9900,PE,0,0,0,494.65,375.2,0,0,0,0,17-AUG-2016,
OPTIDX,NIFTY,31-Dec-2020,10000,PE,0,0,0,521.25,399.65,0,0,0,0,17-AUG-2016,
OPTIDX,NIFTY,31-Dec-2020,10100,PE,0,0,0,548.75,424.8,0,0,0,0,17-AUG-2016,
OPTIDX,NIFTY,31-Dec-2020,10200,PE,0,0,0,577,451.3,0,0,0,0,17-AUG-2016,
OPTIDX,NIFTY,31-Dec-2020,10300,PE,0,0,0,606.1,478.75,0,0,0,0,17-AUG-2016,
OPTIDX,NIFTY,31-Dec-2020,10400,PE,0,0,0,602.8,507.25,0,0,0,0,17-AUG-2016,
OPTIDX,NIFTY,31-Dec-2020,10500,PE,0,0,0,1053.45,536.7,0,0,0,0,17-AUG-2016,
OPTIDX,NIFTY,31-Dec-2020,10600,PE,0,0,0,1058.9,567.1,0,0,0,0,17-AUG-2016,
OPTIDX,NIFTY,31-Dec-2020,10700,PE,0,0,0,863.65,598.55,0,0,0,0,17-AUG-2016,
OPTIDX,NIFTY,31-Dec-2020,10800,PE,0,0,0,864.85,630.95,0,0,0,0,17-AUG-2016,
OPTIDX,NIFTY,31-Dec-2020,10900,PE,0,0,0,907.1,664.3,0,0,0,0,17-AUG-2016,
OPTIDX,NIFTY,31-Dec-2020,11000,PE,0,0,0,847.55,698.65,0,0,0,0,17-AUG-2016,
OPTIDX,NIFTY,31-Dec-2020,11100,PE,0,0,0,716.35,733.95,0,0,0,0,17-AUG-2016,
OPTIDX,NIFTY,24-Jun-2021,5900,CE,0,0,0,4184.45,4407.6,0,0,0,0,17-AUG-2016,
OPTIDX,NIFTY,24-Jun-2021,6000,CE,0,0,0,4117.95,4336.9,0,0,0,0,17-AUG-2016,
OPTIDX,NIFTY,24-Jun-2021,6100,CE,0,0,0,4051.85,4266.35,0,0,0,0,17-AUG-2016,
OPTIDX,NIFTY,24-Jun-2021,6200,CE,0,0,0,3986.05,4195.9,0,0,0,0,17-AUG-2016,
OPTIDX,NIFTY,24-Jun-2021,6300,CE,0,0,0,3920.65,4125.65,0,0,0,0,17-AUG-2016,
OPTIDX,NIFTY,24-Jun-2021,6400,CE,0,0,0,3855.6,4055.55,0,0,0,0,17-AUG-2016,
OPTIDX,NIFTY,24-Jun-2021,6500,CE,0,0,0,3791,3985.7,0,0,0,0,17-AUG-2016,
OPTIDX,NIFTY,24-Jun-2021,6600,CE,0,0,0,3726.85,3916,0,0,0,0,17-AUG-2016,
OPTIDX,NIFTY,24-Jun-2021,6700,CE,0,0,0,3663.1,3846.6,0,0,0,0,17-AUG-2016,
OPTIDX,NIFTY,24-Jun-2021,6800,CE,0,0,0,3599.8,3777.4,0,0,0,0,17-AUG-2016,
OPTIDX,NIFTY,24-Jun-2021,6900,CE,0,0,0,3537,3708.5,0,0,0,0,17-AUG-2016,
OPTIDX,NIFTY,24-Jun-2021,7000,CE,0,0,0,3474.7,3639.9,0,0,0,0,17-AUG-2016,
OPTIDX,NIFTY,24-Jun-2021,7100,CE,0,0,0,3412.9,3571.65,0,0,0,0,17-AUG-2016,
OPTIDX,NIFTY,24-Jun-2021,7200,CE,0,0,0,3351.6,3503.7,0,0,0,0,17-AUG-2016,
OPTIDX,NIFTY,24-Jun-2021,7300,CE,0,0,0,3290.9,3436.15,0,0,0,0,17-AUG-2016,
OPTIDX,NIFTY,24-Jun-2021,7400,CE,0,0,0,3230.7,3368.95,0,0,0,0,17-AUG-2016,
OPTIDX,NIFTY,24-Jun-2021,7500,CE,0,0,0,3171.1,3302.2,0,0,0,0,17-AUG-2016,
OPTIDX,NIFTY,24-Jun-2021,7600,CE,0,0,0,3112.1,3235.9,0,0,0,0,17-AUG-2016,
OPTIDX,NIFTY,24-Jun-2021,7700,CE,0,0,0,3053.65,3170,0,0,0,0,17-AUG-2016,
OPTIDX,NIFTY,24-Jun-2021,7800,CE,0,0,0,2995.85,3104.65,0,0,0,0,17-AUG-2016,
OPTIDX,NIFTY,24-Jun-2021,7900,CE,0,0,0,2938.65,3039.75,0,0,0,0,17-AUG-2016,
OPTIDX,NIFTY,24-Jun-2021,8000,CE,0,0,0,2882.1,2975.45,0,0,0,0,17-AUG-2016,
OPTIDX,NIFTY,24-Jun-2021,8100,CE,0,0,0,2826.2,2911.65,0,0,0,0,17-AUG-2016,
OPTIDX,NIFTY,24-Jun-2021,8200,CE,0,0,0,2770.9,2848.45,0,0,0,0,17-AUG-2016,
OPTIDX,NIFTY,24-Jun-2021,8300,CE,0,0,0,2716.3,2785.8,0,0,0,0,17-AUG-2016,
OPTIDX,NIFTY,24-Jun-2021,8400,CE,0,0,0,2662.4,2723.8,0,0,0,0,17-AUG-2016,
OPTIDX,NIFTY,24-Jun-2021,8500,CE,0,0,0,2609.1,2662.45,0,0,0,0,17-AUG-2016,
OPTIDX,NIFTY,24-Jun-2021,8600,CE,0,0,0,2556.8,2601.75,0,0,0,0,17-AUG-2016,
OPTIDX,NIFTY,24-Jun-2021,8700,CE,0,0,0,2504.9,2541.75,0,0,0,0,17-AUG-2016,
OPTIDX,NIFTY,24-Jun-2021,8800,CE,0,0,0,2453.7,2482.4,0,0,0,0,17-AUG-2016,
OPTIDX,NIFTY,24-Jun-2021,8900,CE,0,0,0,2403.2,2423.8,0,0,0,0,17-AUG-2016,
OPTIDX,NIFTY,24-Jun-2021,9000,CE,0,0,0,2353.4,2365.95,0,0,0,0,17-AUG-2016,
OPTIDX,NIFTY,24-Jun-2021,9100,CE,0,0,0,2304.3,2308.85,0,0,0,0,17-AUG-2016,
OPTIDX,NIFTY,24-Jun-2021,9200,CE,0,0,0,2255.95,2252.5,0,0,0,0,17-AUG-2016,
OPTIDX,NIFTY,24-Jun-2021,9300,CE,0,0,0,2208.3,2196.95,0,0,0,0,17-AUG-2016,
OPTIDX,NIFTY,24-Jun-2021,9400,CE,0,0,0,2161.35,2142.15,0,0,0,0,17-AUG-2016,
OPTIDX,NIFTY,24-Jun-2021,9500,CE,0,0,0,2115.15,2088.2,0,0,0,0,17-AUG-2016,
OPTIDX,NIFTY,24-Jun-2021,9600,CE,0,0,0,2069.65,2035.3,0,0,0,0,17-AUG-2016,
OPTIDX,NIFTY,24-Jun-2021,9700,CE,0,0,0,2024.9,1982.95,0,0,0,0,17-AUG-2016,
OPTIDX,NIFTY,24-Jun-2021,9800,CE,0,0,0,1980.85,1931.45,0,0,0,0,17-AUG-2016,
OPTIDX,NIFTY,24-Jun-2021,9900,CE,0,0,0,1937.55,1880.8,0,0,0,0,17-AUG-2016,
OPTIDX,NIFTY,24-Jun-2021,10000,CE,0,0,0,1894.65,1831,0,0,0,0,17-AUG-2016,
OPTIDX,NIFTY,24-Jun-2021,10100,CE,0,0,0,1852.8,1782.05,0,0,0,0,17-AUG-2016,
OPTIDX,NIFTY,24-Jun-2021,10200,CE,0,0,0,1811.65,1734,0,0,0,0,17-AUG-2016,
OPTIDX,NIFTY,24-Jun-2021,10300,CE,0,0,0,1771.25,1686.8,0,0,0,0,17-AUG-2016,
OPTIDX,NIFTY,24-Jun-2021,10400,CE,0,0,0,1731.55,1640.15,0,0,0,0,17-AUG-2016,
OPTIDX,NIFTY,24-Jun-2021,10500,CE,0,0,0,1692.55,1594.75,0,0,0,0,17-AUG-2016,
OPTIDX,NIFTY,24-Jun-2021,10600,CE,0,0,0,1654.25,1550.25,0,0,0,0,17-AUG-2016,
OPTIDX,NIFTY,24-Jun-2021,10700,CE,0,0,0,1616.65,1506.65,0,0,0,0,17-AUG-2016,
OPTIDX,NIFTY,24-Jun-2021,10800,CE,0,0,0,1571.25,1463.9,0,0,0,0,17-AUG-2016,
OPTIDX,NIFTY,24-Jun-2021,10900,CE,0,0,0,1599.65,1422.05,0,0,0,0,17-AUG-2016,
OPTIDX,NIFTY,24-Jun-2021,11000,CE,0,0,0,1545.55,1381.1,0,0,0,0,17-AUG-2016,
OPTIDX,NIFTY,24-Jun-2021,11100,CE,0,0,0,1418.05,1341,0,0,0,0,17-AUG-2016,
OPTIDX,NIFTY,24-Jun-2021,5900,PE,0,0,0,27.3,4.15,0,0,0,0,17-AUG-2016,
OPTIDX,NIFTY,24-Jun-2021,6000,PE,0,0,0,30.85,5,0,0,0,0,17-AUG-2016,
OPTIDX,NIFTY,24-Jun-2021,6100,PE,0,0,0,34.75,5.95,0,0,0,0,17-AUG-2016,
OPTIDX,NIFTY,24-Jun-2021,6200,PE,0,0,0,38.95,7.05,0,0,0,0,17-AUG-2016,
OPTIDX,NIFTY,24-Jun-2021,6300,PE,0,0,0,43.55,8.3,0,0,0,0,17-AUG-2016,
OPTIDX,NIFTY,24-Jun-2021,6400,PE,0,0,0,48.55,9.75,0,0,0,0,17-AUG-2016,
OPTIDX,NIFTY,24-Jun-2021,6500,PE,0,0,0,53.95,11.4,0,0,0,0,17-AUG-2016,
OPTIDX,NIFTY,24-Jun-2021,6600,PE,0,0,0,59.8,13.3,0,0,0,0,17-AUG-2016,
OPTIDX,NIFTY,24-Jun-2021,6700,PE,0,0,0,66.05,15.4,0,0,0,0,17-AUG-2016,
OPTIDX,NIFTY,24-Jun-2021,6800,PE,0,0,0,72.8,17.75,0,0,0,0,17-AUG-2016,
OPTIDX,NIFTY,24-Jun-2021,6900,PE,0,0,0,80,20.4,0,0,0,0,17-AUG-2016,
OPTIDX,NIFTY,24-Jun-2021,7000,PE,0,0,0,87.7,23.35,0,0,0,0,17-AUG-2016,
OPTIDX,NIFTY,24-Jun-2021,7100,PE,0,0,0,95.9,26.6,0,0,0,0,17-AUG-2016,
OPTIDX,NIFTY,24-Jun-2021,7200,PE,0,0,0,104.65,30.2,0,0,0,0,17-AUG-2016,
OPTIDX,NIFTY,24-Jun-2021,7300,PE,0,0,0,113.95,34.15,0,0,0,0,17-AUG-2016,
OPTIDX,NIFTY,24-Jun-2021,7400,PE,0,0,0,123.75,38.55,0,0,0,0,17-AUG-2016,
OPTIDX,NIFTY,24-Jun-2021,7500,PE,0,0,0,134.15,43.3,0,0,0,0,17-AUG-2016,
OPTIDX,NIFTY,24-Jun-2021,7600,PE,0,0,0,145.15,48.5,0,0,0,0,17-AUG-2016,
OPTIDX,NIFTY,24-Jun-2021,7700,PE,0,0,0,156.75,54.2,0,0,0,0,17-AUG-2016,
OPTIDX,NIFTY,24-Jun-2021,7800,PE,0,0,0,168.95,60.35,0,0,0,0,17-AUG-2016,
OPTIDX,NIFTY,24-Jun-2021,7900,PE,0,0,0,181.75,67,0,0,0,0,17-AUG-2016,
OPTIDX,NIFTY,24-Jun-2021,8000,PE,0,0,0,195.2,74.2,0,0,0,0,17-AUG-2016,
OPTIDX,NIFTY,24-Jun-2021,8100,PE,0,0,0,209.3,81.95,0,0,0,0,17-AUG-2016,
OPTIDX,NIFTY,24-Jun-2021,8200,PE,0,0,0,224.05,90.25,0,0,0,0,17-AUG-2016,
OPTIDX,NIFTY,24-Jun-2021,8300,PE,0,0,0,239.45,99.2,0,0,0,0,17-AUG-2016,
OPTIDX,NIFTY,24-Jun-2021,8400,PE,0,0,0,255.55,108.7,0,0,0,0,17-AUG-2016,
OPTIDX,NIFTY,24-Jun-2021,8500,PE,0,0,0,272.3,118.9,0,0,0,0,17-AUG-2016,
OPTIDX,NIFTY,24-Jun-2021,8600,PE,0,0,0,290,129.75,0,0,0,0,17-AUG-2016,
OPTIDX,NIFTY,24-Jun-2021,8700,PE,0,0,0,308.1,141.25,0,0,0,0,17-AUG-2016,
OPTIDX,NIFTY,24-Jun-2021,8800,PE,0,0,0,326.9,153.45,0,0,0,0,17-AUG-2016,
OPTIDX,NIFTY,24-Jun-2021,8900,PE,0,0,0,346.4,166.4,0,0,0,0,17-AUG-2016,
OPTIDX,NIFTY,24-Jun-2021,9000,PE,0,0,0,366.6,180.1,0,0,0,0,17-AUG-2016,
OPTIDX,NIFTY,24-Jun-2021,9100,PE,0,0,0,387.55,194.5,0,0,0,0,17-AUG-2016,
OPTIDX,NIFTY,24-Jun-2021,9200,PE,0,0,0,409.2,209.7,0,0,0,0,17-AUG-2016,
OPTIDX,NIFTY,24-Jun-2021,9300,PE,0,0,0,431.55,225.65,0,0,0,0,17-AUG-2016,
OPTIDX,NIFTY,24-Jun-2021,9400,PE,0,0,0,454.6,242.4,0,0,0,0,17-AUG-2016,
OPTIDX,NIFTY,24-Jun-2021,9500,PE,0,0,0,478.45,260,0,0,0,0,17-AUG-2016,
OPTIDX,NIFTY,24-Jun-2021,9600,PE,0,0,0,502.95,278.6,0,0,0,0,17-AUG-2016,
OPTIDX,NIFTY,24-Jun-2021,9700,PE,0,0,0,528.2,297.8,0,0,0,0,17-AUG-2016,
OPTIDX,NIFTY,24-Jun-2021,9800,PE,0,0,0,554.15,317.85,0,0,0,0,17-AUG-2016,
OPTIDX,NIFTY,24-Jun-2021,9900,PE,0,0,0,580.85,338.7,0,0,0,0,17-AUG-2016,
OPTIDX,NIFTY,24-Jun-2021,10000,PE,0,0,0,607.95,360.45,0,0,0,0,17-AUG-2016,
OPTIDX,NIFTY,24-Jun-2021,10100,PE,0,0,0,636.15,383.05,0,0,0,0,17-AUG-2016,
OPTIDX,NIFTY,24-Jun-2021,10200,PE,0,0,0,665,406.5,0,0,0,0,17-AUG-2016,
OPTIDX,NIFTY,24-Jun-2021,10300,PE,0,0,0,694.6,430.85,0,0,0,0,17-AUG-2016,
OPTIDX,NIFTY,24-Jun-2021,10400,PE,0,0,0,724.9,455.75,0,0,0,0,17-AUG-2016,
OPTIDX,NIFTY,24-Jun-2021,10500,PE,0,0,0,755.95,481.9,0,0,0,0,17-AUG-2016,
OPTIDX,NIFTY,24-Jun-2021,10600,PE,0,0,0,787.65,508.95,0,0,0,0,17-AUG-2016,
OPTIDX,NIFTY,24-Jun-2021,10700,PE,0,0,0,820.05,536.85,0,0,0,0,17-AUG-2016,
OPTIDX,NIFTY,24-Jun-2021,10800,PE,0,0,0,794.05,565.65,0,0,0,0,17-AUG-2016,
OPTIDX,NIFTY,24-Jun-2021,10900,PE,0,0,0,836.45,595.35,0,0,0,0,17-AUG-2016,
OPTIDX,NIFTY,24-Jun-2021,11000,PE,0,0,0,775.85,625.9,0,0,0,0,17-AUG-2016,
OPTIDX,NIFTY,24-Jun-2021,11100,PE,0,0,0,642.8,657.35,0,0,0,0,17-AUG-2016,
OPTIDX,NIFTYINFRA,25-Aug-2016,2100,CE,0,0,0,689.3,817.65,0,0,0,0,17-AUG-2016,
OPTIDX,NIFTYINFRA,25-Aug-2016,2200,CE,0,0,0,595.65,717.8,0,0,0,0,17-AUG-2016,
OPTIDX,NIFTYINFRA,25-Aug-2016,2300,CE,0,0,0,505.65,617.95,0,0,0,0,17-AUG-2016,
OPTIDX,NIFTYINFRA,25-Aug-2016,2400,CE,0,0,0,421,518.1,0,0,0,0,17-AUG-2016,
OPTIDX,NIFTYINFRA,25-Aug-2016,2500,CE,0,0,0,343.2,418.25,0,0,0,0,17-AUG-2016,
OPTIDX,NIFTYINFRA,25-Aug-2016,2600,CE,0,0,0,273.65,318.4,0,0,0,0,17-AUG-2016,
OPTIDX,NIFTYINFRA,25-Aug-2016,2700,CE,0,0,0,213.35,218.55,0,0,0,0,17-AUG-2016,
OPTIDX,NIFTYINFRA,25-Aug-2016,2800,CE,0,0,0,162.6,119.85,0,0,0,0,17-AUG-2016,
OPTIDX,NIFTYINFRA,25-Aug-2016,2900,CE,0,0,0,121.2,38.15,0,0,0,0,17-AUG-2016,
OPTIDX,NIFTYINFRA,25-Aug-2016,3000,CE,0,0,0,88.35,4.45,0,0,0,0,17-AUG-2016,
OPTIDX,NIFTYINFRA,25-Aug-2016,3100,CE,0,0,0,63.2,0.15,0,0,0,0,17-AUG-2016,
OPTIDX,NIFTYINFRA,25-Aug-2016,3200,CE,0,0,0,44.15,0,0,0,0,0,17-AUG-2016,
OPTIDX,NIFTYINFRA,25-Aug-2016,3300,CE,0,0,0,30.3,0,0,0,0,0,17-AUG-2016,
OPTIDX,NIFTYINFRA,25-Aug-2016,3400,CE,0,0,0,17.65,0,0,0,0,0,17-AUG-2016,
OPTIDX,NIFTYINFRA,25-Aug-2016,3500,CE,0,0,0,2.15,0,0,0,0,0,17-AUG-2016,
OPTIDX,NIFTYINFRA,25-Aug-2016,3600,CE,0,0,0,0.05,0,0,0,0,0,17-AUG-2016,
OPTIDX,NIFTYINFRA,25-Aug-2016,2100,PE,0,0,0,3.75,0,0,0,0,0,17-AUG-2016,
OPTIDX,NIFTYINFRA,25-Aug-2016,2200,PE,0,0,0,8.3,0,0,0,0,0,17-AUG-2016,
OPTIDX,NIFTYINFRA,25-Aug-2016,2300,PE,0,0,0,16.55,0,0,0,0,0,17-AUG-2016,
OPTIDX,NIFTYINFRA,25-Aug-2016,2400,PE,0,0,0,30.05,0,0,0,0,0,17-AUG-2016,
OPTIDX,NIFTYINFRA,25-Aug-2016,2500,PE,0,0,0,50.5,0,0,0,0,0,17-AUG-2016,
OPTIDX,NIFTYINFRA,25-Aug-2016,2600,PE,0,0,0,79.15,0,0,0,0,0,17-AUG-2016,
OPTIDX,NIFTYINFRA,25-Aug-2016,2700,PE,0,0,0,117.1,0.05,0,0,0,0,17-AUG-2016,
OPTIDX,NIFTYINFRA,25-Aug-2016,2800,PE,0,0,0,164.55,1.15,0,0,0,0,17-AUG-2016,
OPTIDX,NIFTYINFRA,25-Aug-2016,2900,PE,0,0,0,221.35,19.3,0,0,0,0,17-AUG-2016,
OPTIDX,NIFTYINFRA,25-Aug-2016,3000,PE,0,0,0,286.75,85.45,0,0,0,0,17-AUG-2016,
OPTIDX,NIFTYINFRA,25-Aug-2016,3100,PE,0,0,0,359.8,181,0,0,0,0,17-AUG-2016,
OPTIDX,NIFTYINFRA,25-Aug-2016,3200,PE,0,0,0,439,280.75,0,0,0,0,17-AUG-2016,
OPTIDX,NIFTYINFRA,25-Aug-2016,3300,PE,0,0,0,523.35,380.6,0,0,0,0,17-AUG-2016,
OPTIDX,NIFTYINFRA,25-Aug-2016,3400,PE,0,0,0,603.1,480.45,0,0,0,0,17-AUG-2016,
OPTIDX,NIFTYINFRA,25-Aug-2016,3500,PE,0,0,0,583.75,580.3,0,0,0,0,17-AUG-2016,
OPTIDX,NIFTYINFRA,25-Aug-2016,3600,PE,0,0,0,616.05,680.15,0,0,0,0,17-AUG-2016,
OPTIDX,NIFTYINFRA,29-Sep-2016,2200,CE,0,0,0,685.55,732.35,0,0,0,0,17-AUG-2016,
OPTIDX,NIFTYINFRA,29-Sep-2016,2300,CE,0,0,0,589.15,633.15,0,0,0,0,17-AUG-2016,
OPTIDX,NIFTYINFRA,29-Sep-2016,2400,CE,0,0,0,495.15,533.95,0,0,0,0,17-AUG-2016,
OPTIDX,NIFTYINFRA,29-Sep-2016,2500,CE,0,0,0,405.45,434.85,0,0,0,0,17-AUG-2016,
OPTIDX,NIFTYINFRA,29-Sep-2016,2600,CE,0,0,0,322.25,336.3,0,0,0,0,17-AUG-2016,
OPTIDX,NIFTYINFRA,29-Sep-2016,2700,CE,0,0,0,247.75,240.65,0,0,0,0,17-AUG-2016,
OPTIDX,NIFTYINFRA,29-Sep-2016,2800,CE,0,0,0,183.95,153.95,0,0,0,0,17-AUG-2016,
OPTIDX,NIFTYINFRA,29-Sep-2016,2900,CE,0,0,0,131.7,84.8,0,0,0,0,17-AUG-2016,
OPTIDX,NIFTYINFRA,29-Sep-2016,3000,CE,0,0,0,90.85,39,0,0,0,0,17-AUG-2016,
OPTIDX,NIFTYINFRA,29-Sep-2016,3100,CE,0,0,0,60.4,14.75,0,0,0,0,17-AUG-2016,
OPTIDX,NIFTYINFRA,29-Sep-2016,3200,CE,0,0,0,38.75,4.55,0,0,0,0,17-AUG-2016,
OPTIDX,NIFTYINFRA,29-Sep-2016,3300,CE,0,0,0,24,1.15,0,0,0,0,17-AUG-2016,
OPTIDX,NIFTYINFRA,29-Sep-2016,3400,CE,0,0,0,14.4,0.25,0,0,0,0,17-AUG-2016,
OPTIDX,NIFTYINFRA,29-Sep-2016,3500,CE,0,0,0,10,0.05,0,0,0,0,17-AUG-2016,
OPTIDX,NIFTYINFRA,29-Sep-2016,3600,CE,0,0,0,1.75,0.05,0,0,0,0,17-AUG-2016,
OPTIDX,NIFTYINFRA,29-Sep-2016,2200,PE,0,0,0,0.95,0,0,0,0,0,17-AUG-2016,
OPTIDX,NIFTYINFRA,29-Sep-2016,2300,PE,0,0,0,2.8,0,0,0,0,0,17-AUG-2016,
OPTIDX,NIFTYINFRA,29-Sep-2016,2400,PE,0,0,0,7.05,0,0,0,0,0,17-AUG-2016,
OPTIDX,NIFTYINFRA,29-Sep-2016,2500,PE,0,0,0,15.55,0.1,0,0,0,0,17-AUG-2016,
OPTIDX,NIFTYINFRA,29-Sep-2016,2600,PE,0,0,0,30.6,0.75,0,0,0,0,17-AUG-2016,
OPTIDX,NIFTYINFRA,29-Sep-2016,2700,PE,0,0,0,54.35,4.3,0,0,0,0,17-AUG-2016,
OPTIDX,NIFTYINFRA,29-Sep-2016,2800,PE,0,0,0,88.8,16.75,0,0,0,0,17-AUG-2016,
OPTIDX,NIFTYINFRA,29-Sep-2016,2900,PE,0,0,0,134.75,46.8,0,0,0,0,17-AUG-2016,
OPTIDX,NIFTYINFRA,29-Sep-2016,3000,PE,0,0,0,192.15,100.2,0,0,0,0,17-AUG-2016,
OPTIDX,NIFTYINFRA,29-Sep-2016,3100,PE,0,0,0,259.9,175.15,0,0,0,0,17-AUG-2016,
OPTIDX,NIFTYINFRA,29-Sep-2016,3200,PE,0,0,0,336.55,264.15,0,0,0,0,17-AUG-2016,
OPTIDX,NIFTYINFRA,29-Sep-2016,3300,PE,0,0,0,420,359.95,0,0,0,0,17-AUG-2016,
OPTIDX,NIFTYINFRA,29-Sep-2016,3400,PE,0,0,0,508.6,458.2,0,0,0,0,17-AUG-2016,
OPTIDX,NIFTYINFRA,29-Sep-2016,3500,PE,0,0,0,568,557.2,0,0,0,0,17-AUG-2016,
OPTIDX,NIFTYINFRA,29-Sep-2016,3600,PE,0,0,0,593.8,656.4,0,0,0,0,17-AUG-2016,
OPTIDX,NIFTYINFRA,27-Oct-2016,2300,CE,0,0,0,667.35,645.2,0,0,0,0,17-AUG-2016,
OPTIDX,NIFTYINFRA,27-Oct-2016,2400,CE,0,0,0,621.25,546.6,0,0,0,0,17-AUG-2016,
OPTIDX,NIFTYINFRA,27-Oct-2016,2500,CE,0,0,0,524.3,448.45,0,0,0,0,17-AUG-2016,
OPTIDX,NIFTYINFRA,27-Oct-2016,2600,CE,0,0,0,429.6,352.05,0,0,0,0,17-AUG-2016,
OPTIDX,NIFTYINFRA,27-Oct-2016,2700,CE,0,0,0,339.55,260.35,0,0,0,0,17-AUG-2016,
OPTIDX,NIFTYINFRA,27-Oct-2016,2800,CE,0,0,0,257.1,178.3,0,0,0,0,17-AUG-2016,
OPTIDX,NIFTYINFRA,27-Oct-2016,2900,CE,0,0,0,185.35,111.35,0,0,0,0,17-AUG-2016,
OPTIDX,NIFTYINFRA,27-Oct-2016,3000,CE,0,0,0,126.75,62.65,0,0,0,0,17-AUG-2016,
OPTIDX,NIFTYINFRA,27-Oct-2016,3100,CE,0,0,0,81.9,31.65,0,0,0,0,17-AUG-2016,
OPTIDX,NIFTYINFRA,27-Oct-2016,3200,CE,0,0,0,49.95,14.15,0,0,0,0,17-AUG-2016,
OPTIDX,NIFTYINFRA,27-Oct-2016,3300,CE,0,0,0,28.85,5.7,0,0,0,0,17-AUG-2016,
OPTIDX,NIFTYINFRA,27-Oct-2016,3400,CE,0,0,0,15.7,2.05,0,0,0,0,17-AUG-2016,
OPTIDX,NIFTYINFRA,27-Oct-2016,3500,CE,0,0,0,8.1,0.65,0,0,0,0,17-AUG-2016,
OPTIDX,NIFTYINFRA,27-Oct-2016,3600,CE,0,0,0,3.95,0.2,0,0,0,0,17-AUG-2016,
OPTIDX,NIFTYINFRA,27-Oct-2016,2300,PE,0,0,0,0.2,0.05,0,0,0,0,17-AUG-2016,
OPTIDX,NIFTYINFRA,27-Oct-2016,2400,PE,0,0,0,0.5,0.1,0,0,0,0,17-AUG-2016,
OPTIDX,NIFTYINFRA,27-Oct-2016,2500,PE,0,0,0,1.85,0.65,0,0,0,0,17-AUG-2016,
OPTIDX,NIFTYINFRA,27-Oct-2016,2600,PE,0,0,0,5.45,2.85,0,0,0,0,17-AUG-2016,
OPTIDX,NIFTYINFRA,27-Oct-2016,2700,PE,0,0,0,13.65,9.85,0,0,0,0,17-AUG-2016,
OPTIDX,NIFTYINFRA,27-Oct-2016,2800,PE,0,0,0,29.5,26.5,0,0,0,0,17-AUG-2016,
OPTIDX,NIFTYINFRA,27-Oct-2016,2900,PE,0,0,0,56.05,58.15,0,0,0,0,17-AUG-2016,
OPTIDX,NIFTYINFRA,27-Oct-2016,3000,PE,0,0,0,95.7,108.15,0,0,0,0,17-AUG-2016,
OPTIDX,NIFTYINFRA,27-Oct-2016,3100,PE,0,0,0,149.15,175.8,0,0,0,0,17-AUG-2016,
OPTIDX,NIFTYINFRA,27-Oct-2016,3200,PE,0,0,0,215.5,257,0,0,0,0,17-AUG-2016,
OPTIDX,NIFTYINFRA,27-Oct-2016,3300,PE,0,0,0,292.65,347.2,0,0,0,0,17-AUG-2016,
OPTIDX,NIFTYINFRA,27-Oct-2016,3400,PE,0,0,0,377.8,442.2,0,0,0,0,17-AUG-2016,
OPTIDX,NIFTYINFRA,27-Oct-2016,3500,PE,0,0,0,468.5,539.5,0,0,0,0,17-AUG-2016,
OPTIDX,NIFTYINFRA,27-Oct-2016,3600,PE,0,0,0,562.6,637.7,0,0,0,0,17-AUG-2016,
OPTIDX,NIFTYIT,25-Aug-2016,9100,CE,0,0,0,1710,1722.4,0,0,50,0,17-AUG-2016,
OPTIDX,NIFTYIT,25-Aug-2016,9200,CE,0,0,0,1594.35,1622.55,0,0,0,0,17-AUG-2016,
OPTIDX,NIFTYIT,25-Aug-2016,9300,CE,0,0,0,1695.6,1522.7,0,0,0,0,17-AUG-2016,
OPTIDX,NIFTYIT,25-Aug-2016,9400,CE,0,0,0,1721.5,1422.85,0,0,0,0,17-AUG-2016,
OPTIDX,NIFTYIT,25-Aug-2016,9500,CE,0,0,0,1625.25,1323,0,0,0,0,17-AUG-2016,
OPTIDX,NIFTYIT,25-Aug-2016,9600,CE,0,0,0,1771.1,1223.15,0,0,0,0,17-AUG-2016,
OPTIDX,NIFTYIT,25-Aug-2016,9700,CE,0,0,0,1826.95,1123.3,0,0,0,0,17-AUG-2016,
OPTIDX,NIFTYIT,25-Aug-2016,9800,CE,0,0,0,1733.65,1023.45,0,0,0,0,17-AUG-2016,
OPTIDX,NIFTYIT,25-Aug-2016,9900,CE,0,0,0,1641.45,923.65,0,0,0,0,17-AUG-2016,
OPTIDX,NIFTYIT,25-Aug-2016,10000,CE,0,0,0,1550.55,823.95,0,0,0,0,17-AUG-2016,
OPTIDX,NIFTYIT,25-Aug-2016,10100,CE,0,0,0,1461.15,724.55,0,0,0,0,17-AUG-2016,
OPTIDX,NIFTYIT,25-Aug-2016,10200,CE,0,0,0,1373.45,625.9,0,0,0,0,17-AUG-2016,
OPTIDX,NIFTYIT,25-Aug-2016,10300,CE,0,0,0,1287.6,528.9,0,0,0,0,17-AUG-2016,
OPTIDX,NIFTYIT,25-Aug-2016,10400,CE,0,0,0,1203.9,434.9,0,0,0,0,17-AUG-2016,
OPTIDX,NIFTYIT,25-Aug-2016,10500,CE,0,0,0,1122.45,346.05,0,0,0,0,17-AUG-2016,
OPTIDX,NIFTYIT,25-Aug-2016,10600,CE,0,0,0,1043.5,264.75,0,0,0,0,17-AUG-2016,
OPTIDX,NIFTYIT,25-Aug-2016,10700,CE,0,0,0,967.2,193.55,0,0,0,0,17-AUG-2016,
OPTIDX,NIFTYIT,25-Aug-2016,10800,CE,0,0,0,894.15,134.5,0,0,0,0,17-AUG-2016,
OPTIDX,NIFTYIT,25-Aug-2016,10900,CE,0,0,0,823.2,88.35,0,0,0,0,17-AUG-2016,
OPTIDX,NIFTYIT,25-Aug-2016,11000,CE,0,0,0,755.95,54.65,0,0,0,0,17-AUG-2016,
OPTIDX,NIFTYIT,25-Aug-2016,11100,CE,0,0,0,691.95,31.75,0,0,0,0,17-AUG-2016,
OPTIDX,NIFTYIT,25-Aug-2016,11200,CE,0,0,0,631.3,17.25,0,0,0,0,17-AUG-2016,
OPTIDX,NIFTYIT,25-Aug-2016,11300,CE,0,0,0,574.05,8.75,0,0,0,0,17-AUG-2016,
OPTIDX,NIFTYIT,25-Aug-2016,11400,CE,0,0,0,520.25,4.15,0,0,0,0,17-AUG-2016,
OPTIDX,NIFTYIT,25-Aug-2016,11500,CE,0,0,0,469.85,1.85,0,0,0,0,17-AUG-2016,
OPTIDX,NIFTYIT,25-Aug-2016,11600,CE,0,0,0,422.95,0.75,0,0,0,0,17-AUG-2016,
OPTIDX,NIFTYIT,25-Aug-2016,11700,CE,0,0,0,379.4,0.3,0,0,0,0,17-AUG-2016,
OPTIDX,NIFTYIT,25-Aug-2016,11800,CE,0,0,0,339.15,0.1,0,0,0,0,17-AUG-2016,
OPTIDX,NIFTYIT,25-Aug-2016,11900,CE,0,0,0,302.15,0.05,0,0,0,0,17-AUG-2016,
OPTIDX,NIFTYIT,25-Aug-2016,12000,CE,0,0,0,268.2,0.05,0,0,0,0,17-AUG-2016,
OPTIDX,NIFTYIT,25-Aug-2016,12100,CE,0,0,0,237.3,0,0,0,0,0,17-AUG-2016,
OPTIDX,NIFTYIT,25-Aug-2016,12200,CE,0,0,0,209.2,0,0,0,0,0,17-AUG-2016,
OPTIDX,NIFTYIT,25-Aug-2016,12300,CE,0,0,0,184.35,0,0,0,0,0,17-AUG-2016,
OPTIDX,NIFTYIT,25-Aug-2016,12400,CE,0,0,0,161.15,0,0,0,0,0,17-AUG-2016,
OPTIDX,NIFTYIT,25-Aug-2016,12500,CE,0,0,0,140.7,0,0,0,0,0,17-AUG-2016,
OPTIDX,NIFTYIT,25-Aug-2016,12600,CE,0,0,0,122.4,0,0,0,0,0,17-AUG-2016,
OPTIDX,NIFTYIT,25-Aug-2016,12700,CE,0,0,0,106.1,0,0,0,0,0,17-AUG-2016,
OPTIDX,NIFTYIT,25-Aug-2016,12800,CE,0,0,0,91.7,0,0,0,0,0,17-AUG-2016,
OPTIDX,NIFTYIT,25-Aug-2016,12900,CE,0,0,0,78.95,0,0,0,0,0,17-AUG-2016,
OPTIDX,NIFTYIT,25-Aug-2016,13000,CE,0,0,0,70.35,0,0,0,0,0,17-AUG-2016,
OPTIDX,NIFTYIT,25-Aug-2016,13100,CE,0,0,0,75.5,0,0,0,0,0,17-AUG-2016,
OPTIDX,NIFTYIT,25-Aug-2016,9100,PE,0,0,0,6.9,0,0,0,0,0,17-AUG-2016,
OPTIDX,NIFTYIT,25-Aug-2016,9200,PE,0,0,0,9.7,0,0,0,0,0,17-AUG-2016,
OPTIDX,NIFTYIT,25-Aug-2016,9300,PE,0,0,0,6.2,0,0,0,0,0,17-AUG-2016,
OPTIDX,NIFTYIT,25-Aug-2016,9400,PE,0,0,0,6.35,0,0,0,0,0,17-AUG-2016,
OPTIDX,NIFTYIT,25-Aug-2016,9500,PE,0,0,0,8.95,0,0,0,0,0,17-AUG-2016,
OPTIDX,NIFTYIT,25-Aug-2016,9600,PE,0,0,0,3.9,0,0,0,0,0,17-AUG-2016,
OPTIDX,NIFTYIT,25-Aug-2016,9700,PE,0,0,0,16.75,0,0,0,0,0,17-AUG-2016,
OPTIDX,NIFTYIT,25-Aug-2016,9800,PE,0,0,0,21.65,0.05,0,0,0,0,17-AUG-2016,
OPTIDX,NIFTYIT,25-Aug-2016,9900,PE,0,0,0,27.65,0.1,0,0,0,0,17-AUG-2016,
OPTIDX,NIFTYIT,25-Aug-2016,10000,PE,0,0,0,35,0.25,0,0,0,0,17-AUG-2016,
OPTIDX,NIFTYIT,25-Aug-2016,10100,PE,0,0,0,43.8,0.7,0,0,0,0,17-AUG-2016,
OPTIDX,NIFTYIT,25-Aug-2016,10200,PE,0,0,0,54.3,1.9,0,0,0,0,17-AUG-2016,
OPTIDX,NIFTYIT,25-Aug-2016,10300,PE,0,0,0,66.7,4.75,0,0,0,0,17-AUG-2016,
OPTIDX,NIFTYIT,25-Aug-2016,10400,PE,0,0,0,81.2,10.6,0,0,0,0,17-AUG-2016,
OPTIDX,NIFTYIT,25-Aug-2016,10500,PE,0,0,0,98,21.55,0,0,0,0,17-AUG-2016,
OPTIDX,NIFTYIT,25-Aug-2016,10600,PE,0,0,0,117.25,40.15,0,0,0,0,17-AUG-2016,
OPTIDX,NIFTYIT,25-Aug-2016,10700,PE,0,0,0,139.2,68.8,0,0,0,0,17-AUG-2016,
OPTIDX,NIFTYIT,25-Aug-2016,10800,PE,0,0,0,164.35,109.6,0,0,0,0,17-AUG-2016,
OPTIDX,NIFTYIT,25-Aug-2016,10900,PE,0,0,0,191.6,163.3,0,0,0,0,17-AUG-2016,
OPTIDX,NIFTYIT,25-Aug-2016,11000,PE,0,0,0,222.55,229.4,0,0,0,0,17-AUG-2016,
OPTIDX,NIFTYIT,25-Aug-2016,11100,PE,0,0,0,256.8,306.4,0,0,0,0,17-AUG-2016,
OPTIDX,NIFTYIT,25-Aug-2016,11200,PE,0,0,0,294.35,391.75,0,0,0,0,17-AUG-2016,
OPTIDX,NIFTYIT,25-Aug-2016,11300,PE,0,0,0,335.3,483.1,0,0,0,0,17-AUG-2016,
OPTIDX,NIFTYIT,25-Aug-2016,11400,PE,0,0,0,379.75,578.35,0,0,0,0,17-AUG-2016,
OPTIDX,NIFTYIT,25-Aug-2016,11500,PE,0,0,0,427.55,675.9,0,0,0,0,17-AUG-2016,
OPTIDX,NIFTYIT,25-Aug-2016,11600,PE,0,0,0,478.85,774.65,0,0,0,0,17-AUG-2016,
OPTIDX,NIFTYIT,25-Aug-2016,11700,PE,0,0,0,533.5,874.05,0,0,0,0,17-AUG-2016,
OPTIDX,NIFTYIT,25-Aug-2016,11800,PE,0,0,0,591.5,973.7,0,0,0,0,17-AUG-2016,
OPTIDX,NIFTYIT,25-Aug-2016,11900,PE,0,0,0,652.7,1073.5,0,0,0,0,17-AUG-2016,
OPTIDX,NIFTYIT,25-Aug-2016,12000,PE,0,0,0,717,1173.35,0,0,0,0,17-AUG-2016,
OPTIDX,NIFTYIT,25-Aug-2016,12100,PE,0,0,0,784.3,1273.15,0,0,0,0,17-AUG-2016,
OPTIDX,NIFTYIT,25-Aug-2016,12200,PE,0,0,0,854.4,1373,0,0,0,0,17-AUG-2016,
OPTIDX,NIFTYIT,25-Aug-2016,12300,PE,0,0,0,927.8,1472.85,0,0,0,0,17-AUG-2016,
OPTIDX,NIFTYIT,25-Aug-2016,12400,PE,0,0,0,1002.8,1572.7,0,0,0,0,17-AUG-2016,
OPTIDX,NIFTYIT,25-Aug-2016,12500,PE,0,0,0,1080.55,1672.55,0,0,0,0,17-AUG-2016,
OPTIDX,NIFTYIT,25-Aug-2016,12600,PE,0,0,0,1160.45,1772.4,0,0,0,0,17-AUG-2016,
OPTIDX,NIFTYIT,25-Aug-2016,12700,PE,0,0,0,1242.4,1872.25,0,0,0,0,17-AUG-2016,
OPTIDX,NIFTYIT,25-Aug-2016,12800,PE,0,0,0,1326.2,1972.1,0,0,0,0,17-AUG-2016,
OPTIDX,NIFTYIT,25-Aug-2016,12900,PE,0,0,0,1411.65,2071.95,0,0,0,0,17-AUG-2016,
OPTIDX,NIFTYIT,25-Aug-2016,13000,PE,0,0,0,1424.25,2171.8,0,0,0,0,17-AUG-2016,
OPTIDX,NIFTYIT,25-Aug-2016,13100,PE,0,0,0,1404.2,2271.65,0,0,0,0,17-AUG-2016,
OPTIDX,NIFTYIT,29-Sep-2016,9100,CE,0,0,0,1776.25,1783,0,0,0,0,17-AUG-2016,
OPTIDX,NIFTYIT,29-Sep-2016,9200,CE,0,0,0,1685.45,1684.25,0,0,0,0,17-AUG-2016,
OPTIDX,NIFTYIT,29-Sep-2016,9300,CE,0,0,0,1805.5,1585.75,0,0,0,0,17-AUG-2016,
OPTIDX,NIFTYIT,29-Sep-2016,9400,CE,0,0,0,1711.55,1487.6,0,0,0,0,17-AUG-2016,
OPTIDX,NIFTYIT,29-Sep-2016,9500,CE,0,0,0,1808.3,1390,0,0,0,0,17-AUG-2016,
OPTIDX,NIFTYIT,29-Sep-2016,9600,CE,0,0,0,1715.7,1293.2,0,0,0,0,17-AUG-2016,
OPTIDX,NIFTYIT,29-Sep-2016,9700,CE,0,0,0,1624.35,1197.4,0,0,0,0,17-AUG-2016,
OPTIDX,NIFTYIT,29-Sep-2016,9800,CE,0,0,0,1534.35,1103,0,0,0,0,17-AUG-2016,
OPTIDX,NIFTYIT,29-Sep-2016,9900,CE,0,0,0,1445.9,1010.35,0,0,0,0,17-AUG-2016,
OPTIDX,NIFTYIT,29-Sep-2016,10000,CE,0,0,0,1359.3,919.9,0,0,0,0,17-AUG-2016,
OPTIDX,NIFTYIT,29-Sep-2016,10100,CE,0,0,0,1274.6,832.1,0,0,0,0,17-AUG-2016,
OPTIDX,NIFTYIT,29-Sep-2016,10200,CE,0,0,0,1192.1,747.45,0,0,0,0,17-AUG-2016,
OPTIDX,NIFTYIT,29-Sep-2016,10300,CE,0,0,0,1111.9,666.5,0,0,0,0,17-AUG-2016,
OPTIDX,NIFTYIT,29-Sep-2016,10400,CE,0,0,0,1034.25,589.65,0,0,0,0,17-AUG-2016,
OPTIDX,NIFTYIT,29-Sep-2016,10500,CE,0,0,0,959.3,517.3,0,0,0,0,17-AUG-2016,
OPTIDX,NIFTYIT,29-Sep-2016,10600,CE,0,0,0,887.5,450.1,0,0,0,0,17-AUG-2016,
OPTIDX,NIFTYIT,29-Sep-2016,10700,CE,0,0,0,817.95,388.15,0,0,0,0,17-AUG-2016,
OPTIDX,NIFTYIT,29-Sep-2016,10800,CE,0,0,0,751.95,331.7,0,0,0,0,17-AUG-2016,
OPTIDX,NIFTYIT,29-Sep-2016,10900,CE,0,0,0,689.2,280.75,0,0,0,0,17-AUG-2016,
OPTIDX,NIFTYIT,29-Sep-2016,11000,CE,0,0,0,629.75,235.35,0,0,0,0,17-AUG-2016,
OPTIDX,NIFTYIT,29-Sep-2016,11100,CE,0,0,0,573.65,195.4,0,0,0,0,17-AUG-2016,
OPTIDX,NIFTYIT,29-Sep-2016,11200,CE,0,0,0,520.85,160.6,0,0,0,0,17-AUG-2016,
OPTIDX,NIFTYIT,29-Sep-2016,11300,CE,0,0,0,471.4,130.65,0,0,0,0,17-AUG-2016,
OPTIDX,NIFTYIT,29-Sep-2016,11400,CE,0,0,0,425.3,105.8,0,0,0,0,17-AUG-2016,
OPTIDX,NIFTYIT,29-Sep-2016,11500,CE,0,0,0,382.5,84,0,0,0,0,17-AUG-2016,
OPTIDX,NIFTYIT,29-Sep-2016,11600,CE,0,0,0,342.9,66.35,0,0,0,0,17-AUG-2016,
OPTIDX,NIFTYIT,29-Sep-2016,11700,CE,0,0,0,306.4,51.8,0,0,0,0,17-AUG-2016,
OPTIDX,NIFTYIT,29-Sep-2016,11800,CE,0,0,0,272.9,40.05,0,0,0,0,17-AUG-2016,
OPTIDX,NIFTYIT,29-Sep-2016,11900,CE,0,0,0,242.3,30.65,0,0,0,0,17-AUG-2016,
OPTIDX,NIFTYIT,29-Sep-2016,12000,CE,0,0,0,214.4,23.25,0,0,0,0,17-AUG-2016,
OPTIDX,NIFTYIT,29-Sep-2016,12100,CE,0,0,0,189.65,17.4,0,0,0,0,17-AUG-2016,
OPTIDX,NIFTYIT,29-Sep-2016,12200,CE,0,0,0,166.55,12.95,0,0,0,0,17-AUG-2016,
OPTIDX,NIFTYIT,29-Sep-2016,12300,CE,0,0,0,146,9.5,0,0,0,0,17-AUG-2016,
OPTIDX,NIFTYIT,29-Sep-2016,12400,CE,0,0,0,127.65,6.9,0,0,0,0,17-AUG-2016,
OPTIDX,NIFTYIT,29-Sep-2016,12500,CE,0,0,0,111.2,5,0,0,0,0,17-AUG-2016,
OPTIDX,NIFTYIT,29-Sep-2016,12600,CE,0,0,0,96.6,3.55,0,0,0,0,17-AUG-2016,
OPTIDX,NIFTYIT,29-Sep-2016,12700,CE,0,0,0,83.65,2.5,0,0,0,0,17-AUG-2016,
OPTIDX,NIFTYIT,29-Sep-2016,12800,CE,0,0,0,63.6,1.75,0,0,0,0,17-AUG-2016,
OPTIDX,NIFTYIT,29-Sep-2016,9100,PE,0,0,0,32.3,0.6,0,0,0,0,17-AUG-2016,
OPTIDX,NIFTYIT,29-Sep-2016,9200,PE,0,0,0,40.1,1,0,0,0,0,17-AUG-2016,
OPTIDX,NIFTYIT,29-Sep-2016,9300,PE,0,0,0,14.05,1.7,0,0,0,0,17-AUG-2016,
OPTIDX,NIFTYIT,29-Sep-2016,9400,PE,0,0,0,18.45,2.75,0,0,0,0,17-AUG-2016,
OPTIDX,NIFTYIT,29-Sep-2016,9500,PE,0,0,0,20.3,4.35,0,0,0,0,17-AUG-2016,
OPTIDX,NIFTYIT,29-Sep-2016,9600,PE,0,0,0,25.95,6.75,0,0,0,0,17-AUG-2016,
OPTIDX,NIFTYIT,29-Sep-2016,9700,PE,0,0,0,32.8,10.15,0,0,0,0,17-AUG-2016,
OPTIDX,NIFTYIT,29-Sep-2016,9800,PE,0,0,0,41.05,14.95,0,0,0,0,17-AUG-2016,
OPTIDX,NIFTYIT,29-Sep-2016,9900,PE,0,0,0,50.85,21.45,0,0,0,0,17-AUG-2016,
OPTIDX,NIFTYIT,29-Sep-2016,10000,PE,0,0,0,62.45,30.2,0,0,0,0,17-AUG-2016,
OPTIDX,NIFTYIT,29-Sep-2016,10100,PE,0,0,0,76,41.6,0,0,0,0,17-AUG-2016,
OPTIDX,NIFTYIT,29-Sep-2016,10200,PE,0,0,0,91.7,56.15,0,0,0,0,17-AUG-2016,
OPTIDX,NIFTYIT,29-Sep-2016,10300,PE,0,0,0,109.75,74.35,0,0,0,0,17-AUG-2016,
OPTIDX,NIFTYIT,29-Sep-2016,10400,PE,0,0,0,130.35,96.7,0,0,0,0,17-AUG-2016,
OPTIDX,NIFTYIT,29-Sep-2016,10500,PE,0,0,0,153.65,123.55,0,0,0,0,17-AUG-2016,
OPTIDX,NIFTYIT,29-Sep-2016,10600,PE,0,0,0,180.05,155.55,0,0,0,0,17-AUG-2016,
OPTIDX,NIFTYIT,29-Sep-2016,10700,PE,0,0,0,208.75,192.8,0,0,0,0,17-AUG-2016,
OPTIDX,NIFTYIT,29-Sep-2016,10800,PE,0,0,0,241,235.5,0,0,0,0,17-AUG-2016,
OPTIDX,NIFTYIT,29-Sep-2016,10900,PE,0,0,0,276.5,283.75,0,0,0,0,17-AUG-2016,
OPTIDX,NIFTYIT,29-Sep-2016,11000,PE,0,0,0,315.25,337.55,0,0,0,0,17-AUG-2016,
OPTIDX,NIFTYIT,29-Sep-2016,11100,PE,0,0,0,357.35,396.75,0,0,0,0,17-AUG-2016,
OPTIDX,NIFTYIT,29-Sep-2016,11200,PE,0,0,0,402.85,461.15,0,0,0,0,17-AUG-2016,
OPTIDX,NIFTYIT,29-Sep-2016,11300,PE,0,0,0,451.6,530.4,0,0,0,0,17-AUG-2016,
OPTIDX,NIFTYIT,29-Sep-2016,11400,PE,0,0,0,503.75,604.75,0,0,0,0,17-AUG-2016,
OPTIDX,NIFTYIT,29-Sep-2016,11500,PE,0,0,0,559.15,682.15,0,0,0,0,17-AUG-2016,
OPTIDX,NIFTYIT,29-Sep-2016,11600,PE,0,0,0,617.8,763.65,0,0,0,0,17-AUG-2016,
OPTIDX,NIFTYIT,29-Sep-2016,11700,PE,0,0,0,679.5,848.35,0,0,0,0,17-AUG-2016,
OPTIDX,NIFTYIT,29-Sep-2016,11800,PE,0,0,0,744.25,935.8,0,0,0,0,17-AUG-2016,
OPTIDX,NIFTYIT,29-Sep-2016,11900,PE,0,0,0,811.9,1025.6,0,0,0,0,17-AUG-2016,
OPTIDX,NIFTYIT,29-Sep-2016,12000,PE,0,0,0,882.25,1117.35,0,0,0,0,17-AUG-2016,
OPTIDX,NIFTYIT,29-Sep-2016,12100,PE,0,0,0,955.75,1210.7,0,0,0,0,17-AUG-2016,
OPTIDX,NIFTYIT,29-Sep-2016,12200,PE,0,0,0,1030.85,1305.4,0,0,0,0,17-AUG-2016,
OPTIDX,NIFTYIT,29-Sep-2016,12300,PE,0,0,0,1108.55,1401.15,0,0,0,0,17-AUG-2016,
OPTIDX,NIFTYIT,29-Sep-2016,12400,PE,0,0,0,1188.4,1497.8,0,0,0,0,17-AUG-2016,
OPTIDX,NIFTYIT,29-Sep-2016,12500,PE,0,0,0,1270.2,1595.05,0,0,0,0,17-AUG-2016,
OPTIDX,NIFTYIT,29-Sep-2016,12600,PE,0,0,0,1353.85,1692.8,0,0,0,0,17-AUG-2016,
OPTIDX,NIFTYIT,29-Sep-2016,12700,PE,0,0,0,1439.1,1790.95,0,0,0,0,17-AUG-2016,
OPTIDX,NIFTYIT,29-Sep-2016,12800,PE,0,0,0,1464.55,1889.4,0,0,0,0,17-AUG-2016,
OPTIDX,NIFTYIT,27-Oct-2016,9300,CE,0,0,0,1811.3,1641,0,0,0,0,17-AUG-2016,
OPTIDX,NIFTYIT,27-Oct-2016,9400,CE,0,0,0,1717.75,1545.55,0,0,0,0,17-AUG-2016,
OPTIDX,NIFTYIT,27-Oct-2016,9500,CE,0,0,0,1625.4,1451.2,0,0,0,0,17-AUG-2016,
OPTIDX,NIFTYIT,27-Oct-2016,9600,CE,0,0,0,1534.3,1358.1,0,0,0,0,17-AUG-2016,
OPTIDX,NIFTYIT,27-Oct-2016,9700,CE,0,0,0,1444.75,1266.5,0,0,0,0,17-AUG-2016,
OPTIDX,NIFTYIT,27-Oct-2016,9800,CE,0,0,0,1356.9,1176.7,0,0,0,0,17-AUG-2016,
OPTIDX,NIFTYIT,27-Oct-2016,9900,CE,0,0,0,1270.95,1089,0,0,0,0,17-AUG-2016,
OPTIDX,NIFTYIT,27-Oct-2016,10000,CE,0,0,0,1187.1,1003.7,0,0,0,0,17-AUG-2016,
OPTIDX,NIFTYIT,27-Oct-2016,10100,CE,0,0,0,1105.6,921.15,0,0,0,0,17-AUG-2016,
OPTIDX,NIFTYIT,27-Oct-2016,10200,CE,0,0,0,1026.65,841.6,0,0,0,0,17-AUG-2016,
OPTIDX,NIFTYIT,27-Oct-2016,10300,CE,0,0,0,950.45,765.3,0,0,0,0,17-AUG-2016,
OPTIDX,NIFTYIT,27-Oct-2016,10400,CE,0,0,0,877.45,692.45,0,0,0,0,17-AUG-2016,
OPTIDX,NIFTYIT,27-Oct-2016,10500,CE,0,0,0,806.7,623.6,0,0,0,0,17-AUG-2016,
OPTIDX,NIFTYIT,27-Oct-2016,10600,CE,0,0,0,739.65,558.75,0,0,0,0,17-AUG-2016,
OPTIDX,NIFTYIT,27-Oct-2016,10700,CE,0,0,0,675.95,498,0,0,0,0,17-AUG-2016,
OPTIDX,NIFTYIT,27-Oct-2016,10800,CE,0,0,0,615.65,441.55,0,0,0,0,17-AUG-2016,
OPTIDX,NIFTYIT,27-Oct-2016,10900,CE,0,0,0,558.85,389.35,0,0,0,0,17-AUG-2016,
OPTIDX,NIFTYIT,27-Oct-2016,11000,CE,0,0,0,505.55,341.45,0,0,0,0,17-AUG-2016,
OPTIDX,NIFTYIT,27-Oct-2016,11100,CE,0,0,0,455.65,297.8,0,0,0,0,17-AUG-2016,
OPTIDX,NIFTYIT,27-Oct-2016,11200,CE,0,0,0,409.3,258.25,0,0,0,0,17-AUG-2016,
OPTIDX,NIFTYIT,27-Oct-2016,11300,CE,0,0,0,366.4,222.75,0,0,0,0,17-AUG-2016,
OPTIDX,NIFTYIT,27-Oct-2016,11400,CE,0,0,0,326.8,191,0,0,0,0,17-AUG-2016,
OPTIDX,NIFTYIT,27-Oct-2016,11500,CE,0,0,0,290.45,162.85,0,0,0,0,17-AUG-2016,
OPTIDX,NIFTYIT,27-Oct-2016,11600,CE,0,0,0,257.25,138.65,0,0,0,0,17-AUG-2016,
OPTIDX,NIFTYIT,27-Oct-2016,11700,CE,0,0,0,227.05,116.6,0,0,0,0,17-AUG-2016,
OPTIDX,NIFTYIT,27-Oct-2016,11800,CE,0,0,0,199.65,97.8,0,0,0,0,17-AUG-2016,
OPTIDX,NIFTYIT,27-Oct-2016,11900,CE,0,0,0,175.55,81.55,0,0,0,0,17-AUG-2016,
OPTIDX,NIFTYIT,27-Oct-2016,12000,CE,0,0,0,153,67.6,0,0,0,0,17-AUG-2016,
OPTIDX,NIFTYIT,27-Oct-2016,12100,CE,0,0,0,133.2,55.75,0,0,0,0,17-AUG-2016,
OPTIDX,NIFTYIT,27-Oct-2016,12200,CE,0,0,0,115.55,45.7,0,0,0,0,17-AUG-2016,
OPTIDX,NIFTYIT,27-Oct-2016,12300,CE,0,0,0,99.9,37.3,0,0,0,0,17-AUG-2016,
OPTIDX,NIFTYIT,27-Oct-2016,12400,CE,0,0,0,86.05,30.25,0,0,0,0,17-AUG-2016,
OPTIDX,NIFTYIT,27-Oct-2016,12500,CE,0,0,0,73.9,24.4,0,0,0,0,17-AUG-2016,
OPTIDX,NIFTYIT,27-Oct-2016,12600,CE,0,0,0,98.55,19.55,0,0,0,0,17-AUG-2016,
OPTIDX,NIFTYIT,27-Oct-2016,12700,CE,0,0,0,85.45,15.6,0,0,0,0,17-AUG-2016,
OPTIDX,NIFTYIT,27-Oct-2016,12800,CE,0,0,0,70.5,12.4,0,0,0,0,17-AUG-2016,
OPTIDX,NIFTYIT,27-Oct-2016,9300,PE,0,0,0,15.9,8.25,0,0,0,0,17-AUG-2016,
OPTIDX,NIFTYIT,27-Oct-2016,9400,PE,0,0,0,20.65,11.5,0,0,0,0,17-AUG-2016,
OPTIDX,NIFTYIT,27-Oct-2016,9500,PE,0,0,0,26.55,15.8,0,0,0,0,17-AUG-2016,
OPTIDX,NIFTYIT,27-Oct-2016,9600,PE,0,0,0,33.75,21.35,0,0,0,0,17-AUG-2016,
OPTIDX,NIFTYIT,27-Oct-2016,9700,PE,0,0,0,42.45,28.4,0,0,0,0,17-AUG-2016,
OPTIDX,NIFTYIT,27-Oct-2016,9800,PE,0,0,0,52.9,37.3,0,0,0,0,17-AUG-2016,
OPTIDX,NIFTYIT,27-Oct-2016,9900,PE,0,0,0,65.2,48.25,0,0,0,0,17-AUG-2016,
OPTIDX,NIFTYIT,27-Oct-2016,10000,PE,0,0,0,79.7,61.65,0,0,0,0,17-AUG-2016,
OPTIDX,NIFTYIT,27-Oct-2016,10100,PE,0,0,0,96.45,77.75,0,0,0,0,17-AUG-2016,
OPTIDX,NIFTYIT,27-Oct-2016,10200,PE,0,0,0,115.8,96.85,0,0,0,0,17-AUG-2016,
OPTIDX,NIFTYIT,27-Oct-2016,10300,PE,0,0,0,137.85,119.25,0,0,0,0,17-AUG-2016,
OPTIDX,NIFTYIT,27-Oct-2016,10400,PE,0,0,0,163.15,145.05,0,0,0,0,17-AUG-2016,
OPTIDX,NIFTYIT,27-Oct-2016,10500,PE,0,0,0,190.65,174.85,0,0,0,0,17-AUG-2016,
OPTIDX,NIFTYIT,27-Oct-2016,10600,PE,0,0,0,221.95,208.65,0,0,0,0,17-AUG-2016,
OPTIDX,NIFTYIT,27-Oct-2016,10700,PE,0,0,0,256.5,246.6,0,0,0,0,17-AUG-2016,
OPTIDX,NIFTYIT,27-Oct-2016,10800,PE,0,0,0,294.5,288.8,0,0,0,0,17-AUG-2016,
OPTIDX,NIFTYIT,27-Oct-2016,10900,PE,0,0,0,335.95,335.3,0,0,0,0,17-AUG-2016,
OPTIDX,NIFTYIT,27-Oct-2016,11000,PE,0,0,0,380.9,386.05,0,0,0,0,17-AUG-2016,
OPTIDX,NIFTYIT,27-Oct-2016,11100,PE,0,0,0,429.35,441.05,0,0,0,0,17-AUG-2016,
OPTIDX,NIFTYIT,27-Oct-2016,11200,PE,0,0,0,481.25,500.2,0,0,0,0,17-AUG-2016,
OPTIDX,NIFTYIT,27-Oct-2016,11300,PE,0,0,0,536.6,563.35,0,0,0,0,17-AUG-2016,
OPTIDX,NIFTYIT,27-Oct-2016,11400,PE,0,0,0,595.3,630.25,0,0,0,0,17-AUG-2016,
OPTIDX,NIFTYIT,27-Oct-2016,11500,PE,0,0,0,657.25,700.8,0,0,0,0,17-AUG-2016,
OPTIDX,NIFTYIT,27-Oct-2016,11600,PE,0,0,0,722.35,775.25,0,0,0,0,17-AUG-2016,
OPTIDX,NIFTYIT,27-Oct-2016,11700,PE,0,0,0,790.4,851.85,0,0,0,0,17-AUG-2016,
OPTIDX,NIFTYIT,27-Oct-2016,11800,PE,0,0,0,861.3,931.7,0,0,0,0,17-AUG-2016,
OPTIDX,NIFTYIT,27-Oct-2016,11900,PE,0,0,0,935.45,1014.15,0,0,0,0,17-AUG-2016,
OPTIDX,NIFTYIT,27-Oct-2016,12000,PE,0,0,0,1011.25,1098.85,0,0,0,0,17-AUG-2016,
OPTIDX,NIFTYIT,27-Oct-2016,12100,PE,0,0,0,1089.7,1185.7,0,0,0,0,17-AUG-2016,
OPTIDX,NIFTYIT,27-Oct-2016,12200,PE,0,0,0,1170.35,1274.3,0,0,0,0,17-AUG-2016,
OPTIDX,NIFTYIT,27-Oct-2016,12300,PE,0,0,0,1252.95,1364.55,0,0,0,0,17-AUG-2016,
OPTIDX,NIFTYIT,27-Oct-2016,12400,PE,0,0,0,1337.4,1456.15,0,0,0,0,17-AUG-2016,
OPTIDX,NIFTYIT,27-Oct-2016,12500,PE,0,0,0,1423.55,1549,0,0,0,0,17-AUG-2016,
OPTIDX,NIFTYIT,27-Oct-2016,12600,PE,0,0,0,1352.5,1642.85,0,0,0,0,17-AUG-2016,
OPTIDX,NIFTYIT,27-Oct-2016,12700,PE,0,0,0,1437.7,1737.55,0,0,0,0,17-AUG-2016,
OPTIDX,NIFTYIT,27-Oct-2016,12800,PE,0,0,0,1484.2,1833,0,0,0,0,17-AUG-2016,
OPTIDX,NIFTYMID50,25-Aug-2016,2500,CE,0,0,0,877.5,1220.2,0,0,0,0,17-AUG-2016,
OPTIDX,NIFTYMID50,25-Aug-2016,2600,CE,0,0,0,779.6,1120.35,0,0,0,0,17-AUG-2016,
OPTIDX,NIFTYMID50,25-Aug-2016,2700,CE,0,0,0,682.3,1020.5,0,0,0,0,17-AUG-2016,
OPTIDX,NIFTYMID50,25-Aug-2016,2800,CE,0,0,0,586.4,920.65,0,0,0,0,17-AUG-2016,
OPTIDX,NIFTYMID50,25-Aug-2016,2900,CE,0,0,0,493.15,820.8,0,0,0,0,17-AUG-2016,
OPTIDX,NIFTYMID50,25-Aug-2016,3000,CE,0,0,0,404.3,720.95,0,0,0,0,17-AUG-2016,
OPTIDX,NIFTYMID50,25-Aug-2016,3100,CE,0,0,0,322,621.1,0,0,0,0,17-AUG-2016,
OPTIDX,NIFTYMID50,25-Aug-2016,3200,CE,0,0,0,248.35,521.25,0,0,0,0,17-AUG-2016,
OPTIDX,NIFTYMID50,25-Aug-2016,3300,CE,0,0,0,185.15,421.4,0,0,0,0,17-AUG-2016,
OPTIDX,NIFTYMID50,25-Aug-2016,3400,CE,0,0,0,133.1,321.55,0,0,0,0,17-AUG-2016,
OPTIDX,NIFTYMID50,25-Aug-2016,3500,CE,0,0,0,92.25,222.1,0,0,0,0,17-AUG-2016,
OPTIDX,NIFTYMID50,25-Aug-2016,3600,CE,0,0,0,61.6,127,0,0,0,0,17-AUG-2016,
OPTIDX,NIFTYMID50,25-Aug-2016,3700,CE,0,0,0,39.7,51.8,0,0,0,0,17-AUG-2016,
OPTIDX,NIFTYMID50,25-Aug-2016,3800,CE,0,0,0,24.65,12.85,0,0,0,0,17-AUG-2016,
OPTIDX,NIFTYMID50,25-Aug-2016,3900,CE,0,0,0,14.8,1.75,0,0,0,0,17-AUG-2016,
OPTIDX,NIFTYMID50,25-Aug-2016,4000,CE,0,0,0,8.55,0.15,0,0,0,0,17-AUG-2016,
OPTIDX,NIFTYMID50,25-Aug-2016,4100,CE,0,0,0,4.8,0,0,0,0,0,17-AUG-2016,
OPTIDX,NIFTYMID50,25-Aug-2016,4200,CE,0,0,0,3.2,0,0,0,0,0,17-AUG-2016,
OPTIDX,NIFTYMID50,25-Aug-2016,4300,CE,0,0,0,0.1,0,0,0,0,0,17-AUG-2016,
OPTIDX,NIFTYMID50,25-Aug-2016,4400,CE,0,0,0,0.2,0,0,0,0,0,17-AUG-2016,
OPTIDX,NIFTYMID50,25-Aug-2016,4500,CE,0,0,0,0.05,0,0,0,0,0,17-AUG-2016,
OPTIDX,NIFTYMID50,25-Aug-2016,2500,PE,0,0,0,0.15,0,0,0,0,0,17-AUG-2016,
OPTIDX,NIFTYMID50,25-Aug-2016,2600,PE,0,0,0,0.45,0,0,0,0,0,17-AUG-2016,
OPTIDX,NIFTYMID50,25-Aug-2016,2700,PE,0,0,0,1.4,0,0,0,0,0,17-AUG-2016,
OPTIDX,NIFTYMID50,25-Aug-2016,2800,PE,0,0,0,3.7,0,0,0,0,0,17-AUG-2016,
OPTIDX,NIFTYMID50,25-Aug-2016,2900,PE,0,0,0,8.65,0,0,0,0,0,17-AUG-2016,
OPTIDX,NIFTYMID50,25-Aug-2016,3000,PE,0,0,0,18,0,0,0,0,0,17-AUG-2016,
OPTIDX,NIFTYMID50,25-Aug-2016,3100,PE,0,0,0,33.95,0,0,0,0,0,17-AUG-2016,
OPTIDX,NIFTYMID50,25-Aug-2016,3200,PE,0,0,0,58.5,0,0,0,0,0,17-AUG-2016,
OPTIDX,NIFTYMID50,25-Aug-2016,3300,PE,0,0,0,93.5,0,0,0,0,0,17-AUG-2016,
OPTIDX,NIFTYMID50,25-Aug-2016,3400,PE,0,0,0,139.7,0.05,0,0,0,0,17-AUG-2016,
OPTIDX,NIFTYMID50,25-Aug-2016,3500,PE,0,0,0,197.05,0.4,0,0,0,0,17-AUG-2016,
OPTIDX,NIFTYMID50,25-Aug-2016,3600,PE,0,0,0,264.6,5.15,0,0,0,0,17-AUG-2016,
OPTIDX,NIFTYMID50,25-Aug-2016,3700,PE,0,0,0,340.95,29.85,0,0,0,0,17-AUG-2016,
OPTIDX,NIFTYMID50,25-Aug-2016,3800,PE,0,0,0,424.1,90.75,0,0,0,0,17-AUG-2016,
OPTIDX,NIFTYMID50,25-Aug-2016,3900,PE,0,0,0,512.45,179.45,0,0,0,0,17-AUG-2016,
OPTIDX,NIFTYMID50,25-Aug-2016,4000,PE,0,0,0,604.45,277.7,0,0,0,0,17-AUG-2016,
OPTIDX,NIFTYMID50,25-Aug-2016,4100,PE,0,0,0,698.9,377.45,0,0,0,0,17-AUG-2016,
OPTIDX,NIFTYMID50,25-Aug-2016,4200,PE,0,0,0,759.55,477.3,0,0,0,0,17-AUG-2016,
OPTIDX,NIFTYMID50,25-Aug-2016,4300,PE,0,0,0,799.7,577.15,0,0,0,0,17-AUG-2016,
OPTIDX,NIFTYMID50,25-Aug-2016,4400,PE,0,0,0,775.4,677,0,0,0,0,17-AUG-2016,
OPTIDX,NIFTYMID50,25-Aug-2016,4500,PE,0,0,0,795.75,776.85,0,0,0,0,17-AUG-2016,
OPTIDX,NIFTYMID50,29-Sep-2016,2700,CE,0,0,0,840.7,1038.35,0,0,0,0,17-AUG-2016,
OPTIDX,NIFTYMID50,29-Sep-2016,2800,CE,0,0,0,742.65,939.15,0,0,0,0,17-AUG-2016,
OPTIDX,NIFTYMID50,29-Sep-2016,2900,CE,0,0,0,645.05,839.95,0,0,0,0,17-AUG-2016,
OPTIDX,NIFTYMID50,29-Sep-2016,3000,CE,0,0,0,548.65,740.75,0,0,0,0,17-AUG-2016,
OPTIDX,NIFTYMID50,29-Sep-2016,3100,CE,0,0,0,454.8,641.65,0,0,0,0,17-AUG-2016,
OPTIDX,NIFTYMID50,29-Sep-2016,3200,CE,0,0,0,365.45,542.8,0,0,0,0,17-AUG-2016,
OPTIDX,NIFTYMID50,29-Sep-2016,3300,CE,0,0,0,283.25,444.9,0,0,0,0,17-AUG-2016,
OPTIDX,NIFTYMID50,29-Sep-2016,3400,CE,0,0,0,210.7,349.75,0,0,0,0,17-AUG-2016,
OPTIDX,NIFTYMID50,29-Sep-2016,3500,CE,0,0,0,149.95,260.55,0,0,0,0,17-AUG-2016,
OPTIDX,NIFTYMID50,29-Sep-2016,3600,CE,0,0,0,101.75,181.75,0,0,0,0,17-AUG-2016,
OPTIDX,NIFTYMID50,29-Sep-2016,3700,CE,0,0,0,65.8,117.1,0,0,0,0,17-AUG-2016,
OPTIDX,NIFTYMID50,29-Sep-2016,3800,CE,0,0,0,40.55,69.25,0,0,0,0,17-AUG-2016,
OPTIDX,NIFTYMID50,29-Sep-2016,3900,CE,0,0,0,23.8,37.5,0,0,0,0,17-AUG-2016,
OPTIDX,NIFTYMID50,29-Sep-2016,4000,CE,0,0,0,13.3,18.3,0,0,0,0,17-AUG-2016,
OPTIDX,NIFTYMID50,29-Sep-2016,4100,CE,0,0,0,7.1,8.15,0,0,0,0,17-AUG-2016,
OPTIDX,NIFTYMID50,29-Sep-2016,4200,CE,0,0,0,3.6,3.3,0,0,0,0,17-AUG-2016,
OPTIDX,NIFTYMID50,29-Sep-2016,4300,CE,0,0,0,1.75,1.2,0,0,0,0,17-AUG-2016,
OPTIDX,NIFTYMID50,29-Sep-2016,4400,CE,0,0,0,2.2,0.4,0,0,0,0,17-AUG-2016,
OPTIDX,NIFTYMID50,29-Sep-2016,4500,CE,0,0,0,0.55,0.15,0,0,0,0,17-AUG-2016,
OPTIDX,NIFTYMID50,29-Sep-2016,2700,PE,0,0,0,0.1,0,0,0,0,0,17-AUG-2016,
OPTIDX,NIFTYMID50,29-Sep-2016,2800,PE,0,0,0,0.25,0,0,0,0,0,17-AUG-2016,
OPTIDX,NIFTYMID50,29-Sep-2016,2900,PE,0,0,0,0.95,0,0,0,0,0,17-AUG-2016,
OPTIDX,NIFTYMID50,29-Sep-2016,3000,PE,0,0,0,2.75,0.05,0,0,0,0,17-AUG-2016,
OPTIDX,NIFTYMID50,29-Sep-2016,3100,PE,0,0,0,7.1,0.1,0,0,0,0,17-AUG-2016,
OPTIDX,NIFTYMID50,29-Sep-2016,3200,PE,0,0,0,16,0.4,0,0,0,0,17-AUG-2016,
OPTIDX,NIFTYMID50,29-Sep-2016,3300,PE,0,0,0,32.05,1.7,0,0,0,0,17-AUG-2016,
OPTIDX,NIFTYMID50,29-Sep-2016,3400,PE,0,0,0,57.7,5.75,0,0,0,0,17-AUG-2016,
OPTIDX,NIFTYMID50,29-Sep-2016,3500,PE,0,0,0,95.2,15.75,0,0,0,0,17-AUG-2016,
OPTIDX,NIFTYMID50,29-Sep-2016,3600,PE,0,0,0,145.25,36.15,0,0,0,0,17-AUG-2016,
OPTIDX,NIFTYMID50,29-Sep-2016,3700,PE,0,0,0,207.5,70.7,0,0,0,0,17-AUG-2016,
OPTIDX,NIFTYMID50,29-Sep-2016,3800,PE,0,0,0,280.5,122.05,0,0,0,0,17-AUG-2016,
OPTIDX,NIFTYMID50,29-Sep-2016,3900,PE,0,0,0,361.95,189.45,0,0,0,0,17-AUG-2016,
OPTIDX,NIFTYMID50,29-Sep-2016,4000,PE,0,0,0,449.7,269.5,0,0,0,0,17-AUG-2016,
OPTIDX,NIFTYMID50,29-Sep-2016,4100,PE,0,0,0,541.75,358.5,0,0,0,0,17-AUG-2016,
OPTIDX,NIFTYMID50,29-Sep-2016,4200,PE,0,0,0,636.5,452.85,0,0,0,0,17-AUG-2016,
OPTIDX,NIFTYMID50,29-Sep-2016,4300,PE,0,0,0,732.9,549.95,0,0,0,0,17-AUG-2016,
OPTIDX,NIFTYMID50,29-Sep-2016,4400,PE,0,0,0,747.9,648.35,0,0,0,0,17-AUG-2016,
OPTIDX,NIFTYMID50,29-Sep-2016,4500,PE,0,0,0,766.15,747.25,0,0,0,0,17-AUG-2016,
OPTIDX,NIFTYMID50,27-Oct-2016,2800,CE,0,0,0,888.05,953.8,0,0,0,0,17-AUG-2016,
OPTIDX,NIFTYMID50,27-Oct-2016,2900,CE,0,0,0,789.95,855.15,0,0,0,0,17-AUG-2016,
OPTIDX,NIFTYMID50,27-Oct-2016,3000,CE,0,0,0,692.35,756.65,0,0,0,0,17-AUG-2016,
OPTIDX,NIFTYMID50,27-Oct-2016,3100,CE,0,0,0,595.8,658.5,0,0,0,0,17-AUG-2016,
OPTIDX,NIFTYMID50,27-Oct-2016,3200,CE,0,0,0,501.45,561.3,0,0,0,0,17-AUG-2016,
OPTIDX,NIFTYMID50,27-Oct-2016,3300,CE,0,0,0,411.05,466.3,0,0,0,0,17-AUG-2016,
OPTIDX,NIFTYMID50,27-Oct-2016,3400,CE,0,0,0,326.8,375.45,0,0,0,0,17-AUG-2016,
OPTIDX,NIFTYMID50,27-Oct-2016,3500,CE,0,0,0,251.05,291.3,0,0,0,0,17-AUG-2016,
OPTIDX,NIFTYMID50,27-Oct-2016,3600,CE,0,0,0,185.6,216.6,0,0,0,0,17-AUG-2016,
OPTIDX,NIFTYMID50,27-Oct-2016,3700,CE,0,0,0,131.85,153.75,0,0,0,0,17-AUG-2016,
OPTIDX,NIFTYMID50,27-Oct-2016,3800,CE,0,0,0,89.85,103.8,0,0,0,0,17-AUG-2016,
OPTIDX,NIFTYMID50,27-Oct-2016,3900,CE,0,0,0,58.65,66.5,0,0,0,0,17-AUG-2016,
OPTIDX,NIFTYMID50,27-Oct-2016,4000,CE,0,0,0,36.75,40.45,0,0,0,0,17-AUG-2016,
OPTIDX,NIFTYMID50,27-Oct-2016,4100,CE,0,0,0,22.1,23.35,0,0,0,0,17-AUG-2016,
OPTIDX,NIFTYMID50,27-Oct-2016,4200,CE,0,0,0,12.7,12.75,0,0,0,0,17-AUG-2016,
OPTIDX,NIFTYMID50,27-Oct-2016,4300,CE,0,0,0,7.05,6.65,0,0,0,0,17-AUG-2016,
OPTIDX,NIFTYMID50,27-Oct-2016,4400,CE,0,0,0,3.75,3.3,0,0,0,0,17-AUG-2016,
OPTIDX,NIFTYMID50,27-Oct-2016,4500,CE,0,0,0,2.75,1.55,0,0,0,0,17-AUG-2016,
OPTIDX,NIFTYMID50,27-Oct-2016,2800,PE,0,0,0,0.1,0.05,0,0,0,0,17-AUG-2016,
OPTIDX,NIFTYMID50,27-Oct-2016,2900,PE,0,0,0,0.3,0.05,0,0,0,0,17-AUG-2016,
OPTIDX,NIFTYMID50,27-Oct-2016,3000,PE,0,0,0,0.95,0.2,0,0,0,0,17-AUG-2016,
OPTIDX,NIFTYMID50,27-Oct-2016,3100,PE,0,0,0,2.7,0.7,0,0,0,0,17-AUG-2016,
OPTIDX,NIFTYMID50,27-Oct-2016,3200,PE,0,0,0,6.6,2.2,0,0,0,0,17-AUG-2016,
OPTIDX,NIFTYMID50,27-Oct-2016,3300,PE,0,0,0,14.5,5.85,0,0,0,0,17-AUG-2016,
OPTIDX,NIFTYMID50,27-Oct-2016,3400,PE,0,0,0,28.55,13.65,0,0,0,0,17-AUG-2016,
OPTIDX,NIFTYMID50,27-Oct-2016,3500,PE,0,0,0,51.1,28.2,0,0,0,0,17-AUG-2016,
OPTIDX,NIFTYMID50,27-Oct-2016,3600,PE,0,0,0,83.9,52.15,0,0,0,0,17-AUG-2016,
OPTIDX,NIFTYMID50,27-Oct-2016,3700,PE,0,0,0,128.45,88,0,0,0,0,17-AUG-2016,
OPTIDX,NIFTYMID50,27-Oct-2016,3800,PE,0,0,0,184.7,136.7,0,0,0,0,17-AUG-2016,
OPTIDX,NIFTYMID50,27-Oct-2016,3900,PE,0,0,0,251.8,198.05,0,0,0,0,17-AUG-2016,
OPTIDX,NIFTYMID50,27-Oct-2016,4000,PE,0,0,0,328.2,270.7,0,0,0,0,17-AUG-2016,
OPTIDX,NIFTYMID50,27-Oct-2016,4100,PE,0,0,0,411.8,352.2,0,0,0,0,17-AUG-2016,
OPTIDX,NIFTYMID50,27-Oct-2016,4200,PE,0,0,0,500.7,440.3,0,0,0,0,17-AUG-2016,
OPTIDX,NIFTYMID50,27-Oct-2016,4300,PE,0,0,0,593.3,532.85,0,0,0,0,17-AUG-2016,
OPTIDX,NIFTYMID50,27-Oct-2016,4400,PE,0,0,0,688.3,628.15,0,0,0,0,17-AUG-2016,
OPTIDX,NIFTYMID50,27-Oct-2016,4500,PE,0,0,0,744.75,725.1,0,0,0,0,17-AUG-2016,
OPTIDX,NIFTYPSE,25-Aug-2016,2200,CE,0,0,0,850.75,1283.3,0,0,0,0,17-AUG-2016,
OPTIDX,NIFTYPSE,25-Aug-2016,2300,CE,0,0,0,675.65,1183.45,0,0,0,0,17-AUG-2016,
OPTIDX,NIFTYPSE,25-Aug-2016,2400,CE,0,0,0,577.65,1083.6,0,0,0,0,17-AUG-2016,
OPTIDX,NIFTYPSE,25-Aug-2016,2500,CE,0,0,0,480.35,983.75,0,0,0,0,17-AUG-2016,
OPTIDX,NIFTYPSE,25-Aug-2016,2600,CE,0,0,0,385.2,883.9,0,0,0,0,17-AUG-2016,
OPTIDX,NIFTYPSE,25-Aug-2016,2700,CE,0,0,0,294.9,784.05,0,0,0,0,17-AUG-2016,
OPTIDX,NIFTYPSE,25-Aug-2016,2800,CE,0,0,0,213.3,684.2,0,0,0,0,17-AUG-2016,
OPTIDX,NIFTYPSE,25-Aug-2016,2900,CE,0,0,0,144.35,584.35,0,0,0,0,17-AUG-2016,
OPTIDX,NIFTYPSE,25-Aug-2016,3000,CE,0,0,0,90.8,484.5,0,0,0,0,17-AUG-2016,
OPTIDX,NIFTYPSE,25-Aug-2016,3100,CE,0,0,0,52.85,384.65,0,0,0,0,17-AUG-2016,
OPTIDX,NIFTYPSE,25-Aug-2016,3200,CE,0,0,0,28.45,284.8,0,0,0,0,17-AUG-2016,
OPTIDX,NIFTYPSE,25-Aug-2016,3300,CE,0,0,0,14.15,185.45,0,0,0,0,17-AUG-2016,
OPTIDX,NIFTYPSE,25-Aug-2016,3400,CE,0,0,0,6.5,92.8,0,0,0,0,17-AUG-2016,
OPTIDX,NIFTYPSE,25-Aug-2016,3500,CE,0,0,0,2.75,28.5,0,0,0,0,17-AUG-2016,
OPTIDX,NIFTYPSE,25-Aug-2016,3600,CE,0,0,0,2.3,4.35,0,0,0,0,17-AUG-2016,
OPTIDX,NIFTYPSE,25-Aug-2016,3700,CE,0,0,0,0.7,0.3,0,0,0,0,17-AUG-2016,
OPTIDX,NIFTYPSE,25-Aug-2016,3800,CE,0,0,0,0.25,0.05,0,0,0,0,17-AUG-2016,
OPTIDX,NIFTYPSE,25-Aug-2016,3900,CE,0,0,0,0.05,0,0,0,0,0,17-AUG-2016,
OPTIDX,NIFTYPSE,25-Aug-2016,4000,CE,0,0,0,0.05,0,0,0,0,0,17-AUG-2016,
OPTIDX,NIFTYPSE,25-Aug-2016,4100,CE,0,0,0,0.15,0,0,0,0,0,17-AUG-2016,
OPTIDX,NIFTYPSE,25-Aug-2016,4200,CE,0,0,0,0.05,0,0,0,0,0,17-AUG-2016,
OPTIDX,NIFTYPSE,25-Aug-2016,4300,CE,0,0,0,0.05,0,0,0,0,0,17-AUG-2016,
OPTIDX,NIFTYPSE,25-Aug-2016,2200,PE,0,0,0,0.05,0,0,0,0,0,17-AUG-2016,
OPTIDX,NIFTYPSE,25-Aug-2016,2300,PE,0,0,0,0.05,0,0,0,0,0,17-AUG-2016,
OPTIDX,NIFTYPSE,25-Aug-2016,2400,PE,0,0,0,0.3,0,0,0,0,0,17-AUG-2016,
OPTIDX,NIFTYPSE,25-Aug-2016,2500,PE,0,0,0,1.2,0,0,0,0,0,17-AUG-2016,
OPTIDX,NIFTYPSE,25-Aug-2016,2600,PE,0,0,0,4.3,0,0,0,0,0,17-AUG-2016,
OPTIDX,NIFTYPSE,25-Aug-2016,2700,PE,0,0,0,12.2,0,0,0,0,0,17-AUG-2016,
OPTIDX,NIFTYPSE,25-Aug-2016,2800,PE,0,0,0,28.8,0,0,0,0,0,17-AUG-2016,
OPTIDX,NIFTYPSE,25-Aug-2016,2900,PE,0,0,0,58.05,0,0,0,0,0,17-AUG-2016,
OPTIDX,NIFTYPSE,25-Aug-2016,3000,PE,0,0,0,102.7,0,0,0,0,0,17-AUG-2016,
OPTIDX,NIFTYPSE,25-Aug-2016,3100,PE,0,0,0,163,0,0,0,0,0,17-AUG-2016,
OPTIDX,NIFTYPSE,25-Aug-2016,3200,PE,0,0,0,236.8,0.05,0,0,0,0,17-AUG-2016,
OPTIDX,NIFTYPSE,25-Aug-2016,3300,PE,0,0,0,320.7,0.5,0,0,0,0,17-AUG-2016,
OPTIDX,NIFTYPSE,25-Aug-2016,3400,PE,0,0,0,411.3,7.7,0,0,0,0,17-AUG-2016,
OPTIDX,NIFTYPSE,25-Aug-2016,3500,PE,0,0,0,505.8,43.3,0,0,0,0,17-AUG-2016,
OPTIDX,NIFTYPSE,25-Aug-2016,3600,PE,0,0,0,562.05,119,0,0,0,0,17-AUG-2016,
OPTIDX,NIFTYPSE,25-Aug-2016,3700,PE,0,0,0,625.25,214.75,0,0,0,0,17-AUG-2016,
OPTIDX,NIFTYPSE,25-Aug-2016,3800,PE,0,0,0,723.15,314.35,0,0,0,0,17-AUG-2016,
OPTIDX,NIFTYPSE,25-Aug-2016,3900,PE,0,0,0,779.7,414.2,0,0,0,0,17-AUG-2016,
OPTIDX,NIFTYPSE,25-Aug-2016,4000,PE,0,0,0,787.65,514.05,0,0,0,0,17-AUG-2016,
OPTIDX,NIFTYPSE,25-Aug-2016,4100,PE,0,0,0,780.9,613.9,0,0,0,0,17-AUG-2016,
OPTIDX,NIFTYPSE,25-Aug-2016,4200,PE,0,0,0,817.95,713.75,0,0,0,0,17-AUG-2016,
OPTIDX,NIFTYPSE,25-Aug-2016,4300,PE,0,0,0,832.45,813.6,0,0,0,0,17-AUG-2016,
OPTIDX,NIFTYPSE,29-Sep-2016,2400,CE,0,0,0,811.2,1099.45,0,0,0,0,17-AUG-2016,
OPTIDX,NIFTYPSE,29-Sep-2016,2500,CE,0,0,0,713,1000.25,0,0,0,0,17-AUG-2016,
OPTIDX,NIFTYPSE,29-Sep-2016,2600,CE,0,0,0,615,901.05,0,0,0,0,17-AUG-2016,
OPTIDX,NIFTYPSE,29-Sep-2016,2700,CE,0,0,0,517.7,801.9,0,0,0,0,17-AUG-2016,
OPTIDX,NIFTYPSE,29-Sep-2016,2800,CE,0,0,0,422.3,702.7,0,0,0,0,17-AUG-2016,
OPTIDX,NIFTYPSE,29-Sep-2016,2900,CE,0,0,0,331.1,603.55,0,0,0,0,17-AUG-2016,
OPTIDX,NIFTYPSE,29-Sep-2016,3000,CE,0,0,0,247.35,504.55,0,0,0,0,17-AUG-2016,
OPTIDX,NIFTYPSE,29-Sep-2016,3100,CE,0,0,0,174.65,406.4,0,0,0,0,17-AUG-2016,
OPTIDX,NIFTYPSE,29-Sep-2016,3200,CE,0,0,0,115.85,310.95,0,0,0,0,17-AUG-2016,
OPTIDX,NIFTYPSE,29-Sep-2016,3300,CE,0,0,0,71.85,222.2,0,0,0,0,17-AUG-2016,
OPTIDX,NIFTYPSE,29-Sep-2016,3400,CE,0,0,0,41.75,145.55,0,0,0,0,17-AUG-2016,
OPTIDX,NIFTYPSE,29-Sep-2016,3500,CE,0,0,0,22.5,86.05,0,0,0,0,17-AUG-2016,
OPTIDX,NIFTYPSE,29-Sep-2016,3600,CE,0,0,0,11.35,45.35,0,0,0,0,17-AUG-2016,
OPTIDX,NIFTYPSE,29-Sep-2016,3700,CE,0,0,0,5.35,21.2,0,0,0,0,17-AUG-2016,
OPTIDX,NIFTYPSE,29-Sep-2016,3800,CE,0,0,0,2.35,8.75,0,0,0,0,17-AUG-2016,
OPTIDX,NIFTYPSE,29-Sep-2016,3900,CE,0,0,0,1,3.2,0,0,0,0,17-AUG-2016,
OPTIDX,NIFTYPSE,29-Sep-2016,4000,CE,0,0,0,0.4,1.05,0,0,0,0,17-AUG-2016,
OPTIDX,NIFTYPSE,29-Sep-2016,4100,CE,0,0,0,1.55,0.3,0,0,0,0,17-AUG-2016,
OPTIDX,NIFTYPSE,29-Sep-2016,4200,CE,0,0,0,0.75,0.1,0,0,0,0,17-AUG-2016,
OPTIDX,NIFTYPSE,29-Sep-2016,4300,CE,0,0,0,0.15,0.05,0,0,0,0,17-AUG-2016,
OPTIDX,NIFTYPSE,29-Sep-2016,2400,PE,0,0,0,0.05,0,0,0,0,0,17-AUG-2016,
OPTIDX,NIFTYPSE,29-Sep-2016,2500,PE,0,0,0,0.1,0,0,0,0,0,17-AUG-2016,
OPTIDX,NIFTYPSE,29-Sep-2016,2600,PE,0,0,0,0.3,0,0,0,0,0,17-AUG-2016,
OPTIDX,NIFTYPSE,29-Sep-2016,2700,PE,0,0,0,1.25,0,0,0,0,0,17-AUG-2016,
OPTIDX,NIFTYPSE,29-Sep-2016,2800,PE,0,0,0,4.1,0,0,0,0,0,17-AUG-2016,
OPTIDX,NIFTYPSE,29-Sep-2016,2900,PE,0,0,0,11.1,0.05,0,0,0,0,17-AUG-2016,
OPTIDX,NIFTYPSE,29-Sep-2016,3000,PE,0,0,0,25.6,0.25,0,0,0,0,17-AUG-2016,
OPTIDX,NIFTYPSE,29-Sep-2016,3100,PE,0,0,0,51.15,1.3,0,0,0,0,17-AUG-2016,
OPTIDX,NIFTYPSE,29-Sep-2016,3200,PE,0,0,0,90.55,5.05,0,0,0,0,17-AUG-2016,
OPTIDX,NIFTYPSE,29-Sep-2016,3300,PE,0,0,0,144.8,15.5,0,0,0,0,17-AUG-2016,
OPTIDX,NIFTYPSE,29-Sep-2016,3400,PE,0,0,0,212.9,38.05,0,0,0,0,17-AUG-2016,
OPTIDX,NIFTYPSE,29-Sep-2016,3500,PE,0,0,0,291.9,77.75,0,0,0,0,17-AUG-2016,
OPTIDX,NIFTYPSE,29-Sep-2016,3600,PE,0,0,0,379,136.2,0,0,0,0,17-AUG-2016,
OPTIDX,NIFTYPSE,29-Sep-2016,3700,PE,0,0,0,471.2,211.25,0,0,0,0,17-AUG-2016,
OPTIDX,NIFTYPSE,29-Sep-2016,3800,PE,0,0,0,566.45,297.95,0,0,0,0,17-AUG-2016,
OPTIDX,NIFTYPSE,29-Sep-2016,3900,PE,0,0,0,663.35,391.6,0,0,0,0,17-AUG-2016,
OPTIDX,NIFTYPSE,29-Sep-2016,4000,PE,0,0,0,760.95,488.65,0,0,0,0,17-AUG-2016,
OPTIDX,NIFTYPSE,29-Sep-2016,4100,PE,0,0,0,754.8,587.1,0,0,0,0,17-AUG-2016,
OPTIDX,NIFTYPSE,29-Sep-2016,4200,PE,0,0,0,790.85,686.1,0,0,0,0,17-AUG-2016,
OPTIDX,NIFTYPSE,29-Sep-2016,4300,PE,0,0,0,804,785.2,0,0,0,0,17-AUG-2016,
OPTIDX,NIFTYPSE,27-Oct-2016,2600,CE,0,0,0,864.25,914.7,0,0,0,0,17-AUG-2016,
OPTIDX,NIFTYPSE,27-Oct-2016,2700,CE,0,0,0,766.15,816.05,0,0,0,0,17-AUG-2016,
OPTIDX,NIFTYPSE,27-Oct-2016,2800,CE,0,0,0,668.45,717.45,0,0,0,0,17-AUG-2016,
OPTIDX,NIFTYPSE,27-Oct-2016,2900,CE,0,0,0,571.85,619.05,0,0,0,0,17-AUG-2016,
OPTIDX,NIFTYPSE,27-Oct-2016,3000,CE,0,0,0,477.55,521.45,0,0,0,0,17-AUG-2016,
OPTIDX,NIFTYPSE,27-Oct-2016,3100,CE,0,0,0,387.5,425.85,0,0,0,0,17-AUG-2016,
OPTIDX,NIFTYPSE,27-Oct-2016,3200,CE,0,0,0,304,334.55,0,0,0,0,17-AUG-2016,
OPTIDX,NIFTYPSE,27-Oct-2016,3300,CE,0,0,0,229.55,250.75,0,0,0,0,17-AUG-2016,
OPTIDX,NIFTYPSE,27-Oct-2016,3400,CE,0,0,0,166.4,177.9,0,0,0,0,17-AUG-2016,
OPTIDX,NIFTYPSE,27-Oct-2016,3500,CE,0,0,0,115.4,118.7,0,0,0,0,17-AUG-2016,
OPTIDX,NIFTYPSE,27-Oct-2016,3600,CE,0,0,0,76.5,74.2,0,0,0,0,17-AUG-2016,
OPTIDX,NIFTYPSE,27-Oct-2016,3700,CE,0,0,0,48.6,43.45,0,0,0,0,17-AUG-2016,
OPTIDX,NIFTYPSE,27-Oct-2016,3800,CE,0,0,0,29.35,23.6,0,0,0,0,17-AUG-2016,
OPTIDX,NIFTYPSE,27-Oct-2016,3900,CE,0,0,0,17,12,0,0,0,0,17-AUG-2016,
OPTIDX,NIFTYPSE,27-Oct-2016,4000,CE,0,0,0,9.4,5.7,0,0,0,0,17-AUG-2016,
OPTIDX,NIFTYPSE,27-Oct-2016,4100,CE,0,0,0,5,2.55,0,0,0,0,17-AUG-2016,
OPTIDX,NIFTYPSE,27-Oct-2016,4200,CE,0,0,0,2.55,1.05,0,0,0,0,17-AUG-2016,
OPTIDX,NIFTYPSE,27-Oct-2016,4300,CE,0,0,0,1.25,0.45,0,0,0,0,17-AUG-2016,
OPTIDX,NIFTYPSE,27-Oct-2016,2600,PE,0,0,0,0.05,0,0,0,0,0,17-AUG-2016,
OPTIDX,NIFTYPSE,27-Oct-2016,2700,PE,0,0,0,0.25,0.05,0,0,0,0,17-AUG-2016,
OPTIDX,NIFTYPSE,27-Oct-2016,2800,PE,0,0,0,0.85,0.1,0,0,0,0,17-AUG-2016,
OPTIDX,NIFTYPSE,27-Oct-2016,2900,PE,0,0,0,2.55,0.4,0,0,0,0,17-AUG-2016,
OPTIDX,NIFTYPSE,27-Oct-2016,3000,PE,0,0,0,6.55,1.45,0,0,0,0,17-AUG-2016,
OPTIDX,NIFTYPSE,27-Oct-2016,3100,PE,0,0,0,14.7,4.55,0,0,0,0,17-AUG-2016,
OPTIDX,NIFTYPSE,27-Oct-2016,3200,PE,0,0,0,29.5,11.9,0,0,0,0,17-AUG-2016,
OPTIDX,NIFTYPSE,27-Oct-2016,3300,PE,0,0,0,53.4,26.75,0,0,0,0,17-AUG-2016,
OPTIDX,NIFTYPSE,27-Oct-2016,3400,PE,0,0,0,88.5,52.55,0,0,0,0,17-AUG-2016,
OPTIDX,NIFTYPSE,27-Oct-2016,3500,PE,0,0,0,135.8,92.05,0,0,0,0,17-AUG-2016,
OPTIDX,NIFTYPSE,27-Oct-2016,3600,PE,0,0,0,195.15,146.2,0,0,0,0,17-AUG-2016,
OPTIDX,NIFTYPSE,27-Oct-2016,3700,PE,0,0,0,265.55,214.1,0,0,0,0,17-AUG-2016,
OPTIDX,NIFTYPSE,27-Oct-2016,3800,PE,0,0,0,344.6,292.95,0,0,0,0,17-AUG-2016,
OPTIDX,NIFTYPSE,27-Oct-2016,3900,PE,0,0,0,430.5,380,0,0,0,0,17-AUG-2016,
OPTIDX,NIFTYPSE,27-Oct-2016,4000,PE,0,0,0,521.2,472.4,0,0,0,0,17-AUG-2016,
OPTIDX,NIFTYPSE,27-Oct-2016,4100,PE,0,0,0,615.05,567.9,0,0,0,0,17-AUG-2016,
OPTIDX,NIFTYPSE,27-Oct-2016,4200,PE,0,0,0,710.9,665.05,0,0,0,0,17-AUG-2016,
OPTIDX,NIFTYPSE,27-Oct-2016,4300,PE,0,0,0,782.55,763.1,0,0,0,0,17-AUG-2016,
OPTIDX,S&P500,19-Aug-2016,1900,CE,0,0,0,140.2,278.9,0,0,0,0,17-AUG-2016,
OPTIDX,S&P500,19-Aug-2016,1910,CE,0,0,0,132.85,268.9,0,0,0,0,17-AUG-2016,
OPTIDX,S&P500,19-Aug-2016,1920,CE,0,0,0,125.55,258.9,0,0,0,0,17-AUG-2016,
OPTIDX,S&P500,19-Aug-2016,1930,CE,0,0,0,118.45,248.9,0,0,0,0,17-AUG-2016,
OPTIDX,S&P500,19-Aug-2016,1935,CE,0,0,0,140.9,243.9,0,0,0,0,17-AUG-2016,
OPTIDX,S&P500,19-Aug-2016,1940,CE,0,0,0,144.9,238.9,0,0,0,0,17-AUG-2016,
OPTIDX,S&P500,19-Aug-2016,1945,CE,0,0,0,133.35,233.9,0,0,0,0,17-AUG-2016,
OPTIDX,S&P500,19-Aug-2016,1950,CE,0,0,0,136.75,228.9,0,0,0,0,17-AUG-2016,
OPTIDX,S&P500,19-Aug-2016,1955,CE,0,0,0,126.05,223.9,0,0,0,0,17-AUG-2016,
OPTIDX,S&P500,19-Aug-2016,1960,CE,0,0,0,128.85,218.9,0,0,0,0,17-AUG-2016,
OPTIDX,S&P500,19-Aug-2016,1965,CE,0,0,0,118.8,213.9,0,0,0,0,17-AUG-2016,
OPTIDX,S&P500,19-Aug-2016,1970,CE,0,0,0,121.1,208.9,0,0,0,0,17-AUG-2016,
OPTIDX,S&P500,19-Aug-2016,1975,CE,0,0,0,146.65,203.9,0,0,0,0,17-AUG-2016,
OPTIDX,S&P500,19-Aug-2016,1980,CE,0,0,0,113.6,198.9,0,0,0,0,17-AUG-2016,
OPTIDX,S&P500,19-Aug-2016,1985,CE,0,0,0,110.05,193.9,0,0,0,0,17-AUG-2016,
OPTIDX,S&P500,19-Aug-2016,1990,CE,0,0,0,106.4,188.9,0,0,0,0,17-AUG-2016,
OPTIDX,S&P500,19-Aug-2016,1995,CE,0,0,0,102.8,183.9,0,0,0,0,17-AUG-2016,
OPTIDX,S&P500,19-Aug-2016,2000,CE,0,0,0,99.3,178.9,0,0,0,0,17-AUG-2016,
OPTIDX,S&P500,19-Aug-2016,2005,CE,0,0,0,95.9,173.9,0,0,0,0,17-AUG-2016,
OPTIDX,S&P500,19-Aug-2016,2010,CE,0,0,0,92.55,168.9,0,0,0,0,17-AUG-2016,
OPTIDX,S&P500,19-Aug-2016,2015,CE,0,0,0,89.3,163.9,0,0,0,0,17-AUG-2016,
OPTIDX,S&P500,19-Aug-2016,2020,CE,0,0,0,86.05,158.95,0,0,0,0,17-AUG-2016,
OPTIDX,S&P500,19-Aug-2016,2025,CE,0,0,0,82.9,153.95,0,0,0,0,17-AUG-2016,
OPTIDX,S&P500,19-Aug-2016,2030,CE,0,0,0,79.85,148.95,0,0,0,0,17-AUG-2016,
OPTIDX,S&P500,19-Aug-2016,2035,CE,0,0,0,76.8,143.95,0,0,0,0,17-AUG-2016,
OPTIDX,S&P500,19-Aug-2016,2040,CE,0,0,0,73.9,138.95,0,0,0,0,17-AUG-2016,
OPTIDX,S&P500,19-Aug-2016,2045,CE,0,0,0,71,133.95,0,0,0,0,17-AUG-2016,
OPTIDX,S&P500,19-Aug-2016,2050,CE,0,0,0,68.2,128.95,0,0,0,0,17-AUG-2016,
OPTIDX,S&P500,19-Aug-2016,2055,CE,0,0,0,65.5,123.95,0,0,0,0,17-AUG-2016,
OPTIDX,S&P500,19-Aug-2016,2060,CE,0,0,0,62.8,118.95,0,0,0,0,17-AUG-2016,
OPTIDX,S&P500,19-Aug-2016,2065,CE,0,0,0,60.25,113.95,0,0,0,0,17-AUG-2016,
OPTIDX,S&P500,19-Aug-2016,2070,CE,0,0,0,57.7,108.95,0,0,0,0,17-AUG-2016,
OPTIDX,S&P500,19-Aug-2016,2075,CE,0,0,0,55.25,103.95,0,0,0,0,17-AUG-2016,
OPTIDX,S&P500,19-Aug-2016,2080,CE,0,0,0,52.9,98.95,0,0,0,0,17-AUG-2016,
OPTIDX,S&P500,19-Aug-2016,2085,CE,0,0,0,50.55,93.95,0,0,0,0,17-AUG-2016,
OPTIDX,S&P500,19-Aug-2016,2090,CE,0,0,0,48.35,88.95,0,0,0,0,17-AUG-2016,
OPTIDX,S&P500,19-Aug-2016,2095,CE,0,0,0,46.15,83.95,0,0,0,0,17-AUG-2016,
OPTIDX,S&P500,19-Aug-2016,2100,CE,0,0,0,44.05,78.95,0,0,0,0,17-AUG-2016,
OPTIDX,S&P500,19-Aug-2016,2105,CE,0,0,0,46.6,73.95,0,0,0,0,17-AUG-2016,
OPTIDX,S&P500,19-Aug-2016,2110,CE,0,0,0,40.05,68.95,0,0,0,0,17-AUG-2016,
OPTIDX,S&P500,19-Aug-2016,2115,CE,0,0,0,55.5,63.95,0,0,0,0,17-AUG-2016,
OPTIDX,S&P500,19-Aug-2016,2120,CE,0,0,0,36.35,58.95,0,0,0,0,17-AUG-2016,
OPTIDX,S&P500,19-Aug-2016,2125,CE,0,0,0,50.95,53.95,0,0,0,0,17-AUG-2016,
OPTIDX,S&P500,19-Aug-2016,2130,CE,0,0,0,32.9,49,0,0,0,0,17-AUG-2016,
OPTIDX,S&P500,19-Aug-2016,2135,CE,0,0,0,46.65,44,0,0,0,0,17-AUG-2016,
OPTIDX,S&P500,19-Aug-2016,2140,CE,0,0,0,29.65,39.1,0,0,0,0,17-AUG-2016,
OPTIDX,S&P500,19-Aug-2016,2145,CE,0,0,0,42.6,34.2,0,0,0,0,17-AUG-2016,
OPTIDX,S&P500,19-Aug-2016,2150,CE,0,0,0,29.85,29.45,0,0,0,0,17-AUG-2016,
OPTIDX,S&P500,19-Aug-2016,2155,CE,0,0,0,38.85,24.8,0,0,0,0,17-AUG-2016,
OPTIDX,S&P500,19-Aug-2016,2160,CE,0,0,0,42.1,20.45,0,0,0,0,17-AUG-2016,
OPTIDX,S&P500,19-Aug-2016,2165,CE,0,0,0,35.3,16.4,0,0,0,0,17-AUG-2016,
OPTIDX,S&P500,19-Aug-2016,2170,CE,0,0,0,38.35,12.75,0,0,0,0,17-AUG-2016,
OPTIDX,S&P500,19-Aug-2016,2175,CE,0,0,0,32.05,9.55,0,0,0,0,17-AUG-2016,
OPTIDX,S&P500,19-Aug-2016,2180,CE,0,0,0,34.85,6.9,0,0,0,0,17-AUG-2016,
OPTIDX,S&P500,19-Aug-2016,2185,CE,0,0,0,27.3,4.8,0,0,0,0,17-AUG-2016,
OPTIDX,S&P500,19-Aug-2016,2190,CE,0,0,0,31.6,3.2,0,0,0,0,17-AUG-2016,
OPTIDX,S&P500,19-Aug-2016,2195,CE,0,0,0,24.25,2,0,0,0,0,17-AUG-2016,
OPTIDX,S&P500,19-Aug-2016,2200,CE,0,0,0,27.15,1.25,0,0,0,0,17-AUG-2016,
OPTIDX,S&P500,19-Aug-2016,2205,CE,0,0,0,20.2,0.7,0,0,0,0,17-AUG-2016,
OPTIDX,S&P500,19-Aug-2016,2210,CE,0,0,0,17.95,0.4,0,0,0,0,17-AUG-2016,
OPTIDX,S&P500,19-Aug-2016,2215,CE,0,0,0,13.95,0.2,0,0,0,0,17-AUG-2016,
OPTIDX,S&P500,19-Aug-2016,2220,CE,0,0,0,15.7,0.1,0,0,0,0,17-AUG-2016,
OPTIDX,S&P500,19-Aug-2016,2225,CE,0,0,0,28.85,0.05,0,0,0,0,17-AUG-2016,
OPTIDX,S&P500,19-Aug-2016,2230,CE,0,0,0,27.4,0.05,0,0,0,0,17-AUG-2016,
OPTIDX,S&P500,19-Aug-2016,2235,CE,0,0,0,26,0.05,0,0,0,0,17-AUG-2016,
OPTIDX,S&P500,19-Aug-2016,2240,CE,0,0,0,27.55,0,0,0,0,0,17-AUG-2016,
OPTIDX,S&P500,19-Aug-2016,2245,CE,0,0,0,24.05,0,0,0,0,0,17-AUG-2016,
OPTIDX,S&P500,19-Aug-2016,2250,CE,0,0,0,24.75,0,0,0,0,0,17-AUG-2016,
OPTIDX,S&P500,19-Aug-2016,2255,CE,0,0,0,21.3,0,0,0,0,0,17-AUG-2016,
OPTIDX,S&P500,19-Aug-2016,2260,CE,0,0,0,17.6,0,0,0,0,0,17-AUG-2016,
OPTIDX,S&P500,19-Aug-2016,2265,CE,0,0,0,18.9,0,0,0,0,0,17-AUG-2016,
OPTIDX,S&P500,19-Aug-2016,2270,CE,0,0,0,7.4,0,0,0,0,0,17-AUG-2016,
OPTIDX,S&P500,19-Aug-2016,2275,CE,0,0,0,12.15,0,0,0,0,0,17-AUG-2016,
OPTIDX,S&P500,19-Aug-2016,2280,CE,0,0,0,0.4,0,0,0,0,0,17-AUG-2016,
OPTIDX,S&P500,19-Aug-2016,2285,CE,0,0,0,0.55,0,0,0,0,0,17-AUG-2016,
OPTIDX,S&P500,19-Aug-2016,2290,CE,0,0,0,0.05,0,0,0,0,0,17-AUG-2016,
OPTIDX,S&P500,19-Aug-2016,1900,PE,0,0,0,20.45,0,0,0,0,0,17-AUG-2016,
OPTIDX,S&P500,19-Aug-2016,1910,PE,0,0,0,23,0,0,0,0,0,17-AUG-2016,
OPTIDX,S&P500,19-Aug-2016,1920,PE,0,0,0,25.6,0,0,0,0,0,17-AUG-2016,
OPTIDX,S&P500,19-Aug-2016,1930,PE,0,0,0,28.4,0,0,0,0,0,17-AUG-2016,
OPTIDX,S&P500,19-Aug-2016,1935,PE,0,0,0,18.7,0,0,0,0,0,17-AUG-2016,
OPTIDX,S&P500,19-Aug-2016,1940,PE,0,0,0,10.7,0,0,0,0,0,17-AUG-2016,
OPTIDX,S&P500,19-Aug-2016,1945,PE,0,0,0,21,0,0,0,0,0,17-AUG-2016,
OPTIDX,S&P500,19-Aug-2016,1950,PE,0,0,0,12.4,0,0,0,0,0,17-AUG-2016,
OPTIDX,S&P500,19-Aug-2016,1955,PE,0,0,0,23.6,0,0,0,0,0,17-AUG-2016,
OPTIDX,S&P500,19-Aug-2016,1960,PE,0,0,0,14.3,0,0,0,0,0,17-AUG-2016,
OPTIDX,S&P500,19-Aug-2016,1965,PE,0,0,0,26.25,0,0,0,0,0,17-AUG-2016,
OPTIDX,S&P500,19-Aug-2016,1970,PE,0,0,0,16.4,0,0,0,0,0,17-AUG-2016,
OPTIDX,S&P500,19-Aug-2016,1975,PE,0,0,0,12.15,0,0,0,0,0,17-AUG-2016,
OPTIDX,S&P500,19-Aug-2016,1980,PE,0,0,0,18.75,0,0,0,0,0,17-AUG-2016,
OPTIDX,S&P500,19-Aug-2016,1985,PE,0,0,0,20.05,0,0,0,0,0,17-AUG-2016,
OPTIDX,S&P500,19-Aug-2016,1990,PE,0,0,0,21.35,0,0,0,0,0,17-AUG-2016,
OPTIDX,S&P500,19-Aug-2016,1995,PE,0,0,0,22.65,0,0,0,0,0,17-AUG-2016,
OPTIDX,S&P500,19-Aug-2016,2000,PE,0,0,0,24.1,0,0,0,0,0,17-AUG-2016,
OPTIDX,S&P500,19-Aug-2016,2005,PE,0,0,0,25.6,0,0,0,0,0,17-AUG-2016,
OPTIDX,S&P500,19-Aug-2016,2010,PE,0,0,0,27.15,0,0,0,0,0,17-AUG-2016,
OPTIDX,S&P500,19-Aug-2016,2015,PE,0,0,0,28.8,0,0,0,0,0,17-AUG-2016,
OPTIDX,S&P500,19-Aug-2016,2020,PE,0,0,0,30.5,0,0,0,0,0,17-AUG-2016,
OPTIDX,S&P500,19-Aug-2016,2025,PE,0,0,0,32.25,0,0,0,0,0,17-AUG-2016,
OPTIDX,S&P500,19-Aug-2016,2030,PE,0,0,0,34.1,0,0,0,0,0,17-AUG-2016,
OPTIDX,S&P500,19-Aug-2016,2035,PE,0,0,0,36,0,0,0,0,0,17-AUG-2016,
OPTIDX,S&P500,19-Aug-2016,2040,PE,0,0,0,37.95,0,0,0,0,0,17-AUG-2016,
OPTIDX,S&P500,19-Aug-2016,2045,PE,0,0,0,40,0,0,0,0,0,17-AUG-2016,
OPTIDX,S&P500,19-Aug-2016,2050,PE,0,0,0,42.1,0,0,0,0,0,17-AUG-2016,
OPTIDX,S&P500,19-Aug-2016,2055,PE,0,0,0,44.3,0,0,0,0,0,17-AUG-2016,
OPTIDX,S&P500,19-Aug-2016,2060,PE,0,0,0,46.55,0,0,0,0,0,17-AUG-2016,
OPTIDX,S&P500,19-Aug-2016,2065,PE,0,0,0,48.85,0,0,0,0,0,17-AUG-2016,
OPTIDX,S&P500,19-Aug-2016,2070,PE,0,0,0,51.25,0,0,0,0,0,17-AUG-2016,
OPTIDX,S&P500,19-Aug-2016,2075,PE,0,0,0,53.7,0,0,0,0,0,17-AUG-2016,
OPTIDX,S&P500,19-Aug-2016,2080,PE,0,0,0,56.25,0,0,0,0,0,17-AUG-2016,
OPTIDX,S&P500,19-Aug-2016,2085,PE,0,0,0,58.85,0,0,0,0,0,17-AUG-2016,
OPTIDX,S&P500,19-Aug-2016,2090,PE,0,0,0,61.5,0,0,0,0,0,17-AUG-2016,
OPTIDX,S&P500,19-Aug-2016,2095,PE,0,0,0,64.25,0,0,0,0,0,17-AUG-2016,
OPTIDX,S&P500,19-Aug-2016,2100,PE,0,0,0,67.1,0,0,0,0,0,17-AUG-2016,
OPTIDX,S&P500,19-Aug-2016,2105,PE,0,0,0,62.7,0,0,0,0,0,17-AUG-2016,
OPTIDX,S&P500,19-Aug-2016,2110,PE,0,0,0,72.9,0,0,0,0,0,17-AUG-2016,
OPTIDX,S&P500,19-Aug-2016,2115,PE,0,0,0,58.65,0,0,0,0,0,17-AUG-2016,
OPTIDX,S&P500,19-Aug-2016,2120,PE,0,0,0,79,0,0,0,0,0,17-AUG-2016,
OPTIDX,S&P500,19-Aug-2016,2125,PE,0,0,0,63.9,0.05,0,0,0,0,17-AUG-2016,
OPTIDX,S&P500,19-Aug-2016,2130,PE,0,0,0,85.35,0.05,0,0,0,0,17-AUG-2016,
OPTIDX,S&P500,19-Aug-2016,2135,PE,0,0,0,69.45,0.05,0,0,0,0,17-AUG-2016,
OPTIDX,S&P500,19-Aug-2016,2140,PE,0,0,0,91.95,0.15,0,0,0,0,17-AUG-2016,
OPTIDX,S&P500,19-Aug-2016,2145,PE,0,0,0,75.25,0.25,0,0,0,0,17-AUG-2016,
OPTIDX,S&P500,19-Aug-2016,2150,PE,0,0,0,90.2,0.5,0,0,0,0,17-AUG-2016,
OPTIDX,S&P500,19-Aug-2016,2155,PE,0,0,0,81.3,0.85,0,0,0,0,17-AUG-2016,
OPTIDX,S&P500,19-Aug-2016,2160,PE,0,0,0,75.55,1.5,0,0,0,0,17-AUG-2016,
OPTIDX,S&P500,19-Aug-2016,2165,PE,0,0,0,87.6,2.4,0,0,0,0,17-AUG-2016,
OPTIDX,S&P500,19-Aug-2016,2170,PE,0,0,0,81.65,3.75,0,0,0,0,17-AUG-2016,
OPTIDX,S&P500,19-Aug-2016,2175,PE,0,0,0,94.15,5.6,0,0,0,0,17-AUG-2016,
OPTIDX,S&P500,19-Aug-2016,2180,PE,0,0,0,87.95,7.95,0,0,0,0,17-AUG-2016,
OPTIDX,S&P500,19-Aug-2016,2185,PE,0,0,0,81.55,10.8,0,0,0,0,17-AUG-2016,
OPTIDX,S&P500,19-Aug-2016,2190,PE,0,0,0,94.55,14.2,0,0,0,0,17-AUG-2016,
OPTIDX,S&P500,19-Aug-2016,2195,PE,0,0,0,88.35,18.05,0,0,0,0,17-AUG-2016,
OPTIDX,S&P500,19-Aug-2016,2200,PE,0,0,0,93.1,22.25,0,0,0,0,17-AUG-2016,
OPTIDX,S&P500,19-Aug-2016,2205,PE,0,0,0,87.5,26.75,0,0,0,0,17-AUG-2016,
OPTIDX,S&P500,19-Aug-2016,2210,PE,0,0,0,87,31.4,0,0,0,0,17-AUG-2016,
OPTIDX,S&P500,19-Aug-2016,2215,PE,0,0,0,84.2,36.25,0,0,0,0,17-AUG-2016,
OPTIDX,S&P500,19-Aug-2016,2220,PE,0,0,0,85.9,41.15,0,0,0,0,17-AUG-2016,
OPTIDX,S&P500,19-Aug-2016,2225,PE,0,0,0,100.6,46.1,0,0,0,0,17-AUG-2016,
OPTIDX,S&P500,19-Aug-2016,2230,PE,0,0,0,110.9,51.05,0,0,0,0,17-AUG-2016,
OPTIDX,S&P500,19-Aug-2016,2235,PE,0,0,0,107.7,56.05,0,0,0,0,17-AUG-2016,
OPTIDX,S&P500,19-Aug-2016,2240,PE,0,0,0,99.6,61.05,0,0,0,0,17-AUG-2016,
OPTIDX,S&P500,19-Aug-2016,2245,PE,0,0,0,91.2,66.05,0,0,0,0,17-AUG-2016,
OPTIDX,S&P500,19-Aug-2016,2250,PE,0,0,0,106.75,71.05,0,0,0,0,17-AUG-2016,
OPTIDX,S&P500,19-Aug-2016,2255,PE,0,0,0,98.4,76.05,0,0,0,0,17-AUG-2016,
OPTIDX,S&P500,19-Aug-2016,2260,PE,0,0,0,102.05,81,0,0,0,0,17-AUG-2016,
OPTIDX,S&P500,19-Aug-2016,2265,PE,0,0,0,105.95,86,0,0,0,0,17-AUG-2016,
OPTIDX,S&P500,19-Aug-2016,2270,PE,0,0,0,98.75,91,0,0,0,0,17-AUG-2016,
OPTIDX,S&P500,19-Aug-2016,2275,PE,0,0,0,101.75,96,0,0,0,0,17-AUG-2016,
OPTIDX,S&P500,19-Aug-2016,2280,PE,0,0,0,95.25,101,0,0,0,0,17-AUG-2016,
OPTIDX,S&P500,19-Aug-2016,2285,PE,0,0,0,98,106,0,0,0,0,17-AUG-2016,
OPTIDX,S&P500,19-Aug-2016,2290,PE,0,0,0,98.6,111,0,0,0,0,17-AUG-2016,
OPTIDX,S&P500,16-Sep-2016,1730,CE,0,0,0,233.75,457.85,0,0,0,0,17-AUG-2016,
OPTIDX,S&P500,16-Sep-2016,1740,CE,0,0,0,227.15,447.9,0,0,0,0,17-AUG-2016,
OPTIDX,S&P500,16-Sep-2016,1750,CE,0,0,0,243.1,437.95,0,0,0,0,17-AUG-2016,
OPTIDX,S&P500,16-Sep-2016,1755,CE,0,0,0,244.45,433,0,0,0,0,17-AUG-2016,
OPTIDX,S&P500,16-Sep-2016,1760,CE,0,0,0,248.45,428,0,0,0,0,17-AUG-2016,
OPTIDX,S&P500,16-Sep-2016,1765,CE,0,0,0,238.15,423.05,0,0,0,0,17-AUG-2016,
OPTIDX,S&P500,16-Sep-2016,1770,CE,0,0,0,334.1,418.1,0,0,0,0,17-AUG-2016,
OPTIDX,S&P500,16-Sep-2016,1775,CE,0,0,0,231.9,413.1,0,0,0,0,17-AUG-2016,
OPTIDX,S&P500,16-Sep-2016,1780,CE,0,0,0,328.4,408.15,0,0,0,0,17-AUG-2016,
OPTIDX,S&P500,16-Sep-2016,1785,CE,0,0,0,329.3,403.15,0,0,0,0,17-AUG-2016,
OPTIDX,S&P500,16-Sep-2016,1790,CE,0,0,0,322.8,398.2,0,0,0,0,17-AUG-2016,
OPTIDX,S&P500,16-Sep-2016,1795,CE,0,0,0,323.55,393.2,0,0,0,0,17-AUG-2016,
OPTIDX,S&P500,16-Sep-2016,1800,CE,0,0,0,317.25,388.25,0,0,0,0,17-AUG-2016,
OPTIDX,S&P500,16-Sep-2016,1805,CE,0,0,0,317.9,383.25,0,0,0,0,17-AUG-2016,
OPTIDX,S&P500,16-Sep-2016,1810,CE,0,0,0,311.75,378.3,0,0,0,0,17-AUG-2016,
OPTIDX,S&P500,16-Sep-2016,1815,CE,0,0,0,309,373.35,0,0,0,0,17-AUG-2016,
OPTIDX,S&P500,16-Sep-2016,1820,CE,0,0,0,306.3,368.35,0,0,0,0,17-AUG-2016,
OPTIDX,S&P500,16-Sep-2016,1825,CE,0,0,0,303.65,363.4,0,0,0,0,17-AUG-2016,
OPTIDX,S&P500,16-Sep-2016,1830,CE,0,0,0,325.45,358.4,0,0,0,0,17-AUG-2016,
OPTIDX,S&P500,16-Sep-2016,1835,CE,0,0,0,298.35,353.45,0,0,0,0,17-AUG-2016,
OPTIDX,S&P500,16-Sep-2016,1840,CE,0,0,0,330.4,348.45,0,0,0,0,17-AUG-2016,
OPTIDX,S&P500,16-Sep-2016,1845,CE,0,0,0,337.8,343.5,0,0,0,0,17-AUG-2016,
OPTIDX,S&P500,16-Sep-2016,1850,CE,0,0,0,324.55,338.55,0,0,0,0,17-AUG-2016,
OPTIDX,S&P500,16-Sep-2016,1855,CE,0,0,0,332,333.55,0,0,0,0,17-AUG-2016,
OPTIDX,S&P500,16-Sep-2016,1860,CE,0,0,0,348.65,328.6,0,0,0,0,17-AUG-2016,
OPTIDX,S&P500,16-Sep-2016,1865,CE,0,0,0,346.6,323.6,0,0,0,0,17-AUG-2016,
OPTIDX,S&P500,16-Sep-2016,1870,CE,0,0,0,342.95,318.65,0,0,0,0,17-AUG-2016,
OPTIDX,S&P500,16-Sep-2016,1875,CE,0,0,0,340.8,313.65,0,0,0,0,17-AUG-2016,
OPTIDX,S&P500,16-Sep-2016,1880,CE,0,0,0,337.3,308.7,0,0,0,0,17-AUG-2016,
OPTIDX,S&P500,16-Sep-2016,1885,CE,0,0,0,335.1,303.7,0,0,0,0,17-AUG-2016,
OPTIDX,S&P500,16-Sep-2016,1890,CE,0,0,0,354.2,298.75,0,0,0,0,17-AUG-2016,
OPTIDX,S&P500,16-Sep-2016,1895,CE,0,0,0,329.45,293.8,0,0,0,0,17-AUG-2016,
OPTIDX,S&P500,16-Sep-2016,1900,CE,0,0,0,348.45,288.8,0,0,0,0,17-AUG-2016,
OPTIDX,S&P500,16-Sep-2016,1905,CE,0,0,0,323.5,283.85,0,0,0,0,17-AUG-2016,
OPTIDX,S&P500,16-Sep-2016,1910,CE,0,0,0,342.8,278.85,0,0,0,0,17-AUG-2016,
OPTIDX,S&P500,16-Sep-2016,1915,CE,0,0,0,318.1,273.9,0,0,0,0,17-AUG-2016,
OPTIDX,S&P500,16-Sep-2016,1920,CE,0,0,0,337.25,268.9,0,0,0,0,17-AUG-2016,
OPTIDX,S&P500,16-Sep-2016,1925,CE,0,0,0,312.75,263.95,0,0,0,0,17-AUG-2016,
OPTIDX,S&P500,16-Sep-2016,1930,CE,0,0,0,331.7,259,0,0,0,0,17-AUG-2016,
OPTIDX,S&P500,16-Sep-2016,1935,CE,0,0,0,329,254,0,0,0,0,17-AUG-2016,
OPTIDX,S&P500,16-Sep-2016,1940,CE,0,0,0,326.25,249.05,0,0,0,0,17-AUG-2016,
OPTIDX,S&P500,16-Sep-2016,1945,CE,0,0,0,323.55,244.05,0,0,0,0,17-AUG-2016,
OPTIDX,S&P500,16-Sep-2016,1950,CE,0,0,0,320.85,239.1,0,0,0,0,17-AUG-2016,
OPTIDX,S&P500,16-Sep-2016,1955,CE,0,0,0,318.2,234.1,0,0,0,0,17-AUG-2016,
OPTIDX,S&P500,16-Sep-2016,1960,CE,0,0,0,315.55,229.15,0,0,0,0,17-AUG-2016,
OPTIDX,S&P500,16-Sep-2016,1965,CE,0,0,0,312.9,224.2,0,0,0,0,17-AUG-2016,
OPTIDX,S&P500,16-Sep-2016,1970,CE,0,0,0,310.3,219.2,0,0,0,0,17-AUG-2016,
OPTIDX,S&P500,16-Sep-2016,1975,CE,0,0,0,307.7,214.25,0,0,0,0,17-AUG-2016,
OPTIDX,S&P500,16-Sep-2016,1980,CE,0,0,0,305.1,209.25,0,0,0,0,17-AUG-2016,
OPTIDX,S&P500,16-Sep-2016,1985,CE,0,0,0,302.5,204.3,0,0,0,0,17-AUG-2016,
OPTIDX,S&P500,16-Sep-2016,1990,CE,0,0,0,299.95,199.35,0,0,0,0,17-AUG-2016,
OPTIDX,S&P500,16-Sep-2016,1995,CE,0,0,0,297.4,194.4,0,0,0,0,17-AUG-2016,
OPTIDX,S&P500,16-Sep-2016,2000,CE,0,0,0,294.9,189.45,0,0,0,0,17-AUG-2016,
OPTIDX,S&P500,16-Sep-2016,2005,CE,0,0,0,292.4,184.45,0,0,0,0,17-AUG-2016,
OPTIDX,S&P500,16-Sep-2016,2010,CE,0,0,0,289.9,179.5,0,0,0,0,17-AUG-2016,
OPTIDX,S&P500,16-Sep-2016,2015,CE,0,0,0,287.4,174.55,0,0,0,0,17-AUG-2016,
OPTIDX,S&P500,16-Sep-2016,2020,CE,0,0,0,284.95,169.65,0,0,0,0,17-AUG-2016,
OPTIDX,S&P500,16-Sep-2016,2025,CE,0,0,0,282.5,164.7,0,0,0,0,17-AUG-2016,
OPTIDX,S&P500,16-Sep-2016,2030,CE,0,0,0,280.1,159.8,0,0,0,0,17-AUG-2016,
OPTIDX,S&P500,16-Sep-2016,2035,CE,0,0,0,277.65,154.85,0,0,0,0,17-AUG-2016,
OPTIDX,S&P500,16-Sep-2016,2040,CE,0,0,0,275.25,149.95,0,0,0,0,17-AUG-2016,
OPTIDX,S&P500,16-Sep-2016,2045,CE,0,0,0,272.9,145.1,0,0,0,0,17-AUG-2016,
OPTIDX,S&P500,16-Sep-2016,2050,CE,0,0,0,270.5,140.2,0,0,0,0,17-AUG-2016,
OPTIDX,S&P500,16-Sep-2016,2055,CE,0,0,0,248.15,135.4,0,0,0,0,17-AUG-2016,
OPTIDX,S&P500,16-Sep-2016,2060,CE,0,0,0,265.85,130.55,0,0,0,0,17-AUG-2016,
OPTIDX,S&P500,16-Sep-2016,2065,CE,0,0,0,243.65,125.75,0,0,0,0,17-AUG-2016,
OPTIDX,S&P500,16-Sep-2016,2070,CE,0,0,0,261.2,121,0,0,0,0,17-AUG-2016,
OPTIDX,S&P500,16-Sep-2016,2075,CE,0,0,0,251.6,116.25,0,0,0,0,17-AUG-2016,
OPTIDX,S&P500,16-Sep-2016,2080,CE,0,0,0,256.65,111.55,0,0,0,0,17-AUG-2016,
OPTIDX,S&P500,16-Sep-2016,2085,CE,0,0,0,247.15,106.9,0,0,0,0,17-AUG-2016,
OPTIDX,S&P500,16-Sep-2016,2090,CE,0,0,0,252.15,102.3,0,0,0,0,17-AUG-2016,
OPTIDX,S&P500,16-Sep-2016,2095,CE,0,0,0,235.6,97.75,0,0,0,0,17-AUG-2016,
OPTIDX,S&P500,16-Sep-2016,2100,CE,0,0,0,207.3,93.3,0,0,0,0,17-AUG-2016,
OPTIDX,S&P500,16-Sep-2016,2105,CE,0,0,0,236,88.85,0,0,0,0,17-AUG-2016,
OPTIDX,S&P500,16-Sep-2016,2110,CE,0,0,0,202.5,84.5,0,0,0,0,17-AUG-2016,
OPTIDX,S&P500,16-Sep-2016,2115,CE,0,0,0,231.5,80.25,0,0,0,0,17-AUG-2016,
OPTIDX,S&P500,16-Sep-2016,2120,CE,0,0,0,197.8,76.05,0,0,0,0,17-AUG-2016,
OPTIDX,S&P500,16-Sep-2016,2125,CE,0,0,0,209.1,71.9,0,0,0,0,17-AUG-2016,
OPTIDX,S&P500,16-Sep-2016,2130,CE,0,0,0,193.15,67.9,0,0,0,0,17-AUG-2016,
OPTIDX,S&P500,16-Sep-2016,2135,CE,0,0,0,204.65,64,0,0,0,0,17-AUG-2016,
OPTIDX,S&P500,16-Sep-2016,2140,CE,0,0,0,203.55,60.2,0,0,0,0,17-AUG-2016,
OPTIDX,S&P500,16-Sep-2016,2145,CE,0,0,0,196.75,56.45,0,0,0,0,17-AUG-2016,
OPTIDX,S&P500,16-Sep-2016,2150,CE,0,0,0,198.7,52.9,0,0,0,0,17-AUG-2016,
OPTIDX,S&P500,16-Sep-2016,2155,CE,0,0,0,192.15,49.45,0,0,0,0,17-AUG-2016,
OPTIDX,S&P500,16-Sep-2016,2160,CE,0,0,0,193.95,46.1,0,0,0,0,17-AUG-2016,
OPTIDX,S&P500,16-Sep-2016,2165,CE,0,0,0,199.6,42.9,0,0,0,0,17-AUG-2016,
OPTIDX,S&P500,16-Sep-2016,2170,CE,0,0,0,189.25,39.8,0,0,0,0,17-AUG-2016,
OPTIDX,S&P500,16-Sep-2016,2175,CE,0,0,0,194.95,36.85,0,0,0,0,17-AUG-2016,
OPTIDX,S&P500,16-Sep-2016,2180,CE,0,0,0,190.8,34.05,0,0,0,0,17-AUG-2016,
OPTIDX,S&P500,16-Sep-2016,2185,CE,0,0,0,186.15,31.4,0,0,0,0,17-AUG-2016,
OPTIDX,S&P500,16-Sep-2016,2190,CE,0,0,0,186.1,28.85,0,0,0,0,17-AUG-2016,
OPTIDX,S&P500,16-Sep-2016,2195,CE,0,0,0,181.35,26.45,0,0,0,0,17-AUG-2016,
OPTIDX,S&P500,16-Sep-2016,2200,CE,0,0,0,177.6,24.2,0,0,0,0,17-AUG-2016,
OPTIDX,S&P500,16-Sep-2016,2205,CE,0,0,0,176.65,22.05,0,0,0,0,17-AUG-2016,
OPTIDX,S&P500,16-Sep-2016,2210,CE,0,0,0,172.85,20.05,0,0,0,0,17-AUG-2016,
OPTIDX,S&P500,16-Sep-2016,2215,CE,0,0,0,23.35,18.2,0,0,0,0,17-AUG-2016,
OPTIDX,S&P500,16-Sep-2016,2220,CE,0,0,0,25.3,16.5,0,0,0,0,17-AUG-2016,
OPTIDX,S&P500,16-Sep-2016,2225,CE,0,0,0,49.7,14.85,0,0,0,0,17-AUG-2016,
OPTIDX,S&P500,16-Sep-2016,2230,CE,0,0,0,47.95,13.4,0,0,0,0,17-AUG-2016,
OPTIDX,S&P500,16-Sep-2016,2235,CE,0,0,0,46.25,12,0,0,0,0,17-AUG-2016,
OPTIDX,S&P500,16-Sep-2016,2240,CE,0,0,0,48.25,10.75,0,0,0,0,17-AUG-2016,
OPTIDX,S&P500,16-Sep-2016,2245,CE,0,0,0,44.6,9.6,0,0,0,0,17-AUG-2016,
OPTIDX,S&P500,16-Sep-2016,2250,CE,0,0,0,44.85,8.55,0,0,0,0,17-AUG-2016,
OPTIDX,S&P500,16-Sep-2016,2255,CE,0,0,0,41.15,7.6,0,0,0,0,17-AUG-2016,
OPTIDX,S&P500,16-Sep-2016,2260,CE,0,0,0,36.25,6.7,0,0,0,0,17-AUG-2016,
OPTIDX,S&P500,16-Sep-2016,2265,CE,0,0,0,37.9,5.9,0,0,0,0,17-AUG-2016,
OPTIDX,S&P500,16-Sep-2016,2270,CE,0,0,0,22.5,5.2,0,0,0,0,17-AUG-2016,
OPTIDX,S&P500,16-Sep-2016,2275,CE,0,0,0,28.95,4.55,0,0,0,0,17-AUG-2016,
OPTIDX,S&P500,16-Sep-2016,2280,CE,0,0,0,9.05,4,0,0,0,0,17-AUG-2016,
OPTIDX,S&P500,16-Sep-2016,2285,CE,0,0,0,9.7,3.5,0,0,0,0,17-AUG-2016,
OPTIDX,S&P500,16-Sep-2016,2290,CE,0,0,0,4.7,3.05,0,0,0,0,17-AUG-2016,
OPTIDX,S&P500,16-Sep-2016,1730,PE,0,0,0,54.75,0,0,0,0,0,17-AUG-2016,
OPTIDX,S&P500,16-Sep-2016,1740,PE,0,0,0,57.7,0,0,0,0,0,17-AUG-2016,
OPTIDX,S&P500,16-Sep-2016,1750,PE,0,0,0,58.55,0,0,0,0,0,17-AUG-2016,
OPTIDX,S&P500,16-Sep-2016,1755,PE,0,0,0,63.6,0,0,0,0,0,17-AUG-2016,
OPTIDX,S&P500,16-Sep-2016,1760,PE,0,0,0,63,0,0,0,0,0,17-AUG-2016,
OPTIDX,S&P500,16-Sep-2016,1765,PE,0,0,0,66.8,0,0,0,0,0,17-AUG-2016,
OPTIDX,S&P500,16-Sep-2016,1770,PE,0,0,0,110.1,0,0,0,0,0,17-AUG-2016,
OPTIDX,S&P500,16-Sep-2016,1775,PE,0,0,0,70.1,0,0,0,0,0,17-AUG-2016,
OPTIDX,S&P500,16-Sep-2016,1780,PE,0,0,0,113.7,0,0,0,0,0,17-AUG-2016,
OPTIDX,S&P500,16-Sep-2016,1785,PE,0,0,0,107.9,0,0,0,0,0,17-AUG-2016,
OPTIDX,S&P500,16-Sep-2016,1790,PE,0,0,0,117.35,0,0,0,0,0,17-AUG-2016,
OPTIDX,S&P500,16-Sep-2016,1795,PE,0,0,0,111.5,0,0,0,0,0,17-AUG-2016,
OPTIDX,S&P500,16-Sep-2016,1800,PE,0,0,0,121.1,0,0,0,0,0,17-AUG-2016,
OPTIDX,S&P500,16-Sep-2016,1805,PE,0,0,0,115.15,0,0,0,0,0,17-AUG-2016,
OPTIDX,S&P500,16-Sep-2016,1810,PE,0,0,0,124.95,0,0,0,0,0,17-AUG-2016,
OPTIDX,S&P500,16-Sep-2016,1815,PE,0,0,0,126.85,0,0,0,0,0,17-AUG-2016,
OPTIDX,S&P500,16-Sep-2016,1820,PE,0,0,0,128.8,0,0,0,0,0,17-AUG-2016,
OPTIDX,S&P500,16-Sep-2016,1825,PE,0,0,0,130.8,0,0,0,0,0,17-AUG-2016,
OPTIDX,S&P500,16-Sep-2016,1830,PE,0,0,0,92.6,0,0,0,0,0,17-AUG-2016,
OPTIDX,S&P500,16-Sep-2016,1835,PE,0,0,0,134.75,0,0,0,0,0,17-AUG-2016,
OPTIDX,S&P500,16-Sep-2016,1840,PE,0,0,0,98.75,0,0,0,0,0,17-AUG-2016,
OPTIDX,S&P500,16-Sep-2016,1845,PE,0,0,0,104.95,0,0,0,0,0,17-AUG-2016,
OPTIDX,S&P500,16-Sep-2016,1850,PE,0,0,0,102.15,0,0,0,0,0,17-AUG-2016,
OPTIDX,S&P500,16-Sep-2016,1855,PE,0,0,0,108.45,0,0,0,0,0,17-AUG-2016,
OPTIDX,S&P500,16-Sep-2016,1860,PE,0,0,0,112.5,0,0,0,0,0,17-AUG-2016,
OPTIDX,S&P500,16-Sep-2016,1865,PE,0,0,0,106.55,0,0,0,0,0,17-AUG-2016,
OPTIDX,S&P500,16-Sep-2016,1870,PE,0,0,0,116.05,0,0,0,0,0,17-AUG-2016,
OPTIDX,S&P500,16-Sep-2016,1875,PE,0,0,0,110,0,0,0,0,0,17-AUG-2016,
OPTIDX,S&P500,16-Sep-2016,1880,PE,0,0,0,119.7,0,0,0,0,0,17-AUG-2016,
OPTIDX,S&P500,16-Sep-2016,1885,PE,0,0,0,113.55,0,0,0,0,0,17-AUG-2016,
OPTIDX,S&P500,16-Sep-2016,1890,PE,0,0,0,113.3,0,0,0,0,0,17-AUG-2016,
OPTIDX,S&P500,16-Sep-2016,1895,PE,0,0,0,117.15,0,0,0,0,0,17-AUG-2016,
OPTIDX,S&P500,16-Sep-2016,1900,PE,0,0,0,116.85,0,0,0,0,0,17-AUG-2016,
OPTIDX,S&P500,16-Sep-2016,1905,PE,0,0,0,129.05,0,0,0,0,0,17-AUG-2016,
OPTIDX,S&P500,16-Sep-2016,1910,PE,0,0,0,120.45,0,0,0,0,0,17-AUG-2016,
OPTIDX,S&P500,16-Sep-2016,1915,PE,0,0,0,132.9,0,0,0,0,0,17-AUG-2016,
OPTIDX,S&P500,16-Sep-2016,1920,PE,0,0,0,124.1,0,0,0,0,0,17-AUG-2016,
OPTIDX,S&P500,16-Sep-2016,1925,PE,0,0,0,136.8,0,0,0,0,0,17-AUG-2016,
OPTIDX,S&P500,16-Sep-2016,1930,PE,0,0,0,127.85,0,0,0,0,0,17-AUG-2016,
OPTIDX,S&P500,16-Sep-2016,1935,PE,0,0,0,129.75,0,0,0,0,0,17-AUG-2016,
OPTIDX,S&P500,16-Sep-2016,1940,PE,0,0,0,131.65,0,0,0,0,0,17-AUG-2016,
OPTIDX,S&P500,16-Sep-2016,1945,PE,0,0,0,133.55,0,0,0,0,0,17-AUG-2016,
OPTIDX,S&P500,16-Sep-2016,1950,PE,0,0,0,135.5,0,0,0,0,0,17-AUG-2016,
OPTIDX,S&P500,16-Sep-2016,1955,PE,0,0,0,137.45,0,0,0,0,0,17-AUG-2016,
OPTIDX,S&P500,16-Sep-2016,1960,PE,0,0,0,139.45,0.05,0,0,0,0,17-AUG-2016,
OPTIDX,S&P500,16-Sep-2016,1965,PE,0,0,0,141.45,0.05,0,0,0,0,17-AUG-2016,
OPTIDX,S&P500,16-Sep-2016,1970,PE,0,0,0,143.45,0.05,0,0,0,0,17-AUG-2016,
OPTIDX,S&P500,16-Sep-2016,1975,PE,0,0,0,145.45,0.05,0,0,0,0,17-AUG-2016,
OPTIDX,S&P500,16-Sep-2016,1980,PE,0,0,0,147.5,0.05,0,0,0,0,17-AUG-2016,
OPTIDX,S&P500,16-Sep-2016,1985,PE,0,0,0,149.55,0.05,0,0,0,0,17-AUG-2016,
OPTIDX,S&P500,16-Sep-2016,1990,PE,0,0,0,151.6,0.05,0,0,0,0,17-AUG-2016,
OPTIDX,S&P500,16-Sep-2016,1995,PE,0,0,0,153.7,0.05,0,0,0,0,17-AUG-2016,
OPTIDX,S&P500,16-Sep-2016,2000,PE,0,0,0,155.8,0.1,0,0,0,0,17-AUG-2016,
OPTIDX,S&P500,16-Sep-2016,2005,PE,0,0,0,157.95,0.1,0,0,0,0,17-AUG-2016,
OPTIDX,S&P500,16-Sep-2016,2010,PE,0,0,0,160.05,0.1,0,0,0,0,17-AUG-2016,
OPTIDX,S&P500,16-Sep-2016,2015,PE,0,0,0,162.2,0.15,0,0,0,0,17-AUG-2016,
OPTIDX,S&P500,16-Sep-2016,2020,PE,0,0,0,164.4,0.2,0,0,0,0,17-AUG-2016,
OPTIDX,S&P500,16-Sep-2016,2025,PE,0,0,0,166.55,0.2,0,0,0,0,17-AUG-2016,
OPTIDX,S&P500,16-Sep-2016,2030,PE,0,0,0,168.75,0.25,0,0,0,0,17-AUG-2016,
OPTIDX,S&P500,16-Sep-2016,2035,PE,0,0,0,170.95,0.35,0,0,0,0,17-AUG-2016,
OPTIDX,S&P500,16-Sep-2016,2040,PE,0,0,0,173.2,0.4,0,0,0,0,17-AUG-2016,
OPTIDX,S&P500,16-Sep-2016,2045,PE,0,0,0,175.45,0.5,0,0,0,0,17-AUG-2016,
OPTIDX,S&P500,16-Sep-2016,2050,PE,0,0,0,177.7,0.6,0,0,0,0,17-AUG-2016,
OPTIDX,S&P500,16-Sep-2016,2055,PE,0,0,0,184,0.7,0,0,0,0,17-AUG-2016,
OPTIDX,S&P500,16-Sep-2016,2060,PE,0,0,0,182.3,0.85,0,0,0,0,17-AUG-2016,
OPTIDX,S&P500,16-Sep-2016,2065,PE,0,0,0,188.75,1.05,0,0,0,0,17-AUG-2016,
OPTIDX,S&P500,16-Sep-2016,2070,PE,0,0,0,186.9,1.25,0,0,0,0,17-AUG-2016,
OPTIDX,S&P500,16-Sep-2016,2075,PE,0,0,0,202.1,1.5,0,0,0,0,17-AUG-2016,
OPTIDX,S&P500,16-Sep-2016,2080,PE,0,0,0,191.6,1.75,0,0,0,0,17-AUG-2016,
OPTIDX,S&P500,16-Sep-2016,2085,PE,0,0,0,207,2.1,0,0,0,0,17-AUG-2016,
OPTIDX,S&P500,16-Sep-2016,2090,PE,0,0,0,196.35,2.45,0,0,0,0,17-AUG-2016,
OPTIDX,S&P500,16-Sep-2016,2095,PE,0,0,0,196.8,2.9,0,0,0,0,17-AUG-2016,
OPTIDX,S&P500,16-Sep-2016,2100,PE,0,0,0,142.75,3.35,0,0,0,0,17-AUG-2016,
OPTIDX,S&P500,16-Sep-2016,2105,PE,0,0,0,189.7,3.9,0,0,0,0,17-AUG-2016,
OPTIDX,S&P500,16-Sep-2016,2110,PE,0,0,0,147.35,4.55,0,0,0,0,17-AUG-2016,
OPTIDX,S&P500,16-Sep-2016,2115,PE,0,0,0,194.6,5.25,0,0,0,0,17-AUG-2016,
OPTIDX,S&P500,16-Sep-2016,2120,PE,0,0,0,152,6,0,0,0,0,17-AUG-2016,
OPTIDX,S&P500,16-Sep-2016,2125,PE,0,0,0,173.85,6.9,0,0,0,0,17-AUG-2016,
OPTIDX,S&P500,16-Sep-2016,2130,PE,0,0,0,156.7,7.85,0,0,0,0,17-AUG-2016,
OPTIDX,S&P500,16-Sep-2016,2135,PE,0,0,0,169.35,8.9,0,0,0,0,17-AUG-2016,
OPTIDX,S&P500,16-Sep-2016,2140,PE,0,0,0,137,10.05,0,0,0,0,17-AUG-2016,
OPTIDX,S&P500,16-Sep-2016,2145,PE,0,0,0,153.1,11.3,0,0,0,0,17-AUG-2016,
OPTIDX,S&P500,16-Sep-2016,2150,PE,0,0,0,141.5,12.7,0,0,0,0,17-AUG-2016,
OPTIDX,S&P500,16-Sep-2016,2155,PE,0,0,0,157.85,14.2,0,0,0,0,17-AUG-2016,
OPTIDX,S&P500,16-Sep-2016,2160,PE,0,0,0,146.1,15.85,0,0,0,0,17-AUG-2016,
OPTIDX,S&P500,16-Sep-2016,2165,PE,0,0,0,152.05,17.6,0,0,0,0,17-AUG-2016,
OPTIDX,S&P500,16-Sep-2016,2170,PE,0,0,0,150.8,19.5,0,0,0,0,17-AUG-2016,
OPTIDX,S&P500,16-Sep-2016,2175,PE,0,0,0,156.75,21.55,0,0,0,0,17-AUG-2016,
OPTIDX,S&P500,16-Sep-2016,2180,PE,0,0,0,142.8,23.7,0,0,0,0,17-AUG-2016,
OPTIDX,S&P500,16-Sep-2016,2185,PE,0,0,0,131.75,26,0,0,0,0,17-AUG-2016,
OPTIDX,S&P500,16-Sep-2016,2190,PE,0,0,0,147.45,28.45,0,0,0,0,17-AUG-2016,
OPTIDX,S&P500,16-Sep-2016,2195,PE,0,0,0,136.35,31,0,0,0,0,17-AUG-2016,
OPTIDX,S&P500,16-Sep-2016,2200,PE,0,0,0,131.6,33.7,0,0,0,0,17-AUG-2016,
OPTIDX,S&P500,16-Sep-2016,2205,PE,0,0,0,141,36.55,0,0,0,0,17-AUG-2016,
OPTIDX,S&P500,16-Sep-2016,2210,PE,0,0,0,136.2,39.55,0,0,0,0,17-AUG-2016,
OPTIDX,S&P500,16-Sep-2016,2215,PE,0,0,0,81.6,42.65,0,0,0,0,17-AUG-2016,
OPTIDX,S&P500,16-Sep-2016,2220,PE,0,0,0,83.5,45.9,0,0,0,0,17-AUG-2016,
OPTIDX,S&P500,16-Sep-2016,2225,PE,0,0,0,109.65,49.25,0,0,0,0,17-AUG-2016,
OPTIDX,S&P500,16-Sep-2016,2230,PE,0,0,0,119.55,52.75,0,0,0,0,17-AUG-2016,
OPTIDX,S&P500,16-Sep-2016,2235,PE,0,0,0,116.05,56.35,0,0,0,0,17-AUG-2016,
OPTIDX,S&P500,16-Sep-2016,2240,PE,0,0,0,108.45,60.05,0,0,0,0,17-AUG-2016,
OPTIDX,S&P500,16-Sep-2016,2245,PE,0,0,0,99.9,63.9,0,0,0,0,17-AUG-2016,
OPTIDX,S&P500,16-Sep-2016,2250,PE,0,0,0,114.9,67.8,0,0,0,0,17-AUG-2016,
OPTIDX,S&P500,16-Sep-2016,2255,PE,0,0,0,106.3,71.8,0,0,0,0,17-AUG-2016,
OPTIDX,S&P500,16-Sep-2016,2260,PE,0,0,0,108.75,75.9,0,0,0,0,17-AUG-2016,
OPTIDX,S&P500,16-Sep-2016,2265,PE,0,0,0,112.95,80.1,0,0,0,0,17-AUG-2016,
OPTIDX,S&P500,16-Sep-2016,2270,PE,0,0,0,101.65,84.35,0,0,0,0,17-AUG-2016,
OPTIDX,S&P500,16-Sep-2016,2275,PE,0,0,0,106.3,88.7,0,0,0,0,17-AUG-2016,
OPTIDX,S&P500,16-Sep-2016,2280,PE,0,0,0,91.8,93.1,0,0,0,0,17-AUG-2016,
OPTIDX,S&P500,16-Sep-2016,2285,PE,0,0,0,95,97.55,0,0,0,0,17-AUG-2016,
OPTIDX,S&P500,16-Sep-2016,2290,PE,0,0,0,91.15,102.05,0,0,0,0,17-AUG-2016,
OPTIDX,S&P500,21-Oct-2016,2055,CE,0,0,0,143.55,151.6,0,0,0,0,17-AUG-2016,
OPTIDX,S&P500,21-Oct-2016,2060,CE,0,0,0,167.5,147.05,0,0,0,0,17-AUG-2016,
OPTIDX,S&P500,21-Oct-2016,2065,CE,0,0,0,167.9,142.55,0,0,0,0,17-AUG-2016,
OPTIDX,S&P500,21-Oct-2016,2070,CE,0,0,0,160.25,138.1,0,0,0,0,17-AUG-2016,
OPTIDX,S&P500,21-Oct-2016,2075,CE,0,0,0,160.75,133.65,0,0,0,0,17-AUG-2016,
OPTIDX,S&P500,21-Oct-2016,2080,CE,0,0,0,153.15,129.3,0,0,0,0,17-AUG-2016,
OPTIDX,S&P500,21-Oct-2016,2085,CE,0,0,0,153.8,124.95,0,0,0,0,17-AUG-2016,
OPTIDX,S&P500,21-Oct-2016,2090,CE,0,0,0,146.25,120.7,0,0,0,0,17-AUG-2016,
OPTIDX,S&P500,21-Oct-2016,2095,CE,0,0,0,147.1,116.45,0,0,0,0,17-AUG-2016,
OPTIDX,S&P500,21-Oct-2016,2100,CE,0,0,0,139.55,112.3,0,0,0,0,17-AUG-2016,
OPTIDX,S&P500,21-Oct-2016,2105,CE,0,0,0,140.5,108.2,0,0,0,0,17-AUG-2016,
OPTIDX,S&P500,21-Oct-2016,2110,CE,0,0,0,137.3,104.15,0,0,0,0,17-AUG-2016,
OPTIDX,S&P500,21-Oct-2016,2115,CE,0,0,0,134.1,100.2,0,0,0,0,17-AUG-2016,
OPTIDX,S&P500,21-Oct-2016,2120,CE,0,0,0,130.95,96.3,0,0,0,0,17-AUG-2016,
OPTIDX,S&P500,21-Oct-2016,2125,CE,0,0,0,127.85,92.45,0,0,0,0,17-AUG-2016,
OPTIDX,S&P500,21-Oct-2016,2130,CE,0,0,0,124.8,88.65,0,0,0,0,17-AUG-2016,
OPTIDX,S&P500,21-Oct-2016,2135,CE,0,0,0,121.8,85.05,0,0,0,0,17-AUG-2016,
OPTIDX,S&P500,21-Oct-2016,2140,CE,0,0,0,118.85,81.35,0,0,0,0,17-AUG-2016,
OPTIDX,S&P500,21-Oct-2016,2145,CE,0,0,0,115.95,77.8,0,0,0,0,17-AUG-2016,
OPTIDX,S&P500,21-Oct-2016,2150,CE,0,0,0,113.1,74.35,0,0,0,0,17-AUG-2016,
OPTIDX,S&P500,21-Oct-2016,2155,CE,0,0,0,110.25,71,0,0,0,0,17-AUG-2016,
OPTIDX,S&P500,21-Oct-2016,2160,CE,0,0,0,107.5,67.7,0,0,0,0,17-AUG-2016,
OPTIDX,S&P500,21-Oct-2016,2165,CE,0,0,0,104.75,64.5,0,0,0,0,17-AUG-2016,
OPTIDX,S&P500,21-Oct-2016,2170,CE,0,0,0,102.05,61.4,0,0,0,0,17-AUG-2016,
OPTIDX,S&P500,21-Oct-2016,2175,CE,0,0,0,99.4,58.4,0,0,0,0,17-AUG-2016,
OPTIDX,S&P500,21-Oct-2016,2180,CE,0,0,0,96.8,55.45,0,0,0,0,17-AUG-2016,
OPTIDX,S&P500,21-Oct-2016,2185,CE,0,0,0,94.25,52.6,0,0,0,0,17-AUG-2016,
OPTIDX,S&P500,21-Oct-2016,2190,CE,0,0,0,91.75,49.85,0,0,0,0,17-AUG-2016,
OPTIDX,S&P500,21-Oct-2016,2195,CE,0,0,0,89.3,47.2,0,0,0,0,17-AUG-2016,
OPTIDX,S&P500,21-Oct-2016,2200,CE,0,0,0,86.9,44.65,0,0,0,0,17-AUG-2016,
OPTIDX,S&P500,21-Oct-2016,2205,CE,0,0,0,84.5,42.2,0,0,0,0,17-AUG-2016,
OPTIDX,S&P500,21-Oct-2016,2210,CE,0,0,0,82.2,39.8,0,0,0,0,17-AUG-2016,
OPTIDX,S&P500,21-Oct-2016,2215,CE,0,0,0,79.9,37.5,0,0,0,0,17-AUG-2016,
OPTIDX,S&P500,21-Oct-2016,2220,CE,0,0,0,77.7,35.3,0,0,0,0,17-AUG-2016,
OPTIDX,S&P500,21-Oct-2016,2225,CE,0,0,0,75.5,33.2,0,0,0,0,17-AUG-2016,
OPTIDX,S&P500,21-Oct-2016,2230,CE,0,0,0,69.3,31.2,0,0,0,0,17-AUG-2016,
OPTIDX,S&P500,21-Oct-2016,2235,CE,0,0,0,71.25,29.3,0,0,0,0,17-AUG-2016,
OPTIDX,S&P500,21-Oct-2016,2240,CE,0,0,0,65.15,27.45,0,0,0,0,17-AUG-2016,
OPTIDX,S&P500,21-Oct-2016,2245,CE,0,0,0,67.15,25.7,0,0,0,0,17-AUG-2016,
OPTIDX,S&P500,21-Oct-2016,2250,CE,0,0,0,61.25,24,0,0,0,0,17-AUG-2016,
OPTIDX,S&P500,21-Oct-2016,2255,CE,0,0,0,63.25,22.45,0,0,0,0,17-AUG-2016,
OPTIDX,S&P500,21-Oct-2016,2260,CE,0,0,0,57.5,20.9,0,0,0,0,17-AUG-2016,
OPTIDX,S&P500,21-Oct-2016,2265,CE,0,0,0,59.55,19.5,0,0,0,0,17-AUG-2016,
OPTIDX,S&P500,21-Oct-2016,2270,CE,0,0,0,40.9,18.15,0,0,0,0,17-AUG-2016,
OPTIDX,S&P500,21-Oct-2016,2275,CE,0,0,0,48.6,16.95,0,0,0,0,17-AUG-2016,
OPTIDX,S&P500,21-Oct-2016,2280,CE,0,0,0,23.5,15.65,0,0,0,0,17-AUG-2016,
OPTIDX,S&P500,21-Oct-2016,2285,CE,0,0,0,24.45,14.5,0,0,0,0,17-AUG-2016,
OPTIDX,S&P500,21-Oct-2016,2290,CE,0,0,0,17,13.45,0,0,0,0,17-AUG-2016,
OPTIDX,S&P500,21-Oct-2016,2055,PE,0,0,0,11.05,3.35,0,0,0,0,17-AUG-2016,
OPTIDX,S&P500,21-Oct-2016,2060,PE,0,0,0,28.65,3.75,0,0,0,0,17-AUG-2016,
OPTIDX,S&P500,21-Oct-2016,2065,PE,0,0,0,31.7,4.2,0,0,0,0,17-AUG-2016,
OPTIDX,S&P500,21-Oct-2016,2070,PE,0,0,0,31.25,4.65,0,0,0,0,17-AUG-2016,
OPTIDX,S&P500,21-Oct-2016,2075,PE,0,0,0,34.35,5.2,0,0,0,0,17-AUG-2016,
OPTIDX,S&P500,21-Oct-2016,2080,PE,0,0,0,33.95,5.75,0,0,0,0,17-AUG-2016,
OPTIDX,S&P500,21-Oct-2016,2085,PE,0,0,0,37.25,6.35,0,0,0,0,17-AUG-2016,
OPTIDX,S&P500,21-Oct-2016,2090,PE,0,0,0,36.9,7,0,0,0,0,17-AUG-2016,
OPTIDX,S&P500,21-Oct-2016,2095,PE,0,0,0,40.35,7.75,0,0,0,0,17-AUG-2016,
OPTIDX,S&P500,21-Oct-2016,2100,PE,0,0,0,40,8.5,0,0,0,0,17-AUG-2016,
OPTIDX,S&P500,21-Oct-2016,2105,PE,0,0,0,43.55,9.35,0,0,0,0,17-AUG-2016,
OPTIDX,S&P500,21-Oct-2016,2110,PE,0,0,0,45.25,10.25,0,0,0,0,17-AUG-2016,
OPTIDX,S&P500,21-Oct-2016,2115,PE,0,0,0,47,11.2,0,0,0,0,17-AUG-2016,
OPTIDX,S&P500,21-Oct-2016,2120,PE,0,0,0,48.75,12.25,0,0,0,0,17-AUG-2016,
OPTIDX,S&P500,21-Oct-2016,2125,PE,0,0,0,50.55,13.35,0,0,0,0,17-AUG-2016,
OPTIDX,S&P500,21-Oct-2016,2130,PE,0,0,0,52.45,14.5,0,0,0,0,17-AUG-2016,
OPTIDX,S&P500,21-Oct-2016,2135,PE,0,0,0,54.35,15.85,0,0,0,0,17-AUG-2016,
OPTIDX,S&P500,21-Oct-2016,2140,PE,0,0,0,56.3,17.05,0,0,0,0,17-AUG-2016,
OPTIDX,S&P500,21-Oct-2016,2145,PE,0,0,0,58.3,18.45,0,0,0,0,17-AUG-2016,
OPTIDX,S&P500,21-Oct-2016,2150,PE,0,0,0,60.35,19.95,0,0,0,0,17-AUG-2016,
OPTIDX,S&P500,21-Oct-2016,2155,PE,0,0,0,62.4,21.55,0,0,0,0,17-AUG-2016,
OPTIDX,S&P500,21-Oct-2016,2160,PE,0,0,0,64.55,23.2,0,0,0,0,17-AUG-2016,
OPTIDX,S&P500,21-Oct-2016,2165,PE,0,0,0,66.7,24.95,0,0,0,0,17-AUG-2016,
OPTIDX,S&P500,21-Oct-2016,2170,PE,0,0,0,68.95,26.75,0,0,0,0,17-AUG-2016,
OPTIDX,S&P500,21-Oct-2016,2175,PE,0,0,0,71.2,28.7,0,0,0,0,17-AUG-2016,
OPTIDX,S&P500,21-Oct-2016,2180,PE,0,0,0,73.55,30.7,0,0,0,0,17-AUG-2016,
OPTIDX,S&P500,21-Oct-2016,2185,PE,0,0,0,75.9,32.8,0,0,0,0,17-AUG-2016,
OPTIDX,S&P500,21-Oct-2016,2190,PE,0,0,0,78.3,35,0,0,0,0,17-AUG-2016,
OPTIDX,S&P500,21-Oct-2016,2195,PE,0,0,0,80.75,37.25,0,0,0,0,17-AUG-2016,
OPTIDX,S&P500,21-Oct-2016,2200,PE,0,0,0,83.25,39.65,0,0,0,0,17-AUG-2016,
OPTIDX,S&P500,21-Oct-2016,2205,PE,0,0,0,85.75,42.1,0,0,0,0,17-AUG-2016,
OPTIDX,S&P500,21-Oct-2016,2210,PE,0,0,0,88.35,44.65,0,0,0,0,17-AUG-2016,
OPTIDX,S&P500,21-Oct-2016,2215,PE,0,0,0,91,47.3,0,0,0,0,17-AUG-2016,
OPTIDX,S&P500,21-Oct-2016,2220,PE,0,0,0,93.65,50.05,0,0,0,0,17-AUG-2016,
OPTIDX,S&P500,21-Oct-2016,2225,PE,0,0,0,96.4,52.9,0,0,0,0,17-AUG-2016,
OPTIDX,S&P500,21-Oct-2016,2230,PE,0,0,0,97.4,55.8,0,0,0,0,17-AUG-2016,
OPTIDX,S&P500,21-Oct-2016,2235,PE,0,0,0,101.95,58.85,0,0,0,0,17-AUG-2016,
OPTIDX,S&P500,21-Oct-2016,2240,PE,0,0,0,103.1,61.95,0,0,0,0,17-AUG-2016,
OPTIDX,S&P500,21-Oct-2016,2245,PE,0,0,0,107.7,65.1,0,0,0,0,17-AUG-2016,
OPTIDX,S&P500,21-Oct-2016,2250,PE,0,0,0,109,68.4,0,0,0,0,17-AUG-2016,
OPTIDX,S&P500,21-Oct-2016,2255,PE,0,0,0,113.6,71.75,0,0,0,0,17-AUG-2016,
OPTIDX,S&P500,21-Oct-2016,2260,PE,0,0,0,115.05,75.15,0,0,0,0,17-AUG-2016,
OPTIDX,S&P500,21-Oct-2016,2265,PE,0,0,0,119.7,78.7,0,0,0,0,17-AUG-2016,
OPTIDX,S&P500,21-Oct-2016,2270,PE,0,0,0,105.05,82.25,0,0,0,0,17-AUG-2016,
OPTIDX,S&P500,21-Oct-2016,2275,PE,0,0,0,111,86,0,0,0,0,17-AUG-2016,
OPTIDX,S&P500,21-Oct-2016,2280,PE,0,0,0,91.25,89.65,0,0,0,0,17-AUG-2016,
OPTIDX,S&P500,21-Oct-2016,2285,PE,0,0,0,94.7,93.45,0,0,0,0,17-AUG-2016,
OPTIDX,S&P500,21-Oct-2016,2290,PE,0,0,0,88.45,97.35,0,0,0,0,17-AUG-2016,
OPTIDX,S&P500,16-Dec-2016,1730,CE,0,0,0,276.2,487.3,0,0,0,0,17-AUG-2016,
OPTIDX,S&P500,16-Dec-2016,1740,CE,0,0,0,269.8,477.5,0,0,0,0,17-AUG-2016,
OPTIDX,S&P500,16-Dec-2016,1750,CE,0,0,0,286.55,467.75,0,0,0,0,17-AUG-2016,
OPTIDX,S&P500,16-Dec-2016,1755,CE,0,0,0,288.35,462.85,0,0,0,0,17-AUG-2016,
OPTIDX,S&P500,16-Dec-2016,1760,CE,0,0,0,290,458,0,0,0,0,17-AUG-2016,
OPTIDX,S&P500,16-Dec-2016,1765,CE,0,0,0,282.2,453.1,0,0,0,0,17-AUG-2016,
OPTIDX,S&P500,16-Dec-2016,1770,CE,0,0,0,283.8,448.2,0,0,0,0,17-AUG-2016,
OPTIDX,S&P500,16-Dec-2016,1775,CE,0,0,0,276.15,443.3,0,0,0,0,17-AUG-2016,
OPTIDX,S&P500,16-Dec-2016,1780,CE,0,0,0,303.4,438.45,0,0,0,0,17-AUG-2016,
OPTIDX,S&P500,16-Dec-2016,1785,CE,0,0,0,288.7,433.55,0,0,0,0,17-AUG-2016,
OPTIDX,S&P500,16-Dec-2016,1790,CE,0,0,0,294.65,428.65,0,0,0,0,17-AUG-2016,
OPTIDX,S&P500,16-Dec-2016,1795,CE,0,0,0,282.45,423.8,0,0,0,0,17-AUG-2016,
OPTIDX,S&P500,16-Dec-2016,1800,CE,0,0,0,288.45,418.9,0,0,0,0,17-AUG-2016,
OPTIDX,S&P500,16-Dec-2016,1805,CE,0,0,0,262.85,414,0,0,0,0,17-AUG-2016,
OPTIDX,S&P500,16-Dec-2016,1810,CE,0,0,0,282.35,409.15,0,0,0,0,17-AUG-2016,
OPTIDX,S&P500,16-Dec-2016,1815,CE,0,0,0,257.05,404.25,0,0,0,0,17-AUG-2016,
OPTIDX,S&P500,16-Dec-2016,1820,CE,0,0,0,291.25,399.35,0,0,0,0,17-AUG-2016,
OPTIDX,S&P500,16-Dec-2016,1825,CE,0,0,0,284.8,394.5,0,0,0,0,17-AUG-2016,
OPTIDX,S&P500,16-Dec-2016,1830,CE,0,0,0,284.85,389.6,0,0,0,0,17-AUG-2016,
OPTIDX,S&P500,16-Dec-2016,1835,CE,0,0,0,278.4,384.75,0,0,0,0,17-AUG-2016,
OPTIDX,S&P500,16-Dec-2016,1840,CE,0,0,0,278.6,379.85,0,0,0,0,17-AUG-2016,
OPTIDX,S&P500,16-Dec-2016,1845,CE,0,0,0,291.65,375,0,0,0,0,17-AUG-2016,
OPTIDX,S&P500,16-Dec-2016,1850,CE,0,0,0,272.45,370.1,0,0,0,0,17-AUG-2016,
OPTIDX,S&P500,16-Dec-2016,1855,CE,0,0,0,285.3,365.25,0,0,0,0,17-AUG-2016,
OPTIDX,S&P500,16-Dec-2016,1860,CE,0,0,0,266.4,360.35,0,0,0,0,17-AUG-2016,
OPTIDX,S&P500,16-Dec-2016,1865,CE,0,0,0,279.1,355.5,0,0,0,0,17-AUG-2016,
OPTIDX,S&P500,16-Dec-2016,1870,CE,0,0,0,260.45,350.6,0,0,0,0,17-AUG-2016,
OPTIDX,S&P500,16-Dec-2016,1875,CE,0,0,0,273,345.75,0,0,0,0,17-AUG-2016,
OPTIDX,S&P500,16-Dec-2016,1880,CE,0,0,0,254.55,340.9,0,0,0,0,17-AUG-2016,
OPTIDX,S&P500,16-Dec-2016,1885,CE,0,0,0,267,336.05,0,0,0,0,17-AUG-2016,
OPTIDX,S&P500,16-Dec-2016,1890,CE,0,0,0,285.05,331.2,0,0,0,0,17-AUG-2016,
OPTIDX,S&P500,16-Dec-2016,1895,CE,0,0,0,261.05,326.35,0,0,0,0,17-AUG-2016,
OPTIDX,S&P500,16-Dec-2016,1900,CE,0,0,0,278.5,321.5,0,0,0,0,17-AUG-2016,
OPTIDX,S&P500,16-Dec-2016,1905,CE,0,0,0,306.85,316.65,0,0,0,0,17-AUG-2016,
OPTIDX,S&P500,16-Dec-2016,1910,CE,0,0,0,272.05,311.8,0,0,0,0,17-AUG-2016,
OPTIDX,S&P500,16-Dec-2016,1915,CE,0,0,0,300.45,307,0,0,0,0,17-AUG-2016,
OPTIDX,S&P500,16-Dec-2016,1920,CE,0,0,0,306.4,302.15,0,0,0,0,17-AUG-2016,
OPTIDX,S&P500,16-Dec-2016,1925,CE,0,0,0,294.25,297.35,0,0,0,0,17-AUG-2016,
OPTIDX,S&P500,16-Dec-2016,1930,CE,0,0,0,300.05,292.5,0,0,0,0,17-AUG-2016,
OPTIDX,S&P500,16-Dec-2016,1935,CE,0,0,0,288.15,287.7,0,0,0,0,17-AUG-2016,
OPTIDX,S&P500,16-Dec-2016,1940,CE,0,0,0,301.75,282.95,0,0,0,0,17-AUG-2016,
OPTIDX,S&P500,16-Dec-2016,1945,CE,0,0,0,282.1,278.15,0,0,0,0,17-AUG-2016,
OPTIDX,S&P500,16-Dec-2016,1950,CE,0,0,0,295.3,273.35,0,0,0,0,17-AUG-2016,
OPTIDX,S&P500,16-Dec-2016,1955,CE,0,0,0,276.15,268.6,0,0,0,0,17-AUG-2016,
OPTIDX,S&P500,16-Dec-2016,1960,CE,0,0,0,288.9,263.85,0,0,0,0,17-AUG-2016,
OPTIDX,S&P500,16-Dec-2016,1965,CE,0,0,0,270.25,259.1,0,0,0,0,17-AUG-2016,
OPTIDX,S&P500,16-Dec-2016,1970,CE,0,0,0,282.55,254.35,0,0,0,0,17-AUG-2016,
OPTIDX,S&P500,16-Dec-2016,1975,CE,0,0,0,264.5,249.65,0,0,0,0,17-AUG-2016,
OPTIDX,S&P500,16-Dec-2016,1980,CE,0,0,0,276.3,244.95,0,0,0,0,17-AUG-2016,
OPTIDX,S&P500,16-Dec-2016,1985,CE,0,0,0,273.25,240.25,0,0,0,0,17-AUG-2016,
OPTIDX,S&P500,16-Dec-2016,1990,CE,0,0,0,270.2,235.6,0,0,0,0,17-AUG-2016,
OPTIDX,S&P500,16-Dec-2016,1995,CE,0,0,0,267.15,230.95,0,0,0,0,17-AUG-2016,
OPTIDX,S&P500,16-Dec-2016,2000,CE,0,0,0,264.15,226.35,0,0,0,0,17-AUG-2016,
OPTIDX,S&P500,16-Dec-2016,2005,CE,0,0,0,261.2,221.7,0,0,0,0,17-AUG-2016,
OPTIDX,S&P500,16-Dec-2016,2010,CE,0,0,0,258.2,217.15,0,0,0,0,17-AUG-2016,
OPTIDX,S&P500,16-Dec-2016,2015,CE,0,0,0,255.25,212.55,0,0,0,0,17-AUG-2016,
OPTIDX,S&P500,16-Dec-2016,2020,CE,0,0,0,252.35,208.05,0,0,0,0,17-AUG-2016,
OPTIDX,S&P500,16-Dec-2016,2025,CE,0,0,0,249.45,203.5,0,0,0,0,17-AUG-2016,
OPTIDX,S&P500,16-Dec-2016,2030,CE,0,0,0,246.55,199,0,0,0,0,17-AUG-2016,
OPTIDX,S&P500,16-Dec-2016,2035,CE,0,0,0,243.7,194.55,0,0,0,0,17-AUG-2016,
OPTIDX,S&P500,16-Dec-2016,2040,CE,0,0,0,240.9,190.15,0,0,0,0,17-AUG-2016,
OPTIDX,S&P500,16-Dec-2016,2045,CE,0,0,0,238.05,185.75,0,0,0,0,17-AUG-2016,
OPTIDX,S&P500,16-Dec-2016,2050,CE,0,0,0,235.3,181.35,0,0,0,0,17-AUG-2016,
OPTIDX,S&P500,16-Dec-2016,2055,CE,0,0,0,232.5,177.05,0,0,0,0,17-AUG-2016,
OPTIDX,S&P500,16-Dec-2016,2060,CE,0,0,0,229.75,172.75,0,0,0,0,17-AUG-2016,
OPTIDX,S&P500,16-Dec-2016,2065,CE,0,0,0,227.05,168.45,0,0,0,0,17-AUG-2016,
OPTIDX,S&P500,16-Dec-2016,2070,CE,0,0,0,224.35,164.25,0,0,0,0,17-AUG-2016,
OPTIDX,S&P500,16-Dec-2016,2075,CE,0,0,0,221.65,160.05,0,0,0,0,17-AUG-2016,
OPTIDX,S&P500,16-Dec-2016,2080,CE,0,0,0,219,155.9,0,0,0,0,17-AUG-2016,
OPTIDX,S&P500,16-Dec-2016,2085,CE,0,0,0,216.35,151.8,0,0,0,0,17-AUG-2016,
OPTIDX,S&P500,16-Dec-2016,2090,CE,0,0,0,213.75,147.75,0,0,0,0,17-AUG-2016,
OPTIDX,S&P500,16-Dec-2016,2095,CE,0,0,0,211.15,143.75,0,0,0,0,17-AUG-2016,
OPTIDX,S&P500,16-Dec-2016,2100,CE,0,0,0,208.6,139.8,0,0,0,0,17-AUG-2016,
OPTIDX,S&P500,16-Dec-2016,2105,CE,0,0,0,196.75,135.85,0,0,0,0,17-AUG-2016,
OPTIDX,S&P500,16-Dec-2016,2110,CE,0,0,0,203.5,132,0,0,0,0,17-AUG-2016,
OPTIDX,S&P500,16-Dec-2016,2115,CE,0,0,0,221.65,128.2,0,0,0,0,17-AUG-2016,
OPTIDX,S&P500,16-Dec-2016,2120,CE,0,0,0,198.55,124.4,0,0,0,0,17-AUG-2016,
OPTIDX,S&P500,16-Dec-2016,2125,CE,0,0,0,216.6,120.7,0,0,0,0,17-AUG-2016,
OPTIDX,S&P500,16-Dec-2016,2130,CE,0,0,0,193.65,117.15,0,0,0,0,17-AUG-2016,
OPTIDX,S&P500,16-Dec-2016,2135,CE,0,0,0,211.6,113.5,0,0,0,0,17-AUG-2016,
OPTIDX,S&P500,16-Dec-2016,2140,CE,0,0,0,188.8,109.9,0,0,0,0,17-AUG-2016,
OPTIDX,S&P500,16-Dec-2016,2145,CE,0,0,0,206.7,106.4,0,0,0,0,17-AUG-2016,
OPTIDX,S&P500,16-Dec-2016,2150,CE,0,0,0,196.8,103,0,0,0,0,17-AUG-2016,
OPTIDX,S&P500,16-Dec-2016,2155,CE,0,0,0,201.85,99.6,0,0,0,0,17-AUG-2016,
OPTIDX,S&P500,16-Dec-2016,2160,CE,0,0,0,192.05,96.3,0,0,0,0,17-AUG-2016,
OPTIDX,S&P500,16-Dec-2016,2165,CE,0,0,0,197.15,93.05,0,0,0,0,17-AUG-2016,
OPTIDX,S&P500,16-Dec-2016,2170,CE,0,0,0,191.85,89.9,0,0,0,0,17-AUG-2016,
OPTIDX,S&P500,16-Dec-2016,2175,CE,0,0,0,114.4,86.75,0,0,0,0,17-AUG-2016,
OPTIDX,S&P500,16-Dec-2016,2180,CE,0,0,0,187.05,83.7,0,0,0,0,17-AUG-2016,
OPTIDX,S&P500,16-Dec-2016,2185,CE,0,0,0,95.35,80.75,0,0,0,0,17-AUG-2016,
OPTIDX,S&P500,16-Dec-2016,2190,CE,0,0,0,115.4,77.8,0,0,0,0,17-AUG-2016,
OPTIDX,S&P500,16-Dec-2016,2195,CE,0,0,0,90.7,74.95,0,0,0,0,17-AUG-2016,
OPTIDX,S&P500,16-Dec-2016,2200,CE,0,0,0,110.75,72.15,0,0,0,0,17-AUG-2016,
OPTIDX,S&P500,16-Dec-2016,2205,CE,0,0,0,65.45,69.45,0,0,0,0,17-AUG-2016,
OPTIDX,S&P500,16-Dec-2016,2210,CE,0,0,0,61.85,66.8,0,0,0,0,17-AUG-2016,
OPTIDX,S&P500,16-Dec-2016,2215,CE,0,0,0,55.3,64.2,0,0,0,0,17-AUG-2016,
OPTIDX,S&P500,16-Dec-2016,2220,CE,0,0,0,57.9,61.65,0,0,0,0,17-AUG-2016,
OPTIDX,S&P500,16-Dec-2016,2225,CE,0,0,0,105.35,59.2,0,0,0,0,17-AUG-2016,
OPTIDX,S&P500,16-Dec-2016,2230,CE,0,0,0,103.55,56.8,0,0,0,0,17-AUG-2016,
OPTIDX,S&P500,16-Dec-2016,2235,CE,0,0,0,101.15,54.5,0,0,0,0,17-AUG-2016,
OPTIDX,S&P500,16-Dec-2016,2240,CE,0,0,0,103.75,52.2,0,0,0,0,17-AUG-2016,
OPTIDX,S&P500,16-Dec-2016,2245,CE,0,0,0,99.15,50,0,0,0,0,17-AUG-2016,
OPTIDX,S&P500,16-Dec-2016,2250,CE,0,0,0,99.5,47.9,0,0,0,0,17-AUG-2016,
OPTIDX,S&P500,16-Dec-2016,2255,CE,0,0,0,94.85,45.8,0,0,0,0,17-AUG-2016,
OPTIDX,S&P500,16-Dec-2016,2260,CE,0,0,0,88.1,43.8,0,0,0,0,17-AUG-2016,
OPTIDX,S&P500,16-Dec-2016,2265,CE,0,0,0,90.7,41.9,0,0,0,0,17-AUG-2016,
OPTIDX,S&P500,16-Dec-2016,2270,CE,0,0,0,68.25,40,0,0,0,0,17-AUG-2016,
OPTIDX,S&P500,16-Dec-2016,2275,CE,0,0,0,77.45,38.2,0,0,0,0,17-AUG-2016,
OPTIDX,S&P500,16-Dec-2016,2280,CE,0,0,0,46.75,36.45,0,0,0,0,17-AUG-2016,
OPTIDX,S&P500,16-Dec-2016,2285,CE,0,0,0,48.1,34.75,0,0,0,0,17-AUG-2016,
OPTIDX,S&P500,16-Dec-2016,2290,CE,0,0,0,38.2,33.1,0,0,0,0,17-AUG-2016,
OPTIDX,S&P500,16-Dec-2016,1730,PE,0,0,0,64.5,0,0,0,0,0,17-AUG-2016,
OPTIDX,S&P500,16-Dec-2016,1740,PE,0,0,0,67.45,0,0,0,0,0,17-AUG-2016,
OPTIDX,S&P500,16-Dec-2016,1750,PE,0,0,0,68.95,0,0,0,0,0,17-AUG-2016,
OPTIDX,S&P500,16-Dec-2016,1755,PE,0,0,0,74.55,0,0,0,0,0,17-AUG-2016,
OPTIDX,S&P500,16-Dec-2016,1760,PE,0,0,0,72.9,0.05,0,0,0,0,17-AUG-2016,
OPTIDX,S&P500,16-Dec-2016,1765,PE,0,0,0,77.75,0.05,0,0,0,0,17-AUG-2016,
OPTIDX,S&P500,16-Dec-2016,1770,PE,0,0,0,76.05,0.05,0,0,0,0,17-AUG-2016,
OPTIDX,S&P500,16-Dec-2016,1775,PE,0,0,0,81,0.05,0,0,0,0,17-AUG-2016,
OPTIDX,S&P500,16-Dec-2016,1780,PE,0,0,0,83.85,0.05,0,0,0,0,17-AUG-2016,
OPTIDX,S&P500,16-Dec-2016,1785,PE,0,0,0,71.4,0.05,0,0,0,0,17-AUG-2016,
OPTIDX,S&P500,16-Dec-2016,1790,PE,0,0,0,73.5,0.05,0,0,0,0,17-AUG-2016,
OPTIDX,S&P500,16-Dec-2016,1795,PE,0,0,0,74.45,0.05,0,0,0,0,17-AUG-2016,
OPTIDX,S&P500,16-Dec-2016,1800,PE,0,0,0,76.65,0.05,0,0,0,0,17-AUG-2016,
OPTIDX,S&P500,16-Dec-2016,1805,PE,0,0,0,87.75,0.05,0,0,0,0,17-AUG-2016,
OPTIDX,S&P500,16-Dec-2016,1810,PE,0,0,0,79.85,0.05,0,0,0,0,17-AUG-2016,
OPTIDX,S&P500,16-Dec-2016,1815,PE,0,0,0,91.3,0.05,0,0,0,0,17-AUG-2016,
OPTIDX,S&P500,16-Dec-2016,1820,PE,0,0,0,67.05,0.05,0,0,0,0,17-AUG-2016,
OPTIDX,S&P500,16-Dec-2016,1825,PE,0,0,0,63.65,0.05,0,0,0,0,17-AUG-2016,
OPTIDX,S&P500,16-Dec-2016,1830,PE,0,0,0,69.95,0.05,0,0,0,0,17-AUG-2016,
OPTIDX,S&P500,16-Dec-2016,1835,PE,0,0,0,66.6,0.1,0,0,0,0,17-AUG-2016,
OPTIDX,S&P500,16-Dec-2016,1840,PE,0,0,0,73.05,0.1,0,0,0,0,17-AUG-2016,
OPTIDX,S&P500,16-Dec-2016,1845,PE,0,0,0,69.35,0.1,0,0,0,0,17-AUG-2016,
OPTIDX,S&P500,16-Dec-2016,1850,PE,0,0,0,76.25,0.1,0,0,0,0,17-AUG-2016,
OPTIDX,S&P500,16-Dec-2016,1855,PE,0,0,0,72.35,0.15,0,0,0,0,17-AUG-2016,
OPTIDX,S&P500,16-Dec-2016,1860,PE,0,0,0,79.5,0.15,0,0,0,0,17-AUG-2016,
OPTIDX,S&P500,16-Dec-2016,1865,PE,0,0,0,75.45,0.15,0,0,0,0,17-AUG-2016,
OPTIDX,S&P500,16-Dec-2016,1870,PE,0,0,0,82.85,0.2,0,0,0,0,17-AUG-2016,
OPTIDX,S&P500,16-Dec-2016,1875,PE,0,0,0,78.7,0.2,0,0,0,0,17-AUG-2016,
OPTIDX,S&P500,16-Dec-2016,1880,PE,0,0,0,86.3,0.25,0,0,0,0,17-AUG-2016,
OPTIDX,S&P500,16-Dec-2016,1885,PE,0,0,0,82,0.25,0,0,0,0,17-AUG-2016,
OPTIDX,S&P500,16-Dec-2016,1890,PE,0,0,0,56.6,0.3,0,0,0,0,17-AUG-2016,
OPTIDX,S&P500,16-Dec-2016,1895,PE,0,0,0,85.4,0.35,0,0,0,0,17-AUG-2016,
OPTIDX,S&P500,16-Dec-2016,1900,PE,0,0,0,59.4,0.35,0,0,0,0,17-AUG-2016,
OPTIDX,S&P500,16-Dec-2016,1905,PE,0,0,0,71.3,0.4,0,0,0,0,17-AUG-2016,
OPTIDX,S&P500,16-Dec-2016,1910,PE,0,0,0,62.25,0.45,0,0,0,0,17-AUG-2016,
OPTIDX,S&P500,16-Dec-2016,1915,PE,0,0,0,74.25,0.5,0,0,0,0,17-AUG-2016,
OPTIDX,S&P500,16-Dec-2016,1920,PE,0,0,0,69.55,0.6,0,0,0,0,17-AUG-2016,
OPTIDX,S&P500,16-Dec-2016,1925,PE,0,0,0,77.3,0.65,0,0,0,0,17-AUG-2016,
OPTIDX,S&P500,16-Dec-2016,1930,PE,0,0,0,72.55,0.75,0,0,0,0,17-AUG-2016,
OPTIDX,S&P500,16-Dec-2016,1935,PE,0,0,0,80.5,0.8,0,0,0,0,17-AUG-2016,
OPTIDX,S&P500,16-Dec-2016,1940,PE,0,0,0,62.05,0.9,0,0,0,0,17-AUG-2016,
OPTIDX,S&P500,16-Dec-2016,1945,PE,0,0,0,83.75,1,0,0,0,0,17-AUG-2016,
OPTIDX,S&P500,16-Dec-2016,1950,PE,0,0,0,64.9,1.1,0,0,0,0,17-AUG-2016,
OPTIDX,S&P500,16-Dec-2016,1955,PE,0,0,0,87.1,1.25,0,0,0,0,17-AUG-2016,
OPTIDX,S&P500,16-Dec-2016,1960,PE,0,0,0,67.8,1.35,0,0,0,0,17-AUG-2016,
OPTIDX,S&P500,16-Dec-2016,1965,PE,0,0,0,90.5,1.5,0,0,0,0,17-AUG-2016,
OPTIDX,S&P500,16-Dec-2016,1970,PE,0,0,0,70.7,1.65,0,0,0,0,17-AUG-2016,
OPTIDX,S&P500,16-Dec-2016,1975,PE,0,0,0,94,1.85,0,0,0,0,17-AUG-2016,
OPTIDX,S&P500,16-Dec-2016,1980,PE,0,0,0,73.8,2.05,0,0,0,0,17-AUG-2016,
OPTIDX,S&P500,16-Dec-2016,1985,PE,0,0,0,75.35,2.25,0,0,0,0,17-AUG-2016,
OPTIDX,S&P500,16-Dec-2016,1990,PE,0,0,0,76.95,2.45,0,0,0,0,17-AUG-2016,
OPTIDX,S&P500,16-Dec-2016,1995,PE,0,0,0,78.55,2.7,0,0,0,0,17-AUG-2016,
OPTIDX,S&P500,16-Dec-2016,2000,PE,0,0,0,80.2,2.95,0,0,0,0,17-AUG-2016,
OPTIDX,S&P500,16-Dec-2016,2005,PE,0,0,0,81.85,3.25,0,0,0,0,17-AUG-2016,
OPTIDX,S&P500,16-Dec-2016,2010,PE,0,0,0,83.55,3.55,0,0,0,0,17-AUG-2016,
OPTIDX,S&P500,16-Dec-2016,2015,PE,0,0,0,85.25,3.85,0,0,0,0,17-AUG-2016,
OPTIDX,S&P500,16-Dec-2016,2020,PE,0,0,0,86.95,4.2,0,0,0,0,17-AUG-2016,
OPTIDX,S&P500,16-Dec-2016,2025,PE,0,0,0,88.7,4.55,0,0,0,0,17-AUG-2016,
OPTIDX,S&P500,16-Dec-2016,2030,PE,0,0,0,90.45,4.95,0,0,0,0,17-AUG-2016,
OPTIDX,S&P500,16-Dec-2016,2035,PE,0,0,0,92.25,5.4,0,0,0,0,17-AUG-2016,
OPTIDX,S&P500,16-Dec-2016,2040,PE,0,0,0,94.05,5.85,0,0,0,0,17-AUG-2016,
OPTIDX,S&P500,16-Dec-2016,2045,PE,0,0,0,95.9,6.35,0,0,0,0,17-AUG-2016,
OPTIDX,S&P500,16-Dec-2016,2050,PE,0,0,0,97.75,6.85,0,0,0,0,17-AUG-2016,
OPTIDX,S&P500,16-Dec-2016,2055,PE,0,0,0,99.65,7.4,0,0,0,0,17-AUG-2016,
OPTIDX,S&P500,16-Dec-2016,2060,PE,0,0,0,101.55,8,0,0,0,0,17-AUG-2016,
OPTIDX,S&P500,16-Dec-2016,2065,PE,0,0,0,103.45,8.6,0,0,0,0,17-AUG-2016,
OPTIDX,S&P500,16-Dec-2016,2070,PE,0,0,0,105.4,9.3,0,0,0,0,17-AUG-2016,
OPTIDX,S&P500,16-Dec-2016,2075,PE,0,0,0,107.35,10,0,0,0,0,17-AUG-2016,
OPTIDX,S&P500,16-Dec-2016,2080,PE,0,0,0,109.35,10.75,0,0,0,0,17-AUG-2016,
OPTIDX,S&P500,16-Dec-2016,2085,PE,0,0,0,111.35,11.5,0,0,0,0,17-AUG-2016,
OPTIDX,S&P500,16-Dec-2016,2090,PE,0,0,0,113.4,12.35,0,0,0,0,17-AUG-2016,
OPTIDX,S&P500,16-Dec-2016,2095,PE,0,0,0,115.45,13.2,0,0,0,0,17-AUG-2016,
OPTIDX,S&P500,16-Dec-2016,2100,PE,0,0,0,117.5,14.15,0,0,0,0,17-AUG-2016,
OPTIDX,S&P500,16-Dec-2016,2105,PE,0,0,0,147.05,15.1,0,0,0,0,17-AUG-2016,
OPTIDX,S&P500,16-Dec-2016,2110,PE,0,0,0,121.75,16.15,0,0,0,0,17-AUG-2016,
OPTIDX,S&P500,16-Dec-2016,2115,PE,0,0,0,124.7,17.2,0,0,0,0,17-AUG-2016,
OPTIDX,S&P500,16-Dec-2016,2120,PE,0,0,0,126.05,18.35,0,0,0,0,17-AUG-2016,
OPTIDX,S&P500,16-Dec-2016,2125,PE,0,0,0,128.95,19.5,0,0,0,0,17-AUG-2016,
OPTIDX,S&P500,16-Dec-2016,2130,PE,0,0,0,130.4,20.8,0,0,0,0,17-AUG-2016,
OPTIDX,S&P500,16-Dec-2016,2135,PE,0,0,0,133.25,22.1,0,0,0,0,17-AUG-2016,
OPTIDX,S&P500,16-Dec-2016,2140,PE,0,0,0,134.9,23.35,0,0,0,0,17-AUG-2016,
OPTIDX,S&P500,16-Dec-2016,2145,PE,0,0,0,137.65,24.75,0,0,0,0,17-AUG-2016,
OPTIDX,S&P500,16-Dec-2016,2150,PE,0,0,0,136.15,26.2,0,0,0,0,17-AUG-2016,
OPTIDX,S&P500,16-Dec-2016,2155,PE,0,0,0,142.15,27.75,0,0,0,0,17-AUG-2016,
OPTIDX,S&P500,16-Dec-2016,2160,PE,0,0,0,140.7,29.3,0,0,0,0,17-AUG-2016,
OPTIDX,S&P500,16-Dec-2016,2165,PE,0,0,0,146.7,30.95,0,0,0,0,17-AUG-2016,
OPTIDX,S&P500,16-Dec-2016,2170,PE,0,0,0,133.45,32.65,0,0,0,0,17-AUG-2016,
OPTIDX,S&P500,16-Dec-2016,2175,PE,0,0,0,106.05,34.45,0,0,0,0,17-AUG-2016,
OPTIDX,S&P500,16-Dec-2016,2180,PE,0,0,0,137.95,36.25,0,0,0,0,17-AUG-2016,
OPTIDX,S&P500,16-Dec-2016,2185,PE,0,0,0,86.15,38.15,0,0,0,0,17-AUG-2016,
OPTIDX,S&P500,16-Dec-2016,2190,PE,0,0,0,103.2,40.15,0,0,0,0,17-AUG-2016,
OPTIDX,S&P500,16-Dec-2016,2195,PE,0,0,0,91.05,42.15,0,0,0,0,17-AUG-2016,
OPTIDX,S&P500,16-Dec-2016,2200,PE,0,0,0,108.1,44.25,0,0,0,0,17-AUG-2016,
OPTIDX,S&P500,16-Dec-2016,2205,PE,0,0,0,82.2,46.4,0,0,0,0,17-AUG-2016,
OPTIDX,S&P500,16-Dec-2016,2210,PE,0,0,0,80.4,48.65,0,0,0,0,17-AUG-2016,
OPTIDX,S&P500,16-Dec-2016,2215,PE,0,0,0,75.15,50.95,0,0,0,0,17-AUG-2016,
OPTIDX,S&P500,16-Dec-2016,2220,PE,0,0,0,77.55,53.3,0,0,0,0,17-AUG-2016,
OPTIDX,S&P500,16-Dec-2016,2225,PE,0,0,0,127.4,55.75,0,0,0,0,17-AUG-2016,
OPTIDX,S&P500,16-Dec-2016,2230,PE,0,0,0,137.1,58.2,0,0,0,0,17-AUG-2016,
OPTIDX,S&P500,16-Dec-2016,2235,PE,0,0,0,132.85,60.8,0,0,0,0,17-AUG-2016,
OPTIDX,S&P500,16-Dec-2016,2240,PE,0,0,0,125.75,63.4,0,0,0,0,17-AUG-2016,
OPTIDX,S&P500,16-Dec-2016,2245,PE,0,0,0,116.25,66.1,0,0,0,0,17-AUG-2016,
OPTIDX,S&P500,16-Dec-2016,2250,PE,0,0,0,131.2,68.85,0,0,0,0,17-AUG-2016,
OPTIDX,S&P500,16-Dec-2016,2255,PE,0,0,0,121.7,71.7,0,0,0,0,17-AUG-2016,
OPTIDX,S&P500,16-Dec-2016,2260,PE,0,0,0,122.05,74.55,0,0,0,0,17-AUG-2016,
OPTIDX,S&P500,16-Dec-2016,2265,PE,0,0,0,127.2,77.5,0,0,0,0,17-AUG-2016,
OPTIDX,S&P500,16-Dec-2016,2270,PE,0,0,0,108.7,80.5,0,0,0,0,17-AUG-2016,
OPTIDX,S&P500,16-Dec-2016,2275,PE,0,0,0,116.1,83.6,0,0,0,0,17-AUG-2016,
OPTIDX,S&P500,16-Dec-2016,2280,PE,0,0,0,90.75,86.7,0,0,0,0,17-AUG-2016,
OPTIDX,S&P500,16-Dec-2016,2285,PE,0,0,0,94.55,89.9,0,0,0,0,17-AUG-2016,
OPTIDX,S&P500,16-Dec-2016,2290,PE,0,0,0,85.85,93.15,0,0,0,0,17-AUG-2016,
OPTIDX,S&P500,17-Mar-2017,1900,CE,0,0,0,257.5,354.25,0,0,0,0,17-AUG-2016,
OPTIDX,S&P500,17-Mar-2017,1910,CE,0,0,0,251.05,344.85,0,0,0,0,17-AUG-2016,
OPTIDX,S&P500,17-Mar-2017,1920,CE,0,0,0,244.75,335.55,0,0,0,0,17-AUG-2016,
OPTIDX,S&P500,17-Mar-2017,1930,CE,0,0,0,238.5,326.25,0,0,0,0,17-AUG-2016,
OPTIDX,S&P500,17-Mar-2017,1935,CE,0,0,0,291.3,321.65,0,0,0,0,17-AUG-2016,
OPTIDX,S&P500,17-Mar-2017,1940,CE,0,0,0,306.9,317.05,0,0,0,0,17-AUG-2016,
OPTIDX,S&P500,17-Mar-2017,1945,CE,0,0,0,284.45,312.45,0,0,0,0,17-AUG-2016,
OPTIDX,S&P500,17-Mar-2017,1950,CE,0,0,0,300.3,307.85,0,0,0,0,17-AUG-2016,
OPTIDX,S&P500,17-Mar-2017,1955,CE,0,0,0,277.65,303.3,0,0,0,0,17-AUG-2016,
OPTIDX,S&P500,17-Mar-2017,1960,CE,0,0,0,293.8,298.75,0,0,0,0,17-AUG-2016,
OPTIDX,S&P500,17-Mar-2017,1965,CE,0,0,0,271,294.2,0,0,0,0,17-AUG-2016,
OPTIDX,S&P500,17-Mar-2017,1970,CE,0,0,0,287.35,289.65,0,0,0,0,17-AUG-2016,
OPTIDX,S&P500,17-Mar-2017,1975,CE,0,0,0,264.4,285.15,0,0,0,0,17-AUG-2016,
OPTIDX,S&P500,17-Mar-2017,1980,CE,0,0,0,281,280.65,0,0,0,0,17-AUG-2016,
OPTIDX,S&P500,17-Mar-2017,1985,CE,0,0,0,277.75,276.2,0,0,0,0,17-AUG-2016,
OPTIDX,S&P500,17-Mar-2017,1990,CE,0,0,0,274.65,271.75,0,0,0,0,17-AUG-2016,
OPTIDX,S&P500,17-Mar-2017,1995,CE,0,0,0,271.55,267.3,0,0,0,0,17-AUG-2016,
OPTIDX,S&P500,17-Mar-2017,2000,CE,0,0,0,268.45,262.9,0,0,0,0,17-AUG-2016,
OPTIDX,S&P500,17-Mar-2017,2005,CE,0,0,0,265.4,258.5,0,0,0,0,17-AUG-2016,
OPTIDX,S&P500,17-Mar-2017,2010,CE,0,0,0,262.35,254.1,0,0,0,0,17-AUG-2016,
OPTIDX,S&P500,17-Mar-2017,2015,CE,0,0,0,259.35,249.75,0,0,0,0,17-AUG-2016,
OPTIDX,S&P500,17-Mar-2017,2020,CE,0,0,0,256.35,245.45,0,0,0,0,17-AUG-2016,
OPTIDX,S&P500,17-Mar-2017,2025,CE,0,0,0,253.4,241.15,0,0,0,0,17-AUG-2016,
OPTIDX,S&P500,17-Mar-2017,2030,CE,0,0,0,250.45,236.85,0,0,0,0,17-AUG-2016,
OPTIDX,S&P500,17-Mar-2017,2035,CE,0,0,0,247.55,232.6,0,0,0,0,17-AUG-2016,
OPTIDX,S&P500,17-Mar-2017,2040,CE,0,0,0,244.65,228.35,0,0,0,0,17-AUG-2016,
OPTIDX,S&P500,17-Mar-2017,2045,CE,0,0,0,241.75,224.15,0,0,0,0,17-AUG-2016,
OPTIDX,S&P500,17-Mar-2017,2050,CE,0,0,0,238.9,220,0,0,0,0,17-AUG-2016,
OPTIDX,S&P500,17-Mar-2017,2055,CE,0,0,0,236.05,215.85,0,0,0,0,17-AUG-2016,
OPTIDX,S&P500,17-Mar-2017,2060,CE,0,0,0,233.25,211.75,0,0,0,0,17-AUG-2016,
OPTIDX,S&P500,17-Mar-2017,2065,CE,0,0,0,230.45,207.65,0,0,0,0,17-AUG-2016,
OPTIDX,S&P500,17-Mar-2017,2070,CE,0,0,0,227.7,203.6,0,0,0,0,17-AUG-2016,
OPTIDX,S&P500,17-Mar-2017,2075,CE,0,0,0,224.95,199.6,0,0,0,0,17-AUG-2016,
OPTIDX,S&P500,17-Mar-2017,2080,CE,0,0,0,222.2,195.6,0,0,0,0,17-AUG-2016,
OPTIDX,S&P500,17-Mar-2017,2085,CE,0,0,0,219.5,191.65,0,0,0,0,17-AUG-2016,
OPTIDX,S&P500,17-Mar-2017,2090,CE,0,0,0,216.8,187.7,0,0,0,0,17-AUG-2016,
OPTIDX,S&P500,17-Mar-2017,2095,CE,0,0,0,214.15,183.85,0,0,0,0,17-AUG-2016,
OPTIDX,S&P500,17-Mar-2017,2100,CE,0,0,0,211.55,180,0,0,0,0,17-AUG-2016,
OPTIDX,S&P500,17-Mar-2017,2105,CE,0,0,0,210.5,176.2,0,0,0,0,17-AUG-2016,
OPTIDX,S&P500,17-Mar-2017,2110,CE,0,0,0,206.3,172.4,0,0,0,0,17-AUG-2016,
OPTIDX,S&P500,17-Mar-2017,2115,CE,0,0,0,182.3,168.7,0,0,0,0,17-AUG-2016,
OPTIDX,S&P500,17-Mar-2017,2120,CE,0,0,0,201.2,165,0,0,0,0,17-AUG-2016,
OPTIDX,S&P500,17-Mar-2017,2125,CE,0,0,0,177.15,161.3,0,0,0,0,17-AUG-2016,
OPTIDX,S&P500,17-Mar-2017,2130,CE,0,0,0,196.2,157.7,0,0,0,0,17-AUG-2016,
OPTIDX,S&P500,17-Mar-2017,2135,CE,0,0,0,172.15,154.2,0,0,0,0,17-AUG-2016,
OPTIDX,S&P500,17-Mar-2017,2140,CE,0,0,0,191.25,150.65,0,0,0,0,17-AUG-2016,
OPTIDX,S&P500,17-Mar-2017,2145,CE,0,0,0,174.6,147.15,0,0,0,0,17-AUG-2016,
OPTIDX,S&P500,17-Mar-2017,2150,CE,0,0,0,187.5,143.65,0,0,0,0,17-AUG-2016,
OPTIDX,S&P500,17-Mar-2017,2155,CE,0,0,0,169.55,140.25,0,0,0,0,17-AUG-2016,
OPTIDX,S&P500,17-Mar-2017,2160,CE,0,0,0,160.2,136.85,0,0,0,0,17-AUG-2016,
OPTIDX,S&P500,17-Mar-2017,2165,CE,0,0,0,165.25,133.55,0,0,0,0,17-AUG-2016,
OPTIDX,S&P500,17-Mar-2017,2170,CE,0,0,0,150.7,130.3,0,0,0,0,17-AUG-2016,
OPTIDX,S&P500,17-Mar-2017,2175,CE,0,0,0,151.55,127.05,0,0,0,0,17-AUG-2016,
OPTIDX,S&P500,17-Mar-2017,2180,CE,0,0,0,145.75,123.9,0,0,0,0,17-AUG-2016,
OPTIDX,S&P500,17-Mar-2017,2185,CE,0,0,0,131.05,120.75,0,0,0,0,17-AUG-2016,
OPTIDX,S&P500,17-Mar-2017,2190,CE,0,0,0,153.25,117.65,0,0,0,0,17-AUG-2016,
OPTIDX,S&P500,17-Mar-2017,2195,CE,0,0,0,126,114.6,0,0,0,0,17-AUG-2016,
OPTIDX,S&P500,17-Mar-2017,2200,CE,0,0,0,148.35,111.65,0,0,0,0,17-AUG-2016,
OPTIDX,S&P500,17-Mar-2017,2205,CE,0,0,0,99.25,108.7,0,0,0,0,17-AUG-2016,
OPTIDX,S&P500,17-Mar-2017,2210,CE,0,0,0,95.1,105.8,0,0,0,0,17-AUG-2016,
OPTIDX,S&P500,17-Mar-2017,2215,CE,0,0,0,87.5,102.95,0,0,0,0,17-AUG-2016,
OPTIDX,S&P500,17-Mar-2017,2220,CE,0,0,0,90.5,100.15,0,0,0,0,17-AUG-2016,
OPTIDX,S&P500,17-Mar-2017,2225,CE,0,0,0,152.25,97.4,0,0,0,0,17-AUG-2016,
OPTIDX,S&P500,17-Mar-2017,2230,CE,0,0,0,150.7,94.7,0,0,0,0,17-AUG-2016,
OPTIDX,S&P500,17-Mar-2017,2235,CE,0,0,0,147.7,92.05,0,0,0,0,17-AUG-2016,
OPTIDX,S&P500,17-Mar-2017,2240,CE,0,0,0,150.5,89.4,0,0,0,0,17-AUG-2016,
OPTIDX,S&P500,17-Mar-2017,2245,CE,0,0,0,145.15,86.85,0,0,0,0,17-AUG-2016,
OPTIDX,S&P500,17-Mar-2017,2250,CE,0,0,0,145.95,84.35,0,0,0,0,17-AUG-2016,
OPTIDX,S&P500,17-Mar-2017,2255,CE,0,0,0,140.5,81.9,0,0,0,0,17-AUG-2016,
OPTIDX,S&P500,17-Mar-2017,2260,CE,0,0,0,132.7,79.5,0,0,0,0,17-AUG-2016,
OPTIDX,S&P500,17-Mar-2017,2265,CE,0,0,0,135.95,77.1,0,0,0,0,17-AUG-2016,
OPTIDX,S&P500,17-Mar-2017,2270,CE,0,0,0,109.05,74.8,0,0,0,0,17-AUG-2016,
OPTIDX,S&P500,17-Mar-2017,2275,CE,0,0,0,120,72.55,0,0,0,0,17-AUG-2016,
OPTIDX,S&P500,17-Mar-2017,2280,CE,0,0,0,83.05,70.3,0,0,0,0,17-AUG-2016,
OPTIDX,S&P500,17-Mar-2017,2285,CE,0,0,0,84.95,68.15,0,0,0,0,17-AUG-2016,
OPTIDX,S&P500,17-Mar-2017,2290,CE,0,0,0,72.6,66,0,0,0,0,17-AUG-2016,
OPTIDX,S&P500,17-Mar-2017,1900,PE,0,0,0,62.15,1.45,0,0,0,0,17-AUG-2016,
OPTIDX,S&P500,17-Mar-2017,1910,PE,0,0,0,65.2,1.7,0,0,0,0,17-AUG-2016,
OPTIDX,S&P500,17-Mar-2017,1920,PE,0,0,0,68.4,2,0,0,0,0,17-AUG-2016,
OPTIDX,S&P500,17-Mar-2017,1930,PE,0,0,0,71.7,2.3,0,0,0,0,17-AUG-2016,
OPTIDX,S&P500,17-Mar-2017,1935,PE,0,0,0,43.45,2.5,0,0,0,0,17-AUG-2016,
OPTIDX,S&P500,17-Mar-2017,1940,PE,0,0,0,54.6,2.7,0,0,0,0,17-AUG-2016,
OPTIDX,S&P500,17-Mar-2017,1945,PE,0,0,0,45.85,2.9,0,0,0,0,17-AUG-2016,
OPTIDX,S&P500,17-Mar-2017,1950,PE,0,0,0,57.25,3.1,0,0,0,0,17-AUG-2016,
OPTIDX,S&P500,17-Mar-2017,1955,PE,0,0,0,48.3,3.35,0,0,0,0,17-AUG-2016,
OPTIDX,S&P500,17-Mar-2017,1960,PE,0,0,0,59.9,3.6,0,0,0,0,17-AUG-2016,
OPTIDX,S&P500,17-Mar-2017,1965,PE,0,0,0,50.9,3.85,0,0,0,0,17-AUG-2016,
OPTIDX,S&P500,17-Mar-2017,1970,PE,0,0,0,62.7,4.1,0,0,0,0,17-AUG-2016,
OPTIDX,S&P500,17-Mar-2017,1975,PE,0,0,0,53.55,4.4,0,0,0,0,17-AUG-2016,
OPTIDX,S&P500,17-Mar-2017,1980,PE,0,0,0,65.55,4.75,0,0,0,0,17-AUG-2016,
OPTIDX,S&P500,17-Mar-2017,1985,PE,0,0,0,66.95,5.05,0,0,0,0,17-AUG-2016,
OPTIDX,S&P500,17-Mar-2017,1990,PE,0,0,0,68.45,5.4,0,0,0,0,17-AUG-2016,
OPTIDX,S&P500,17-Mar-2017,1995,PE,0,0,0,69.95,5.75,0,0,0,0,17-AUG-2016,
OPTIDX,S&P500,17-Mar-2017,2000,PE,0,0,0,71.45,6.15,0,0,0,0,17-AUG-2016,
OPTIDX,S&P500,17-Mar-2017,2005,PE,0,0,0,73.05,6.55,0,0,0,0,17-AUG-2016,
OPTIDX,S&P500,17-Mar-2017,2010,PE,0,0,0,74.6,7,0,0,0,0,17-AUG-2016,
OPTIDX,S&P500,17-Mar-2017,2015,PE,0,0,0,76.2,7.45,0,0,0,0,17-AUG-2016,
OPTIDX,S&P500,17-Mar-2017,2020,PE,0,0,0,77.8,7.95,0,0,0,0,17-AUG-2016,
OPTIDX,S&P500,17-Mar-2017,2025,PE,0,0,0,79.45,8.4,0,0,0,0,17-AUG-2016,
OPTIDX,S&P500,17-Mar-2017,2030,PE,0,0,0,81.1,8.95,0,0,0,0,17-AUG-2016,
OPTIDX,S&P500,17-Mar-2017,2035,PE,0,0,0,82.8,9.5,0,0,0,0,17-AUG-2016,
OPTIDX,S&P500,17-Mar-2017,2040,PE,0,0,0,84.5,10.1,0,0,0,0,17-AUG-2016,
OPTIDX,S&P500,17-Mar-2017,2045,PE,0,0,0,86.25,10.7,0,0,0,0,17-AUG-2016,
OPTIDX,S&P500,17-Mar-2017,2050,PE,0,0,0,88,11.3,0,0,0,0,17-AUG-2016,
OPTIDX,S&P500,17-Mar-2017,2055,PE,0,0,0,89.75,11.95,0,0,0,0,17-AUG-2016,
OPTIDX,S&P500,17-Mar-2017,2060,PE,0,0,0,91.55,12.65,0,0,0,0,17-AUG-2016,
OPTIDX,S&P500,17-Mar-2017,2065,PE,0,0,0,93.4,13.4,0,0,0,0,17-AUG-2016,
OPTIDX,S&P500,17-Mar-2017,2070,PE,0,0,0,95.2,14.15,0,0,0,0,17-AUG-2016,
OPTIDX,S&P500,17-Mar-2017,2075,PE,0,0,0,97.1,14.9,0,0,0,0,17-AUG-2016,
OPTIDX,S&P500,17-Mar-2017,2080,PE,0,0,0,98.95,15.75,0,0,0,0,17-AUG-2016,
OPTIDX,S&P500,17-Mar-2017,2085,PE,0,0,0,100.85,16.6,0,0,0,0,17-AUG-2016,
OPTIDX,S&P500,17-Mar-2017,2090,PE,0,0,0,102.8,17.45,0,0,0,0,17-AUG-2016,
OPTIDX,S&P500,17-Mar-2017,2095,PE,0,0,0,104.75,18.4,0,0,0,0,17-AUG-2016,
OPTIDX,S&P500,17-Mar-2017,2100,PE,0,0,0,106.7,19.35,0,0,0,0,17-AUG-2016,
OPTIDX,S&P500,17-Mar-2017,2105,PE,0,0,0,101.95,20.35,0,0,0,0,17-AUG-2016,
OPTIDX,S&P500,17-Mar-2017,2110,PE,0,0,0,110.75,21.35,0,0,0,0,17-AUG-2016,
OPTIDX,S&P500,17-Mar-2017,2115,PE,0,0,0,100.8,22.45,0,0,0,0,17-AUG-2016,
OPTIDX,S&P500,17-Mar-2017,2120,PE,0,0,0,114.85,23.55,0,0,0,0,17-AUG-2016,
OPTIDX,S&P500,17-Mar-2017,2125,PE,0,0,0,104.9,24.7,0,0,0,0,17-AUG-2016,
OPTIDX,S&P500,17-Mar-2017,2130,PE,0,0,0,119,25.9,0,0,0,0,17-AUG-2016,
OPTIDX,S&P500,17-Mar-2017,2135,PE,0,0,0,109.15,27.2,0,0,0,0,17-AUG-2016,
OPTIDX,S&P500,17-Mar-2017,2140,PE,0,0,0,123.3,28.45,0,0,0,0,17-AUG-2016,
OPTIDX,S&P500,17-Mar-2017,2145,PE,0,0,0,100.95,29.75,0,0,0,0,17-AUG-2016,
OPTIDX,S&P500,17-Mar-2017,2150,PE,0,0,0,120.4,31,0,0,0,0,17-AUG-2016,
OPTIDX,S&P500,17-Mar-2017,2155,PE,0,0,0,105.1,32.4,0,0,0,0,17-AUG-2016,
OPTIDX,S&P500,17-Mar-2017,2160,PE,0,0,0,99.75,33.85,0,0,0,0,17-AUG-2016,
OPTIDX,S&P500,17-Mar-2017,2165,PE,0,0,0,103.9,35.35,0,0,0,0,17-AUG-2016,
OPTIDX,S&P500,17-Mar-2017,2170,PE,0,0,0,102,36.9,0,0,0,0,17-AUG-2016,
OPTIDX,S&P500,17-Mar-2017,2175,PE,0,0,0,105.25,38.45,0,0,0,0,17-AUG-2016,
OPTIDX,S&P500,17-Mar-2017,2180,PE,0,0,0,106.45,40.1,0,0,0,0,17-AUG-2016,
OPTIDX,S&P500,17-Mar-2017,2185,PE,0,0,0,84.2,41.75,0,0,0,0,17-AUG-2016,
OPTIDX,S&P500,17-Mar-2017,2190,PE,0,0,0,103.85,43.5,0,0,0,0,17-AUG-2016,
OPTIDX,S&P500,17-Mar-2017,2195,PE,0,0,0,88.55,45.25,0,0,0,0,17-AUG-2016,
OPTIDX,S&P500,17-Mar-2017,2200,PE,0,0,0,108.3,47.05,0,0,0,0,17-AUG-2016,
OPTIDX,S&P500,17-Mar-2017,2205,PE,0,0,0,78.15,48.9,0,0,0,0,17-AUG-2016,
OPTIDX,S&P500,17-Mar-2017,2210,PE,0,0,0,75.85,50.8,0,0,0,0,17-AUG-2016,
OPTIDX,S&P500,17-Mar-2017,2215,PE,0,0,0,69.65,52.8,0,0,0,0,17-AUG-2016,
OPTIDX,S&P500,17-Mar-2017,2220,PE,0,0,0,72.35,54.8,0,0,0,0,17-AUG-2016,
OPTIDX,S&P500,17-Mar-2017,2225,PE,0,0,0,137.05,56.85,0,0,0,0,17-AUG-2016,
OPTIDX,S&P500,17-Mar-2017,2230,PE,0,0,0,146.8,58.95,0,0,0,0,17-AUG-2016,
OPTIDX,S&P500,17-Mar-2017,2235,PE,0,0,0,142,61.1,0,0,0,0,17-AUG-2016,
OPTIDX,S&P500,17-Mar-2017,2240,PE,0,0,0,135.05,63.3,0,0,0,0,17-AUG-2016,
OPTIDX,S&P500,17-Mar-2017,2245,PE,0,0,0,124.75,65.5,0,0,0,0,17-AUG-2016,
OPTIDX,S&P500,17-Mar-2017,2250,PE,0,0,0,140,67.8,0,0,0,0,17-AUG-2016,
OPTIDX,S&P500,17-Mar-2017,2255,PE,0,0,0,129.6,70.15,0,0,0,0,17-AUG-2016,
OPTIDX,S&P500,17-Mar-2017,2260,PE,0,0,0,128.75,72.55,0,0,0,0,17-AUG-2016,
OPTIDX,S&P500,17-Mar-2017,2265,PE,0,0,0,134.65,75,0,0,0,0,17-AUG-2016,
OPTIDX,S&P500,17-Mar-2017,2270,PE,0,0,0,111.5,77.45,0,0,0,0,17-AUG-2016,
OPTIDX,S&P500,17-Mar-2017,2275,PE,0,0,0,120.6,80,0,0,0,0,17-AUG-2016,
OPTIDX,S&P500,17-Mar-2017,2280,PE,0,0,0,89.05,82.6,0,0,0,0,17-AUG-2016,
OPTIDX,S&P500,17-Mar-2017,2285,PE,0,0,0,93.15,85.25,0,0,0,0,17-AUG-2016,
OPTIDX,S&P500,17-Mar-2017,2290,PE,0,0,0,82.1,87.9,0,0,0,0,17-AUG-2016,
OPTIDX,S&P500,16-Jun-2017,1900,CE,0,0,0,298,386.55,0,0,0,0,17-AUG-2016,
OPTIDX,S&P500,16-Jun-2017,1910,CE,0,0,0,291.6,377.45,0,0,0,0,17-AUG-2016,
OPTIDX,S&P500,16-Jun-2017,1920,CE,0,0,0,285.4,368.4,0,0,0,0,17-AUG-2016,
OPTIDX,S&P500,16-Jun-2017,1930,CE,0,0,0,279.3,359.4,0,0,0,0,17-AUG-2016,
OPTIDX,S&P500,16-Jun-2017,1935,CE,0,0,0,296.2,354.95,0,0,0,0,17-AUG-2016,
OPTIDX,S&P500,16-Jun-2017,1940,CE,0,0,0,273.25,350.45,0,0,0,0,17-AUG-2016,
OPTIDX,S&P500,16-Jun-2017,1945,CE,0,0,0,289.75,346,0,0,0,0,17-AUG-2016,
OPTIDX,S&P500,16-Jun-2017,1950,CE,0,0,0,267.3,341.55,0,0,0,0,17-AUG-2016,
OPTIDX,S&P500,16-Jun-2017,1955,CE,0,0,0,283.35,337.15,0,0,0,0,17-AUG-2016,
OPTIDX,S&P500,16-Jun-2017,1960,CE,0,0,0,261.45,332.75,0,0,0,0,17-AUG-2016,
OPTIDX,S&P500,16-Jun-2017,1965,CE,0,0,0,277.1,328.35,0,0,0,0,17-AUG-2016,
OPTIDX,S&P500,16-Jun-2017,1970,CE,0,0,0,248.65,323.95,0,0,0,0,17-AUG-2016,
OPTIDX,S&P500,16-Jun-2017,1975,CE,0,0,0,270.95,319.6,0,0,0,0,17-AUG-2016,
OPTIDX,S&P500,16-Jun-2017,1980,CE,0,0,0,248,315.2,0,0,0,0,17-AUG-2016,
OPTIDX,S&P500,16-Jun-2017,1985,CE,0,0,0,247.05,310.9,0,0,0,0,17-AUG-2016,
OPTIDX,S&P500,16-Jun-2017,1990,CE,0,0,0,240.05,306.55,0,0,0,0,17-AUG-2016,
OPTIDX,S&P500,16-Jun-2017,1995,CE,0,0,0,239.05,302.25,0,0,0,0,17-AUG-2016,
OPTIDX,S&P500,16-Jun-2017,2000,CE,0,0,0,232.2,298,0,0,0,0,17-AUG-2016,
OPTIDX,S&P500,16-Jun-2017,2005,CE,0,0,0,231.15,293.75,0,0,0,0,17-AUG-2016,
OPTIDX,S&P500,16-Jun-2017,2010,CE,0,0,0,224.5,289.5,0,0,0,0,17-AUG-2016,
OPTIDX,S&P500,16-Jun-2017,2015,CE,0,0,0,213.4,285.25,0,0,0,0,17-AUG-2016,
OPTIDX,S&P500,16-Jun-2017,2020,CE,0,0,0,216.85,281.05,0,0,0,0,17-AUG-2016,
OPTIDX,S&P500,16-Jun-2017,2025,CE,0,0,0,213.1,276.9,0,0,0,0,17-AUG-2016,
OPTIDX,S&P500,16-Jun-2017,2030,CE,0,0,0,209.35,272.75,0,0,0,0,17-AUG-2016,
OPTIDX,S&P500,16-Jun-2017,2035,CE,0,0,0,205.65,268.6,0,0,0,0,17-AUG-2016,
OPTIDX,S&P500,16-Jun-2017,2040,CE,0,0,0,202,264.5,0,0,0,0,17-AUG-2016,
OPTIDX,S&P500,16-Jun-2017,2045,CE,0,0,0,198.35,260.4,0,0,0,0,17-AUG-2016,
OPTIDX,S&P500,16-Jun-2017,2050,CE,0,0,0,194.7,256.3,0,0,0,0,17-AUG-2016,
OPTIDX,S&P500,16-Jun-2017,2055,CE,0,0,0,191.15,252.3,0,0,0,0,17-AUG-2016,
OPTIDX,S&P500,16-Jun-2017,2060,CE,0,0,0,187.6,248.25,0,0,0,0,17-AUG-2016,
OPTIDX,S&P500,16-Jun-2017,2065,CE,0,0,0,184.05,244.3,0,0,0,0,17-AUG-2016,
OPTIDX,S&P500,16-Jun-2017,2070,CE,0,0,0,180.65,240.3,0,0,0,0,17-AUG-2016,
OPTIDX,S&P500,16-Jun-2017,2075,CE,0,0,0,177.2,236.4,0,0,0,0,17-AUG-2016,
OPTIDX,S&P500,16-Jun-2017,2080,CE,0,0,0,173.8,232.45,0,0,0,0,17-AUG-2016,
OPTIDX,S&P500,16-Jun-2017,2085,CE,0,0,0,170.4,228.6,0,0,0,0,17-AUG-2016,
OPTIDX,S&P500,16-Jun-2017,2090,CE,0,0,0,167.05,224.75,0,0,0,0,17-AUG-2016,
OPTIDX,S&P500,16-Jun-2017,2095,CE,0,0,0,163.65,220.9,0,0,0,0,17-AUG-2016,
OPTIDX,S&P500,16-Jun-2017,2100,CE,0,0,0,160.4,217.1,0,0,0,0,17-AUG-2016,
OPTIDX,S&P500,16-Jun-2017,2105,CE,0,0,0,157.15,213.35,0,0,0,0,17-AUG-2016,
OPTIDX,S&P500,16-Jun-2017,2110,CE,0,0,0,153.95,209.6,0,0,0,0,17-AUG-2016,
OPTIDX,S&P500,16-Jun-2017,2115,CE,0,0,0,150.8,205.9,0,0,0,0,17-AUG-2016,
OPTIDX,S&P500,16-Jun-2017,2120,CE,0,0,0,147.7,202.25,0,0,0,0,17-AUG-2016,
OPTIDX,S&P500,16-Jun-2017,2125,CE,0,0,0,144.6,198.6,0,0,0,0,17-AUG-2016,
OPTIDX,S&P500,16-Jun-2017,2130,CE,0,0,0,141.55,195,0,0,0,0,17-AUG-2016,
OPTIDX,S&P500,16-Jun-2017,2135,CE,0,0,0,138.55,191.4,0,0,0,0,17-AUG-2016,
OPTIDX,S&P500,16-Jun-2017,2140,CE,0,0,0,135.55,187.85,0,0,0,0,17-AUG-2016,
OPTIDX,S&P500,16-Jun-2017,2145,CE,0,0,0,134.05,184.45,0,0,0,0,17-AUG-2016,
OPTIDX,S&P500,16-Jun-2017,2150,CE,0,0,0,129.75,180.95,0,0,0,0,17-AUG-2016,
OPTIDX,S&P500,16-Jun-2017,2155,CE,0,0,0,128.2,177.5,0,0,0,0,17-AUG-2016,
OPTIDX,S&P500,16-Jun-2017,2160,CE,0,0,0,124.05,174.1,0,0,0,0,17-AUG-2016,
OPTIDX,S&P500,16-Jun-2017,2165,CE,0,0,0,122.5,170.65,0,0,0,0,17-AUG-2016,
OPTIDX,S&P500,16-Jun-2017,2170,CE,0,0,0,118.55,167.3,0,0,0,0,17-AUG-2016,
OPTIDX,S&P500,16-Jun-2017,2175,CE,0,0,0,116.95,164,0,0,0,0,17-AUG-2016,
OPTIDX,S&P500,16-Jun-2017,2180,CE,0,0,0,113.2,160.75,0,0,0,0,17-AUG-2016,
OPTIDX,S&P500,16-Jun-2017,2185,CE,0,0,0,111.6,157.5,0,0,0,0,17-AUG-2016,
OPTIDX,S&P500,16-Jun-2017,2190,CE,0,0,0,109.45,154.35,0,0,0,0,17-AUG-2016,
OPTIDX,S&P500,16-Jun-2017,2195,CE,0,0,0,129.95,151.2,0,0,0,0,17-AUG-2016,
OPTIDX,S&P500,16-Jun-2017,2200,CE,0,0,0,210.95,148.05,0,0,0,0,17-AUG-2016,
OPTIDX,S&P500,16-Jun-2017,2205,CE,0,0,0,124.55,145,0,0,0,0,17-AUG-2016,
OPTIDX,S&P500,16-Jun-2017,2210,CE,0,0,0,202.8,141.95,0,0,0,0,17-AUG-2016,
OPTIDX,S&P500,16-Jun-2017,2215,CE,0,0,0,119.3,138.95,0,0,0,0,17-AUG-2016,
OPTIDX,S&P500,16-Jun-2017,2220,CE,0,0,0,198.05,136,0,0,0,0,17-AUG-2016,
OPTIDX,S&P500,16-Jun-2017,2225,CE,0,0,0,194.65,133.05,0,0,0,0,17-AUG-2016,
OPTIDX,S&P500,16-Jun-2017,2230,CE,0,0,0,193.35,130.2,0,0,0,0,17-AUG-2016,
OPTIDX,S&P500,16-Jun-2017,2235,CE,0,0,0,189.9,127.35,0,0,0,0,17-AUG-2016,
OPTIDX,S&P500,16-Jun-2017,2240,CE,0,0,0,192.85,124.55,0,0,0,0,17-AUG-2016,
OPTIDX,S&P500,16-Jun-2017,2245,CE,0,0,0,186.8,121.8,0,0,0,0,17-AUG-2016,
OPTIDX,S&P500,16-Jun-2017,2250,CE,0,0,0,188.1,119.05,0,0,0,0,17-AUG-2016,
OPTIDX,S&P500,16-Jun-2017,2255,CE,0,0,0,181.95,116.35,0,0,0,0,17-AUG-2016,
OPTIDX,S&P500,16-Jun-2017,2260,CE,0,0,0,173.45,113.7,0,0,0,0,17-AUG-2016,
OPTIDX,S&P500,16-Jun-2017,2265,CE,0,0,0,177.2,111.1,0,0,0,0,17-AUG-2016,
OPTIDX,S&P500,16-Jun-2017,2270,CE,0,0,0,147,108.55,0,0,0,0,17-AUG-2016,
OPTIDX,S&P500,16-Jun-2017,2275,CE,0,0,0,159.25,106,0,0,0,0,17-AUG-2016,
OPTIDX,S&P500,16-Jun-2017,2280,CE,0,0,0,117.9,103.5,0,0,0,0,17-AUG-2016,
OPTIDX,S&P500,16-Jun-2017,2285,CE,0,0,0,120.1,101.05,0,0,0,0,17-AUG-2016,
OPTIDX,S&P500,16-Jun-2017,2290,CE,0,0,0,106.2,98.65,0,0,0,0,17-AUG-2016,
OPTIDX,S&P500,16-Jun-2017,1900,PE,0,0,0,70.85,2.6,0,0,0,0,17-AUG-2016,
OPTIDX,S&P500,16-Jun-2017,1910,PE,0,0,0,73.8,3,0,0,0,0,17-AUG-2016,
OPTIDX,S&P500,16-Jun-2017,1920,PE,0,0,0,76.95,3.4,0,0,0,0,17-AUG-2016,
OPTIDX,S&P500,16-Jun-2017,1930,PE,0,0,0,80.15,3.85,0,0,0,0,17-AUG-2016,
OPTIDX,S&P500,16-Jun-2017,1935,PE,0,0,0,65.2,4.05,0,0,0,0,17-AUG-2016,
OPTIDX,S&P500,16-Jun-2017,1940,PE,0,0,0,83.45,4.3,0,0,0,0,17-AUG-2016,
OPTIDX,S&P500,16-Jun-2017,1945,PE,0,0,0,68.1,4.6,0,0,0,0,17-AUG-2016,
OPTIDX,S&P500,16-Jun-2017,1950,PE,0,0,0,86.85,4.85,0,0,0,0,17-AUG-2016,
OPTIDX,S&P500,16-Jun-2017,1955,PE,0,0,0,71.05,5.15,0,0,0,0,17-AUG-2016,
OPTIDX,S&P500,16-Jun-2017,1960,PE,0,0,0,90.3,5.45,0,0,0,0,17-AUG-2016,
OPTIDX,S&P500,16-Jun-2017,1965,PE,0,0,0,74.15,5.8,0,0,0,0,17-AUG-2016,
OPTIDX,S&P500,16-Jun-2017,1970,PE,0,0,0,12.2,6.1,0,0,0,0,17-AUG-2016,
OPTIDX,S&P500,16-Jun-2017,1975,PE,0,0,0,77.3,6.5,0,0,0,0,17-AUG-2016,
OPTIDX,S&P500,16-Jun-2017,1980,PE,0,0,0,13.55,6.85,0,0,0,0,17-AUG-2016,
OPTIDX,S&P500,16-Jun-2017,1985,PE,0,0,0,12.9,7.25,0,0,0,0,17-AUG-2016,
OPTIDX,S&P500,16-Jun-2017,1990,PE,0,0,0,14.9,7.65,0,0,0,0,17-AUG-2016,
OPTIDX,S&P500,16-Jun-2017,1995,PE,0,0,0,14.2,8.05,0,0,0,0,17-AUG-2016,
OPTIDX,S&P500,16-Jun-2017,2000,PE,0,0,0,16.4,8.5,0,0,0,0,17-AUG-2016,
OPTIDX,S&P500,16-Jun-2017,2005,PE,0,0,0,15.65,8.95,0,0,0,0,17-AUG-2016,
OPTIDX,S&P500,16-Jun-2017,2010,PE,0,0,0,17.95,9.45,0,0,0,0,17-AUG-2016,
OPTIDX,S&P500,16-Jun-2017,2015,PE,0,0,0,18.85,9.95,0,0,0,0,17-AUG-2016,
OPTIDX,S&P500,16-Jun-2017,2020,PE,0,0,0,19.65,10.45,0,0,0,0,17-AUG-2016,
OPTIDX,S&P500,16-Jun-2017,2025,PE,0,0,0,20.55,11,0,0,0,0,17-AUG-2016,
OPTIDX,S&P500,16-Jun-2017,2030,PE,0,0,0,21.45,11.55,0,0,0,0,17-AUG-2016,
OPTIDX,S&P500,16-Jun-2017,2035,PE,0,0,0,22.4,12.15,0,0,0,0,17-AUG-2016,
OPTIDX,S&P500,16-Jun-2017,2040,PE,0,0,0,23.4,12.75,0,0,0,0,17-AUG-2016,
OPTIDX,S&P500,16-Jun-2017,2045,PE,0,0,0,24.4,13.4,0,0,0,0,17-AUG-2016,
OPTIDX,S&P500,16-Jun-2017,2050,PE,0,0,0,25.45,14.05,0,0,0,0,17-AUG-2016,
OPTIDX,S&P500,16-Jun-2017,2055,PE,0,0,0,26.5,14.75,0,0,0,0,17-AUG-2016,
OPTIDX,S&P500,16-Jun-2017,2060,PE,0,0,0,27.65,15.45,0,0,0,0,17-AUG-2016,
OPTIDX,S&P500,16-Jun-2017,2065,PE,0,0,0,28.75,16.15,0,0,0,0,17-AUG-2016,
OPTIDX,S&P500,16-Jun-2017,2070,PE,0,0,0,30,16.95,0,0,0,0,17-AUG-2016,
OPTIDX,S&P500,16-Jun-2017,2075,PE,0,0,0,31.2,17.7,0,0,0,0,17-AUG-2016,
OPTIDX,S&P500,16-Jun-2017,2080,PE,0,0,0,32.45,18.5,0,0,0,0,17-AUG-2016,
OPTIDX,S&P500,16-Jun-2017,2085,PE,0,0,0,33.75,19.35,0,0,0,0,17-AUG-2016,
OPTIDX,S&P500,16-Jun-2017,2090,PE,0,0,0,35.05,20.25,0,0,0,0,17-AUG-2016,
OPTIDX,S&P500,16-Jun-2017,2095,PE,0,0,0,36.3,21.15,0,0,0,0,17-AUG-2016,
OPTIDX,S&P500,16-Jun-2017,2100,PE,0,0,0,37.7,22.05,0,0,0,0,17-AUG-2016,
OPTIDX,S&P500,16-Jun-2017,2105,PE,0,0,0,39.1,23,0,0,0,0,17-AUG-2016,
OPTIDX,S&P500,16-Jun-2017,2110,PE,0,0,0,40.55,24,0,0,0,0,17-AUG-2016,
OPTIDX,S&P500,16-Jun-2017,2115,PE,0,0,0,42.05,25,0,0,0,0,17-AUG-2016,
OPTIDX,S&P500,16-Jun-2017,2120,PE,0,0,0,43.6,26.05,0,0,0,0,17-AUG-2016,
OPTIDX,S&P500,16-Jun-2017,2125,PE,0,0,0,45.15,27.15,0,0,0,0,17-AUG-2016,
OPTIDX,S&P500,16-Jun-2017,2130,PE,0,0,0,46.75,28.25,0,0,0,0,17-AUG-2016,
OPTIDX,S&P500,16-Jun-2017,2135,PE,0,0,0,48.4,29.4,0,0,0,0,17-AUG-2016,
OPTIDX,S&P500,16-Jun-2017,2140,PE,0,0,0,50.1,30.6,0,0,0,0,17-AUG-2016,
OPTIDX,S&P500,16-Jun-2017,2145,PE,0,0,0,48.95,31.85,0,0,0,0,17-AUG-2016,
OPTIDX,S&P500,16-Jun-2017,2150,PE,0,0,0,53.6,33.1,0,0,0,0,17-AUG-2016,
OPTIDX,S&P500,16-Jun-2017,2155,PE,0,0,0,52.4,34.4,0,0,0,0,17-AUG-2016,
OPTIDX,S&P500,16-Jun-2017,2160,PE,0,0,0,57.2,35.7,0,0,0,0,17-AUG-2016,
OPTIDX,S&P500,16-Jun-2017,2165,PE,0,0,0,56.05,36.95,0,0,0,0,17-AUG-2016,
OPTIDX,S&P500,16-Jun-2017,2170,PE,0,0,0,61,38.35,0,0,0,0,17-AUG-2016,
OPTIDX,S&P500,16-Jun-2017,2175,PE,0,0,0,59.8,39.75,0,0,0,0,17-AUG-2016,
OPTIDX,S&P500,16-Jun-2017,2180,PE,0,0,0,64.95,41.25,0,0,0,0,17-AUG-2016,
OPTIDX,S&P500,16-Jun-2017,2185,PE,0,0,0,63.75,42.75,0,0,0,0,17-AUG-2016,
OPTIDX,S&P500,16-Jun-2017,2190,PE,0,0,0,62.25,44.25,0,0,0,0,17-AUG-2016,
OPTIDX,S&P500,16-Jun-2017,2195,PE,0,0,0,65.2,45.85,0,0,0,0,17-AUG-2016,
OPTIDX,S&P500,16-Jun-2017,2200,PE,0,0,0,167.5,47.45,0,0,0,0,17-AUG-2016,
OPTIDX,S&P500,16-Jun-2017,2205,PE,0,0,0,69.1,49.1,0,0,0,0,17-AUG-2016,
OPTIDX,S&P500,16-Jun-2017,2210,PE,0,0,0,143.4,50.75,0,0,0,0,17-AUG-2016,
OPTIDX,S&P500,16-Jun-2017,2215,PE,0,0,0,73.2,52.5,0,0,0,0,17-AUG-2016,
OPTIDX,S&P500,16-Jun-2017,2220,PE,0,0,0,148,54.25,0,0,0,0,17-AUG-2016,
OPTIDX,S&P500,16-Jun-2017,2225,PE,0,0,0,142.8,56.05,0,0,0,0,17-AUG-2016,
OPTIDX,S&P500,16-Jun-2017,2230,PE,0,0,0,152.65,57.9,0,0,0,0,17-AUG-2016,
OPTIDX,S&P500,16-Jun-2017,2235,PE,0,0,0,147.45,59.75,0,0,0,0,17-AUG-2016,
OPTIDX,S&P500,16-Jun-2017,2240,PE,0,0,0,140.5,61.7,0,0,0,0,17-AUG-2016,
OPTIDX,S&P500,16-Jun-2017,2245,PE,0,0,0,129.5,63.65,0,0,0,0,17-AUG-2016,
OPTIDX,S&P500,16-Jun-2017,2250,PE,0,0,0,145.1,65.65,0,0,0,0,17-AUG-2016,
OPTIDX,S&P500,16-Jun-2017,2255,PE,0,0,0,134.05,67.7,0,0,0,0,17-AUG-2016,
OPTIDX,S&P500,16-Jun-2017,2260,PE,0,0,0,132.3,69.75,0,0,0,0,17-AUG-2016,
OPTIDX,S&P500,16-Jun-2017,2265,PE,0,0,0,138.65,71.85,0,0,0,0,17-AUG-2016,
OPTIDX,S&P500,16-Jun-2017,2270,PE,0,0,0,112.1,74,0,0,0,0,17-AUG-2016,
OPTIDX,S&P500,16-Jun-2017,2275,PE,0,0,0,122.5,76.2,0,0,0,0,17-AUG-2016,
OPTIDX,S&P500,16-Jun-2017,2280,PE,0,0,0,86.45,78.45,0,0,0,0,17-AUG-2016,
OPTIDX,S&P500,16-Jun-2017,2285,PE,0,0,0,90.8,80.7,0,0,0,0,17-AUG-2016,
OPTIDX,S&P500,16-Jun-2017,2290,PE,0,0,0,78.15,83,0,0,0,0,17-AUG-2016,
OPTSTK,ABIRLANUVO,25-Aug-2016,720,CE,0,0,0,331.75,525.55,0,0,0,0,17-AUG-2016,
OPTSTK,ABIRLANUVO,25-Aug-2016,740,CE,0,0,0,313.25,505.6,0,0,0,0,17-AUG-2016,
OPTSTK,ABIRLANUVO,25-Aug-2016,760,CE,0,0,0,295.05,485.6,0,0,0,0,17-AUG-2016,
OPTSTK,ABIRLANUVO,25-Aug-2016,780,CE,0,0,0,277.2,465.65,0,0,0,0,17-AUG-2016,
OPTSTK,ABIRLANUVO,25-Aug-2016,800,CE,0,0,0,259.75,445.7,0,0,0,0,17-AUG-2016,
OPTSTK,ABIRLANUVO,25-Aug-2016,820,CE,0,0,0,242.75,425.8,0,0,0,0,17-AUG-2016,
OPTSTK,ABIRLANUVO,25-Aug-2016,840,CE,0,0,0,226.3,405.9,0,0,0,0,17-AUG-2016,
OPTSTK,ABIRLANUVO,25-Aug-2016,860,CE,0,0,0,210.35,386,0,0,0,0,17-AUG-2016,
OPTSTK,ABIRLANUVO,25-Aug-2016,880,CE,0,0,0,195.05,366.2,0,0,0,0,17-AUG-2016,
OPTSTK,ABIRLANUVO,25-Aug-2016,900,CE,0,0,0,180.35,346.5,0,0,0,0,17-AUG-2016,
OPTSTK,ABIRLANUVO,25-Aug-2016,920,CE,0,0,0,166.3,326.9,0,0,0,0,17-AUG-2016,
OPTSTK,ABIRLANUVO,25-Aug-2016,940,CE,0,0,0,152.9,307.45,0,0,0,0,17-AUG-2016,
OPTSTK,ABIRLANUVO,25-Aug-2016,960,CE,0,0,0,140.2,288.2,0,0,0,0,17-AUG-2016,
OPTSTK,ABIRLANUVO,25-Aug-2016,980,CE,0,0,0,128.25,269.25,0,0,0,0,17-AUG-2016,
OPTSTK,ABIRLANUVO,25-Aug-2016,1000,CE,0,0,0,117.05,250.6,0,0,0,0,17-AUG-2016,
OPTSTK,ABIRLANUVO,25-Aug-2016,1020,CE,0,0,0,106.5,232.3,0,0,0,0,17-AUG-2016,
OPTSTK,ABIRLANUVO,25-Aug-2016,1040,CE,0,0,0,96.7,214.5,0,0,0,0,17-AUG-2016,
OPTSTK,ABIRLANUVO,25-Aug-2016,1060,CE,0,0,0,87.55,197.25,0,0,0,0,17-AUG-2016,
OPTSTK,ABIRLANUVO,25-Aug-2016,1080,CE,0,0,0,79.1,180.55,0,0,0,0,17-AUG-2016,
OPTSTK,ABIRLANUVO,25-Aug-2016,1100,CE,0,0,0,71.3,164.55,0,0,0,0,17-AUG-2016,
OPTSTK,ABIRLANUVO,25-Aug-2016,1120,CE,0,0,0,64.1,149.3,0,0,0,0,17-AUG-2016,
OPTSTK,ABIRLANUVO,25-Aug-2016,1140,CE,0,0,0,57.5,134.8,0,0,0,0,17-AUG-2016,
OPTSTK,ABIRLANUVO,25-Aug-2016,1160,CE,0,0,0,51.5,121.05,0,0,0,0,17-AUG-2016,
OPTSTK,ABIRLANUVO,25-Aug-2016,1180,CE,0,0,0,46,108.25,0,0,0,0,17-AUG-2016,
OPTSTK,ABIRLANUVO,25-Aug-2016,1200,CE,85,85,67.7,67.7,67.7,4,38.26,2250,0,17-AUG-2016,
OPTSTK,ABIRLANUVO,25-Aug-2016,1220,CE,0,0,0,46.05,85.3,0,0,1500,0,17-AUG-2016,
OPTSTK,ABIRLANUVO,25-Aug-2016,1240,CE,41.95,57.8,32.55,37,37,108,1039.6,27000,2250,17-AUG-2016,
OPTSTK,ABIRLANUVO,25-Aug-2016,1260,CE,30.95,46,27.9,28.95,28.95,239,2319.3,64500,21750,17-AUG-2016,
OPTSTK,ABIRLANUVO,25-Aug-2016,1280,CE,23.9,35.4,20.5,21.3,21.3,174,1705.66,55500,11250,17-AUG-2016,
OPTSTK,ABIRLANUVO,25-Aug-2016,1300,CE,16.75,28.5,14.5,15.65,15.65,810,8024.13,505500,64500,17-AUG-2016,
OPTSTK,ABIRLANUVO,25-Aug-2016,1320,CE,15,21,10,10.4,10.4,150,1500.35,54750,23250,17-AUG-2016,
OPTSTK,ABIRLANUVO,25-Aug-2016,1340,CE,11.15,16.85,7.2,7.65,7.65,205,2077.5,111750,6000,17-AUG-2016,
OPTSTK,ABIRLANUVO,25-Aug-2016,1360,CE,8.05,12.1,5.7,5.85,5.85,145,1487.35,73500,7500,17-AUG-2016,
OPTSTK,ABIRLANUVO,25-Aug-2016,1380,CE,5.95,9.5,4.55,4.7,4.7,106,1102,62250,750,17-AUG-2016,
OPTSTK,ABIRLANUVO,25-Aug-2016,1400,CE,4.2,7.2,3.2,3.75,3.75,365,3845.76,403500,-10500,17-AUG-2016,
OPTSTK,ABIRLANUVO,25-Aug-2016,1420,CE,3.8,5.5,2.55,2.8,2.8,50,533.85,42000,7500,17-AUG-2016,
OPTSTK,ABIRLANUVO,25-Aug-2016,1440,CE,3.95,3.95,2.1,2.25,2.25,6,64.92,39750,1500,17-AUG-2016,
OPTSTK,ABIRLANUVO,25-Aug-2016,1460,CE,3,3,1.9,2,2,4,43.87,31500,0,17-AUG-2016,
OPTSTK,ABIRLANUVO,25-Aug-2016,1480,CE,1.25,3.45,1.25,1.65,1.65,5,55.59,27750,0,17-AUG-2016,
OPTSTK,ABIRLANUVO,25-Aug-2016,1500,CE,2.45,2.45,1.3,1.5,1.5,60,675.75,251250,-10500,17-AUG-2016,
OPTSTK,ABIRLANUVO,25-Aug-2016,1520,CE,1.3,1.7,1.3,1.7,1.7,3,34.23,29250,-1500,17-AUG-2016,
OPTSTK,ABIRLANUVO,25-Aug-2016,1540,CE,1.2,1.25,1.2,1.25,1.25,4,46.23,44250,0,17-AUG-2016,
OPTSTK,ABIRLANUVO,25-Aug-2016,1560,CE,0.85,1.2,0.8,1.1,1.1,9,105.36,31500,-750,17-AUG-2016,
OPTSTK,ABIRLANUVO,25-Aug-2016,1580,CE,0,0,0,1.2,4.45,0,0,29250,0,17-AUG-2016,
OPTSTK,ABIRLANUVO,25-Aug-2016,1600,CE,0.9,1.1,0.8,0.9,0.9,37,444.25,152250,-5250,17-AUG-2016,
OPTSTK,ABIRLANUVO,25-Aug-2016,1620,CE,0.8,1,0.8,1,1,2,24.31,22500,0,17-AUG-2016,
OPTSTK,ABIRLANUVO,25-Aug-2016,1640,CE,0.95,0.95,0.95,0.95,0.95,3,36.92,35250,-2250,17-AUG-2016,
OPTSTK,ABIRLANUVO,25-Aug-2016,1660,CE,0,0,0,1.55,1.95,0,0,22500,0,17-AUG-2016,
OPTSTK,ABIRLANUVO,25-Aug-2016,1680,CE,0.95,0.95,0.95,0.95,0.95,1,12.6,18750,0,17-AUG-2016,
OPTSTK,ABIRLANUVO,25-Aug-2016,1700,CE,0.6,0.8,0.55,0.65,0.65,17,216.83,204000,-4500,17-AUG-2016,
OPTSTK,ABIRLANUVO,25-Aug-2016,1720,CE,0,0,0,1.4,1,0,0,4500,0,17-AUG-2016,
OPTSTK,ABIRLANUVO,25-Aug-2016,1740,CE,0.8,0.8,0.8,0.8,0.8,1,13.05,3750,0,17-AUG-2016,
OPTSTK,ABIRLANUVO,25-Aug-2016,1760,CE,0,0,0,1.9,0.65,0,0,0,0,17-AUG-2016,
OPTSTK,ABIRLANUVO,25-Aug-2016,1780,CE,0,0,0,0.75,0.55,0,0,2250,0,17-AUG-2016,
OPTSTK,ABIRLANUVO,25-Aug-2016,1800,CE,0,0,0,1,0.4,0,0,12750,0,17-AUG-2016,
OPTSTK,ABIRLANUVO,25-Aug-2016,1820,CE,0.8,0.8,0.8,0.8,0.8,1,13.65,7500,0,17-AUG-2016,
OPTSTK,ABIRLANUVO,25-Aug-2016,720,PE,0,0,0,3,0,0,0,0,0,17-AUG-2016,
OPTSTK,ABIRLANUVO,25-Aug-2016,740,PE,0,0,0,4.15,0.05,0,0,0,0,17-AUG-2016,
OPTSTK,ABIRLANUVO,25-Aug-2016,760,PE,0,0,0,5.6,0.05,0,0,0,0,17-AUG-2016,
OPTSTK,ABIRLANUVO,25-Aug-2016,780,PE,0,0,0,7.4,0.05,0,0,0,0,17-AUG-2016,
OPTSTK,ABIRLANUVO,25-Aug-2016,800,PE,0,0,0,9.6,0.05,0,0,0,0,17-AUG-2016,
OPTSTK,ABIRLANUVO,25-Aug-2016,820,PE,0,0,0,12.25,0.1,0,0,0,0,17-AUG-2016,
OPTSTK,ABIRLANUVO,25-Aug-2016,840,PE,0,0,0,15.4,0.15,0,0,0,0,17-AUG-2016,
OPTSTK,ABIRLANUVO,25-Aug-2016,860,PE,0,0,0,19.15,0.3,0,0,0,0,17-AUG-2016,
OPTSTK,ABIRLANUVO,25-Aug-2016,880,PE,0,0,0,23.45,0.45,0,0,0,0,17-AUG-2016,
OPTSTK,ABIRLANUVO,25-Aug-2016,900,PE,0,0,0,0.5,0.7,0,0,3750,0,17-AUG-2016,
OPTSTK,ABIRLANUVO,25-Aug-2016,920,PE,0,0,0,34,1.05,0,0,0,0,17-AUG-2016,
OPTSTK,ABIRLANUVO,25-Aug-2016,940,PE,0,0,0,40.2,1.6,0,0,0,0,17-AUG-2016,
OPTSTK,ABIRLANUVO,25-Aug-2016,960,PE,0,0,0,47.2,2.35,0,0,0,0,17-AUG-2016,
OPTSTK,ABIRLANUVO,25-Aug-2016,980,PE,0,0,0,54.9,3.3,0,0,0,0,17-AUG-2016,
OPTSTK,ABIRLANUVO,25-Aug-2016,1000,PE,0.8,1.25,0.8,1.25,1.25,8,60.06,45750,2250,17-AUG-2016,
OPTSTK,ABIRLANUVO,25-Aug-2016,1020,PE,0,0,0,72.4,6.35,0,0,0,0,17-AUG-2016,
OPTSTK,ABIRLANUVO,25-Aug-2016,1040,PE,0,0,0,3.05,8.5,0,0,3000,0,17-AUG-2016,
OPTSTK,ABIRLANUVO,25-Aug-2016,1060,PE,0,0,0,92.75,11.2,0,0,0,0,17-AUG-2016,
OPTSTK,ABIRLANUVO,25-Aug-2016,1080,PE,0,0,0,103.9,14.5,0,0,0,0,17-AUG-2016,
OPTSTK,ABIRLANUVO,25-Aug-2016,1100,PE,3.75,3.75,1.65,2.3,2.3,54,446.43,45750,-6750,17-AUG-2016,
OPTSTK,ABIRLANUVO,25-Aug-2016,1120,PE,0,0,0,128.2,23.15,0,0,0,0,17-AUG-2016,
OPTSTK,ABIRLANUVO,25-Aug-2016,1140,PE,8,8,4,5,5,8,68.75,6000,0,17-AUG-2016,
OPTSTK,ABIRLANUVO,25-Aug-2016,1160,PE,4.55,9,4.55,7.05,7.05,17,148.84,8250,3750,17-AUG-2016,
OPTSTK,ABIRLANUVO,25-Aug-2016,1180,PE,11,12.5,6.95,10.75,10.75,22,196.35,4500,-750,17-AUG-2016,
OPTSTK,ABIRLANUVO,25-Aug-2016,1200,PE,17.05,17.9,10.25,14.45,14.45,275,2502.47,234000,12000,17-AUG-2016,
OPTSTK,ABIRLANUVO,25-Aug-2016,1220,PE,23,23.9,14.55,21.25,21.25,92,854.86,25500,0,17-AUG-2016,
OPTSTK,ABIRLANUVO,25-Aug-2016,1240,PE,25.15,32,19.5,29.7,29.7,157,1490.98,59250,6750,17-AUG-2016,
OPTSTK,ABIRLANUVO,25-Aug-2016,1260,PE,40,43.4,26.75,40.45,40.45,104,1011.19,41250,3000,17-AUG-2016,
OPTSTK,ABIRLANUVO,25-Aug-2016,1280,PE,48.45,51.85,38.6,49.65,49.65,20,198.7,14250,-750,17-AUG-2016,
OPTSTK,ABIRLANUVO,25-Aug-2016,1300,PE,61.75,69.2,50,67.75,67.75,29,295.64,52500,-1500,17-AUG-2016,
OPTSTK,ABIRLANUVO,25-Aug-2016,1320,PE,0,0,0,68.75,116.8,0,0,9000,0,17-AUG-2016,
OPTSTK,ABIRLANUVO,25-Aug-2016,1340,PE,0,0,0,102,130.75,0,0,5250,0,17-AUG-2016,
OPTSTK,ABIRLANUVO,25-Aug-2016,1360,PE,0,0,0,94.2,145.45,0,0,5250,0,17-AUG-2016,
OPTSTK,ABIRLANUVO,25-Aug-2016,1380,PE,123.35,123.35,123.35,123.35,123.35,1,11.27,9000,0,17-AUG-2016,
OPTSTK,ABIRLANUVO,25-Aug-2016,1400,PE,0,0,0,160,176.55,0,0,51000,0,17-AUG-2016,
OPTSTK,ABIRLANUVO,25-Aug-2016,1420,PE,0,0,0,145,192.95,0,0,9000,0,17-AUG-2016,
OPTSTK,ABIRLANUVO,25-Aug-2016,1440,PE,0,0,0,199,209.85,0,0,3750,0,17-AUG-2016,
OPTSTK,ABIRLANUVO,25-Aug-2016,1460,PE,0,0,0,201,227.15,0,0,11250,0,17-AUG-2016,
OPTSTK,ABIRLANUVO,25-Aug-2016,1480,PE,0,0,0,209.95,244.85,0,0,5250,0,17-AUG-2016,
OPTSTK,ABIRLANUVO,25-Aug-2016,1500,PE,243.4,243.4,243.4,243.4,243.4,1,13.07,33750,-750,17-AUG-2016,
OPTSTK,ABIRLANUVO,25-Aug-2016,1520,PE,0,0,0,240.9,281.25,0,0,3750,0,17-AUG-2016,
OPTSTK,ABIRLANUVO,25-Aug-2016,1540,PE,0,0,0,290.1,299.8,0,0,5250,0,17-AUG-2016,
OPTSTK,ABIRLANUVO,25-Aug-2016,1560,PE,0,0,0,314,318.6,0,0,6750,0,17-AUG-2016,
OPTSTK,ABIRLANUVO,25-Aug-2016,1580,PE,0,0,0,358.6,337.6,0,0,48750,0,17-AUG-2016,
OPTSTK,ABIRLANUVO,25-Aug-2016,1600,PE,0,0,0,308,356.8,0,0,8250,0,17-AUG-2016,
OPTSTK,ABIRLANUVO,25-Aug-2016,1620,PE,0,0,0,133.7,376.1,0,0,2250,0,17-AUG-2016,
OPTSTK,ABIRLANUVO,25-Aug-2016,1640,PE,0,0,0,175.2,395.5,0,0,3000,0,17-AUG-2016,
OPTSTK,ABIRLANUVO,25-Aug-2016,1660,PE,0,0,0,382.45,415,0,0,0,0,17-AUG-2016,
OPTSTK,ABIRLANUVO,25-Aug-2016,1680,PE,0,0,0,395.1,434.6,0,0,0,0,17-AUG-2016,
OPTSTK,ABIRLANUVO,25-Aug-2016,1700,PE,0,0,0,223.55,454.25,0,0,750,0,17-AUG-2016,
OPTSTK,ABIRLANUVO,25-Aug-2016,1720,PE,0,0,0,240.7,474,0,0,750,0,17-AUG-2016,
OPTSTK,ABIRLANUVO,25-Aug-2016,1740,PE,0,0,0,377.85,493.75,0,0,0,0,17-AUG-2016,
OPTSTK,ABIRLANUVO,25-Aug-2016,1760,PE,0,0,0,397.25,513.55,0,0,0,0,17-AUG-2016,
OPTSTK,ABIRLANUVO,25-Aug-2016,1780,PE,0,0,0,356.7,533.4,0,0,0,0,17-AUG-2016,
OPTSTK,ABIRLANUVO,25-Aug-2016,1800,PE,0,0,0,375.7,553.3,0,0,0,0,17-AUG-2016,
OPTSTK,ABIRLANUVO,25-Aug-2016,1820,PE,0,0,0,394.8,573.15,0,0,0,0,17-AUG-2016,
OPTSTK,ABIRLANUVO,29-Sep-2016,820,CE,0,0,0,418.4,447.75,0,0,0,0,17-AUG-2016,
OPTSTK,ABIRLANUVO,29-Sep-2016,840,CE,0,0,0,399.65,430.85,0,0,0,0,17-AUG-2016,
OPTSTK,ABIRLANUVO,29-Sep-2016,860,CE,0,0,0,381.1,414.2,0,0,0,0,17-AUG-2016,
OPTSTK,ABIRLANUVO,29-Sep-2016,880,CE,0,0,0,362.85,397.95,0,0,0,0,17-AUG-2016,
OPTSTK,ABIRLANUVO,29-Sep-2016,900,CE,0,0,0,344.85,382.05,0,0,0,0,17-AUG-2016,
OPTSTK,ABIRLANUVO,29-Sep-2016,920,CE,0,0,0,327.15,366.5,0,0,0,0,17-AUG-2016,
OPTSTK,ABIRLANUVO,29-Sep-2016,940,CE,0,0,0,309.85,351.35,0,0,0,0,17-AUG-2016,
OPTSTK,ABIRLANUVO,29-Sep-2016,960,CE,0,0,0,292.9,336.6,0,0,0,0,17-AUG-2016,
OPTSTK,ABIRLANUVO,29-Sep-2016,980,CE,0,0,0,276.4,322.25,0,0,0,0,17-AUG-2016,
OPTSTK,ABIRLANUVO,29-Sep-2016,1000,CE,0,0,0,260.35,308.25,0,0,0,0,17-AUG-2016,
OPTSTK,ABIRLANUVO,29-Sep-2016,1020,CE,0,0,0,244.8,294.7,0,0,0,0,17-AUG-2016,
OPTSTK,ABIRLANUVO,29-Sep-2016,1040,CE,0,0,0,229.7,281.6,0,0,0,0,17-AUG-2016,
OPTSTK,ABIRLANUVO,29-Sep-2016,1060,CE,0,0,0,215.2,268.85,0,0,0,0,17-AUG-2016,
OPTSTK,ABIRLANUVO,29-Sep-2016,1080,CE,0,0,0,201.2,256.55,0,0,0,0,17-AUG-2016,
OPTSTK,ABIRLANUVO,29-Sep-2016,1100,CE,0,0,0,187.75,244.65,0,0,0,0,17-AUG-2016,
OPTSTK,ABIRLANUVO,29-Sep-2016,1120,CE,0,0,0,174.9,233.2,0,0,0,0,17-AUG-2016,
OPTSTK,ABIRLANUVO,29-Sep-2016,1140,CE,0,0,0,162.65,222.2,0,0,0,0,17-AUG-2016,
OPTSTK,ABIRLANUVO,29-Sep-2016,1160,CE,0,0,0,151,211.55,0,0,0,0,17-AUG-2016,
OPTSTK,ABIRLANUVO,29-Sep-2016,1180,CE,0,0,0,139.95,201.35,0,0,0,0,17-AUG-2016,
OPTSTK,ABIRLANUVO,29-Sep-2016,1200,CE,0,0,0,129.5,191.5,0,0,0,0,17-AUG-2016,
OPTSTK,ABIRLANUVO,29-Sep-2016,1220,CE,0,0,0,119.6,182.05,0,0,0,0,17-AUG-2016,
OPTSTK,ABIRLANUVO,29-Sep-2016,1240,CE,0,0,0,110.25,173,0,0,0,0,17-AUG-2016,
OPTSTK,ABIRLANUVO,29-Sep-2016,1260,CE,0,0,0,101.5,164.35,0,0,0,0,17-AUG-2016,
OPTSTK,ABIRLANUVO,29-Sep-2016,1280,CE,0,0,0,93.3,156.05,0,0,0,0,17-AUG-2016,
OPTSTK,ABIRLANUVO,29-Sep-2016,1300,CE,51,51,48,49.5,49.5,2,20.24,1500,1500,17-AUG-2016,
OPTSTK,ABIRLANUVO,29-Sep-2016,1320,CE,0,0,0,78.45,140.5,0,0,0,0,17-AUG-2016,
OPTSTK,ABIRLANUVO,29-Sep-2016,1340,CE,0,0,0,71.8,133.2,0,0,0,0,17-AUG-2016,
OPTSTK,ABIRLANUVO,29-Sep-2016,1360,CE,0,0,0,65.6,126.25,0,0,0,0,17-AUG-2016,
OPTSTK,ABIRLANUVO,29-Sep-2016,1380,CE,0,0,0,59.85,119.65,0,0,0,0,17-AUG-2016,
OPTSTK,ABIRLANUVO,29-Sep-2016,1400,CE,31,31,23.3,23.3,23.3,2,21.4,750,750,17-AUG-2016,
OPTSTK,ABIRLANUVO,29-Sep-2016,1420,CE,0,0,0,49.65,107.3,0,0,0,0,17-AUG-2016,
OPTSTK,ABIRLANUVO,29-Sep-2016,1440,CE,0,0,0,45.15,101.6,0,0,0,0,17-AUG-2016,
OPTSTK,ABIRLANUVO,29-Sep-2016,1460,CE,0,0,0,41,96.15,0,0,0,0,17-AUG-2016,
OPTSTK,ABIRLANUVO,29-Sep-2016,1480,CE,0,0,0,37.15,90.95,0,0,0,0,17-AUG-2016,
OPTSTK,ABIRLANUVO,29-Sep-2016,1500,CE,0,0,0,33.65,86.05,0,0,0,0,17-AUG-2016,
OPTSTK,ABIRLANUVO,29-Sep-2016,1520,CE,0,0,0,30.45,81.4,0,0,0,0,17-AUG-2016,
OPTSTK,ABIRLANUVO,29-Sep-2016,1540,CE,0,0,0,27.5,76.95,0,0,0,0,17-AUG-2016,
OPTSTK,ABIRLANUVO,29-Sep-2016,1560,CE,0,0,0,24.8,72.75,0,0,0,0,17-AUG-2016,
OPTSTK,ABIRLANUVO,29-Sep-2016,1580,CE,0,0,0,22.4,68.75,0,0,0,0,17-AUG-2016,
OPTSTK,ABIRLANUVO,29-Sep-2016,1600,CE,0,0,0,20.45,64.95,0,0,3000,0,17-AUG-2016,
OPTSTK,ABIRLANUVO,29-Sep-2016,1620,CE,0,0,0,18.15,61.35,0,0,0,0,17-AUG-2016,
OPTSTK,ABIRLANUVO,29-Sep-2016,1640,CE,0,0,0,84.7,57.95,0,0,750,0,17-AUG-2016,
OPTSTK,ABIRLANUVO,29-Sep-2016,1660,CE,0,0,0,18.05,54.7,0,0,0,0,17-AUG-2016,
OPTSTK,ABIRLANUVO,29-Sep-2016,1680,CE,0,0,0,14.65,51.6,0,0,0,0,17-AUG-2016,
OPTSTK,ABIRLANUVO,29-Sep-2016,1700,CE,0,0,0,13.95,48.65,0,0,0,0,17-AUG-2016,
OPTSTK,ABIRLANUVO,29-Sep-2016,1720,CE,0,0,0,13.5,45.95,0,0,0,0,17-AUG-2016,
OPTSTK,ABIRLANUVO,29-Sep-2016,1740,CE,0,0,0,14.25,43.35,0,0,0,0,17-AUG-2016,
OPTSTK,ABIRLANUVO,29-Sep-2016,1760,CE,0,0,0,12.6,40.85,0,0,0,0,17-AUG-2016,
OPTSTK,ABIRLANUVO,29-Sep-2016,1780,CE,0,0,0,24.15,38.55,0,0,0,0,17-AUG-2016,
OPTSTK,ABIRLANUVO,29-Sep-2016,1800,CE,0,0,0,21.85,36.35,0,0,0,0,17-AUG-2016,
OPTSTK,ABIRLANUVO,29-Sep-2016,1820,CE,0,0,0,19.7,34.25,0,0,0,0,17-AUG-2016,
OPTSTK,ABIRLANUVO,29-Sep-2016,820,PE,0,0,0,2.75,16.7,0,0,0,0,17-AUG-2016,
OPTSTK,ABIRLANUVO,29-Sep-2016,840,PE,0,0,0,3.65,19.6,0,0,0,0,17-AUG-2016,
OPTSTK,ABIRLANUVO,29-Sep-2016,860,PE,0,0,0,4.75,22.8,0,0,0,0,17-AUG-2016,
OPTSTK,ABIRLANUVO,29-Sep-2016,880,PE,0,0,0,6.15,26.35,0,0,0,0,17-AUG-2016,
OPTSTK,ABIRLANUVO,29-Sep-2016,900,PE,0,0,0,7.8,30.3,0,0,0,0,17-AUG-2016,
OPTSTK,ABIRLANUVO,29-Sep-2016,920,PE,0,0,0,9.75,34.6,0,0,0,0,17-AUG-2016,
OPTSTK,ABIRLANUVO,29-Sep-2016,940,PE,0,0,0,12.1,39.25,0,0,0,0,17-AUG-2016,
OPTSTK,ABIRLANUVO,29-Sep-2016,960,PE,0,0,0,14.8,44.4,0,0,0,0,17-AUG-2016,
OPTSTK,ABIRLANUVO,29-Sep-2016,980,PE,0,0,0,17.95,49.85,0,0,0,0,17-AUG-2016,
OPTSTK,ABIRLANUVO,29-Sep-2016,1000,PE,0,0,0,21.55,55.7,0,0,0,0,17-AUG-2016,
OPTSTK,ABIRLANUVO,29-Sep-2016,1020,PE,0,0,0,25.6,62,0,0,0,0,17-AUG-2016,
OPTSTK,ABIRLANUVO,29-Sep-2016,1040,PE,0,0,0,30.2,68.7,0,0,0,0,17-AUG-2016,
OPTSTK,ABIRLANUVO,29-Sep-2016,1060,PE,0,0,0,35.35,75.85,0,0,0,0,17-AUG-2016,
OPTSTK,ABIRLANUVO,29-Sep-2016,1080,PE,0,0,0,41,83.35,0,0,0,0,17-AUG-2016,
OPTSTK,ABIRLANUVO,29-Sep-2016,1100,PE,12,16,12,13.75,13.75,5,41.76,3750,3000,17-AUG-2016,
OPTSTK,ABIRLANUVO,29-Sep-2016,1120,PE,0,0,0,54,99.7,0,0,0,0,17-AUG-2016,
OPTSTK,ABIRLANUVO,29-Sep-2016,1140,PE,0,0,0,61.4,108.5,0,0,0,0,17-AUG-2016,
OPTSTK,ABIRLANUVO,29-Sep-2016,1160,PE,0,0,0,69.35,117.7,0,0,0,0,17-AUG-2016,
OPTSTK,ABIRLANUVO,29-Sep-2016,1180,PE,0,0,0,77.95,127.35,0,0,0,0,17-AUG-2016,
OPTSTK,ABIRLANUVO,29-Sep-2016,1200,PE,39.9,39.9,39.9,39.9,39.9,1,9.29,750,750,17-AUG-2016,
OPTSTK,ABIRLANUVO,29-Sep-2016,1220,PE,0,0,0,96.9,147.75,0,0,0,0,17-AUG-2016,
OPTSTK,ABIRLANUVO,29-Sep-2016,1240,PE,0,0,0,107.2,158.55,0,0,0,0,17-AUG-2016,
OPTSTK,ABIRLANUVO,29-Sep-2016,1260,PE,0,0,0,88,169.7,0,0,2250,0,17-AUG-2016,
OPTSTK,ABIRLANUVO,29-Sep-2016,1280,PE,0,0,0,129.55,181.2,0,0,0,0,17-AUG-2016,
OPTSTK,ABIRLANUVO,29-Sep-2016,1300,PE,0,0,0,100,193.1,0,0,750,0,17-AUG-2016,
OPTSTK,ABIRLANUVO,29-Sep-2016,1320,PE,0,0,0,154,205.35,0,0,0,0,17-AUG-2016,
OPTSTK,ABIRLANUVO,29-Sep-2016,1340,PE,0,0,0,166.95,217.9,0,0,0,0,17-AUG-2016,
OPTSTK,ABIRLANUVO,29-Sep-2016,1360,PE,0,0,0,180.4,230.8,0,0,0,0,17-AUG-2016,
OPTSTK,ABIRLANUVO,29-Sep-2016,1380,PE,0,0,0,194.3,244.05,0,0,0,0,17-AUG-2016,
OPTSTK,ABIRLANUVO,29-Sep-2016,1400,PE,0,0,0,208.65,257.55,0,0,0,0,17-AUG-2016,
OPTSTK,ABIRLANUVO,29-Sep-2016,1420,PE,0,0,0,223.45,271.35,0,0,0,0,17-AUG-2016,
OPTSTK,ABIRLANUVO,29-Sep-2016,1440,PE,0,0,0,238.55,285.5,0,0,0,0,17-AUG-2016,
OPTSTK,ABIRLANUVO,29-Sep-2016,1460,PE,0,0,0,220,299.85,0,0,750,0,17-AUG-2016,
OPTSTK,ABIRLANUVO,29-Sep-2016,1480,PE,0,0,0,269.85,314.5,0,0,0,0,17-AUG-2016,
OPTSTK,ABIRLANUVO,29-Sep-2016,1500,PE,0,0,0,286,329.5,0,0,0,0,17-AUG-2016,
OPTSTK,ABIRLANUVO,29-Sep-2016,1520,PE,0,0,0,302.45,344.65,0,0,0,0,17-AUG-2016,
OPTSTK,ABIRLANUVO,29-Sep-2016,1540,PE,0,0,0,319.15,360.05,0,0,0,0,17-AUG-2016,
OPTSTK,ABIRLANUVO,29-Sep-2016,1560,PE,0,0,0,336.1,375.65,0,0,0,0,17-AUG-2016,
OPTSTK,ABIRLANUVO,29-Sep-2016,1580,PE,0,0,0,353.3,391.5,0,0,0,0,17-AUG-2016,
OPTSTK,ABIRLANUVO,29-Sep-2016,1600,PE,0,0,0,370.75,407.55,0,0,0,0,17-AUG-2016,
OPTSTK,ABIRLANUVO,29-Sep-2016,1620,PE,0,0,0,388.35,423.75,0,0,0,0,17-AUG-2016,
OPTSTK,ABIRLANUVO,29-Sep-2016,1640,PE,0,0,0,390.85,440.2,0,0,0,0,17-AUG-2016,
OPTSTK,ABIRLANUVO,29-Sep-2016,1660,PE,0,0,0,383.35,456.8,0,0,0,0,17-AUG-2016,
OPTSTK,ABIRLANUVO,29-Sep-2016,1680,PE,0,0,0,394.25,473.55,0,0,0,0,17-AUG-2016,
OPTSTK,ABIRLANUVO,29-Sep-2016,1700,PE,0,0,0,395.7,490.45,0,0,0,0,17-AUG-2016,
OPTSTK,ABIRLANUVO,29-Sep-2016,1720,PE,0,0,0,387.4,507.55,0,0,0,0,17-AUG-2016,
OPTSTK,ABIRLANUVO,29-Sep-2016,1740,PE,0,0,0,378.2,524.8,0,0,0,0,17-AUG-2016,
OPTSTK,ABIRLANUVO,29-Sep-2016,1760,PE,0,0,0,396.3,542.15,0,0,0,0,17-AUG-2016,
OPTSTK,ABIRLANUVO,29-Sep-2016,1780,PE,0,0,0,363.7,559.7,0,0,0,0,17-AUG-2016,
OPTSTK,ABIRLANUVO,29-Sep-2016,1800,PE,0,0,0,381.1,577.3,0,0,0,0,17-AUG-2016,
OPTSTK,ABIRLANUVO,29-Sep-2016,1820,PE,0,0,0,398.75,595.1,0,0,0,0,17-AUG-2016,
OPTSTK,ABIRLANUVO,27-Oct-2016,1040,CE,0,0,0,420.85,322.55,0,0,0,0,17-AUG-2016,
OPTSTK,ABIRLANUVO,27-Oct-2016,1060,CE,0,0,0,403.25,311.05,0,0,0,0,17-AUG-2016,
OPTSTK,ABIRLANUVO,27-Oct-2016,1080,CE,0,0,0,386,299.9,0,0,0,0,17-AUG-2016,
OPTSTK,ABIRLANUVO,27-Oct-2016,1100,CE,0,0,0,369.05,289.1,0,0,0,0,17-AUG-2016,
OPTSTK,ABIRLANUVO,27-Oct-2016,1120,CE,0,0,0,352.45,278.6,0,0,0,0,17-AUG-2016,
OPTSTK,ABIRLANUVO,27-Oct-2016,1140,CE,0,0,0,336.2,268.45,0,0,0,0,17-AUG-2016,
OPTSTK,ABIRLANUVO,27-Oct-2016,1160,CE,0,0,0,320.3,258.6,0,0,0,0,17-AUG-2016,
OPTSTK,ABIRLANUVO,27-Oct-2016,1180,CE,0,0,0,304.85,249.1,0,0,0,0,17-AUG-2016,
OPTSTK,ABIRLANUVO,27-Oct-2016,1200,CE,0,0,0,289.8,239.85,0,0,0,0,17-AUG-2016,
OPTSTK,ABIRLANUVO,27-Oct-2016,1220,CE,0,0,0,275.2,230.95,0,0,0,0,17-AUG-2016,
OPTSTK,ABIRLANUVO,27-Oct-2016,1240,CE,0,0,0,261,222.35,0,0,0,0,17-AUG-2016,
OPTSTK,ABIRLANUVO,27-Oct-2016,1260,CE,0,0,0,247.25,214,0,0,0,0,17-AUG-2016,
OPTSTK,ABIRLANUVO,27-Oct-2016,1280,CE,0,0,0,233.9,205.95,0,0,0,0,17-AUG-2016,
OPTSTK,ABIRLANUVO,27-Oct-2016,1300,CE,0,0,0,221.1,198.15,0,0,0,0,17-AUG-2016,
OPTSTK,ABIRLANUVO,27-Oct-2016,1320,CE,0,0,0,208.75,190.65,0,0,0,0,17-AUG-2016,
OPTSTK,ABIRLANUVO,27-Oct-2016,1340,CE,0,0,0,196.9,183.4,0,0,0,0,17-AUG-2016,
OPTSTK,ABIRLANUVO,27-Oct-2016,1360,CE,0,0,0,185.55,176.4,0,0,0,0,17-AUG-2016,
OPTSTK,ABIRLANUVO,27-Oct-2016,1380,CE,0,0,0,174.6,169.65,0,0,0,0,17-AUG-2016,
OPTSTK,ABIRLANUVO,27-Oct-2016,1400,CE,0,0,0,164.2,163.15,0,0,0,0,17-AUG-2016,
OPTSTK,ABIRLANUVO,27-Oct-2016,1420,CE,0,0,0,154.2,156.9,0,0,0,0,17-AUG-2016,
OPTSTK,ABIRLANUVO,27-Oct-2016,1440,CE,0,0,0,144.7,150.85,0,0,0,0,17-AUG-2016,
OPTSTK,ABIRLANUVO,27-Oct-2016,1460,CE,0,0,0,135.65,145.05,0,0,0,0,17-AUG-2016,
OPTSTK,ABIRLANUVO,27-Oct-2016,1480,CE,0,0,0,127,139.4,0,0,0,0,17-AUG-2016,
OPTSTK,ABIRLANUVO,27-Oct-2016,1500,CE,0,0,0,118.85,134,0,0,0,0,17-AUG-2016,
OPTSTK,ABIRLANUVO,27-Oct-2016,1520,CE,0,0,0,111.05,128.8,0,0,0,0,17-AUG-2016,
OPTSTK,ABIRLANUVO,27-Oct-2016,1540,CE,0,0,0,103.75,123.85,0,0,0,0,17-AUG-2016,
OPTSTK,ABIRLANUVO,27-Oct-2016,1560,CE,0,0,0,96.8,119.05,0,0,0,0,17-AUG-2016,
OPTSTK,ABIRLANUVO,27-Oct-2016,1580,CE,0,0,0,90.25,114.4,0,0,0,0,17-AUG-2016,
OPTSTK,ABIRLANUVO,27-Oct-2016,1600,CE,0,0,0,84.05,109.95,0,0,0,0,17-AUG-2016,
OPTSTK,ABIRLANUVO,27-Oct-2016,1620,CE,0,0,0,78.2,105.65,0,0,0,0,17-AUG-2016,
OPTSTK,ABIRLANUVO,27-Oct-2016,1640,CE,0,0,0,72.75,101.55,0,0,0,0,17-AUG-2016,
OPTSTK,ABIRLANUVO,27-Oct-2016,1660,CE,0,0,0,67.6,97.6,0,0,0,0,17-AUG-2016,
OPTSTK,ABIRLANUVO,27-Oct-2016,1680,CE,0,0,0,62.85,93.75,0,0,0,0,17-AUG-2016,
OPTSTK,ABIRLANUVO,27-Oct-2016,1700,CE,0,0,0,58.3,90.1,0,0,0,0,17-AUG-2016,
OPTSTK,ABIRLANUVO,27-Oct-2016,1720,CE,0,0,0,54.1,86.6,0,0,0,0,17-AUG-2016,
OPTSTK,ABIRLANUVO,27-Oct-2016,1740,CE,0,0,0,50.1,83.2,0,0,0,0,17-AUG-2016,
OPTSTK,ABIRLANUVO,27-Oct-2016,1760,CE,0,0,0,46.35,79.95,0,0,0,0,17-AUG-2016,
OPTSTK,ABIRLANUVO,27-Oct-2016,1780,CE,0,0,0,42.9,76.8,0,0,0,0,17-AUG-2016,
OPTSTK,ABIRLANUVO,27-Oct-2016,1800,CE,0,0,0,39.65,73.8,0,0,0,0,17-AUG-2016,
OPTSTK,ABIRLANUVO,27-Oct-2016,1820,CE,0,0,0,36.65,70.9,0,0,0,0,17-AUG-2016,
OPTSTK,ABIRLANUVO,27-Oct-2016,1040,PE,0,0,0,10.45,104.2,0,0,0,0,17-AUG-2016,
OPTSTK,ABIRLANUVO,27-Oct-2016,1060,PE,0,0,0,12.55,112.45,0,0,0,0,17-AUG-2016,
OPTSTK,ABIRLANUVO,27-Oct-2016,1080,PE,0,0,0,14.95,121.05,0,0,0,0,17-AUG-2016,
OPTSTK,ABIRLANUVO,27-Oct-2016,1100,PE,0,0,0,17.65,130,0,0,0,0,17-AUG-2016,
OPTSTK,ABIRLANUVO,27-Oct-2016,1120,PE,0,0,0,20.7,139.25,0,0,0,0,17-AUG-2016,
OPTSTK,ABIRLANUVO,27-Oct-2016,1140,PE,0,0,0,24.1,148.8,0,0,0,0,17-AUG-2016,
OPTSTK,ABIRLANUVO,27-Oct-2016,1160,PE,0,0,0,27.9,158.7,0,0,0,0,17-AUG-2016,
OPTSTK,ABIRLANUVO,27-Oct-2016,1180,PE,0,0,0,32.1,168.9,0,0,0,0,17-AUG-2016,
OPTSTK,ABIRLANUVO,27-Oct-2016,1200,PE,0,0,0,36.7,179.4,0,0,0,0,17-AUG-2016,
OPTSTK,ABIRLANUVO,27-Oct-2016,1220,PE,0,0,0,41.75,190.25,0,0,0,0,17-AUG-2016,
OPTSTK,ABIRLANUVO,27-Oct-2016,1240,PE,0,0,0,47.2,201.35,0,0,0,0,17-AUG-2016,
OPTSTK,ABIRLANUVO,27-Oct-2016,1260,PE,0,0,0,53.1,212.75,0,0,0,0,17-AUG-2016,
OPTSTK,ABIRLANUVO,27-Oct-2016,1280,PE,0,0,0,59.4,224.45,0,0,0,0,17-AUG-2016,
OPTSTK,ABIRLANUVO,27-Oct-2016,1300,PE,0,0,0,66.25,236.4,0,0,0,0,17-AUG-2016,
OPTSTK,ABIRLANUVO,27-Oct-2016,1320,PE,0,0,0,73.6,248.6,0,0,0,0,17-AUG-2016,
OPTSTK,ABIRLANUVO,27-Oct-2016,1340,PE,0,0,0,81.4,261.1,0,0,0,0,17-AUG-2016,
OPTSTK,ABIRLANUVO,27-Oct-2016,1360,PE,0,0,0,89.65,273.85,0,0,0,0,17-AUG-2016,
OPTSTK,ABIRLANUVO,27-Oct-2016,1380,PE,0,0,0,98.4,286.8,0,0,0,0,17-AUG-2016,
OPTSTK,ABIRLANUVO,27-Oct-2016,1400,PE,0,0,0,107.65,300.05,0,0,0,0,17-AUG-2016,
OPTSTK,ABIRLANUVO,27-Oct-2016,1420,PE,0,0,0,117.3,313.5,0,0,0,0,17-AUG-2016,
OPTSTK,ABIRLANUVO,27-Oct-2016,1440,PE,0,0,0,127.45,327.2,0,0,0,0,17-AUG-2016,
OPTSTK,ABIRLANUVO,27-Oct-2016,1460,PE,0,0,0,138.05,341.1,0,0,0,0,17-AUG-2016,
OPTSTK,ABIRLANUVO,27-Oct-2016,1480,PE,0,0,0,149.1,355.25,0,0,0,0,17-AUG-2016,
OPTSTK,ABIRLANUVO,27-Oct-2016,1500,PE,0,0,0,160.55,369.55,0,0,0,0,17-AUG-2016,
OPTSTK,ABIRLANUVO,27-Oct-2016,1520,PE,0,0,0,172.45,384.1,0,0,0,0,17-AUG-2016,
OPTSTK,ABIRLANUVO,27-Oct-2016,1540,PE,0,0,0,184.75,398.9,0,0,0,0,17-AUG-2016,
OPTSTK,ABIRLANUVO,27-Oct-2016,1560,PE,0,0,0,197.5,413.8,0,0,0,0,17-AUG-2016,
OPTSTK,ABIRLANUVO,27-Oct-2016,1580,PE,0,0,0,210.6,428.9,0,0,0,0,17-AUG-2016,
OPTSTK,ABIRLANUVO,27-Oct-2016,1600,PE,0,0,0,224.05,444.2,0,0,0,0,17-AUG-2016,
OPTSTK,ABIRLANUVO,27-Oct-2016,1620,PE,0,0,0,237.9,459.6,0,0,0,0,17-AUG-2016,
OPTSTK,ABIRLANUVO,27-Oct-2016,1640,PE,0,0,0,252.05,475.25,0,0,0,0,17-AUG-2016,
OPTSTK,ABIRLANUVO,27-Oct-2016,1660,PE,0,0,0,266.55,491,0,0,0,0,17-AUG-2016,
OPTSTK,ABIRLANUVO,27-Oct-2016,1680,PE,0,0,0,281.45,506.9,0,0,0,0,17-AUG-2016,
OPTSTK,ABIRLANUVO,27-Oct-2016,1700,PE,0,0,0,296.6,523,0,0,0,0,17-AUG-2016,
OPTSTK,ABIRLANUVO,27-Oct-2016,1720,PE,0,0,0,312.05,539.2,0,0,0,0,17-AUG-2016,
OPTSTK,ABIRLANUVO,27-Oct-2016,1740,PE,0,0,0,327.75,555.55,0,0,0,0,17-AUG-2016,
OPTSTK,ABIRLANUVO,27-Oct-2016,1760,PE,0,0,0,343.65,572,0,0,0,0,17-AUG-2016,
OPTSTK,ABIRLANUVO,27-Oct-2016,1780,PE,0,0,0,359.85,588.6,0,0,0,0,17-AUG-2016,
OPTSTK,ABIRLANUVO,27-Oct-2016,1800,PE,0,0,0,376.25,605.35,0,0,0,0,17-AUG-2016,
OPTSTK,ABIRLANUVO,27-Oct-2016,1820,PE,0,0,0,392.9,622.2,0,0,0,0,17-AUG-2016,
OPTSTK,ACC,25-Aug-2016,1100,CE,0,0,0,494,576.65,0,0,0,0,17-AUG-2016,
OPTSTK,ACC,25-Aug-2016,1120,CE,0,0,0,404.6,556.7,0,0,0,0,17-AUG-2016,
OPTSTK,ACC,25-Aug-2016,1140,CE,0,0,0,385.2,536.75,0,0,0,0,17-AUG-2016,
OPTSTK,ACC,25-Aug-2016,1160,CE,0,0,0,365.9,516.75,0,0,0,0,17-AUG-2016,
OPTSTK,ACC,25-Aug-2016,1180,CE,0,0,0,346.75,496.8,0,0,0,0,17-AUG-2016,
OPTSTK,ACC,25-Aug-2016,1200,CE,0,0,0,327.8,476.8,0,0,0,0,17-AUG-2016,
OPTSTK,ACC,25-Aug-2016,1220,CE,0,0,0,309,456.85,0,0,0,0,17-AUG-2016,
OPTSTK,ACC,25-Aug-2016,1240,CE,0,0,0,290.5,436.85,0,0,0,0,17-AUG-2016,
OPTSTK,ACC,25-Aug-2016,1260,CE,0,0,0,272.25,416.9,0,0,0,0,17-AUG-2016,
OPTSTK,ACC,25-Aug-2016,1280,CE,0,0,0,254.4,396.95,0,0,0,0,17-AUG-2016,
OPTSTK,ACC,25-Aug-2016,1300,CE,0,0,0,236.9,376.95,0,0,0,0,17-AUG-2016,
OPTSTK,ACC,25-Aug-2016,1320,CE,0,0,0,219.9,357,0,0,0,0,17-AUG-2016,
OPTSTK,ACC,25-Aug-2016,1340,CE,0,0,0,203.4,337,0,0,0,0,17-AUG-2016,
OPTSTK,ACC,25-Aug-2016,1360,CE,0,0,0,309.8,317.05,0,0,400,0,17-AUG-2016,
OPTSTK,ACC,25-Aug-2016,1380,CE,0,0,0,172.15,297.1,0,0,0,0,17-AUG-2016,
OPTSTK,ACC,25-Aug-2016,1400,CE,0,0,0,157.55,277.1,0,0,0,0,17-AUG-2016,
OPTSTK,ACC,25-Aug-2016,1420,CE,0,0,0,143.5,257.15,0,0,0,0,17-AUG-2016,
OPTSTK,ACC,25-Aug-2016,1440,CE,0,0,0,130.3,237.2,0,0,0,0,17-AUG-2016,
OPTSTK,ACC,25-Aug-2016,1460,CE,0,0,0,216,217.2,0,0,800,0,17-AUG-2016,
OPTSTK,ACC,25-Aug-2016,1480,CE,0,0,0,210,197.3,0,0,400,0,17-AUG-2016,
OPTSTK,ACC,25-Aug-2016,1500,CE,0,0,0,157,177.4,0,0,1600,0,17-AUG-2016,
OPTSTK,ACC,25-Aug-2016,1520,CE,0,0,0,85.05,157.6,0,0,0,0,17-AUG-2016,
OPTSTK,ACC,25-Aug-2016,1540,CE,0,0,0,75.7,138,0,0,0,0,17-AUG-2016,
OPTSTK,ACC,25-Aug-2016,1560,CE,0,0,0,70,118.8,0,0,400,0,17-AUG-2016,
OPTSTK,ACC,25-Aug-2016,1580,CE,0,0,0,59.25,100.25,0,0,0,0,17-AUG-2016,
OPTSTK,ACC,25-Aug-2016,1600,CE,76,76,76,76,76,1,6.7,15600,-400,17-AUG-2016,
OPTSTK,ACC,25-Aug-2016,1620,CE,52.2,52.2,52.2,52.2,52.2,1,6.68,1600,0,17-AUG-2016,
OPTSTK,ACC,25-Aug-2016,1640,CE,31.3,45,30.5,45,45,4,26.8,21200,800,17-AUG-2016,
OPTSTK,ACC,25-Aug-2016,1660,CE,28.3,35.25,19.7,30.25,30.25,37,249.45,14000,4400,17-AUG-2016,
OPTSTK,ACC,25-Aug-2016,1680,CE,12,25,12,21.65,21.65,20,135.84,23200,0,17-AUG-2016,
OPTSTK,ACC,25-Aug-2016,1700,CE,11.8,17.2,7.35,13.95,13.95,63,431.16,38400,400,17-AUG-2016,
OPTSTK,ACC,25-Aug-2016,1720,CE,7.5,10,5,8.4,8.4,22,151.94,22800,1200,17-AUG-2016,
OPTSTK,ACC,25-Aug-2016,1740,CE,3.05,6.8,3,5.45,5.45,15,104.64,39200,-800,17-AUG-2016,
OPTSTK,ACC,25-Aug-2016,1760,CE,4.95,4.95,4.95,4.95,4.95,2,14.11,12400,0,17-AUG-2016,
OPTSTK,ACC,25-Aug-2016,1780,CE,0,0,0,2,3.15,0,0,8400,0,17-AUG-2016,
OPTSTK,ACC,25-Aug-2016,1800,CE,0.1,1.6,0.1,1.6,1.6,4,28.81,10400,800,17-AUG-2016,
OPTSTK,ACC,25-Aug-2016,1820,CE,0,0,0,2.5,0.95,0,0,3600,0,17-AUG-2016,
OPTSTK,ACC,25-Aug-2016,1840,CE,0,0,0,8.4,0.5,0,0,0,0,17-AUG-2016,
OPTSTK,ACC,25-Aug-2016,1860,CE,0,0,0,10,0.25,0,0,800,0,17-AUG-2016,
OPTSTK,ACC,25-Aug-2016,1880,CE,0,0,0,5.9,0.15,0,0,0,0,17-AUG-2016,
OPTSTK,ACC,25-Aug-2016,1900,CE,0,0,0,4.9,0.05,0,0,0,0,17-AUG-2016,
OPTSTK,ACC,25-Aug-2016,1920,CE,0,0,0,4.6,0.05,0,0,0,0,17-AUG-2016,
OPTSTK,ACC,25-Aug-2016,1100,PE,0,0,0,1,0,0,0,400,0,17-AUG-2016,
OPTSTK,ACC,25-Aug-2016,1120,PE,0,0,0,0.55,0,0,0,0,0,17-AUG-2016,
OPTSTK,ACC,25-Aug-2016,1140,PE,0,0,0,0.8,0,0,0,0,0,17-AUG-2016,
OPTSTK,ACC,25-Aug-2016,1160,PE,0,0,0,1.2,0,0,0,0,0,17-AUG-2016,
OPTSTK,ACC,25-Aug-2016,1180,PE,0,0,0,1.65,0,0,0,0,0,17-AUG-2016,
OPTSTK,ACC,25-Aug-2016,1200,PE,0,0,0,2.35,0,0,0,0,0,17-AUG-2016,
OPTSTK,ACC,25-Aug-2016,1220,PE,0,0,0,3.2,0,0,0,0,0,17-AUG-2016,
OPTSTK,ACC,25-Aug-2016,1240,PE,0,0,0,4.3,0,0,0,0,0,17-AUG-2016,
OPTSTK,ACC,25-Aug-2016,1260,PE,0,0,0,5.75,0,0,0,0,0,17-AUG-2016,
OPTSTK,ACC,25-Aug-2016,1280,PE,0,0,0,7.5,0,0,0,0,0,17-AUG-2016,
OPTSTK,ACC,25-Aug-2016,1300,PE,0,0,0,9.7,0,0,0,0,0,17-AUG-2016,
OPTSTK,ACC,25-Aug-2016,1320,PE,0,0,0,12.3,0,0,0,0,0,17-AUG-2016,
OPTSTK,ACC,25-Aug-2016,1340,PE,0,0,0,15.45,0,0,0,0,0,17-AUG-2016,
OPTSTK,ACC,25-Aug-2016,1360,PE,0,0,0,19.15,0,0,0,0,0,17-AUG-2016,
OPTSTK,ACC,25-Aug-2016,1380,PE,0,0,0,23.5,0,0,0,0,0,17-AUG-2016,
OPTSTK,ACC,25-Aug-2016,1400,PE,0,0,0,28.5,0,0,0,0,0,17-AUG-2016,
OPTSTK,ACC,25-Aug-2016,1420,PE,0,0,0,34.1,0,0,0,0,0,17-AUG-2016,
OPTSTK,ACC,25-Aug-2016,1440,PE,0,0,0,40.55,0,0,0,0,0,17-AUG-2016,
OPTSTK,ACC,25-Aug-2016,1460,PE,0,0,0,47.7,0.05,0,0,0,0,17-AUG-2016,
OPTSTK,ACC,25-Aug-2016,1480,PE,0,0,0,55.65,0.05,0,0,0,0,17-AUG-2016,
OPTSTK,ACC,25-Aug-2016,1500,PE,0,0,0,64.4,0.15,0,0,0,0,17-AUG-2016,
OPTSTK,ACC,25-Aug-2016,1520,PE,0,0,0,73.9,0.3,0,0,0,0,17-AUG-2016,
OPTSTK,ACC,25-Aug-2016,1540,PE,0,0,0,7,0.7,0,0,2800,0,17-AUG-2016,
OPTSTK,ACC,25-Aug-2016,1560,PE,0,0,0,4.25,1.5,0,0,3600,0,17-AUG-2016,
OPTSTK,ACC,25-Aug-2016,1580,PE,0,0,0,6.85,2.85,0,0,3200,0,17-AUG-2016,
OPTSTK,ACC,25-Aug-2016,1600,PE,8.2,8.2,2.25,2.95,2.95,18,115.57,20400,0,17-AUG-2016,
OPTSTK,ACC,25-Aug-2016,1620,PE,7.6,7.6,7.6,7.6,7.6,1,6.51,10000,0,17-AUG-2016,
OPTSTK,ACC,25-Aug-2016,1640,PE,19.2,19.6,9,10.1,10.1,20,132.42,18000,-1200,17-AUG-2016,
OPTSTK,ACC,25-Aug-2016,1660,PE,24.7,31.45,13,17.4,17.4,37,248.81,15200,4800,17-AUG-2016,
OPTSTK,ACC,25-Aug-2016,1680,PE,32,32,23.35,26.25,26.25,3,20.47,20800,0,17-AUG-2016,
OPTSTK,ACC,25-Aug-2016,1700,PE,37.3,37.3,37.3,37.3,37.3,1,6.94,10000,-400,17-AUG-2016,
OPTSTK,ACC,25-Aug-2016,1720,PE,0,0,0,52,55.65,0,0,2000,0,17-AUG-2016,
OPTSTK,ACC,25-Aug-2016,1740,PE,0,0,0,45.9,70.9,0,0,800,0,17-AUG-2016,
OPTSTK,ACC,25-Aug-2016,1760,PE,0,0,0,240.85,87.65,0,0,0,0,17-AUG-2016,
OPTSTK,ACC,25-Aug-2016,1780,PE,0,0,0,258.1,105.45,0,0,0,0,17-AUG-2016,
OPTSTK,ACC,25-Aug-2016,1800,PE,0,0,0,275.6,124.1,0,0,0,0,17-AUG-2016,
OPTSTK,ACC,25-Aug-2016,1820,PE,0,0,0,293.45,143.25,0,0,0,0,17-AUG-2016,
OPTSTK,ACC,25-Aug-2016,1840,PE,0,0,0,311.5,162.75,0,0,0,0,17-AUG-2016,
OPTSTK,ACC,25-Aug-2016,1860,PE,0,0,0,329.8,182.5,0,0,0,0,17-AUG-2016,
OPTSTK,ACC,25-Aug-2016,1880,PE,0,0,0,348.3,202.3,0,0,0,0,17-AUG-2016,
OPTSTK,ACC,25-Aug-2016,1900,PE,0,0,0,366.95,222.25,0,0,0,0,17-AUG-2016,
OPTSTK,ACC,25-Aug-2016,1920,PE,0,0,0,368.35,242.15,0,0,0,0,17-AUG-2016,
OPTSTK,ACC,29-Sep-2016,1220,CE,0,0,0,417.65,464.9,0,0,0,0,17-AUG-2016,
OPTSTK,ACC,29-Sep-2016,1240,CE,0,0,0,398.05,445.1,0,0,0,0,17-AUG-2016,
OPTSTK,ACC,29-Sep-2016,1260,CE,0,0,0,378.45,425.3,0,0,0,0,17-AUG-2016,
OPTSTK,ACC,29-Sep-2016,1280,CE,0,0,0,358.9,405.55,0,0,0,0,17-AUG-2016,
OPTSTK,ACC,29-Sep-2016,1300,CE,0,0,0,339.4,385.8,0,0,0,0,17-AUG-2016,
OPTSTK,ACC,29-Sep-2016,1320,CE,0,0,0,320,366.1,0,0,0,0,17-AUG-2016,
OPTSTK,ACC,29-Sep-2016,1340,CE,0,0,0,300.7,346.45,0,0,0,0,17-AUG-2016,
OPTSTK,ACC,29-Sep-2016,1360,CE,0,0,0,281.5,326.95,0,0,0,0,17-AUG-2016,
OPTSTK,ACC,29-Sep-2016,1380,CE,0,0,0,262.55,307.55,0,0,0,0,17-AUG-2016,
OPTSTK,ACC,29-Sep-2016,1400,CE,0,0,0,243.85,288.35,0,0,0,0,17-AUG-2016,
OPTSTK,ACC,29-Sep-2016,1420,CE,0,0,0,225.45,269.35,0,0,0,0,17-AUG-2016,
OPTSTK,ACC,29-Sep-2016,1440,CE,0,0,0,207.45,250.65,0,0,0,0,17-AUG-2016,
OPTSTK,ACC,29-Sep-2016,1460,CE,0,0,0,189.9,232.3,0,0,0,0,17-AUG-2016,
OPTSTK,ACC,29-Sep-2016,1480,CE,0,0,0,172.95,214.35,0,0,0,0,17-AUG-2016,
OPTSTK,ACC,29-Sep-2016,1500,CE,0,0,0,125,196.9,0,0,400,0,17-AUG-2016,
OPTSTK,ACC,29-Sep-2016,1520,CE,0,0,0,140.95,180,0,0,0,0,17-AUG-2016,
OPTSTK,ACC,29-Sep-2016,1540,CE,0,0,0,126.15,163.7,0,0,0,0,17-AUG-2016,
OPTSTK,ACC,29-Sep-2016,1560,CE,0,0,0,86,148.15,0,0,400,0,17-AUG-2016,
OPTSTK,ACC,29-Sep-2016,1580,CE,0,0,0,99,133.35,0,0,0,0,17-AUG-2016,
OPTSTK,ACC,29-Sep-2016,1600,CE,0,0,0,86.9,119.3,0,0,0,0,17-AUG-2016,
OPTSTK,ACC,29-Sep-2016,1620,CE,0,0,0,75.7,106.15,0,0,0,0,17-AUG-2016,
OPTSTK,ACC,29-Sep-2016,1640,CE,0,0,0,65.55,93.95,0,0,0,0,17-AUG-2016,
OPTSTK,ACC,29-Sep-2016,1660,CE,0,0,0,62.5,82.6,0,0,1600,0,17-AUG-2016,
OPTSTK,ACC,29-Sep-2016,1680,CE,0,0,0,48.1,72.25,0,0,0,0,17-AUG-2016,
OPTSTK,ACC,29-Sep-2016,1700,CE,0,0,0,34,62.75,0,0,400,0,17-AUG-2016,
OPTSTK,ACC,29-Sep-2016,1720,CE,32,32,31,31,31,4,28.02,1600,1600,17-AUG-2016,
OPTSTK,ACC,29-Sep-2016,1740,CE,30,30,30,30,30,1,7.08,400,400,17-AUG-2016,
OPTSTK,ACC,29-Sep-2016,1760,CE,0,0,0,14,39.75,0,0,400,0,17-AUG-2016,
OPTSTK,ACC,29-Sep-2016,1780,CE,0,0,0,19.65,33.7,0,0,0,0,17-AUG-2016,
OPTSTK,ACC,29-Sep-2016,1800,CE,0,0,0,16.05,28.5,0,0,0,0,17-AUG-2016,
OPTSTK,ACC,29-Sep-2016,1820,CE,0,0,0,13.05,23.85,0,0,0,0,17-AUG-2016,
OPTSTK,ACC,29-Sep-2016,1840,CE,0,0,0,10.55,19.85,0,0,0,0,17-AUG-2016,
OPTSTK,ACC,29-Sep-2016,1860,CE,0,0,0,8.45,16.45,0,0,0,0,17-AUG-2016,
OPTSTK,ACC,29-Sep-2016,1880,CE,0,0,0,6.75,13.55,0,0,0,0,17-AUG-2016,
OPTSTK,ACC,29-Sep-2016,1900,CE,0,0,0,5.35,11.1,0,0,0,0,17-AUG-2016,
OPTSTK,ACC,29-Sep-2016,1920,CE,0,0,0,4.2,9.05,0,0,0,0,17-AUG-2016,
OPTSTK,ACC,29-Sep-2016,1220,PE,0,0,0,0.05,0.05,0,0,0,0,17-AUG-2016,
OPTSTK,ACC,29-Sep-2016,1240,PE,0,0,0,0.1,0.05,0,0,0,0,17-AUG-2016,
OPTSTK,ACC,29-Sep-2016,1260,PE,0,0,0,0.15,0.1,0,0,0,0,17-AUG-2016,
OPTSTK,ACC,29-Sep-2016,1280,PE,0,0,0,0.25,0.15,0,0,0,0,17-AUG-2016,
OPTSTK,ACC,29-Sep-2016,1300,PE,0,0,0,0.4,0.25,0,0,0,0,17-AUG-2016,
OPTSTK,ACC,29-Sep-2016,1320,PE,0,0,0,0.6,0.4,0,0,0,0,17-AUG-2016,
OPTSTK,ACC,29-Sep-2016,1340,PE,0,0,0,0.95,0.65,0,0,0,0,17-AUG-2016,
OPTSTK,ACC,29-Sep-2016,1360,PE,0,0,0,1.45,0.95,0,0,0,0,17-AUG-2016,
OPTSTK,ACC,29-Sep-2016,1380,PE,0,0,0,2.1,1.4,0,0,0,0,17-AUG-2016,
OPTSTK,ACC,29-Sep-2016,1400,PE,0,0,0,3.05,2,0,0,0,0,17-AUG-2016,
OPTSTK,ACC,29-Sep-2016,1420,PE,0,0,0,4.3,2.9,0,0,0,0,17-AUG-2016,
OPTSTK,ACC,29-Sep-2016,1440,PE,0,0,0,5.95,4,0,0,0,0,17-AUG-2016,
OPTSTK,ACC,29-Sep-2016,1460,PE,0,0,0,8.05,5.5,0,0,0,0,17-AUG-2016,
OPTSTK,ACC,29-Sep-2016,1480,PE,0,0,0,10.75,7.4,0,0,0,0,17-AUG-2016,
OPTSTK,ACC,29-Sep-2016,1500,PE,0,0,0,17,9.75,0,0,800,0,17-AUG-2016,
OPTSTK,ACC,29-Sep-2016,1520,PE,0,0,0,22,12.7,0,0,400,0,17-AUG-2016,
OPTSTK,ACC,29-Sep-2016,1540,PE,0,0,0,28,16.25,0,0,400,0,17-AUG-2016,
OPTSTK,ACC,29-Sep-2016,1560,PE,18.6,18.6,18.6,18.6,18.6,2,12.62,1600,800,17-AUG-2016,
OPTSTK,ACC,29-Sep-2016,1580,PE,0,0,0,35.05,25.55,0,0,0,0,17-AUG-2016,
OPTSTK,ACC,29-Sep-2016,1600,PE,0,0,0,45,31.35,0,0,800,0,17-AUG-2016,
OPTSTK,ACC,29-Sep-2016,1620,PE,0,0,0,51.05,38.05,0,0,0,0,17-AUG-2016,
OPTSTK,ACC,29-Sep-2016,1640,PE,0,0,0,60.5,45.65,0,0,0,0,17-AUG-2016,
OPTSTK,ACC,29-Sep-2016,1660,PE,52.2,52.2,52.2,52.2,52.2,1,6.84,400,400,17-AUG-2016,
OPTSTK,ACC,29-Sep-2016,1680,PE,0,0,0,82.35,63.65,0,0,0,0,17-AUG-2016,
OPTSTK,ACC,29-Sep-2016,1700,PE,0,0,0,94.65,74,0,0,0,0,17-AUG-2016,
OPTSTK,ACC,29-Sep-2016,1720,PE,0,0,0,107.85,85.3,0,0,0,0,17-AUG-2016,
OPTSTK,ACC,29-Sep-2016,1740,PE,0,0,0,121.85,97.45,0,0,0,0,17-AUG-2016,
OPTSTK,ACC,29-Sep-2016,1760,PE,0,0,0,136.75,110.5,0,0,0,0,17-AUG-2016,
OPTSTK,ACC,29-Sep-2016,1780,PE,0,0,0,152.15,124.3,0,0,0,0,17-AUG-2016,
OPTSTK,ACC,29-Sep-2016,1800,PE,0,0,0,168.2,138.9,0,0,0,0,17-AUG-2016,
OPTSTK,ACC,29-Sep-2016,1820,PE,0,0,0,184.85,154.1,0,0,0,0,17-AUG-2016,
OPTSTK,ACC,29-Sep-2016,1840,PE,0,0,0,202,169.95,0,0,0,0,17-AUG-2016,
OPTSTK,ACC,29-Sep-2016,1860,PE,0,0,0,219.55,186.4,0,0,0,0,17-AUG-2016,
OPTSTK,ACC,29-Sep-2016,1880,PE,0,0,0,237.5,203.35,0,0,0,0,17-AUG-2016,
OPTSTK,ACC,29-Sep-2016,1900,PE,0,0,0,255.75,220.7,0,0,0,0,17-AUG-2016,
OPTSTK,ACC,29-Sep-2016,1920,PE,0,0,0,274.25,238.5,0,0,0,0,17-AUG-2016,
OPTSTK,ACC,27-Oct-2016,1280,CE,0,0,0,427.8,413.15,0,0,0,0,17-AUG-2016,
OPTSTK,ACC,27-Oct-2016,1300,CE,0,0,0,408.45,393.8,0,0,0,0,17-AUG-2016,
OPTSTK,ACC,27-Oct-2016,1320,CE,0,0,0,389.2,374.65,0,0,0,0,17-AUG-2016,
OPTSTK,ACC,27-Oct-2016,1340,CE,0,0,0,370.1,355.6,0,0,0,0,17-AUG-2016,
OPTSTK,ACC,27-Oct-2016,1360,CE,0,0,0,351.15,336.8,0,0,0,0,17-AUG-2016,
OPTSTK,ACC,27-Oct-2016,1380,CE,0,0,0,332.4,318.2,0,0,0,0,17-AUG-2016,
OPTSTK,ACC,27-Oct-2016,1400,CE,0,0,0,313.85,299.9,0,0,0,0,17-AUG-2016,
OPTSTK,ACC,27-Oct-2016,1420,CE,0,0,0,295.65,281.9,0,0,0,0,17-AUG-2016,
OPTSTK,ACC,27-Oct-2016,1440,CE,0,0,0,277.7,264.3,0,0,0,0,17-AUG-2016,
OPTSTK,ACC,27-Oct-2016,1460,CE,0,0,0,260.15,247.05,0,0,0,0,17-AUG-2016,
OPTSTK,ACC,27-Oct-2016,1480,CE,0,0,0,243,230.3,0,0,0,0,17-AUG-2016,
OPTSTK,ACC,27-Oct-2016,1500,CE,0,0,0,226.3,214.05,0,0,0,0,17-AUG-2016,
OPTSTK,ACC,27-Oct-2016,1520,CE,0,0,0,210.1,198.3,0,0,0,0,17-AUG-2016,
OPTSTK,ACC,27-Oct-2016,1540,CE,0,0,0,194.45,183.15,0,0,0,0,17-AUG-2016,
OPTSTK,ACC,27-Oct-2016,1560,CE,0,0,0,179.4,168.7,0,0,0,0,17-AUG-2016,
OPTSTK,ACC,27-Oct-2016,1580,CE,0,0,0,165.05,154.75,0,0,0,0,17-AUG-2016,
OPTSTK,ACC,27-Oct-2016,1600,CE,0,0,0,151.2,141.55,0,0,0,0,17-AUG-2016,
OPTSTK,ACC,27-Oct-2016,1620,CE,0,0,0,138.1,129.05,0,0,0,0,17-AUG-2016,
OPTSTK,ACC,27-Oct-2016,1640,CE,0,0,0,125.7,117.3,0,0,0,0,17-AUG-2016,
OPTSTK,ACC,27-Oct-2016,1660,CE,0,0,0,114.05,106.25,0,0,0,0,17-AUG-2016,
OPTSTK,ACC,27-Oct-2016,1680,CE,0,0,0,103.1,95.9,0,0,0,0,17-AUG-2016,
OPTSTK,ACC,27-Oct-2016,1700,CE,0,0,0,92.9,86.25,0,0,0,0,17-AUG-2016,
OPTSTK,ACC,27-Oct-2016,1720,CE,0,0,0,83.4,77.35,0,0,0,0,17-AUG-2016,
OPTSTK,ACC,27-Oct-2016,1740,CE,0,0,0,74.65,69.1,0,0,0,0,17-AUG-2016,
OPTSTK,ACC,27-Oct-2016,1760,CE,0,0,0,66.55,61.55,0,0,0,0,17-AUG-2016,
OPTSTK,ACC,27-Oct-2016,1780,CE,0,0,0,59.15,54.65,0,0,0,0,17-AUG-2016,
OPTSTK,ACC,27-Oct-2016,1800,CE,0,0,0,52.35,48.35,0,0,0,0,17-AUG-2016,
OPTSTK,ACC,27-Oct-2016,1820,CE,0,0,0,46.2,42.65,0,0,0,0,17-AUG-2016,
OPTSTK,ACC,27-Oct-2016,1840,CE,0,0,0,40.65,37.55,0,0,0,0,17-AUG-2016,
OPTSTK,ACC,27-Oct-2016,1860,CE,0,0,0,35.7,32.95,0,0,0,0,17-AUG-2016,
OPTSTK,ACC,27-Oct-2016,1880,CE,0,0,0,31.25,28.75,0,0,0,0,17-AUG-2016,
OPTSTK,ACC,27-Oct-2016,1900,CE,0,0,0,27.15,25.05,0,0,0,0,17-AUG-2016,
OPTSTK,ACC,27-Oct-2016,1920,CE,0,0,0,23.55,21.75,0,0,0,0,17-AUG-2016,
OPTSTK,ACC,27-Oct-2016,1280,PE,0,0,0,0.75,1.05,0,0,0,0,17-AUG-2016,
OPTSTK,ACC,27-Oct-2016,1300,PE,0,0,0,1.05,1.5,0,0,0,0,17-AUG-2016,
OPTSTK,ACC,27-Oct-2016,1320,PE,0,0,0,1.45,2.05,0,0,0,0,17-AUG-2016,
OPTSTK,ACC,27-Oct-2016,1340,PE,0,0,0,2,2.75,0,0,0,0,17-AUG-2016,
OPTSTK,ACC,27-Oct-2016,1360,PE,0,0,0,2.7,3.65,0,0,0,0,17-AUG-2016,
OPTSTK,ACC,27-Oct-2016,1380,PE,0,0,0,3.6,4.8,0,0,0,0,17-AUG-2016,
OPTSTK,ACC,27-Oct-2016,1400,PE,0,0,0,4.7,6.25,0,0,0,0,17-AUG-2016,
OPTSTK,ACC,27-Oct-2016,1420,PE,0,0,0,6.15,7.95,0,0,0,0,17-AUG-2016,
OPTSTK,ACC,27-Oct-2016,1440,PE,0,0,0,7.85,10.1,0,0,0,0,17-AUG-2016,
OPTSTK,ACC,27-Oct-2016,1460,PE,0,0,0,9.95,12.6,0,0,0,0,17-AUG-2016,
OPTSTK,ACC,27-Oct-2016,1480,PE,0,0,0,12.45,15.55,0,0,0,0,17-AUG-2016,
OPTSTK,ACC,27-Oct-2016,1500,PE,0,0,0,15.45,19.05,0,0,0,0,17-AUG-2016,
OPTSTK,ACC,27-Oct-2016,1520,PE,0,0,0,18.9,23.05,0,0,0,0,17-AUG-2016,
OPTSTK,ACC,27-Oct-2016,1540,PE,0,0,0,22.9,27.65,0,0,0,0,17-AUG-2016,
OPTSTK,ACC,27-Oct-2016,1560,PE,0,0,0,27.5,32.9,0,0,0,0,17-AUG-2016,
OPTSTK,ACC,27-Oct-2016,1580,PE,0,0,0,32.8,38.7,0,0,0,0,17-AUG-2016,
OPTSTK,ACC,27-Oct-2016,1600,PE,0,0,0,38.6,45.25,0,0,0,0,17-AUG-2016,
OPTSTK,ACC,27-Oct-2016,1620,PE,0,0,0,45.15,52.5,0,0,0,0,17-AUG-2016,
OPTSTK,ACC,27-Oct-2016,1640,PE,0,0,0,52.45,60.45,0,0,0,0,17-AUG-2016,
OPTSTK,ACC,27-Oct-2016,1660,PE,0,0,0,60.45,69.1,0,0,0,0,17-AUG-2016,
OPTSTK,ACC,27-Oct-2016,1680,PE,0,0,0,69.15,78.5,0,0,0,0,17-AUG-2016,
OPTSTK,ACC,27-Oct-2016,1700,PE,0,0,0,78.6,88.6,0,0,0,0,17-AUG-2016,
OPTSTK,ACC,27-Oct-2016,1720,PE,0,0,0,88.75,99.4,0,0,0,0,17-AUG-2016,
OPTSTK,ACC,27-Oct-2016,1740,PE,0,0,0,99.65,110.9,0,0,0,0,17-AUG-2016,
OPTSTK,ACC,27-Oct-2016,1760,PE,0,0,0,111.2,123.1,0,0,0,0,17-AUG-2016,
OPTSTK,ACC,27-Oct-2016,1780,PE,0,0,0,123.45,135.9,0,0,0,0,17-AUG-2016,
OPTSTK,ACC,27-Oct-2016,1800,PE,0,0,0,136.35,149.35,0,0,0,0,17-AUG-2016,
OPTSTK,ACC,27-Oct-2016,1820,PE,0,0,0,149.85,163.4,0,0,0,0,17-AUG-2016,
OPTSTK,ACC,27-Oct-2016,1840,PE,0,0,0,163.95,178.05,0,0,0,0,17-AUG-2016,
OPTSTK,ACC,27-Oct-2016,1860,PE,0,0,0,178.65,193.15,0,0,0,0,17-AUG-2016,
OPTSTK,ACC,27-Oct-2016,1880,PE,0,0,0,193.85,208.65,0,0,0,0,17-AUG-2016,
OPTSTK,ACC,27-Oct-2016,1900,PE,0,0,0,209.4,224.7,0,0,0,0,17-AUG-2016,
OPTSTK,ACC,27-Oct-2016,1920,PE,0,0,0,225.5,241.15,0,0,0,0,17-AUG-2016,
OPTSTK,ADANIENT,25-Aug-2016,55,CE,0,0,0,21.15,19.5,0,0,0,0,17-AUG-2016,
OPTSTK,ADANIENT,25-Aug-2016,57.5,CE,0,0,0,19.1,17,0,0,0,0,17-AUG-2016,
OPTSTK,ADANIENT,25-Aug-2016,60,CE,0,0,0,17.2,14.5,0,0,0,0,17-AUG-2016,
OPTSTK,ADANIENT,25-Aug-2016,62.5,CE,0,0,0,15.4,12,0,0,0,0,17-AUG-2016,
OPTSTK,ADANIENT,25-Aug-2016,65,CE,0,0,0,13.7,9.55,0,0,0,0,17-AUG-2016,
OPTSTK,ADANIENT,25-Aug-2016,67.5,CE,0,0,0,12.15,7.15,0,0,0,0,17-AUG-2016,
OPTSTK,ADANIENT,25-Aug-2016,70,CE,0,0,0,6.05,5,0,0,56000,0,17-AUG-2016,
OPTSTK,ADANIENT,25-Aug-2016,72.5,CE,0,0,0,9.4,3.15,0,0,0,0,17-AUG-2016,
OPTSTK,ADANIENT,25-Aug-2016,75,CE,1.65,2.1,1.5,1.6,1.6,115,706.19,648000,0,17-AUG-2016,
OPTSTK,ADANIENT,25-Aug-2016,77.5,CE,0.9,1.2,0.75,0.8,0.8,40,251.13,616000,24000,17-AUG-2016,
OPTSTK,ADANIENT,25-Aug-2016,80,CE,0.55,0.8,0.35,0.4,0.4,70,451.26,2000000,8000,17-AUG-2016,
OPTSTK,ADANIENT,25-Aug-2016,82.5,CE,0.3,0.4,0.25,0.3,0.3,18,119.26,616000,0,17-AUG-2016,
OPTSTK,ADANIENT,25-Aug-2016,85,CE,0.2,0.25,0.15,0.15,0.15,34,231.66,1384000,-104000,17-AUG-2016,
OPTSTK,ADANIENT,25-Aug-2016,87.5,CE,0.15,0.15,0.15,0.15,0.15,4,28.04,160000,16000,17-AUG-2016,
OPTSTK,ADANIENT,25-Aug-2016,90,CE,0.15,0.15,0.1,0.1,0.1,3,21.62,2096000,-16000,17-AUG-2016,
OPTSTK,ADANIENT,25-Aug-2016,92.5,CE,0.15,0.15,0.15,0.15,0.15,3,22.23,64000,0,17-AUG-2016,
OPTSTK,ADANIENT,25-Aug-2016,95,CE,0,0,0,0.05,0,0,0,256000,0,17-AUG-2016,
OPTSTK,ADANIENT,25-Aug-2016,97.5,CE,0,0,0,0.05,0,0,0,24000,0,17-AUG-2016,
OPTSTK,ADANIENT,25-Aug-2016,100,CE,0,0,0,0.05,0,0,0,368000,0,17-AUG-2016,
OPTSTK,ADANIENT,25-Aug-2016,102.5,CE,0,0,0,1.55,0,0,0,0,0,17-AUG-2016,
OPTSTK,ADANIENT,25-Aug-2016,105,CE,0,0,0,1.3,0,0,0,0,0,17-AUG-2016,
OPTSTK,ADANIENT,25-Aug-2016,55,PE,0,0,0,1.05,0,0,0,0,0,17-AUG-2016,
OPTSTK,ADANIENT,25-Aug-2016,57.5,PE,0,0,0,1.8,0,0,0,8000,0,17-AUG-2016,
OPTSTK,ADANIENT,25-Aug-2016,60,PE,0,0,0,2,0,0,0,0,0,17-AUG-2016,
OPTSTK,ADANIENT,25-Aug-2016,62.5,PE,0,0,0,0.15,0.05,0,0,8000,0,17-AUG-2016,
OPTSTK,ADANIENT,25-Aug-2016,65,PE,0.05,0.05,0.05,0.05,0.05,1,5.2,48000,0,17-AUG-2016,
OPTSTK,ADANIENT,25-Aug-2016,67.5,PE,0.15,0.15,0.15,0.15,0.15,2,10.82,24000,0,17-AUG-2016,
OPTSTK,ADANIENT,25-Aug-2016,70,PE,0.35,0.4,0.35,0.4,0.4,2,11.26,296000,16000,17-AUG-2016,
OPTSTK,ADANIENT,25-Aug-2016,72.5,PE,0.85,1,0.85,1,1,10,58.7,144000,56000,17-AUG-2016,
OPTSTK,ADANIENT,25-Aug-2016,75,PE,2.3,2.3,1.55,1.55,1.55,6,36.89,320000,0,17-AUG-2016,
OPTSTK,ADANIENT,25-Aug-2016,77.5,PE,3.25,3.25,3.25,3.25,3.25,1,6.46,88000,-8000,17-AUG-2016,
OPTSTK,ADANIENT,25-Aug-2016,80,PE,5,5,5,5,5,1,6.8,104000,-8000,17-AUG-2016,
OPTSTK,ADANIENT,25-Aug-2016,82.5,PE,0,0,0,7.75,8.15,0,0,40000,0,17-AUG-2016,
OPTSTK,ADANIENT,25-Aug-2016,85,PE,0,0,0,6.5,10.55,0,0,136000,0,17-AUG-2016,
OPTSTK,ADANIENT,25-Aug-2016,87.5,PE,0,0,0,15.85,13,0,0,0,0,17-AUG-2016,
OPTSTK,ADANIENT,25-Aug-2016,90,PE,0,0,0,12,15.5,0,0,40000,0,17-AUG-2016,
OPTSTK,ADANIENT,25-Aug-2016,92.5,PE,0,0,0,19.7,18,0,0,0,0,17-AUG-2016,
OPTSTK,ADANIENT,25-Aug-2016,95,PE,0,0,0,21.7,20.5,0,0,0,0,17-AUG-2016,
OPTSTK,ADANIENT,25-Aug-2016,97.5,PE,0,0,0,23.8,22.95,0,0,0,0,17-AUG-2016,
OPTSTK,ADANIENT,25-Aug-2016,100,PE,0,0,0,25.95,25.45,0,0,0,0,17-AUG-2016,
OPTSTK,ADANIENT,25-Aug-2016,102.5,PE,0,0,0,28.1,27.95,0,0,0,0,17-AUG-2016,
OPTSTK,ADANIENT,25-Aug-2016,105,PE,0,0,0,30.35,30.45,0,0,0,0,17-AUG-2016,
OPTSTK,ADANIENT,29-Sep-2016,55,CE,0,0,0,33.4,19.95,0,0,0,0,17-AUG-2016,
OPTSTK,ADANIENT,29-Sep-2016,57.5,CE,0,0,0,31.2,17.55,0,0,0,0,17-AUG-2016,
OPTSTK,ADANIENT,29-Sep-2016,60,CE,0,0,0,29.1,15.25,0,0,0,0,17-AUG-2016,
OPTSTK,ADANIENT,29-Sep-2016,62.5,CE,0,0,0,27,13.05,0,0,0,0,17-AUG-2016,
OPTSTK,ADANIENT,29-Sep-2016,65,CE,0,0,0,25.05,11,0,0,0,0,17-AUG-2016,
OPTSTK,ADANIENT,29-Sep-2016,67.5,CE,0,0,0,23.15,9.1,0,0,0,0,17-AUG-2016,
OPTSTK,ADANIENT,29-Sep-2016,70,CE,0,0,0,10,7.4,0,0,72000,0,17-AUG-2016,
OPTSTK,ADANIENT,29-Sep-2016,72.5,CE,0,0,0,19.65,5.9,0,0,0,0,17-AUG-2016,
OPTSTK,ADANIENT,29-Sep-2016,75,CE,0,0,0,4.55,4.65,0,0,72000,0,17-AUG-2016,
OPTSTK,ADANIENT,29-Sep-2016,77.5,CE,0,0,0,16.5,3.55,0,0,0,0,17-AUG-2016,
OPTSTK,ADANIENT,29-Sep-2016,80,CE,3.25,3.25,2.7,2.7,2.7,6,39.78,56000,48000,17-AUG-2016,
OPTSTK,ADANIENT,29-Sep-2016,82.5,CE,0,0,0,13.75,2,0,0,0,0,17-AUG-2016,
OPTSTK,ADANIENT,29-Sep-2016,85,CE,0,0,0,12.5,1.5,0,0,0,0,17-AUG-2016,
OPTSTK,ADANIENT,29-Sep-2016,87.5,CE,0,0,0,11.35,1.1,0,0,0,0,17-AUG-2016,
OPTSTK,ADANIENT,29-Sep-2016,90,CE,0,0,0,10.3,0.75,0,0,0,0,17-AUG-2016,
OPTSTK,ADANIENT,29-Sep-2016,92.5,CE,0,0,0,9.35,0.55,0,0,0,0,17-AUG-2016,
OPTSTK,ADANIENT,29-Sep-2016,95,CE,0,0,0,8.45,0.4,0,0,0,0,17-AUG-2016,
OPTSTK,ADANIENT,29-Sep-2016,97.5,CE,0,0,0,7.6,0.25,0,0,0,0,17-AUG-2016,
OPTSTK,ADANIENT,29-Sep-2016,100,CE,0,0,0,6.85,0.2,0,0,0,0,17-AUG-2016,
OPTSTK,ADANIENT,29-Sep-2016,102.5,CE,0,0,0,6.2,0.15,0,0,0,0,17-AUG-2016,
OPTSTK,ADANIENT,29-Sep-2016,105,CE,0,0,0,5.55,0.1,0,0,0,0,17-AUG-2016,
OPTSTK,ADANIENT,29-Sep-2016,55,PE,0,0,0,0.7,0.1,0,0,0,0,17-AUG-2016,
OPTSTK,ADANIENT,29-Sep-2016,57.5,PE,0,0,0,0.95,0.2,0,0,0,0,17-AUG-2016,
OPTSTK,ADANIENT,29-Sep-2016,60,PE,0,0,0,1.25,0.35,0,0,0,0,17-AUG-2016,
OPTSTK,ADANIENT,29-Sep-2016,62.5,PE,0,0,0,1.65,0.65,0,0,0,0,17-AUG-2016,
OPTSTK,ADANIENT,29-Sep-2016,65,PE,0,0,0,1.5,1.05,0,0,16000,0,17-AUG-2016,
OPTSTK,ADANIENT,29-Sep-2016,67.5,PE,0,0,0,2.7,1.65,0,0,0,0,17-AUG-2016,
OPTSTK,ADANIENT,29-Sep-2016,70,PE,0,0,0,3.35,2.4,0,0,0,0,17-AUG-2016,
OPTSTK,ADANIENT,29-Sep-2016,72.5,PE,0,0,0,4.1,3.4,0,0,0,0,17-AUG-2016,
OPTSTK,ADANIENT,29-Sep-2016,75,PE,0,0,0,4,4.65,0,0,8000,0,17-AUG-2016,
OPTSTK,ADANIENT,29-Sep-2016,77.5,PE,0,0,0,3.7,6.05,0,0,8000,0,17-AUG-2016,
OPTSTK,ADANIENT,29-Sep-2016,80,PE,0,0,0,6.9,7.65,0,0,0,0,17-AUG-2016,
OPTSTK,ADANIENT,29-Sep-2016,82.5,PE,0,0,0,8.05,9.45,0,0,0,0,17-AUG-2016,
OPTSTK,ADANIENT,29-Sep-2016,85,PE,0,0,0,9.25,11.4,0,0,0,0,17-AUG-2016,
OPTSTK,ADANIENT,29-Sep-2016,87.5,PE,0,0,0,10.55,13.45,0,0,0,0,17-AUG-2016,
OPTSTK,ADANIENT,29-Sep-2016,90,PE,0,0,0,11.95,15.65,0,0,0,0,17-AUG-2016,
OPTSTK,ADANIENT,29-Sep-2016,92.5,PE,0,0,0,13.45,17.9,0,0,0,0,17-AUG-2016,
OPTSTK,ADANIENT,29-Sep-2016,95,PE,0,0,0,15,20.2,0,0,0,0,17-AUG-2016,
OPTSTK,ADANIENT,29-Sep-2016,97.5,PE,0,0,0,16.65,22.6,0,0,0,0,17-AUG-2016,
OPTSTK,ADANIENT,29-Sep-2016,100,PE,0,0,0,18.35,25,0,0,0,0,17-AUG-2016,
OPTSTK,ADANIENT,29-Sep-2016,102.5,PE,0,0,0,20.15,27.4,0,0,0,0,17-AUG-2016,
OPTSTK,ADANIENT,29-Sep-2016,105,PE,0,0,0,21.95,29.85,0,0,0,0,17-AUG-2016,
OPTSTK,ADANIENT,27-Oct-2016,55,CE,0,0,0,28.4,20.45,0,0,0,0,17-AUG-2016,
OPTSTK,ADANIENT,27-Oct-2016,57.5,CE,0,0,0,26.05,18.2,0,0,0,0,17-AUG-2016,
OPTSTK,ADANIENT,27-Oct-2016,60,CE,0,0,0,23.75,16.05,0,0,0,0,17-AUG-2016,
OPTSTK,ADANIENT,27-Oct-2016,62.5,CE,0,0,0,21.55,14,0,0,0,0,17-AUG-2016,
OPTSTK,ADANIENT,27-Oct-2016,65,CE,0,0,0,19.4,12.1,0,0,0,0,17-AUG-2016,
OPTSTK,ADANIENT,27-Oct-2016,67.5,CE,0,0,0,17.35,10.35,0,0,0,0,17-AUG-2016,
OPTSTK,ADANIENT,27-Oct-2016,70,CE,0,0,0,15.45,8.8,0,0,0,0,17-AUG-2016,
OPTSTK,ADANIENT,27-Oct-2016,72.5,CE,0,0,0,13.65,7.35,0,0,0,0,17-AUG-2016,
OPTSTK,ADANIENT,27-Oct-2016,75,CE,0,0,0,11.95,6.1,0,0,0,0,17-AUG-2016,
OPTSTK,ADANIENT,27-Oct-2016,77.5,CE,0,0,0,10.4,5.05,0,0,0,0,17-AUG-2016,
OPTSTK,ADANIENT,27-Oct-2016,80,CE,0,0,0,9,4.1,0,0,0,0,17-AUG-2016,
OPTSTK,ADANIENT,27-Oct-2016,82.5,CE,0,0,0,7.75,3.35,0,0,0,0,17-AUG-2016,
OPTSTK,ADANIENT,27-Oct-2016,85,CE,0,0,0,6.65,2.7,0,0,0,0,17-AUG-2016,
OPTSTK,ADANIENT,27-Oct-2016,87.5,CE,0,0,0,5.65,2.15,0,0,0,0,17-AUG-2016,
OPTSTK,ADANIENT,27-Oct-2016,90,CE,0,0,0,4.8,1.7,0,0,0,0,17-AUG-2016,
OPTSTK,ADANIENT,27-Oct-2016,92.5,CE,0,0,0,4,1.35,0,0,0,0,17-AUG-2016,
OPTSTK,ADANIENT,27-Oct-2016,95,CE,0,0,0,3.35,1.05,0,0,0,0,17-AUG-2016,
OPTSTK,ADANIENT,27-Oct-2016,97.5,CE,0,0,0,2.8,0.8,0,0,0,0,17-AUG-2016,
OPTSTK,ADANIENT,27-Oct-2016,100,CE,0,0,0,2.35,0.65,0,0,0,0,17-AUG-2016,
OPTSTK,ADANIENT,27-Oct-2016,102.5,CE,0,0,0,1.95,0.5,0,0,0,0,17-AUG-2016,
OPTSTK,ADANIENT,27-Oct-2016,105,CE,0,0,0,1.6,0.4,0,0,0,0,17-AUG-2016,
OPTSTK,ADANIENT,27-Oct-2016,55,PE,0,0,0,0.15,0.35,0,0,0,0,17-AUG-2016,
OPTSTK,ADANIENT,27-Oct-2016,57.5,PE,0,0,0,0.3,0.55,0,0,0,0,17-AUG-2016,
OPTSTK,ADANIENT,27-Oct-2016,60,PE,0,0,0,0.45,0.85,0,0,0,0,17-AUG-2016,
OPTSTK,ADANIENT,27-Oct-2016,62.5,PE,0,0,0,0.65,1.3,0,0,0,0,17-AUG-2016,
OPTSTK,ADANIENT,27-Oct-2016,65,PE,0,0,0,1,1.85,0,0,0,0,17-AUG-2016,
OPTSTK,ADANIENT,27-Oct-2016,67.5,PE,0,0,0,1.4,2.55,0,0,0,0,17-AUG-2016,
OPTSTK,ADANIENT,27-Oct-2016,70,PE,0,0,0,1.95,3.45,0,0,0,0,17-AUG-2016,
OPTSTK,ADANIENT,27-Oct-2016,72.5,PE,0,0,0,2.6,4.5,0,0,0,0,17-AUG-2016,
OPTSTK,ADANIENT,27-Oct-2016,75,PE,0,0,0,3.35,5.7,0,0,0,0,17-AUG-2016,
OPTSTK,ADANIENT,27-Oct-2016,77.5,PE,0,0,0,4.3,7.1,0,0,0,0,17-AUG-2016,
OPTSTK,ADANIENT,27-Oct-2016,80,PE,0,0,0,5.35,8.65,0,0,0,0,17-AUG-2016,
OPTSTK,ADANIENT,27-Oct-2016,82.5,PE,0,0,0,6.55,10.35,0,0,0,0,17-AUG-2016,
OPTSTK,ADANIENT,27-Oct-2016,85,PE,0,0,0,7.9,12.15,0,0,0,0,17-AUG-2016,
OPTSTK,ADANIENT,27-Oct-2016,87.5,PE,0,0,0,9.35,14.05,0,0,0,0,17-AUG-2016,
OPTSTK,ADANIENT,27-Oct-2016,90,PE,0,0,0,10.95,16.1,0,0,0,0,17-AUG-2016,
OPTSTK,ADANIENT,27-Oct-2016,92.5,PE,0,0,0,12.65,18.2,0,0,0,0,17-AUG-2016,
OPTSTK,ADANIENT,27-Oct-2016,95,PE,0,0,0,14.45,20.4,0,0,0,0,17-AUG-2016,
OPTSTK,ADANIENT,27-Oct-2016,97.5,PE,0,0,0,16.35,22.6,0,0,0,0,17-AUG-2016,
OPTSTK,ADANIENT,27-Oct-2016,100,PE,0,0,0,18.3,24.9,0,0,0,0,17-AUG-2016,
OPTSTK,ADANIENT,27-Oct-2016,102.5,PE,0,0,0,20.35,27.2,0,0,0,0,17-AUG-2016,
OPTSTK,ADANIENT,27-Oct-2016,105,PE,0,0,0,22.5,29.6,0,0,0,0,17-AUG-2016,
OPTSTK,ADANIPORTS,25-Aug-2016,120,CE,0,0,0,68.2,147.85,0,0,0,0,17-AUG-2016,
OPTSTK,ADANIPORTS,25-Aug-2016,130,CE,0,0,0,59.45,137.85,0,0,0,0,17-AUG-2016,
OPTSTK,ADANIPORTS,25-Aug-2016,140,CE,0,0,0,51.25,127.9,0,0,0,0,17-AUG-2016,
OPTSTK,ADANIPORTS,25-Aug-2016,150,CE,0,0,0,43.75,117.9,0,0,0,0,17-AUG-2016,
OPTSTK,ADANIPORTS,25-Aug-2016,160,CE,0,0,0,36.9,107.9,0,0,0,0,17-AUG-2016,
OPTSTK,ADANIPORTS,25-Aug-2016,170,CE,0,0,0,30.85,97.9,0,0,0,0,17-AUG-2016,
OPTSTK,ADANIPORTS,25-Aug-2016,180,CE,0,0,0,25.6,87.95,0,0,0,0,17-AUG-2016,
OPTSTK,ADANIPORTS,25-Aug-2016,190,CE,0,0,0,46.8,77.95,0,0,2500,0,17-AUG-2016,
OPTSTK,ADANIPORTS,25-Aug-2016,200,CE,0,0,0,57.5,67.95,0,0,15000,0,17-AUG-2016,
OPTSTK,ADANIPORTS,25-Aug-2016,210,CE,56.75,56.75,56.75,56.75,56.75,1,6.66,27500,-2500,17-AUG-2016,
OPTSTK,ADANIPORTS,25-Aug-2016,220,CE,0,0,0,49,48.05,0,0,60000,0,17-AUG-2016,
OPTSTK,ADANIPORTS,25-Aug-2016,230,CE,42,42,38,38,38,17,115.11,135000,-35000,17-AUG-2016,
OPTSTK,ADANIPORTS,25-Aug-2016,240,CE,33.25,33.25,27.9,27.9,27.9,7,47.6,212500,0,17-AUG-2016,
OPTSTK,ADANIPORTS,25-Aug-2016,250,CE,26.25,26.25,17.25,18,18,22,148.79,340000,-25000,17-AUG-2016,
OPTSTK,ADANIPORTS,25-Aug-2016,260,CE,16,17.85,9.5,10.1,10.1,140,958.63,420000,-110000,17-AUG-2016,
OPTSTK,ADANIPORTS,25-Aug-2016,270,CE,8,10,4.15,4.7,4.7,482,3332.34,740000,170000,17-AUG-2016,
OPTSTK,ADANIPORTS,25-Aug-2016,280,CE,3.6,4.8,1.55,1.85,1.85,568,4019.54,747500,137500,17-AUG-2016,
OPTSTK,ADANIPORTS,25-Aug-2016,290,CE,1.6,2.1,0.6,0.75,0.75,318,2315.81,440000,70000,17-AUG-2016,
OPTSTK,ADANIPORTS,25-Aug-2016,300,CE,0.7,0.85,0.25,0.35,0.35,148,1112.03,232500,-35000,17-AUG-2016,
OPTSTK,ADANIPORTS,25-Aug-2016,310,CE,0.4,0.4,0.2,0.25,0.25,6,46.54,52500,0,17-AUG-2016,
OPTSTK,ADANIPORTS,25-Aug-2016,320,CE,0,0,0,0.15,0.1,0,0,0,0,17-AUG-2016,
OPTSTK,ADANIPORTS,25-Aug-2016,120,PE,0,0,0,1.25,0,0,0,0,0,17-AUG-2016,
OPTSTK,ADANIPORTS,25-Aug-2016,130,PE,0,0,0,0.1,0,0,0,2500,0,17-AUG-2016,
OPTSTK,ADANIPORTS,25-Aug-2016,140,PE,0,0,0,3.95,0,0,0,0,0,17-AUG-2016,
OPTSTK,ADANIPORTS,25-Aug-2016,150,PE,0,0,0,6.25,0,0,0,0,0,17-AUG-2016,
OPTSTK,ADANIPORTS,25-Aug-2016,160,PE,0,0,0,9.25,0,0,0,0,0,17-AUG-2016,
OPTSTK,ADANIPORTS,25-Aug-2016,170,PE,0,0,0,13.05,0,0,0,0,0,17-AUG-2016,
OPTSTK,ADANIPORTS,25-Aug-2016,180,PE,0,0,0,0.35,0,0,0,2500,0,17-AUG-2016,
OPTSTK,ADANIPORTS,25-Aug-2016,190,PE,0,0,0,0.05,0,0,0,25000,0,17-AUG-2016,
OPTSTK,ADANIPORTS,25-Aug-2016,200,PE,0.2,0.2,0.15,0.15,0.15,8,40.03,147500,-5000,17-AUG-2016,
OPTSTK,ADANIPORTS,25-Aug-2016,210,PE,0.2,0.2,0.15,0.2,0.2,3,15.76,222500,0,17-AUG-2016,
OPTSTK,ADANIPORTS,25-Aug-2016,220,PE,0.2,0.25,0.1,0.15,0.15,4,22.01,302500,-7500,17-AUG-2016,
OPTSTK,ADANIPORTS,25-Aug-2016,230,PE,0.3,0.35,0.2,0.25,0.25,58,333.94,372500,-25000,17-AUG-2016,
OPTSTK,ADANIPORTS,25-Aug-2016,240,PE,0.4,0.7,0.4,0.6,0.6,130,781.86,522500,-17500,17-AUG-2016,
OPTSTK,ADANIPORTS,25-Aug-2016,250,PE,0.95,1.5,0.8,1.25,1.25,229,1437.75,630000,-57500,17-AUG-2016,
OPTSTK,ADANIPORTS,25-Aug-2016,260,PE,2.2,3.5,1.7,3.05,3.05,470,3083.97,487500,-212500,17-AUG-2016,
OPTSTK,ADANIPORTS,25-Aug-2016,270,PE,4.7,8.15,3.85,7.3,7.3,343,2362.99,352500,-7500,17-AUG-2016,
OPTSTK,ADANIPORTS,25-Aug-2016,280,PE,9.1,15,9.1,15,15,7,51.01,10000,5000,17-AUG-2016,
OPTSTK,ADANIPORTS,25-Aug-2016,290,PE,0,0,0,96.15,23.8,0,0,0,0,17-AUG-2016,
OPTSTK,ADANIPORTS,25-Aug-2016,300,PE,0,0,0,95.95,32.7,0,0,0,0,17-AUG-2016,
OPTSTK,ADANIPORTS,25-Aug-2016,310,PE,0,0,0,102.5,42.2,0,0,0,0,17-AUG-2016,
OPTSTK,ADANIPORTS,25-Aug-2016,320,PE,0,0,0,99.95,52,0,0,0,0,17-AUG-2016,
OPTSTK,ADANIPORTS,29-Sep-2016,120,CE,0,0,0,89,148.65,0,0,0,0,17-AUG-2016,
OPTSTK,ADANIPORTS,29-Sep-2016,130,CE,0,0,0,79.2,138.7,0,0,0,0,17-AUG-2016,
OPTSTK,ADANIPORTS,29-Sep-2016,140,CE,0,0,0,69.55,128.8,0,0,0,0,17-AUG-2016,
OPTSTK,ADANIPORTS,29-Sep-2016,150,CE,0,0,0,60,118.9,0,0,0,0,17-AUG-2016,
OPTSTK,ADANIPORTS,29-Sep-2016,160,CE,0,0,0,50.85,109,0,0,0,0,17-AUG-2016,
OPTSTK,ADANIPORTS,29-Sep-2016,170,CE,0,0,0,42.2,99.1,0,0,0,0,17-AUG-2016,
OPTSTK,ADANIPORTS,29-Sep-2016,180,CE,0,0,0,34.25,89.3,0,0,0,0,17-AUG-2016,
OPTSTK,ADANIPORTS,29-Sep-2016,190,CE,0,0,0,27.15,79.65,0,0,0,0,17-AUG-2016,
OPTSTK,ADANIPORTS,29-Sep-2016,200,CE,0,0,0,54,70.2,0,0,2500,0,17-AUG-2016,
OPTSTK,ADANIPORTS,29-Sep-2016,210,CE,0,0,0,45.15,61.1,0,0,20000,0,17-AUG-2016,
OPTSTK,ADANIPORTS,29-Sep-2016,220,CE,0,0,0,11.85,52.4,0,0,0,0,17-AUG-2016,
OPTSTK,ADANIPORTS,29-Sep-2016,230,CE,43.2,43.2,43.2,43.2,43.2,1,6.83,2500,2500,17-AUG-2016,
OPTSTK,ADANIPORTS,29-Sep-2016,240,CE,0,0,0,9.1,36.95,0,0,5000,0,17-AUG-2016,
OPTSTK,ADANIPORTS,29-Sep-2016,250,CE,30,30,30,30,30,2,14,27500,-2500,17-AUG-2016,
OPTSTK,ADANIPORTS,29-Sep-2016,260,CE,0,0,0,21.2,24.5,0,0,10000,0,17-AUG-2016,
OPTSTK,ADANIPORTS,29-Sep-2016,270,CE,16.5,16.5,14,14,14,2,14.26,17500,5000,17-AUG-2016,
OPTSTK,ADANIPORTS,29-Sep-2016,280,CE,11.05,12.5,10.2,10.2,10.2,5,36.44,5000,5000,17-AUG-2016,
OPTSTK,ADANIPORTS,29-Sep-2016,290,CE,0,0,0,4.55,11.85,0,0,2500,0,17-AUG-2016,
OPTSTK,ADANIPORTS,29-Sep-2016,300,CE,6.4,6.4,5.3,5.3,5.3,5,38.22,7500,-2500,17-AUG-2016,
OPTSTK,ADANIPORTS,29-Sep-2016,310,CE,0,0,0,0.4,6.85,0,0,0,0,17-AUG-2016,
OPTSTK,ADANIPORTS,29-Sep-2016,320,CE,0,0,0,0.85,5.1,0,0,0,0,17-AUG-2016,
OPTSTK,ADANIPORTS,29-Sep-2016,120,PE,0,0,0,0.05,0,0,0,0,0,17-AUG-2016,
OPTSTK,ADANIPORTS,29-Sep-2016,130,PE,0,0,0,0.1,0,0,0,0,0,17-AUG-2016,
OPTSTK,ADANIPORTS,29-Sep-2016,140,PE,0,0,0,0.2,0,0,0,0,0,17-AUG-2016,
OPTSTK,ADANIPORTS,29-Sep-2016,150,PE,0,0,0,0.5,0.05,0,0,0,0,17-AUG-2016,
OPTSTK,ADANIPORTS,29-Sep-2016,160,PE,0,0,0,1.15,0.05,0,0,0,0,17-AUG-2016,
OPTSTK,ADANIPORTS,29-Sep-2016,170,PE,0,0,0,2.35,0.1,0,0,0,0,17-AUG-2016,
OPTSTK,ADANIPORTS,29-Sep-2016,180,PE,0,0,0,4.2,0.2,0,0,0,0,17-AUG-2016,
OPTSTK,ADANIPORTS,29-Sep-2016,190,PE,0,0,0,6.95,0.45,0,0,0,0,17-AUG-2016,
OPTSTK,ADANIPORTS,29-Sep-2016,200,PE,0,0,0,0.7,0.95,0,0,2500,0,17-AUG-2016,
OPTSTK,ADANIPORTS,29-Sep-2016,210,PE,0,0,0,1.35,1.75,0,0,17500,0,17-AUG-2016,
OPTSTK,ADANIPORTS,29-Sep-2016,220,PE,0,0,0,0.85,3,0,0,2500,0,17-AUG-2016,
OPTSTK,ADANIPORTS,29-Sep-2016,230,PE,0.95,0.95,0.95,0.95,0.95,1,5.77,5000,2500,17-AUG-2016,
OPTSTK,ADANIPORTS,29-Sep-2016,240,PE,3.5,3.5,3.5,3.5,3.5,1,6.08,2500,2500,17-AUG-2016,
OPTSTK,ADANIPORTS,29-Sep-2016,250,PE,5.3,5.3,5.3,5.3,5.3,1,6.38,7500,2500,17-AUG-2016,
OPTSTK,ADANIPORTS,29-Sep-2016,260,PE,8.9,10.2,8.9,10.2,10.2,2,13.47,20000,5000,17-AUG-2016,
OPTSTK,ADANIPORTS,29-Sep-2016,270,PE,0,0,0,60.4,19.65,0,0,0,0,17-AUG-2016,
OPTSTK,ADANIPORTS,29-Sep-2016,280,PE,0,0,0,69.55,25.4,0,0,0,0,17-AUG-2016,
OPTSTK,ADANIPORTS,29-Sep-2016,290,PE,0,0,0,78.95,31.85,0,0,0,0,17-AUG-2016,
OPTSTK,ADANIPORTS,29-Sep-2016,300,PE,0,0,0,88.45,39,0,0,0,0,17-AUG-2016,
OPTSTK,ADANIPORTS,29-Sep-2016,310,PE,0,0,0,98.05,46.7,0,0,0,0,17-AUG-2016,
OPTSTK,ADANIPORTS,29-Sep-2016,320,PE,0,0,0,98.55,54.85,0,0,0,0,17-AUG-2016,
OPTSTK,ADANIPORTS,27-Oct-2016,130,CE,0,0,0,97.5,139.4,0,0,0,0,17-AUG-2016,
OPTSTK,ADANIPORTS,27-Oct-2016,140,CE,0,0,0,87.7,129.55,0,0,0,0,17-AUG-2016,
OPTSTK,ADANIPORTS,27-Oct-2016,150,CE,0,0,0,77.9,119.75,0,0,0,0,17-AUG-2016,
OPTSTK,ADANIPORTS,27-Oct-2016,160,CE,0,0,0,68.2,110,0,0,0,0,17-AUG-2016,
OPTSTK,ADANIPORTS,27-Oct-2016,170,CE,0,0,0,58.7,100.4,0,0,0,0,17-AUG-2016,
OPTSTK,ADANIPORTS,27-Oct-2016,180,CE,0,0,0,49.5,90.9,0,0,0,0,17-AUG-2016,
OPTSTK,ADANIPORTS,27-Oct-2016,190,CE,0,0,0,40.85,81.7,0,0,0,0,17-AUG-2016,
OPTSTK,ADANIPORTS,27-Oct-2016,200,CE,0,0,0,32.9,72.85,0,0,0,0,17-AUG-2016,
OPTSTK,ADANIPORTS,27-Oct-2016,210,CE,0,0,0,25.85,64.4,0,0,0,0,17-AUG-2016,
OPTSTK,ADANIPORTS,27-Oct-2016,220,CE,0,0,0,19.8,56.4,0,0,0,0,17-AUG-2016,
OPTSTK,ADANIPORTS,27-Oct-2016,230,CE,0,0,0,14.8,49.05,0,0,0,0,17-AUG-2016,
OPTSTK,ADANIPORTS,27-Oct-2016,240,CE,0,0,0,10.75,42.2,0,0,0,0,17-AUG-2016,
OPTSTK,ADANIPORTS,27-Oct-2016,250,CE,0,0,0,7.65,36.05,0,0,0,0,17-AUG-2016,
OPTSTK,ADANIPORTS,27-Oct-2016,260,CE,0,0,0,5.35,30.55,0,0,0,0,17-AUG-2016,
OPTSTK,ADANIPORTS,27-Oct-2016,270,CE,0,0,0,3.65,25.7,0,0,0,0,17-AUG-2016,
OPTSTK,ADANIPORTS,27-Oct-2016,280,CE,0,0,0,2.45,21.45,0,0,0,0,17-AUG-2016,
OPTSTK,ADANIPORTS,27-Oct-2016,290,CE,0,0,0,1.6,17.8,0,0,0,0,17-AUG-2016,
OPTSTK,ADANIPORTS,27-Oct-2016,300,CE,0,0,0,1.05,14.65,0,0,0,0,17-AUG-2016,
OPTSTK,ADANIPORTS,27-Oct-2016,310,CE,0,0,0,0.65,12,0,0,0,0,17-AUG-2016,
OPTSTK,ADANIPORTS,27-Oct-2016,320,CE,0,0,0,0.4,9.8,0,0,0,0,17-AUG-2016,
OPTSTK,ADANIPORTS,27-Oct-2016,130,PE,0,0,0,0.05,0.05,0,0,0,0,17-AUG-2016,
OPTSTK,ADANIPORTS,27-Oct-2016,140,PE,0,0,0,0.05,0.05,0,0,0,0,17-AUG-2016,
OPTSTK,ADANIPORTS,27-Oct-2016,150,PE,0,0,0,0.1,0.1,0,0,0,0,17-AUG-2016,
OPTSTK,ADANIPORTS,27-Oct-2016,160,PE,0,0,0,0.2,0.25,0,0,0,0,17-AUG-2016,
OPTSTK,ADANIPORTS,27-Oct-2016,170,PE,0,0,0,0.5,0.45,0,0,0,0,17-AUG-2016,
OPTSTK,ADANIPORTS,27-Oct-2016,180,PE,0,0,0,1.15,0.85,0,0,0,0,17-AUG-2016,
OPTSTK,ADANIPORTS,27-Oct-2016,190,PE,0,0,0,2.35,1.55,0,0,0,0,17-AUG-2016,
OPTSTK,ADANIPORTS,27-Oct-2016,200,PE,0,0,0,4.2,2.5,0,0,0,0,17-AUG-2016,
OPTSTK,ADANIPORTS,27-Oct-2016,210,PE,0,0,0,7,3.95,0,0,0,0,17-AUG-2016,
OPTSTK,ADANIPORTS,27-Oct-2016,220,PE,0,0,0,10.75,5.85,0,0,0,0,17-AUG-2016,
OPTSTK,ADANIPORTS,27-Oct-2016,230,PE,0,0,0,15.6,8.3,0,0,0,0,17-AUG-2016,
OPTSTK,ADANIPORTS,27-Oct-2016,240,PE,0,0,0,21.4,11.35,0,0,0,0,17-AUG-2016,
OPTSTK,ADANIPORTS,27-Oct-2016,250,PE,0,0,0,28.1,15.1,0,0,0,0,17-AUG-2016,
OPTSTK,ADANIPORTS,27-Oct-2016,260,PE,0,0,0,35.6,19.45,0,0,0,0,17-AUG-2016,
OPTSTK,ADANIPORTS,27-Oct-2016,270,PE,0,0,0,43.75,24.45,0,0,0,0,17-AUG-2016,
OPTSTK,ADANIPORTS,27-Oct-2016,280,PE,0,0,0,52.4,30.1,0,0,0,0,17-AUG-2016,
OPTSTK,ADANIPORTS,27-Oct-2016,290,PE,0,0,0,61.35,36.3,0,0,0,0,17-AUG-2016,
OPTSTK,ADANIPORTS,27-Oct-2016,300,PE,0,0,0,70.65,43,0,0,0,0,17-AUG-2016,
OPTSTK,ADANIPORTS,27-Oct-2016,310,PE,0,0,0,80.1,50.25,0,0,0,0,17-AUG-2016,
OPTSTK,ADANIPORTS,27-Oct-2016,320,PE,0,0,0,89.7,57.85,0,0,0,0,17-AUG-2016,
OPTSTK,ADANIPOWER,25-Aug-2016,10,CE,0,0,0,21.05,17.8,0,0,0,0,17-AUG-2016,
OPTSTK,ADANIPOWER,25-Aug-2016,12.5,CE,0,0,0,18.6,15.3,0,0,0,0,17-AUG-2016,
OPTSTK,ADANIPOWER,25-Aug-2016,15,CE,0,0,0,16.15,12.8,0,0,0,0,17-AUG-2016,
OPTSTK,ADANIPOWER,25-Aug-2016,17.5,CE,0,0,0,13.7,10.3,0,0,0,0,17-AUG-2016,
OPTSTK,ADANIPOWER,25-Aug-2016,20,CE,0,0,0,11.3,7.8,0,0,0,0,17-AUG-2016,
OPTSTK,ADANIPOWER,25-Aug-2016,22.5,CE,0,0,0,4.85,5.3,0,0,540000,0,17-AUG-2016,
OPTSTK,ADANIPOWER,25-Aug-2016,25,CE,2.25,2.9,2.2,2.9,2.9,5,27.36,140000,-80000,17-AUG-2016,
OPTSTK,ADANIPOWER,25-Aug-2016,27.5,CE,0.65,0.95,0.5,0.85,0.85,117,659.75,2720000,-220000,17-AUG-2016,
OPTSTK,ADANIPOWER,25-Aug-2016,30,CE,0.15,0.25,0.1,0.2,0.2,97,585.26,9420000,-620000,17-AUG-2016,
OPTSTK,ADANIPOWER,25-Aug-2016,32.5,CE,0.05,0.05,0.05,0.05,0.05,17,110.67,3040000,-100000,17-AUG-2016,
OPTSTK,ADANIPOWER,25-Aug-2016,35,CE,0,0,0,0.05,0,0,0,1120000,0,17-AUG-2016,
OPTSTK,ADANIPOWER,25-Aug-2016,37.5,CE,0,0,0,0.05,0,0,0,380000,0,17-AUG-2016,
OPTSTK,ADANIPOWER,25-Aug-2016,40,CE,0,0,0,0.85,0,0,0,0,0,17-AUG-2016,
OPTSTK,ADANIPOWER,25-Aug-2016,42.5,CE,0,0,0,0.55,0,0,0,0,0,17-AUG-2016,
OPTSTK,ADANIPOWER,25-Aug-2016,45,CE,0,0,0,0.05,0,0,0,20000,0,17-AUG-2016,
OPTSTK,ADANIPOWER,25-Aug-2016,47.5,CE,0,0,0,0.25,0,0,0,0,0,17-AUG-2016,
OPTSTK,ADANIPOWER,25-Aug-2016,10,PE,0,0,0,0.05,0,0,0,0,0,17-AUG-2016,
OPTSTK,ADANIPOWER,25-Aug-2016,12.5,PE,0,0,0,0.05,0,0,0,0,0,17-AUG-2016,
OPTSTK,ADANIPOWER,25-Aug-2016,15,PE,0,0,0,0.05,0,0,0,0,0,17-AUG-2016,
OPTSTK,ADANIPOWER,25-Aug-2016,17.5,PE,0,0,0,0.05,0,0,0,0,0,17-AUG-2016,
OPTSTK,ADANIPOWER,25-Aug-2016,20,PE,0,0,0,0.05,0,0,0,120000,0,17-AUG-2016,
OPTSTK,ADANIPOWER,25-Aug-2016,22.5,PE,0,0,0,0.05,0,0,0,780000,0,17-AUG-2016,
OPTSTK,ADANIPOWER,25-Aug-2016,25,PE,0.15,0.15,0.05,0.05,0.05,27,135.52,2720000,-80000,17-AUG-2016,
OPTSTK,ADANIPOWER,25-Aug-2016,27.5,PE,0.95,0.95,0.55,0.65,0.65,42,237.06,2020000,-200000,17-AUG-2016,
OPTSTK,ADANIPOWER,25-Aug-2016,30,PE,3,3,2.4,2.45,2.45,16,104.77,1240000,160000,17-AUG-2016,
OPTSTK,ADANIPOWER,25-Aug-2016,32.5,PE,0,0,0,4.1,4.7,0,0,20000,0,17-AUG-2016,
OPTSTK,ADANIPOWER,25-Aug-2016,35,PE,0,0,0,6.5,7.2,0,0,60000,0,17-AUG-2016,
OPTSTK,ADANIPOWER,25-Aug-2016,37.5,PE,0,0,0,7.25,9.7,0,0,0,0,17-AUG-2016,
OPTSTK,ADANIPOWER,25-Aug-2016,40,PE,0,0,0,9.25,12.2,0,0,0,0,17-AUG-2016,
OPTSTK,ADANIPOWER,25-Aug-2016,42.5,PE,0,0,0,11.45,14.7,0,0,0,0,17-AUG-2016,
OPTSTK,ADANIPOWER,25-Aug-2016,45,PE,0,0,0,16.45,17.2,0,0,80000,0,17-AUG-2016,
OPTSTK,ADANIPOWER,25-Aug-2016,47.5,PE,0,0,0,16.05,19.7,0,0,0,0,17-AUG-2016,
OPTSTK,ADANIPOWER,29-Sep-2016,10,CE,0,0,0,20.7,17.85,0,0,0,0,17-AUG-2016,
OPTSTK,ADANIPOWER,29-Sep-2016,12.5,CE,0,0,0,18.25,15.35,0,0,0,0,17-AUG-2016,
OPTSTK,ADANIPOWER,29-Sep-2016,15,CE,0,0,0,15.8,12.9,0,0,0,0,17-AUG-2016,
OPTSTK,ADANIPOWER,29-Sep-2016,17.5,CE,0,0,0,13.35,10.4,0,0,0,0,17-AUG-2016,
OPTSTK,ADANIPOWER,29-Sep-2016,20,CE,0,0,0,10.9,7.95,0,0,0,0,17-AUG-2016,
OPTSTK,ADANIPOWER,29-Sep-2016,22.5,CE,0,0,0,8.5,5.5,0,0,0,0,17-AUG-2016,
OPTSTK,ADANIPOWER,29-Sep-2016,25,CE,0,0,0,6.25,3.25,0,0,0,0,17-AUG-2016,
OPTSTK,ADANIPOWER,29-Sep-2016,27.5,CE,1.2,1.8,1.2,1.8,1.8,5,29.16,100000,60000,17-AUG-2016,
OPTSTK,ADANIPOWER,29-Sep-2016,30,CE,0.75,0.95,0.75,0.95,0.95,4,24.7,140000,60000,17-AUG-2016,
OPTSTK,ADANIPOWER,29-Sep-2016,32.5,CE,0,0,0,1.65,0.15,0,0,0,0,17-AUG-2016,
OPTSTK,ADANIPOWER,29-Sep-2016,35,CE,0,0,0,0.95,0.05,0,0,0,0,17-AUG-2016,
OPTSTK,ADANIPOWER,29-Sep-2016,37.5,CE,0,0,0,0.5,0.05,0,0,0,0,17-AUG-2016,
OPTSTK,ADANIPOWER,29-Sep-2016,40,CE,0,0,0,0.25,0,0,0,0,0,17-AUG-2016,
OPTSTK,ADANIPOWER,29-Sep-2016,42.5,CE,0,0,0,0.15,0,0,0,0,0,17-AUG-2016,
OPTSTK,ADANIPOWER,29-Sep-2016,45,CE,0,0,0,0.1,0,0,0,0,0,17-AUG-2016,
OPTSTK,ADANIPOWER,29-Sep-2016,47.5,CE,0,0,0,0.05,0,0,0,0,0,17-AUG-2016,
OPTSTK,ADANIPOWER,29-Sep-2016,10,PE,0,0,0,0.05,0,0,0,0,0,17-AUG-2016,
OPTSTK,ADANIPOWER,29-Sep-2016,12.5,PE,0,0,0,0.05,0,0,0,0,0,17-AUG-2016,
OPTSTK,ADANIPOWER,29-Sep-2016,15,PE,0,0,0,0.05,0,0,0,0,0,17-AUG-2016,
OPTSTK,ADANIPOWER,29-Sep-2016,17.5,PE,0,0,0,0.05,0,0,0,0,0,17-AUG-2016,
OPTSTK,ADANIPOWER,29-Sep-2016,20,PE,0,0,0,0.05,0,0,0,0,0,17-AUG-2016,
OPTSTK,ADANIPOWER,29-Sep-2016,22.5,PE,0,0,0,0.25,0.05,0,0,20000,0,17-AUG-2016,
OPTSTK,ADANIPOWER,29-Sep-2016,25,PE,0,0,0,0.85,0.25,0,0,0,0,17-AUG-2016,
OPTSTK,ADANIPOWER,29-Sep-2016,27.5,PE,1.25,1.3,1.15,1.15,1.15,4,23,80000,80000,17-AUG-2016,
OPTSTK,ADANIPOWER,29-Sep-2016,30,PE,2.7,2.7,2.7,2.7,2.7,1,6.54,20000,20000,17-AUG-2016,
OPTSTK,ADANIPOWER,29-Sep-2016,32.5,PE,0,0,0,3.1,4.65,0,0,0,0,17-AUG-2016,
OPTSTK,ADANIPOWER,29-Sep-2016,35,PE,0,0,0,4.85,7,0,0,0,0,17-AUG-2016,
OPTSTK,ADANIPOWER,29-Sep-2016,37.5,PE,0,0,0,6.85,9.45,0,0,0,0,17-AUG-2016,
OPTSTK,ADANIPOWER,29-Sep-2016,40,PE,0,0,0,9.05,11.95,0,0,0,0,17-AUG-2016,
OPTSTK,ADANIPOWER,29-Sep-2016,42.5,PE,0,0,0,11.4,14.45,0,0,0,0,17-AUG-2016,
OPTSTK,ADANIPOWER,29-Sep-2016,45,PE,0,0,0,13.8,16.9,0,0,0,0,17-AUG-2016,
OPTSTK,ADANIPOWER,29-Sep-2016,47.5,PE,0,0,0,16.2,19.4,0,0,0,0,17-AUG-2016,
OPTSTK,ADANIPOWER,27-Oct-2016,10,CE,0,0,0,18.3,17.9,0,0,0,0,17-AUG-2016,
OPTSTK,ADANIPOWER,27-Oct-2016,12.5,CE,0,0,0,15.85,15.45,0,0,0,0,17-AUG-2016,
OPTSTK,ADANIPOWER,27-Oct-2016,15,CE,0,0,0,13.4,12.95,0,0,0,0,17-AUG-2016,
OPTSTK,ADANIPOWER,27-Oct-2016,17.5,CE,0,0,0,10.9,10.5,0,0,0,0,17-AUG-2016,
OPTSTK,ADANIPOWER,27-Oct-2016,20,CE,0,0,0,8.45,8.05,0,0,0,0,17-AUG-2016,
OPTSTK,ADANIPOWER,27-Oct-2016,22.5,CE,0,0,0,6.05,5.65,0,0,0,0,17-AUG-2016,
OPTSTK,ADANIPOWER,27-Oct-2016,25,CE,0,0,0,3.85,3.55,0,0,0,0,17-AUG-2016,
OPTSTK,ADANIPOWER,27-Oct-2016,27.5,CE,0,0,0,2.1,1.95,0,0,0,0,17-AUG-2016,
OPTSTK,ADANIPOWER,27-Oct-2016,30,CE,0,0,0,0.95,0.95,0,0,0,0,17-AUG-2016,
OPTSTK,ADANIPOWER,27-Oct-2016,32.5,CE,0,0,0,0.4,0.4,0,0,0,0,17-AUG-2016,
OPTSTK,ADANIPOWER,27-Oct-2016,35,CE,0,0,0,0.15,0.15,0,0,0,0,17-AUG-2016,
OPTSTK,ADANIPOWER,27-Oct-2016,37.5,CE,0,0,0,0.05,0.05,0,0,0,0,17-AUG-2016,
OPTSTK,ADANIPOWER,27-Oct-2016,40,CE,0,0,0,0.05,0.05,0,0,0,0,17-AUG-2016,
OPTSTK,ADANIPOWER,27-Oct-2016,42.5,CE,0,0,0,0.05,0,0,0,0,0,17-AUG-2016,
OPTSTK,ADANIPOWER,27-Oct-2016,45,CE,0,0,0,0.05,0,0,0,0,0,17-AUG-2016,
OPTSTK,ADANIPOWER,27-Oct-2016,47.5,CE,0,0,0,0.05,0,0,0,0,0,17-AUG-2016,
OPTSTK,ADANIPOWER,27-Oct-2016,10,PE,0,0,0,0.05,0,0,0,0,0,17-AUG-2016,
OPTSTK,ADANIPOWER,27-Oct-2016,12.5,PE,0,0,0,0.05,0,0,0,0,0,17-AUG-2016,
OPTSTK,ADANIPOWER,27-Oct-2016,15,PE,0,0,0,0.05,0,0,0,0,0,17-AUG-2016,
OPTSTK,ADANIPOWER,27-Oct-2016,17.5,PE,0,0,0,0.05,0,0,0,0,0,17-AUG-2016,
OPTSTK,ADANIPOWER,27-Oct-2016,20,PE,0,0,0,0.05,0.05,0,0,0,0,17-AUG-2016,
OPTSTK,ADANIPOWER,27-Oct-2016,22.5,PE,0,0,0,0.05,0.1,0,0,0,0,17-AUG-2016,
OPTSTK,ADANIPOWER,27-Oct-2016,25,PE,0,0,0,0.3,0.5,0,0,0,0,17-AUG-2016,
OPTSTK,ADANIPOWER,27-Oct-2016,27.5,PE,0,0,0,1,1.35,0,0,0,0,17-AUG-2016,
OPTSTK,ADANIPOWER,27-Oct-2016,30,PE,0,0,0,2.35,2.8,0,0,0,0,17-AUG-2016,
OPTSTK,ADANIPOWER,27-Oct-2016,32.5,PE,0,0,0,4.25,4.7,0,0,0,0,17-AUG-2016,
OPTSTK,ADANIPOWER,27-Oct-2016,35,PE,0,0,0,6.45,6.95,0,0,0,0,17-AUG-2016,
OPTSTK,ADANIPOWER,27-Oct-2016,37.5,PE,0,0,0,8.8,9.3,0,0,0,0,17-AUG-2016,
OPTSTK,ADANIPOWER,27-Oct-2016,40,PE,0,0,0,11.25,11.75,0,0,0,0,17-AUG-2016,
OPTSTK,ADANIPOWER,27-Oct-2016,42.5,PE,0,0,0,13.7,14.2,0,0,0,0,17-AUG-2016,
OPTSTK,ADANIPOWER,27-Oct-2016,45,PE,0,0,0,16.15,16.65,0,0,0,0,17-AUG-2016,
OPTSTK,ADANIPOWER,27-Oct-2016,47.5,PE,0,0,0,18.6,19.15,0,0,0,0,17-AUG-2016,
OPTSTK,AJANTPHARM,25-Aug-2016,1000,CE,0,0,0,520.15,934.85,0,0,0,0,17-AUG-2016,
OPTSTK,AJANTPHARM,25-Aug-2016,1050,CE,0,0,0,471.95,884.95,0,0,0,0,17-AUG-2016,
OPTSTK,AJANTPHARM,25-Aug-2016,1100,CE,0,0,0,424.5,835,0,0,0,0,17-AUG-2016,
OPTSTK,AJANTPHARM,25-Aug-2016,1150,CE,0,0,0,378.2,785.1,0,0,0,0,17-AUG-2016,
OPTSTK,AJANTPHARM,25-Aug-2016,1200,CE,0,0,0,333.55,735.15,0,0,0,0,17-AUG-2016,
OPTSTK,AJANTPHARM,25-Aug-2016,1250,CE,0,0,0,290.95,685.25,0,0,0,0,17-AUG-2016,
OPTSTK,AJANTPHARM,25-Aug-2016,1300,CE,0,0,0,250.9,635.3,0,0,0,0,17-AUG-2016,
OPTSTK,AJANTPHARM,25-Aug-2016,1350,CE,0,0,0,213.9,585.4,0,0,0,0,17-AUG-2016,
OPTSTK,AJANTPHARM,25-Aug-2016,1400,CE,0,0,0,180.05,535.45,0,0,0,0,17-AUG-2016,
OPTSTK,AJANTPHARM,25-Aug-2016,1450,CE,0,0,0,149.85,485.55,0,0,0,0,17-AUG-2016,
OPTSTK,AJANTPHARM,25-Aug-2016,1500,CE,0,0,0,123.3,435.6,0,0,0,0,17-AUG-2016,
OPTSTK,AJANTPHARM,25-Aug-2016,1550,CE,0,0,0,278.5,385.7,0,0,3600,0,17-AUG-2016,
OPTSTK,AJANTPHARM,25-Aug-2016,1600,CE,0,0,0,138.2,335.75,0,0,800,0,17-AUG-2016,
OPTSTK,AJANTPHARM,25-Aug-2016,1650,CE,0,0,0,95,285.85,0,0,1600,0,17-AUG-2016,
OPTSTK,AJANTPHARM,25-Aug-2016,1700,CE,0,0,0,244,236.05,0,0,6000,0,17-AUG-2016,
OPTSTK,AJANTPHARM,25-Aug-2016,1750,CE,195,195,195,195,195,1,7.78,7600,0,17-AUG-2016,
OPTSTK,AJANTPHARM,25-Aug-2016,1800,CE,138,138,138,138,138,1,7.75,13200,-400,17-AUG-2016,
OPTSTK,AJANTPHARM,25-Aug-2016,1850,CE,86.25,99.95,86.25,98.95,98.95,3,23.34,12400,-800,17-AUG-2016,
OPTSTK,AJANTPHARM,25-Aug-2016,1900,CE,50,58,48.35,50,50,8,62.51,8800,0,17-AUG-2016,
OPTSTK,AJANTPHARM,25-Aug-2016,1950,CE,28,28,21,21,21,11,86.85,4000,-2400,17-AUG-2016,
OPTSTK,AJANTPHARM,25-Aug-2016,2000,CE,20.6,20.6,6,7.85,7.85,25,201.03,13200,6800,17-AUG-2016,
OPTSTK,AJANTPHARM,25-Aug-2016,2050,CE,0,0,0,8,6.05,0,0,400,0,17-AUG-2016,
OPTSTK,AJANTPHARM,25-Aug-2016,2100,CE,0,0,0,0.1,2.1,0,0,800,0,17-AUG-2016,
OPTSTK,AJANTPHARM,25-Aug-2016,2150,CE,0,0,0,4.75,0.65,0,0,0,0,17-AUG-2016,
OPTSTK,AJANTPHARM,25-Aug-2016,2200,CE,0,0,0,2.15,0.15,0,0,0,0,17-AUG-2016,
OPTSTK,AJANTPHARM,25-Aug-2016,2250,CE,0,0,0,0.05,0.05,0,0,0,0,17-AUG-2016,
OPTSTK,AJANTPHARM,25-Aug-2016,2300,CE,0,0,0,0.05,0.05,0,0,0,0,17-AUG-2016,
OPTSTK,AJANTPHARM,25-Aug-2016,1000,PE,0,0,0,0.8,0,0,0,0,0,17-AUG-2016,
OPTSTK,AJANTPHARM,25-Aug-2016,1050,PE,0,0,0,1.7,0,0,0,0,0,17-AUG-2016,
OPTSTK,AJANTPHARM,25-Aug-2016,1100,PE,0,0,0,3.4,0,0,0,0,0,17-AUG-2016,
OPTSTK,AJANTPHARM,25-Aug-2016,1150,PE,0,0,0,6.2,0,0,0,0,0,17-AUG-2016,
OPTSTK,AJANTPHARM,25-Aug-2016,1200,PE,0,0,0,10.6,0,0,0,0,0,17-AUG-2016,
OPTSTK,AJANTPHARM,25-Aug-2016,1250,PE,0,0,0,17.15,0,0,0,0,0,17-AUG-2016,
OPTSTK,AJANTPHARM,25-Aug-2016,1300,PE,0,0,0,26.2,0,0,0,0,0,17-AUG-2016,
OPTSTK,AJANTPHARM,25-Aug-2016,1350,PE,0,0,0,38.3,0,0,0,0,0,17-AUG-2016,
OPTSTK,AJANTPHARM,25-Aug-2016,1400,PE,0,0,0,53.6,0,0,0,0,0,17-AUG-2016,
OPTSTK,AJANTPHARM,25-Aug-2016,1450,PE,0,0,0,72.5,0,0,0,0,0,17-AUG-2016,
OPTSTK,AJANTPHARM,25-Aug-2016,1500,PE,0,0,0,95.05,0,0,0,0,0,17-AUG-2016,
OPTSTK,AJANTPHARM,25-Aug-2016,1550,PE,0,0,0,121.1,0,0,0,0,0,17-AUG-2016,
OPTSTK,AJANTPHARM,25-Aug-2016,1600,PE,0,0,0,8.05,0,0,0,2800,0,17-AUG-2016,
OPTSTK,AJANTPHARM,25-Aug-2016,1650,PE,0,0,0,1.25,0.05,0,0,3200,0,17-AUG-2016,
OPTSTK,AJANTPHARM,25-Aug-2016,1700,PE,0,0,0,2,0.15,0,0,11600,0,17-AUG-2016,
OPTSTK,AJANTPHARM,25-Aug-2016,1750,PE,1.15,1.15,1.15,1.15,1.15,1,7,10800,400,17-AUG-2016,
OPTSTK,AJANTPHARM,25-Aug-2016,1800,PE,1.5,2.1,1.5,2.1,2.1,3,21.62,14800,-800,17-AUG-2016,
OPTSTK,AJANTPHARM,25-Aug-2016,1850,PE,6.1,7,6,7,7,7,51.97,8400,-400,17-AUG-2016,
OPTSTK,AJANTPHARM,25-Aug-2016,1900,PE,17.9,20.9,14.4,14.85,14.85,12,92.06,5600,2000,17-AUG-2016,
OPTSTK,AJANTPHARM,25-Aug-2016,1950,PE,0,0,0,71,45.45,0,0,400,0,17-AUG-2016,
OPTSTK,AJANTPHARM,25-Aug-2016,2000,PE,0,0,0,77.5,78.65,0,0,400,0,17-AUG-2016,
OPTSTK,AJANTPHARM,25-Aug-2016,2050,PE,0,0,0,519.35,119.6,0,0,0,0,17-AUG-2016,
OPTSTK,AJANTPHARM,25-Aug-2016,2100,PE,0,0,0,566.5,165.6,0,0,0,0,17-AUG-2016,
OPTSTK,AJANTPHARM,25-Aug-2016,2150,PE,0,0,0,252,214.05,0,0,400,0,17-AUG-2016,
OPTSTK,AJANTPHARM,25-Aug-2016,2200,PE,0,0,0,584.85,263.55,0,0,0,0,17-AUG-2016,
OPTSTK,AJANTPHARM,25-Aug-2016,2250,PE,0,0,0,701.65,313.35,0,0,0,0,17-AUG-2016,
OPTSTK,AJANTPHARM,25-Aug-2016,2300,PE,0,0,0,691.75,363.25,0,0,0,0,17-AUG-2016,
OPTSTK,AJANTPHARM,29-Sep-2016,1000,CE,0,0,0,519.95,941.45,0,0,0,0,17-AUG-2016,
OPTSTK,AJANTPHARM,29-Sep-2016,1050,CE,0,0,0,471.1,891.85,0,0,0,0,17-AUG-2016,
OPTSTK,AJANTPHARM,29-Sep-2016,1100,CE,0,0,0,422.55,842.3,0,0,0,0,17-AUG-2016,
OPTSTK,AJANTPHARM,29-Sep-2016,1150,CE,0,0,0,374.7,792.7,0,0,0,0,17-AUG-2016,
OPTSTK,AJANTPHARM,29-Sep-2016,1200,CE,0,0,0,327.9,743.1,0,0,0,0,17-AUG-2016,
OPTSTK,AJANTPHARM,29-Sep-2016,1250,CE,0,0,0,282.8,693.5,0,0,0,0,17-AUG-2016,
OPTSTK,AJANTPHARM,29-Sep-2016,1300,CE,0,0,0,240.05,643.9,0,0,0,0,17-AUG-2016,
OPTSTK,AJANTPHARM,29-Sep-2016,1350,CE,0,0,0,200.3,594.35,0,0,0,0,17-AUG-2016,
OPTSTK,AJANTPHARM,29-Sep-2016,1400,CE,0,0,0,164.1,544.8,0,0,0,0,17-AUG-2016,
OPTSTK,AJANTPHARM,29-Sep-2016,1450,CE,0,0,0,132.05,495.4,0,0,0,0,17-AUG-2016,
OPTSTK,AJANTPHARM,29-Sep-2016,1500,CE,0,0,0,104.25,446.25,0,0,0,0,17-AUG-2016,
OPTSTK,AJANTPHARM,29-Sep-2016,1550,CE,0,0,0,80.8,397.6,0,0,0,0,17-AUG-2016,
OPTSTK,AJANTPHARM,29-Sep-2016,1600,CE,0,0,0,61.5,349.75,0,0,0,0,17-AUG-2016,
OPTSTK,AJANTPHARM,29-Sep-2016,1650,CE,0,0,0,45.95,303.3,0,0,0,0,17-AUG-2016,
OPTSTK,AJANTPHARM,29-Sep-2016,1700,CE,0,0,0,33.85,258.85,0,0,0,0,17-AUG-2016,
OPTSTK,AJANTPHARM,29-Sep-2016,1750,CE,0,0,0,24.45,217,0,0,0,0,17-AUG-2016,
OPTSTK,AJANTPHARM,29-Sep-2016,1800,CE,0,0,0,17.4,178.55,0,0,0,0,17-AUG-2016,
OPTSTK,AJANTPHARM,29-Sep-2016,1850,CE,109.75,109.85,109.75,109.85,109.85,2,15.67,3200,800,17-AUG-2016,
OPTSTK,AJANTPHARM,29-Sep-2016,1900,CE,76.1,78.05,76.1,78.05,78.05,4,31.63,1600,1600,17-AUG-2016,
OPTSTK,AJANTPHARM,29-Sep-2016,1950,CE,58.75,58.75,54.45,54.45,54.45,11,88.28,1600,1200,17-AUG-2016,
OPTSTK,AJANTPHARM,29-Sep-2016,2000,CE,0,0,0,3.85,66.35,0,0,0,0,17-AUG-2016,
OPTSTK,AJANTPHARM,29-Sep-2016,2050,CE,0,0,0,2.55,49.05,0,0,0,0,17-AUG-2016,
OPTSTK,AJANTPHARM,29-Sep-2016,2100,CE,0,0,0,1.7,35.6,0,0,0,0,17-AUG-2016,
OPTSTK,AJANTPHARM,29-Sep-2016,2150,CE,0,0,0,1.1,25.2,0,0,0,0,17-AUG-2016,
OPTSTK,AJANTPHARM,29-Sep-2016,2200,CE,0,0,0,0.7,17.5,0,0,0,0,17-AUG-2016,
OPTSTK,AJANTPHARM,29-Sep-2016,2250,CE,0,0,0,0.55,11.9,0,0,0,0,17-AUG-2016,
OPTSTK,AJANTPHARM,29-Sep-2016,2300,CE,0,0,0,0.85,7.95,0,0,0,0,17-AUG-2016,
OPTSTK,AJANTPHARM,29-Sep-2016,1000,PE,0,0,0,0.15,0,0,0,0,0,17-AUG-2016,
OPTSTK,AJANTPHARM,29-Sep-2016,1050,PE,0,0,0,0.4,0,0,0,0,0,17-AUG-2016,
OPTSTK,AJANTPHARM,29-Sep-2016,1100,PE,0,0,0,1,0,0,0,0,0,17-AUG-2016,
OPTSTK,AJANTPHARM,29-Sep-2016,1150,PE,0,0,0,2.2,0,0,0,0,0,17-AUG-2016,
OPTSTK,AJANTPHARM,29-Sep-2016,1200,PE,0,0,0,4.55,0,0,0,0,0,17-AUG-2016,
OPTSTK,AJANTPHARM,29-Sep-2016,1250,PE,0,0,0,8.55,0,0,0,0,0,17-AUG-2016,
OPTSTK,AJANTPHARM,29-Sep-2016,1300,PE,0,0,0,14.9,0.05,0,0,0,0,17-AUG-2016,
OPTSTK,AJANTPHARM,29-Sep-2016,1350,PE,0,0,0,24.3,0.05,0,0,0,0,17-AUG-2016,
OPTSTK,AJANTPHARM,29-Sep-2016,1400,PE,0,0,0,37.2,0.1,0,0,0,0,17-AUG-2016,
OPTSTK,AJANTPHARM,29-Sep-2016,1450,PE,0,0,0,54.25,0.3,0,0,0,0,17-AUG-2016,
OPTSTK,AJANTPHARM,29-Sep-2016,1500,PE,0,0,0,75.6,0.75,0,0,0,0,17-AUG-2016,
OPTSTK,AJANTPHARM,29-Sep-2016,1550,PE,0,0,0,101.25,1.7,0,0,0,0,17-AUG-2016,
OPTSTK,AJANTPHARM,29-Sep-2016,1600,PE,0,0,0,131.05,3.45,0,0,0,0,17-AUG-2016,
OPTSTK,AJANTPHARM,29-Sep-2016,1650,PE,0,0,0,164.65,6.6,0,0,0,0,17-AUG-2016,
OPTSTK,AJANTPHARM,29-Sep-2016,1700,PE,0,0,0,201.65,11.7,0,0,0,0,17-AUG-2016,
OPTSTK,AJANTPHARM,29-Sep-2016,1750,PE,0,0,0,241.35,19.5,0,0,0,0,17-AUG-2016,
OPTSTK,AJANTPHARM,29-Sep-2016,1800,PE,0,0,0,283.45,30.65,0,0,0,0,17-AUG-2016,
OPTSTK,AJANTPHARM,29-Sep-2016,1850,PE,0,0,0,327.35,45.55,0,0,0,0,17-AUG-2016,
OPTSTK,AJANTPHARM,29-Sep-2016,1900,PE,0,0,0,372.7,64.85,0,0,0,0,17-AUG-2016,
OPTSTK,AJANTPHARM,29-Sep-2016,1950,PE,0,0,0,419.15,88.6,0,0,0,0,17-AUG-2016,
OPTSTK,AJANTPHARM,29-Sep-2016,2000,PE,0,0,0,466.4,116.8,0,0,0,0,17-AUG-2016,
OPTSTK,AJANTPHARM,29-Sep-2016,2050,PE,0,0,0,514.2,149.1,0,0,0,0,17-AUG-2016,
OPTSTK,AJANTPHARM,29-Sep-2016,2100,PE,0,0,0,562.45,185.25,0,0,0,0,17-AUG-2016,
OPTSTK,AJANTPHARM,29-Sep-2016,2150,PE,0,0,0,610.95,224.45,0,0,0,0,17-AUG-2016,
OPTSTK,AJANTPHARM,29-Sep-2016,2200,PE,0,0,0,659.7,266.35,0,0,0,0,17-AUG-2016,
OPTSTK,AJANTPHARM,29-Sep-2016,2250,PE,0,0,0,687,310.35,0,0,0,0,17-AUG-2016,
OPTSTK,AJANTPHARM,29-Sep-2016,2300,PE,0,0,0,677.2,356,0,0,0,0,17-AUG-2016,
OPTSTK,AJANTPHARM,27-Oct-2016,1000,CE,0,0,0,740.95,946.7,0,0,0,0,17-AUG-2016,
OPTSTK,AJANTPHARM,27-Oct-2016,1050,CE,0,0,0,691.8,897.35,0,0,0,0,17-AUG-2016,
OPTSTK,AJANTPHARM,27-Oct-2016,1100,CE,0,0,0,642.7,848.05,0,0,0,0,17-AUG-2016,
OPTSTK,AJANTPHARM,27-Oct-2016,1150,CE,0,0,0,593.7,798.7,0,0,0,0,17-AUG-2016,
OPTSTK,AJANTPHARM,27-Oct-2016,1200,CE,0,0,0,544.8,749.4,0,0,0,0,17-AUG-2016,
OPTSTK,AJANTPHARM,27-Oct-2016,1250,CE,0,0,0,496.2,700.1,0,0,0,0,17-AUG-2016,
OPTSTK,AJANTPHARM,27-Oct-2016,1300,CE,0,0,0,448.1,650.9,0,0,0,0,17-AUG-2016,
OPTSTK,AJANTPHARM,27-Oct-2016,1350,CE,0,0,0,400.8,601.8,0,0,0,0,17-AUG-2016,
OPTSTK,AJANTPHARM,27-Oct-2016,1400,CE,0,0,0,354.75,552.95,0,0,0,0,17-AUG-2016,
OPTSTK,AJANTPHARM,27-Oct-2016,1450,CE,0,0,0,310.35,504.5,0,0,0,0,17-AUG-2016,
OPTSTK,AJANTPHARM,27-Oct-2016,1500,CE,0,0,0,268.2,456.75,0,0,0,0,17-AUG-2016,
OPTSTK,AJANTPHARM,27-Oct-2016,1550,CE,0,0,0,228.8,410,0,0,0,0,17-AUG-2016,
OPTSTK,AJANTPHARM,27-Oct-2016,1600,CE,0,0,0,192.55,364.55,0,0,0,0,17-AUG-2016,
OPTSTK,AJANTPHARM,27-Oct-2016,1650,CE,0,0,0,159.7,320.95,0,0,0,0,17-AUG-2016,
OPTSTK,AJANTPHARM,27-Oct-2016,1700,CE,0,0,0,130.7,279.5,0,0,0,0,17-AUG-2016,
OPTSTK,AJANTPHARM,27-Oct-2016,1750,CE,0,0,0,105.4,240.75,0,0,0,0,17-AUG-2016,
OPTSTK,AJANTPHARM,27-Oct-2016,1800,CE,0,0,0,83.85,204.9,0,0,0,0,17-AUG-2016,
OPTSTK,AJANTPHARM,27-Oct-2016,1850,CE,0,0,0,65.8,172.4,0,0,0,0,17-AUG-2016,
OPTSTK,AJANTPHARM,27-Oct-2016,1900,CE,0,0,0,50.95,143.3,0,0,0,0,17-AUG-2016,
OPTSTK,AJANTPHARM,27-Oct-2016,1950,CE,0,0,0,39.05,117.7,0,0,0,0,17-AUG-2016,
OPTSTK,AJANTPHARM,27-Oct-2016,2000,CE,0,0,0,29.4,95.5,0,0,0,0,17-AUG-2016,
OPTSTK,AJANTPHARM,27-Oct-2016,2050,CE,0,0,0,21.95,76.6,0,0,0,0,17-AUG-2016,
OPTSTK,AJANTPHARM,27-Oct-2016,2100,CE,0,0,0,16.2,60.75,0,0,0,0,17-AUG-2016,
OPTSTK,AJANTPHARM,27-Oct-2016,2150,CE,0,0,0,11.8,47.7,0,0,0,0,17-AUG-2016,
OPTSTK,AJANTPHARM,27-Oct-2016,2200,CE,0,0,0,8.5,36.95,0,0,0,0,17-AUG-2016,
OPTSTK,AJANTPHARM,27-Oct-2016,2250,CE,0,0,0,6.1,28.35,0,0,0,0,17-AUG-2016,
OPTSTK,AJANTPHARM,27-Oct-2016,2300,CE,0,0,0,4.3,21.55,0,0,0,0,17-AUG-2016,
OPTSTK,AJANTPHARM,27-Oct-2016,1000,PE,0,0,0,0.05,0,0,0,0,0,17-AUG-2016,
OPTSTK,AJANTPHARM,27-Oct-2016,1050,PE,0,0,0,0.05,0,0,0,0,0,17-AUG-2016,
OPTSTK,AJANTPHARM,27-Oct-2016,1100,PE,0,0,0,0.1,0,0,0,0,0,17-AUG-2016,
OPTSTK,AJANTPHARM,27-Oct-2016,1150,PE,0,0,0,0.2,0.05,0,0,0,0,17-AUG-2016,
OPTSTK,AJANTPHARM,27-Oct-2016,1200,PE,0,0,0,0.45,0.05,0,0,0,0,17-AUG-2016,
OPTSTK,AJANTPHARM,27-Oct-2016,1250,PE,0,0,0,0.95,0.1,0,0,0,0,17-AUG-2016,
OPTSTK,AJANTPHARM,27-Oct-2016,1300,PE,0,0,0,2,0.2,0,0,0,0,17-AUG-2016,
OPTSTK,AJANTPHARM,27-Oct-2016,1350,PE,0,0,0,3.85,0.45,0,0,0,0,17-AUG-2016,
OPTSTK,AJANTPHARM,27-Oct-2016,1400,PE,0,0,0,6.95,0.95,0,0,0,0,17-AUG-2016,
OPTSTK,AJANTPHARM,27-Oct-2016,1450,PE,0,0,0,11.7,1.85,0,0,0,0,17-AUG-2016,
OPTSTK,AJANTPHARM,27-Oct-2016,1500,PE,0,0,0,18.7,3.4,0,0,0,0,17-AUG-2016,
OPTSTK,AJANTPHARM,27-Oct-2016,1550,PE,0,0,0,28.4,5.95,0,0,0,0,17-AUG-2016,
OPTSTK,AJANTPHARM,27-Oct-2016,1600,PE,0,0,0,41.3,9.9,0,0,0,0,17-AUG-2016,
OPTSTK,AJANTPHARM,27-Oct-2016,1650,PE,0,0,0,57.6,15.6,0,0,0,0,17-AUG-2016,
OPTSTK,AJANTPHARM,27-Oct-2016,1700,PE,0,0,0,77.75,23.5,0,0,0,0,17-AUG-2016,
OPTSTK,AJANTPHARM,27-Oct-2016,1750,PE,0,0,0,101.6,34.05,0,0,0,0,17-AUG-2016,
OPTSTK,AJANTPHARM,27-Oct-2016,1800,PE,0,0,0,129.2,47.55,0,0,0,0,17-AUG-2016,
OPTSTK,AJANTPHARM,27-Oct-2016,1850,PE,0,0,0,160.25,64.35,0,0,0,0,17-AUG-2016,
OPTSTK,AJANTPHARM,27-Oct-2016,1900,PE,0,0,0,194.55,84.6,0,0,0,0,17-AUG-2016,
OPTSTK,AJANTPHARM,27-Oct-2016,1950,PE,0,0,0,231.8,108.35,0,0,0,0,17-AUG-2016,
OPTSTK,AJANTPHARM,27-Oct-2016,2000,PE,0,0,0,271.3,135.5,0,0,0,0,17-AUG-2016,
OPTSTK,AJANTPHARM,27-Oct-2016,2050,PE,0,0,0,313,165.9,0,0,0,0,17-AUG-2016,
OPTSTK,AJANTPHARM,27-Oct-2016,2100,PE,0,0,0,356.35,199.4,0,0,0,0,17-AUG-2016,
OPTSTK,AJANTPHARM,27-Oct-2016,2150,PE,0,0,0,401.1,235.7,0,0,0,0,17-AUG-2016,
OPTSTK,AJANTPHARM,27-Oct-2016,2200,PE,0,0,0,446.95,274.3,0,0,0,0,17-AUG-2016,
OPTSTK,AJANTPHARM,27-Oct-2016,2250,PE,0,0,0,493.7,315,0,0,0,0,17-AUG-2016,
OPTSTK,AJANTPHARM,27-Oct-2016,2300,PE,0,0,0,541.05,357.55,0,0,0,0,17-AUG-2016,
OPTSTK,ALBK,25-Aug-2016,35,CE,0,0,0,16.65,40.3,0,0,0,0,17-AUG-2016,
OPTSTK,ALBK,25-Aug-2016,37.5,CE,0,0,0,14.35,37.85,0,0,0,0,17-AUG-2016,
OPTSTK,ALBK,25-Aug-2016,40,CE,0,0,0,12.15,35.35,0,0,0,0,17-AUG-2016,
OPTSTK,ALBK,25-Aug-2016,42.5,CE,0,0,0,10.15,32.85,0,0,0,0,17-AUG-2016,
OPTSTK,ALBK,25-Aug-2016,45,CE,0,0,0,8.3,30.35,0,0,0,0,17-AUG-2016,
OPTSTK,ALBK,25-Aug-2016,47.5,CE,0,0,0,6.65,27.85,0,0,0,0,17-AUG-2016,
OPTSTK,ALBK,25-Aug-2016,50,CE,0,0,0,5.25,25.35,0,0,0,0,17-AUG-2016,
OPTSTK,ALBK,25-Aug-2016,52.5,CE,0,0,0,4.1,22.85,0,0,0,0,17-AUG-2016,
OPTSTK,ALBK,25-Aug-2016,55,CE,0,0,0,3.15,20.35,0,0,0,0,17-AUG-2016,
OPTSTK,ALBK,25-Aug-2016,57.5,CE,0,0,0,2.35,17.85,0,0,0,0,17-AUG-2016,
OPTSTK,ALBK,25-Aug-2016,60,CE,0,0,0,15.5,15.35,0,0,40000,0,17-AUG-2016,
OPTSTK,ALBK,25-Aug-2016,62.5,CE,0,0,0,1.3,12.85,0,0,0,0,17-AUG-2016,
OPTSTK,ALBK,25-Aug-2016,65,CE,0,0,0,9.75,10.4,0,0,80000,0,17-AUG-2016,
OPTSTK,ALBK,25-Aug-2016,67.5,CE,0,0,0,10.45,8,0,0,30000,0,17-AUG-2016,
OPTSTK,ALBK,25-Aug-2016,70,CE,5.3,5.3,5.3,5.3,5.3,3,22.59,90000,-20000,17-AUG-2016,
OPTSTK,ALBK,25-Aug-2016,72.5,CE,3.25,4,3.25,3.5,3.5,4,30.41,120000,0,17-AUG-2016,
OPTSTK,ALBK,25-Aug-2016,75,CE,1.9,2.8,1.8,2.25,2.25,112,864.7,680000,-120000,17-AUG-2016,
OPTSTK,ALBK,25-Aug-2016,77.5,CE,0.9,1.7,0.9,1.15,1.15,41,322.99,340000,0,17-AUG-2016,
OPTSTK,ALBK,25-Aug-2016,80,CE,0.7,0.95,0.55,0.7,0.7,103,831.8,1520000,70000,17-AUG-2016,
OPTSTK,ALBK,25-Aug-2016,82.5,CE,0.3,0.5,0.3,0.3,0.3,11,91.14,500000,30000,17-AUG-2016,
OPTSTK,ALBK,25-Aug-2016,85,CE,0.15,0.2,0.1,0.15,0.15,23,195.88,2040000,-70000,17-AUG-2016,
OPTSTK,ALBK,25-Aug-2016,87.5,CE,0.1,0.1,0.05,0.05,0.05,2,17.51,160000,-10000,17-AUG-2016,
OPTSTK,ALBK,25-Aug-2016,90,CE,0.05,0.05,0.05,0.05,0.05,3,27.01,300000,-20000,17-AUG-2016,
OPTSTK,ALBK,25-Aug-2016,92.5,CE,0.05,0.05,0.05,0.05,0.05,7,64.78,60000,-10000,17-AUG-2016,
OPTSTK,ALBK,25-Aug-2016,95,CE,0,0,0,0.05,0,0,0,40000,0,17-AUG-2016,
OPTSTK,ALBK,25-Aug-2016,35,PE,0,0,0,0.15,0,0,0,0,0,17-AUG-2016,
OPTSTK,ALBK,25-Aug-2016,37.5,PE,0,0,0,0.3,0,0,0,0,0,17-AUG-2016,
OPTSTK,ALBK,25-Aug-2016,40,PE,0,0,0,0.55,0,0,0,0,0,17-AUG-2016,
OPTSTK,ALBK,25-Aug-2016,42.5,PE,0,0,0,1,0,0,0,0,0,17-AUG-2016,
OPTSTK,ALBK,25-Aug-2016,45,PE,0,0,0,1.6,0,0,0,0,0,17-AUG-2016,
OPTSTK,ALBK,25-Aug-2016,47.5,PE,0,0,0,2.4,0,0,0,0,0,17-AUG-2016,
OPTSTK,ALBK,25-Aug-2016,50,PE,0,0,0,3.45,0,0,0,0,0,17-AUG-2016,
OPTSTK,ALBK,25-Aug-2016,52.5,PE,0,0,0,1.45,0,0,0,10000,0,17-AUG-2016,
OPTSTK,ALBK,25-Aug-2016,55,PE,0,0,0,1.8,0,0,0,30000,0,17-AUG-2016,
OPTSTK,ALBK,25-Aug-2016,57.5,PE,0,0,0,7.95,0,0,0,0,0,17-AUG-2016,
OPTSTK,ALBK,25-Aug-2016,60,PE,0.1,0.1,0.1,0.1,0.1,1,6.01,130000,0,17-AUG-2016,
OPTSTK,ALBK,25-Aug-2016,62.5,PE,0.1,0.1,0.1,0.1,0.1,6,37.56,100000,0,17-AUG-2016,
OPTSTK,ALBK,25-Aug-2016,65,PE,0.1,0.1,0.1,0.1,0.1,7,45.57,240000,-60000,17-AUG-2016,
OPTSTK,ALBK,25-Aug-2016,67.5,PE,0.2,0.2,0.15,0.15,0.15,5,33.83,90000,-20000,17-AUG-2016,
OPTSTK,ALBK,25-Aug-2016,70,PE,0.5,0.55,0.35,0.4,0.4,64,450.86,610000,-210000,17-AUG-2016,
OPTSTK,ALBK,25-Aug-2016,72.5,PE,1.2,1.25,0.75,0.8,0.8,54,396.45,440000,50000,17-AUG-2016,
OPTSTK,ALBK,25-Aug-2016,75,PE,2.35,2.35,1.4,1.65,1.65,68,521.92,320000,40000,17-AUG-2016,
OPTSTK,ALBK,25-Aug-2016,77.5,PE,2.95,3.2,2.95,3.1,3.1,5,40.26,150000,10000,17-AUG-2016,
OPTSTK,ALBK,25-Aug-2016,80,PE,5,5,5,5,5,2,17,140000,-10000,17-AUG-2016,
OPTSTK,ALBK,25-Aug-2016,82.5,PE,0,0,0,4.65,7.45,0,0,40000,0,17-AUG-2016,
OPTSTK,ALBK,25-Aug-2016,85,PE,0,0,0,9.7,9.75,0,0,30000,0,17-AUG-2016,
OPTSTK,ALBK,25-Aug-2016,87.5,PE,0,0,0,23.05,12.2,0,0,0,0,17-AUG-2016,
OPTSTK,ALBK,25-Aug-2016,90,PE,0,0,0,13.5,14.65,0,0,10000,0,17-AUG-2016,
OPTSTK,ALBK,25-Aug-2016,92.5,PE,0,0,0,24.7,17.15,0,0,0,0,17-AUG-2016,
OPTSTK,ALBK,25-Aug-2016,95,PE,0,0,0,17.9,19.65,0,0,20000,0,17-AUG-2016,
OPTSTK,ALBK,29-Sep-2016,45,CE,0,0,0,25.2,30.65,0,0,0,0,17-AUG-2016,
OPTSTK,ALBK,29-Sep-2016,47.5,CE,0,0,0,22.85,28.15,0,0,0,0,17-AUG-2016,
OPTSTK,ALBK,29-Sep-2016,50,CE,0,0,0,20.6,25.7,0,0,0,0,17-AUG-2016,
OPTSTK,ALBK,29-Sep-2016,52.5,CE,0,0,0,18.45,23.25,0,0,0,0,17-AUG-2016,
OPTSTK,ALBK,29-Sep-2016,55,CE,0,0,0,16.4,20.8,0,0,0,0,17-AUG-2016,
OPTSTK,ALBK,29-Sep-2016,57.5,CE,0,0,0,14.45,18.45,0,0,0,0,17-AUG-2016,
OPTSTK,ALBK,29-Sep-2016,60,CE,0,0,0,12.65,16.15,0,0,0,0,17-AUG-2016,
OPTSTK,ALBK,29-Sep-2016,62.5,CE,0,0,0,11,13.95,0,0,0,0,17-AUG-2016,
OPTSTK,ALBK,29-Sep-2016,65,CE,0,0,0,9.5,11.9,0,0,0,0,17-AUG-2016,
OPTSTK,ALBK,29-Sep-2016,67.5,CE,0,0,0,8.15,10,0,0,0,0,17-AUG-2016,
OPTSTK,ALBK,29-Sep-2016,70,CE,6.6,6.65,6.6,6.65,6.65,3,22.98,30000,30000,17-AUG-2016,
OPTSTK,ALBK,29-Sep-2016,72.5,CE,0,0,0,5.9,6.75,0,0,0,0,17-AUG-2016,
OPTSTK,ALBK,29-Sep-2016,75,CE,0,0,0,4,5.45,0,0,40000,0,17-AUG-2016,
OPTSTK,ALBK,29-Sep-2016,77.5,CE,0,0,0,4.15,4.3,0,0,0,0,17-AUG-2016,
OPTSTK,ALBK,29-Sep-2016,80,CE,2.25,2.45,2.25,2.45,2.45,2,16.47,60000,10000,17-AUG-2016,
OPTSTK,ALBK,29-Sep-2016,82.5,CE,0,0,0,2.9,2.6,0,0,0,0,17-AUG-2016,
OPTSTK,ALBK,29-Sep-2016,85,CE,0,0,0,2.4,2,0,0,0,0,17-AUG-2016,
OPTSTK,ALBK,29-Sep-2016,87.5,CE,0,0,0,1.95,1.5,0,0,0,0,17-AUG-2016,
OPTSTK,ALBK,29-Sep-2016,90,CE,0,0,0,1.6,1.1,0,0,0,0,17-AUG-2016,
OPTSTK,ALBK,29-Sep-2016,92.5,CE,0,0,0,1.3,0.8,0,0,0,0,17-AUG-2016,
OPTSTK,ALBK,29-Sep-2016,95,CE,0,0,0,1.05,0.6,0,0,0,0,17-AUG-2016,
OPTSTK,ALBK,29-Sep-2016,45,PE,0,0,0,0.2,0,0,0,0,0,17-AUG-2016,
OPTSTK,ALBK,29-Sep-2016,47.5,PE,0,0,0,0.35,0.05,0,0,0,0,17-AUG-2016,
OPTSTK,ALBK,29-Sep-2016,50,PE,0,0,0,0.55,0.05,0,0,0,0,17-AUG-2016,
OPTSTK,ALBK,29-Sep-2016,52.5,PE,0,0,0,0.85,0.05,0,0,0,0,17-AUG-2016,
OPTSTK,ALBK,29-Sep-2016,55,PE,0,0,0,1.25,0.15,0,0,0,0,17-AUG-2016,
OPTSTK,ALBK,29-Sep-2016,57.5,PE,0,0,0,1.75,0.25,0,0,0,0,17-AUG-2016,
OPTSTK,ALBK,29-Sep-2016,60,PE,0.35,0.35,0.35,0.35,0.35,1,6.03,10000,0,17-AUG-2016,
OPTSTK,ALBK,29-Sep-2016,62.5,PE,0.55,0.55,0.35,0.5,0.5,5,31.46,30000,-20000,17-AUG-2016,
OPTSTK,ALBK,29-Sep-2016,65,PE,0.8,0.8,0.8,0.8,0.8,1,6.58,60000,-10000,17-AUG-2016,
OPTSTK,ALBK,29-Sep-2016,67.5,PE,1.25,1.35,1.1,1.1,1.1,3,20.62,60000,-10000,17-AUG-2016,
OPTSTK,ALBK,29-Sep-2016,70,PE,2,2,1.65,1.65,1.65,3,21.54,70000,-10000,17-AUG-2016,
OPTSTK,ALBK,29-Sep-2016,72.5,PE,0,0,0,7.9,3.4,0,0,0,0,17-AUG-2016,
OPTSTK,ALBK,29-Sep-2016,75,PE,0,0,0,5.25,4.55,0,0,0,0,17-AUG-2016,
OPTSTK,ALBK,29-Sep-2016,77.5,PE,0,0,0,11.1,5.9,0,0,0,0,17-AUG-2016,
OPTSTK,ALBK,29-Sep-2016,80,PE,0,0,0,12.85,7.45,0,0,0,0,17-AUG-2016,
OPTSTK,ALBK,29-Sep-2016,82.5,PE,0,0,0,14.7,9.15,0,0,0,0,17-AUG-2016,
OPTSTK,ALBK,29-Sep-2016,85,PE,0,0,0,16.7,11.05,0,0,0,0,17-AUG-2016,
OPTSTK,ALBK,29-Sep-2016,87.5,PE,0,0,0,18.7,13.05,0,0,0,0,17-AUG-2016,
OPTSTK,ALBK,29-Sep-2016,90,PE,0,0,0,20.8,15.15,0,0,0,0,17-AUG-2016,
OPTSTK,ALBK,29-Sep-2016,92.5,PE,0,0,0,23,17.3,0,0,0,0,17-AUG-2016,
OPTSTK,ALBK,29-Sep-2016,95,PE,0,0,0,25.2,19.6,0,0,0,0,17-AUG-2016,
OPTSTK,ALBK,27-Oct-2016,52.5,CE,0,0,0,27.3,23.7,0,0,0,0,17-AUG-2016,
OPTSTK,ALBK,27-Oct-2016,55,CE,0,0,0,25.05,21.4,0,0,0,0,17-AUG-2016,
OPTSTK,ALBK,27-Oct-2016,57.5,CE,0,0,0,22.95,19.15,0,0,0,0,17-AUG-2016,
OPTSTK,ALBK,27-Oct-2016,60,CE,0,0,0,20.9,17,0,0,0,0,17-AUG-2016,
OPTSTK,ALBK,27-Oct-2016,62.5,CE,0,0,0,18.95,15,0,0,0,0,17-AUG-2016,
OPTSTK,ALBK,27-Oct-2016,65,CE,0,0,0,17.1,13.1,0,0,0,0,17-AUG-2016,
OPTSTK,ALBK,27-Oct-2016,67.5,CE,0,0,0,15.4,11.35,0,0,0,0,17-AUG-2016,
OPTSTK,ALBK,27-Oct-2016,70,CE,0,0,0,13.8,9.75,0,0,0,0,17-AUG-2016,
OPTSTK,ALBK,27-Oct-2016,72.5,CE,0,0,0,12.3,8.3,0,0,0,0,17-AUG-2016,
OPTSTK,ALBK,27-Oct-2016,75,CE,0,0,0,10.95,7.05,0,0,0,0,17-AUG-2016,
OPTSTK,ALBK,27-Oct-2016,77.5,CE,0,0,0,9.7,5.9,0,0,0,0,17-AUG-2016,
OPTSTK,ALBK,27-Oct-2016,80,CE,0,0,0,8.55,4.9,0,0,0,0,17-AUG-2016,
OPTSTK,ALBK,27-Oct-2016,82.5,CE,0,0,0,7.5,4.05,0,0,0,0,17-AUG-2016,
OPTSTK,ALBK,27-Oct-2016,85,CE,0,0,0,6.6,3.35,0,0,0,0,17-AUG-2016,
OPTSTK,ALBK,27-Oct-2016,87.5,CE,0,0,0,5.75,2.75,0,0,0,0,17-AUG-2016,
OPTSTK,ALBK,27-Oct-2016,90,CE,0,0,0,5.05,2.2,0,0,0,0,17-AUG-2016,
OPTSTK,ALBK,27-Oct-2016,92.5,CE,0,0,0,4.4,1.8,0,0,0,0,17-AUG-2016,
OPTSTK,ALBK,27-Oct-2016,95,CE,0,0,0,3.8,1.45,0,0,0,0,17-AUG-2016,
OPTSTK,ALBK,27-Oct-2016,52.5,PE,0,0,0,0.55,0.25,0,0,0,0,17-AUG-2016,
OPTSTK,ALBK,27-Oct-2016,55,PE,0,0,0,0.8,0.4,0,0,0,0,17-AUG-2016,
OPTSTK,ALBK,27-Oct-2016,57.5,PE,0,0,0,1.1,0.65,0,0,0,0,17-AUG-2016,
OPTSTK,ALBK,27-Oct-2016,60,PE,0,0,0,1.5,0.95,0,0,0,0,17-AUG-2016,
OPTSTK,ALBK,27-Oct-2016,62.5,PE,0,0,0,2.05,1.4,0,0,0,0,17-AUG-2016,
OPTSTK,ALBK,27-Oct-2016,65,PE,0,0,0,2.65,2,0,0,0,0,17-AUG-2016,
OPTSTK,ALBK,27-Oct-2016,67.5,PE,0,0,0,3.4,2.7,0,0,0,0,17-AUG-2016,
OPTSTK,ALBK,27-Oct-2016,70,PE,0,0,0,4.25,3.55,0,0,0,0,17-AUG-2016,
OPTSTK,ALBK,27-Oct-2016,72.5,PE,0,0,0,5.2,4.6,0,0,0,0,17-AUG-2016,
OPTSTK,ALBK,27-Oct-2016,75,PE,0,0,0,6.3,5.8,0,0,0,0,17-AUG-2016,
OPTSTK,ALBK,27-Oct-2016,77.5,PE,0,0,0,7.5,7.1,0,0,0,0,17-AUG-2016,
OPTSTK,ALBK,27-Oct-2016,80,PE,0,0,0,8.8,8.6,0,0,0,0,17-AUG-2016,
OPTSTK,ALBK,27-Oct-2016,82.5,PE,0,0,0,10.25,10.2,0,0,0,0,17-AUG-2016,
OPTSTK,ALBK,27-Oct-2016,85,PE,0,0,0,11.8,11.95,0,0,0,0,17-AUG-2016,
OPTSTK,ALBK,27-Oct-2016,87.5,PE,0,0,0,13.4,13.8,0,0,0,0,17-AUG-2016,
OPTSTK,ALBK,27-Oct-2016,90,PE,0,0,0,15.15,15.75,0,0,0,0,17-AUG-2016,
OPTSTK,ALBK,27-Oct-2016,92.5,PE,0,0,0,16.95,17.8,0,0,0,0,17-AUG-2016,
OPTSTK,ALBK,27-Oct-2016,95,PE,0,0,0,18.85,19.95,0,0,0,0,17-AUG-2016,
OPTSTK,AMARAJABAT,25-Aug-2016,600,CE,0,0,0,268.3,329.55,0,0,0,0,17-AUG-2016,
OPTSTK,AMARAJABAT,25-Aug-2016,620,CE,0,0,0,249.15,309.6,0,0,0,0,17-AUG-2016,
OPTSTK,AMARAJABAT,25-Aug-2016,640,CE,0,0,0,230.3,289.65,0,0,0,0,17-AUG-2016,
OPTSTK,AMARAJABAT,25-Aug-2016,660,CE,0,0,0,211.75,269.65,0,0,0,0,17-AUG-2016,
OPTSTK,AMARAJABAT,25-Aug-2016,680,CE,0,0,0,193.65,249.7,0,0,0,0,17-AUG-2016,
OPTSTK,AMARAJABAT,25-Aug-2016,700,CE,0,0,0,176.05,229.7,0,0,0,0,17-AUG-2016,
OPTSTK,AMARAJABAT,25-Aug-2016,720,CE,0,0,0,159.15,209.75,0,0,0,0,17-AUG-2016,
OPTSTK,AMARAJABAT,25-Aug-2016,740,CE,0,0,0,142.95,189.8,0,0,0,0,17-AUG-2016,
OPTSTK,AMARAJABAT,25-Aug-2016,760,CE,0,0,0,127.65,169.8,0,0,0,0,17-AUG-2016,
OPTSTK,AMARAJABAT,25-Aug-2016,780,CE,0,0,0,113.25,149.85,0,0,0,0,17-AUG-2016,
OPTSTK,AMARAJABAT,25-Aug-2016,800,CE,0,0,0,91.05,129.9,0,0,4800,0,17-AUG-2016,
OPTSTK,AMARAJABAT,25-Aug-2016,820,CE,100,100,100,100,100,14,77.28,8400,8400,17-AUG-2016,
OPTSTK,AMARAJABAT,25-Aug-2016,840,CE,0,0,0,76,90.35,0,0,0,0,17-AUG-2016,
OPTSTK,AMARAJABAT,25-Aug-2016,860,CE,0,0,0,46,71.3,0,0,1200,0,17-AUG-2016,
OPTSTK,AMARAJABAT,25-Aug-2016,880,CE,35.1,44.4,35,44.4,44.4,3,16.52,6600,-600,17-AUG-2016,
OPTSTK,AMARAJABAT,25-Aug-2016,900,CE,17,35,17,34.65,34.65,15,83.33,23400,0,17-AUG-2016,
OPTSTK,AMARAJABAT,25-Aug-2016,920,CE,9.5,20,8,19.3,19.3,11,61.78,14400,-2400,17-AUG-2016,
OPTSTK,AMARAJABAT,25-Aug-2016,940,CE,4.7,10.7,4.7,10.2,10.2,20,113.88,45600,-1200,17-AUG-2016,
OPTSTK,AMARAJABAT,25-Aug-2016,960,CE,5.9,5.9,2.85,4.95,4.95,8,46.28,30600,1200,17-AUG-2016,
OPTSTK,AMARAJABAT,25-Aug-2016,980,CE,0.65,2,0.65,2,2,5,29.44,9600,0,17-AUG-2016,
OPTSTK,AMARAJABAT,25-Aug-2016,1000,CE,0.95,1.05,0.95,1,1,4,24.02,47400,-600,17-AUG-2016,
OPTSTK,AMARAJABAT,25-Aug-2016,1020,CE,0,0,0,2.5,0.8,0,0,2400,0,17-AUG-2016,
OPTSTK,AMARAJABAT,25-Aug-2016,1040,CE,0,0,0,13.6,0.3,0,0,0,0,17-AUG-2016,
OPTSTK,AMARAJABAT,25-Aug-2016,1060,CE,0,0,0,11.1,0.1,0,0,0,0,17-AUG-2016,
OPTSTK,AMARAJABAT,25-Aug-2016,1080,CE,0,0,0,9.05,0.05,0,0,0,0,17-AUG-2016,
OPTSTK,AMARAJABAT,25-Aug-2016,1100,CE,0,0,0,7.35,0.05,0,0,0,0,17-AUG-2016,
OPTSTK,AMARAJABAT,25-Aug-2016,1120,CE,0,0,0,5.9,0,0,0,0,0,17-AUG-2016,
OPTSTK,AMARAJABAT,25-Aug-2016,1140,CE,0,0,0,4.75,0,0,0,0,0,17-AUG-2016,
OPTSTK,AMARAJABAT,25-Aug-2016,1160,CE,0,0,0,3.8,0,0,0,0,0,17-AUG-2016,
OPTSTK,AMARAJABAT,25-Aug-2016,1180,CE,0,0,0,3.05,0,0,0,0,0,17-AUG-2016,
OPTSTK,AMARAJABAT,25-Aug-2016,600,PE,0,0,0,0.75,0,0,0,0,0,17-AUG-2016,
OPTSTK,AMARAJABAT,25-Aug-2016,620,PE,0,0,0,1.25,0,0,0,0,0,17-AUG-2016,
OPTSTK,AMARAJABAT,25-Aug-2016,640,PE,0,0,0,2,0,0,0,0,0,17-AUG-2016,
OPTSTK,AMARAJABAT,25-Aug-2016,660,PE,0,0,0,3.1,0,0,0,0,0,17-AUG-2016,
OPTSTK,AMARAJABAT,25-Aug-2016,680,PE,0,0,0,4.65,0,0,0,0,0,17-AUG-2016,
OPTSTK,AMARAJABAT,25-Aug-2016,700,PE,0,0,0,6.75,0,0,0,0,0,17-AUG-2016,
OPTSTK,AMARAJABAT,25-Aug-2016,720,PE,0,0,0,9.45,0,0,0,0,0,17-AUG-2016,
OPTSTK,AMARAJABAT,25-Aug-2016,740,PE,0,0,0,12.9,0,0,0,0,0,17-AUG-2016,
OPTSTK,AMARAJABAT,25-Aug-2016,760,PE,0,0,0,17.2,0,0,0,0,0,17-AUG-2016,
OPTSTK,AMARAJABAT,25-Aug-2016,780,PE,0,0,0,22.45,0,0,0,0,0,17-AUG-2016,
OPTSTK,AMARAJABAT,25-Aug-2016,800,PE,0,0,0,3.85,0.05,0,0,1200,0,17-AUG-2016,
OPTSTK,AMARAJABAT,25-Aug-2016,820,PE,0.5,0.5,0.5,0.5,0.5,6,29.53,6600,0,17-AUG-2016,
OPTSTK,AMARAJABAT,25-Aug-2016,840,PE,0,0,0,2.5,0.45,0,0,7200,0,17-AUG-2016,
OPTSTK,AMARAJABAT,25-Aug-2016,860,PE,0,0,0,5.2,1.35,0,0,6600,0,17-AUG-2016,
OPTSTK,AMARAJABAT,25-Aug-2016,880,PE,2.5,2.5,1.1,1.95,1.95,13,68.8,13200,-5400,17-AUG-2016,
OPTSTK,AMARAJABAT,25-Aug-2016,900,PE,9,9,1.85,1.9,1.9,11,59.73,10200,-1200,17-AUG-2016,
OPTSTK,AMARAJABAT,25-Aug-2016,920,PE,8.05,8.05,7,7.55,7.55,2,11.13,3600,0,17-AUG-2016,
OPTSTK,AMARAJABAT,25-Aug-2016,940,PE,0,0,0,46.75,24.7,0,0,4800,0,17-AUG-2016,
OPTSTK,AMARAJABAT,25-Aug-2016,960,PE,0,0,0,65.55,38.05,0,0,1200,0,17-AUG-2016,
OPTSTK,AMARAJABAT,25-Aug-2016,980,PE,0,0,0,80.8,53.95,0,0,1200,0,17-AUG-2016,
OPTSTK,AMARAJABAT,25-Aug-2016,1000,PE,0,0,0,84.5,71.7,0,0,1200,0,17-AUG-2016,
OPTSTK,AMARAJABAT,25-Aug-2016,1020,PE,0,0,0,161.5,90.6,0,0,0,0,17-AUG-2016,
OPTSTK,AMARAJABAT,25-Aug-2016,1040,PE,0,0,0,178.2,110.1,0,0,0,0,17-AUG-2016,
OPTSTK,AMARAJABAT,25-Aug-2016,1060,PE,0,0,0,195.35,129.9,0,0,0,0,17-AUG-2016,
OPTSTK,AMARAJABAT,25-Aug-2016,1080,PE,0,0,0,212.95,149.8,0,0,0,0,17-AUG-2016,
OPTSTK,AMARAJABAT,25-Aug-2016,1100,PE,0,0,0,230.85,169.75,0,0,0,0,17-AUG-2016,
OPTSTK,AMARAJABAT,25-Aug-2016,1120,PE,0,0,0,249.1,189.7,0,0,0,0,17-AUG-2016,
OPTSTK,AMARAJABAT,25-Aug-2016,1140,PE,0,0,0,267.55,209.65,0,0,0,0,17-AUG-2016,
OPTSTK,AMARAJABAT,25-Aug-2016,1160,PE,0,0,0,286.25,229.65,0,0,0,0,17-AUG-2016,
OPTSTK,AMARAJABAT,25-Aug-2016,1180,PE,0,0,0,305.15,249.6,0,0,0,0,17-AUG-2016,
OPTSTK,AMARAJABAT,29-Sep-2016,600,CE,0,0,0,279.2,333.55,0,0,0,0,17-AUG-2016,
OPTSTK,AMARAJABAT,29-Sep-2016,620,CE,0,0,0,259.55,313.7,0,0,0,0,17-AUG-2016,
OPTSTK,AMARAJABAT,29-Sep-2016,640,CE,0,0,0,239.95,293.85,0,0,0,0,17-AUG-2016,
OPTSTK,AMARAJABAT,29-Sep-2016,660,CE,0,0,0,220.45,274.05,0,0,0,0,17-AUG-2016,
OPTSTK,AMARAJABAT,29-Sep-2016,680,CE,0,0,0,201,254.3,0,0,0,0,17-AUG-2016,
OPTSTK,AMARAJABAT,29-Sep-2016,700,CE,0,0,0,181.8,234.6,0,0,0,0,17-AUG-2016,
OPTSTK,AMARAJABAT,29-Sep-2016,720,CE,0,0,0,162.85,215,0,0,0,0,17-AUG-2016,
OPTSTK,AMARAJABAT,29-Sep-2016,740,CE,0,0,0,144.4,195.6,0,0,0,0,17-AUG-2016,
OPTSTK,AMARAJABAT,29-Sep-2016,760,CE,0,0,0,126.6,176.5,0,0,0,0,17-AUG-2016,
OPTSTK,AMARAJABAT,29-Sep-2016,780,CE,0,0,0,109.6,157.85,0,0,0,0,17-AUG-2016,
OPTSTK,AMARAJABAT,29-Sep-2016,800,CE,0,0,0,93.6,139.75,0,0,0,0,17-AUG-2016,
OPTSTK,AMARAJABAT,29-Sep-2016,820,CE,0,0,0,78.9,122.45,0,0,0,0,17-AUG-2016,
OPTSTK,AMARAJABAT,29-Sep-2016,840,CE,0,0,0,65.45,106.05,0,0,0,0,17-AUG-2016,
OPTSTK,AMARAJABAT,29-Sep-2016,860,CE,0,0,0,53.5,90.8,0,0,0,0,17-AUG-2016,
OPTSTK,AMARAJABAT,29-Sep-2016,880,CE,0,0,0,43.1,76.65,0,0,0,0,17-AUG-2016,
OPTSTK,AMARAJABAT,29-Sep-2016,900,CE,46,46,46,46,46,1,5.67,600,600,17-AUG-2016,
OPTSTK,AMARAJABAT,29-Sep-2016,920,CE,0,0,0,26.65,52.65,0,0,0,0,17-AUG-2016,
OPTSTK,AMARAJABAT,29-Sep-2016,940,CE,0,0,0,20.5,42.75,0,0,0,0,17-AUG-2016,
OPTSTK,AMARAJABAT,29-Sep-2016,960,CE,0,0,0,15.55,34.25,0,0,0,0,17-AUG-2016,
OPTSTK,AMARAJABAT,29-Sep-2016,980,CE,0,0,0,11.6,27.1,0,0,0,0,17-AUG-2016,
OPTSTK,AMARAJABAT,29-Sep-2016,1000,CE,0,0,0,8.55,21.15,0,0,0,0,17-AUG-2016,
OPTSTK,AMARAJABAT,29-Sep-2016,1020,CE,0,0,0,6.2,16.35,0,0,0,0,17-AUG-2016,
OPTSTK,AMARAJABAT,29-Sep-2016,1040,CE,0,0,0,4.4,12.4,0,0,0,0,17-AUG-2016,
OPTSTK,AMARAJABAT,29-Sep-2016,1060,CE,0,0,0,3.1,9.3,0,0,0,0,17-AUG-2016,
OPTSTK,AMARAJABAT,29-Sep-2016,1080,CE,0,0,0,2.2,6.9,0,0,0,0,17-AUG-2016,
OPTSTK,AMARAJABAT,29-Sep-2016,1100,CE,0,0,0,1.5,5.1,0,0,0,0,17-AUG-2016,
OPTSTK,AMARAJABAT,29-Sep-2016,1120,CE,0,0,0,1.05,3.7,0,0,0,0,17-AUG-2016,
OPTSTK,AMARAJABAT,29-Sep-2016,1140,CE,0,0,0,0.7,2.65,0,0,0,0,17-AUG-2016,
OPTSTK,AMARAJABAT,29-Sep-2016,1160,CE,0,0,0,0.45,1.9,0,0,0,0,17-AUG-2016,
OPTSTK,AMARAJABAT,29-Sep-2016,1180,CE,0,0,0,0.3,1.3,0,0,0,0,17-AUG-2016,
OPTSTK,AMARAJABAT,29-Sep-2016,600,PE,0,0,0,0.05,0,0,0,0,0,17-AUG-2016,
OPTSTK,AMARAJABAT,29-Sep-2016,620,PE,0,0,0,0.05,0.05,0,0,0,0,17-AUG-2016,
OPTSTK,AMARAJABAT,29-Sep-2016,640,PE,0,0,0,0.1,0.05,0,0,0,0,17-AUG-2016,
OPTSTK,AMARAJABAT,29-Sep-2016,660,PE,0,0,0,0.2,0.05,0,0,0,0,17-AUG-2016,
OPTSTK,AMARAJABAT,29-Sep-2016,680,PE,0,0,0,0.45,0.15,0,0,0,0,17-AUG-2016,
OPTSTK,AMARAJABAT,29-Sep-2016,700,PE,0,0,0,0.85,0.25,0,0,0,0,17-AUG-2016,
OPTSTK,AMARAJABAT,29-Sep-2016,720,PE,0,0,0,1.6,0.5,0,0,0,0,17-AUG-2016,
OPTSTK,AMARAJABAT,29-Sep-2016,740,PE,0,0,0,2.8,0.95,0,0,0,0,17-AUG-2016,
OPTSTK,AMARAJABAT,29-Sep-2016,760,PE,0,0,0,4.6,1.7,0,0,0,0,17-AUG-2016,
OPTSTK,AMARAJABAT,29-Sep-2016,780,PE,0,0,0,7.25,2.9,0,0,0,0,17-AUG-2016,
OPTSTK,AMARAJABAT,29-Sep-2016,800,PE,0,0,0,10.95,4.65,0,0,0,0,17-AUG-2016,
OPTSTK,AMARAJABAT,29-Sep-2016,820,PE,0,0,0,5.5,7.15,0,0,600,0,17-AUG-2016,
OPTSTK,AMARAJABAT,29-Sep-2016,840,PE,0,0,0,22.05,10.6,0,0,0,0,17-AUG-2016,
OPTSTK,AMARAJABAT,29-Sep-2016,860,PE,0,0,0,29.75,15.15,0,0,0,0,17-AUG-2016,
OPTSTK,AMARAJABAT,29-Sep-2016,880,PE,0,0,0,39,20.9,0,0,0,0,17-AUG-2016,
OPTSTK,AMARAJABAT,29-Sep-2016,900,PE,0,0,0,49.7,28,0,0,0,0,17-AUG-2016,
OPTSTK,AMARAJABAT,29-Sep-2016,920,PE,0,0,0,61.85,36.55,0,0,0,0,17-AUG-2016,
OPTSTK,AMARAJABAT,29-Sep-2016,940,PE,0,0,0,75.35,46.5,0,0,0,0,17-AUG-2016,
OPTSTK,AMARAJABAT,29-Sep-2016,960,PE,0,0,0,90.05,57.85,0,0,0,0,17-AUG-2016,
OPTSTK,AMARAJABAT,29-Sep-2016,980,PE,0,0,0,105.75,70.5,0,0,0,0,17-AUG-2016,
OPTSTK,AMARAJABAT,29-Sep-2016,1000,PE,0,0,0,122.3,84.4,0,0,0,0,17-AUG-2016,
OPTSTK,AMARAJABAT,29-Sep-2016,1020,PE,0,0,0,139.6,99.45,0,0,0,0,17-AUG-2016,
OPTSTK,AMARAJABAT,29-Sep-2016,1040,PE,0,0,0,157.5,115.35,0,0,0,0,17-AUG-2016,
OPTSTK,AMARAJABAT,29-Sep-2016,1060,PE,0,0,0,175.85,132.1,0,0,0,0,17-AUG-2016,
OPTSTK,AMARAJABAT,29-Sep-2016,1080,PE,0,0,0,194.55,149.55,0,0,0,0,17-AUG-2016,
OPTSTK,AMARAJABAT,29-Sep-2016,1100,PE,0,0,0,213.5,167.5,0,0,0,0,17-AUG-2016,
OPTSTK,AMARAJABAT,29-Sep-2016,1120,PE,0,0,0,232.7,185.95,0,0,0,0,17-AUG-2016,
OPTSTK,AMARAJABAT,29-Sep-2016,1140,PE,0,0,0,252,204.75,0,0,0,0,17-AUG-2016,
OPTSTK,AMARAJABAT,29-Sep-2016,1160,PE,0,0,0,271.4,223.85,0,0,0,0,17-AUG-2016,
OPTSTK,AMARAJABAT,29-Sep-2016,1180,PE,0,0,0,290.9,243.1,0,0,0,0,17-AUG-2016,
OPTSTK,AMARAJABAT,27-Oct-2016,600,CE,0,0,0,304.95,336.75,0,0,0,0,17-AUG-2016,
OPTSTK,AMARAJABAT,27-Oct-2016,620,CE,0,0,0,285.3,317.05,0,0,0,0,17-AUG-2016,
OPTSTK,AMARAJABAT,27-Oct-2016,640,CE,0,0,0,265.65,297.45,0,0,0,0,17-AUG-2016,
OPTSTK,AMARAJABAT,27-Oct-2016,660,CE,0,0,0,246.1,277.9,0,0,0,0,17-AUG-2016,
OPTSTK,AMARAJABAT,27-Oct-2016,680,CE,0,0,0,226.55,258.5,0,0,0,0,17-AUG-2016,
OPTSTK,AMARAJABAT,27-Oct-2016,700,CE,0,0,0,207.2,239.3,0,0,0,0,17-AUG-2016,
OPTSTK,AMARAJABAT,27-Oct-2016,720,CE,0,0,0,188,220.4,0,0,0,0,17-AUG-2016,
OPTSTK,AMARAJABAT,27-Oct-2016,740,CE,0,0,0,169.15,201.8,0,0,0,0,17-AUG-2016,
OPTSTK,AMARAJABAT,27-Oct-2016,760,CE,0,0,0,150.75,183.7,0,0,0,0,17-AUG-2016,
OPTSTK,AMARAJABAT,27-Oct-2016,780,CE,0,0,0,132.95,166.15,0,0,0,0,17-AUG-2016,
OPTSTK,AMARAJABAT,27-Oct-2016,800,CE,0,0,0,116,149.3,0,0,0,0,17-AUG-2016,
OPTSTK,AMARAJABAT,27-Oct-2016,820,CE,0,0,0,100,133.25,0,0,0,0,17-AUG-2016,
OPTSTK,AMARAJABAT,27-Oct-2016,840,CE,0,0,0,85.15,118.1,0,0,0,0,17-AUG-2016,
OPTSTK,AMARAJABAT,27-Oct-2016,860,CE,0,0,0,71.5,103.85,0,0,0,0,17-AUG-2016,
OPTSTK,AMARAJABAT,27-Oct-2016,880,CE,0,0,0,59.3,90.65,0,0,0,0,17-AUG-2016,
OPTSTK,AMARAJABAT,27-Oct-2016,900,CE,0,0,0,48.5,78.6,0,0,0,0,17-AUG-2016,
OPTSTK,AMARAJABAT,27-Oct-2016,920,CE,0,0,0,39.15,67.6,0,0,0,0,17-AUG-2016,
OPTSTK,AMARAJABAT,27-Oct-2016,940,CE,0,0,0,31.15,57.75,0,0,0,0,17-AUG-2016,
OPTSTK,AMARAJABAT,27-Oct-2016,960,CE,0,0,0,24.45,48.95,0,0,0,0,17-AUG-2016,
OPTSTK,AMARAJABAT,27-Oct-2016,980,CE,0,0,0,18.95,41.2,0,0,0,0,17-AUG-2016,
OPTSTK,AMARAJABAT,27-Oct-2016,1000,CE,0,0,0,14.5,34.45,0,0,0,0,17-AUG-2016,
OPTSTK,AMARAJABAT,27-Oct-2016,1020,CE,0,0,0,10.95,28.55,0,0,0,0,17-AUG-2016,
OPTSTK,AMARAJABAT,27-Oct-2016,1040,CE,0,0,0,8.15,23.6,0,0,0,0,17-AUG-2016,
OPTSTK,AMARAJABAT,27-Oct-2016,1060,CE,0,0,0,6,19.3,0,0,0,0,17-AUG-2016,
OPTSTK,AMARAJABAT,27-Oct-2016,1080,CE,0,0,0,4.35,15.7,0,0,0,0,17-AUG-2016,
OPTSTK,AMARAJABAT,27-Oct-2016,1100,CE,0,0,0,3.15,12.7,0,0,0,0,17-AUG-2016,
OPTSTK,AMARAJABAT,27-Oct-2016,1120,CE,0,0,0,2.25,10.2,0,0,0,0,17-AUG-2016,
OPTSTK,AMARAJABAT,27-Oct-2016,1140,CE,0,0,0,1.6,8.15,0,0,0,0,17-AUG-2016,
OPTSTK,AMARAJABAT,27-Oct-2016,1160,CE,0,0,0,1.1,6.5,0,0,0,0,17-AUG-2016,
OPTSTK,AMARAJABAT,27-Oct-2016,1180,CE,0,0,0,0.75,5.15,0,0,0,0,17-AUG-2016,
OPTSTK,AMARAJABAT,27-Oct-2016,600,PE,0,0,0,0.05,0.1,0,0,0,0,17-AUG-2016,
OPTSTK,AMARAJABAT,27-Oct-2016,620,PE,0,0,0,0.05,0.15,0,0,0,0,17-AUG-2016,
OPTSTK,AMARAJABAT,27-Oct-2016,640,PE,0,0,0,0.05,0.25,0,0,0,0,17-AUG-2016,
OPTSTK,AMARAJABAT,27-Oct-2016,660,PE,0,0,0,0.15,0.45,0,0,0,0,17-AUG-2016,
OPTSTK,AMARAJABAT,27-Oct-2016,680,PE,0,0,0,0.3,0.8,0,0,0,0,17-AUG-2016,
OPTSTK,AMARAJABAT,27-Oct-2016,700,PE,0,0,0,0.55,1.35,0,0,0,0,17-AUG-2016,
OPTSTK,AMARAJABAT,27-Oct-2016,720,PE,0,0,0,1.05,2.15,0,0,0,0,17-AUG-2016,
OPTSTK,AMARAJABAT,27-Oct-2016,740,PE,0,0,0,1.85,3.3,0,0,0,0,17-AUG-2016,
OPTSTK,AMARAJABAT,27-Oct-2016,760,PE,0,0,0,3.1,4.9,0,0,0,0,17-AUG-2016,
OPTSTK,AMARAJABAT,27-Oct-2016,780,PE,0,0,0,5,7.1,0,0,0,0,17-AUG-2016,
OPTSTK,AMARAJABAT,27-Oct-2016,800,PE,0,0,0,7.65,10,0,0,0,0,17-AUG-2016,
OPTSTK,AMARAJABAT,27-Oct-2016,820,PE,0,0,0,11.3,13.65,0,0,0,0,17-AUG-2016,
OPTSTK,AMARAJABAT,27-Oct-2016,840,PE,0,0,0,16.1,18.25,0,0,0,0,17-AUG-2016,
OPTSTK,AMARAJABAT,27-Oct-2016,860,PE,0,0,0,22.15,23.7,0,0,0,0,17-AUG-2016,
OPTSTK,AMARAJABAT,27-Oct-2016,880,PE,0,0,0,29.6,30.3,0,0,0,0,17-AUG-2016,
OPTSTK,AMARAJABAT,27-Oct-2016,900,PE,0,0,0,38.45,37.95,0,0,0,0,17-AUG-2016,
OPTSTK,AMARAJABAT,27-Oct-2016,920,PE,0,0,0,48.75,46.7,0,0,0,0,17-AUG-2016,
OPTSTK,AMARAJABAT,27-Oct-2016,940,PE,0,0,0,60.4,56.55,0,0,0,0,17-AUG-2016,
OPTSTK,AMARAJABAT,27-Oct-2016,960,PE,0,0,0,73.35,67.5,0,0,0,0,17-AUG-2016,
OPTSTK,AMARAJABAT,27-Oct-2016,980,PE,0,0,0,87.55,79.5,0,0,0,0,17-AUG-2016,
OPTSTK,AMARAJABAT,27-Oct-2016,1000,PE,0,0,0,102.7,92.45,0,0,0,0,17-AUG-2016,
OPTSTK,AMARAJABAT,27-Oct-2016,1020,PE,0,0,0,118.8,106.3,0,0,0,0,17-AUG-2016,
OPTSTK,AMARAJABAT,27-Oct-2016,1040,PE,0,0,0,135.7,121.1,0,0,0,0,17-AUG-2016,
OPTSTK,AMARAJABAT,27-Oct-2016,1060,PE,0,0,0,153.2,136.55,0,0,0,0,17-AUG-2016,
OPTSTK,AMARAJABAT,27-Oct-2016,1080,PE,0,0,0,171.2,152.65,0,0,0,0,17-AUG-2016,
OPTSTK,AMARAJABAT,27-Oct-2016,1100,PE,0,0,0,189.65,169.4,0,0,0,0,17-AUG-2016,
OPTSTK,AMARAJABAT,27-Oct-2016,1120,PE,0,0,0,208.4,186.65,0,0,0,0,17-AUG-2016,
OPTSTK,AMARAJABAT,27-Oct-2016,1140,PE,0,0,0,227.4,204.3,0,0,0,0,17-AUG-2016,
OPTSTK,AMARAJABAT,27-Oct-2016,1160,PE,0,0,0,246.6,222.4,0,0,0,0,17-AUG-2016,
OPTSTK,AMARAJABAT,27-Oct-2016,1180,PE,0,0,0,265.9,240.75,0,0,0,0,17-AUG-2016,
OPTSTK,AMBUJACEM,25-Aug-2016,145,CE,0,0,0,82.2,125,0,0,0,0,17-AUG-2016,
OPTSTK,AMBUJACEM,25-Aug-2016,150,CE,0,0,0,77.3,120,0,0,0,0,17-AUG-2016,
OPTSTK,AMBUJACEM,25-Aug-2016,155,CE,0,0,0,72.4,115,0,0,0,0,17-AUG-2016,
OPTSTK,AMBUJACEM,25-Aug-2016,160,CE,0,0,0,67.55,110,0,0,0,0,17-AUG-2016,
OPTSTK,AMBUJACEM,25-Aug-2016,165,CE,0,0,0,62.7,105,0,0,0,0,17-AUG-2016,
OPTSTK,AMBUJACEM,25-Aug-2016,170,CE,0,0,0,57.9,100,0,0,0,0,17-AUG-2016,
OPTSTK,AMBUJACEM,25-Aug-2016,175,CE,0,0,0,53.15,95.05,0,0,0,0,17-AUG-2016,
OPTSTK,AMBUJACEM,25-Aug-2016,180,CE,0,0,0,48.45,90.05,0,0,0,0,17-AUG-2016,
OPTSTK,AMBUJACEM,25-Aug-2016,185,CE,0,0,0,43.9,85.05,0,0,0,0,17-AUG-2016,
OPTSTK,AMBUJACEM,25-Aug-2016,190,CE,0,0,0,39.5,80.05,0,0,0,0,17-AUG-2016,
OPTSTK,AMBUJACEM,25-Aug-2016,195,CE,0,0,0,35.25,75.05,0,0,0,0,17-AUG-2016,
OPTSTK,AMBUJACEM,25-Aug-2016,200,CE,0,0,0,31.2,70.05,0,0,0,0,17-AUG-2016,
OPTSTK,AMBUJACEM,25-Aug-2016,205,CE,0,0,0,27.4,65.1,0,0,0,0,17-AUG-2016,
OPTSTK,AMBUJACEM,25-Aug-2016,210,CE,0,0,0,23.85,60.1,0,0,0,0,17-AUG-2016,
OPTSTK,AMBUJACEM,25-Aug-2016,215,CE,0,0,0,20.6,55.1,0,0,0,0,17-AUG-2016,
OPTSTK,AMBUJACEM,25-Aug-2016,220,CE,0,0,0,17.6,50.1,0,0,0,0,17-AUG-2016,
OPTSTK,AMBUJACEM,25-Aug-2016,225,CE,0,0,0,14.95,45.1,0,0,0,0,17-AUG-2016,
OPTSTK,AMBUJACEM,25-Aug-2016,230,CE,0,0,0,12.55,40.1,0,0,0,0,17-AUG-2016,
OPTSTK,AMBUJACEM,25-Aug-2016,235,CE,0,0,0,30,35.15,0,0,2500,0,17-AUG-2016,
OPTSTK,AMBUJACEM,25-Aug-2016,240,CE,0,0,0,31,30.15,0,0,2500,0,17-AUG-2016,
OPTSTK,AMBUJACEM,25-Aug-2016,245,CE,0,0,0,18.7,25.2,0,0,2500,0,17-AUG-2016,
OPTSTK,AMBUJACEM,25-Aug-2016,250,CE,16.7,16.7,16.1,16.1,16.1,12,79.91,55000,-15000,17-AUG-2016,
OPTSTK,AMBUJACEM,25-Aug-2016,255,CE,12,12,11.25,11.25,11.25,5,33.33,72500,-12500,17-AUG-2016,
OPTSTK,AMBUJACEM,25-Aug-2016,260,CE,8.25,10,8,10,10,4,26.89,57500,0,17-AUG-2016,
OPTSTK,AMBUJACEM,25-Aug-2016,265,CE,6.3,7.5,4.5,7.05,7.05,221,1494.65,100000,0,17-AUG-2016,
OPTSTK,AMBUJACEM,25-Aug-2016,270,CE,4,4.45,2.5,4.05,4.05,421,2876.09,262500,70000,17-AUG-2016,
OPTSTK,AMBUJACEM,25-Aug-2016,275,CE,2,2.5,1.4,2.25,2.25,45,311.42,420000,-7500,17-AUG-2016,
OPTSTK,AMBUJACEM,25-Aug-2016,280,CE,1.35,1.6,0.85,1.3,1.3,52,365.4,412500,2500,17-AUG-2016,
OPTSTK,AMBUJACEM,25-Aug-2016,285,CE,0.5,0.7,0.5,0.6,0.6,5,35.7,47500,-5000,17-AUG-2016,
OPTSTK,AMBUJACEM,25-Aug-2016,290,CE,0.4,0.4,0.3,0.35,0.35,10,72.58,177500,-2500,17-AUG-2016,
OPTSTK,AMBUJACEM,25-Aug-2016,295,CE,0,0,0,1.15,0.15,0,0,12500,0,17-AUG-2016,
OPTSTK,AMBUJACEM,25-Aug-2016,300,CE,0.1,0.1,0.1,0.1,0.1,3,22.5,102500,-7500,17-AUG-2016,
OPTSTK,AMBUJACEM,25-Aug-2016,305,CE,0,0,0,0.4,0.05,0,0,0,0,17-AUG-2016,
OPTSTK,AMBUJACEM,25-Aug-2016,310,CE,0,0,0,0.3,0.05,0,0,0,0,17-AUG-2016,
OPTSTK,AMBUJACEM,25-Aug-2016,315,CE,0,0,0,0.2,0,0,0,0,0,17-AUG-2016,
OPTSTK,AMBUJACEM,25-Aug-2016,320,CE,0,0,0,0.3,0,0,0,0,0,17-AUG-2016,
OPTSTK,AMBUJACEM,25-Aug-2016,325,CE,0,0,0,0.1,0,0,0,0,0,17-AUG-2016,
OPTSTK,AMBUJACEM,25-Aug-2016,145,PE,0,0,0,0.05,0,0,0,0,0,17-AUG-2016,
OPTSTK,AMBUJACEM,25-Aug-2016,150,PE,0,0,0,0.05,0,0,0,0,0,17-AUG-2016,
OPTSTK,AMBUJACEM,25-Aug-2016,155,PE,0,0,0,0.05,0,0,0,0,0,17-AUG-2016,
OPTSTK,AMBUJACEM,25-Aug-2016,160,PE,0,0,0,0.1,0,0,0,0,0,17-AUG-2016,
OPTSTK,AMBUJACEM,25-Aug-2016,165,PE,0,0,0,0.15,0,0,0,0,0,17-AUG-2016,
OPTSTK,AMBUJACEM,25-Aug-2016,170,PE,0,0,0,0.25,0,0,0,0,0,17-AUG-2016,
OPTSTK,AMBUJACEM,25-Aug-2016,175,PE,0,0,0,0.4,0,0,0,0,0,17-AUG-2016,
OPTSTK,AMBUJACEM,25-Aug-2016,180,PE,0,0,0,0.65,0,0,0,0,0,17-AUG-2016,
OPTSTK,AMBUJACEM,25-Aug-2016,185,PE,0,0,0,1,0,0,0,0,0,17-AUG-2016,
OPTSTK,AMBUJACEM,25-Aug-2016,190,PE,0,0,0,1.5,0,0,0,0,0,17-AUG-2016,
OPTSTK,AMBUJACEM,25-Aug-2016,195,PE,0,0,0,2.2,0,0,0,0,0,17-AUG-2016,
OPTSTK,AMBUJACEM,25-Aug-2016,200,PE,0,0,0,3.05,0,0,0,0,0,17-AUG-2016,
OPTSTK,AMBUJACEM,25-Aug-2016,205,PE,0,0,0,4.15,0,0,0,0,0,17-AUG-2016,
OPTSTK,AMBUJACEM,25-Aug-2016,210,PE,0,0,0,5.5,0,0,0,0,0,17-AUG-2016,
OPTSTK,AMBUJACEM,25-Aug-2016,215,PE,0,0,0,7.15,0,0,0,0,0,17-AUG-2016,
OPTSTK,AMBUJACEM,25-Aug-2016,220,PE,0,0,0,9.1,0,0,0,0,0,17-AUG-2016,
OPTSTK,AMBUJACEM,25-Aug-2016,225,PE,0,0,0,11.35,0,0,0,0,0,17-AUG-2016,
OPTSTK,AMBUJACEM,25-Aug-2016,230,PE,0,0,0,0.4,0,0,0,20000,0,17-AUG-2016,
OPTSTK,AMBUJACEM,25-Aug-2016,235,PE,0,0,0,16.7,0,0,0,0,0,17-AUG-2016,
OPTSTK,AMBUJACEM,25-Aug-2016,240,PE,0,0,0,0.8,0.05,0,0,25000,0,17-AUG-2016,
OPTSTK,AMBUJACEM,25-Aug-2016,245,PE,0,0,0,0.5,0.1,0,0,17500,0,17-AUG-2016,
OPTSTK,AMBUJACEM,25-Aug-2016,250,PE,0.45,0.8,0.35,0.35,0.35,13,81.42,182500,10000,17-AUG-2016,
OPTSTK,AMBUJACEM,25-Aug-2016,255,PE,1.1,1.1,0.3,0.45,0.45,9,57.51,165000,-2500,17-AUG-2016,
OPTSTK,AMBUJACEM,25-Aug-2016,260,PE,1.45,2.2,0.8,1.05,1.05,57,372.76,202500,-2500,17-AUG-2016,
OPTSTK,AMBUJACEM,25-Aug-2016,265,PE,3.2,3.95,1.75,2.15,2.15,33,220.95,97500,22500,17-AUG-2016,
OPTSTK,AMBUJACEM,25-Aug-2016,270,PE,5,7.2,3.5,4.05,4.05,26,178.8,80000,12500,17-AUG-2016,
OPTSTK,AMBUJACEM,25-Aug-2016,275,PE,7.6,7.6,6.4,7,7,2,14.1,27500,0,17-AUG-2016,
OPTSTK,AMBUJACEM,25-Aug-2016,280,PE,0,0,0,18,11.5,0,0,5000,0,17-AUG-2016,
OPTSTK,AMBUJACEM,25-Aug-2016,285,PE,0,0,0,56.4,15.65,0,0,0,0,17-AUG-2016,
OPTSTK,AMBUJACEM,25-Aug-2016,290,PE,0,0,0,19.7,20.2,0,0,2500,0,17-AUG-2016,
OPTSTK,AMBUJACEM,25-Aug-2016,295,PE,0,0,0,65.8,25,0,0,0,0,17-AUG-2016,
OPTSTK,AMBUJACEM,25-Aug-2016,300,PE,0,0,0,70.55,29.9,0,0,0,0,17-AUG-2016,
OPTSTK,AMBUJACEM,25-Aug-2016,305,PE,0,0,0,75.35,34.85,0,0,0,0,17-AUG-2016,
OPTSTK,AMBUJACEM,25-Aug-2016,310,PE,0,0,0,80.15,39.8,0,0,0,0,17-AUG-2016,
OPTSTK,AMBUJACEM,25-Aug-2016,315,PE,0,0,0,85,44.8,0,0,0,0,17-AUG-2016,
OPTSTK,AMBUJACEM,25-Aug-2016,320,PE,0,0,0,84.5,49.8,0,0,0,0,17-AUG-2016,
OPTSTK,AMBUJACEM,25-Aug-2016,325,PE,0,0,0,85.85,54.8,0,0,0,0,17-AUG-2016,
OPTSTK,AMBUJACEM,29-Sep-2016,155,CE,0,0,0,102.55,116,0,0,0,0,17-AUG-2016,
OPTSTK,AMBUJACEM,29-Sep-2016,160,CE,0,0,0,97.65,111.05,0,0,0,0,17-AUG-2016,
OPTSTK,AMBUJACEM,29-Sep-2016,165,CE,0,0,0,92.75,106.1,0,0,0,0,17-AUG-2016,
OPTSTK,AMBUJACEM,29-Sep-2016,170,CE,0,0,0,87.85,101.15,0,0,0,0,17-AUG-2016,
OPTSTK,AMBUJACEM,29-Sep-2016,175,CE,0,0,0,82.95,96.2,0,0,0,0,17-AUG-2016,
OPTSTK,AMBUJACEM,29-Sep-2016,180,CE,0,0,0,78.1,91.25,0,0,0,0,17-AUG-2016,
OPTSTK,AMBUJACEM,29-Sep-2016,185,CE,0,0,0,73.25,86.25,0,0,0,0,17-AUG-2016,
OPTSTK,AMBUJACEM,29-Sep-2016,190,CE,0,0,0,68.45,81.3,0,0,0,0,17-AUG-2016,
OPTSTK,AMBUJACEM,29-Sep-2016,195,CE,0,0,0,63.65,76.35,0,0,0,0,17-AUG-2016,
OPTSTK,AMBUJACEM,29-Sep-2016,200,CE,0,0,0,58.95,71.4,0,0,0,0,17-AUG-2016,
OPTSTK,AMBUJACEM,29-Sep-2016,205,CE,0,0,0,54.35,66.45,0,0,0,0,17-AUG-2016,
OPTSTK,AMBUJACEM,29-Sep-2016,210,CE,0,0,0,49.85,61.55,0,0,0,0,17-AUG-2016,
OPTSTK,AMBUJACEM,29-Sep-2016,215,CE,0,0,0,45.5,56.65,0,0,0,0,17-AUG-2016,
OPTSTK,AMBUJACEM,29-Sep-2016,220,CE,0,0,0,41.25,51.8,0,0,0,0,17-AUG-2016,
OPTSTK,AMBUJACEM,29-Sep-2016,225,CE,0,0,0,37.2,47.05,0,0,0,0,17-AUG-2016,
OPTSTK,AMBUJACEM,29-Sep-2016,230,CE,0,0,0,33.35,42.35,0,0,0,0,17-AUG-2016,
OPTSTK,AMBUJACEM,29-Sep-2016,235,CE,0,0,0,29.75,37.8,0,0,0,0,17-AUG-2016,
OPTSTK,AMBUJACEM,29-Sep-2016,240,CE,0,0,0,26.35,33.4,0,0,0,0,17-AUG-2016,
OPTSTK,AMBUJACEM,29-Sep-2016,245,CE,0,0,0,23.2,29.25,0,0,0,0,17-AUG-2016,
OPTSTK,AMBUJACEM,29-Sep-2016,250,CE,0,0,0,18.5,25.3,0,0,15000,0,17-AUG-2016,
OPTSTK,AMBUJACEM,29-Sep-2016,255,CE,0,0,0,17.6,21.65,0,0,0,0,17-AUG-2016,
OPTSTK,AMBUJACEM,29-Sep-2016,260,CE,0,0,0,13.5,18.3,0,0,37500,0,17-AUG-2016,
OPTSTK,AMBUJACEM,29-Sep-2016,265,CE,11.5,12.7,11.5,12.7,12.7,7,48.46,27500,17500,17-AUG-2016,
OPTSTK,AMBUJACEM,29-Sep-2016,270,CE,8.75,9.75,8.75,9.75,9.75,13,90.76,32500,32500,17-AUG-2016,
OPTSTK,AMBUJACEM,29-Sep-2016,275,CE,0,0,0,9.45,10.3,0,0,0,0,17-AUG-2016,
OPTSTK,AMBUJACEM,29-Sep-2016,280,CE,5.5,5.5,5.5,5.5,5.5,1,7.13,2500,0,17-AUG-2016,
OPTSTK,AMBUJACEM,29-Sep-2016,285,CE,0,0,0,6.7,6.6,0,0,0,0,17-AUG-2016,
OPTSTK,AMBUJACEM,29-Sep-2016,290,CE,0,0,0,3.25,5.15,0,0,5000,0,17-AUG-2016,
OPTSTK,AMBUJACEM,29-Sep-2016,295,CE,0,0,0,4.6,4,0,0,0,0,17-AUG-2016,
OPTSTK,AMBUJACEM,29-Sep-2016,300,CE,0,0,0,3.8,3.1,0,0,0,0,17-AUG-2016,
OPTSTK,AMBUJACEM,29-Sep-2016,305,CE,0,0,0,3.15,2.35,0,0,0,0,17-AUG-2016,
OPTSTK,AMBUJACEM,29-Sep-2016,310,CE,0,0,0,2.55,1.75,0,0,0,0,17-AUG-2016,
OPTSTK,AMBUJACEM,29-Sep-2016,315,CE,0,0,0,2.1,1.3,0,0,0,0,17-AUG-2016,
OPTSTK,AMBUJACEM,29-Sep-2016,320,CE,0,0,0,1.7,0.95,0,0,0,0,17-AUG-2016,
OPTSTK,AMBUJACEM,29-Sep-2016,325,CE,0,0,0,1.35,0.7,0,0,0,0,17-AUG-2016,
OPTSTK,AMBUJACEM,29-Sep-2016,155,PE,0,0,0,0.05,0,0,0,0,0,17-AUG-2016,
OPTSTK,AMBUJACEM,29-Sep-2016,160,PE,0,0,0,0.05,0,0,0,0,0,17-AUG-2016,
OPTSTK,AMBUJACEM,29-Sep-2016,165,PE,0,0,0,0.05,0,0,0,0,0,17-AUG-2016,
OPTSTK,AMBUJACEM,29-Sep-2016,170,PE,0,0,0,0.05,0,0,0,0,0,17-AUG-2016,
OPTSTK,AMBUJACEM,29-Sep-2016,175,PE,0,0,0,0.05,0,0,0,0,0,17-AUG-2016,
OPTSTK,AMBUJACEM,29-Sep-2016,180,PE,0,0,0,0.1,0,0,0,0,0,17-AUG-2016,
OPTSTK,AMBUJACEM,29-Sep-2016,185,PE,0,0,0,0.15,0,0,0,0,0,17-AUG-2016,
OPTSTK,AMBUJACEM,29-Sep-2016,190,PE,0,0,0,0.25,0,0,0,0,0,17-AUG-2016,
OPTSTK,AMBUJACEM,29-Sep-2016,195,PE,0,0,0,0.4,0.05,0,0,0,0,17-AUG-2016,
OPTSTK,AMBUJACEM,29-Sep-2016,200,PE,0,0,0,0.65,0.05,0,0,0,0,17-AUG-2016,
OPTSTK,AMBUJACEM,29-Sep-2016,205,PE,0,0,0,0.95,0.05,0,0,0,0,17-AUG-2016,
OPTSTK,AMBUJACEM,29-Sep-2016,210,PE,0,0,0,1.35,0.1,0,0,0,0,17-AUG-2016,
OPTSTK,AMBUJACEM,29-Sep-2016,215,PE,0,0,0,1.9,0.15,0,0,0,0,17-AUG-2016,
OPTSTK,AMBUJACEM,29-Sep-2016,220,PE,0,0,0,2.55,0.25,0,0,0,0,17-AUG-2016,
OPTSTK,AMBUJACEM,29-Sep-2016,225,PE,0,0,0,3.45,0.45,0,0,0,0,17-AUG-2016,
OPTSTK,AMBUJACEM,29-Sep-2016,230,PE,0,0,0,4.5,0.75,0,0,0,0,17-AUG-2016,
OPTSTK,AMBUJACEM,29-Sep-2016,235,PE,0,0,0,5.8,1.15,0,0,0,0,17-AUG-2016,
OPTSTK,AMBUJACEM,29-Sep-2016,240,PE,0,0,0,7.3,1.7,0,0,0,0,17-AUG-2016,
OPTSTK,AMBUJACEM,29-Sep-2016,245,PE,0,0,0,9.05,2.5,0,0,0,0,17-AUG-2016,
OPTSTK,AMBUJACEM,29-Sep-2016,250,PE,0,0,0,11.05,3.55,0,0,0,0,17-AUG-2016,
OPTSTK,AMBUJACEM,29-Sep-2016,255,PE,4.7,4.7,4.7,4.7,4.7,3,19.47,7500,7500,17-AUG-2016,
OPTSTK,AMBUJACEM,29-Sep-2016,260,PE,6.25,6.25,6.25,6.25,6.25,2,13.31,5000,5000,17-AUG-2016,
OPTSTK,AMBUJACEM,29-Sep-2016,265,PE,0,0,0,18.6,8.4,0,0,0,0,17-AUG-2016,
OPTSTK,AMBUJACEM,29-Sep-2016,270,PE,0,0,0,21.6,10.7,0,0,0,0,17-AUG-2016,
OPTSTK,AMBUJACEM,29-Sep-2016,275,PE,0,0,0,24.8,13.3,0,0,0,0,17-AUG-2016,
OPTSTK,AMBUJACEM,29-Sep-2016,280,PE,0,0,0,28.2,16.25,0,0,0,0,17-AUG-2016,
OPTSTK,AMBUJACEM,29-Sep-2016,285,PE,0,0,0,31.85,19.55,0,0,0,0,17-AUG-2016,
OPTSTK,AMBUJACEM,29-Sep-2016,290,PE,0,0,0,35.65,23.05,0,0,0,0,17-AUG-2016,
OPTSTK,AMBUJACEM,29-Sep-2016,295,PE,0,0,0,39.6,26.9,0,0,0,0,17-AUG-2016,
OPTSTK,AMBUJACEM,29-Sep-2016,300,PE,0,0,0,43.7,30.9,0,0,0,0,17-AUG-2016,
OPTSTK,AMBUJACEM,29-Sep-2016,305,PE,0,0,0,47.95,35.1,0,0,0,0,17-AUG-2016,
OPTSTK,AMBUJACEM,29-Sep-2016,310,PE,0,0,0,52.3,39.5,0,0,0,0,17-AUG-2016,
OPTSTK,AMBUJACEM,29-Sep-2016,315,PE,0,0,0,56.7,44,0,0,0,0,17-AUG-2016,
OPTSTK,AMBUJACEM,29-Sep-2016,320,PE,0,0,0,61.25,48.6,0,0,0,0,17-AUG-2016,
OPTSTK,AMBUJACEM,29-Sep-2016,325,PE,0,0,0,65.8,53.3,0,0,0,0,17-AUG-2016,
OPTSTK,AMBUJACEM,27-Oct-2016,170,CE,0,0,0,104.5,102.05,0,0,0,0,17-AUG-2016,
OPTSTK,AMBUJACEM,27-Oct-2016,175,CE,0,0,0,99.6,97.1,0,0,0,0,17-AUG-2016,
OPTSTK,AMBUJACEM,27-Oct-2016,180,CE,0,0,0,94.65,92.2,0,0,0,0,17-AUG-2016,
OPTSTK,AMBUJACEM,27-Oct-2016,185,CE,0,0,0,89.75,87.25,0,0,0,0,17-AUG-2016,
OPTSTK,AMBUJACEM,27-Oct-2016,190,CE,0,0,0,84.85,82.35,0,0,0,0,17-AUG-2016,
OPTSTK,AMBUJACEM,27-Oct-2016,195,CE,0,0,0,79.9,77.45,0,0,0,0,17-AUG-2016,
OPTSTK,AMBUJACEM,27-Oct-2016,200,CE,0,0,0,75,72.6,0,0,0,0,17-AUG-2016,
OPTSTK,AMBUJACEM,27-Oct-2016,205,CE,0,0,0,70.1,67.75,0,0,0,0,17-AUG-2016,
OPTSTK,AMBUJACEM,27-Oct-2016,210,CE,0,0,0,65.25,62.95,0,0,0,0,17-AUG-2016,
OPTSTK,AMBUJACEM,27-Oct-2016,215,CE,0,0,0,60.35,58.2,0,0,0,0,17-AUG-2016,
OPTSTK,AMBUJACEM,27-Oct-2016,220,CE,0,0,0,55.5,53.55,0,0,0,0,17-AUG-2016,
OPTSTK,AMBUJACEM,27-Oct-2016,225,CE,0,0,0,50.75,49.05,0,0,0,0,17-AUG-2016,
OPTSTK,AMBUJACEM,27-Oct-2016,230,CE,0,0,0,46.05,44.6,0,0,0,0,17-AUG-2016,
OPTSTK,AMBUJACEM,27-Oct-2016,235,CE,0,0,0,41.45,40.35,0,0,0,0,17-AUG-2016,
OPTSTK,AMBUJACEM,27-Oct-2016,240,CE,0,0,0,36.95,36.3,0,0,0,0,17-AUG-2016,
OPTSTK,AMBUJACEM,27-Oct-2016,245,CE,0,0,0,32.7,32.4,0,0,0,0,17-AUG-2016,
OPTSTK,AMBUJACEM,27-Oct-2016,250,CE,0,0,0,28.6,28.75,0,0,0,0,17-AUG-2016,
OPTSTK,AMBUJACEM,27-Oct-2016,255,CE,0,0,0,24.75,25.35,0,0,0,0,17-AUG-2016,
OPTSTK,AMBUJACEM,27-Oct-2016,260,CE,0,0,0,21.2,22.2,0,0,0,0,17-AUG-2016,
OPTSTK,AMBUJACEM,27-Oct-2016,265,CE,0,0,0,17.95,19.3,0,0,0,0,17-AUG-2016,
OPTSTK,AMBUJACEM,27-Oct-2016,270,CE,0,0,0,15.05,16.65,0,0,0,0,17-AUG-2016,
OPTSTK,AMBUJACEM,27-Oct-2016,275,CE,0,0,0,12.45,14.25,0,0,0,0,17-AUG-2016,
OPTSTK,AMBUJACEM,27-Oct-2016,280,CE,0,0,0,10.15,12.15,0,0,0,0,17-AUG-2016,
OPTSTK,AMBUJACEM,27-Oct-2016,285,CE,0,0,0,8.2,10.25,0,0,0,0,17-AUG-2016,
OPTSTK,AMBUJACEM,27-Oct-2016,290,CE,0,0,0,6.55,8.6,0,0,0,0,17-AUG-2016,
OPTSTK,AMBUJACEM,27-Oct-2016,295,CE,0,0,0,5.15,7.2,0,0,0,0,17-AUG-2016,
OPTSTK,AMBUJACEM,27-Oct-2016,300,CE,0,0,0,4,6,0,0,0,0,17-AUG-2016,
OPTSTK,AMBUJACEM,27-Oct-2016,305,CE,0,0,0,3.1,4.9,0,0,0,0,17-AUG-2016,
OPTSTK,AMBUJACEM,27-Oct-2016,310,CE,0,0,0,2.35,4.05,0,0,0,0,17-AUG-2016,
OPTSTK,AMBUJACEM,27-Oct-2016,315,CE,0,0,0,1.8,3.3,0,0,0,0,17-AUG-2016,
OPTSTK,AMBUJACEM,27-Oct-2016,320,CE,0,0,0,1.35,2.65,0,0,0,0,17-AUG-2016,
OPTSTK,AMBUJACEM,27-Oct-2016,325,CE,0,0,0,1,2.15,0,0,0,0,17-AUG-2016,
OPTSTK,AMBUJACEM,27-Oct-2016,170,PE,0,0,0,0.05,0,0,0,0,0,17-AUG-2016,
OPTSTK,AMBUJACEM,27-Oct-2016,175,PE,0,0,0,0.05,0.05,0,0,0,0,17-AUG-2016,
OPTSTK,AMBUJACEM,27-Oct-2016,180,PE,0,0,0,0.05,0.05,0,0,0,0,17-AUG-2016,
OPTSTK,AMBUJACEM,27-Oct-2016,185,PE,0,0,0,0.05,0.05,0,0,0,0,17-AUG-2016,
OPTSTK,AMBUJACEM,27-Oct-2016,190,PE,0,0,0,0.05,0.05,0,0,0,0,17-AUG-2016,
OPTSTK,AMBUJACEM,27-Oct-2016,195,PE,0,0,0,0.05,0.1,0,0,0,0,17-AUG-2016,
OPTSTK,AMBUJACEM,27-Oct-2016,200,PE,0,0,0,0.05,0.15,0,0,0,0,17-AUG-2016,
OPTSTK,AMBUJACEM,27-Oct-2016,205,PE,0,0,0,0.05,0.25,0,0,0,0,17-AUG-2016,
OPTSTK,AMBUJACEM,27-Oct-2016,210,PE,0,0,0,0.05,0.4,0,0,0,0,17-AUG-2016,
OPTSTK,AMBUJACEM,27-Oct-2016,215,PE,0,0,0,0.1,0.6,0,0,0,0,17-AUG-2016,
OPTSTK,AMBUJACEM,27-Oct-2016,220,PE,0,0,0,0.2,0.9,0,0,0,0,17-AUG-2016,
OPTSTK,AMBUJACEM,27-Oct-2016,225,PE,0,0,0,0.35,1.3,0,0,0,0,17-AUG-2016,
OPTSTK,AMBUJACEM,27-Oct-2016,230,PE,0,0,0,0.55,1.8,0,0,0,0,17-AUG-2016,
OPTSTK,AMBUJACEM,27-Oct-2016,235,PE,0,0,0,0.85,2.5,0,0,0,0,17-AUG-2016,
OPTSTK,AMBUJACEM,27-Oct-2016,240,PE,0,0,0,1.3,3.35,0,0,0,0,17-AUG-2016,
OPTSTK,AMBUJACEM,27-Oct-2016,245,PE,0,0,0,1.9,4.4,0,0,0,0,17-AUG-2016,
OPTSTK,AMBUJACEM,27-Oct-2016,250,PE,0,0,0,2.75,5.7,0,0,0,0,17-AUG-2016,
OPTSTK,AMBUJACEM,27-Oct-2016,255,PE,0,0,0,3.85,7.2,0,0,0,0,17-AUG-2016,
OPTSTK,AMBUJACEM,27-Oct-2016,260,PE,0,0,0,5.2,8.95,0,0,0,0,17-AUG-2016,
OPTSTK,AMBUJACEM,27-Oct-2016,265,PE,0,0,0,6.85,11,0,0,0,0,17-AUG-2016,
OPTSTK,AMBUJACEM,27-Oct-2016,270,PE,0,0,0,8.85,13.3,0,0,0,0,17-AUG-2016,
OPTSTK,AMBUJACEM,27-Oct-2016,275,PE,0,0,0,11.15,15.85,0,0,0,0,17-AUG-2016,
OPTSTK,AMBUJACEM,27-Oct-2016,280,PE,0,0,0,13.8,18.65,0,0,0,0,17-AUG-2016,
OPTSTK,AMBUJACEM,27-Oct-2016,285,PE,0,0,0,16.75,21.7,0,0,0,0,17-AUG-2016,
OPTSTK,AMBUJACEM,27-Oct-2016,290,PE,0,0,0,20,25,0,0,0,0,17-AUG-2016,
OPTSTK,AMBUJACEM,27-Oct-2016,295,PE,0,0,0,23.55,28.5,0,0,0,0,17-AUG-2016,
OPTSTK,AMBUJACEM,27-Oct-2016,300,PE,0,0,0,27.3,32.25,0,0,0,0,17-AUG-2016,
OPTSTK,AMBUJACEM,27-Oct-2016,305,PE,0,0,0,31.3,36.1,0,0,0,0,17-AUG-2016,
OPTSTK,AMBUJACEM,27-Oct-2016,310,PE,0,0,0,35.5,40.15,0,0,0,0,17-AUG-2016,
OPTSTK,AMBUJACEM,27-Oct-2016,315,PE,0,0,0,39.8,44.35,0,0,0,0,17-AUG-2016,
OPTSTK,AMBUJACEM,27-Oct-2016,320,PE,0,0,0,44.3,48.65,0,0,0,0,17-AUG-2016,
OPTSTK,AMBUJACEM,27-Oct-2016,325,PE,0,0,0,48.85,53.05,0,0,0,0,17-AUG-2016,
OPTSTK,ANDHRABANK,25-Aug-2016,30,CE,0,0,0,18.45,26.6,0,0,0,0,17-AUG-2016,
OPTSTK,ANDHRABANK,25-Aug-2016,32.5,CE,0,0,0,16.05,24.1,0,0,0,0,17-AUG-2016,
OPTSTK,ANDHRABANK,25-Aug-2016,35,CE,0,0,0,13.75,21.6,0,0,0,0,17-AUG-2016,
OPTSTK,ANDHRABANK,25-Aug-2016,37.5,CE,0,0,0,11.6,19.15,0,0,0,0,17-AUG-2016,
OPTSTK,ANDHRABANK,25-Aug-2016,40,CE,0,0,0,9.55,16.65,0,0,0,0,17-AUG-2016,
OPTSTK,ANDHRABANK,25-Aug-2016,42.5,CE,0,0,0,7.75,14.15,0,0,0,0,17-AUG-2016,
OPTSTK,ANDHRABANK,25-Aug-2016,45,CE,0,0,0,6.15,11.65,0,0,0,0,17-AUG-2016,
OPTSTK,ANDHRABANK,25-Aug-2016,47.5,CE,0,0,0,4.8,9.15,0,0,0,0,17-AUG-2016,
OPTSTK,ANDHRABANK,25-Aug-2016,50,CE,0,0,0,11.6,6.65,0,0,30000,0,17-AUG-2016,
OPTSTK,ANDHRABANK,25-Aug-2016,52.5,CE,0,0,0,3.5,4.3,0,0,20000,0,17-AUG-2016,
OPTSTK,ANDHRABANK,25-Aug-2016,55,CE,1.85,2.45,1.75,2.1,2.1,10,57.02,310000,20000,17-AUG-2016,
OPTSTK,ANDHRABANK,25-Aug-2016,57.5,CE,0.75,1.05,0.7,0.85,0.85,58,338.46,480000,70000,17-AUG-2016,
OPTSTK,ANDHRABANK,25-Aug-2016,60,CE,0.3,0.45,0.25,0.35,0.35,29,174.97,790000,-20000,17-AUG-2016,
OPTSTK,ANDHRABANK,25-Aug-2016,62.5,CE,0.1,0.15,0.1,0.1,0.1,12,75.16,440000,-60000,17-AUG-2016,
OPTSTK,ANDHRABANK,25-Aug-2016,65,CE,0.05,0.05,0.05,0.05,0.05,15,97.57,1650000,0,17-AUG-2016,
OPTSTK,ANDHRABANK,25-Aug-2016,67.5,CE,0.05,0.05,0.05,0.05,0.05,1,6.75,90000,-10000,17-AUG-2016,
OPTSTK,ANDHRABANK,25-Aug-2016,70,CE,0,0,0,0.05,0,0,0,680000,0,17-AUG-2016,
OPTSTK,ANDHRABANK,25-Aug-2016,72.5,CE,0.05,0.05,0.05,0.05,0.05,2,14.51,50000,0,17-AUG-2016,
OPTSTK,ANDHRABANK,25-Aug-2016,75,CE,0,0,0,0.05,0,0,0,20000,0,17-AUG-2016,
OPTSTK,ANDHRABANK,25-Aug-2016,30,PE,0,0,0,0.05,0,0,0,0,0,17-AUG-2016,
OPTSTK,ANDHRABANK,25-Aug-2016,32.5,PE,0,0,0,0.15,0,0,0,0,0,17-AUG-2016,
OPTSTK,ANDHRABANK,25-Aug-2016,35,PE,0,0,0,0.3,0,0,0,0,0,17-AUG-2016,
OPTSTK,ANDHRABANK,25-Aug-2016,37.5,PE,0,0,0,1.3,0,0,0,10000,0,17-AUG-2016,
OPTSTK,ANDHRABANK,25-Aug-2016,40,PE,0,0,0,1,0,0,0,0,0,17-AUG-2016,
OPTSTK,ANDHRABANK,25-Aug-2016,42.5,PE,0.05,0.05,0.05,0.05,0.05,1,4.25,20000,10000,17-AUG-2016,
OPTSTK,ANDHRABANK,25-Aug-2016,45,PE,0,0,0,2.5,0,0,0,0,0,17-AUG-2016,
OPTSTK,ANDHRABANK,25-Aug-2016,47.5,PE,0,0,0,0.05,0,0,0,60000,0,17-AUG-2016,
OPTSTK,ANDHRABANK,25-Aug-2016,50,PE,0.1,0.1,0.05,0.1,0.1,8,40.06,250000,-40000,17-AUG-2016,
OPTSTK,ANDHRABANK,25-Aug-2016,52.5,PE,0.2,0.2,0.15,0.2,0.2,7,36.88,100000,-10000,17-AUG-2016,
OPTSTK,ANDHRABANK,25-Aug-2016,55,PE,0.85,0.9,0.5,0.5,0.5,24,133.54,790000,-40000,17-AUG-2016,
OPTSTK,ANDHRABANK,25-Aug-2016,57.5,PE,1.75,2,1.5,1.6,1.6,11,65.06,160000,20000,17-AUG-2016,
OPTSTK,ANDHRABANK,25-Aug-2016,60,PE,4.15,4.15,3.35,3.5,3.5,6,38.31,280000,-20000,17-AUG-2016,
OPTSTK,ANDHRABANK,25-Aug-2016,62.5,PE,0,0,0,4.35,5.95,0,0,90000,0,17-AUG-2016,
OPTSTK,ANDHRABANK,25-Aug-2016,65,PE,0,0,0,6.5,8.4,0,0,150000,0,17-AUG-2016,
OPTSTK,ANDHRABANK,25-Aug-2016,67.5,PE,0,0,0,18.85,10.85,0,0,0,0,17-AUG-2016,
OPTSTK,ANDHRABANK,25-Aug-2016,70,PE,0,0,0,10,13.35,0,0,140000,0,17-AUG-2016,
OPTSTK,ANDHRABANK,25-Aug-2016,72.5,PE,0,0,0,23.55,15.85,0,0,0,0,17-AUG-2016,
OPTSTK,ANDHRABANK,25-Aug-2016,75,PE,0,0,0,14.9,18.35,0,0,50000,0,17-AUG-2016,
OPTSTK,ANDHRABANK,29-Sep-2016,32.5,CE,0,0,0,25.9,24.35,0,0,0,0,17-AUG-2016,
OPTSTK,ANDHRABANK,29-Sep-2016,35,CE,0,0,0,23.45,21.85,0,0,0,0,17-AUG-2016,
OPTSTK,ANDHRABANK,29-Sep-2016,37.5,CE,0,0,0,21.05,19.4,0,0,0,0,17-AUG-2016,
OPTSTK,ANDHRABANK,29-Sep-2016,40,CE,0,0,0,18.65,16.9,0,0,0,0,17-AUG-2016,
OPTSTK,ANDHRABANK,29-Sep-2016,42.5,CE,0,0,0,16.35,14.45,0,0,0,0,17-AUG-2016,
OPTSTK,ANDHRABANK,29-Sep-2016,45,CE,0,0,0,14.15,12.05,0,0,0,0,17-AUG-2016,
OPTSTK,ANDHRABANK,29-Sep-2016,47.5,CE,0,0,0,12.05,9.8,0,0,0,0,17-AUG-2016,
OPTSTK,ANDHRABANK,29-Sep-2016,50,CE,0,0,0,10.1,7.7,0,0,0,0,17-AUG-2016,
OPTSTK,ANDHRABANK,29-Sep-2016,52.5,CE,0,0,0,8.4,5.8,0,0,0,0,17-AUG-2016,
OPTSTK,ANDHRABANK,29-Sep-2016,55,CE,4.15,4.2,3.75,3.8,3.8,16,94.36,10000,10000,17-AUG-2016,
OPTSTK,ANDHRABANK,29-Sep-2016,57.5,CE,2.8,2.8,2.8,2.8,2.8,1,6.03,40000,10000,17-AUG-2016,
OPTSTK,ANDHRABANK,29-Sep-2016,60,CE,0,0,0,1.55,2,0,0,80000,0,17-AUG-2016,
OPTSTK,ANDHRABANK,29-Sep-2016,62.5,CE,0,0,0,3.45,1.3,0,0,0,0,17-AUG-2016,
OPTSTK,ANDHRABANK,29-Sep-2016,65,CE,0,0,0,2.65,0.85,0,0,0,0,17-AUG-2016,
OPTSTK,ANDHRABANK,29-Sep-2016,67.5,CE,0,0,0,2.05,0.5,0,0,0,0,17-AUG-2016,
OPTSTK,ANDHRABANK,29-Sep-2016,70,CE,0,0,0,1.55,0.3,0,0,0,0,17-AUG-2016,
OPTSTK,ANDHRABANK,29-Sep-2016,72.5,CE,0,0,0,1.15,0.2,0,0,0,0,17-AUG-2016,
OPTSTK,ANDHRABANK,29-Sep-2016,75,CE,0,0,0,0.9,0.1,0,0,0,0,17-AUG-2016,
OPTSTK,ANDHRABANK,29-Sep-2016,32.5,PE,0,0,0,0.05,0,0,0,0,0,17-AUG-2016,
OPTSTK,ANDHRABANK,29-Sep-2016,35,PE,0,0,0,0.05,0,0,0,0,0,17-AUG-2016,
OPTSTK,ANDHRABANK,29-Sep-2016,37.5,PE,0,0,0,0.1,0,0,0,0,0,17-AUG-2016,
OPTSTK,ANDHRABANK,29-Sep-2016,40,PE,0.1,0.1,0.1,0.1,0.1,1,4.01,0,-10000,17-AUG-2016,
OPTSTK,ANDHRABANK,29-Sep-2016,42.5,PE,0,0,0,0.3,0.05,0,0,0,0,17-AUG-2016,
OPTSTK,ANDHRABANK,29-Sep-2016,45,PE,0,0,0,0.55,0.15,0,0,0,0,17-AUG-2016,
OPTSTK,ANDHRABANK,29-Sep-2016,47.5,PE,0,0,0,0.9,0.35,0,0,0,0,17-AUG-2016,
OPTSTK,ANDHRABANK,29-Sep-2016,50,PE,0,0,0,1.45,0.75,0,0,0,0,17-AUG-2016,
OPTSTK,ANDHRABANK,29-Sep-2016,52.5,PE,0,0,0,2.15,1.35,0,0,0,0,17-AUG-2016,
OPTSTK,ANDHRABANK,29-Sep-2016,55,PE,2,2,2,2,2,1,5.7,10000,10000,17-AUG-2016,
OPTSTK,ANDHRABANK,29-Sep-2016,57.5,PE,0,0,0,4.2,3.45,0,0,0,0,17-AUG-2016,
OPTSTK,ANDHRABANK,29-Sep-2016,60,PE,0,0,0,5.5,4.95,0,0,0,0,17-AUG-2016,
OPTSTK,ANDHRABANK,29-Sep-2016,62.5,PE,0,0,0,7.05,6.75,0,0,0,0,17-AUG-2016,
OPTSTK,ANDHRABANK,29-Sep-2016,65,PE,0,0,0,8.7,8.75,0,0,0,0,17-AUG-2016,
OPTSTK,ANDHRABANK,29-Sep-2016,67.5,PE,0,0,0,10.55,10.9,0,0,0,0,17-AUG-2016,
OPTSTK,ANDHRABANK,29-Sep-2016,70,PE,0,0,0,12.5,13.2,0,0,0,0,17-AUG-2016,
OPTSTK,ANDHRABANK,29-Sep-2016,72.5,PE,0,0,0,14.6,15.55,0,0,0,0,17-AUG-2016,
OPTSTK,ANDHRABANK,29-Sep-2016,75,PE,0,0,0,16.75,17.95,0,0,0,0,17-AUG-2016,
OPTSTK,ANDHRABANK,27-Oct-2016,35,CE,0,0,0,25.15,22.05,0,0,0,0,17-AUG-2016,
OPTSTK,ANDHRABANK,27-Oct-2016,37.5,CE,0,0,0,22.7,19.6,0,0,0,0,17-AUG-2016,
OPTSTK,ANDHRABANK,27-Oct-2016,40,CE,0,0,0,20.3,17.2,0,0,0,0,17-AUG-2016,
OPTSTK,ANDHRABANK,27-Oct-2016,42.5,CE,0,0,0,17.95,14.8,0,0,0,0,17-AUG-2016,
OPTSTK,ANDHRABANK,27-Oct-2016,45,CE,0,0,0,15.65,12.55,0,0,0,0,17-AUG-2016,
OPTSTK,ANDHRABANK,27-Oct-2016,47.5,CE,0,0,0,13.5,10.4,0,0,0,0,17-AUG-2016,
OPTSTK,ANDHRABANK,27-Oct-2016,50,CE,0,0,0,11.5,8.5,0,0,0,0,17-AUG-2016,
OPTSTK,ANDHRABANK,27-Oct-2016,52.5,CE,0,0,0,9.65,6.75,0,0,0,0,17-AUG-2016,
OPTSTK,ANDHRABANK,27-Oct-2016,55,CE,0,0,0,7.95,5.25,0,0,0,0,17-AUG-2016,
OPTSTK,ANDHRABANK,27-Oct-2016,57.5,CE,0,0,0,6.5,4,0,0,0,0,17-AUG-2016,
OPTSTK,ANDHRABANK,27-Oct-2016,60,CE,0,0,0,5.25,3,0,0,0,0,17-AUG-2016,
OPTSTK,ANDHRABANK,27-Oct-2016,62.5,CE,0,0,0,4.15,2.2,0,0,0,0,17-AUG-2016,
OPTSTK,ANDHRABANK,27-Oct-2016,65,CE,0,0,0,3.25,1.6,0,0,0,0,17-AUG-2016,
OPTSTK,ANDHRABANK,27-Oct-2016,67.5,CE,0,0,0,2.55,1.15,0,0,0,0,17-AUG-2016,
OPTSTK,ANDHRABANK,27-Oct-2016,70,CE,0,0,0,1.95,0.8,0,0,0,0,17-AUG-2016,
OPTSTK,ANDHRABANK,27-Oct-2016,72.5,CE,0,0,0,1.5,0.55,0,0,0,0,17-AUG-2016,
OPTSTK,ANDHRABANK,27-Oct-2016,75,CE,0,0,0,1.1,0.35,0,0,0,0,17-AUG-2016,
OPTSTK,ANDHRABANK,27-Oct-2016,35,PE,0,0,0,0.05,0.05,0,0,0,0,17-AUG-2016,
OPTSTK,ANDHRABANK,27-Oct-2016,37.5,PE,0,0,0,0.05,0.05,0,0,0,0,17-AUG-2016,
OPTSTK,ANDHRABANK,27-Oct-2016,40,PE,0,0,0,0.1,0.1,0,0,0,0,17-AUG-2016,
OPTSTK,ANDHRABANK,27-Oct-2016,42.5,PE,0,0,0,0.2,0.2,0,0,0,0,17-AUG-2016,
OPTSTK,ANDHRABANK,27-Oct-2016,45,PE,0,0,0,0.4,0.4,0,0,0,0,17-AUG-2016,
OPTSTK,ANDHRABANK,27-Oct-2016,47.5,PE,0,0,0,0.7,0.75,0,0,0,0,17-AUG-2016,
OPTSTK,ANDHRABANK,27-Oct-2016,50,PE,0,0,0,1.15,1.25,0,0,0,0,17-AUG-2016,
OPTSTK,ANDHRABANK,27-Oct-2016,52.5,PE,0,0,0,1.75,2,0,0,0,0,17-AUG-2016,
OPTSTK,ANDHRABANK,27-Oct-2016,55,PE,0,0,0,2.5,2.95,0,0,0,0,17-AUG-2016,
OPTSTK,ANDHRABANK,27-Oct-2016,57.5,PE,0,0,0,3.5,4.2,0,0,0,0,17-AUG-2016,
OPTSTK,ANDHRABANK,27-Oct-2016,60,PE,0,0,0,4.7,5.65,0,0,0,0,17-AUG-2016,
OPTSTK,ANDHRABANK,27-Oct-2016,62.5,PE,0,0,0,6.1,7.3,0,0,0,0,17-AUG-2016,
OPTSTK,ANDHRABANK,27-Oct-2016,65,PE,0,0,0,7.65,9.15,0,0,0,0,17-AUG-2016,
OPTSTK,ANDHRABANK,27-Oct-2016,67.5,PE,0,0,0,9.35,11.2,0,0,0,0,17-AUG-2016,
OPTSTK,ANDHRABANK,27-Oct-2016,70,PE,0,0,0,11.25,13.3,0,0,0,0,17-AUG-2016,
OPTSTK,ANDHRABANK,27-Oct-2016,72.5,PE,0,0,0,13.25,15.55,0,0,0,0,17-AUG-2016,
OPTSTK,ANDHRABANK,27-Oct-2016,75,PE,0,0,0,15.35,17.8,0,0,0,0,17-AUG-2016,
OPTSTK,APOLLOHOSP,25-Aug-2016,1000,CE,0,0,0,364.15,414.05,0,0,0,0,17-AUG-2016,
OPTSTK,APOLLOHOSP,25-Aug-2016,1020,CE,0,0,0,306.75,394.1,0,0,0,0,17-AUG-2016,
OPTSTK,APOLLOHOSP,25-Aug-2016,1040,CE,0,0,0,287.05,374.15,0,0,0,0,17-AUG-2016,
OPTSTK,APOLLOHOSP,25-Aug-2016,1050,CE,0,0,0,315.8,364.15,0,0,0,0,17-AUG-2016,
OPTSTK,APOLLOHOSP,25-Aug-2016,1060,CE,0,0,0,267.4,354.15,0,0,0,0,17-AUG-2016,
OPTSTK,APOLLOHOSP,25-Aug-2016,1080,CE,0,0,0,247.9,334.2,0,0,0,0,17-AUG-2016,
OPTSTK,APOLLOHOSP,25-Aug-2016,1100,CE,0,0,0,268.55,314.2,0,0,0,0,17-AUG-2016,
OPTSTK,APOLLOHOSP,25-Aug-2016,1120,CE,0,0,0,209.4,294.25,0,0,0,0,17-AUG-2016,
OPTSTK,APOLLOHOSP,25-Aug-2016,1140,CE,0,0,0,190.6,274.3,0,0,0,0,17-AUG-2016,
OPTSTK,APOLLOHOSP,25-Aug-2016,1150,CE,0,0,0,223.1,264.3,0,0,0,0,17-AUG-2016,
OPTSTK,APOLLOHOSP,25-Aug-2016,1160,CE,0,0,0,172.25,254.3,0,0,0,0,17-AUG-2016,
OPTSTK,APOLLOHOSP,25-Aug-2016,1180,CE,0,0,0,154.45,234.35,0,0,0,0,17-AUG-2016,
OPTSTK,APOLLOHOSP,25-Aug-2016,1200,CE,0,0,0,180.55,214.35,0,0,0,0,17-AUG-2016,
OPTSTK,APOLLOHOSP,25-Aug-2016,1220,CE,0,0,0,120.95,194.4,0,0,0,0,17-AUG-2016,
OPTSTK,APOLLOHOSP,25-Aug-2016,1240,CE,0,0,0,105.55,174.45,0,0,0,0,17-AUG-2016,
OPTSTK,APOLLOHOSP,25-Aug-2016,1250,CE,0,0,0,153.5,164.45,0,0,800,0,17-AUG-2016,
OPTSTK,APOLLOHOSP,25-Aug-2016,1260,CE,0,0,0,91.15,154.45,0,0,0,0,17-AUG-2016,
OPTSTK,APOLLOHOSP,25-Aug-2016,1280,CE,0,0,0,77.95,134.5,0,0,0,0,17-AUG-2016,
OPTSTK,APOLLOHOSP,25-Aug-2016,1300,CE,0,0,0,108.2,114.65,0,0,0,0,17-AUG-2016,
OPTSTK,APOLLOHOSP,25-Aug-2016,1320,CE,0,0,0,55.2,94.95,0,0,0,0,17-AUG-2016,
OPTSTK,APOLLOHOSP,25-Aug-2016,1340,CE,0,0,0,50,75.8,0,0,400,0,17-AUG-2016,
OPTSTK,APOLLOHOSP,25-Aug-2016,1350,CE,0,0,0,37,66.6,0,0,1200,0,17-AUG-2016,
OPTSTK,APOLLOHOSP,25-Aug-2016,1360,CE,0,0,0,35,57.75,0,0,1600,0,17-AUG-2016,
OPTSTK,APOLLOHOSP,25-Aug-2016,1380,CE,0,0,0,30.25,41.45,0,0,0,0,17-AUG-2016,
OPTSTK,APOLLOHOSP,25-Aug-2016,1400,CE,39,39,39,39,39,1,5.75,8800,400,17-AUG-2016,
OPTSTK,APOLLOHOSP,25-Aug-2016,1420,CE,0,0,0,28,17.15,0,0,1600,0,17-AUG-2016,
OPTSTK,APOLLOHOSP,25-Aug-2016,1440,CE,10.35,10.35,10.35,10.35,10.35,1,5.8,800,0,17-AUG-2016,
OPTSTK,APOLLOHOSP,25-Aug-2016,1450,CE,0,0,0,15,7.05,0,0,5200,0,17-AUG-2016,
OPTSTK,APOLLOHOSP,25-Aug-2016,1460,CE,0,0,0,16,5,0,0,2400,0,17-AUG-2016,
OPTSTK,APOLLOHOSP,25-Aug-2016,1480,CE,0,0,0,7,2.35,0,0,800,0,17-AUG-2016,
OPTSTK,APOLLOHOSP,25-Aug-2016,1500,CE,1.85,1.85,1.85,1.85,1.85,1,6,4800,0,17-AUG-2016,
OPTSTK,APOLLOHOSP,25-Aug-2016,1520,CE,0,0,0,5.05,0.4,0,0,0,0,17-AUG-2016,
OPTSTK,APOLLOHOSP,25-Aug-2016,1540,CE,0,0,0,3.75,0.15,0,0,0,0,17-AUG-2016,
OPTSTK,APOLLOHOSP,25-Aug-2016,1550,CE,0,0,0,17.3,0.1,0,0,0,0,17-AUG-2016,
OPTSTK,APOLLOHOSP,25-Aug-2016,1560,CE,0,0,0,2.75,0.05,0,0,0,0,17-AUG-2016,
OPTSTK,APOLLOHOSP,25-Aug-2016,1580,CE,0,0,0,2,0.05,0,0,0,0,17-AUG-2016,
OPTSTK,APOLLOHOSP,25-Aug-2016,1600,CE,0,0,0,10.95,0,0,0,0,0,17-AUG-2016,
OPTSTK,APOLLOHOSP,25-Aug-2016,1620,CE,0,0,0,1.05,0,0,0,0,0,17-AUG-2016,
OPTSTK,APOLLOHOSP,25-Aug-2016,1640,CE,0,0,0,0.75,0,0,0,0,0,17-AUG-2016,
OPTSTK,APOLLOHOSP,25-Aug-2016,1650,CE,0,0,0,6.7,0,0,0,0,0,17-AUG-2016,
OPTSTK,APOLLOHOSP,25-Aug-2016,1660,CE,0,0,0,0.5,0,0,0,0,0,17-AUG-2016,
OPTSTK,APOLLOHOSP,25-Aug-2016,1680,CE,0,0,0,0.35,0,0,0,0,0,17-AUG-2016,
OPTSTK,APOLLOHOSP,25-Aug-2016,1700,CE,0,0,0,4.05,0,0,0,0,0,17-AUG-2016,
OPTSTK,APOLLOHOSP,25-Aug-2016,1720,CE,0,0,0,0.2,0,0,0,0,0,17-AUG-2016,
OPTSTK,APOLLOHOSP,25-Aug-2016,1740,CE,0,0,0,0.15,0,0,0,0,0,17-AUG-2016,
OPTSTK,APOLLOHOSP,25-Aug-2016,1750,CE,0,0,0,2.35,0,0,0,0,0,17-AUG-2016,
OPTSTK,APOLLOHOSP,25-Aug-2016,1760,CE,0,0,0,0.05,0,0,0,0,0,17-AUG-2016,
OPTSTK,APOLLOHOSP,25-Aug-2016,1800,CE,0,0,0,1.35,0,0,0,0,0,17-AUG-2016,
OPTSTK,APOLLOHOSP,25-Aug-2016,1000,PE,0,0,0,0.4,0,0,0,0,0,17-AUG-2016,
OPTSTK,APOLLOHOSP,25-Aug-2016,1020,PE,0,0,0,0.1,0,0,0,0,0,17-AUG-2016,
OPTSTK,APOLLOHOSP,25-Aug-2016,1040,PE,0,0,0,0.2,0,0,0,0,0,17-AUG-2016,
OPTSTK,APOLLOHOSP,25-Aug-2016,1050,PE,0,0,0,1.2,0,0,0,0,0,17-AUG-2016,
OPTSTK,APOLLOHOSP,25-Aug-2016,1060,PE,0,0,0,0.35,0,0,0,0,0,17-AUG-2016,
OPTSTK,APOLLOHOSP,25-Aug-2016,1080,PE,0,0,0,0.6,0,0,0,0,0,17-AUG-2016,
OPTSTK,APOLLOHOSP,25-Aug-2016,1100,PE,0,0,0,3,0,0,0,0,0,17-AUG-2016,
OPTSTK,APOLLOHOSP,25-Aug-2016,1120,PE,0,0,0,1.7,0,0,0,0,0,17-AUG-2016,
OPTSTK,APOLLOHOSP,25-Aug-2016,1140,PE,0,0,0,2.7,0,0,0,0,0,17-AUG-2016,
OPTSTK,APOLLOHOSP,25-Aug-2016,1150,PE,0,0,0,6.7,0,0,0,0,0,17-AUG-2016,
OPTSTK,APOLLOHOSP,25-Aug-2016,1160,PE,0,0,0,4.1,0,0,0,0,0,17-AUG-2016,
OPTSTK,APOLLOHOSP,25-Aug-2016,1180,PE,0,0,0,6.05,0,0,0,0,0,17-AUG-2016,
OPTSTK,APOLLOHOSP,25-Aug-2016,1200,PE,0,0,0,13.25,0,0,0,0,0,17-AUG-2016,
OPTSTK,APOLLOHOSP,25-Aug-2016,1220,PE,0,0,0,12.15,0,0,0,0,0,17-AUG-2016,
OPTSTK,APOLLOHOSP,25-Aug-2016,1240,PE,0,0,0,16.5,0,0,0,0,0,17-AUG-2016,
OPTSTK,APOLLOHOSP,25-Aug-2016,1250,PE,0,0,0,23.8,0,0,0,0,0,17-AUG-2016,
OPTSTK,APOLLOHOSP,25-Aug-2016,1260,PE,0,0,0,21.9,0.05,0,0,0,0,17-AUG-2016,
OPTSTK,APOLLOHOSP,25-Aug-2016,1280,PE,0,0,0,28.5,0.05,0,0,0,0,17-AUG-2016,
OPTSTK,APOLLOHOSP,25-Aug-2016,1300,PE,0,0,0,3.45,0.15,0,0,2800,0,17-AUG-2016,
OPTSTK,APOLLOHOSP,25-Aug-2016,1320,PE,0,0,0,45.3,0.45,0,0,0,0,17-AUG-2016,
OPTSTK,APOLLOHOSP,25-Aug-2016,1340,PE,0,0,0,55.55,1.25,0,0,0,0,17-AUG-2016,
OPTSTK,APOLLOHOSP,25-Aug-2016,1350,PE,0,0,0,5.5,2,0,0,3600,0,17-AUG-2016,
OPTSTK,APOLLOHOSP,25-Aug-2016,1360,PE,0,0,0,12.1,3.15,0,0,800,0,17-AUG-2016,
OPTSTK,APOLLOHOSP,25-Aug-2016,1380,PE,0,0,0,19.05,6.85,0,0,800,0,17-AUG-2016,
OPTSTK,APOLLOHOSP,25-Aug-2016,1400,PE,0,0,0,13.15,13.1,0,0,4400,0,17-AUG-2016,
OPTSTK,APOLLOHOSP,25-Aug-2016,1420,PE,0,0,0,21.15,22.45,0,0,400,0,17-AUG-2016,
OPTSTK,APOLLOHOSP,25-Aug-2016,1440,PE,35,35,35,35,35,2,11.8,1200,800,17-AUG-2016,
OPTSTK,APOLLOHOSP,25-Aug-2016,1450,PE,0,0,0,60.4,42.35,0,0,0,0,17-AUG-2016,
OPTSTK,APOLLOHOSP,25-Aug-2016,1460,PE,0,0,0,72,50.25,0,0,400,0,17-AUG-2016,
OPTSTK,APOLLOHOSP,25-Aug-2016,1480,PE,0,0,0,157.25,67.55,0,0,0,0,17-AUG-2016,
OPTSTK,APOLLOHOSP,25-Aug-2016,1500,PE,0,0,0,153.95,86.2,0,0,0,0,17-AUG-2016,
OPTSTK,APOLLOHOSP,25-Aug-2016,1520,PE,0,0,0,192.95,105.55,0,0,0,0,17-AUG-2016,
OPTSTK,APOLLOHOSP,25-Aug-2016,1540,PE,0,0,0,211.45,125.3,0,0,0,0,17-AUG-2016,
OPTSTK,APOLLOHOSP,25-Aug-2016,1550,PE,0,0,0,193.75,135.2,0,0,0,0,17-AUG-2016,
OPTSTK,APOLLOHOSP,25-Aug-2016,1560,PE,0,0,0,230.25,145.15,0,0,0,0,17-AUG-2016,
OPTSTK,APOLLOHOSP,25-Aug-2016,1580,PE,0,0,0,249.25,165.1,0,0,0,0,17-AUG-2016,
OPTSTK,APOLLOHOSP,25-Aug-2016,1600,PE,0,0,0,236.5,185.1,0,0,0,0,17-AUG-2016,
OPTSTK,APOLLOHOSP,25-Aug-2016,1620,PE,0,0,0,287.85,205.05,0,0,0,0,17-AUG-2016,
OPTSTK,APOLLOHOSP,25-Aug-2016,1640,PE,0,0,0,307.35,225,0,0,0,0,17-AUG-2016,
OPTSTK,APOLLOHOSP,25-Aug-2016,1650,PE,0,0,0,281.4,235,0,0,0,0,17-AUG-2016,
OPTSTK,APOLLOHOSP,25-Aug-2016,1660,PE,0,0,0,326.9,245,0,0,0,0,17-AUG-2016,
OPTSTK,APOLLOHOSP,25-Aug-2016,1680,PE,0,0,0,346.55,264.95,0,0,0,0,17-AUG-2016,
OPTSTK,APOLLOHOSP,25-Aug-2016,1700,PE,0,0,0,327.8,284.95,0,0,0,0,17-AUG-2016,
OPTSTK,APOLLOHOSP,25-Aug-2016,1720,PE,0,0,0,385.9,304.9,0,0,0,0,17-AUG-2016,
OPTSTK,APOLLOHOSP,25-Aug-2016,1740,PE,0,0,0,379.2,324.85,0,0,0,0,17-AUG-2016,
OPTSTK,APOLLOHOSP,25-Aug-2016,1750,PE,0,0,0,375.25,334.85,0,0,0,0,17-AUG-2016,
OPTSTK,APOLLOHOSP,25-Aug-2016,1760,PE,0,0,0,386.25,344.85,0,0,0,0,17-AUG-2016,
OPTSTK,APOLLOHOSP,25-Aug-2016,1800,PE,0,0,0,423.35,384.8,0,0,0,0,17-AUG-2016,
OPTSTK,APOLLOHOSP,29-Sep-2016,1000,CE,0,0,0,333.6,420.65,0,0,0,0,17-AUG-2016,
OPTSTK,APOLLOHOSP,29-Sep-2016,1020,CE,0,0,0,314.15,400.85,0,0,0,0,17-AUG-2016,
OPTSTK,APOLLOHOSP,29-Sep-2016,1040,CE,0,0,0,294.9,381,0,0,0,0,17-AUG-2016,
OPTSTK,APOLLOHOSP,29-Sep-2016,1060,CE,0,0,0,275.8,361.15,0,0,0,0,17-AUG-2016,
OPTSTK,APOLLOHOSP,29-Sep-2016,1080,CE,0,0,0,256.9,341.3,0,0,0,0,17-AUG-2016,
OPTSTK,APOLLOHOSP,29-Sep-2016,1100,CE,0,0,0,238.25,321.5,0,0,0,0,17-AUG-2016,
OPTSTK,APOLLOHOSP,29-Sep-2016,1120,CE,0,0,0,220,301.7,0,0,0,0,17-AUG-2016,
OPTSTK,APOLLOHOSP,29-Sep-2016,1140,CE,0,0,0,202.15,281.9,0,0,0,0,17-AUG-2016,
OPTSTK,APOLLOHOSP,29-Sep-2016,1160,CE,0,0,0,184.85,262.15,0,0,0,0,17-AUG-2016,
OPTSTK,APOLLOHOSP,29-Sep-2016,1180,CE,0,0,0,168.1,242.45,0,0,0,0,17-AUG-2016,
OPTSTK,APOLLOHOSP,29-Sep-2016,1200,CE,0,0,0,152.05,222.95,0,0,0,0,17-AUG-2016,
OPTSTK,APOLLOHOSP,29-Sep-2016,1220,CE,0,0,0,136.75,203.55,0,0,0,0,17-AUG-2016,
OPTSTK,APOLLOHOSP,29-Sep-2016,1240,CE,0,0,0,122.3,184.5,0,0,0,0,17-AUG-2016,
OPTSTK,APOLLOHOSP,29-Sep-2016,1260,CE,0,0,0,108.65,165.8,0,0,0,0,17-AUG-2016,
OPTSTK,APOLLOHOSP,29-Sep-2016,1280,CE,0,0,0,95.95,147.65,0,0,0,0,17-AUG-2016,
OPTSTK,APOLLOHOSP,29-Sep-2016,1300,CE,0,0,0,84.25,130.2,0,0,0,0,17-AUG-2016,
OPTSTK,APOLLOHOSP,29-Sep-2016,1320,CE,0,0,0,73.45,113.55,0,0,0,0,17-AUG-2016,
OPTSTK,APOLLOHOSP,29-Sep-2016,1340,CE,0,0,0,63.7,97.85,0,0,0,0,17-AUG-2016,
OPTSTK,APOLLOHOSP,29-Sep-2016,1360,CE,0,0,0,54.85,83.3,0,0,0,0,17-AUG-2016,
OPTSTK,APOLLOHOSP,29-Sep-2016,1380,CE,0,0,0,46.95,70.05,0,0,0,0,17-AUG-2016,
OPTSTK,APOLLOHOSP,29-Sep-2016,1400,CE,0,0,0,39.95,58.1,0,0,0,0,17-AUG-2016,
OPTSTK,APOLLOHOSP,29-Sep-2016,1420,CE,0,0,0,33.75,47.5,0,0,0,0,17-AUG-2016,
OPTSTK,APOLLOHOSP,29-Sep-2016,1440,CE,0,0,0,28.35,38.3,0,0,0,0,17-AUG-2016,
OPTSTK,APOLLOHOSP,29-Sep-2016,1460,CE,0,0,0,23.75,30.45,0,0,0,0,17-AUG-2016,
OPTSTK,APOLLOHOSP,29-Sep-2016,1480,CE,0,0,0,19.65,23.85,0,0,0,0,17-AUG-2016,
OPTSTK,APOLLOHOSP,29-Sep-2016,1500,CE,0,0,0,16.25,18.5,0,0,0,0,17-AUG-2016,
OPTSTK,APOLLOHOSP,29-Sep-2016,1520,CE,0,0,0,13.3,14.05,0,0,0,0,17-AUG-2016,
OPTSTK,APOLLOHOSP,29-Sep-2016,1540,CE,0,0,0,10.85,10.5,0,0,0,0,17-AUG-2016,
OPTSTK,APOLLOHOSP,29-Sep-2016,1560,CE,0,0,0,8.8,7.8,0,0,0,0,17-AUG-2016,
OPTSTK,APOLLOHOSP,29-Sep-2016,1580,CE,0,0,0,7.1,5.65,0,0,0,0,17-AUG-2016,
OPTSTK,APOLLOHOSP,29-Sep-2016,1600,CE,0,0,0,5.7,4.05,0,0,0,0,17-AUG-2016,
OPTSTK,APOLLOHOSP,29-Sep-2016,1620,CE,0,0,0,4.55,2.9,0,0,0,0,17-AUG-2016,
OPTSTK,APOLLOHOSP,29-Sep-2016,1640,CE,0,0,0,3.6,2,0,0,0,0,17-AUG-2016,
OPTSTK,APOLLOHOSP,29-Sep-2016,1660,CE,0,0,0,2.85,1.4,0,0,0,0,17-AUG-2016,
OPTSTK,APOLLOHOSP,29-Sep-2016,1680,CE,0,0,0,2.25,0.95,0,0,0,0,17-AUG-2016,
OPTSTK,APOLLOHOSP,29-Sep-2016,1700,CE,0,0,0,1.75,0.65,0,0,0,0,17-AUG-2016,
OPTSTK,APOLLOHOSP,29-Sep-2016,1720,CE,0,0,0,1.4,0.45,0,0,0,0,17-AUG-2016,
OPTSTK,APOLLOHOSP,29-Sep-2016,1000,PE,0,0,0,0.4,0,0,0,0,0,17-AUG-2016,
OPTSTK,APOLLOHOSP,29-Sep-2016,1020,PE,0,0,0,0.65,0,0,0,0,0,17-AUG-2016,
OPTSTK,APOLLOHOSP,29-Sep-2016,1040,PE,0,0,0,1,0,0,0,0,0,17-AUG-2016,
OPTSTK,APOLLOHOSP,29-Sep-2016,1060,PE,0,0,0,1.55,0,0,0,0,0,17-AUG-2016,
OPTSTK,APOLLOHOSP,29-Sep-2016,1080,PE,0,0,0,2.3,0.05,0,0,0,0,17-AUG-2016,
OPTSTK,APOLLOHOSP,29-Sep-2016,1100,PE,0,0,0,3.35,0.05,0,0,0,0,17-AUG-2016,
OPTSTK,APOLLOHOSP,29-Sep-2016,1120,PE,0,0,0,4.7,0.05,0,0,0,0,17-AUG-2016,
OPTSTK,APOLLOHOSP,29-Sep-2016,1140,PE,0,0,0,6.55,0.1,0,0,0,0,17-AUG-2016,
OPTSTK,APOLLOHOSP,29-Sep-2016,1160,PE,0,0,0,8.85,0.2,0,0,0,0,17-AUG-2016,
OPTSTK,APOLLOHOSP,29-Sep-2016,1180,PE,0,0,0,11.75,0.35,0,0,0,0,17-AUG-2016,
OPTSTK,APOLLOHOSP,29-Sep-2016,1200,PE,0,0,0,15.35,0.65,0,0,0,0,17-AUG-2016,
OPTSTK,APOLLOHOSP,29-Sep-2016,1220,PE,0,0,0,19.7,1.15,0,0,0,0,17-AUG-2016,
OPTSTK,APOLLOHOSP,29-Sep-2016,1240,PE,0,0,0,24.9,1.9,0,0,0,0,17-AUG-2016,
OPTSTK,APOLLOHOSP,29-Sep-2016,1260,PE,0,0,0,30.85,3.05,0,0,0,0,17-AUG-2016,
OPTSTK,APOLLOHOSP,29-Sep-2016,1280,PE,0,0,0,37.85,4.75,0,0,0,0,17-AUG-2016,
OPTSTK,APOLLOHOSP,29-Sep-2016,1300,PE,0,0,0,45.75,7.1,0,0,0,0,17-AUG-2016,
OPTSTK,APOLLOHOSP,29-Sep-2016,1320,PE,0,0,0,54.65,10.3,0,0,0,0,17-AUG-2016,
OPTSTK,APOLLOHOSP,29-Sep-2016,1340,PE,0,0,0,64.5,14.45,0,0,0,0,17-AUG-2016,
OPTSTK,APOLLOHOSP,29-Sep-2016,1360,PE,0,0,0,75.3,19.75,0,0,0,0,17-AUG-2016,
OPTSTK,APOLLOHOSP,29-Sep-2016,1380,PE,0,0,0,87.05,26.3,0,0,0,0,17-AUG-2016,
OPTSTK,APOLLOHOSP,29-Sep-2016,1400,PE,0,0,0,99.7,34.2,0,0,0,0,17-AUG-2016,
OPTSTK,APOLLOHOSP,29-Sep-2016,1420,PE,0,0,0,113.15,43.45,0,0,0,0,17-AUG-2016,
OPTSTK,APOLLOHOSP,29-Sep-2016,1440,PE,0,0,0,127.4,54.1,0,0,0,0,17-AUG-2016,
OPTSTK,APOLLOHOSP,29-Sep-2016,1460,PE,0,0,0,142.45,66.1,0,0,0,0,17-AUG-2016,
OPTSTK,APOLLOHOSP,29-Sep-2016,1480,PE,0,0,0,158,79.3,0,0,0,0,17-AUG-2016,
OPTSTK,APOLLOHOSP,29-Sep-2016,1500,PE,0,0,0,174.25,93.8,0,0,0,0,17-AUG-2016,
OPTSTK,APOLLOHOSP,29-Sep-2016,1520,PE,0,0,0,190.95,109.15,0,0,0,0,17-AUG-2016,
OPTSTK,APOLLOHOSP,29-Sep-2016,1540,PE,0,0,0,208.15,125.5,0,0,0,0,17-AUG-2016,
OPTSTK,APOLLOHOSP,29-Sep-2016,1560,PE,0,0,0,225.75,142.6,0,0,0,0,17-AUG-2016,
OPTSTK,APOLLOHOSP,29-Sep-2016,1580,PE,0,0,0,243.7,160.35,0,0,0,0,17-AUG-2016,
OPTSTK,APOLLOHOSP,29-Sep-2016,1600,PE,0,0,0,261.95,178.55,0,0,0,0,17-AUG-2016,
OPTSTK,APOLLOHOSP,29-Sep-2016,1620,PE,0,0,0,280.45,197.2,0,0,0,0,17-AUG-2016,
OPTSTK,APOLLOHOSP,29-Sep-2016,1640,PE,0,0,0,299.15,216.2,0,0,0,0,17-AUG-2016,
OPTSTK,APOLLOHOSP,29-Sep-2016,1660,PE,0,0,0,318.05,235.4,0,0,0,0,17-AUG-2016,
OPTSTK,APOLLOHOSP,29-Sep-2016,1680,PE,0,0,0,337.05,254.8,0,0,0,0,17-AUG-2016,
OPTSTK,APOLLOHOSP,29-Sep-2016,1700,PE,0,0,0,356.25,274.35,0,0,0,0,17-AUG-2016,
OPTSTK,APOLLOHOSP,29-Sep-2016,1720,PE,0,0,0,375.5,293.95,0,0,0,0,17-AUG-2016,
OPTSTK,APOLLOHOSP,27-Oct-2016,1000,CE,0,0,0,365.15,425.9,0,0,0,0,17-AUG-2016,
OPTSTK,APOLLOHOSP,27-Oct-2016,1020,CE,0,0,0,345.55,406.2,0,0,0,0,17-AUG-2016,
OPTSTK,APOLLOHOSP,27-Oct-2016,1040,CE,0,0,0,325.9,386.45,0,0,0,0,17-AUG-2016,
OPTSTK,APOLLOHOSP,27-Oct-2016,1060,CE,0,0,0,306.35,366.75,0,0,0,0,17-AUG-2016,
OPTSTK,APOLLOHOSP,27-Oct-2016,1080,CE,0,0,0,286.8,347.1,0,0,0,0,17-AUG-2016,
OPTSTK,APOLLOHOSP,27-Oct-2016,1100,CE,0,0,0,267.35,327.45,0,0,0,0,17-AUG-2016,
OPTSTK,APOLLOHOSP,27-Oct-2016,1120,CE,0,0,0,248,307.9,0,0,0,0,17-AUG-2016,
OPTSTK,APOLLOHOSP,27-Oct-2016,1140,CE,0,0,0,228.9,288.4,0,0,0,0,17-AUG-2016,
OPTSTK,APOLLOHOSP,27-Oct-2016,1160,CE,0,0,0,210,269.1,0,0,0,0,17-AUG-2016,
OPTSTK,APOLLOHOSP,27-Oct-2016,1180,CE,0,0,0,191.5,249.95,0,0,0,0,17-AUG-2016,
OPTSTK,APOLLOHOSP,27-Oct-2016,1200,CE,0,0,0,173.4,231.05,0,0,0,0,17-AUG-2016,
OPTSTK,APOLLOHOSP,27-Oct-2016,1220,CE,0,0,0,155.85,212.45,0,0,0,0,17-AUG-2016,
OPTSTK,APOLLOHOSP,27-Oct-2016,1240,CE,0,0,0,139,194.3,0,0,0,0,17-AUG-2016,
OPTSTK,APOLLOHOSP,27-Oct-2016,1260,CE,0,0,0,122.95,176.65,0,0,0,0,17-AUG-2016,
OPTSTK,APOLLOHOSP,27-Oct-2016,1280,CE,0,0,0,107.9,159.55,0,0,0,0,17-AUG-2016,
OPTSTK,APOLLOHOSP,27-Oct-2016,1300,CE,0,0,0,93.65,143.2,0,0,0,0,17-AUG-2016,
OPTSTK,APOLLOHOSP,27-Oct-2016,1320,CE,0,0,0,80.65,127.65,0,0,0,0,17-AUG-2016,
OPTSTK,APOLLOHOSP,27-Oct-2016,1340,CE,0,0,0,68.75,113,0,0,0,0,17-AUG-2016,
OPTSTK,APOLLOHOSP,27-Oct-2016,1360,CE,0,0,0,58,99.2,0,0,0,0,17-AUG-2016,
OPTSTK,APOLLOHOSP,27-Oct-2016,1380,CE,0,0,0,48.5,86.45,0,0,0,0,17-AUG-2016,
OPTSTK,APOLLOHOSP,27-Oct-2016,1400,CE,0,0,0,40.1,74.75,0,0,0,0,17-AUG-2016,
OPTSTK,APOLLOHOSP,27-Oct-2016,1420,CE,0,0,0,32.85,64.15,0,0,0,0,17-AUG-2016,
OPTSTK,APOLLOHOSP,27-Oct-2016,1440,CE,0,0,0,26.6,54.6,0,0,0,0,17-AUG-2016,
OPTSTK,APOLLOHOSP,27-Oct-2016,1460,CE,0,0,0,21.4,46.1,0,0,0,0,17-AUG-2016,
OPTSTK,APOLLOHOSP,27-Oct-2016,1480,CE,0,0,0,16.95,38.6,0,0,0,0,17-AUG-2016,
OPTSTK,APOLLOHOSP,27-Oct-2016,1500,CE,0,0,0,13.35,32.1,0,0,0,0,17-AUG-2016,
OPTSTK,APOLLOHOSP,27-Oct-2016,1520,CE,0,0,0,10.4,26.45,0,0,0,0,17-AUG-2016,
OPTSTK,APOLLOHOSP,27-Oct-2016,1540,CE,0,0,0,8,21.7,0,0,0,0,17-AUG-2016,
OPTSTK,APOLLOHOSP,27-Oct-2016,1560,CE,0,0,0,6.1,17.55,0,0,0,0,17-AUG-2016,
OPTSTK,APOLLOHOSP,27-Oct-2016,1580,CE,0,0,0,4.65,14.15,0,0,0,0,17-AUG-2016,
OPTSTK,APOLLOHOSP,27-Oct-2016,1600,CE,0,0,0,3.45,11.3,0,0,0,0,17-AUG-2016,
OPTSTK,APOLLOHOSP,27-Oct-2016,1620,CE,0,0,0,2.6,8.95,0,0,0,0,17-AUG-2016,
OPTSTK,APOLLOHOSP,27-Oct-2016,1640,CE,0,0,0,1.9,7.05,0,0,0,0,17-AUG-2016,
OPTSTK,APOLLOHOSP,27-Oct-2016,1660,CE,0,0,0,1.4,5.5,0,0,0,0,17-AUG-2016,
OPTSTK,APOLLOHOSP,27-Oct-2016,1680,CE,0,0,0,1,4.25,0,0,0,0,17-AUG-2016,
OPTSTK,APOLLOHOSP,27-Oct-2016,1700,CE,0,0,0,0.75,3.3,0,0,0,0,17-AUG-2016,
OPTSTK,APOLLOHOSP,27-Oct-2016,1720,CE,0,0,0,0.5,2.5,0,0,0,0,17-AUG-2016,
OPTSTK,APOLLOHOSP,27-Oct-2016,1000,PE,0,0,0,0.05,0.05,0,0,0,0,17-AUG-2016,
OPTSTK,APOLLOHOSP,27-Oct-2016,1020,PE,0,0,0,0.05,0.05,0,0,0,0,17-AUG-2016,
OPTSTK,APOLLOHOSP,27-Oct-2016,1040,PE,0,0,0,0.1,0.05,0,0,0,0,17-AUG-2016,
OPTSTK,APOLLOHOSP,27-Oct-2016,1060,PE,0,0,0,0.15,0.1,0,0,0,0,17-AUG-2016,
OPTSTK,APOLLOHOSP,27-Oct-2016,1080,PE,0,0,0,0.3,0.15,0,0,0,0,17-AUG-2016,
OPTSTK,APOLLOHOSP,27-Oct-2016,1100,PE,0,0,0,0.5,0.25,0,0,0,0,17-AUG-2016,
OPTSTK,APOLLOHOSP,27-Oct-2016,1120,PE,0,0,0,0.85,0.4,0,0,0,0,17-AUG-2016,
OPTSTK,APOLLOHOSP,27-Oct-2016,1140,PE,0,0,0,1.35,0.65,0,0,0,0,17-AUG-2016,
OPTSTK,APOLLOHOSP,27-Oct-2016,1160,PE,0,0,0,2.15,1.05,0,0,0,0,17-AUG-2016,
OPTSTK,APOLLOHOSP,27-Oct-2016,1180,PE,0,0,0,3.25,1.65,0,0,0,0,17-AUG-2016,
OPTSTK,APOLLOHOSP,27-Oct-2016,1200,PE,0,0,0,4.85,2.5,0,0,0,0,17-AUG-2016,
OPTSTK,APOLLOHOSP,27-Oct-2016,1220,PE,0,0,0,6.95,3.65,0,0,0,0,17-AUG-2016,
OPTSTK,APOLLOHOSP,27-Oct-2016,1240,PE,0,0,0,9.75,5.2,0,0,0,0,17-AUG-2016,
OPTSTK,APOLLOHOSP,27-Oct-2016,1260,PE,0,0,0,13.4,7.3,0,0,0,0,17-AUG-2016,
OPTSTK,APOLLOHOSP,27-Oct-2016,1280,PE,0,0,0,17.95,9.95,0,0,0,0,17-AUG-2016,
OPTSTK,APOLLOHOSP,27-Oct-2016,1300,PE,0,0,0,23.4,13.35,0,0,0,0,17-AUG-2016,
OPTSTK,APOLLOHOSP,27-Oct-2016,1320,PE,0,0,0,30,17.5,0,0,0,0,17-AUG-2016,
OPTSTK,APOLLOHOSP,27-Oct-2016,1340,PE,0,0,0,37.75,22.55,0,0,0,0,17-AUG-2016,
OPTSTK,APOLLOHOSP,27-Oct-2016,1360,PE,0,0,0,46.7,28.5,0,0,0,0,17-AUG-2016,
OPTSTK,APOLLOHOSP,27-Oct-2016,1380,PE,0,0,0,56.8,35.5,0,0,0,0,17-AUG-2016,
OPTSTK,APOLLOHOSP,27-Oct-2016,1400,PE,0,0,0,68.1,43.55,0,0,0,0,17-AUG-2016,
OPTSTK,APOLLOHOSP,27-Oct-2016,1420,PE,0,0,0,80.5,52.7,0,0,0,0,17-AUG-2016,
OPTSTK,APOLLOHOSP,27-Oct-2016,1440,PE,0,0,0,93.9,62.85,0,0,0,0,17-AUG-2016,
OPTSTK,APOLLOHOSP,27-Oct-2016,1460,PE,0,0,0,108.4,74.1,0,0,0,0,17-AUG-2016,
OPTSTK,APOLLOHOSP,27-Oct-2016,1480,PE,0,0,0,123.6,86.35,0,0,0,0,17-AUG-2016,
OPTSTK,APOLLOHOSP,27-Oct-2016,1500,PE,0,0,0,139.65,99.55,0,0,0,0,17-AUG-2016,
OPTSTK,APOLLOHOSP,27-Oct-2016,1520,PE,0,0,0,156.35,113.6,0,0,0,0,17-AUG-2016,
OPTSTK,APOLLOHOSP,27-Oct-2016,1540,PE,0,0,0,173.6,128.6,0,0,0,0,17-AUG-2016,
OPTSTK,APOLLOHOSP,27-Oct-2016,1560,PE,0,0,0,191.35,144.2,0,0,0,0,17-AUG-2016,
OPTSTK,APOLLOHOSP,27-Oct-2016,1580,PE,0,0,0,209.55,160.5,0,0,0,0,17-AUG-2016,
OPTSTK,APOLLOHOSP,27-Oct-2016,1600,PE,0,0,0,228.05,177.4,0,0,0,0,17-AUG-2016,
OPTSTK,APOLLOHOSP,27-Oct-2016,1620,PE,0,0,0,246.8,194.8,0,0,0,0,17-AUG-2016,
OPTSTK,APOLLOHOSP,27-Oct-2016,1640,PE,0,0,0,265.8,212.65,0,0,0,0,17-AUG-2016,
OPTSTK,APOLLOHOSP,27-Oct-2016,1660,PE,0,0,0,284.9,230.8,0,0,0,0,17-AUG-2016,
OPTSTK,APOLLOHOSP,27-Oct-2016,1680,PE,0,0,0,304.2,249.3,0,0,0,0,17-AUG-2016,
OPTSTK,APOLLOHOSP,27-Oct-2016,1700,PE,0,0,0,323.6,268.05,0,0,0,0,17-AUG-2016,
OPTSTK,APOLLOHOSP,27-Oct-2016,1720,PE,0,0,0,343.05,287.05,0,0,0,0,17-AUG-2016,
OPTSTK,APOLLOTYRE,25-Aug-2016,105,CE,0,0,0,49.85,70.85,0,0,0,0,17-AUG-2016,
OPTSTK,APOLLOTYRE,25-Aug-2016,110,CE,0,0,0,45.05,65.85,0,0,0,0,17-AUG-2016,
OPTSTK,APOLLOTYRE,25-Aug-2016,115,CE,0,0,0,40.35,60.85,0,0,0,0,17-AUG-2016,
OPTSTK,APOLLOTYRE,25-Aug-2016,120,CE,0,0,0,35.8,55.85,0,0,0,0,17-AUG-2016,
OPTSTK,APOLLOTYRE,25-Aug-2016,125,CE,0,0,0,31.4,50.85,0,0,0,0,17-AUG-2016,
OPTSTK,APOLLOTYRE,25-Aug-2016,130,CE,0,0,0,27.25,45.85,0,0,0,0,17-AUG-2016,
OPTSTK,APOLLOTYRE,25-Aug-2016,135,CE,0,0,0,23.35,40.85,0,0,0,0,17-AUG-2016,
OPTSTK,APOLLOTYRE,25-Aug-2016,140,CE,0,0,0,26,35.9,0,0,0,0,17-AUG-2016,
OPTSTK,APOLLOTYRE,25-Aug-2016,145,CE,0,0,0,16.55,30.9,0,0,0,0,17-AUG-2016,
OPTSTK,APOLLOTYRE,25-Aug-2016,150,CE,0,0,0,23.25,25.95,0,0,63000,0,17-AUG-2016,
OPTSTK,APOLLOTYRE,25-Aug-2016,155,CE,0,0,0,28,21.15,0,0,30000,0,17-AUG-2016,
OPTSTK,APOLLOTYRE,25-Aug-2016,160,CE,15.3,15.3,14.7,14.7,14.7,4,20.98,132000,3000,17-AUG-2016,
OPTSTK,APOLLOTYRE,25-Aug-2016,165,CE,11.25,11.25,10.95,10.95,10.95,3,15.84,90000,-3000,17-AUG-2016,
OPTSTK,APOLLOTYRE,25-Aug-2016,170,CE,4.95,8.2,4.95,6.85,6.85,246,1305.28,375000,-69000,17-AUG-2016,
OPTSTK,APOLLOTYRE,25-Aug-2016,175,CE,2.3,4.95,2.3,4,4,960,5154.32,744000,-114000,17-AUG-2016,
OPTSTK,APOLLOTYRE,25-Aug-2016,180,CE,1.3,2.75,1.25,2.1,2.1,694,3792.9,1497000,-162000,17-AUG-2016,
OPTSTK,APOLLOTYRE,25-Aug-2016,185,CE,1,1.5,0.9,1.15,1.15,198,1105.98,834000,-3000,17-AUG-2016,
OPTSTK,APOLLOTYRE,25-Aug-2016,190,CE,0.55,0.85,0.5,0.7,0.7,364,2082.27,1365000,-243000,17-AUG-2016,
OPTSTK,APOLLOTYRE,25-Aug-2016,195,CE,0.4,0.5,0.3,0.3,0.3,202,1184,504000,-222000,17-AUG-2016,
OPTSTK,APOLLOTYRE,25-Aug-2016,200,CE,0.3,0.35,0.2,0.25,0.25,118,708.96,993000,-69000,17-AUG-2016,
OPTSTK,APOLLOTYRE,25-Aug-2016,205,CE,0.15,0.2,0.15,0.2,0.2,3,18.46,90000,-3000,17-AUG-2016,
OPTSTK,APOLLOTYRE,25-Aug-2016,210,CE,0.1,0.15,0.1,0.1,0.1,8,50.42,285000,-18000,17-AUG-2016,
OPTSTK,APOLLOTYRE,25-Aug-2016,215,CE,0,0,0,0.45,0.05,0,0,0,0,17-AUG-2016,
OPTSTK,APOLLOTYRE,25-Aug-2016,105,PE,0,0,0,0.15,0,0,0,0,0,17-AUG-2016,
OPTSTK,APOLLOTYRE,25-Aug-2016,110,PE,0,0,0,0.25,0,0,0,0,0,17-AUG-2016,
OPTSTK,APOLLOTYRE,25-Aug-2016,115,PE,0,0,0,0.45,0,0,0,0,0,17-AUG-2016,
OPTSTK,APOLLOTYRE,25-Aug-2016,120,PE,0,0,0,0.8,0,0,0,0,0,17-AUG-2016,
OPTSTK,APOLLOTYRE,25-Aug-2016,125,PE,0,0,0,1.3,0,0,0,0,0,17-AUG-2016,
OPTSTK,APOLLOTYRE,25-Aug-2016,130,PE,0,0,0,2.1,0,0,0,0,0,17-AUG-2016,
OPTSTK,APOLLOTYRE,25-Aug-2016,135,PE,0,0,0,0.05,0,0,0,30000,0,17-AUG-2016,
OPTSTK,APOLLOTYRE,25-Aug-2016,140,PE,0,0,0,0.05,0,0,0,126000,0,17-AUG-2016,
OPTSTK,APOLLOTYRE,25-Aug-2016,145,PE,0,0,0,0.1,0.05,0,0,12000,0,17-AUG-2016,
OPTSTK,APOLLOTYRE,25-Aug-2016,150,PE,0.1,0.1,0.05,0.05,0.05,3,13.5,252000,-9000,17-AUG-2016,
OPTSTK,APOLLOTYRE,25-Aug-2016,155,PE,0.15,0.15,0.1,0.1,0.1,8,37.22,204000,-15000,17-AUG-2016,
OPTSTK,APOLLOTYRE,25-Aug-2016,160,PE,0.35,0.35,0.2,0.25,0.25,70,336.54,399000,-39000,17-AUG-2016,
OPTSTK,APOLLOTYRE,25-Aug-2016,165,PE,0.85,0.85,0.5,0.6,0.6,86,427.26,219000,-57000,17-AUG-2016,
OPTSTK,APOLLOTYRE,25-Aug-2016,170,PE,2.2,2.2,1.1,1.45,1.45,270,1389.03,459000,27000,17-AUG-2016,
OPTSTK,APOLLOTYRE,25-Aug-2016,175,PE,3.55,4.15,2.65,3.45,3.45,95,507.97,261000,78000,17-AUG-2016,
OPTSTK,APOLLOTYRE,25-Aug-2016,180,PE,8.1,8.1,5.95,6.4,6.4,10,56.05,219000,-3000,17-AUG-2016,
OPTSTK,APOLLOTYRE,25-Aug-2016,185,PE,10.4,10.4,10.25,10.25,10.25,2,11.71,51000,-6000,17-AUG-2016,
OPTSTK,APOLLOTYRE,25-Aug-2016,190,PE,0,0,0,18.1,15.2,0,0,45000,0,17-AUG-2016,
OPTSTK,APOLLOTYRE,25-Aug-2016,195,PE,0,0,0,15.65,19.6,0,0,9000,0,17-AUG-2016,
OPTSTK,APOLLOTYRE,25-Aug-2016,200,PE,0,0,0,26,24.3,0,0,12000,0,17-AUG-2016,
OPTSTK,APOLLOTYRE,25-Aug-2016,205,PE,0,0,0,49.35,29.15,0,0,0,0,17-AUG-2016,
OPTSTK,APOLLOTYRE,25-Aug-2016,210,PE,0,0,0,54.05,34.1,0,0,0,0,17-AUG-2016,
OPTSTK,APOLLOTYRE,25-Aug-2016,215,PE,0,0,0,58.8,39.05,0,0,0,0,17-AUG-2016,
OPTSTK,APOLLOTYRE,29-Sep-2016,105,CE,0,0,0,48.4,71.55,0,0,0,0,17-AUG-2016,
OPTSTK,APOLLOTYRE,29-Sep-2016,110,CE,0,0,0,43.5,66.6,0,0,0,0,17-AUG-2016,
OPTSTK,APOLLOTYRE,29-Sep-2016,115,CE,0,0,0,38.65,61.65,0,0,0,0,17-AUG-2016,
OPTSTK,APOLLOTYRE,29-Sep-2016,120,CE,0,0,0,33.85,56.75,0,0,0,0,17-AUG-2016,
OPTSTK,APOLLOTYRE,29-Sep-2016,125,CE,0,0,0,29.2,51.9,0,0,0,0,17-AUG-2016,
OPTSTK,APOLLOTYRE,29-Sep-2016,130,CE,0,0,0,24.7,47.1,0,0,0,0,17-AUG-2016,
OPTSTK,APOLLOTYRE,29-Sep-2016,135,CE,0,0,0,20.5,42.45,0,0,0,0,17-AUG-2016,
OPTSTK,APOLLOTYRE,29-Sep-2016,140,CE,0,0,0,16.65,37.9,0,0,0,0,17-AUG-2016,
OPTSTK,APOLLOTYRE,29-Sep-2016,145,CE,0,0,0,13.25,33.55,0,0,0,0,17-AUG-2016,
OPTSTK,APOLLOTYRE,29-Sep-2016,150,CE,0,0,0,10.25,29.45,0,0,0,0,17-AUG-2016,
OPTSTK,APOLLOTYRE,29-Sep-2016,155,CE,0,0,0,7.75,25.6,0,0,0,0,17-AUG-2016,
OPTSTK,APOLLOTYRE,29-Sep-2016,160,CE,0,0,0,9.45,22,0,0,3000,0,17-AUG-2016,
OPTSTK,APOLLOTYRE,29-Sep-2016,165,CE,0,0,0,9.55,18.75,0,0,3000,0,17-AUG-2016,
OPTSTK,APOLLOTYRE,29-Sep-2016,170,CE,0,0,0,10.5,15.8,0,0,15000,0,17-AUG-2016,
OPTSTK,APOLLOTYRE,29-Sep-2016,175,CE,0,0,0,8,13.2,0,0,15000,0,17-AUG-2016,
OPTSTK,APOLLOTYRE,29-Sep-2016,180,CE,0,0,0,1.4,10.9,0,0,0,0,17-AUG-2016,
OPTSTK,APOLLOTYRE,29-Sep-2016,185,CE,5.45,5.45,5.45,5.45,5.45,2,11.42,6000,6000,17-AUG-2016,
OPTSTK,APOLLOTYRE,29-Sep-2016,190,CE,4,4.25,3.65,4.25,4.25,7,40.73,21000,12000,17-AUG-2016,
OPTSTK,APOLLOTYRE,29-Sep-2016,195,CE,0,0,0,0.4,5.85,0,0,0,0,17-AUG-2016,
OPTSTK,APOLLOTYRE,29-Sep-2016,200,CE,2.35,2.35,2.2,2.2,2.2,3,18.2,24000,6000,17-AUG-2016,
OPTSTK,APOLLOTYRE,29-Sep-2016,205,CE,0,0,0,0.15,3.7,0,0,0,0,17-AUG-2016,
OPTSTK,APOLLOTYRE,29-Sep-2016,210,CE,0,0,0,0.1,2.9,0,0,0,0,17-AUG-2016,
OPTSTK,APOLLOTYRE,29-Sep-2016,215,CE,0,0,0,0.1,2.25,0,0,0,0,17-AUG-2016,
OPTSTK,APOLLOTYRE,29-Sep-2016,105,PE,0,0,0,0.05,0.05,0,0,0,0,17-AUG-2016,
OPTSTK,APOLLOTYRE,29-Sep-2016,110,PE,0,0,0,0.05,0.05,0,0,0,0,17-AUG-2016,
OPTSTK,APOLLOTYRE,29-Sep-2016,115,PE,0,0,0,0.1,0.05,0,0,0,0,17-AUG-2016,
OPTSTK,APOLLOTYRE,29-Sep-2016,120,PE,0,0,0,0.25,0.15,0,0,0,0,17-AUG-2016,
OPTSTK,APOLLOTYRE,29-Sep-2016,125,PE,0,0,0,0.5,0.25,0,0,0,0,17-AUG-2016,
OPTSTK,APOLLOTYRE,29-Sep-2016,130,PE,0,0,0,0.9,0.4,0,0,0,0,17-AUG-2016,
OPTSTK,APOLLOTYRE,29-Sep-2016,135,PE,0,0,0,1.65,0.7,0,0,0,0,17-AUG-2016,
OPTSTK,APOLLOTYRE,29-Sep-2016,140,PE,0,0,0,1.6,1.15,0,0,3000,0,17-AUG-2016,
OPTSTK,APOLLOTYRE,29-Sep-2016,145,PE,0,0,0,1.75,1.75,0,0,3000,0,17-AUG-2016,
OPTSTK,APOLLOTYRE,29-Sep-2016,150,PE,0,0,0,6.1,2.6,0,0,0,0,17-AUG-2016,
OPTSTK,APOLLOTYRE,29-Sep-2016,155,PE,0,0,0,2.2,3.7,0,0,0,0,17-AUG-2016,
OPTSTK,APOLLOTYRE,29-Sep-2016,160,PE,0,0,0,4.1,5.05,0,0,3000,0,17-AUG-2016,
OPTSTK,APOLLOTYRE,29-Sep-2016,165,PE,0,0,0,14.75,6.75,0,0,0,0,17-AUG-2016,
OPTSTK,APOLLOTYRE,29-Sep-2016,170,PE,5.05,5.05,5.05,5.05,5.05,1,5.25,21000,0,17-AUG-2016,
OPTSTK,APOLLOTYRE,29-Sep-2016,175,PE,0,0,0,22.45,11.15,0,0,0,0,17-AUG-2016,
OPTSTK,APOLLOTYRE,29-Sep-2016,180,PE,0,0,0,10.05,13.8,0,0,3000,0,17-AUG-2016,
OPTSTK,APOLLOTYRE,29-Sep-2016,185,PE,0,0,0,31.15,16.8,0,0,0,0,17-AUG-2016,
OPTSTK,APOLLOTYRE,29-Sep-2016,190,PE,0,0,0,35.75,20.1,0,0,0,0,17-AUG-2016,
OPTSTK,APOLLOTYRE,29-Sep-2016,195,PE,0,0,0,40.45,23.6,0,0,0,0,17-AUG-2016,
OPTSTK,APOLLOTYRE,29-Sep-2016,200,PE,0,0,0,45.2,27.4,0,0,0,0,17-AUG-2016,
OPTSTK,APOLLOTYRE,29-Sep-2016,205,PE,0,0,0,50.05,31.4,0,0,0,0,17-AUG-2016,
OPTSTK,APOLLOTYRE,29-Sep-2016,210,PE,0,0,0,54.9,35.55,0,0,0,0,17-AUG-2016,
OPTSTK,APOLLOTYRE,29-Sep-2016,215,PE,0,0,0,56.7,39.9,0,0,0,0,17-AUG-2016,
OPTSTK,APOLLOTYRE,27-Oct-2016,105,CE,0,0,0,61.05,72.15,0,0,0,0,17-AUG-2016,
OPTSTK,APOLLOTYRE,27-Oct-2016,110,CE,0,0,0,56.1,67.3,0,0,0,0,17-AUG-2016,
OPTSTK,APOLLOTYRE,27-Oct-2016,115,CE,0,0,0,51.25,62.5,0,0,0,0,17-AUG-2016,
OPTSTK,APOLLOTYRE,27-Oct-2016,120,CE,0,0,0,46.35,57.8,0,0,0,0,17-AUG-2016,
OPTSTK,APOLLOTYRE,27-Oct-2016,125,CE,0,0,0,41.55,53.15,0,0,0,0,17-AUG-2016,
OPTSTK,APOLLOTYRE,27-Oct-2016,130,CE,0,0,0,36.8,48.6,0,0,0,0,17-AUG-2016,
OPTSTK,APOLLOTYRE,27-Oct-2016,135,CE,0,0,0,32.2,44.25,0,0,0,0,17-AUG-2016,
OPTSTK,APOLLOTYRE,27-Oct-2016,140,CE,0,0,0,27.8,40.05,0,0,0,0,17-AUG-2016,
OPTSTK,APOLLOTYRE,27-Oct-2016,145,CE,0,0,0,23.65,36.05,0,0,0,0,17-AUG-2016,
OPTSTK,APOLLOTYRE,27-Oct-2016,150,CE,0,0,0,19.8,32.3,0,0,0,0,17-AUG-2016,
OPTSTK,APOLLOTYRE,27-Oct-2016,155,CE,0,0,0,16.3,28.75,0,0,0,0,17-AUG-2016,
OPTSTK,APOLLOTYRE,27-Oct-2016,160,CE,0,0,0,13.2,25.4,0,0,0,0,17-AUG-2016,
OPTSTK,APOLLOTYRE,27-Oct-2016,165,CE,0,0,0,10.5,22.4,0,0,0,0,17-AUG-2016,
OPTSTK,APOLLOTYRE,27-Oct-2016,170,CE,0,0,0,8.25,19.6,0,0,0,0,17-AUG-2016,
OPTSTK,APOLLOTYRE,27-Oct-2016,175,CE,0,0,0,6.35,17.1,0,0,0,0,17-AUG-2016,
OPTSTK,APOLLOTYRE,27-Oct-2016,180,CE,0,0,0,4.8,14.8,0,0,0,0,17-AUG-2016,
OPTSTK,APOLLOTYRE,27-Oct-2016,185,CE,0,0,0,3.6,12.75,0,0,0,0,17-AUG-2016,
OPTSTK,APOLLOTYRE,27-Oct-2016,190,CE,0,0,0,2.65,10.95,0,0,0,0,17-AUG-2016,
OPTSTK,APOLLOTYRE,27-Oct-2016,195,CE,0,0,0,1.9,9.4,0,0,0,0,17-AUG-2016,
OPTSTK,APOLLOTYRE,27-Oct-2016,200,CE,0,0,0,1.35,8,0,0,0,0,17-AUG-2016,
OPTSTK,APOLLOTYRE,27-Oct-2016,205,CE,0,0,0,0.95,6.8,0,0,0,0,17-AUG-2016,
OPTSTK,APOLLOTYRE,27-Oct-2016,210,CE,0,0,0,0.7,5.75,0,0,0,0,17-AUG-2016,
OPTSTK,APOLLOTYRE,27-Oct-2016,215,CE,0,0,0,0.45,4.8,0,0,0,0,17-AUG-2016,
OPTSTK,APOLLOTYRE,27-Oct-2016,105,PE,0,0,0,0.05,0.1,0,0,0,0,17-AUG-2016,
OPTSTK,APOLLOTYRE,27-Oct-2016,110,PE,0,0,0,0.05,0.2,0,0,0,0,17-AUG-2016,
OPTSTK,APOLLOTYRE,27-Oct-2016,115,PE,0,0,0,0.05,0.3,0,0,0,0,17-AUG-2016,
OPTSTK,APOLLOTYRE,27-Oct-2016,120,PE,0,0,0,0.1,0.55,0,0,0,0,17-AUG-2016,
OPTSTK,APOLLOTYRE,27-Oct-2016,125,PE,0,0,0,0.2,0.8,0,0,0,0,17-AUG-2016,
OPTSTK,APOLLOTYRE,27-Oct-2016,130,PE,0,0,0,0.4,1.25,0,0,0,0,17-AUG-2016,
OPTSTK,APOLLOTYRE,27-Oct-2016,135,PE,0,0,0,0.7,1.8,0,0,0,0,17-AUG-2016,
OPTSTK,APOLLOTYRE,27-Oct-2016,140,PE,0,0,0,1.2,2.55,0,0,0,0,17-AUG-2016,
OPTSTK,APOLLOTYRE,27-Oct-2016,145,PE,0,0,0,1.95,3.45,0,0,0,0,17-AUG-2016,
OPTSTK,APOLLOTYRE,27-Oct-2016,150,PE,0,0,0,3,4.65,0,0,0,0,17-AUG-2016,
OPTSTK,APOLLOTYRE,27-Oct-2016,155,PE,0,0,0,4.45,6,0,0,0,0,17-AUG-2016,
OPTSTK,APOLLOTYRE,27-Oct-2016,160,PE,0,0,0,6.25,7.65,0,0,0,0,17-AUG-2016,
OPTSTK,APOLLOTYRE,27-Oct-2016,165,PE,0,0,0,8.5,9.55,0,0,0,0,17-AUG-2016,
OPTSTK,APOLLOTYRE,27-Oct-2016,170,PE,0,0,0,11.1,11.7,0,0,0,0,17-AUG-2016,
OPTSTK,APOLLOTYRE,27-Oct-2016,175,PE,0,0,0,14.15,14.1,0,0,0,0,17-AUG-2016,
OPTSTK,APOLLOTYRE,27-Oct-2016,180,PE,0,0,0,17.5,16.75,0,0,0,0,17-AUG-2016,
OPTSTK,APOLLOTYRE,27-Oct-2016,185,PE,0,0,0,21.2,19.65,0,0,0,0,17-AUG-2016,
OPTSTK,APOLLOTYRE,27-Oct-2016,190,PE,0,0,0,25.2,22.8,0,0,0,0,17-AUG-2016,
OPTSTK,APOLLOTYRE,27-Oct-2016,195,PE,0,0,0,29.35,26.15,0,0,0,0,17-AUG-2016,
OPTSTK,APOLLOTYRE,27-Oct-2016,200,PE,0,0,0,33.75,29.65,0,0,0,0,17-AUG-2016,
OPTSTK,APOLLOTYRE,27-Oct-2016,205,PE,0,0,0,38.25,33.4,0,0,0,0,17-AUG-2016,
OPTSTK,APOLLOTYRE,27-Oct-2016,210,PE,0,0,0,42.85,37.3,0,0,0,0,17-AUG-2016,
OPTSTK,APOLLOTYRE,27-Oct-2016,215,PE,0,0,0,47.6,41.3,0,0,0,0,17-AUG-2016,
OPTSTK,ARVIND,25-Aug-2016,190,CE,0,0,0,125.95,121,0,0,0,0,17-AUG-2016,
OPTSTK,ARVIND,25-Aug-2016,200,CE,0,0,0,116.15,111,0,0,0,0,17-AUG-2016,
OPTSTK,ARVIND,25-Aug-2016,210,CE,0,0,0,106.4,101.05,0,0,0,0,17-AUG-2016,
OPTSTK,ARVIND,25-Aug-2016,220,CE,0,0,0,96.75,91.05,0,0,0,0,17-AUG-2016,
OPTSTK,ARVIND,25-Aug-2016,230,CE,0,0,0,87.2,81.05,0,0,0,0,17-AUG-2016,
OPTSTK,ARVIND,25-Aug-2016,240,CE,0,0,0,77.9,71.1,0,0,0,0,17-AUG-2016,
OPTSTK,ARVIND,25-Aug-2016,250,CE,0,0,0,68.85,61.1,0,0,0,0,17-AUG-2016,
OPTSTK,ARVIND,25-Aug-2016,260,CE,0,0,0,60.25,51.1,0,0,0,0,17-AUG-2016,
OPTSTK,ARVIND,25-Aug-2016,270,CE,0,0,0,52.1,41.15,0,0,0,0,17-AUG-2016,
OPTSTK,ARVIND,25-Aug-2016,280,CE,0,0,0,29,31.2,0,0,12000,0,17-AUG-2016,
OPTSTK,ARVIND,25-Aug-2016,290,CE,0,0,0,22.25,21.6,0,0,20000,0,17-AUG-2016,
OPTSTK,ARVIND,25-Aug-2016,300,CE,12.4,14.5,11.8,13.4,13.4,16,100.16,172000,-10000,17-AUG-2016,
OPTSTK,ARVIND,25-Aug-2016,310,CE,7,8.4,5.9,6.9,6.9,275,1743.83,554000,28000,17-AUG-2016,
OPTSTK,ARVIND,25-Aug-2016,320,CE,3.25,3.9,2.55,3,3,369,2384.82,868000,-52000,17-AUG-2016,
OPTSTK,ARVIND,25-Aug-2016,330,CE,1.65,1.8,1.15,1.35,1.35,116,768.86,538000,-44000,17-AUG-2016,
OPTSTK,ARVIND,25-Aug-2016,340,CE,0.8,0.8,0.55,0.65,0.65,59,401.95,476000,-12000,17-AUG-2016,
OPTSTK,ARVIND,25-Aug-2016,350,CE,0.2,0.35,0.2,0.3,0.3,45,315.24,218000,-62000,17-AUG-2016,
OPTSTK,ARVIND,25-Aug-2016,360,CE,0.15,0.2,0.1,0.15,0.15,18,129.65,96000,-18000,17-AUG-2016,
OPTSTK,ARVIND,25-Aug-2016,370,CE,0.1,0.1,0.1,0.1,0.1,1,7.4,38000,-2000,17-AUG-2016,
OPTSTK,ARVIND,25-Aug-2016,380,CE,0.05,0.05,0.05,0.05,0.05,2,15.2,34000,-4000,17-AUG-2016,
OPTSTK,ARVIND,25-Aug-2016,390,CE,0,0,0,3.7,0,0,0,0,0,17-AUG-2016,
OPTSTK,ARVIND,25-Aug-2016,400,CE,0,0,0,2.8,0,0,0,0,0,17-AUG-2016,
OPTSTK,ARVIND,25-Aug-2016,410,CE,0,0,0,2.1,0,0,0,0,0,17-AUG-2016,
OPTSTK,ARVIND,25-Aug-2016,190,PE,0,0,0,0.05,0,0,0,0,0,17-AUG-2016,
OPTSTK,ARVIND,25-Aug-2016,200,PE,0,0,0,0.05,0,0,0,0,0,17-AUG-2016,
OPTSTK,ARVIND,25-Aug-2016,210,PE,0,0,0,0.15,0,0,0,0,0,17-AUG-2016,
OPTSTK,ARVIND,25-Aug-2016,220,PE,0,0,0,0.3,0,0,0,0,0,17-AUG-2016,
OPTSTK,ARVIND,25-Aug-2016,230,PE,0,0,0,0.6,0,0,0,0,0,17-AUG-2016,
OPTSTK,ARVIND,25-Aug-2016,240,PE,0.05,0.05,0.05,0.05,0.05,1,4.8,30000,-2000,17-AUG-2016,
OPTSTK,ARVIND,25-Aug-2016,250,PE,0,0,0,0.1,0,0,0,36000,0,17-AUG-2016,
OPTSTK,ARVIND,25-Aug-2016,260,PE,0,0,0,0.1,0,0,0,58000,0,17-AUG-2016,
OPTSTK,ARVIND,25-Aug-2016,270,PE,0.3,0.3,0.1,0.15,0.15,20,108.07,198000,-12000,17-AUG-2016,
OPTSTK,ARVIND,25-Aug-2016,280,PE,0.55,0.6,0.3,0.35,0.35,36,201.89,204000,-6000,17-AUG-2016,
OPTSTK,ARVIND,25-Aug-2016,290,PE,1.2,1.5,0.75,0.8,0.8,82,477.29,286000,-12000,17-AUG-2016,
OPTSTK,ARVIND,25-Aug-2016,300,PE,2.85,3.6,2,2.15,2.15,219,1325.12,452000,56000,17-AUG-2016,
OPTSTK,ARVIND,25-Aug-2016,310,PE,6.45,7.5,5.6,5.75,5.75,40,253.02,144000,2000,17-AUG-2016,
OPTSTK,ARVIND,25-Aug-2016,320,PE,0,0,0,20,11.45,0,0,40000,0,17-AUG-2016,
OPTSTK,ARVIND,25-Aug-2016,330,PE,0,0,0,21,19.65,0,0,10000,0,17-AUG-2016,
OPTSTK,ARVIND,25-Aug-2016,340,PE,0,0,0,31.65,29,0,0,6000,0,17-AUG-2016,
OPTSTK,ARVIND,25-Aug-2016,350,PE,0,0,0,41.85,38.85,0,0,0,0,17-AUG-2016,
OPTSTK,ARVIND,25-Aug-2016,360,PE,0,0,0,48.5,48.8,0,0,2000,0,17-AUG-2016,
OPTSTK,ARVIND,25-Aug-2016,370,PE,0,0,0,57.3,58.75,0,0,0,0,17-AUG-2016,
OPTSTK,ARVIND,25-Aug-2016,380,PE,0,0,0,65.6,68.75,0,0,0,0,17-AUG-2016,
OPTSTK,ARVIND,25-Aug-2016,390,PE,0,0,0,74.25,78.75,0,0,0,0,17-AUG-2016,
OPTSTK,ARVIND,25-Aug-2016,400,PE,0,0,0,83.15,88.7,0,0,0,0,17-AUG-2016,
OPTSTK,ARVIND,25-Aug-2016,410,PE,0,0,0,92.25,98.7,0,0,0,0,17-AUG-2016,
OPTSTK,ARVIND,29-Sep-2016,190,CE,0,0,0,142.4,122.25,0,0,0,0,17-AUG-2016,
OPTSTK,ARVIND,29-Sep-2016,200,CE,0,0,0,132.55,112.35,0,0,0,0,17-AUG-2016,
OPTSTK,ARVIND,29-Sep-2016,210,CE,0,0,0,122.75,102.4,0,0,0,0,17-AUG-2016,
OPTSTK,ARVIND,29-Sep-2016,220,CE,0,0,0,113,92.5,0,0,0,0,17-AUG-2016,
OPTSTK,ARVIND,29-Sep-2016,230,CE,0,0,0,103.25,82.6,0,0,0,0,17-AUG-2016,
OPTSTK,ARVIND,29-Sep-2016,240,CE,0,0,0,93.65,72.75,0,0,0,0,17-AUG-2016,
OPTSTK,ARVIND,29-Sep-2016,250,CE,0,0,0,84.2,63,0,0,0,0,17-AUG-2016,
OPTSTK,ARVIND,29-Sep-2016,260,CE,0,0,0,74.95,53.4,0,0,0,0,17-AUG-2016,
OPTSTK,ARVIND,29-Sep-2016,270,CE,0,0,0,66.05,44.25,0,0,0,0,17-AUG-2016,
OPTSTK,ARVIND,29-Sep-2016,280,CE,0,0,0,57.55,35.65,0,0,0,0,17-AUG-2016,
OPTSTK,ARVIND,29-Sep-2016,290,CE,0,0,0,49.6,27.85,0,0,0,0,17-AUG-2016,
OPTSTK,ARVIND,29-Sep-2016,300,CE,0,0,0,23.65,21,0,0,2000,0,17-AUG-2016,
OPTSTK,ARVIND,29-Sep-2016,310,CE,0,0,0,15.9,15.3,0,0,26000,0,17-AUG-2016,
OPTSTK,ARVIND,29-Sep-2016,320,CE,12.5,12.5,12.5,12.5,12.5,1,6.65,16000,2000,17-AUG-2016,
OPTSTK,ARVIND,29-Sep-2016,330,CE,0,0,0,12.5,7.3,0,0,8000,0,17-AUG-2016,
OPTSTK,ARVIND,29-Sep-2016,340,CE,0,0,0,5.25,4.8,0,0,8000,0,17-AUG-2016,
OPTSTK,ARVIND,29-Sep-2016,350,CE,0,0,0,4.5,3.05,0,0,14000,0,17-AUG-2016,
OPTSTK,ARVIND,29-Sep-2016,360,CE,0,0,0,12.4,1.85,0,0,0,0,17-AUG-2016,
OPTSTK,ARVIND,29-Sep-2016,370,CE,0,0,0,9.75,1.1,0,0,0,0,17-AUG-2016,
OPTSTK,ARVIND,29-Sep-2016,380,CE,0,0,0,3.85,0.65,0,0,10000,0,17-AUG-2016,
OPTSTK,ARVIND,29-Sep-2016,390,CE,0,0,0,5.8,0.35,0,0,0,0,17-AUG-2016,
OPTSTK,ARVIND,29-Sep-2016,400,CE,0,0,0,4.4,0.2,0,0,0,0,17-AUG-2016,
OPTSTK,ARVIND,29-Sep-2016,410,CE,0,0,0,3.3,0.1,0,0,0,0,17-AUG-2016,
OPTSTK,ARVIND,29-Sep-2016,190,PE,0,0,0,0.05,0,0,0,0,0,17-AUG-2016,
OPTSTK,ARVIND,29-Sep-2016,200,PE,0,0,0,0.05,0,0,0,0,0,17-AUG-2016,
OPTSTK,ARVIND,29-Sep-2016,210,PE,0,0,0,0.05,0,0,0,0,0,17-AUG-2016,
OPTSTK,ARVIND,29-Sep-2016,220,PE,0,0,0,0.1,0.05,0,0,0,0,17-AUG-2016,
OPTSTK,ARVIND,29-Sep-2016,230,PE,0,0,0,0.2,0.05,0,0,0,0,17-AUG-2016,
OPTSTK,ARVIND,29-Sep-2016,240,PE,0,0,0,0.4,0.1,0,0,0,0,17-AUG-2016,
OPTSTK,ARVIND,29-Sep-2016,250,PE,0,0,0,0.75,0.25,0,0,0,0,17-AUG-2016,
OPTSTK,ARVIND,29-Sep-2016,260,PE,0,0,0,6,0.6,0,0,4000,0,17-AUG-2016,
OPTSTK,ARVIND,29-Sep-2016,270,PE,0,0,0,2.3,1.35,0,0,0,0,17-AUG-2016,
OPTSTK,ARVIND,29-Sep-2016,280,PE,4.6,4.75,4.25,4.25,4.25,6,34.14,60000,12000,17-AUG-2016,
OPTSTK,ARVIND,29-Sep-2016,290,PE,6.5,6.5,6.5,6.5,6.5,1,5.93,8000,2000,17-AUG-2016,
OPTSTK,ARVIND,29-Sep-2016,300,PE,0,0,0,7.9,7.9,0,0,0,0,17-AUG-2016,
OPTSTK,ARVIND,29-Sep-2016,310,PE,0,0,0,11,12.1,0,0,0,0,17-AUG-2016,
OPTSTK,ARVIND,29-Sep-2016,320,PE,0,0,0,14.8,17.5,0,0,0,0,17-AUG-2016,
OPTSTK,ARVIND,29-Sep-2016,330,PE,0,0,0,19.35,23.95,0,0,0,0,17-AUG-2016,
OPTSTK,ARVIND,29-Sep-2016,340,PE,0,0,0,24.6,31.35,0,0,0,0,17-AUG-2016,
OPTSTK,ARVIND,29-Sep-2016,350,PE,0,0,0,30.5,39.5,0,0,0,0,17-AUG-2016,
OPTSTK,ARVIND,29-Sep-2016,360,PE,0,0,0,37.05,48.25,0,0,0,0,17-AUG-2016,
OPTSTK,ARVIND,29-Sep-2016,370,PE,0,0,0,44.2,57.4,0,0,0,0,17-AUG-2016,
OPTSTK,ARVIND,29-Sep-2016,380,PE,0,0,0,51.85,66.85,0,0,0,0,17-AUG-2016,
OPTSTK,ARVIND,29-Sep-2016,390,PE,0,0,0,59.9,76.5,0,0,0,0,17-AUG-2016,
OPTSTK,ARVIND,29-Sep-2016,400,PE,0,0,0,68.35,86.25,0,0,0,0,17-AUG-2016,
OPTSTK,ARVIND,29-Sep-2016,410,PE,0,0,0,77.05,96.1,0,0,0,0,17-AUG-2016,
OPTSTK,ARVIND,27-Oct-2016,190,CE,0,0,0,117.35,123.25,0,0,0,0,17-AUG-2016,
OPTSTK,ARVIND,27-Oct-2016,200,CE,0,0,0,107.55,113.4,0,0,0,0,17-AUG-2016,
OPTSTK,ARVIND,27-Oct-2016,210,CE,0,0,0,97.8,103.55,0,0,0,0,17-AUG-2016,
OPTSTK,ARVIND,27-Oct-2016,220,CE,0,0,0,88.15,93.7,0,0,0,0,17-AUG-2016,
OPTSTK,ARVIND,27-Oct-2016,230,CE,0,0,0,78.6,83.95,0,0,0,0,17-AUG-2016,
OPTSTK,ARVIND,27-Oct-2016,240,CE,0,0,0,69.35,74.35,0,0,0,0,17-AUG-2016,
OPTSTK,ARVIND,27-Oct-2016,250,CE,0,0,0,60.4,64.9,0,0,0,0,17-AUG-2016,
OPTSTK,ARVIND,27-Oct-2016,260,CE,0,0,0,51.95,55.85,0,0,0,0,17-AUG-2016,
OPTSTK,ARVIND,27-Oct-2016,270,CE,0,0,0,44,47.25,0,0,0,0,17-AUG-2016,
OPTSTK,ARVIND,27-Oct-2016,280,CE,0,0,0,36.75,39.25,0,0,0,0,17-AUG-2016,
OPTSTK,ARVIND,27-Oct-2016,290,CE,0,0,0,30.25,31.95,0,0,0,0,17-AUG-2016,
OPTSTK,ARVIND,27-Oct-2016,300,CE,0,0,0,24.55,25.55,0,0,0,0,17-AUG-2016,
OPTSTK,ARVIND,27-Oct-2016,310,CE,0,0,0,19.6,20,0,0,0,0,17-AUG-2016,
OPTSTK,ARVIND,27-Oct-2016,320,CE,0,0,0,15.4,15.35,0,0,0,0,17-AUG-2016,
OPTSTK,ARVIND,27-Oct-2016,330,CE,0,0,0,11.95,11.55,0,0,0,0,17-AUG-2016,
OPTSTK,ARVIND,27-Oct-2016,340,CE,0,0,0,9.15,8.55,0,0,0,0,17-AUG-2016,
OPTSTK,ARVIND,27-Oct-2016,350,CE,0,0,0,6.95,6.2,0,0,0,0,17-AUG-2016,
OPTSTK,ARVIND,27-Oct-2016,360,CE,0,0,0,5.2,4.4,0,0,0,0,17-AUG-2016,
OPTSTK,ARVIND,27-Oct-2016,370,CE,0,0,0,3.8,3.1,0,0,0,0,17-AUG-2016,
OPTSTK,ARVIND,27-Oct-2016,380,CE,0,0,0,2.8,2.15,0,0,0,0,17-AUG-2016,
OPTSTK,ARVIND,27-Oct-2016,390,CE,0,0,0,2,1.45,0,0,0,0,17-AUG-2016,
OPTSTK,ARVIND,27-Oct-2016,400,CE,0,0,0,1.45,0.95,0,0,0,0,17-AUG-2016,
OPTSTK,ARVIND,27-Oct-2016,410,CE,0,0,0,1.05,0.65,0,0,0,0,17-AUG-2016,
OPTSTK,ARVIND,27-Oct-2016,190,PE,0,0,0,0.05,0,0,0,0,0,17-AUG-2016,
OPTSTK,ARVIND,27-Oct-2016,200,PE,0,0,0,0.05,0.05,0,0,0,0,17-AUG-2016,
OPTSTK,ARVIND,27-Oct-2016,210,PE,0,0,0,0.15,0.05,0,0,0,0,17-AUG-2016,
OPTSTK,ARVIND,27-Oct-2016,220,PE,0,0,0,0.3,0.1,0,0,0,0,17-AUG-2016,
OPTSTK,ARVIND,27-Oct-2016,230,PE,0,0,0,0.6,0.2,0,0,0,0,17-AUG-2016,
OPTSTK,ARVIND,27-Oct-2016,240,PE,0,0,0,1.15,0.45,0,0,0,0,17-AUG-2016,
OPTSTK,ARVIND,27-Oct-2016,250,PE,0,0,0,2.05,0.9,0,0,0,0,17-AUG-2016,
OPTSTK,ARVIND,27-Oct-2016,260,PE,0,0,0,3.4,1.7,0,0,0,0,17-AUG-2016,
OPTSTK,ARVIND,27-Oct-2016,270,PE,0,0,0,5.3,2.95,0,0,0,0,17-AUG-2016,
OPTSTK,ARVIND,27-Oct-2016,280,PE,0,0,0,7.9,4.8,0,0,0,0,17-AUG-2016,
OPTSTK,ARVIND,27-Oct-2016,290,PE,0,0,0,11.2,7.4,0,0,0,0,17-AUG-2016,
OPTSTK,ARVIND,27-Oct-2016,300,PE,0,0,0,15.3,10.85,0,0,0,0,17-AUG-2016,
OPTSTK,ARVIND,27-Oct-2016,310,PE,0,0,0,20.2,15.2,0,0,0,0,17-AUG-2016,
OPTSTK,ARVIND,27-Oct-2016,320,PE,0,0,0,25.9,20.4,0,0,0,0,17-AUG-2016,
OPTSTK,ARVIND,27-Oct-2016,330,PE,0,0,0,32.25,26.45,0,0,0,0,17-AUG-2016,
OPTSTK,ARVIND,27-Oct-2016,340,PE,0,0,0,39.25,33.3,0,0,0,0,17-AUG-2016,
OPTSTK,ARVIND,27-Oct-2016,350,PE,0,0,0,46.85,40.85,0,0,0,0,17-AUG-2016,
OPTSTK,ARVIND,27-Oct-2016,360,PE,0,0,0,54.95,48.9,0,0,0,0,17-AUG-2016,
OPTSTK,ARVIND,27-Oct-2016,370,PE,0,0,0,63.4,57.45,0,0,0,0,17-AUG-2016,
OPTSTK,ARVIND,27-Oct-2016,380,PE,0,0,0,72.2,66.35,0,0,0,0,17-AUG-2016,
OPTSTK,ARVIND,27-Oct-2016,390,PE,0,0,0,81.25,75.55,0,0,0,0,17-AUG-2016,
OPTSTK,ARVIND,27-Oct-2016,400,PE,0,0,0,90.5,84.95,0,0,0,0,17-AUG-2016,
OPTSTK,ARVIND,27-Oct-2016,410,PE,0,0,0,99.95,94.5,0,0,0,0,17-AUG-2016,
OPTSTK,ASHOKLEY,25-Aug-2016,62.5,CE,0,0,0,41.4,24.3,0,0,0,0,17-AUG-2016,
OPTSTK,ASHOKLEY,25-Aug-2016,65,CE,0,0,0,40.5,21.8,0,0,0,0,17-AUG-2016,
OPTSTK,ASHOKLEY,25-Aug-2016,67.5,CE,0,0,0,38.1,19.3,0,0,0,0,17-AUG-2016,
OPTSTK,ASHOKLEY,25-Aug-2016,70,CE,0,0,0,24,16.8,0,0,21000,0,17-AUG-2016,
OPTSTK,ASHOKLEY,25-Aug-2016,72.5,CE,0,0,0,33.4,14.35,0,0,0,0,17-AUG-2016,
OPTSTK,ASHOKLEY,25-Aug-2016,75,CE,0,0,0,20.15,11.85,0,0,28000,0,17-AUG-2016,
OPTSTK,ASHOKLEY,25-Aug-2016,77.5,CE,0,0,0,11.95,9.35,0,0,7000,0,17-AUG-2016,
OPTSTK,ASHOKLEY,25-Aug-2016,80,CE,0,0,0,6.7,6.95,0,0,7000,0,17-AUG-2016,
OPTSTK,ASHOKLEY,25-Aug-2016,82.5,CE,0,0,0,5.6,4.7,0,0,21000,0,17-AUG-2016,
OPTSTK,ASHOKLEY,25-Aug-2016,85,CE,3,3.3,2.55,2.8,2.8,22,135.42,728000,-21000,17-AUG-2016,
OPTSTK,ASHOKLEY,25-Aug-2016,87.5,CE,1.4,1.75,1.3,1.45,1.45,336,2093.46,2128000,189000,17-AUG-2016,
OPTSTK,ASHOKLEY,25-Aug-2016,90,CE,0.7,0.9,0.65,0.75,0.75,725,4607.2,9835000,-21000,17-AUG-2016,
OPTSTK,ASHOKLEY,25-Aug-2016,92.5,CE,0.4,0.5,0.35,0.4,0.4,158,1027.5,3927000,-112000,17-AUG-2016,
OPTSTK,ASHOKLEY,25-Aug-2016,95,CE,0.25,0.3,0.2,0.25,0.25,361,2406.88,8785000,-525000,17-AUG-2016,
OPTSTK,ASHOKLEY,25-Aug-2016,97.5,CE,0.15,0.2,0.1,0.15,0.15,116,792.9,4193000,-105000,17-AUG-2016,
OPTSTK,ASHOKLEY,25-Aug-2016,100,CE,0.1,0.15,0.1,0.15,0.15,132,925.09,21665000,-322000,17-AUG-2016,
OPTSTK,ASHOKLEY,25-Aug-2016,102.5,CE,0.1,0.1,0.1,0.1,0.1,2,14.36,1771000,-7000,17-AUG-2016,
OPTSTK,ASHOKLEY,25-Aug-2016,105,CE,0.05,0.1,0.05,0.1,0.1,7,51.48,4655000,-14000,17-AUG-2016,
OPTSTK,ASHOKLEY,25-Aug-2016,107.5,CE,0.05,0.05,0.05,0.05,0.05,6,45.17,700000,-42000,17-AUG-2016,
OPTSTK,ASHOKLEY,25-Aug-2016,110,CE,0.05,0.05,0.05,0.05,0.05,54,415.98,3409000,-161000,17-AUG-2016,
OPTSTK,ASHOKLEY,25-Aug-2016,112.5,CE,0.05,0.05,0.05,0.05,0.05,25,196.96,448000,0,17-AUG-2016,
OPTSTK,ASHOKLEY,25-Aug-2016,115,CE,0,0,0,0.05,0,0,0,1288000,0,17-AUG-2016,
OPTSTK,ASHOKLEY,25-Aug-2016,117.5,CE,0,0,0,0.05,0,0,0,35000,0,17-AUG-2016,
OPTSTK,ASHOKLEY,25-Aug-2016,120,CE,0,0,0,0.05,0,0,0,455000,0,17-AUG-2016,
OPTSTK,ASHOKLEY,25-Aug-2016,122.5,CE,0,0,0,4.15,0,0,0,0,0,17-AUG-2016,
OPTSTK,ASHOKLEY,25-Aug-2016,125,CE,0,0,0,3.6,0,0,0,0,0,17-AUG-2016,
OPTSTK,ASHOKLEY,25-Aug-2016,127.5,CE,0,0,0,3.15,0,0,0,0,0,17-AUG-2016,
OPTSTK,ASHOKLEY,25-Aug-2016,130,CE,0,0,0,0.1,0,0,0,28000,0,17-AUG-2016,
OPTSTK,ASHOKLEY,25-Aug-2016,132.5,CE,0,0,0,2.35,0,0,0,0,0,17-AUG-2016,
OPTSTK,ASHOKLEY,25-Aug-2016,62.5,PE,0,0,0,0.05,0,0,0,0,0,17-AUG-2016,
OPTSTK,ASHOKLEY,25-Aug-2016,65,PE,0,0,0,0.15,0,0,0,0,0,17-AUG-2016,
OPTSTK,ASHOKLEY,25-Aug-2016,67.5,PE,0,0,0,0.2,0,0,0,0,0,17-AUG-2016,
OPTSTK,ASHOKLEY,25-Aug-2016,70,PE,0,0,0,0.1,0,0,0,84000,0,17-AUG-2016,
OPTSTK,ASHOKLEY,25-Aug-2016,72.5,PE,0,0,0,0.4,0,0,0,0,0,17-AUG-2016,
OPTSTK,ASHOKLEY,25-Aug-2016,75,PE,0.05,0.1,0.05,0.05,0.05,15,78.8,511000,-70000,17-AUG-2016,
OPTSTK,ASHOKLEY,25-Aug-2016,77.5,PE,0.1,0.1,0.1,0.1,0.1,8,43.45,322000,0,17-AUG-2016,
OPTSTK,ASHOKLEY,25-Aug-2016,80,PE,0.2,0.2,0.15,0.15,0.15,68,381.53,3864000,-105000,17-AUG-2016,
OPTSTK,ASHOKLEY,25-Aug-2016,82.5,PE,0.35,0.4,0.3,0.35,0.35,63,365.3,1197000,7000,17-AUG-2016,
OPTSTK,ASHOKLEY,25-Aug-2016,85,PE,0.95,1,0.65,0.8,0.8,268,1608.93,4683000,49000,17-AUG-2016,
OPTSTK,ASHOKLEY,25-Aug-2016,87.5,PE,2.05,2.05,1.65,1.85,1.85,43,268.83,1785000,-21000,17-AUG-2016,
OPTSTK,ASHOKLEY,25-Aug-2016,90,PE,3.95,3.95,3.15,3.7,3.7,41,267.83,3045000,-14000,17-AUG-2016,
OPTSTK,ASHOKLEY,25-Aug-2016,92.5,PE,5.65,5.9,5.5,5.85,5.85,7,48.1,1001000,-42000,17-AUG-2016,
OPTSTK,ASHOKLEY,25-Aug-2016,95,PE,8.05,8.1,7.9,8,8,8,57.68,1694000,-42000,17-AUG-2016,
OPTSTK,ASHOKLEY,25-Aug-2016,97.5,PE,0,0,0,10.5,10.7,0,0,329000,0,17-AUG-2016,
OPTSTK,ASHOKLEY,25-Aug-2016,100,PE,0,0,0,13.5,13.15,0,0,924000,0,17-AUG-2016,
OPTSTK,ASHOKLEY,25-Aug-2016,102.5,PE,0,0,0,13.5,15.65,0,0,63000,0,17-AUG-2016,
OPTSTK,ASHOKLEY,25-Aug-2016,105,PE,0,0,0,17.4,18.15,0,0,161000,0,17-AUG-2016,
OPTSTK,ASHOKLEY,25-Aug-2016,107.5,PE,0,0,0,20.9,20.65,0,0,112000,0,17-AUG-2016,
OPTSTK,ASHOKLEY,25-Aug-2016,110,PE,0,0,0,22.35,23.15,0,0,308000,0,17-AUG-2016,
OPTSTK,ASHOKLEY,25-Aug-2016,112.5,PE,0,0,0,17.55,25.65,0,0,21000,0,17-AUG-2016,
OPTSTK,ASHOKLEY,25-Aug-2016,115,PE,0,0,0,14.9,28.15,0,0,0,0,17-AUG-2016,
OPTSTK,ASHOKLEY,25-Aug-2016,117.5,PE,0,0,0,21.35,30.65,0,0,7000,0,17-AUG-2016,
OPTSTK,ASHOKLEY,25-Aug-2016,120,PE,0,0,0,24.75,33.15,0,0,7000,0,17-AUG-2016,
OPTSTK,ASHOKLEY,25-Aug-2016,122.5,PE,0,0,0,20.25,35.65,0,0,0,0,17-AUG-2016,
OPTSTK,ASHOKLEY,25-Aug-2016,125,PE,0,0,0,22.2,38.15,0,0,0,0,17-AUG-2016,
OPTSTK,ASHOKLEY,25-Aug-2016,127.5,PE,0,0,0,24.15,40.65,0,0,0,0,17-AUG-2016,
OPTSTK,ASHOKLEY,25-Aug-2016,130,PE,0,0,0,26.2,43.15,0,0,0,0,17-AUG-2016,
OPTSTK,ASHOKLEY,25-Aug-2016,132.5,PE,0,0,0,28.3,45.6,0,0,0,0,17-AUG-2016,
OPTSTK,ASHOKLEY,29-Sep-2016,62.5,CE,0,0,0,37,24.75,0,0,0,0,17-AUG-2016,
OPTSTK,ASHOKLEY,29-Sep-2016,65,CE,0,0,0,34.55,22.25,0,0,0,0,17-AUG-2016,
OPTSTK,ASHOKLEY,29-Sep-2016,67.5,CE,0,0,0,32.15,19.8,0,0,0,0,17-AUG-2016,
OPTSTK,ASHOKLEY,29-Sep-2016,70,CE,0,0,0,29.75,17.4,0,0,0,0,17-AUG-2016,
OPTSTK,ASHOKLEY,29-Sep-2016,72.5,CE,0,0,0,27.4,15,0,0,0,0,17-AUG-2016,
OPTSTK,ASHOKLEY,29-Sep-2016,75,CE,0,0,0,25.05,12.75,0,0,0,0,17-AUG-2016,
OPTSTK,ASHOKLEY,29-Sep-2016,77.5,CE,0,0,0,10,10.55,0,0,7000,0,17-AUG-2016,
OPTSTK,ASHOKLEY,29-Sep-2016,80,CE,0,0,0,20.65,8.6,0,0,0,0,17-AUG-2016,
OPTSTK,ASHOKLEY,29-Sep-2016,82.5,CE,0,0,0,9.35,6.8,0,0,7000,0,17-AUG-2016,
OPTSTK,ASHOKLEY,29-Sep-2016,85,CE,5.3,5.3,5.2,5.25,5.25,4,25.27,28000,28000,17-AUG-2016,
OPTSTK,ASHOKLEY,29-Sep-2016,87.5,CE,0,0,0,14.65,3.95,0,0,0,0,17-AUG-2016,
OPTSTK,ASHOKLEY,29-Sep-2016,90,CE,3,3,2.7,2.8,2.8,11,71.52,196000,21000,17-AUG-2016,
OPTSTK,ASHOKLEY,29-Sep-2016,92.5,CE,0,0,0,2.45,2.1,0,0,42000,0,17-AUG-2016,
OPTSTK,ASHOKLEY,29-Sep-2016,95,CE,1.45,1.7,1.45,1.5,1.5,11,74.33,182000,49000,17-AUG-2016,
OPTSTK,ASHOKLEY,29-Sep-2016,97.5,CE,0,0,0,8.45,1,0,0,0,0,17-AUG-2016,
OPTSTK,ASHOKLEY,29-Sep-2016,100,CE,0.9,0.9,0.85,0.85,0.85,11,77.65,609000,42000,17-AUG-2016,
OPTSTK,ASHOKLEY,29-Sep-2016,102.5,CE,0,0,0,1.15,0.45,0,0,7000,0,17-AUG-2016,
OPTSTK,ASHOKLEY,29-Sep-2016,105,CE,0,0,0,0.6,0.3,0,0,77000,0,17-AUG-2016,
OPTSTK,ASHOKLEY,29-Sep-2016,107.5,CE,0,0,0,4.35,0.2,0,0,0,0,17-AUG-2016,
OPTSTK,ASHOKLEY,29-Sep-2016,110,CE,0.45,0.45,0.45,0.45,0.45,1,7.73,56000,7000,17-AUG-2016,
OPTSTK,ASHOKLEY,29-Sep-2016,112.5,CE,0,0,0,3,0.1,0,0,0,0,17-AUG-2016,
OPTSTK,ASHOKLEY,29-Sep-2016,115,CE,0,0,0,0.65,0.05,0,0,7000,0,17-AUG-2016,
OPTSTK,ASHOKLEY,29-Sep-2016,117.5,CE,0,0,0,2.05,0.05,0,0,0,0,17-AUG-2016,
OPTSTK,ASHOKLEY,29-Sep-2016,120,CE,0,0,0,1.65,0.05,0,0,0,0,17-AUG-2016,
OPTSTK,ASHOKLEY,29-Sep-2016,122.5,CE,0,0,0,1.35,0.05,0,0,0,0,17-AUG-2016,
OPTSTK,ASHOKLEY,29-Sep-2016,125,CE,0,0,0,1.1,0,0,0,0,0,17-AUG-2016,
OPTSTK,ASHOKLEY,29-Sep-2016,127.5,CE,0,0,0,0.9,0,0,0,0,0,17-AUG-2016,
OPTSTK,ASHOKLEY,29-Sep-2016,130,CE,0,0,0,0.7,0,0,0,0,0,17-AUG-2016,
OPTSTK,ASHOKLEY,29-Sep-2016,132.5,CE,0,0,0,0.6,0,0,0,0,0,17-AUG-2016,
OPTSTK,ASHOKLEY,29-Sep-2016,62.5,PE,0,0,0,0.05,0,0,0,0,0,17-AUG-2016,
OPTSTK,ASHOKLEY,29-Sep-2016,65,PE,0,0,0,0.05,0.05,0,0,0,0,17-AUG-2016,
OPTSTK,ASHOKLEY,29-Sep-2016,67.5,PE,0,0,0,0.1,0.05,0,0,0,0,17-AUG-2016,
OPTSTK,ASHOKLEY,29-Sep-2016,70,PE,0,0,0,0.15,0.1,0,0,0,0,17-AUG-2016,
OPTSTK,ASHOKLEY,29-Sep-2016,72.5,PE,0,0,0,0.25,0.2,0,0,0,0,17-AUG-2016,
OPTSTK,ASHOKLEY,29-Sep-2016,75,PE,0,0,0,0.45,0.4,0,0,35000,0,17-AUG-2016,
OPTSTK,ASHOKLEY,29-Sep-2016,77.5,PE,0,0,0,1.4,0.75,0,0,7000,0,17-AUG-2016,
OPTSTK,ASHOKLEY,29-Sep-2016,80,PE,1,1.15,1,1.15,1.15,17,96.45,203000,63000,17-AUG-2016,
OPTSTK,ASHOKLEY,29-Sep-2016,82.5,PE,0,0,0,1.9,1.95,0,0,35000,0,17-AUG-2016,
OPTSTK,ASHOKLEY,29-Sep-2016,85,PE,2.55,2.55,2.4,2.4,2.4,5,30.61,133000,-7000,17-AUG-2016,
OPTSTK,ASHOKLEY,29-Sep-2016,87.5,PE,3.6,3.7,3.6,3.7,3.7,2,12.76,42000,0,17-AUG-2016,
OPTSTK,ASHOKLEY,29-Sep-2016,90,PE,5.3,5.3,5.15,5.2,5.2,6,40,63000,-14000,17-AUG-2016,
OPTSTK,ASHOKLEY,29-Sep-2016,92.5,PE,0,0,0,7.25,7.15,0,0,49000,0,17-AUG-2016,
OPTSTK,ASHOKLEY,29-Sep-2016,95,PE,8.55,8.8,8.35,8.8,8.8,7,50.76,154000,35000,17-AUG-2016,
OPTSTK,ASHOKLEY,29-Sep-2016,97.5,PE,0,0,0,10.55,11,0,0,7000,0,17-AUG-2016,
OPTSTK,ASHOKLEY,29-Sep-2016,100,PE,0,0,0,8.4,13.15,0,0,35000,0,17-AUG-2016,
OPTSTK,ASHOKLEY,29-Sep-2016,102.5,PE,0,0,0,8.45,15.4,0,0,0,0,17-AUG-2016,
OPTSTK,ASHOKLEY,29-Sep-2016,105,PE,0,0,0,14.8,17.75,0,0,70000,0,17-AUG-2016,
OPTSTK,ASHOKLEY,29-Sep-2016,107.5,PE,0,0,0,11.6,20.1,0,0,0,0,17-AUG-2016,
OPTSTK,ASHOKLEY,29-Sep-2016,110,PE,0,0,0,13.35,22.55,0,0,0,0,17-AUG-2016,
OPTSTK,ASHOKLEY,29-Sep-2016,112.5,PE,0,0,0,15.2,24.95,0,0,0,0,17-AUG-2016,
OPTSTK,ASHOKLEY,29-Sep-2016,115,PE,0,0,0,17.1,27.4,0,0,0,0,17-AUG-2016,
OPTSTK,ASHOKLEY,29-Sep-2016,117.5,PE,0,0,0,19.1,29.9,0,0,0,0,17-AUG-2016,
OPTSTK,ASHOKLEY,29-Sep-2016,120,PE,0,0,0,21.2,32.35,0,0,0,0,17-AUG-2016,
OPTSTK,ASHOKLEY,29-Sep-2016,122.5,PE,0,0,0,23.35,34.85,0,0,0,0,17-AUG-2016,
OPTSTK,ASHOKLEY,29-Sep-2016,125,PE,0,0,0,25.55,37.3,0,0,0,0,17-AUG-2016,
OPTSTK,ASHOKLEY,29-Sep-2016,127.5,PE,0,0,0,27.8,39.8,0,0,0,0,17-AUG-2016,
OPTSTK,ASHOKLEY,29-Sep-2016,130,PE,0,0,0,30.05,42.25,0,0,0,0,17-AUG-2016,
OPTSTK,ASHOKLEY,29-Sep-2016,132.5,PE,0,0,0,32.4,44.75,0,0,0,0,17-AUG-2016,
OPTSTK,ASHOKLEY,27-Oct-2016,62.5,CE,0,0,0,32.7,25.1,0,0,0,0,17-AUG-2016,
OPTSTK,ASHOKLEY,27-Oct-2016,65,CE,0,0,0,30.3,22.65,0,0,0,0,17-AUG-2016,
OPTSTK,ASHOKLEY,27-Oct-2016,67.5,CE,0,0,0,27.85,20.3,0,0,0,0,17-AUG-2016,
OPTSTK,ASHOKLEY,27-Oct-2016,70,CE,0,0,0,25.45,17.95,0,0,0,0,17-AUG-2016,
OPTSTK,ASHOKLEY,27-Oct-2016,72.5,CE,0,0,0,23.1,15.7,0,0,0,0,17-AUG-2016,
OPTSTK,ASHOKLEY,27-Oct-2016,75,CE,0,0,0,20.85,13.6,0,0,0,0,17-AUG-2016,
OPTSTK,ASHOKLEY,27-Oct-2016,77.5,CE,0,0,0,18.6,11.6,0,0,0,0,17-AUG-2016,
OPTSTK,ASHOKLEY,27-Oct-2016,80,CE,0,0,0,16.5,9.75,0,0,0,0,17-AUG-2016,
OPTSTK,ASHOKLEY,27-Oct-2016,82.5,CE,0,0,0,14.45,8.1,0,0,0,0,17-AUG-2016,
OPTSTK,ASHOKLEY,27-Oct-2016,85,CE,0,0,0,12.6,6.6,0,0,0,0,17-AUG-2016,
OPTSTK,ASHOKLEY,27-Oct-2016,87.5,CE,0,0,0,10.85,5.3,0,0,0,0,17-AUG-2016,
OPTSTK,ASHOKLEY,27-Oct-2016,90,CE,0,0,0,9.25,4.2,0,0,0,0,17-AUG-2016,
OPTSTK,ASHOKLEY,27-Oct-2016,92.5,CE,0,0,0,7.8,3.3,0,0,0,0,17-AUG-2016,
OPTSTK,ASHOKLEY,27-Oct-2016,95,CE,0,0,0,6.55,2.55,0,0,0,0,17-AUG-2016,
OPTSTK,ASHOKLEY,27-Oct-2016,97.5,CE,0,0,0,5.4,1.95,0,0,0,0,17-AUG-2016,
OPTSTK,ASHOKLEY,27-Oct-2016,100,CE,0,0,0,4.45,1.45,0,0,0,0,17-AUG-2016,
OPTSTK,ASHOKLEY,27-Oct-2016,102.5,CE,0,0,0,3.65,1.1,0,0,0,0,17-AUG-2016,
OPTSTK,ASHOKLEY,27-Oct-2016,105,CE,0,0,0,2.95,0.8,0,0,0,0,17-AUG-2016,
OPTSTK,ASHOKLEY,27-Oct-2016,107.5,CE,0,0,0,2.35,0.6,0,0,0,0,17-AUG-2016,
OPTSTK,ASHOKLEY,27-Oct-2016,110,CE,0,0,0,1.85,0.45,0,0,0,0,17-AUG-2016,
OPTSTK,ASHOKLEY,27-Oct-2016,112.5,CE,0,0,0,1.45,0.3,0,0,0,0,17-AUG-2016,
OPTSTK,ASHOKLEY,27-Oct-2016,115,CE,0,0,0,1.15,0.2,0,0,0,0,17-AUG-2016,
OPTSTK,ASHOKLEY,27-Oct-2016,117.5,CE,0,0,0,0.9,0.15,0,0,0,0,17-AUG-2016,
OPTSTK,ASHOKLEY,27-Oct-2016,120,CE,0,0,0,0.7,0.1,0,0,0,0,17-AUG-2016,
OPTSTK,ASHOKLEY,27-Oct-2016,122.5,CE,0,0,0,0.55,0.1,0,0,0,0,17-AUG-2016,
OPTSTK,ASHOKLEY,27-Oct-2016,125,CE,0,0,0,0.4,0.05,0,0,0,0,17-AUG-2016,
OPTSTK,ASHOKLEY,27-Oct-2016,127.5,CE,0,0,0,0.3,0.05,0,0,0,0,17-AUG-2016,
OPTSTK,ASHOKLEY,27-Oct-2016,130,CE,0,0,0,0.25,0.05,0,0,0,0,17-AUG-2016,
OPTSTK,ASHOKLEY,27-Oct-2016,132.5,CE,0,0,0,0.2,0.05,0,0,0,0,17-AUG-2016,
OPTSTK,ASHOKLEY,27-Oct-2016,62.5,PE,0,0,0,0.05,0.05,0,0,0,0,17-AUG-2016,
OPTSTK,ASHOKLEY,27-Oct-2016,65,PE,0,0,0,0.05,0.1,0,0,0,0,17-AUG-2016,
OPTSTK,ASHOKLEY,27-Oct-2016,67.5,PE,0,0,0,0.1,0.2,0,0,0,0,17-AUG-2016,
OPTSTK,ASHOKLEY,27-Oct-2016,70,PE,0,0,0,0.15,0.35,0,0,0,0,17-AUG-2016,
OPTSTK,ASHOKLEY,27-Oct-2016,72.5,PE,0,0,0,0.25,0.55,0,0,0,0,17-AUG-2016,
OPTSTK,ASHOKLEY,27-Oct-2016,75,PE,0,0,0,0.45,0.9,0,0,0,0,17-AUG-2016,
OPTSTK,ASHOKLEY,27-Oct-2016,77.5,PE,0,0,0,0.7,1.35,0,0,0,0,17-AUG-2016,
OPTSTK,ASHOKLEY,27-Oct-2016,80,PE,0,0,0,1,2,0,0,0,0,17-AUG-2016,
OPTSTK,ASHOKLEY,27-Oct-2016,82.5,PE,0,0,0,1.45,2.8,0,0,0,0,17-AUG-2016,
OPTSTK,ASHOKLEY,27-Oct-2016,85,PE,0,0,0,2.05,3.75,0,0,0,0,17-AUG-2016,
OPTSTK,ASHOKLEY,27-Oct-2016,87.5,PE,0,0,0,2.75,4.95,0,0,0,0,17-AUG-2016,
OPTSTK,ASHOKLEY,27-Oct-2016,90,PE,0,0,0,3.6,6.3,0,0,0,0,17-AUG-2016,
OPTSTK,ASHOKLEY,27-Oct-2016,92.5,PE,0,0,0,4.65,7.9,0,0,0,0,17-AUG-2016,
OPTSTK,ASHOKLEY,27-Oct-2016,95,PE,0,0,0,5.8,9.6,0,0,0,0,17-AUG-2016,
OPTSTK,ASHOKLEY,27-Oct-2016,97.5,PE,0,0,0,7.15,11.45,0,0,0,0,17-AUG-2016,
OPTSTK,ASHOKLEY,27-Oct-2016,100,PE,0,0,0,8.65,13.45,0,0,0,0,17-AUG-2016,
OPTSTK,ASHOKLEY,27-Oct-2016,102.5,PE,0,0,0,10.25,15.55,0,0,0,0,17-AUG-2016,
OPTSTK,ASHOKLEY,27-Oct-2016,105,PE,0,0,0,12.05,17.7,0,0,0,0,17-AUG-2016,
OPTSTK,ASHOKLEY,27-Oct-2016,107.5,PE,0,0,0,13.9,19.95,0,0,0,0,17-AUG-2016,
OPTSTK,ASHOKLEY,27-Oct-2016,110,PE,0,0,0,15.9,22.25,0,0,0,0,17-AUG-2016,
OPTSTK,ASHOKLEY,27-Oct-2016,112.5,PE,0,0,0,17.95,24.6,0,0,0,0,17-AUG-2016,
OPTSTK,ASHOKLEY,27-Oct-2016,115,PE,0,0,0,20.1,27,0,0,0,0,17-AUG-2016,
OPTSTK,ASHOKLEY,27-Oct-2016,117.5,PE,0,0,0,22.3,29.4,0,0,0,0,17-AUG-2016,
OPTSTK,ASHOKLEY,27-Oct-2016,120,PE,0,0,0,24.55,31.8,0,0,0,0,17-AUG-2016,
OPTSTK,ASHOKLEY,27-Oct-2016,122.5,PE,0,0,0,26.85,34.25,0,0,0,0,17-AUG-2016,
OPTSTK,ASHOKLEY,27-Oct-2016,125,PE,0,0,0,29.15,36.7,0,0,0,0,17-AUG-2016,
OPTSTK,ASHOKLEY,27-Oct-2016,127.5,PE,0,0,0,31.55,39.15,0,0,0,0,17-AUG-2016,
OPTSTK,ASHOKLEY,27-Oct-2016,130,PE,0,0,0,33.9,41.6,0,0,0,0,17-AUG-2016,
OPTSTK,ASHOKLEY,27-Oct-2016,132.5,PE,0,0,0,36.3,44.05,0,0,0,0,17-AUG-2016,
OPTSTK,ASIANPAINT,25-Aug-2016,640,CE,0,0,0,363.3,474.55,0,0,0,0,17-AUG-2016,
OPTSTK,ASIANPAINT,25-Aug-2016,660,CE,0,0,0,343.65,454.55,0,0,0,0,17-AUG-2016,
OPTSTK,ASIANPAINT,25-Aug-2016,680,CE,0,0,0,324.05,434.6,0,0,0,0,17-AUG-2016,
OPTSTK,ASIANPAINT,25-Aug-2016,700,CE,0,0,0,304.45,414.6,0,0,0,0,17-AUG-2016,
OPTSTK,ASIANPAINT,25-Aug-2016,720,CE,0,0,0,284.9,394.65,0,0,0,0,17-AUG-2016,
OPTSTK,ASIANPAINT,25-Aug-2016,740,CE,0,0,0,265.45,374.7,0,0,0,0,17-AUG-2016,
OPTSTK,ASIANPAINT,25-Aug-2016,760,CE,0,0,0,246.1,354.7,0,0,0,0,17-AUG-2016,
OPTSTK,ASIANPAINT,25-Aug-2016,780,CE,0,0,0,226.9,334.75,0,0,0,0,17-AUG-2016,
OPTSTK,ASIANPAINT,25-Aug-2016,800,CE,0,0,0,328,314.75,0,0,12600,0,17-AUG-2016,
OPTSTK,ASIANPAINT,25-Aug-2016,820,CE,0,0,0,189.45,294.8,0,0,0,0,17-AUG-2016,
OPTSTK,ASIANPAINT,25-Aug-2016,840,CE,0,0,0,171.4,274.85,0,0,0,0,17-AUG-2016,
OPTSTK,ASIANPAINT,25-Aug-2016,860,CE,0,0,0,153.9,254.85,0,0,0,0,17-AUG-2016,
OPTSTK,ASIANPAINT,25-Aug-2016,880,CE,0,0,0,137.1,234.9,0,0,0,0,17-AUG-2016,
OPTSTK,ASIANPAINT,25-Aug-2016,900,CE,0,0,0,242.6,214.9,0,0,10200,0,17-AUG-2016,
OPTSTK,ASIANPAINT,25-Aug-2016,920,CE,0,0,0,230,194.95,0,0,1800,0,17-AUG-2016,
OPTSTK,ASIANPAINT,25-Aug-2016,940,CE,0,0,0,130,175,0,0,600,0,17-AUG-2016,
OPTSTK,ASIANPAINT,25-Aug-2016,960,CE,0,0,0,166.6,155,0,0,8400,0,17-AUG-2016,
OPTSTK,ASIANPAINT,25-Aug-2016,980,CE,0,0,0,89,135.05,0,0,12000,0,17-AUG-2016,
OPTSTK,ASIANPAINT,25-Aug-2016,1000,CE,0,0,0,150,115.15,0,0,5400,0,17-AUG-2016,
OPTSTK,ASIANPAINT,25-Aug-2016,1020,CE,0,0,0,108,95.35,0,0,6600,0,17-AUG-2016,
OPTSTK,ASIANPAINT,25-Aug-2016,1040,CE,75.45,75.45,75.45,75.45,75.45,1,6.69,7800,-600,17-AUG-2016,
OPTSTK,ASIANPAINT,25-Aug-2016,1060,CE,67.8,67.8,54,60.2,60.2,28,188.08,12000,-12600,17-AUG-2016,
OPTSTK,ASIANPAINT,25-Aug-2016,1080,CE,43.5,46.6,40,40.85,40.85,8,53.87,15600,-4800,17-AUG-2016,
OPTSTK,ASIANPAINT,25-Aug-2016,1100,CE,30.35,31.15,23.05,26.65,26.65,28,189.35,26400,-5400,17-AUG-2016,
OPTSTK,ASIANPAINT,25-Aug-2016,1120,CE,21.75,21.8,12.85,15,15,214,1459.58,54600,13200,17-AUG-2016,
OPTSTK,ASIANPAINT,25-Aug-2016,1140,CE,14,14.7,7.1,8.25,8.25,623,4301.86,139200,9000,17-AUG-2016,
OPTSTK,ASIANPAINT,25-Aug-2016,1160,CE,8.95,8.95,3.8,4.6,4.6,290,2029.07,120000,7200,17-AUG-2016,
OPTSTK,ASIANPAINT,25-Aug-2016,1180,CE,3.5,4.3,2.2,2.55,2.55,92,653.08,78000,13800,17-AUG-2016,
OPTSTK,ASIANPAINT,25-Aug-2016,1200,CE,6.5,10.5,1.35,1.55,1.55,161,1161,193800,27000,17-AUG-2016,
OPTSTK,ASIANPAINT,25-Aug-2016,1220,CE,1.25,1.25,0.9,1,1,27,197.81,38400,0,17-AUG-2016,
OPTSTK,ASIANPAINT,25-Aug-2016,1240,CE,0.6,0.7,0.6,0.65,0.65,7,52.1,22800,3000,17-AUG-2016,
OPTSTK,ASIANPAINT,25-Aug-2016,1260,CE,0.6,0.6,0.6,0.6,0.6,6,45.38,18000,3600,17-AUG-2016,
OPTSTK,ASIANPAINT,25-Aug-2016,1280,CE,0.2,0.2,0.2,0.2,0.2,2,15.36,6600,-1200,17-AUG-2016,
OPTSTK,ASIANPAINT,25-Aug-2016,1300,CE,0,0,0,0.7,0,0,0,21000,0,17-AUG-2016,
OPTSTK,ASIANPAINT,25-Aug-2016,1320,CE,0,0,0,1.25,0,0,0,0,0,17-AUG-2016,
OPTSTK,ASIANPAINT,25-Aug-2016,1340,CE,0,0,0,0.9,0,0,0,0,0,17-AUG-2016,
OPTSTK,ASIANPAINT,25-Aug-2016,640,PE,0,0,0,0.05,0,0,0,0,0,17-AUG-2016,
OPTSTK,ASIANPAINT,25-Aug-2016,660,PE,0,0,0,0.05,0,0,0,0,0,17-AUG-2016,
OPTSTK,ASIANPAINT,25-Aug-2016,680,PE,0,0,0,0.05,0,0,0,0,0,17-AUG-2016,
OPTSTK,ASIANPAINT,25-Aug-2016,700,PE,0,0,0,0.1,0,0,0,0,0,17-AUG-2016,
OPTSTK,ASIANPAINT,25-Aug-2016,720,PE,0,0,0,0.2,0,0,0,0,0,17-AUG-2016,
OPTSTK,ASIANPAINT,25-Aug-2016,740,PE,0,0,0,0.4,0,0,0,0,0,17-AUG-2016,
OPTSTK,ASIANPAINT,25-Aug-2016,760,PE,0,0,0,0.7,0,0,0,0,0,17-AUG-2016,
OPTSTK,ASIANPAINT,25-Aug-2016,780,PE,0,0,0,1.15,0,0,0,0,0,17-AUG-2016,
OPTSTK,ASIANPAINT,25-Aug-2016,800,PE,0,0,0,1.9,0,0,0,0,0,17-AUG-2016,
OPTSTK,ASIANPAINT,25-Aug-2016,820,PE,0,0,0,3,0,0,0,0,0,17-AUG-2016,
OPTSTK,ASIANPAINT,25-Aug-2016,840,PE,0,0,0,4.55,0,0,0,0,0,17-AUG-2016,
OPTSTK,ASIANPAINT,25-Aug-2016,860,PE,0,0,0,6.7,0,0,0,0,0,17-AUG-2016,
OPTSTK,ASIANPAINT,25-Aug-2016,880,PE,0,0,0,9.55,0,0,0,0,0,17-AUG-2016,
OPTSTK,ASIANPAINT,25-Aug-2016,900,PE,0,0,0,0.05,0,0,0,1200,0,17-AUG-2016,
OPTSTK,ASIANPAINT,25-Aug-2016,920,PE,0,0,0,2,0,0,0,600,0,17-AUG-2016,
OPTSTK,ASIANPAINT,25-Aug-2016,940,PE,0,0,0,23.55,0,0,0,0,0,17-AUG-2016,
OPTSTK,ASIANPAINT,25-Aug-2016,960,PE,0,0,0,30.35,0,0,0,0,0,17-AUG-2016,
OPTSTK,ASIANPAINT,25-Aug-2016,980,PE,0,0,0,0.35,0.05,0,0,9600,0,17-AUG-2016,
OPTSTK,ASIANPAINT,25-Aug-2016,1000,PE,0.3,0.3,0.3,0.3,0.3,5,30,98400,-3000,17-AUG-2016,
OPTSTK,ASIANPAINT,25-Aug-2016,1020,PE,0,0,0,0.9,0.3,0,0,18000,0,17-AUG-2016,
OPTSTK,ASIANPAINT,25-Aug-2016,1040,PE,0.75,1,0.75,0.8,0.8,6,37.47,47400,-1800,17-AUG-2016,
OPTSTK,ASIANPAINT,25-Aug-2016,1060,PE,1.5,2.25,1.4,1.8,1.8,61,388.65,73800,-600,17-AUG-2016,
OPTSTK,ASIANPAINT,25-Aug-2016,1080,PE,3.05,4.7,3.05,4.1,4.1,80,520.28,52800,-9600,17-AUG-2016,
OPTSTK,ASIANPAINT,25-Aug-2016,1100,PE,7,10.9,6.55,8.9,8.9,579,3851.4,148800,28800,17-AUG-2016,
OPTSTK,ASIANPAINT,25-Aug-2016,1120,PE,13.3,20.1,12.9,17.55,17.55,524,3571.38,71400,-11400,17-AUG-2016,
OPTSTK,ASIANPAINT,25-Aug-2016,1140,PE,24,34,23.75,30.5,30.5,128,897.23,34800,-28800,17-AUG-2016,
OPTSTK,ASIANPAINT,25-Aug-2016,1160,PE,45,50,45,47,47,4,28.97,10200,-600,17-AUG-2016,
OPTSTK,ASIANPAINT,25-Aug-2016,1180,PE,0,0,0,36.75,66.65,0,0,1800,0,17-AUG-2016,
OPTSTK,ASIANPAINT,25-Aug-2016,1200,PE,0,0,0,67,85.45,0,0,1200,0,17-AUG-2016,
OPTSTK,ASIANPAINT,25-Aug-2016,1220,PE,0,0,0,211.45,104.9,0,0,0,0,17-AUG-2016,
OPTSTK,ASIANPAINT,25-Aug-2016,1240,PE,0,0,0,229.9,124.7,0,0,0,0,17-AUG-2016,
OPTSTK,ASIANPAINT,25-Aug-2016,1260,PE,140,145,140,145,145,2,16.83,0,-1200,17-AUG-2016,
OPTSTK,ASIANPAINT,25-Aug-2016,1280,PE,0,0,0,267.55,164.55,0,0,0,0,17-AUG-2016,
OPTSTK,ASIANPAINT,25-Aug-2016,1300,PE,0,0,0,286.6,184.55,0,0,0,0,17-AUG-2016,
OPTSTK,ASIANPAINT,25-Aug-2016,1320,PE,0,0,0,305.85,204.5,0,0,0,0,17-AUG-2016,
OPTSTK,ASIANPAINT,25-Aug-2016,1340,PE,0,0,0,325.15,224.45,0,0,0,0,17-AUG-2016,
OPTSTK,ASIANPAINT,29-Sep-2016,640,CE,0,0,0,374.65,478.75,0,0,0,0,17-AUG-2016,
OPTSTK,ASIANPAINT,29-Sep-2016,660,CE,0,0,0,355,458.9,0,0,0,0,17-AUG-2016,
OPTSTK,ASIANPAINT,29-Sep-2016,680,CE,0,0,0,335.35,439.1,0,0,0,0,17-AUG-2016,
OPTSTK,ASIANPAINT,29-Sep-2016,700,CE,0,0,0,315.7,419.25,0,0,0,0,17-AUG-2016,
OPTSTK,ASIANPAINT,29-Sep-2016,720,CE,0,0,0,296.05,399.4,0,0,0,0,17-AUG-2016,
OPTSTK,ASIANPAINT,29-Sep-2016,740,CE,0,0,0,276.45,379.55,0,0,0,0,17-AUG-2016,
OPTSTK,ASIANPAINT,29-Sep-2016,760,CE,0,0,0,256.85,359.7,0,0,0,0,17-AUG-2016,
OPTSTK,ASIANPAINT,29-Sep-2016,780,CE,0,0,0,237.35,339.9,0,0,0,0,17-AUG-2016,
OPTSTK,ASIANPAINT,29-Sep-2016,800,CE,0,0,0,217.9,320.05,0,0,0,0,17-AUG-2016,
OPTSTK,ASIANPAINT,29-Sep-2016,820,CE,0,0,0,198.7,300.2,0,0,0,0,17-AUG-2016,
OPTSTK,ASIANPAINT,29-Sep-2016,840,CE,0,0,0,179.7,280.4,0,0,0,0,17-AUG-2016,
OPTSTK,ASIANPAINT,29-Sep-2016,860,CE,0,0,0,161.15,260.6,0,0,0,0,17-AUG-2016,
OPTSTK,ASIANPAINT,29-Sep-2016,880,CE,0,0,0,143.1,240.9,0,0,0,0,17-AUG-2016,
OPTSTK,ASIANPAINT,29-Sep-2016,900,CE,0,0,0,125.75,221.25,0,0,0,0,17-AUG-2016,
OPTSTK,ASIANPAINT,29-Sep-2016,920,CE,0,0,0,109.3,201.75,0,0,0,0,17-AUG-2016,
OPTSTK,ASIANPAINT,29-Sep-2016,940,CE,0,0,0,93.85,182.5,0,0,0,0,17-AUG-2016,
OPTSTK,ASIANPAINT,29-Sep-2016,960,CE,0,0,0,79.6,163.6,0,0,0,0,17-AUG-2016,
OPTSTK,ASIANPAINT,29-Sep-2016,980,CE,0,0,0,66.65,145.2,0,0,0,0,17-AUG-2016,
OPTSTK,ASIANPAINT,29-Sep-2016,1000,CE,0,0,0,55.05,127.45,0,0,0,0,17-AUG-2016,
OPTSTK,ASIANPAINT,29-Sep-2016,1020,CE,0,0,0,44.85,110.6,0,0,0,0,17-AUG-2016,
OPTSTK,ASIANPAINT,29-Sep-2016,1040,CE,0,0,0,36.05,94.7,0,0,0,0,17-AUG-2016,
OPTSTK,ASIANPAINT,29-Sep-2016,1060,CE,0,0,0,28.6,80.05,0,0,0,0,17-AUG-2016,
OPTSTK,ASIANPAINT,29-Sep-2016,1080,CE,0,0,0,70.65,66.7,0,0,1800,0,17-AUG-2016,
OPTSTK,ASIANPAINT,29-Sep-2016,1100,CE,49,51,46,46,46,6,41.32,3600,3600,17-AUG-2016,
OPTSTK,ASIANPAINT,29-Sep-2016,1120,CE,35.5,35.5,35.5,35.5,35.5,4,27.73,2400,1800,17-AUG-2016,
OPTSTK,ASIANPAINT,29-Sep-2016,1140,CE,31.55,32.6,28,28,28,6,42.13,3600,600,17-AUG-2016,
OPTSTK,ASIANPAINT,29-Sep-2016,1160,CE,23,23,20,20.2,20.2,9,63.74,4800,4200,17-AUG-2016,
OPTSTK,ASIANPAINT,29-Sep-2016,1180,CE,15,15,15,15,15,1,7.17,6000,0,17-AUG-2016,
OPTSTK,ASIANPAINT,29-Sep-2016,1200,CE,0,0,0,22.6,16.35,0,0,3600,0,17-AUG-2016,
OPTSTK,ASIANPAINT,29-Sep-2016,1220,CE,0,0,0,2.8,12.2,0,0,0,0,17-AUG-2016,
OPTSTK,ASIANPAINT,29-Sep-2016,1240,CE,0,0,0,1.95,9,0,0,0,0,17-AUG-2016,
OPTSTK,ASIANPAINT,29-Sep-2016,1260,CE,0,0,0,5.6,6.55,0,0,4800,0,17-AUG-2016,
OPTSTK,ASIANPAINT,29-Sep-2016,1280,CE,0,0,0,0.95,4.7,0,0,0,0,17-AUG-2016,
OPTSTK,ASIANPAINT,29-Sep-2016,1300,CE,0,0,0,0.65,3.3,0,0,0,0,17-AUG-2016,
OPTSTK,ASIANPAINT,29-Sep-2016,1320,CE,0,0,0,0.45,2.3,0,0,0,0,17-AUG-2016,
OPTSTK,ASIANPAINT,29-Sep-2016,1340,CE,0,0,0,0.3,1.6,0,0,0,0,17-AUG-2016,
OPTSTK,ASIANPAINT,29-Sep-2016,640,PE,0,0,0,0.05,0,0,0,0,0,17-AUG-2016,
OPTSTK,ASIANPAINT,29-Sep-2016,660,PE,0,0,0,0.05,0,0,0,0,0,17-AUG-2016,
OPTSTK,ASIANPAINT,29-Sep-2016,680,PE,0,0,0,0.05,0,0,0,0,0,17-AUG-2016,
OPTSTK,ASIANPAINT,29-Sep-2016,700,PE,0,0,0,0.05,0,0,0,0,0,17-AUG-2016,
OPTSTK,ASIANPAINT,29-Sep-2016,720,PE,0,0,0,0.05,0,0,0,0,0,17-AUG-2016,
OPTSTK,ASIANPAINT,29-Sep-2016,740,PE,0,0,0,0.05,0,0,0,0,0,17-AUG-2016,
OPTSTK,ASIANPAINT,29-Sep-2016,760,PE,0,0,0,0.15,0,0,0,0,0,17-AUG-2016,
OPTSTK,ASIANPAINT,29-Sep-2016,780,PE,0,0,0,0.25,0,0,0,0,0,17-AUG-2016,
OPTSTK,ASIANPAINT,29-Sep-2016,800,PE,0,0,0,0.5,0.05,0,0,0,0,17-AUG-2016,
OPTSTK,ASIANPAINT,29-Sep-2016,820,PE,0,0,0,0.9,0.05,0,0,0,0,17-AUG-2016,
OPTSTK,ASIANPAINT,29-Sep-2016,840,PE,0,0,0,1.6,0.05,0,0,0,0,17-AUG-2016,
OPTSTK,ASIANPAINT,29-Sep-2016,860,PE,0,0,0,2.65,0.1,0,0,0,0,17-AUG-2016,
OPTSTK,ASIANPAINT,29-Sep-2016,880,PE,0,0,0,4.25,0.2,0,0,0,0,17-AUG-2016,
OPTSTK,ASIANPAINT,29-Sep-2016,900,PE,0,0,0,6.55,0.4,0,0,0,0,17-AUG-2016,
OPTSTK,ASIANPAINT,29-Sep-2016,920,PE,0,0,0,9.75,0.75,0,0,0,0,17-AUG-2016,
OPTSTK,ASIANPAINT,29-Sep-2016,940,PE,0,0,0,13.95,1.3,0,0,0,0,17-AUG-2016,
OPTSTK,ASIANPAINT,29-Sep-2016,960,PE,0,0,0,19.3,2.25,0,0,0,0,17-AUG-2016,
OPTSTK,ASIANPAINT,29-Sep-2016,980,PE,0,0,0,26,3.7,0,0,0,0,17-AUG-2016,
OPTSTK,ASIANPAINT,29-Sep-2016,1000,PE,0,0,0,34.1,5.8,0,0,0,0,17-AUG-2016,
OPTSTK,ASIANPAINT,29-Sep-2016,1020,PE,0,0,0,43.55,8.75,0,0,0,0,17-AUG-2016,
OPTSTK,ASIANPAINT,29-Sep-2016,1040,PE,0,0,0,54.4,12.75,0,0,0,0,17-AUG-2016,
OPTSTK,ASIANPAINT,29-Sep-2016,1060,PE,10.95,12,10,11,11,14,90,9000,7800,17-AUG-2016,
OPTSTK,ASIANPAINT,29-Sep-2016,1080,PE,0,0,0,14,24.4,0,0,1800,0,17-AUG-2016,
OPTSTK,ASIANPAINT,29-Sep-2016,1100,PE,22.5,22.9,22.5,22.9,22.9,3,20.2,3000,1800,17-AUG-2016,
OPTSTK,ASIANPAINT,29-Sep-2016,1120,PE,32,32,32,32,32,1,6.91,6600,0,17-AUG-2016,
OPTSTK,ASIANPAINT,29-Sep-2016,1140,PE,43,43,42.5,42.5,42.5,4,28.38,4200,2400,17-AUG-2016,
OPTSTK,ASIANPAINT,29-Sep-2016,1160,PE,0,0,0,143.55,64.75,0,0,0,0,17-AUG-2016,
OPTSTK,ASIANPAINT,29-Sep-2016,1180,PE,0,0,0,161.25,78.3,0,0,0,0,17-AUG-2016,
OPTSTK,ASIANPAINT,29-Sep-2016,1200,PE,0,0,0,179.4,93.05,0,0,0,0,17-AUG-2016,
OPTSTK,ASIANPAINT,29-Sep-2016,1220,PE,0,0,0,197.95,108.8,0,0,0,0,17-AUG-2016,
OPTSTK,ASIANPAINT,29-Sep-2016,1240,PE,0,0,0,216.75,125.45,0,0,0,0,17-AUG-2016,
OPTSTK,ASIANPAINT,29-Sep-2016,1260,PE,0,0,0,235.8,142.8,0,0,0,0,17-AUG-2016,
OPTSTK,ASIANPAINT,29-Sep-2016,1280,PE,0,0,0,255.05,160.8,0,0,0,0,17-AUG-2016,
OPTSTK,ASIANPAINT,29-Sep-2016,1300,PE,0,0,0,274.4,179.25,0,0,0,0,17-AUG-2016,
OPTSTK,ASIANPAINT,29-Sep-2016,1320,PE,0,0,0,293.85,198.1,0,0,0,0,17-AUG-2016,
OPTSTK,ASIANPAINT,29-Sep-2016,1340,PE,0,0,0,313.35,217.2,0,0,0,0,17-AUG-2016,
OPTSTK,ASIANPAINT,27-Oct-2016,720,CE,0,0,0,420.55,403.15,0,0,0,0,17-AUG-2016,
OPTSTK,ASIANPAINT,27-Oct-2016,740,CE,0,0,0,401.05,383.45,0,0,0,0,17-AUG-2016,
OPTSTK,ASIANPAINT,27-Oct-2016,760,CE,0,0,0,381.55,363.75,0,0,0,0,17-AUG-2016,
OPTSTK,ASIANPAINT,27-Oct-2016,780,CE,0,0,0,362.2,344,0,0,0,0,17-AUG-2016,
OPTSTK,ASIANPAINT,27-Oct-2016,800,CE,0,0,0,342.9,324.35,0,0,0,0,17-AUG-2016,
OPTSTK,ASIANPAINT,27-Oct-2016,820,CE,0,0,0,323.8,304.7,0,0,0,0,17-AUG-2016,
OPTSTK,ASIANPAINT,27-Oct-2016,840,CE,0,0,0,304.95,285.1,0,0,0,0,17-AUG-2016,
OPTSTK,ASIANPAINT,27-Oct-2016,860,CE,0,0,0,286.3,265.65,0,0,0,0,17-AUG-2016,
OPTSTK,ASIANPAINT,27-Oct-2016,880,CE,0,0,0,267.95,246.35,0,0,0,0,17-AUG-2016,
OPTSTK,ASIANPAINT,27-Oct-2016,900,CE,0,0,0,249.95,227.25,0,0,0,0,17-AUG-2016,
OPTSTK,ASIANPAINT,27-Oct-2016,920,CE,0,0,0,232.4,208.5,0,0,0,0,17-AUG-2016,
OPTSTK,ASIANPAINT,27-Oct-2016,940,CE,0,0,0,215.35,190.1,0,0,0,0,17-AUG-2016,
OPTSTK,ASIANPAINT,27-Oct-2016,960,CE,0,0,0,198.85,172.2,0,0,0,0,17-AUG-2016,
OPTSTK,ASIANPAINT,27-Oct-2016,980,CE,0,0,0,182.95,154.95,0,0,0,0,17-AUG-2016,
OPTSTK,ASIANPAINT,27-Oct-2016,1000,CE,0,0,0,167.65,138.4,0,0,0,0,17-AUG-2016,
OPTSTK,ASIANPAINT,27-Oct-2016,1020,CE,0,0,0,153.15,122.65,0,0,0,0,17-AUG-2016,
OPTSTK,ASIANPAINT,27-Oct-2016,1040,CE,0,0,0,139.25,107.9,0,0,0,0,17-AUG-2016,
OPTSTK,ASIANPAINT,27-Oct-2016,1060,CE,0,0,0,126.2,94.1,0,0,0,0,17-AUG-2016,
OPTSTK,ASIANPAINT,27-Oct-2016,1080,CE,0,0,0,113.95,81.4,0,0,0,0,17-AUG-2016,
OPTSTK,ASIANPAINT,27-Oct-2016,1100,CE,0,0,0,102.5,69.85,0,0,0,0,17-AUG-2016,
OPTSTK,ASIANPAINT,27-Oct-2016,1120,CE,0,0,0,91.85,59.4,0,0,0,0,17-AUG-2016,
OPTSTK,ASIANPAINT,27-Oct-2016,1140,CE,0,0,0,82,50.1,0,0,0,0,17-AUG-2016,
OPTSTK,ASIANPAINT,27-Oct-2016,1160,CE,0,0,0,72.95,41.9,0,0,0,0,17-AUG-2016,
OPTSTK,ASIANPAINT,27-Oct-2016,1180,CE,0,0,0,64.65,34.75,0,0,0,0,17-AUG-2016,
OPTSTK,ASIANPAINT,27-Oct-2016,1200,CE,0,0,0,57.1,28.55,0,0,0,0,17-AUG-2016,
OPTSTK,ASIANPAINT,27-Oct-2016,1220,CE,0,0,0,50.25,23.35,0,0,0,0,17-AUG-2016,
OPTSTK,ASIANPAINT,27-Oct-2016,1240,CE,0,0,0,44.1,18.85,0,0,0,0,17-AUG-2016,
OPTSTK,ASIANPAINT,27-Oct-2016,1260,CE,0,0,0,38.55,15.15,0,0,0,0,17-AUG-2016,
OPTSTK,ASIANPAINT,27-Oct-2016,1280,CE,0,0,0,33.65,12.05,0,0,0,0,17-AUG-2016,
OPTSTK,ASIANPAINT,27-Oct-2016,1300,CE,0,0,0,29.25,9.55,0,0,0,0,17-AUG-2016,
OPTSTK,ASIANPAINT,27-Oct-2016,1320,CE,0,0,0,25.3,7.5,0,0,0,0,17-AUG-2016,
OPTSTK,ASIANPAINT,27-Oct-2016,1340,CE,0,0,0,21.85,5.85,0,0,0,0,17-AUG-2016,
OPTSTK,ASIANPAINT,27-Oct-2016,720,PE,0,0,0,0.2,0,0,0,0,0,17-AUG-2016,
OPTSTK,ASIANPAINT,27-Oct-2016,740,PE,0,0,0,0.3,0.05,0,0,0,0,17-AUG-2016,
OPTSTK,ASIANPAINT,27-Oct-2016,760,PE,0,0,0,0.5,0.05,0,0,0,0,17-AUG-2016,
OPTSTK,ASIANPAINT,27-Oct-2016,780,PE,0,0,0,0.8,0.05,0,0,0,0,17-AUG-2016,
OPTSTK,ASIANPAINT,27-Oct-2016,800,PE,0,0,0,1.2,0.1,0,0,0,0,17-AUG-2016,
OPTSTK,ASIANPAINT,27-Oct-2016,820,PE,0,0,0,1.75,0.2,0,0,0,0,17-AUG-2016,
OPTSTK,ASIANPAINT,27-Oct-2016,840,PE,0,0,0,2.5,0.35,0,0,0,0,17-AUG-2016,
OPTSTK,ASIANPAINT,27-Oct-2016,860,PE,0,0,0,3.5,0.65,0,0,0,0,17-AUG-2016,
OPTSTK,ASIANPAINT,27-Oct-2016,880,PE,0,0,0,4.85,1.05,0,0,0,0,17-AUG-2016,
OPTSTK,ASIANPAINT,27-Oct-2016,900,PE,0,0,0,6.5,1.7,0,0,0,0,17-AUG-2016,
OPTSTK,ASIANPAINT,27-Oct-2016,920,PE,0,0,0,8.6,2.65,0,0,0,0,17-AUG-2016,
OPTSTK,ASIANPAINT,27-Oct-2016,940,PE,0,0,0,11.2,4,0,0,0,0,17-AUG-2016,
OPTSTK,ASIANPAINT,27-Oct-2016,960,PE,0,0,0,14.35,5.85,0,0,0,0,17-AUG-2016,
OPTSTK,ASIANPAINT,27-Oct-2016,980,PE,0,0,0,18.1,8.3,0,0,0,0,17-AUG-2016,
OPTSTK,ASIANPAINT,27-Oct-2016,1000,PE,0,0,0,22.5,11.5,0,0,0,0,17-AUG-2016,
OPTSTK,ASIANPAINT,27-Oct-2016,1020,PE,0,0,0,27.6,15.5,0,0,0,0,17-AUG-2016,
OPTSTK,ASIANPAINT,27-Oct-2016,1040,PE,0,0,0,33.4,20.5,0,0,0,0,17-AUG-2016,
OPTSTK,ASIANPAINT,27-Oct-2016,1060,PE,0,0,0,40,26.4,0,0,0,0,17-AUG-2016,
OPTSTK,ASIANPAINT,27-Oct-2016,1080,PE,0,0,0,47.4,33.45,0,0,0,0,17-AUG-2016,
OPTSTK,ASIANPAINT,27-Oct-2016,1100,PE,0,0,0,55.6,41.65,0,0,0,0,17-AUG-2016,
OPTSTK,ASIANPAINT,27-Oct-2016,1120,PE,0,0,0,64.6,50.95,0,0,0,0,17-AUG-2016,
OPTSTK,ASIANPAINT,27-Oct-2016,1140,PE,0,0,0,74.45,61.35,0,0,0,0,17-AUG-2016,
OPTSTK,ASIANPAINT,27-Oct-2016,1160,PE,0,0,0,85.05,72.9,0,0,0,0,17-AUG-2016,
OPTSTK,ASIANPAINT,27-Oct-2016,1180,PE,0,0,0,96.4,85.45,0,0,0,0,17-AUG-2016,
OPTSTK,ASIANPAINT,27-Oct-2016,1200,PE,0,0,0,108.5,99,0,0,0,0,17-AUG-2016,
OPTSTK,ASIANPAINT,27-Oct-2016,1220,PE,0,0,0,121.3,113.55,0,0,0,0,17-AUG-2016,
OPTSTK,ASIANPAINT,27-Oct-2016,1240,PE,0,0,0,134.8,128.8,0,0,0,0,17-AUG-2016,
OPTSTK,ASIANPAINT,27-Oct-2016,1260,PE,0,0,0,148.9,144.8,0,0,0,0,17-AUG-2016,
OPTSTK,ASIANPAINT,27-Oct-2016,1280,PE,0,0,0,163.65,161.45,0,0,0,0,17-AUG-2016,
OPTSTK,ASIANPAINT,27-Oct-2016,1300,PE,0,0,0,178.9,178.65,0,0,0,0,17-AUG-2016,
OPTSTK,ASIANPAINT,27-Oct-2016,1320,PE,0,0,0,194.65,196.35,0,0,0,0,17-AUG-2016,
OPTSTK,ASIANPAINT,27-Oct-2016,1340,PE,0,0,0,210.85,214.4,0,0,0,0,17-AUG-2016,
OPTSTK,AUROPHARMA,25-Aug-2016,480,CE,0,0,0,273.3,269.9,0,0,0,0,17-AUG-2016,
OPTSTK,AUROPHARMA,25-Aug-2016,500,CE,0,0,0,253.8,249.9,0,0,0,0,17-AUG-2016,
OPTSTK,AUROPHARMA,25-Aug-2016,520,CE,0,0,0,234.45,229.95,0,0,0,0,17-AUG-2016,
OPTSTK,AUROPHARMA,25-Aug-2016,540,CE,0,0,0,215.35,210,0,0,0,0,17-AUG-2016,
OPTSTK,AUROPHARMA,25-Aug-2016,560,CE,0,0,0,196.5,190,0,0,0,0,17-AUG-2016,
OPTSTK,AUROPHARMA,25-Aug-2016,580,CE,0,0,0,178.1,170.05,0,0,0,0,17-AUG-2016,
OPTSTK,AUROPHARMA,25-Aug-2016,600,CE,0,0,0,160.25,150.05,0,0,0,0,17-AUG-2016,
OPTSTK,AUROPHARMA,25-Aug-2016,620,CE,0,0,0,143.1,130.1,0,0,0,0,17-AUG-2016,
OPTSTK,AUROPHARMA,25-Aug-2016,640,CE,0,0,0,161.9,110.15,0,0,700,0,17-AUG-2016,
OPTSTK,AUROPHARMA,25-Aug-2016,660,CE,0,0,0,111.35,90.2,0,0,0,0,17-AUG-2016,
OPTSTK,AUROPHARMA,25-Aug-2016,680,CE,0,0,0,97,70.5,0,0,0,0,17-AUG-2016,
OPTSTK,AUROPHARMA,25-Aug-2016,700,CE,0,0,0,49.6,51.5,0,0,1400,0,17-AUG-2016,
OPTSTK,AUROPHARMA,25-Aug-2016,720,CE,29.9,38.1,28.9,38.05,38.05,35,184.32,14000,-6300,17-AUG-2016,
OPTSTK,AUROPHARMA,25-Aug-2016,740,CE,17.05,25.3,17.05,23.05,23.05,700,3731.12,186200,33600,17-AUG-2016,
OPTSTK,AUROPHARMA,25-Aug-2016,760,CE,10.9,15.3,10.35,14.35,14.35,690,3735.88,255500,7700,17-AUG-2016,
OPTSTK,AUROPHARMA,25-Aug-2016,780,CE,6.2,9.05,6,8.6,8.6,332,1831.25,252700,-28700,17-AUG-2016,
OPTSTK,AUROPHARMA,25-Aug-2016,800,CE,4.25,5.4,4.1,5.2,5.2,293,1650.91,421400,11200,17-AUG-2016,
OPTSTK,AUROPHARMA,25-Aug-2016,820,CE,2.9,3.45,2.65,3.2,3.2,84,484.02,316400,7700,17-AUG-2016,
OPTSTK,AUROPHARMA,25-Aug-2016,840,CE,1.9,2.25,1.9,2.2,2.2,29,170.94,86100,2800,17-AUG-2016,
OPTSTK,AUROPHARMA,25-Aug-2016,860,CE,1.45,1.6,1.4,1.4,1.4,19,114.57,59500,4200,17-AUG-2016,
OPTSTK,AUROPHARMA,25-Aug-2016,880,CE,1.3,1.3,1.05,1.15,1.15,7,43.17,28700,-2100,17-AUG-2016,
OPTSTK,AUROPHARMA,25-Aug-2016,900,CE,0,0,0,0.55,0,0,0,41300,0,17-AUG-2016,
OPTSTK,AUROPHARMA,25-Aug-2016,920,CE,0,0,0,1.7,0,0,0,10500,0,17-AUG-2016,
OPTSTK,AUROPHARMA,25-Aug-2016,940,CE,0,0,0,0.6,0,0,0,4200,0,17-AUG-2016,
OPTSTK,AUROPHARMA,25-Aug-2016,960,CE,0,0,0,0.05,0,0,0,700,0,17-AUG-2016,
OPTSTK,AUROPHARMA,25-Aug-2016,480,PE,0,0,0,0.15,0,0,0,0,0,17-AUG-2016,
OPTSTK,AUROPHARMA,25-Aug-2016,500,PE,0,0,0,0.35,0,0,0,0,0,17-AUG-2016,
OPTSTK,AUROPHARMA,25-Aug-2016,520,PE,0,0,0,0.65,0,0,0,0,0,17-AUG-2016,
OPTSTK,AUROPHARMA,25-Aug-2016,540,PE,0,0,0,1.15,0,0,0,0,0,17-AUG-2016,
OPTSTK,AUROPHARMA,25-Aug-2016,560,PE,0,0,0,1.95,0,0,0,0,0,17-AUG-2016,
OPTSTK,AUROPHARMA,25-Aug-2016,580,PE,0,0,0,3.2,0,0,0,0,0,17-AUG-2016,
OPTSTK,AUROPHARMA,25-Aug-2016,600,PE,0,0,0,0.85,0,0,0,4900,0,17-AUG-2016,
OPTSTK,AUROPHARMA,25-Aug-2016,620,PE,0,0,0,0.1,0,0,0,21000,0,17-AUG-2016,
OPTSTK,AUROPHARMA,25-Aug-2016,640,PE,0,0,0,10.75,0.05,0,0,0,0,17-AUG-2016,
OPTSTK,AUROPHARMA,25-Aug-2016,660,PE,1.45,1.45,0.8,0.8,0.8,3,13.88,8400,0,17-AUG-2016,
OPTSTK,AUROPHARMA,25-Aug-2016,680,PE,2.4,2.85,1.5,1.8,1.8,43,205.32,51800,-700,17-AUG-2016,
OPTSTK,AUROPHARMA,25-Aug-2016,700,PE,6.05,6.05,3.15,3.45,3.45,267,1316.95,108500,-5600,17-AUG-2016,
OPTSTK,AUROPHARMA,25-Aug-2016,720,PE,11.3,11.3,6.2,6.95,6.95,461,2352.12,99400,-7700,17-AUG-2016,
OPTSTK,AUROPHARMA,25-Aug-2016,740,PE,20.8,20.8,11.95,13.55,13.55,502,2650.48,272300,18200,17-AUG-2016,
OPTSTK,AUROPHARMA,25-Aug-2016,760,PE,32.2,32.2,22.95,24.9,24.9,49,269.31,105000,5600,17-AUG-2016,
OPTSTK,AUROPHARMA,25-Aug-2016,780,PE,42.2,42.2,36.05,37.5,37.5,17,97.28,116900,-5600,17-AUG-2016,
OPTSTK,AUROPHARMA,25-Aug-2016,800,PE,60.9,60.9,55.3,57.15,57.15,8,48.01,64400,-3500,17-AUG-2016,
OPTSTK,AUROPHARMA,25-Aug-2016,820,PE,0,0,0,76.55,70.15,0,0,18200,0,17-AUG-2016,
OPTSTK,AUROPHARMA,25-Aug-2016,840,PE,0,0,0,105,89.75,0,0,16100,0,17-AUG-2016,
OPTSTK,AUROPHARMA,25-Aug-2016,860,PE,0,0,0,102,109.6,0,0,1400,0,17-AUG-2016,
OPTSTK,AUROPHARMA,25-Aug-2016,880,PE,0,0,0,80.7,129.55,0,0,1400,0,17-AUG-2016,
OPTSTK,AUROPHARMA,25-Aug-2016,900,PE,0,0,0,154.3,149.5,0,0,3500,0,17-AUG-2016,
OPTSTK,AUROPHARMA,25-Aug-2016,920,PE,0,0,0,168.95,169.5,0,0,0,0,17-AUG-2016,
OPTSTK,AUROPHARMA,25-Aug-2016,940,PE,0,0,0,186.5,189.45,0,0,0,0,17-AUG-2016,
OPTSTK,AUROPHARMA,25-Aug-2016,960,PE,0,0,0,204.45,209.45,0,0,0,0,17-AUG-2016,
OPTSTK,AUROPHARMA,29-Sep-2016,480,CE,0,0,0,271.1,273.05,0,0,0,0,17-AUG-2016,
OPTSTK,AUROPHARMA,29-Sep-2016,500,CE,0,0,0,251.55,253.2,0,0,0,0,17-AUG-2016,
OPTSTK,AUROPHARMA,29-Sep-2016,520,CE,0,0,0,232.1,233.4,0,0,0,0,17-AUG-2016,
OPTSTK,AUROPHARMA,29-Sep-2016,540,CE,0,0,0,212.85,213.55,0,0,0,0,17-AUG-2016,
OPTSTK,AUROPHARMA,29-Sep-2016,560,CE,0,0,0,193.8,193.8,0,0,0,0,17-AUG-2016,
OPTSTK,AUROPHARMA,29-Sep-2016,580,CE,0,0,0,175.2,174.1,0,0,0,0,17-AUG-2016,
OPTSTK,AUROPHARMA,29-Sep-2016,600,CE,0,0,0,157.05,154.65,0,0,0,0,17-AUG-2016,
OPTSTK,AUROPHARMA,29-Sep-2016,620,CE,0,0,0,139.6,135.5,0,0,0,0,17-AUG-2016,
OPTSTK,AUROPHARMA,29-Sep-2016,640,CE,0,0,0,122.95,116.9,0,0,0,0,17-AUG-2016,
OPTSTK,AUROPHARMA,29-Sep-2016,660,CE,0,0,0,107.3,99.1,0,0,0,0,17-AUG-2016,
OPTSTK,AUROPHARMA,29-Sep-2016,680,CE,0,0,0,92.7,82.45,0,0,0,0,17-AUG-2016,
OPTSTK,AUROPHARMA,29-Sep-2016,700,CE,0,0,0,79.25,67.2,0,0,0,0,17-AUG-2016,
OPTSTK,AUROPHARMA,29-Sep-2016,720,CE,53,53,53,53,53,1,5.41,700,700,17-AUG-2016,
OPTSTK,AUROPHARMA,29-Sep-2016,740,CE,42.35,50.15,42.35,46.65,46.65,62,341.72,53900,8400,17-AUG-2016,
OPTSTK,AUROPHARMA,29-Sep-2016,760,CE,34.15,34.15,34.15,34.15,34.15,1,5.55,12600,0,17-AUG-2016,
OPTSTK,AUROPHARMA,29-Sep-2016,780,CE,0,0,0,44.55,23.6,0,0,700,0,17-AUG-2016,
OPTSTK,AUROPHARMA,29-Sep-2016,800,CE,17.2,22,17.2,22,22,5,28.68,4200,3500,17-AUG-2016,
OPTSTK,AUROPHARMA,29-Sep-2016,820,CE,0,0,0,25.25,12.2,0,0,0,0,17-AUG-2016,
OPTSTK,AUROPHARMA,29-Sep-2016,840,CE,12,12,12,12,12,3,17.89,2100,2100,17-AUG-2016,
OPTSTK,AUROPHARMA,29-Sep-2016,860,CE,0,0,0,25,5.75,0,0,700,0,17-AUG-2016,
OPTSTK,AUROPHARMA,29-Sep-2016,880,CE,0,0,0,18,3.8,0,0,700,0,17-AUG-2016,
OPTSTK,AUROPHARMA,29-Sep-2016,900,CE,0,0,0,9.85,2.5,0,0,0,0,17-AUG-2016,
OPTSTK,AUROPHARMA,29-Sep-2016,920,CE,0,0,0,7.65,1.6,0,0,0,0,17-AUG-2016,
OPTSTK,AUROPHARMA,29-Sep-2016,940,CE,0,0,0,5.85,1,0,0,0,0,17-AUG-2016,
OPTSTK,AUROPHARMA,29-Sep-2016,960,CE,0,0,0,4.5,0.6,0,0,0,0,17-AUG-2016,
OPTSTK,AUROPHARMA,29-Sep-2016,480,PE,0,0,0,0.1,0,0,0,0,0,17-AUG-2016,
OPTSTK,AUROPHARMA,29-Sep-2016,500,PE,0,0,0,0.2,0,0,0,0,0,17-AUG-2016,
OPTSTK,AUROPHARMA,29-Sep-2016,520,PE,0,0,0,0.4,0.05,0,0,0,0,17-AUG-2016,
OPTSTK,AUROPHARMA,29-Sep-2016,540,PE,0,0,0,0.8,0.05,0,0,0,0,17-AUG-2016,
OPTSTK,AUROPHARMA,29-Sep-2016,560,PE,0,0,0,1.45,0.1,0,0,0,0,17-AUG-2016,
OPTSTK,AUROPHARMA,29-Sep-2016,580,PE,0,0,0,2.45,0.25,0,0,0,0,17-AUG-2016,
OPTSTK,AUROPHARMA,29-Sep-2016,600,PE,0,0,0,3.95,0.6,0,0,0,0,17-AUG-2016,
OPTSTK,AUROPHARMA,29-Sep-2016,620,PE,0,0,0,6.15,1.3,0,0,0,0,17-AUG-2016,
OPTSTK,AUROPHARMA,29-Sep-2016,640,PE,0,0,0,9.15,2.55,0,0,0,0,17-AUG-2016,
OPTSTK,AUROPHARMA,29-Sep-2016,660,PE,0,0,0,13.1,4.6,0,0,0,0,17-AUG-2016,
OPTSTK,AUROPHARMA,29-Sep-2016,680,PE,0,0,0,17,7.8,0,0,700,0,17-AUG-2016,
OPTSTK,AUROPHARMA,29-Sep-2016,700,PE,19.35,20,18,18,18,6,30.17,9800,3500,17-AUG-2016,
OPTSTK,AUROPHARMA,29-Sep-2016,720,PE,30,30,23.3,23.3,23.3,5,26.11,11200,2800,17-AUG-2016,
OPTSTK,AUROPHARMA,29-Sep-2016,740,PE,37,37,33,34,34,76,411.71,51100,47600,17-AUG-2016,
OPTSTK,AUROPHARMA,29-Sep-2016,760,PE,0,0,0,50.8,36.45,0,0,0,0,17-AUG-2016,
OPTSTK,AUROPHARMA,29-Sep-2016,780,PE,0,0,0,62.15,48.15,0,0,0,0,17-AUG-2016,
OPTSTK,AUROPHARMA,29-Sep-2016,800,PE,0,0,0,74.7,61.5,0,0,0,0,17-AUG-2016,
OPTSTK,AUROPHARMA,29-Sep-2016,820,PE,0,0,0,88.3,76.4,0,0,0,0,17-AUG-2016,
OPTSTK,AUROPHARMA,29-Sep-2016,840,PE,0,0,0,102.9,92.5,0,0,0,0,17-AUG-2016,
OPTSTK,AUROPHARMA,29-Sep-2016,860,PE,0,0,0,118.35,109.65,0,0,0,0,17-AUG-2016,
OPTSTK,AUROPHARMA,29-Sep-2016,880,PE,0,0,0,134.6,127.55,0,0,0,0,17-AUG-2016,
OPTSTK,AUROPHARMA,29-Sep-2016,900,PE,0,0,0,151.45,146.05,0,0,0,0,17-AUG-2016,
OPTSTK,AUROPHARMA,29-Sep-2016,920,PE,0,0,0,168.9,165,0,0,0,0,17-AUG-2016,
OPTSTK,AUROPHARMA,29-Sep-2016,940,PE,0,0,0,186.75,184.25,0,0,0,0,17-AUG-2016,
OPTSTK,AUROPHARMA,29-Sep-2016,960,PE,0,0,0,205,203.7,0,0,0,0,17-AUG-2016,
OPTSTK,AUROPHARMA,27-Oct-2016,480,CE,0,0,0,307.6,275.6,0,0,0,0,17-AUG-2016,
OPTSTK,AUROPHARMA,27-Oct-2016,500,CE,0,0,0,288,255.9,0,0,0,0,17-AUG-2016,
OPTSTK,AUROPHARMA,27-Oct-2016,520,CE,0,0,0,268.45,236.25,0,0,0,0,17-AUG-2016,
OPTSTK,AUROPHARMA,27-Oct-2016,540,CE,0,0,0,249,216.65,0,0,0,0,17-AUG-2016,
OPTSTK,AUROPHARMA,27-Oct-2016,560,CE,0,0,0,229.7,197.25,0,0,0,0,17-AUG-2016,
OPTSTK,AUROPHARMA,27-Oct-2016,580,CE,0,0,0,210.65,178.1,0,0,0,0,17-AUG-2016,
OPTSTK,AUROPHARMA,27-Oct-2016,600,CE,0,0,0,191.9,159.35,0,0,0,0,17-AUG-2016,
OPTSTK,AUROPHARMA,27-Oct-2016,620,CE,0,0,0,173.6,141.15,0,0,0,0,17-AUG-2016,
OPTSTK,AUROPHARMA,27-Oct-2016,640,CE,0,0,0,155.9,123.7,0,0,0,0,17-AUG-2016,
OPTSTK,AUROPHARMA,27-Oct-2016,660,CE,0,0,0,138.95,107.15,0,0,0,0,17-AUG-2016,
OPTSTK,AUROPHARMA,27-Oct-2016,680,CE,0,0,0,122.8,91.65,0,0,0,0,17-AUG-2016,
OPTSTK,AUROPHARMA,27-Oct-2016,700,CE,0,0,0,107.65,77.45,0,0,0,0,17-AUG-2016,
OPTSTK,AUROPHARMA,27-Oct-2016,720,CE,0,0,0,93.5,64.6,0,0,0,0,17-AUG-2016,
OPTSTK,AUROPHARMA,27-Oct-2016,740,CE,0,0,0,80.55,53.2,0,0,0,0,17-AUG-2016,
OPTSTK,AUROPHARMA,27-Oct-2016,760,CE,0,0,0,68.8,43.25,0,0,0,0,17-AUG-2016,
OPTSTK,AUROPHARMA,27-Oct-2016,780,CE,0,0,0,58.25,34.7,0,0,0,0,17-AUG-2016,
OPTSTK,AUROPHARMA,27-Oct-2016,800,CE,0,0,0,48.9,27.5,0,0,0,0,17-AUG-2016,
OPTSTK,AUROPHARMA,27-Oct-2016,820,CE,0,0,0,40.7,21.5,0,0,0,0,17-AUG-2016,
OPTSTK,AUROPHARMA,27-Oct-2016,840,CE,0,0,0,33.65,16.65,0,0,0,0,17-AUG-2016,
OPTSTK,AUROPHARMA,27-Oct-2016,860,CE,0,0,0,27.55,12.75,0,0,0,0,17-AUG-2016,
OPTSTK,AUROPHARMA,27-Oct-2016,880,CE,0,0,0,22.45,9.6,0,0,0,0,17-AUG-2016,
OPTSTK,AUROPHARMA,27-Oct-2016,900,CE,0,0,0,18.1,7.2,0,0,0,0,17-AUG-2016,
OPTSTK,AUROPHARMA,27-Oct-2016,920,CE,0,0,0,14.5,5.3,0,0,0,0,17-AUG-2016,
OPTSTK,AUROPHARMA,27-Oct-2016,940,CE,0,0,0,11.55,3.9,0,0,0,0,17-AUG-2016,
OPTSTK,AUROPHARMA,27-Oct-2016,960,CE,0,0,0,9.15,2.85,0,0,0,0,17-AUG-2016,
OPTSTK,AUROPHARMA,27-Oct-2016,480,PE,0,0,0,0.05,0.05,0,0,0,0,17-AUG-2016,
OPTSTK,AUROPHARMA,27-Oct-2016,500,PE,0,0,0,0.1,0.05,0,0,0,0,17-AUG-2016,
OPTSTK,AUROPHARMA,27-Oct-2016,520,PE,0,0,0,0.2,0.15,0,0,0,0,17-AUG-2016,
OPTSTK,AUROPHARMA,27-Oct-2016,540,PE,0,0,0,0.45,0.3,0,0,0,0,17-AUG-2016,
OPTSTK,AUROPHARMA,27-Oct-2016,560,PE,0,0,0,0.8,0.65,0,0,0,0,17-AUG-2016,
OPTSTK,AUROPHARMA,27-Oct-2016,580,PE,0,0,0,1.4,1.25,0,0,0,0,17-AUG-2016,
OPTSTK,AUROPHARMA,27-Oct-2016,600,PE,0,0,0,2.3,2.2,0,0,0,0,17-AUG-2016,
OPTSTK,AUROPHARMA,27-Oct-2016,620,PE,0,0,0,3.65,3.75,0,0,0,0,17-AUG-2016,
OPTSTK,AUROPHARMA,27-Oct-2016,640,PE,0,0,0,5.65,6,0,0,0,0,17-AUG-2016,
OPTSTK,AUROPHARMA,27-Oct-2016,660,PE,0,0,0,8.3,9.2,0,0,0,0,17-AUG-2016,
OPTSTK,AUROPHARMA,27-Oct-2016,680,PE,0,0,0,11.8,13.45,0,0,0,0,17-AUG-2016,
OPTSTK,AUROPHARMA,27-Oct-2016,700,PE,0,0,0,16.35,18.95,0,0,0,0,17-AUG-2016,
OPTSTK,AUROPHARMA,27-Oct-2016,720,PE,0,0,0,21.85,25.85,0,0,0,0,17-AUG-2016,
OPTSTK,AUROPHARMA,27-Oct-2016,740,PE,0,0,0,28.55,34.2,0,0,0,0,17-AUG-2016,
OPTSTK,AUROPHARMA,27-Oct-2016,760,PE,0,0,0,36.45,43.95,0,0,0,0,17-AUG-2016,
OPTSTK,AUROPHARMA,27-Oct-2016,780,PE,0,0,0,45.55,55.15,0,0,0,0,17-AUG-2016,
OPTSTK,AUROPHARMA,27-Oct-2016,800,PE,0,0,0,55.85,67.7,0,0,0,0,17-AUG-2016,
OPTSTK,AUROPHARMA,27-Oct-2016,820,PE,0,0,0,67.35,81.45,0,0,0,0,17-AUG-2016,
OPTSTK,AUROPHARMA,27-Oct-2016,840,PE,0,0,0,79.9,96.35,0,0,0,0,17-AUG-2016,
OPTSTK,AUROPHARMA,27-Oct-2016,860,PE,0,0,0,93.45,112.1,0,0,0,0,17-AUG-2016,
OPTSTK,AUROPHARMA,27-Oct-2016,880,PE,0,0,0,108,128.75,0,0,0,0,17-AUG-2016,
OPTSTK,AUROPHARMA,27-Oct-2016,900,PE,0,0,0,123.35,146.05,0,0,0,0,17-AUG-2016,
OPTSTK,AUROPHARMA,27-Oct-2016,920,PE,0,0,0,139.4,163.9,0,0,0,0,17-AUG-2016,
OPTSTK,AUROPHARMA,27-Oct-2016,940,PE,0,0,0,156.1,182.2,0,0,0,0,17-AUG-2016,
OPTSTK,AUROPHARMA,27-Oct-2016,960,PE,0,0,0,173.35,200.9,0,0,0,0,17-AUG-2016,
OPTSTK,AXISBANK,25-Aug-2016,340,CE,0,0,0,185.25,250.05,0,0,0,0,17-AUG-2016,
OPTSTK,AXISBANK,25-Aug-2016,350,CE,0,0,0,175.55,240.05,0,0,0,0,17-AUG-2016,
OPTSTK,AXISBANK,25-Aug-2016,360,CE,0,0,0,165.95,230.05,0,0,0,0,17-AUG-2016,
OPTSTK,AXISBANK,25-Aug-2016,370,CE,0,0,0,156.35,220.05,0,0,0,0,17-AUG-2016,
OPTSTK,AXISBANK,25-Aug-2016,380,CE,0,0,0,146.9,210.1,0,0,0,0,17-AUG-2016,
OPTSTK,AXISBANK,25-Aug-2016,390,CE,0,0,0,137.55,200.1,0,0,0,0,17-AUG-2016,
OPTSTK,AXISBANK,25-Aug-2016,400,CE,0,0,0,128.4,190.1,0,0,0,0,17-AUG-2016,
OPTSTK,AXISBANK,25-Aug-2016,410,CE,0,0,0,119.4,180.15,0,0,0,0,17-AUG-2016,
OPTSTK,AXISBANK,25-Aug-2016,420,CE,0,0,0,122.8,170.15,0,0,3600,0,17-AUG-2016,
OPTSTK,AXISBANK,25-Aug-2016,430,CE,0,0,0,102.15,160.15,0,0,0,0,17-AUG-2016,
OPTSTK,AXISBANK,25-Aug-2016,440,CE,0,0,0,133.9,150.2,0,0,4800,0,17-AUG-2016,
OPTSTK,AXISBANK,25-Aug-2016,450,CE,0,0,0,104.3,140.2,0,0,1200,0,17-AUG-2016,
OPTSTK,AXISBANK,25-Aug-2016,460,CE,133.5,133.5,133.5,133.5,133.5,1,7.12,4800,-1200,17-AUG-2016,
OPTSTK,AXISBANK,25-Aug-2016,470,CE,0,0,0,81,120.2,0,0,7200,0,17-AUG-2016,
OPTSTK,AXISBANK,25-Aug-2016,480,CE,0,0,0,77.3,110.25,0,0,22800,0,17-AUG-2016,
OPTSTK,AXISBANK,25-Aug-2016,490,CE,0,0,0,65,100.25,0,0,13200,0,17-AUG-2016,
OPTSTK,AXISBANK,25-Aug-2016,500,CE,0,0,0,65.75,90.25,0,0,31200,0,17-AUG-2016,
OPTSTK,AXISBANK,25-Aug-2016,510,CE,82,82,82,82,82,1,7.1,1200,-1200,17-AUG-2016,
OPTSTK,AXISBANK,25-Aug-2016,520,CE,0,0,0,65.15,70.3,0,0,50400,0,17-AUG-2016,
OPTSTK,AXISBANK,25-Aug-2016,530,CE,0,0,0,57.25,60.4,0,0,34800,0,17-AUG-2016,
OPTSTK,AXISBANK,25-Aug-2016,540,CE,52,54.5,49.85,50.1,50.1,5,35.47,88800,-4800,17-AUG-2016,
OPTSTK,AXISBANK,25-Aug-2016,550,CE,44.5,46.65,41.75,41.75,41.75,10,71.28,297600,-6000,17-AUG-2016,
OPTSTK,AXISBANK,25-Aug-2016,560,CE,34,37,28.2,30.95,30.95,56,398.62,1116000,-14400,17-AUG-2016,
OPTSTK,AXISBANK,25-Aug-2016,570,CE,22,28.5,21,22.2,22.2,39,278.18,319200,-8400,17-AUG-2016,
OPTSTK,AXISBANK,25-Aug-2016,580,CE,12.6,20.5,12.6,14.8,14.8,305,2183.47,490800,-54000,17-AUG-2016,
OPTSTK,AXISBANK,25-Aug-2016,590,CE,7.8,13.6,7.65,9.1,9.1,1007,7257.97,436800,-67200,17-AUG-2016,
OPTSTK,AXISBANK,25-Aug-2016,600,CE,4.9,8.2,4.4,5.15,5.15,2617,19045.05,1054800,-48000,17-AUG-2016,
OPTSTK,AXISBANK,25-Aug-2016,610,CE,2.7,4.65,2.45,2.85,2.85,644,4742,402000,123600,17-AUG-2016,
OPTSTK,AXISBANK,25-Aug-2016,620,CE,1.6,2.55,1.3,1.55,1.55,321,2395.89,309600,42000,17-AUG-2016,
OPTSTK,AXISBANK,25-Aug-2016,630,CE,1,1.4,0.75,0.85,0.85,238,1802.31,231600,66000,17-AUG-2016,
OPTSTK,AXISBANK,25-Aug-2016,640,CE,0.65,0.8,0.45,0.55,0.55,298,2291.03,122400,24000,17-AUG-2016,
OPTSTK,AXISBANK,25-Aug-2016,650,CE,0.5,0.55,0.35,0.35,0.35,13,101.47,134400,3600,17-AUG-2016,
OPTSTK,AXISBANK,25-Aug-2016,660,CE,0,0,0,5.65,0.1,0,0,0,0,17-AUG-2016,
OPTSTK,AXISBANK,25-Aug-2016,670,CE,0,0,0,0.35,0.05,0,0,9600,0,17-AUG-2016,
OPTSTK,AXISBANK,25-Aug-2016,680,CE,0,0,0,4.05,0.05,0,0,0,0,17-AUG-2016,
OPTSTK,AXISBANK,25-Aug-2016,690,CE,0,0,0,3.4,0,0,0,0,0,17-AUG-2016,
OPTSTK,AXISBANK,25-Aug-2016,340,PE,0,0,0,0.2,0,0,0,0,0,17-AUG-2016,
OPTSTK,AXISBANK,25-Aug-2016,350,PE,0,0,0,0.35,0,0,0,0,0,17-AUG-2016,
OPTSTK,AXISBANK,25-Aug-2016,360,PE,0,0,0,0.5,0,0,0,0,0,17-AUG-2016,
OPTSTK,AXISBANK,25-Aug-2016,370,PE,0,0,0,0.75,0,0,0,0,0,17-AUG-2016,
OPTSTK,AXISBANK,25-Aug-2016,380,PE,0,0,0,1.1,0,0,0,0,0,17-AUG-2016,
OPTSTK,AXISBANK,25-Aug-2016,390,PE,0,0,0,1.6,0,0,0,0,0,17-AUG-2016,
OPTSTK,AXISBANK,25-Aug-2016,400,PE,0,0,0,2.25,0,0,0,0,0,17-AUG-2016,
OPTSTK,AXISBANK,25-Aug-2016,410,PE,0,0,0,3.1,0,0,0,0,0,17-AUG-2016,
OPTSTK,AXISBANK,25-Aug-2016,420,PE,0,0,0,4.15,0,0,0,0,0,17-AUG-2016,
OPTSTK,AXISBANK,25-Aug-2016,430,PE,0,0,0,5.45,0,0,0,0,0,17-AUG-2016,
OPTSTK,AXISBANK,25-Aug-2016,440,PE,0,0,0,7.1,0,0,0,0,0,17-AUG-2016,
OPTSTK,AXISBANK,25-Aug-2016,450,PE,0,0,0,9,0,0,0,0,0,17-AUG-2016,
OPTSTK,AXISBANK,25-Aug-2016,460,PE,0,0,0,11.3,0,0,0,0,0,17-AUG-2016,
OPTSTK,AXISBANK,25-Aug-2016,470,PE,0,0,0,0.3,0,0,0,27600,0,17-AUG-2016,
OPTSTK,AXISBANK,25-Aug-2016,480,PE,0,0,0,0.1,0,0,0,21600,0,17-AUG-2016,
OPTSTK,AXISBANK,25-Aug-2016,490,PE,0.15,0.15,0.15,0.15,0.15,1,5.88,114000,-1200,17-AUG-2016,
OPTSTK,AXISBANK,25-Aug-2016,500,PE,0.3,0.35,0.3,0.35,0.35,49,294.18,757200,-19200,17-AUG-2016,
OPTSTK,AXISBANK,25-Aug-2016,510,PE,0.3,0.3,0.3,0.3,0.3,5,30.61,100800,-6000,17-AUG-2016,
OPTSTK,AXISBANK,25-Aug-2016,520,PE,0.3,0.35,0.25,0.25,0.25,53,330.92,237600,-32400,17-AUG-2016,
OPTSTK,AXISBANK,25-Aug-2016,530,PE,0.45,0.45,0.35,0.35,0.35,61,388.26,255600,-20400,17-AUG-2016,
OPTSTK,AXISBANK,25-Aug-2016,540,PE,0.65,0.65,0.4,0.55,0.55,131,849.72,393600,-56400,17-AUG-2016,
OPTSTK,AXISBANK,25-Aug-2016,550,PE,0.9,0.95,0.75,0.8,0.8,305,2016.04,747600,-44400,17-AUG-2016,
OPTSTK,AXISBANK,25-Aug-2016,560,PE,1.95,2.1,1.1,1.3,1.3,517,3482.7,878400,40800,17-AUG-2016,
OPTSTK,AXISBANK,25-Aug-2016,570,PE,3.3,3.6,2,2.5,2.5,613,4211.1,519600,62400,17-AUG-2016,
OPTSTK,AXISBANK,25-Aug-2016,580,PE,5.8,5.95,3.5,4.7,4.7,993,6964.92,588000,142800,17-AUG-2016,
OPTSTK,AXISBANK,25-Aug-2016,590,PE,9.6,10.4,6.25,8.6,8.6,901,6466.37,195600,108000,17-AUG-2016,
OPTSTK,AXISBANK,25-Aug-2016,600,PE,14.1,16.7,10.85,14.7,14.7,205,1508.23,75600,44400,17-AUG-2016,
OPTSTK,AXISBANK,25-Aug-2016,610,PE,18.05,22.05,17.7,21.25,21.25,16,120.82,6000,4800,17-AUG-2016,
OPTSTK,AXISBANK,25-Aug-2016,620,PE,0,0,0,47.4,31.6,0,0,2400,0,17-AUG-2016,
OPTSTK,AXISBANK,25-Aug-2016,630,PE,0,0,0,56.8,40.55,0,0,2400,0,17-AUG-2016,
OPTSTK,AXISBANK,25-Aug-2016,640,PE,0,0,0,117.4,50,0,0,0,0,17-AUG-2016,
OPTSTK,AXISBANK,25-Aug-2016,650,PE,0,0,0,126.05,59.75,0,0,0,0,17-AUG-2016,
OPTSTK,AXISBANK,25-Aug-2016,660,PE,0,0,0,134.9,69.6,0,0,0,0,17-AUG-2016,
OPTSTK,AXISBANK,25-Aug-2016,670,PE,0,0,0,143.85,79.55,0,0,0,0,17-AUG-2016,
OPTSTK,AXISBANK,25-Aug-2016,680,PE,0,0,0,152.9,89.5,0,0,0,0,17-AUG-2016,
OPTSTK,AXISBANK,25-Aug-2016,690,PE,0,0,0,162.1,99.5,0,0,0,0,17-AUG-2016,
OPTSTK,AXISBANK,29-Sep-2016,340,CE,0,0,0,199.55,252.25,0,0,0,0,17-AUG-2016,
OPTSTK,AXISBANK,29-Sep-2016,350,CE,0,0,0,189.75,242.35,0,0,0,0,17-AUG-2016,
OPTSTK,AXISBANK,29-Sep-2016,360,CE,0,0,0,179.95,232.45,0,0,0,0,17-AUG-2016,
OPTSTK,AXISBANK,29-Sep-2016,370,CE,0,0,0,170.2,222.5,0,0,0,0,17-AUG-2016,
OPTSTK,AXISBANK,29-Sep-2016,380,CE,0,0,0,160.5,212.6,0,0,0,0,17-AUG-2016,
OPTSTK,AXISBANK,29-Sep-2016,390,CE,0,0,0,150.8,202.7,0,0,0,0,17-AUG-2016,
OPTSTK,AXISBANK,29-Sep-2016,400,CE,0,0,0,141.25,192.75,0,0,0,0,17-AUG-2016,
OPTSTK,AXISBANK,29-Sep-2016,410,CE,0,0,0,131.75,182.85,0,0,0,0,17-AUG-2016,
OPTSTK,AXISBANK,29-Sep-2016,420,CE,0,0,0,122.4,172.95,0,0,0,0,17-AUG-2016,
OPTSTK,AXISBANK,29-Sep-2016,430,CE,0,0,0,113.2,163,0,0,0,0,17-AUG-2016,
OPTSTK,AXISBANK,29-Sep-2016,440,CE,0,0,0,104.25,153.1,0,0,0,0,17-AUG-2016,
OPTSTK,AXISBANK,29-Sep-2016,450,CE,0,0,0,95.55,143.25,0,0,0,0,17-AUG-2016,
OPTSTK,AXISBANK,29-Sep-2016,460,CE,0,0,0,87.15,133.4,0,0,0,0,17-AUG-2016,
OPTSTK,AXISBANK,29-Sep-2016,470,CE,0,0,0,79.05,123.6,0,0,0,0,17-AUG-2016,
OPTSTK,AXISBANK,29-Sep-2016,480,CE,0,0,0,71.35,113.85,0,0,0,0,17-AUG-2016,
OPTSTK,AXISBANK,29-Sep-2016,490,CE,0,0,0,64.05,104.25,0,0,0,0,17-AUG-2016,
OPTSTK,AXISBANK,29-Sep-2016,500,CE,0,0,0,57.15,94.8,0,0,0,0,17-AUG-2016,
OPTSTK,AXISBANK,29-Sep-2016,510,CE,84,84,84,84,84,1,7.12,1200,1200,17-AUG-2016,
OPTSTK,AXISBANK,29-Sep-2016,520,CE,0,0,0,44.8,76.65,0,0,0,0,17-AUG-2016,
OPTSTK,AXISBANK,29-Sep-2016,530,CE,0,0,0,58.95,68.05,0,0,2400,0,17-AUG-2016,
OPTSTK,AXISBANK,29-Sep-2016,540,CE,0,0,0,34.35,59.85,0,0,0,0,17-AUG-2016,
OPTSTK,AXISBANK,29-Sep-2016,550,CE,0,0,0,29.85,52.15,0,0,0,0,17-AUG-2016,
OPTSTK,AXISBANK,29-Sep-2016,560,CE,46,46,40,40,40,7,50.78,15600,7200,17-AUG-2016,
OPTSTK,AXISBANK,29-Sep-2016,570,CE,0,0,0,29.7,38.4,0,0,8400,0,17-AUG-2016,
OPTSTK,AXISBANK,29-Sep-2016,580,CE,30,30,30,30,30,4,29.28,18000,0,17-AUG-2016,
OPTSTK,AXISBANK,29-Sep-2016,590,CE,0,0,0,17.85,27.1,0,0,2400,0,17-AUG-2016,
OPTSTK,AXISBANK,29-Sep-2016,600,CE,18.45,21.25,17,17.75,17.75,50,371.33,240000,10800,17-AUG-2016,
OPTSTK,AXISBANK,29-Sep-2016,610,CE,13.25,13.25,13.25,13.25,13.25,1,7.47,1200,1200,17-AUG-2016,
OPTSTK,AXISBANK,29-Sep-2016,620,CE,10,12.15,9.75,9.75,9.75,8,60.62,9600,8400,17-AUG-2016,
OPTSTK,AXISBANK,29-Sep-2016,630,CE,0,0,0,8,11.8,0,0,0,0,17-AUG-2016,
OPTSTK,AXISBANK,29-Sep-2016,640,CE,6.2,6.9,6,6.85,6.85,6,46.54,75600,6000,17-AUG-2016,
OPTSTK,AXISBANK,29-Sep-2016,650,CE,4.5,4.5,3.9,3.95,3.95,5,39.25,3600,3600,17-AUG-2016,
OPTSTK,AXISBANK,29-Sep-2016,660,CE,3.5,3.5,3.5,3.5,3.5,1,7.96,1200,1200,17-AUG-2016,
OPTSTK,AXISBANK,29-Sep-2016,670,CE,0,0,0,3.7,4.35,0,0,0,0,17-AUG-2016,
OPTSTK,AXISBANK,29-Sep-2016,680,CE,0,0,0,3.05,3.3,0,0,0,0,17-AUG-2016,
OPTSTK,AXISBANK,29-Sep-2016,690,CE,0,0,0,2.45,2.45,0,0,0,0,17-AUG-2016,
OPTSTK,AXISBANK,29-Sep-2016,340,PE,0,0,0,0.05,0,0,0,0,0,17-AUG-2016,
OPTSTK,AXISBANK,29-Sep-2016,350,PE,0,0,0,0.05,0,0,0,0,0,17-AUG-2016,
OPTSTK,AXISBANK,29-Sep-2016,360,PE,0,0,0,0.1,0,0,0,0,0,17-AUG-2016,
OPTSTK,AXISBANK,29-Sep-2016,370,PE,0,0,0,0.15,0,0,0,0,0,17-AUG-2016,
OPTSTK,AXISBANK,29-Sep-2016,380,PE,0,0,0,0.25,0,0,0,0,0,17-AUG-2016,
OPTSTK,AXISBANK,29-Sep-2016,390,PE,0,0,0,0.4,0,0,0,0,0,17-AUG-2016,
OPTSTK,AXISBANK,29-Sep-2016,400,PE,0,0,0,0.65,0,0,0,0,0,17-AUG-2016,
OPTSTK,AXISBANK,29-Sep-2016,410,PE,0,0,0,1,0,0,0,0,0,17-AUG-2016,
OPTSTK,AXISBANK,29-Sep-2016,420,PE,0,0,0,1.5,0.05,0,0,0,0,17-AUG-2016,
OPTSTK,AXISBANK,29-Sep-2016,430,PE,0,0,0,2.15,0.05,0,0,0,0,17-AUG-2016,
OPTSTK,AXISBANK,29-Sep-2016,440,PE,0,0,0,3,0.05,0,0,0,0,17-AUG-2016,
OPTSTK,AXISBANK,29-Sep-2016,450,PE,0,0,0,4.1,0.1,0,0,0,0,17-AUG-2016,
OPTSTK,AXISBANK,29-Sep-2016,460,PE,0,0,0,5.5,0.15,0,0,0,0,17-AUG-2016,
OPTSTK,AXISBANK,29-Sep-2016,470,PE,0,0,0,7.25,0.3,0,0,0,0,17-AUG-2016,
OPTSTK,AXISBANK,29-Sep-2016,480,PE,0,0,0,9.35,0.5,0,0,0,0,17-AUG-2016,
OPTSTK,AXISBANK,29-Sep-2016,490,PE,0,0,0,11.9,0.8,0,0,0,0,17-AUG-2016,
OPTSTK,AXISBANK,29-Sep-2016,500,PE,0,0,0,12.45,1.25,0,0,3600,0,17-AUG-2016,
OPTSTK,AXISBANK,29-Sep-2016,510,PE,0,0,0,18.25,1.95,0,0,0,0,17-AUG-2016,
OPTSTK,AXISBANK,29-Sep-2016,520,PE,0,0,0,8,2.95,0,0,4800,0,17-AUG-2016,
OPTSTK,AXISBANK,29-Sep-2016,530,PE,0,0,0,6.5,4.25,0,0,2400,0,17-AUG-2016,
OPTSTK,AXISBANK,29-Sep-2016,540,PE,5.4,5.4,5.4,5.4,5.4,1,6.54,3600,1200,17-AUG-2016,
OPTSTK,AXISBANK,29-Sep-2016,550,PE,5.5,5.5,5.5,5.5,5.5,1,6.66,2400,0,17-AUG-2016,
OPTSTK,AXISBANK,29-Sep-2016,560,PE,7.7,8.4,7.2,8.25,8.25,55,374.55,210000,55200,17-AUG-2016,
OPTSTK,AXISBANK,29-Sep-2016,570,PE,10.75,10.75,10.75,10.75,10.75,1,6.96,8400,-1200,17-AUG-2016,
OPTSTK,AXISBANK,29-Sep-2016,580,PE,14.25,15.8,12.75,15.5,15.5,40,285.57,49200,32400,17-AUG-2016,
OPTSTK,AXISBANK,29-Sep-2016,590,PE,20,20,18.2,18.2,18.2,4,29.23,4800,4800,17-AUG-2016,
OPTSTK,AXISBANK,29-Sep-2016,600,PE,24.55,24.55,24.55,24.55,24.55,2,14.98,2400,0,17-AUG-2016,
OPTSTK,AXISBANK,29-Sep-2016,610,PE,0,0,0,77.2,33.85,0,0,0,0,17-AUG-2016,
OPTSTK,AXISBANK,29-Sep-2016,620,PE,0,0,0,85.15,40.25,0,0,0,0,17-AUG-2016,
OPTSTK,AXISBANK,29-Sep-2016,630,PE,0,0,0,93.4,47.2,0,0,0,0,17-AUG-2016,
OPTSTK,AXISBANK,29-Sep-2016,640,PE,0,0,0,101.85,54.7,0,0,0,0,17-AUG-2016,
OPTSTK,AXISBANK,29-Sep-2016,650,PE,0,0,0,110.5,62.55,0,0,0,0,17-AUG-2016,
OPTSTK,AXISBANK,29-Sep-2016,660,PE,0,0,0,119.35,70.8,0,0,0,0,17-AUG-2016,
OPTSTK,AXISBANK,29-Sep-2016,670,PE,0,0,0,128.35,79.4,0,0,0,0,17-AUG-2016,
OPTSTK,AXISBANK,29-Sep-2016,680,PE,0,0,0,137.5,88.3,0,0,0,0,17-AUG-2016,
OPTSTK,AXISBANK,29-Sep-2016,690,PE,0,0,0,146.75,97.4,0,0,0,0,17-AUG-2016,
OPTSTK,AXISBANK,27-Oct-2016,340,CE,0,0,0,209.7,254.05,0,0,0,0,17-AUG-2016,
OPTSTK,AXISBANK,27-Oct-2016,350,CE,0,0,0,199.9,244.2,0,0,0,0,17-AUG-2016,
OPTSTK,AXISBANK,27-Oct-2016,360,CE,0,0,0,190.1,234.3,0,0,0,0,17-AUG-2016,
OPTSTK,AXISBANK,27-Oct-2016,370,CE,0,0,0,180.3,224.45,0,0,0,0,17-AUG-2016,
OPTSTK,AXISBANK,27-Oct-2016,380,CE,0,0,0,170.55,214.6,0,0,0,0,17-AUG-2016,
OPTSTK,AXISBANK,27-Oct-2016,390,CE,0,0,0,160.8,204.75,0,0,0,0,17-AUG-2016,
OPTSTK,AXISBANK,27-Oct-2016,400,CE,0,0,0,151.15,194.9,0,0,0,0,17-AUG-2016,
OPTSTK,AXISBANK,27-Oct-2016,410,CE,0,0,0,141.55,185.05,0,0,0,0,17-AUG-2016,
OPTSTK,AXISBANK,27-Oct-2016,420,CE,0,0,0,132.1,175.2,0,0,0,0,17-AUG-2016,
OPTSTK,AXISBANK,27-Oct-2016,430,CE,0,0,0,122.75,165.45,0,0,0,0,17-AUG-2016,
OPTSTK,AXISBANK,27-Oct-2016,440,CE,0,0,0,113.55,155.7,0,0,0,0,17-AUG-2016,
OPTSTK,AXISBANK,27-Oct-2016,450,CE,0,0,0,104.6,146,0,0,0,0,17-AUG-2016,
OPTSTK,AXISBANK,27-Oct-2016,460,CE,0,0,0,95.9,136.4,0,0,0,0,17-AUG-2016,
OPTSTK,AXISBANK,27-Oct-2016,470,CE,0,0,0,87.45,126.9,0,0,0,0,17-AUG-2016,
OPTSTK,AXISBANK,27-Oct-2016,480,CE,0,0,0,79.35,117.6,0,0,0,0,17-AUG-2016,
OPTSTK,AXISBANK,27-Oct-2016,490,CE,0,0,0,71.65,108.45,0,0,0,0,17-AUG-2016,
OPTSTK,AXISBANK,27-Oct-2016,500,CE,0,0,0,64.35,99.5,0,0,0,0,17-AUG-2016,
OPTSTK,AXISBANK,27-Oct-2016,510,CE,0,0,0,57.45,90.85,0,0,0,0,17-AUG-2016,
OPTSTK,AXISBANK,27-Oct-2016,520,CE,0,0,0,51,82.5,0,0,0,0,17-AUG-2016,
OPTSTK,AXISBANK,27-Oct-2016,530,CE,0,0,0,45.05,74.5,0,0,0,0,17-AUG-2016,
OPTSTK,AXISBANK,27-Oct-2016,540,CE,0,0,0,39.55,66.9,0,0,0,0,17-AUG-2016,
OPTSTK,AXISBANK,27-Oct-2016,550,CE,0,0,0,34.55,59.75,0,0,0,0,17-AUG-2016,
OPTSTK,AXISBANK,27-Oct-2016,560,CE,0,0,0,30,53,0,0,0,0,17-AUG-2016,
OPTSTK,AXISBANK,27-Oct-2016,570,CE,0,0,0,25.9,46.75,0,0,0,0,17-AUG-2016,
OPTSTK,AXISBANK,27-Oct-2016,580,CE,0,0,0,22.25,40.95,0,0,0,0,17-AUG-2016,
OPTSTK,AXISBANK,27-Oct-2016,590,CE,0,0,0,19.05,35.7,0,0,0,0,17-AUG-2016,
OPTSTK,AXISBANK,27-Oct-2016,600,CE,0,0,0,16.2,30.9,0,0,0,0,17-AUG-2016,
OPTSTK,AXISBANK,27-Oct-2016,610,CE,0,0,0,13.7,26.6,0,0,0,0,17-AUG-2016,
OPTSTK,AXISBANK,27-Oct-2016,620,CE,0,0,0,11.55,22.75,0,0,0,0,17-AUG-2016,
OPTSTK,AXISBANK,27-Oct-2016,630,CE,0,0,0,9.65,19.35,0,0,0,0,17-AUG-2016,
OPTSTK,AXISBANK,27-Oct-2016,640,CE,0,0,0,8.05,16.35,0,0,0,0,17-AUG-2016,
OPTSTK,AXISBANK,27-Oct-2016,650,CE,0,0,0,6.7,13.75,0,0,0,0,17-AUG-2016,
OPTSTK,AXISBANK,27-Oct-2016,660,CE,0,0,0,5.55,11.5,0,0,0,0,17-AUG-2016,
OPTSTK,AXISBANK,27-Oct-2016,670,CE,0,0,0,4.55,9.55,0,0,0,0,17-AUG-2016,
OPTSTK,AXISBANK,27-Oct-2016,680,CE,0,0,0,3.75,7.9,0,0,0,0,17-AUG-2016,
OPTSTK,AXISBANK,27-Oct-2016,690,CE,0,0,0,3.05,6.5,0,0,0,0,17-AUG-2016,
OPTSTK,AXISBANK,27-Oct-2016,340,PE,0,0,0,0.05,0,0,0,0,0,17-AUG-2016,
OPTSTK,AXISBANK,27-Oct-2016,350,PE,0,0,0,0.05,0,0,0,0,0,17-AUG-2016,
OPTSTK,AXISBANK,27-Oct-2016,360,PE,0,0,0,0.05,0,0,0,0,0,17-AUG-2016,
OPTSTK,AXISBANK,27-Oct-2016,370,PE,0,0,0,0.1,0,0,0,0,0,17-AUG-2016,
OPTSTK,AXISBANK,27-Oct-2016,380,PE,0,0,0,0.15,0.05,0,0,0,0,17-AUG-2016,
OPTSTK,AXISBANK,27-Oct-2016,390,PE,0,0,0,0.25,0.05,0,0,0,0,17-AUG-2016,
OPTSTK,AXISBANK,27-Oct-2016,400,PE,0,0,0,0.45,0.05,0,0,0,0,17-AUG-2016,
OPTSTK,AXISBANK,27-Oct-2016,410,PE,0,0,0,0.65,0.1,0,0,0,0,17-AUG-2016,
OPTSTK,AXISBANK,27-Oct-2016,420,PE,0,0,0,1,0.1,0,0,0,0,17-AUG-2016,
OPTSTK,AXISBANK,27-Oct-2016,430,PE,0,0,0,1.5,0.2,0,0,0,0,17-AUG-2016,
OPTSTK,AXISBANK,27-Oct-2016,440,PE,0,0,0,2.15,0.3,0,0,0,0,17-AUG-2016,
OPTSTK,AXISBANK,27-Oct-2016,450,PE,0,0,0,3,0.5,0,0,0,0,17-AUG-2016,
OPTSTK,AXISBANK,27-Oct-2016,460,PE,0,0,0,4.15,0.75,0,0,0,0,17-AUG-2016,
OPTSTK,AXISBANK,27-Oct-2016,470,PE,0,0,0,5.55,1.15,0,0,0,0,17-AUG-2016,
OPTSTK,AXISBANK,27-Oct-2016,480,PE,0,0,0,7.25,1.7,0,0,0,0,17-AUG-2016,
OPTSTK,AXISBANK,27-Oct-2016,490,PE,0,0,0,9.4,2.4,0,0,0,0,17-AUG-2016,
OPTSTK,AXISBANK,27-Oct-2016,500,PE,0,0,0,11.9,3.35,0,0,0,0,17-AUG-2016,
OPTSTK,AXISBANK,27-Oct-2016,510,PE,0,0,0,14.8,4.55,0,0,0,0,17-AUG-2016,
OPTSTK,AXISBANK,27-Oct-2016,520,PE,0,0,0,18.2,6.05,0,0,0,0,17-AUG-2016,
OPTSTK,AXISBANK,27-Oct-2016,530,PE,0,0,0,22.1,7.95,0,0,0,0,17-AUG-2016,
OPTSTK,AXISBANK,27-Oct-2016,540,PE,0,0,0,26.45,10.2,0,0,0,0,17-AUG-2016,
OPTSTK,AXISBANK,27-Oct-2016,550,PE,0,0,0,31.25,12.9,0,0,0,0,17-AUG-2016,
OPTSTK,AXISBANK,27-Oct-2016,560,PE,0,0,0,36.55,16,0,0,0,0,17-AUG-2016,
OPTSTK,AXISBANK,27-Oct-2016,570,PE,0,0,0,42.3,19.65,0,0,0,0,17-AUG-2016,
OPTSTK,AXISBANK,27-Oct-2016,580,PE,0,0,0,48.45,23.75,0,0,0,0,17-AUG-2016,
OPTSTK,AXISBANK,27-Oct-2016,590,PE,0,0,0,55.05,28.35,0,0,0,0,17-AUG-2016,
OPTSTK,AXISBANK,27-Oct-2016,600,PE,0,0,0,62.05,33.4,0,0,0,0,17-AUG-2016,
OPTSTK,AXISBANK,27-Oct-2016,610,PE,0,0,0,69.4,38.95,0,0,0,0,17-AUG-2016,
OPTSTK,AXISBANK,27-Oct-2016,620,PE,0,0,0,77.05,45,0,0,0,0,17-AUG-2016,
OPTSTK,AXISBANK,27-Oct-2016,630,PE,0,0,0,85,51.45,0,0,0,0,17-AUG-2016,
OPTSTK,AXISBANK,27-Oct-2016,640,PE,0,0,0,93.2,58.3,0,0,0,0,17-AUG-2016,
OPTSTK,AXISBANK,27-Oct-2016,650,PE,0,0,0,101.7,65.6,0,0,0,0,17-AUG-2016,
OPTSTK,AXISBANK,27-Oct-2016,660,PE,0,0,0,110.35,73.2,0,0,0,0,17-AUG-2016,
OPTSTK,AXISBANK,27-Oct-2016,670,PE,0,0,0,119.2,81.15,0,0,0,0,17-AUG-2016,
OPTSTK,AXISBANK,27-Oct-2016,680,PE,0,0,0,128.2,89.35,0,0,0,0,17-AUG-2016,
OPTSTK,AXISBANK,27-Oct-2016,690,PE,0,0,0,137.35,97.8,0,0,0,0,17-AUG-2016,
OPTSTK,BAJAJ-AUTO,25-Aug-2016,1600,CE,0,0,0,933.85,1342.05,0,0,0,0,17-AUG-2016,
OPTSTK,BAJAJ-AUTO,25-Aug-2016,1650,CE,0,0,0,884.85,1292.15,0,0,0,0,17-AUG-2016,
OPTSTK,BAJAJ-AUTO,25-Aug-2016,1700,CE,0,0,0,836,1242.2,0,0,0,0,17-AUG-2016,
OPTSTK,BAJAJ-AUTO,25-Aug-2016,1750,CE,0,0,0,787.25,1192.3,0,0,0,0,17-AUG-2016,
OPTSTK,BAJAJ-AUTO,25-Aug-2016,1800,CE,0,0,0,738.8,1142.35,0,0,0,0,17-AUG-2016,
OPTSTK,BAJAJ-AUTO,25-Aug-2016,1850,CE,0,0,0,690.65,1092.45,0,0,0,0,17-AUG-2016,
OPTSTK,BAJAJ-AUTO,25-Aug-2016,1900,CE,0,0,0,643,1042.5,0,0,0,0,17-AUG-2016,
OPTSTK,BAJAJ-AUTO,25-Aug-2016,1950,CE,0,0,0,596,992.6,0,0,0,0,17-AUG-2016,
OPTSTK,BAJAJ-AUTO,25-Aug-2016,2000,CE,0,0,0,549.85,942.65,0,0,0,0,17-AUG-2016,
OPTSTK,BAJAJ-AUTO,25-Aug-2016,2050,CE,0,0,0,504.75,892.75,0,0,0,0,17-AUG-2016,
OPTSTK,BAJAJ-AUTO,25-Aug-2016,2100,CE,0,0,0,460.95,842.8,0,0,0,0,17-AUG-2016,
OPTSTK,BAJAJ-AUTO,25-Aug-2016,2150,CE,0,0,0,418.65,792.9,0,0,0,0,17-AUG-2016,
OPTSTK,BAJAJ-AUTO,25-Aug-2016,2200,CE,0,0,0,378.1,742.95,0,0,0,0,17-AUG-2016,
OPTSTK,BAJAJ-AUTO,25-Aug-2016,2250,CE,0,0,0,339.5,693.05,0,0,0,0,17-AUG-2016,
OPTSTK,BAJAJ-AUTO,25-Aug-2016,2300,CE,0,0,0,303.05,643.1,0,0,0,0,17-AUG-2016,
OPTSTK,BAJAJ-AUTO,25-Aug-2016,2350,CE,0,0,0,268.75,593.2,0,0,0,0,17-AUG-2016,
OPTSTK,BAJAJ-AUTO,25-Aug-2016,2400,CE,0,0,0,237,543.25,0,0,0,0,17-AUG-2016,
OPTSTK,BAJAJ-AUTO,25-Aug-2016,2450,CE,0,0,0,207.7,493.35,0,0,0,0,17-AUG-2016,
OPTSTK,BAJAJ-AUTO,25-Aug-2016,2500,CE,0,0,0,180.9,443.4,0,0,0,0,17-AUG-2016,
OPTSTK,BAJAJ-AUTO,25-Aug-2016,2550,CE,0,0,0,156.6,393.5,0,0,0,0,17-AUG-2016,
OPTSTK,BAJAJ-AUTO,25-Aug-2016,2600,CE,0,0,0,173,343.55,0,0,750,0,17-AUG-2016,
OPTSTK,BAJAJ-AUTO,25-Aug-2016,2650,CE,0,0,0,203.65,293.7,0,0,10750,0,17-AUG-2016,
OPTSTK,BAJAJ-AUTO,25-Aug-2016,2700,CE,0,0,0,158,244.05,0,0,12750,0,17-AUG-2016,
OPTSTK,BAJAJ-AUTO,25-Aug-2016,2750,CE,185.95,205,185.95,205,205,9,66.23,14250,250,17-AUG-2016,
OPTSTK,BAJAJ-AUTO,25-Aug-2016,2800,CE,111,141.5,111,141.5,141.5,2,14.63,37250,250,17-AUG-2016,
OPTSTK,BAJAJ-AUTO,25-Aug-2016,2850,CE,69,108.35,69,98,98,14,102.9,18750,250,17-AUG-2016,
OPTSTK,BAJAJ-AUTO,25-Aug-2016,2900,CE,39.65,74.9,36.65,62.15,62.15,519,3843.4,28750,-25500,17-AUG-2016,
OPTSTK,BAJAJ-AUTO,25-Aug-2016,2950,CE,20,46.15,20,36.4,36.4,438,3271.66,29500,-3000,17-AUG-2016,
OPTSTK,BAJAJ-AUTO,25-Aug-2016,3000,CE,14,26.5,13.9,21,21,374,2824.75,48750,19500,17-AUG-2016,
OPTSTK,BAJAJ-AUTO,25-Aug-2016,3050,CE,9,14,8,9.9,9.9,66,505.02,12000,6000,17-AUG-2016,
OPTSTK,BAJAJ-AUTO,25-Aug-2016,3100,CE,2,6.75,2,5.8,5.8,5,38.8,1750,-250,17-AUG-2016,
OPTSTK,BAJAJ-AUTO,25-Aug-2016,3150,CE,0,0,0,17.95,1.45,0,0,0,0,17-AUG-2016,
OPTSTK,BAJAJ-AUTO,25-Aug-2016,3200,CE,0,0,0,14.5,0.5,0,0,0,0,17-AUG-2016,
OPTSTK,BAJAJ-AUTO,25-Aug-2016,3250,CE,0,0,0,11.65,0.15,0,0,0,0,17-AUG-2016,
OPTSTK,BAJAJ-AUTO,25-Aug-2016,3300,CE,0,0,0,9.35,0.05,0,0,0,0,17-AUG-2016,
OPTSTK,BAJAJ-AUTO,25-Aug-2016,3350,CE,0,0,0,7.45,0.05,0,0,0,0,17-AUG-2016,
OPTSTK,BAJAJ-AUTO,25-Aug-2016,3400,CE,0,0,0,5.95,0,0,0,0,0,17-AUG-2016,
OPTSTK,BAJAJ-AUTO,25-Aug-2016,1600,PE,0,0,0,0.15,0,0,0,0,0,17-AUG-2016,
OPTSTK,BAJAJ-AUTO,25-Aug-2016,1650,PE,0,0,0,0.25,0,0,0,0,0,17-AUG-2016,
OPTSTK,BAJAJ-AUTO,25-Aug-2016,1700,PE,0,0,0,0.5,0,0,0,0,0,17-AUG-2016,
OPTSTK,BAJAJ-AUTO,25-Aug-2016,1750,PE,0,0,0,0.9,0,0,0,0,0,17-AUG-2016,
OPTSTK,BAJAJ-AUTO,25-Aug-2016,1800,PE,0,0,0,1.5,0,0,0,0,0,17-AUG-2016,
OPTSTK,BAJAJ-AUTO,25-Aug-2016,1850,PE,0,0,0,2.5,0,0,0,0,0,17-AUG-2016,
OPTSTK,BAJAJ-AUTO,25-Aug-2016,1900,PE,0,0,0,3.95,0,0,0,0,0,17-AUG-2016,
OPTSTK,BAJAJ-AUTO,25-Aug-2016,1950,PE,0,0,0,6.05,0,0,0,0,0,17-AUG-2016,
OPTSTK,BAJAJ-AUTO,25-Aug-2016,2000,PE,0,0,0,9.05,0,0,0,0,0,17-AUG-2016,
OPTSTK,BAJAJ-AUTO,25-Aug-2016,2050,PE,0,0,0,13.05,0,0,0,0,0,17-AUG-2016,
OPTSTK,BAJAJ-AUTO,25-Aug-2016,2100,PE,0,0,0,18.35,0,0,0,0,0,17-AUG-2016,
OPTSTK,BAJAJ-AUTO,25-Aug-2016,2150,PE,0,0,0,25.15,0,0,0,0,0,17-AUG-2016,
OPTSTK,BAJAJ-AUTO,25-Aug-2016,2200,PE,0,0,0,33.7,0,0,0,0,0,17-AUG-2016,
OPTSTK,BAJAJ-AUTO,25-Aug-2016,2250,PE,0,0,0,44.2,0,0,0,0,0,17-AUG-2016,
OPTSTK,BAJAJ-AUTO,25-Aug-2016,2300,PE,0,0,0,2,0,0,0,250,0,17-AUG-2016,
OPTSTK,BAJAJ-AUTO,25-Aug-2016,2350,PE,0,0,0,71.7,0,0,0,0,0,17-AUG-2016,
OPTSTK,BAJAJ-AUTO,25-Aug-2016,2400,PE,0,0,0,89,0,0,0,0,0,17-AUG-2016,
OPTSTK,BAJAJ-AUTO,25-Aug-2016,2450,PE,0,0,0,108.8,0,0,0,0,0,17-AUG-2016,
OPTSTK,BAJAJ-AUTO,25-Aug-2016,2500,PE,0,0,0,1,0,0,0,4750,0,17-AUG-2016,
OPTSTK,BAJAJ-AUTO,25-Aug-2016,2550,PE,1.2,1.2,1.2,1.2,1.2,1,6.37,11250,-250,17-AUG-2016,
OPTSTK,BAJAJ-AUTO,25-Aug-2016,2600,PE,1.2,1.2,1.2,1.2,1.2,1,6.5,8750,-250,17-AUG-2016,
OPTSTK,BAJAJ-AUTO,25-Aug-2016,2650,PE,2,2.25,2,2.25,2.25,2,13.26,17500,250,17-AUG-2016,
OPTSTK,BAJAJ-AUTO,25-Aug-2016,2700,PE,6,6,2.4,3.25,3.25,39,263.59,67000,1250,17-AUG-2016,
OPTSTK,BAJAJ-AUTO,25-Aug-2016,2750,PE,5.5,6.15,3.7,5.15,5.15,44,303.09,11250,0,17-AUG-2016,
OPTSTK,BAJAJ-AUTO,25-Aug-2016,2800,PE,12.55,12.55,7,8.4,8.4,71,498.48,62750,1250,17-AUG-2016,
OPTSTK,BAJAJ-AUTO,25-Aug-2016,2850,PE,24,24,11.45,14.35,14.35,71,508.56,19000,500,17-AUG-2016,
OPTSTK,BAJAJ-AUTO,25-Aug-2016,2900,PE,54.8,54.8,23.5,26.3,26.3,202,1478.82,30500,14500,17-AUG-2016,
OPTSTK,BAJAJ-AUTO,25-Aug-2016,2950,PE,47.5,62.55,47.5,49,49,13,97.54,3250,2250,17-AUG-2016,
OPTSTK,BAJAJ-AUTO,25-Aug-2016,3000,PE,81.1,91.55,81.1,87.55,87.55,3,23.15,1250,750,17-AUG-2016,
OPTSTK,BAJAJ-AUTO,25-Aug-2016,3050,PE,122.15,122.15,122.15,122.15,122.15,1,7.93,250,250,17-AUG-2016,
OPTSTK,BAJAJ-AUTO,25-Aug-2016,3100,PE,0,0,0,561.65,159.8,0,0,0,0,17-AUG-2016,
OPTSTK,BAJAJ-AUTO,25-Aug-2016,3150,PE,0,0,0,606.6,207.1,0,0,0,0,17-AUG-2016,
OPTSTK,BAJAJ-AUTO,25-Aug-2016,3200,PE,0,0,0,652.25,256.05,0,0,0,0,17-AUG-2016,
OPTSTK,BAJAJ-AUTO,25-Aug-2016,3250,PE,0,0,0,698.55,305.65,0,0,0,0,17-AUG-2016,
OPTSTK,BAJAJ-AUTO,25-Aug-2016,3300,PE,0,0,0,745.35,355.45,0,0,0,0,17-AUG-2016,
OPTSTK,BAJAJ-AUTO,25-Aug-2016,3350,PE,0,0,0,792.55,405.35,0,0,0,0,17-AUG-2016,
OPTSTK,BAJAJ-AUTO,25-Aug-2016,3400,PE,0,0,0,840.15,455.3,0,0,0,0,17-AUG-2016,
OPTSTK,BAJAJ-AUTO,29-Sep-2016,1700,CE,0,0,0,1020,1253.45,0,0,0,0,17-AUG-2016,
OPTSTK,BAJAJ-AUTO,29-Sep-2016,1750,CE,0,0,0,970.9,1203.85,0,0,0,0,17-AUG-2016,
OPTSTK,BAJAJ-AUTO,29-Sep-2016,1800,CE,0,0,0,921.8,1154.25,0,0,0,0,17-AUG-2016,
OPTSTK,BAJAJ-AUTO,29-Sep-2016,1850,CE,0,0,0,872.7,1104.65,0,0,0,0,17-AUG-2016,
OPTSTK,BAJAJ-AUTO,29-Sep-2016,1900,CE,0,0,0,823.6,1055.05,0,0,0,0,17-AUG-2016,
OPTSTK,BAJAJ-AUTO,29-Sep-2016,1950,CE,0,0,0,774.55,1005.45,0,0,0,0,17-AUG-2016,
OPTSTK,BAJAJ-AUTO,29-Sep-2016,2000,CE,0,0,0,725.6,955.85,0,0,0,0,17-AUG-2016,
OPTSTK,BAJAJ-AUTO,29-Sep-2016,2050,CE,0,0,0,676.75,906.25,0,0,0,0,17-AUG-2016,
OPTSTK,BAJAJ-AUTO,29-Sep-2016,2100,CE,0,0,0,628.1,856.65,0,0,0,0,17-AUG-2016,
OPTSTK,BAJAJ-AUTO,29-Sep-2016,2150,CE,0,0,0,579.8,807.1,0,0,0,0,17-AUG-2016,
OPTSTK,BAJAJ-AUTO,29-Sep-2016,2200,CE,0,0,0,532.05,757.5,0,0,0,0,17-AUG-2016,
OPTSTK,BAJAJ-AUTO,29-Sep-2016,2250,CE,0,0,0,485,707.9,0,0,0,0,17-AUG-2016,
OPTSTK,BAJAJ-AUTO,29-Sep-2016,2300,CE,0,0,0,438.9,658.4,0,0,0,0,17-AUG-2016,
OPTSTK,BAJAJ-AUTO,29-Sep-2016,2350,CE,0,0,0,394.15,608.9,0,0,0,0,17-AUG-2016,
OPTSTK,BAJAJ-AUTO,29-Sep-2016,2400,CE,0,0,0,351,559.6,0,0,0,0,17-AUG-2016,
OPTSTK,BAJAJ-AUTO,29-Sep-2016,2450,CE,0,0,0,309.8,510.5,0,0,0,0,17-AUG-2016,
OPTSTK,BAJAJ-AUTO,29-Sep-2016,2500,CE,0,0,0,270.9,461.9,0,0,0,0,17-AUG-2016,
OPTSTK,BAJAJ-AUTO,29-Sep-2016,2550,CE,0,0,0,234.65,413.95,0,0,0,0,17-AUG-2016,
OPTSTK,BAJAJ-AUTO,29-Sep-2016,2600,CE,0,0,0,201.05,367.1,0,0,0,0,17-AUG-2016,
OPTSTK,BAJAJ-AUTO,29-Sep-2016,2650,CE,0,0,0,170.55,321.65,0,0,0,0,17-AUG-2016,
OPTSTK,BAJAJ-AUTO,29-Sep-2016,2700,CE,0,0,0,143.2,278.2,0,0,0,0,17-AUG-2016,
OPTSTK,BAJAJ-AUTO,29-Sep-2016,2750,CE,0,0,0,118.95,237.25,0,0,0,0,17-AUG-2016,
OPTSTK,BAJAJ-AUTO,29-Sep-2016,2800,CE,0,0,0,97.75,199.3,0,0,0,0,17-AUG-2016,
OPTSTK,BAJAJ-AUTO,29-Sep-2016,2850,CE,0,0,0,79.45,164.55,0,0,0,0,17-AUG-2016,
OPTSTK,BAJAJ-AUTO,29-Sep-2016,2900,CE,134,134,134,134,134,1,7.58,500,0,17-AUG-2016,
OPTSTK,BAJAJ-AUTO,29-Sep-2016,2950,CE,0,0,0,61.95,106.65,0,0,250,0,17-AUG-2016,
OPTSTK,BAJAJ-AUTO,29-Sep-2016,3000,CE,80,80,80,80,80,2,15.4,500,500,17-AUG-2016,
OPTSTK,BAJAJ-AUTO,29-Sep-2016,3050,CE,0,0,0,31.3,64.3,0,0,0,0,17-AUG-2016,
OPTSTK,BAJAJ-AUTO,29-Sep-2016,3100,CE,0,0,0,24.2,48.55,0,0,0,0,17-AUG-2016,
OPTSTK,BAJAJ-AUTO,29-Sep-2016,3150,CE,0,0,0,18.5,36,0,0,0,0,17-AUG-2016,
OPTSTK,BAJAJ-AUTO,29-Sep-2016,3200,CE,0,0,0,14,26.2,0,0,0,0,17-AUG-2016,
OPTSTK,BAJAJ-AUTO,29-Sep-2016,3250,CE,0,0,0,10.5,18.7,0,0,0,0,17-AUG-2016,
OPTSTK,BAJAJ-AUTO,29-Sep-2016,3300,CE,0,0,0,7.8,13.15,0,0,0,0,17-AUG-2016,
OPTSTK,BAJAJ-AUTO,29-Sep-2016,3350,CE,0,0,0,5.75,9.05,0,0,0,0,17-AUG-2016,
OPTSTK,BAJAJ-AUTO,29-Sep-2016,3400,CE,0,0,0,4.2,6.1,0,0,0,0,17-AUG-2016,
OPTSTK,BAJAJ-AUTO,29-Sep-2016,1700,PE,0,0,0,0.05,0,0,0,0,0,17-AUG-2016,
OPTSTK,BAJAJ-AUTO,29-Sep-2016,1750,PE,0,0,0,0.05,0,0,0,0,0,17-AUG-2016,
OPTSTK,BAJAJ-AUTO,29-Sep-2016,1800,PE,0,0,0,0.05,0,0,0,0,0,17-AUG-2016,
OPTSTK,BAJAJ-AUTO,29-Sep-2016,1850,PE,0,0,0,0.05,0,0,0,0,0,17-AUG-2016,
OPTSTK,BAJAJ-AUTO,29-Sep-2016,1900,PE,0,0,0,0.1,0,0,0,0,0,17-AUG-2016,
OPTSTK,BAJAJ-AUTO,29-Sep-2016,1950,PE,0,0,0,0.15,0,0,0,0,0,17-AUG-2016,
OPTSTK,BAJAJ-AUTO,29-Sep-2016,2000,PE,0,0,0,0.3,0,0,0,0,0,17-AUG-2016,
OPTSTK,BAJAJ-AUTO,29-Sep-2016,2050,PE,0,0,0,0.55,0,0,0,0,0,17-AUG-2016,
OPTSTK,BAJAJ-AUTO,29-Sep-2016,2100,PE,0,0,0,1.05,0,0,0,0,0,17-AUG-2016,
OPTSTK,BAJAJ-AUTO,29-Sep-2016,2150,PE,0,0,0,1.9,0,0,0,0,0,17-AUG-2016,
OPTSTK,BAJAJ-AUTO,29-Sep-2016,2200,PE,0,0,0,3.2,0.05,0,0,0,0,17-AUG-2016,
OPTSTK,BAJAJ-AUTO,29-Sep-2016,2250,PE,0,0,0,5.25,0.05,0,0,0,0,17-AUG-2016,
OPTSTK,BAJAJ-AUTO,29-Sep-2016,2300,PE,0,0,0,8.3,0.1,0,0,0,0,17-AUG-2016,
OPTSTK,BAJAJ-AUTO,29-Sep-2016,2350,PE,0,0,0,12.65,0.25,0,0,0,0,17-AUG-2016,
OPTSTK,BAJAJ-AUTO,29-Sep-2016,2400,PE,0,0,0,18.65,0.5,0,0,0,0,17-AUG-2016,
OPTSTK,BAJAJ-AUTO,29-Sep-2016,2450,PE,0,0,0,26.55,1.05,0,0,0,0,17-AUG-2016,
OPTSTK,BAJAJ-AUTO,29-Sep-2016,2500,PE,0,0,0,36.75,2,0,0,0,0,17-AUG-2016,
OPTSTK,BAJAJ-AUTO,29-Sep-2016,2550,PE,0,0,0,49.65,3.65,0,0,0,0,17-AUG-2016,
OPTSTK,BAJAJ-AUTO,29-Sep-2016,2600,PE,0,0,0,50,6.4,0,0,500,0,17-AUG-2016,
OPTSTK,BAJAJ-AUTO,29-Sep-2016,2650,PE,0,0,0,29.6,10.55,0,0,750,0,17-AUG-2016,
OPTSTK,BAJAJ-AUTO,29-Sep-2016,2700,PE,26.85,26.85,26.85,26.85,26.85,4,27.26,3500,1000,17-AUG-2016,
OPTSTK,BAJAJ-AUTO,29-Sep-2016,2750,PE,0,0,0,130.4,25.3,0,0,0,0,17-AUG-2016,
OPTSTK,BAJAJ-AUTO,29-Sep-2016,2800,PE,0,0,0,65,37,0,0,500,0,17-AUG-2016,
OPTSTK,BAJAJ-AUTO,29-Sep-2016,2850,PE,0,0,0,189.15,51.85,0,0,0,0,17-AUG-2016,
OPTSTK,BAJAJ-AUTO,29-Sep-2016,2900,PE,0,0,0,100,70.55,0,0,500,0,17-AUG-2016,
OPTSTK,BAJAJ-AUTO,29-Sep-2016,2950,PE,0,0,0,258.95,93.15,0,0,0,0,17-AUG-2016,
OPTSTK,BAJAJ-AUTO,29-Sep-2016,3000,PE,0,0,0,297.2,119.65,0,0,0,0,17-AUG-2016,
OPTSTK,BAJAJ-AUTO,29-Sep-2016,3050,PE,0,0,0,337.5,149.95,0,0,0,0,17-AUG-2016,
OPTSTK,BAJAJ-AUTO,29-Sep-2016,3100,PE,0,0,0,379.45,183.8,0,0,0,0,17-AUG-2016,
OPTSTK,BAJAJ-AUTO,29-Sep-2016,3150,PE,0,0,0,422.9,220.85,0,0,0,0,17-AUG-2016,
OPTSTK,BAJAJ-AUTO,29-Sep-2016,3200,PE,0,0,0,467.5,260.65,0,0,0,0,17-AUG-2016,
OPTSTK,BAJAJ-AUTO,29-Sep-2016,3250,PE,0,0,0,513.15,302.75,0,0,0,0,17-AUG-2016,
OPTSTK,BAJAJ-AUTO,29-Sep-2016,3300,PE,0,0,0,559.55,346.75,0,0,0,0,17-AUG-2016,
OPTSTK,BAJAJ-AUTO,29-Sep-2016,3350,PE,0,0,0,606.6,392.25,0,0,0,0,17-AUG-2016,
OPTSTK,BAJAJ-AUTO,29-Sep-2016,3400,PE,0,0,0,654.2,438.95,0,0,0,0,17-AUG-2016,
OPTSTK,BAJAJ-AUTO,27-Oct-2016,1700,CE,0,0,0,989.7,1262.35,0,0,0,0,17-AUG-2016,
OPTSTK,BAJAJ-AUTO,27-Oct-2016,1750,CE,0,0,0,940.6,1213,0,0,0,0,17-AUG-2016,
OPTSTK,BAJAJ-AUTO,27-Oct-2016,1800,CE,0,0,0,891.45,1163.65,0,0,0,0,17-AUG-2016,
OPTSTK,BAJAJ-AUTO,27-Oct-2016,1850,CE,0,0,0,842.3,1114.35,0,0,0,0,17-AUG-2016,
OPTSTK,BAJAJ-AUTO,27-Oct-2016,1900,CE,0,0,0,793.15,1065,0,0,0,0,17-AUG-2016,
OPTSTK,BAJAJ-AUTO,27-Oct-2016,1950,CE,0,0,0,744.05,1015.65,0,0,0,0,17-AUG-2016,
OPTSTK,BAJAJ-AUTO,27-Oct-2016,2000,CE,0,0,0,694.95,966.35,0,0,0,0,17-AUG-2016,
OPTSTK,BAJAJ-AUTO,27-Oct-2016,2050,CE,0,0,0,645.95,917,0,0,0,0,17-AUG-2016,
OPTSTK,BAJAJ-AUTO,27-Oct-2016,2100,CE,0,0,0,597.05,867.7,0,0,0,0,17-AUG-2016,
OPTSTK,BAJAJ-AUTO,27-Oct-2016,2150,CE,0,0,0,548.35,818.45,0,0,0,0,17-AUG-2016,
OPTSTK,BAJAJ-AUTO,27-Oct-2016,2200,CE,0,0,0,500.05,769.25,0,0,0,0,17-AUG-2016,
OPTSTK,BAJAJ-AUTO,27-Oct-2016,2250,CE,0,0,0,452.3,720.15,0,0,0,0,17-AUG-2016,
OPTSTK,BAJAJ-AUTO,27-Oct-2016,2300,CE,0,0,0,405.5,671.2,0,0,0,0,17-AUG-2016,
OPTSTK,BAJAJ-AUTO,27-Oct-2016,2350,CE,0,0,0,359.9,622.55,0,0,0,0,17-AUG-2016,
OPTSTK,BAJAJ-AUTO,27-Oct-2016,2400,CE,0,0,0,315.95,574.3,0,0,0,0,17-AUG-2016,
OPTSTK,BAJAJ-AUTO,27-Oct-2016,2450,CE,0,0,0,274.1,526.65,0,0,0,0,17-AUG-2016,
OPTSTK,BAJAJ-AUTO,27-Oct-2016,2500,CE,0,0,0,234.8,479.85,0,0,0,0,17-AUG-2016,
OPTSTK,BAJAJ-AUTO,27-Oct-2016,2550,CE,0,0,0,198.4,434.15,0,0,0,0,17-AUG-2016,
OPTSTK,BAJAJ-AUTO,27-Oct-2016,2600,CE,0,0,0,165.35,389.8,0,0,0,0,17-AUG-2016,
OPTSTK,BAJAJ-AUTO,27-Oct-2016,2650,CE,0,0,0,135.8,347.2,0,0,0,0,17-AUG-2016,
OPTSTK,BAJAJ-AUTO,27-Oct-2016,2700,CE,0,0,0,109.9,306.55,0,0,0,0,17-AUG-2016,
OPTSTK,BAJAJ-AUTO,27-Oct-2016,2750,CE,0,0,0,87.6,268.3,0,0,0,0,17-AUG-2016,
OPTSTK,BAJAJ-AUTO,27-Oct-2016,2800,CE,0,0,0,68.75,232.55,0,0,0,0,17-AUG-2016,
OPTSTK,BAJAJ-AUTO,27-Oct-2016,2850,CE,0,0,0,53.15,199.65,0,0,0,0,17-AUG-2016,
OPTSTK,BAJAJ-AUTO,27-Oct-2016,2900,CE,0,0,0,40.6,169.7,0,0,0,0,17-AUG-2016,
OPTSTK,BAJAJ-AUTO,27-Oct-2016,2950,CE,0,0,0,30.4,142.8,0,0,0,0,17-AUG-2016,
OPTSTK,BAJAJ-AUTO,27-Oct-2016,3000,CE,0,0,0,22.45,118.95,0,0,0,0,17-AUG-2016,
OPTSTK,BAJAJ-AUTO,27-Oct-2016,3050,CE,0,0,0,16.35,98.05,0,0,0,0,17-AUG-2016,
OPTSTK,BAJAJ-AUTO,27-Oct-2016,3100,CE,0,0,0,11.75,80,0,0,0,0,17-AUG-2016,
OPTSTK,BAJAJ-AUTO,27-Oct-2016,3150,CE,0,0,0,8.3,64.6,0,0,0,0,17-AUG-2016,
OPTSTK,BAJAJ-AUTO,27-Oct-2016,3200,CE,0,0,0,5.8,51.8,0,0,0,0,17-AUG-2016,
OPTSTK,BAJAJ-AUTO,27-Oct-2016,3250,CE,0,0,0,4,40.95,0,0,0,0,17-AUG-2016,
OPTSTK,BAJAJ-AUTO,27-Oct-2016,3300,CE,0,0,0,2.7,32.1,0,0,0,0,17-AUG-2016,
OPTSTK,BAJAJ-AUTO,27-Oct-2016,3350,CE,0,0,0,1.85,24.9,0,0,0,0,17-AUG-2016,
OPTSTK,BAJAJ-AUTO,27-Oct-2016,3400,CE,0,0,0,1.2,19.15,0,0,0,0,17-AUG-2016,
OPTSTK,BAJAJ-AUTO,27-Oct-2016,1700,PE,0,0,0,0.05,0,0,0,0,0,17-AUG-2016,
OPTSTK,BAJAJ-AUTO,27-Oct-2016,1750,PE,0,0,0,0.05,0,0,0,0,0,17-AUG-2016,
OPTSTK,BAJAJ-AUTO,27-Oct-2016,1800,PE,0,0,0,0.05,0,0,0,0,0,17-AUG-2016,
OPTSTK,BAJAJ-AUTO,27-Oct-2016,1850,PE,0,0,0,0.05,0,0,0,0,0,17-AUG-2016,
OPTSTK,BAJAJ-AUTO,27-Oct-2016,1900,PE,0,0,0,0.05,0,0,0,0,0,17-AUG-2016,
OPTSTK,BAJAJ-AUTO,27-Oct-2016,1950,PE,0,0,0,0.05,0,0,0,0,0,17-AUG-2016,
OPTSTK,BAJAJ-AUTO,27-Oct-2016,2000,PE,0,0,0,0.1,0.05,0,0,0,0,17-AUG-2016,
OPTSTK,BAJAJ-AUTO,27-Oct-2016,2050,PE,0,0,0,0.2,0.05,0,0,0,0,17-AUG-2016,
OPTSTK,BAJAJ-AUTO,27-Oct-2016,2100,PE,0,0,0,0.45,0.05,0,0,0,0,17-AUG-2016,
OPTSTK,BAJAJ-AUTO,27-Oct-2016,2150,PE,0,0,0,0.9,0.15,0,0,0,0,17-AUG-2016,
OPTSTK,BAJAJ-AUTO,27-Oct-2016,2200,PE,0,0,0,1.75,0.25,0,0,0,0,17-AUG-2016,
OPTSTK,BAJAJ-AUTO,27-Oct-2016,2250,PE,0,0,0,3.15,0.5,0,0,0,0,17-AUG-2016,
OPTSTK,BAJAJ-AUTO,27-Oct-2016,2300,PE,0,0,0,5.45,0.9,0,0,0,0,17-AUG-2016,
OPTSTK,BAJAJ-AUTO,27-Oct-2016,2350,PE,0,0,0,9,1.55,0,0,0,0,17-AUG-2016,
OPTSTK,BAJAJ-AUTO,27-Oct-2016,2400,PE,0,0,0,14.2,2.65,0,0,0,0,17-AUG-2016,
OPTSTK,BAJAJ-AUTO,27-Oct-2016,2450,PE,0,0,0,21.5,4.35,0,0,0,0,17-AUG-2016,
OPTSTK,BAJAJ-AUTO,27-Oct-2016,2500,PE,0,0,0,31.35,6.9,0,0,0,0,17-AUG-2016,
OPTSTK,BAJAJ-AUTO,27-Oct-2016,2550,PE,0,0,0,44.1,10.5,0,0,0,0,17-AUG-2016,
OPTSTK,BAJAJ-AUTO,27-Oct-2016,2600,PE,0,0,0,60.15,15.5,0,0,0,0,17-AUG-2016,
OPTSTK,BAJAJ-AUTO,27-Oct-2016,2650,PE,0,0,0,79.8,22.2,0,0,0,0,17-AUG-2016,
OPTSTK,BAJAJ-AUTO,27-Oct-2016,2700,PE,0,0,0,103,30.9,0,0,0,0,17-AUG-2016,
OPTSTK,BAJAJ-AUTO,27-Oct-2016,2750,PE,0,0,0,129.85,41.95,0,0,0,0,17-AUG-2016,
OPTSTK,BAJAJ-AUTO,27-Oct-2016,2800,PE,0,0,0,160.15,55.55,0,0,0,0,17-AUG-2016,
OPTSTK,BAJAJ-AUTO,27-Oct-2016,2850,PE,0,0,0,193.7,72,0,0,0,0,17-AUG-2016,
OPTSTK,BAJAJ-AUTO,27-Oct-2016,2900,PE,0,0,0,230.3,91.4,0,0,0,0,17-AUG-2016,
OPTSTK,BAJAJ-AUTO,27-Oct-2016,2950,PE,0,0,0,269.2,113.85,0,0,0,0,17-AUG-2016,
OPTSTK,BAJAJ-AUTO,27-Oct-2016,3000,PE,0,0,0,310.45,139.3,0,0,0,0,17-AUG-2016,
OPTSTK,BAJAJ-AUTO,27-Oct-2016,3050,PE,0,0,0,353.45,167.75,0,0,0,0,17-AUG-2016,
OPTSTK,BAJAJ-AUTO,27-Oct-2016,3100,PE,0,0,0,398,199.05,0,0,0,0,17-AUG-2016,
OPTSTK,BAJAJ-AUTO,27-Oct-2016,3150,PE,0,0,0,443.7,232.95,0,0,0,0,17-AUG-2016,
OPTSTK,BAJAJ-AUTO,27-Oct-2016,3200,PE,0,0,0,490.35,269.5,0,0,0,0,17-AUG-2016,
OPTSTK,BAJAJ-AUTO,27-Oct-2016,3250,PE,0,0,0,537.65,307.95,0,0,0,0,17-AUG-2016,
OPTSTK,BAJAJ-AUTO,27-Oct-2016,3300,PE,0,0,0,585.55,348.45,0,0,0,0,17-AUG-2016,
OPTSTK,BAJAJ-AUTO,27-Oct-2016,3350,PE,0,0,0,633.8,390.6,0,0,0,0,17-AUG-2016,
OPTSTK,BAJAJ-AUTO,27-Oct-2016,3400,PE,0,0,0,682.3,434.15,0,0,0,0,17-AUG-2016,
OPTSTK,BAJFINANCE,25-Aug-2016,6450,CE,0,0,0,1221.85,3768.45,0,0,0,0,17-AUG-2016,
OPTSTK,BAJFINANCE,25-Aug-2016,6500,CE,0,0,0,1182.1,3718.55,0,0,0,0,17-AUG-2016,
OPTSTK,BAJFINANCE,25-Aug-2016,6550,CE,0,0,0,1143,3668.6,0,0,0,0,17-AUG-2016,
OPTSTK,BAJFINANCE,25-Aug-2016,6600,CE,0,0,0,1104.5,3618.7,0,0,0,0,17-AUG-2016,
OPTSTK,BAJFINANCE,25-Aug-2016,6650,CE,0,0,0,1066.7,3568.75,0,0,0,0,17-AUG-2016,
OPTSTK,BAJFINANCE,25-Aug-2016,6700,CE,0,0,0,1029.6,3518.85,0,0,0,0,17-AUG-2016,
OPTSTK,BAJFINANCE,25-Aug-2016,6750,CE,0,0,0,993.4,3468.9,0,0,0,0,17-AUG-2016,
OPTSTK,BAJFINANCE,25-Aug-2016,6800,CE,0,0,0,957.65,3419,0,0,0,0,17-AUG-2016,
OPTSTK,BAJFINANCE,25-Aug-2016,6850,CE,0,0,0,922.65,3369.05,0,0,0,0,17-AUG-2016,
OPTSTK,BAJFINANCE,25-Aug-2016,6900,CE,0,0,0,888.05,3319.15,0,0,0,0,17-AUG-2016,
OPTSTK,BAJFINANCE,25-Aug-2016,6950,CE,0,0,0,854.6,3269.2,0,0,0,0,17-AUG-2016,
OPTSTK,BAJFINANCE,25-Aug-2016,7000,CE,0,0,0,821.9,3219.3,0,0,0,0,17-AUG-2016,
OPTSTK,BAJFINANCE,25-Aug-2016,7050,CE,0,0,0,790,3169.35,0,0,0,0,17-AUG-2016,
OPTSTK,BAJFINANCE,25-Aug-2016,7100,CE,0,0,0,758.85,3119.45,0,0,0,0,17-AUG-2016,
OPTSTK,BAJFINANCE,25-Aug-2016,7150,CE,0,0,0,728.5,3069.5,0,0,0,0,17-AUG-2016,
OPTSTK,BAJFINANCE,25-Aug-2016,7200,CE,0,0,0,698.95,3019.6,0,0,0,0,17-AUG-2016,
OPTSTK,BAJFINANCE,25-Aug-2016,7250,CE,0,0,0,670.15,2969.65,0,0,0,0,17-AUG-2016,
OPTSTK,BAJFINANCE,25-Aug-2016,7300,CE,0,0,0,642.2,2919.75,0,0,0,0,17-AUG-2016,
OPTSTK,BAJFINANCE,25-Aug-2016,7350,CE,0,0,0,615.05,2869.8,0,0,0,0,17-AUG-2016,
OPTSTK,BAJFINANCE,25-Aug-2016,7400,CE,0,0,0,588.65,2819.9,0,0,0,0,17-AUG-2016,
OPTSTK,BAJFINANCE,25-Aug-2016,7450,CE,0,0,0,563.1,2770,0,0,0,0,17-AUG-2016,
OPTSTK,BAJFINANCE,25-Aug-2016,7500,CE,0,0,0,538.25,2720.05,0,0,0,0,17-AUG-2016,
OPTSTK,BAJFINANCE,25-Aug-2016,7550,CE,0,0,0,514.25,2670.15,0,0,0,0,17-AUG-2016,
OPTSTK,BAJFINANCE,25-Aug-2016,7600,CE,0,0,0,491.05,2620.25,0,0,0,0,17-AUG-2016,
OPTSTK,BAJFINANCE,25-Aug-2016,7650,CE,0,0,0,468.6,2570.3,0,0,0,0,17-AUG-2016,
OPTSTK,BAJFINANCE,25-Aug-2016,7700,CE,0,0,0,446.9,2520.4,0,0,0,0,17-AUG-2016,
OPTSTK,BAJFINANCE,25-Aug-2016,7750,CE,0,0,0,426,2470.5,0,0,0,0,17-AUG-2016,
OPTSTK,BAJFINANCE,25-Aug-2016,7800,CE,0,0,0,405.8,2420.65,0,0,0,0,17-AUG-2016,
OPTSTK,BAJFINANCE,25-Aug-2016,7850,CE,0,0,0,386.35,2370.75,0,0,0,0,17-AUG-2016,
OPTSTK,BAJFINANCE,25-Aug-2016,7900,CE,0,0,0,367.65,2320.9,0,0,0,0,17-AUG-2016,
OPTSTK,BAJFINANCE,25-Aug-2016,7950,CE,0,0,0,349.6,2271.05,0,0,0,0,17-AUG-2016,
OPTSTK,BAJFINANCE,25-Aug-2016,8000,CE,0,0,0,1938.1,2221.2,0,0,1375,0,17-AUG-2016,
OPTSTK,BAJFINANCE,25-Aug-2016,8050,CE,0,0,0,315.65,2171.4,0,0,0,0,17-AUG-2016,
OPTSTK,BAJFINANCE,25-Aug-2016,8100,CE,0,0,0,299.65,2121.65,0,0,0,0,17-AUG-2016,
OPTSTK,BAJFINANCE,25-Aug-2016,8150,CE,0,0,0,284.35,2071.9,0,0,0,0,17-AUG-2016,
OPTSTK,BAJFINANCE,25-Aug-2016,8200,CE,0,0,0,269.65,2022.2,0,0,0,0,17-AUG-2016,
OPTSTK,BAJFINANCE,25-Aug-2016,8250,CE,0,0,0,255.6,1972.55,0,0,0,0,17-AUG-2016,
OPTSTK,BAJFINANCE,25-Aug-2016,8300,CE,0,0,0,242.1,1923,0,0,0,0,17-AUG-2016,
OPTSTK,BAJFINANCE,25-Aug-2016,8350,CE,0,0,0,229.25,1873.5,0,0,0,0,17-AUG-2016,
OPTSTK,BAJFINANCE,25-Aug-2016,8400,CE,0,0,0,217.3,1824.1,0,0,0,0,17-AUG-2016,
OPTSTK,BAJFINANCE,25-Aug-2016,8450,CE,0,0,0,205.6,1774.8,0,0,0,0,17-AUG-2016,
OPTSTK,BAJFINANCE,25-Aug-2016,8500,CE,0,0,0,269.45,1725.6,0,0,0,0,17-AUG-2016,
OPTSTK,BAJFINANCE,25-Aug-2016,8550,CE,0,0,0,256.05,1676.6,0,0,0,0,17-AUG-2016,
OPTSTK,BAJFINANCE,25-Aug-2016,8600,CE,0,0,0,243.15,1627.7,0,0,0,0,17-AUG-2016,
OPTSTK,BAJFINANCE,25-Aug-2016,8650,CE,0,0,0,231.2,1579,0,0,0,0,17-AUG-2016,
OPTSTK,BAJFINANCE,25-Aug-2016,8700,CE,0,0,0,264.25,1530.55,0,0,0,0,17-AUG-2016,
OPTSTK,BAJFINANCE,25-Aug-2016,8750,CE,0,0,0,250.15,1482.3,0,0,0,0,17-AUG-2016,
OPTSTK,BAJFINANCE,25-Aug-2016,8800,CE,0,0,0,236.6,1434.35,0,0,0,0,17-AUG-2016,
OPTSTK,BAJFINANCE,25-Aug-2016,8850,CE,0,0,0,223.7,1386.7,0,0,0,0,17-AUG-2016,
OPTSTK,BAJFINANCE,25-Aug-2016,8900,CE,0,0,0,990,1339.35,0,0,500,0,17-AUG-2016,
OPTSTK,BAJFINANCE,25-Aug-2016,8950,CE,0,0,0,200.1,1292.4,0,0,0,0,17-AUG-2016,
OPTSTK,BAJFINANCE,25-Aug-2016,9000,CE,0,0,0,992.25,1245.85,0,0,375,0,17-AUG-2016,
OPTSTK,BAJFINANCE,25-Aug-2016,9050,CE,0,0,0,135.15,1199.75,0,0,0,0,17-AUG-2016,
OPTSTK,BAJFINANCE,25-Aug-2016,9100,CE,0,0,0,999.8,1154.1,0,0,750,0,17-AUG-2016,
OPTSTK,BAJFINANCE,25-Aug-2016,9150,CE,0,0,0,116,1109.05,0,0,0,0,17-AUG-2016,
OPTSTK,BAJFINANCE,25-Aug-2016,9200,CE,0,0,0,103.85,1064.5,0,0,0,0,17-AUG-2016,
OPTSTK,BAJFINANCE,25-Aug-2016,9250,CE,0,0,0,196.45,1020.65,0,0,0,0,17-AUG-2016,
OPTSTK,BAJFINANCE,25-Aug-2016,9300,CE,0,0,0,2135.45,977.4,0,0,375,0,17-AUG-2016,
OPTSTK,BAJFINANCE,25-Aug-2016,9350,CE,0,0,0,720.55,934.9,0,0,500,0,17-AUG-2016,
OPTSTK,BAJFINANCE,25-Aug-2016,9400,CE,0,0,0,912.35,893.1,0,0,1250,0,17-AUG-2016,
OPTSTK,BAJFINANCE,25-Aug-2016,9450,CE,0,0,0,148.9,852.15,0,0,0,0,17-AUG-2016,
OPTSTK,BAJFINANCE,25-Aug-2016,9500,CE,0,0,0,625,812,0,0,4500,0,17-AUG-2016,
OPTSTK,BAJFINANCE,25-Aug-2016,9550,CE,0,0,0,128.9,772.7,0,0,0,0,17-AUG-2016,
OPTSTK,BAJFINANCE,25-Aug-2016,9600,CE,0,0,0,1420,734.4,0,0,125,0,17-AUG-2016,
OPTSTK,BAJFINANCE,25-Aug-2016,9650,CE,0,0,0,111.95,697.35,0,0,0,0,17-AUG-2016,
OPTSTK,BAJFINANCE,25-Aug-2016,9700,CE,0,0,0,587.4,660.85,0,0,250,0,17-AUG-2016,
OPTSTK,BAJFINANCE,25-Aug-2016,9750,CE,0,0,0,84.95,625.1,0,0,0,0,17-AUG-2016,
OPTSTK,BAJFINANCE,25-Aug-2016,9800,CE,0,0,0,543.2,590.75,0,0,500,0,17-AUG-2016,
OPTSTK,BAJFINANCE,25-Aug-2016,9850,CE,0,0,0,720.05,557.55,0,0,1500,0,17-AUG-2016,
OPTSTK,BAJFINANCE,25-Aug-2016,9900,CE,0,0,0,420,525.4,0,0,1500,0,17-AUG-2016,
OPTSTK,BAJFINANCE,25-Aug-2016,9950,CE,0,0,0,360,494.4,0,0,125,0,17-AUG-2016,
OPTSTK,BAJFINANCE,25-Aug-2016,10000,CE,369,369,331.8,360,360,9,116.46,22875,-375,17-AUG-2016,
OPTSTK,BAJFINANCE,25-Aug-2016,10050,CE,0,0,0,367.55,435.8,0,0,250,0,17-AUG-2016,
OPTSTK,BAJFINANCE,25-Aug-2016,10100,CE,0,0,0,280,408.25,0,0,1625,0,17-AUG-2016,
OPTSTK,BAJFINANCE,25-Aug-2016,10150,CE,0,0,0,475.15,381.85,0,0,0,0,17-AUG-2016,
OPTSTK,BAJFINANCE,25-Aug-2016,10200,CE,0,0,0,281,356.55,0,0,1750,0,17-AUG-2016,
OPTSTK,BAJFINANCE,25-Aug-2016,10250,CE,0,0,0,436.1,332.45,0,0,0,0,17-AUG-2016,
OPTSTK,BAJFINANCE,25-Aug-2016,10300,CE,180,180,170,170,170,3,39.28,5125,-125,17-AUG-2016,
OPTSTK,BAJFINANCE,25-Aug-2016,10350,CE,0,0,0,231.75,287.65,0,0,500,0,17-AUG-2016,
OPTSTK,BAJFINANCE,25-Aug-2016,10400,CE,0,0,0,188.85,266.95,0,0,625,0,17-AUG-2016,
OPTSTK,BAJFINANCE,25-Aug-2016,10450,CE,0,0,0,770,247.35,0,0,125,0,17-AUG-2016,
OPTSTK,BAJFINANCE,25-Aug-2016,10500,CE,146.9,146.9,101.05,111.9,111.9,110,1460.58,19375,-125,17-AUG-2016,
OPTSTK,BAJFINANCE,25-Aug-2016,10550,CE,0,0,0,135,211.35,0,0,125,0,17-AUG-2016,
OPTSTK,BAJFINANCE,25-Aug-2016,10600,CE,0,0,0,110.15,194.9,0,0,2625,0,17-AUG-2016,
OPTSTK,BAJFINANCE,25-Aug-2016,10650,CE,0,0,0,304.05,179.4,0,0,0,0,17-AUG-2016,
OPTSTK,BAJFINANCE,25-Aug-2016,10700,CE,0,0,0,120.25,164.9,0,0,2250,0,17-AUG-2016,
OPTSTK,BAJFINANCE,25-Aug-2016,10750,CE,0,0,0,867.8,151.35,0,0,250,0,17-AUG-2016,
OPTSTK,BAJFINANCE,25-Aug-2016,10800,CE,59.8,59.8,58,58,58,2,27.14,4625,-125,17-AUG-2016,
OPTSTK,BAJFINANCE,25-Aug-2016,10850,CE,0,0,0,80,127.4,0,0,1500,0,17-AUG-2016,
OPTSTK,BAJFINANCE,25-Aug-2016,10900,CE,0,0,0,274.5,116,0,0,375,0,17-AUG-2016,
OPTSTK,BAJFINANCE,25-Aug-2016,10950,CE,0,0,0,390.3,105.8,0,0,0,0,17-AUG-2016,
OPTSTK,BAJFINANCE,25-Aug-2016,11000,CE,38.95,45,30,33.35,33.35,118,1627.89,35250,-875,17-AUG-2016,
OPTSTK,BAJFINANCE,25-Aug-2016,11050,CE,0,0,0,358.4,87.6,0,0,0,0,17-AUG-2016,
OPTSTK,BAJFINANCE,25-Aug-2016,11100,CE,40,40,18.5,29.9,29.9,3,41.73,1000,0,17-AUG-2016,
OPTSTK,BAJFINANCE,25-Aug-2016,11150,CE,0,0,0,42.5,72.05,0,0,375,0,17-AUG-2016,
OPTSTK,BAJFINANCE,25-Aug-2016,11200,CE,20,20,20,20,20,1,14.02,7250,0,17-AUG-2016,
OPTSTK,BAJFINANCE,25-Aug-2016,11250,CE,0,0,0,85,58.9,0,0,1250,0,17-AUG-2016,
OPTSTK,BAJFINANCE,25-Aug-2016,11300,CE,13,17,11.05,13.05,13.05,13,183.83,5625,-1500,17-AUG-2016,
OPTSTK,BAJFINANCE,25-Aug-2016,11350,CE,13.55,14,13.1,13.1,13.1,3,42.61,2625,0,17-AUG-2016,
OPTSTK,BAJFINANCE,25-Aug-2016,11400,CE,12.05,12.05,9.1,9.1,9.1,2,28.52,1625,250,17-AUG-2016,
OPTSTK,BAJFINANCE,25-Aug-2016,11450,CE,0,0,0,516,38.6,0,0,125,0,17-AUG-2016,
OPTSTK,BAJFINANCE,25-Aug-2016,11500,CE,10,13.9,7.55,9.25,9.25,13,187.03,28750,-625,17-AUG-2016,
OPTSTK,BAJFINANCE,25-Aug-2016,11550,CE,0,0,0,41.5,30.95,0,0,500,0,17-AUG-2016,
OPTSTK,BAJFINANCE,25-Aug-2016,11600,CE,0,0,0,12,27.65,0,0,2250,0,17-AUG-2016,
OPTSTK,BAJFINANCE,25-Aug-2016,11650,CE,0,0,0,25,24.7,0,0,875,0,17-AUG-2016,
OPTSTK,BAJFINANCE,25-Aug-2016,11700,CE,6.25,7.05,4.4,5.5,5.5,14,204.86,7875,-1500,17-AUG-2016,
OPTSTK,BAJFINANCE,25-Aug-2016,11750,CE,5.05,7,5.05,5.05,5.05,4,58.77,7000,0,17-AUG-2016,
OPTSTK,BAJFINANCE,25-Aug-2016,6450,PE,0,0,0,98.45,0,0,0,0,0,17-AUG-2016,
OPTSTK,BAJFINANCE,25-Aug-2016,6500,PE,0,0,0,107.8,0,0,0,0,0,17-AUG-2016,
OPTSTK,BAJFINANCE,25-Aug-2016,6550,PE,0,0,0,117.8,0,0,0,0,0,17-AUG-2016,
OPTSTK,BAJFINANCE,25-Aug-2016,6600,PE,0,0,0,128.45,0,0,0,0,0,17-AUG-2016,
OPTSTK,BAJFINANCE,25-Aug-2016,6650,PE,0,0,0,139.75,0,0,0,0,0,17-AUG-2016,
OPTSTK,BAJFINANCE,25-Aug-2016,6700,PE,0,0,0,151.7,0,0,0,0,0,17-AUG-2016,
OPTSTK,BAJFINANCE,25-Aug-2016,6750,PE,0,0,0,164.65,0,0,0,0,0,17-AUG-2016,
OPTSTK,BAJFINANCE,25-Aug-2016,6800,PE,0,0,0,178,0,0,0,0,0,17-AUG-2016,
OPTSTK,BAJFINANCE,25-Aug-2016,6850,PE,0,0,0,192.1,0,0,0,0,0,17-AUG-2016,
OPTSTK,BAJFINANCE,25-Aug-2016,6900,PE,0,0,0,206.6,0,0,0,0,0,17-AUG-2016,
OPTSTK,BAJFINANCE,25-Aug-2016,6950,PE,0,0,0,222.25,0,0,0,0,0,17-AUG-2016,
OPTSTK,BAJFINANCE,25-Aug-2016,7000,PE,0,0,0,238.7,0,0,0,0,0,17-AUG-2016,
OPTSTK,BAJFINANCE,25-Aug-2016,7050,PE,0,0,0,255.85,0,0,0,0,0,17-AUG-2016,
OPTSTK,BAJFINANCE,25-Aug-2016,7100,PE,0,0,0,273.85,0,0,0,0,0,17-AUG-2016,
OPTSTK,BAJFINANCE,25-Aug-2016,7150,PE,0,0,0,292.6,0,0,0,0,0,17-AUG-2016,
OPTSTK,BAJFINANCE,25-Aug-2016,7200,PE,0,0,0,312.15,0,0,0,0,0,17-AUG-2016,
OPTSTK,BAJFINANCE,25-Aug-2016,7250,PE,0,0,0,332.5,0,0,0,0,0,17-AUG-2016,
OPTSTK,BAJFINANCE,25-Aug-2016,7300,PE,0,0,0,353.65,0.05,0,0,0,0,17-AUG-2016,
OPTSTK,BAJFINANCE,25-Aug-2016,7350,PE,0,0,0,375.55,0.05,0,0,0,0,17-AUG-2016,
OPTSTK,BAJFINANCE,25-Aug-2016,7400,PE,0,0,0,398.3,0.05,0,0,0,0,17-AUG-2016,
OPTSTK,BAJFINANCE,25-Aug-2016,7450,PE,0,0,0,421.85,0.05,0,0,0,0,17-AUG-2016,
OPTSTK,BAJFINANCE,25-Aug-2016,7500,PE,0,0,0,446.15,0.05,0,0,0,0,17-AUG-2016,
OPTSTK,BAJFINANCE,25-Aug-2016,7550,PE,0,0,0,471.25,0.05,0,0,0,0,17-AUG-2016,
OPTSTK,BAJFINANCE,25-Aug-2016,7600,PE,0,0,0,497.1,0.05,0,0,0,0,17-AUG-2016,
OPTSTK,BAJFINANCE,25-Aug-2016,7650,PE,0,0,0,523.8,0.1,0,0,0,0,17-AUG-2016,
OPTSTK,BAJFINANCE,25-Aug-2016,7700,PE,0,0,0,551.2,0.1,0,0,0,0,17-AUG-2016,
OPTSTK,BAJFINANCE,25-Aug-2016,7750,PE,0,0,0,40,0.15,0,0,125,0,17-AUG-2016,
OPTSTK,BAJFINANCE,25-Aug-2016,7800,PE,0,0,0,608.3,0.15,0,0,0,0,17-AUG-2016,
OPTSTK,BAJFINANCE,25-Aug-2016,7850,PE,0,0,0,637.95,0.2,0,0,0,0,17-AUG-2016,
OPTSTK,BAJFINANCE,25-Aug-2016,7900,PE,0,0,0,14,0.25,0,0,1625,0,17-AUG-2016,
OPTSTK,BAJFINANCE,25-Aug-2016,7950,PE,0,0,0,699.45,0.35,0,0,0,0,17-AUG-2016,
OPTSTK,BAJFINANCE,25-Aug-2016,8000,PE,0,0,0,5,0.45,0,0,3000,0,17-AUG-2016,
OPTSTK,BAJFINANCE,25-Aug-2016,8050,PE,0,0,0,763.7,0.55,0,0,0,0,17-AUG-2016,
OPTSTK,BAJFINANCE,25-Aug-2016,8100,PE,0,0,0,90,0.7,0,0,125,0,17-AUG-2016,
OPTSTK,BAJFINANCE,25-Aug-2016,8150,PE,0,0,0,830.6,0.9,0,0,0,0,17-AUG-2016,
OPTSTK,BAJFINANCE,25-Aug-2016,8200,PE,0,0,0,70,1.15,0,0,125,0,17-AUG-2016,
OPTSTK,BAJFINANCE,25-Aug-2016,8250,PE,0,0,0,900.05,1.45,0,0,0,0,17-AUG-2016,
OPTSTK,BAJFINANCE,25-Aug-2016,8300,PE,0,0,0,78,1.8,0,0,1750,0,17-AUG-2016,
OPTSTK,BAJFINANCE,25-Aug-2016,8350,PE,0,0,0,971.9,2.2,0,0,0,0,17-AUG-2016,
OPTSTK,BAJFINANCE,25-Aug-2016,8400,PE,0,0,0,78.85,2.75,0,0,125,0,17-AUG-2016,
OPTSTK,BAJFINANCE,25-Aug-2016,8450,PE,0,0,0,1046.5,3.35,0,0,0,0,17-AUG-2016,
OPTSTK,BAJFINANCE,25-Aug-2016,8500,PE,0,0,0,20,4.1,0,0,2500,0,17-AUG-2016,
OPTSTK,BAJFINANCE,25-Aug-2016,8550,PE,0,0,0,990,5,0,0,0,0,17-AUG-2016,
OPTSTK,BAJFINANCE,25-Aug-2016,8600,PE,0,0,0,35,6.05,0,0,375,0,17-AUG-2016,
OPTSTK,BAJFINANCE,25-Aug-2016,8650,PE,0,0,0,1063.45,7.3,0,0,0,0,17-AUG-2016,
OPTSTK,BAJFINANCE,25-Aug-2016,8700,PE,0,0,0,210,8.75,0,0,0,0,17-AUG-2016,
OPTSTK,BAJFINANCE,25-Aug-2016,8750,PE,0,0,0,46,10.4,0,0,250,0,17-AUG-2016,
OPTSTK,BAJFINANCE,25-Aug-2016,8800,PE,0,0,0,44,12.4,0,0,1500,0,17-AUG-2016,
OPTSTK,BAJFINANCE,25-Aug-2016,8850,PE,0,0,0,963.35,14.65,0,0,0,0,17-AUG-2016,
OPTSTK,BAJFINANCE,25-Aug-2016,8900,PE,0,0,0,59,17.25,0,0,125,0,17-AUG-2016,
OPTSTK,BAJFINANCE,25-Aug-2016,8950,PE,0,0,0,51,20.2,0,0,500,0,17-AUG-2016,
OPTSTK,BAJFINANCE,25-Aug-2016,9000,PE,7.2,10,7,7,7,11,123.86,15250,-1250,17-AUG-2016,
OPTSTK,BAJFINANCE,25-Aug-2016,9050,PE,0,0,0,924.75,27.4,0,0,0,0,17-AUG-2016,
OPTSTK,BAJFINANCE,25-Aug-2016,9100,PE,0,0,0,16,31.7,0,0,500,0,17-AUG-2016,
OPTSTK,BAJFINANCE,25-Aug-2016,9150,PE,0,0,0,1004.55,36.55,0,0,0,0,17-AUG-2016,
OPTSTK,BAJFINANCE,25-Aug-2016,9200,PE,0,0,0,71,41.95,0,0,4375,0,17-AUG-2016,
OPTSTK,BAJFINANCE,25-Aug-2016,9250,PE,0,0,0,150,48,0,0,125,0,17-AUG-2016,
OPTSTK,BAJFINANCE,25-Aug-2016,9300,PE,0,0,0,135,54.7,0,0,2125,0,17-AUG-2016,
OPTSTK,BAJFINANCE,25-Aug-2016,9350,PE,0,0,0,236.1,62.1,0,0,250,0,17-AUG-2016,
OPTSTK,BAJFINANCE,25-Aug-2016,9400,PE,0,0,0,100,70.25,0,0,1625,0,17-AUG-2016,
OPTSTK,BAJFINANCE,25-Aug-2016,9450,PE,0,0,0,950.2,79.2,0,0,0,0,17-AUG-2016,
OPTSTK,BAJFINANCE,25-Aug-2016,9500,PE,51.4,51.4,32.45,32.45,32.45,11,131.16,13375,125,17-AUG-2016,
OPTSTK,BAJFINANCE,25-Aug-2016,9550,PE,0,0,0,173,99.65,0,0,125,0,17-AUG-2016,
OPTSTK,BAJFINANCE,25-Aug-2016,9600,PE,0,0,0,239.95,111.2,0,0,375,0,17-AUG-2016,
OPTSTK,BAJFINANCE,25-Aug-2016,9650,PE,0,0,0,1053.9,124.1,0,0,0,0,17-AUG-2016,
OPTSTK,BAJFINANCE,25-Aug-2016,9700,PE,50.35,51.05,50.35,51.05,51.05,2,24.37,1500,125,17-AUG-2016,
OPTSTK,BAJFINANCE,25-Aug-2016,9750,PE,0,0,0,963.7,151.7,0,0,0,0,17-AUG-2016,
OPTSTK,BAJFINANCE,25-Aug-2016,9800,PE,0,0,0,270,167.3,0,0,1000,0,17-AUG-2016,
OPTSTK,BAJFINANCE,25-Aug-2016,9850,PE,0,0,0,269.95,184,0,0,125,0,17-AUG-2016,
OPTSTK,BAJFINANCE,25-Aug-2016,9900,PE,0,0,0,282.4,201.8,0,0,625,0,17-AUG-2016,
OPTSTK,BAJFINANCE,25-Aug-2016,9950,PE,0,0,0,962.1,220.7,0,0,0,0,17-AUG-2016,
OPTSTK,BAJFINANCE,25-Aug-2016,10000,PE,159,160.3,126,140,140,23,291.54,15625,-250,17-AUG-2016,
OPTSTK,BAJFINANCE,25-Aug-2016,10050,PE,0,0,0,440.75,262,0,0,250,0,17-AUG-2016,
OPTSTK,BAJFINANCE,25-Aug-2016,10100,PE,156.95,156.95,156.95,156.95,156.95,2,25.64,625,0,17-AUG-2016,
OPTSTK,BAJFINANCE,25-Aug-2016,10150,PE,0,0,0,277.9,307.85,0,0,500,0,17-AUG-2016,
OPTSTK,BAJFINANCE,25-Aug-2016,10200,PE,0,0,0,227.3,332.5,0,0,625,0,17-AUG-2016,
OPTSTK,BAJFINANCE,25-Aug-2016,10250,PE,0,0,0,780.35,358.3,0,0,0,0,17-AUG-2016,
OPTSTK,BAJFINANCE,25-Aug-2016,10300,PE,0,0,0,443,385.3,0,0,2625,0,17-AUG-2016,
OPTSTK,BAJFINANCE,25-Aug-2016,10350,PE,0,0,0,525,413.4,0,0,375,0,17-AUG-2016,
OPTSTK,BAJFINANCE,25-Aug-2016,10400,PE,0,0,0,530,442.6,0,0,250,0,17-AUG-2016,
OPTSTK,BAJFINANCE,25-Aug-2016,10450,PE,0,0,0,682.1,472.95,0,0,375,0,17-AUG-2016,
OPTSTK,BAJFINANCE,25-Aug-2016,10500,PE,0,0,0,415,504.3,0,0,5250,0,17-AUG-2016,
OPTSTK,BAJFINANCE,25-Aug-2016,10550,PE,0,0,0,976.2,536.75,0,0,0,0,17-AUG-2016,
OPTSTK,BAJFINANCE,25-Aug-2016,10600,PE,0,0,0,570,570.25,0,0,750,0,17-AUG-2016,
OPTSTK,BAJFINANCE,25-Aug-2016,10650,PE,0,0,0,1046.1,604.7,0,0,0,0,17-AUG-2016,
OPTSTK,BAJFINANCE,25-Aug-2016,10700,PE,0,0,0,859.5,640.1,0,0,750,0,17-AUG-2016,
OPTSTK,BAJFINANCE,25-Aug-2016,10750,PE,0,0,0,257.25,676.45,0,0,250,0,17-AUG-2016,
OPTSTK,BAJFINANCE,25-Aug-2016,10800,PE,0,0,0,935.1,714.2,0,0,2125,0,17-AUG-2016,
OPTSTK,BAJFINANCE,25-Aug-2016,10850,PE,0,0,0,542,752.4,0,0,0,0,17-AUG-2016,
OPTSTK,BAJFINANCE,25-Aug-2016,10900,PE,0,0,0,933.3,790.9,0,0,0,0,17-AUG-2016,
OPTSTK,BAJFINANCE,25-Aug-2016,10950,PE,0,0,0,966.25,830.6,0,0,0,0,17-AUG-2016,
OPTSTK,BAJFINANCE,25-Aug-2016,11000,PE,0,0,0,801,871.1,0,0,3625,0,17-AUG-2016,
OPTSTK,BAJFINANCE,25-Aug-2016,11050,PE,0,0,0,1033.85,912.25,0,0,0,0,17-AUG-2016,
OPTSTK,BAJFINANCE,25-Aug-2016,11100,PE,0,0,0,1112.15,954.1,0,0,250,0,17-AUG-2016,
OPTSTK,BAJFINANCE,25-Aug-2016,11150,PE,0,0,0,349.7,996.55,0,0,0,0,17-AUG-2016,
OPTSTK,BAJFINANCE,25-Aug-2016,11200,PE,0,0,0,1238.25,1039.65,0,0,875,0,17-AUG-2016,
OPTSTK,BAJFINANCE,25-Aug-2016,11250,PE,0,0,0,1175.2,1083.25,0,0,0,0,17-AUG-2016,
OPTSTK,BAJFINANCE,25-Aug-2016,11300,PE,0,0,0,1254.3,1127.4,0,0,500,0,17-AUG-2016,
OPTSTK,BAJFINANCE,25-Aug-2016,11350,PE,0,0,0,900,1172.05,0,0,250,0,17-AUG-2016,
OPTSTK,BAJFINANCE,25-Aug-2016,11400,PE,0,0,0,1460.85,1217.15,0,0,375,0,17-AUG-2016,
OPTSTK,BAJFINANCE,25-Aug-2016,11450,PE,0,0,0,820.05,1262.65,0,0,0,0,17-AUG-2016,
OPTSTK,BAJFINANCE,25-Aug-2016,11500,PE,0,0,0,1361,1308.6,0,0,2250,0,17-AUG-2016,
OPTSTK,BAJFINANCE,25-Aug-2016,11550,PE,0,0,0,1585.45,1354.9,0,0,125,0,17-AUG-2016,
OPTSTK,BAJFINANCE,25-Aug-2016,11600,PE,0,0,0,1631.9,1401.5,0,0,250,0,17-AUG-2016,
OPTSTK,BAJFINANCE,25-Aug-2016,11650,PE,0,0,0,1678.6,1448.45,0,0,125,0,17-AUG-2016,
OPTSTK,BAJFINANCE,25-Aug-2016,11700,PE,0,0,0,1725.5,1495.7,0,0,375,0,17-AUG-2016,
OPTSTK,BAJFINANCE,25-Aug-2016,11750,PE,0,0,0,1884.45,1543.2,0,0,0,0,17-AUG-2016,
OPTSTK,BAJFINANCE,29-Sep-2016,7000,CE,0,0,0,1224.2,3281,0,0,0,0,17-AUG-2016,
OPTSTK,BAJFINANCE,29-Sep-2016,7050,CE,0,0,0,1184.65,3233,0,0,0,0,17-AUG-2016,
OPTSTK,BAJFINANCE,29-Sep-2016,7100,CE,0,0,0,1145.7,3185.15,0,0,0,0,17-AUG-2016,
OPTSTK,BAJFINANCE,29-Sep-2016,7150,CE,0,0,0,1107.35,3137.45,0,0,0,0,17-AUG-2016,
OPTSTK,BAJFINANCE,29-Sep-2016,7200,CE,0,0,0,1069.7,3089.9,0,0,0,0,17-AUG-2016,
OPTSTK,BAJFINANCE,29-Sep-2016,7250,CE,0,0,0,1033,3042.5,0,0,0,0,17-AUG-2016,
OPTSTK,BAJFINANCE,29-Sep-2016,7300,CE,0,0,0,996.7,2995.3,0,0,0,0,17-AUG-2016,
OPTSTK,BAJFINANCE,29-Sep-2016,7350,CE,0,0,0,961.05,2948.25,0,0,0,0,17-AUG-2016,
OPTSTK,BAJFINANCE,29-Sep-2016,7400,CE,0,0,0,926.15,2901.35,0,0,0,0,17-AUG-2016,
OPTSTK,BAJFINANCE,29-Sep-2016,7450,CE,0,0,0,891.7,2854.7,0,0,0,0,17-AUG-2016,
OPTSTK,BAJFINANCE,29-Sep-2016,7500,CE,0,0,0,858.35,2808.25,0,0,0,0,17-AUG-2016,
OPTSTK,BAJFINANCE,29-Sep-2016,7550,CE,0,0,0,825.7,2762,0,0,0,0,17-AUG-2016,
OPTSTK,BAJFINANCE,29-Sep-2016,7600,CE,0,0,0,793.85,2715.95,0,0,0,0,17-AUG-2016,
OPTSTK,BAJFINANCE,29-Sep-2016,7650,CE,0,0,0,762.8,2670.15,0,0,0,0,17-AUG-2016,
OPTSTK,BAJFINANCE,29-Sep-2016,7700,CE,0,0,0,732.5,2624.6,0,0,0,0,17-AUG-2016,
OPTSTK,BAJFINANCE,29-Sep-2016,7750,CE,0,0,0,702.95,2579.3,0,0,0,0,17-AUG-2016,
OPTSTK,BAJFINANCE,29-Sep-2016,7800,CE,0,0,0,674.2,2534.3,0,0,0,0,17-AUG-2016,
OPTSTK,BAJFINANCE,29-Sep-2016,7850,CE,0,0,0,646.3,2489.55,0,0,0,0,17-AUG-2016,
OPTSTK,BAJFINANCE,29-Sep-2016,7900,CE,0,0,0,619.1,2445.05,0,0,0,0,17-AUG-2016,
OPTSTK,BAJFINANCE,29-Sep-2016,7950,CE,0,0,0,592.75,2400.85,0,0,0,0,17-AUG-2016,
OPTSTK,BAJFINANCE,29-Sep-2016,8000,CE,0,0,0,567.15,2357,0,0,0,0,17-AUG-2016,
OPTSTK,BAJFINANCE,29-Sep-2016,8050,CE,0,0,0,542.3,2313.4,0,0,0,0,17-AUG-2016,
OPTSTK,BAJFINANCE,29-Sep-2016,8100,CE,0,0,0,518.25,2270.15,0,0,0,0,17-AUG-2016,
OPTSTK,BAJFINANCE,29-Sep-2016,8150,CE,0,0,0,495,2227.25,0,0,0,0,17-AUG-2016,
OPTSTK,BAJFINANCE,29-Sep-2016,8200,CE,0,0,0,472.5,2184.65,0,0,0,0,17-AUG-2016,
OPTSTK,BAJFINANCE,29-Sep-2016,8250,CE,0,0,0,450.75,2142.4,0,0,0,0,17-AUG-2016,
OPTSTK,BAJFINANCE,29-Sep-2016,8300,CE,0,0,0,429.75,2100.55,0,0,0,0,17-AUG-2016,
OPTSTK,BAJFINANCE,29-Sep-2016,8350,CE,0,0,0,409.5,2059.05,0,0,0,0,17-AUG-2016,
OPTSTK,BAJFINANCE,29-Sep-2016,8400,CE,0,0,0,390,2017.9,0,0,0,0,17-AUG-2016,
OPTSTK,BAJFINANCE,29-Sep-2016,8450,CE,0,0,0,371.15,1977.15,0,0,0,0,17-AUG-2016,
OPTSTK,BAJFINANCE,29-Sep-2016,8500,CE,0,0,0,353.05,1936.8,0,0,0,0,17-AUG-2016,
OPTSTK,BAJFINANCE,29-Sep-2016,8550,CE,0,0,0,335.65,1896.9,0,0,0,0,17-AUG-2016,
OPTSTK,BAJFINANCE,29-Sep-2016,8600,CE,0,0,0,318.9,1857.35,0,0,0,0,17-AUG-2016,
OPTSTK,BAJFINANCE,29-Sep-2016,8650,CE,0,0,0,302.8,1818.25,0,0,0,0,17-AUG-2016,
OPTSTK,BAJFINANCE,29-Sep-2016,8700,CE,0,0,0,287.4,1779.55,0,0,0,0,17-AUG-2016,
OPTSTK,BAJFINANCE,29-Sep-2016,8750,CE,0,0,0,272.6,1741.3,0,0,0,0,17-AUG-2016,
OPTSTK,BAJFINANCE,29-Sep-2016,8800,CE,0,0,0,258.4,1703.45,0,0,0,0,17-AUG-2016,
OPTSTK,BAJFINANCE,29-Sep-2016,8850,CE,0,0,0,244.85,1666.1,0,0,0,0,17-AUG-2016,
OPTSTK,BAJFINANCE,29-Sep-2016,8900,CE,0,0,0,231.85,1629.5,0,0,0,0,17-AUG-2016,
OPTSTK,BAJFINANCE,29-Sep-2016,8950,CE,0,0,0,219.85,1593,0,0,0,0,17-AUG-2016,
OPTSTK,BAJFINANCE,29-Sep-2016,9000,CE,0,0,0,208,1557,0,0,0,0,17-AUG-2016,
OPTSTK,BAJFINANCE,29-Sep-2016,9050,CE,0,0,0,246.7,1521.45,0,0,0,0,17-AUG-2016,
OPTSTK,BAJFINANCE,29-Sep-2016,9100,CE,0,0,0,233.9,1486.35,0,0,0,0,17-AUG-2016,
OPTSTK,BAJFINANCE,29-Sep-2016,9150,CE,0,0,0,222,1451.75,0,0,0,0,17-AUG-2016,
OPTSTK,BAJFINANCE,29-Sep-2016,9200,CE,0,0,0,205.5,1417.65,0,0,0,0,17-AUG-2016,
OPTSTK,BAJFINANCE,29-Sep-2016,9250,CE,0,0,0,344.1,1383.65,0,0,0,0,17-AUG-2016,
OPTSTK,BAJFINANCE,29-Sep-2016,9300,CE,0,0,0,328.45,1350.55,0,0,0,0,17-AUG-2016,
OPTSTK,BAJFINANCE,29-Sep-2016,9350,CE,0,0,0,313.35,1318,0,0,0,0,17-AUG-2016,
OPTSTK,BAJFINANCE,29-Sep-2016,9400,CE,0,0,0,298.85,1285.9,0,0,0,0,17-AUG-2016,
OPTSTK,BAJFINANCE,29-Sep-2016,9450,CE,0,0,0,284.9,1254.3,0,0,0,0,17-AUG-2016,
OPTSTK,BAJFINANCE,29-Sep-2016,9500,CE,0,0,0,271.45,1223.2,0,0,0,0,17-AUG-2016,
OPTSTK,BAJFINANCE,29-Sep-2016,9550,CE,0,0,0,258.55,1192.65,0,0,0,0,17-AUG-2016,
OPTSTK,BAJFINANCE,29-Sep-2016,9600,CE,0,0,0,247.95,1162.55,0,0,0,0,17-AUG-2016,
OPTSTK,BAJFINANCE,29-Sep-2016,9650,CE,0,0,0,236.1,1133,0,0,0,0,17-AUG-2016,
OPTSTK,BAJFINANCE,29-Sep-2016,9700,CE,0,0,0,196.25,1103.95,0,0,0,0,17-AUG-2016,
OPTSTK,BAJFINANCE,29-Sep-2016,9750,CE,0,0,0,203.2,1075.4,0,0,0,0,17-AUG-2016,
OPTSTK,BAJFINANCE,29-Sep-2016,9800,CE,0,0,0,191.7,1047.4,0,0,0,0,17-AUG-2016,
OPTSTK,BAJFINANCE,29-Sep-2016,9850,CE,0,0,0,152.75,1019.85,0,0,0,0,17-AUG-2016,
OPTSTK,BAJFINANCE,29-Sep-2016,9900,CE,0,0,0,178.1,992.85,0,0,0,0,17-AUG-2016,
OPTSTK,BAJFINANCE,29-Sep-2016,9950,CE,0,0,0,167,966.3,0,0,0,0,17-AUG-2016,
OPTSTK,BAJFINANCE,29-Sep-2016,10000,CE,0,0,0,604,940.3,0,0,375,0,17-AUG-2016,
OPTSTK,BAJFINANCE,29-Sep-2016,10050,CE,0,0,0,821.15,914.8,0,0,0,0,17-AUG-2016,
OPTSTK,BAJFINANCE,29-Sep-2016,10100,CE,0,0,0,553.5,889.75,0,0,125,0,17-AUG-2016,
OPTSTK,BAJFINANCE,29-Sep-2016,10150,CE,0,0,0,778.4,865.25,0,0,0,0,17-AUG-2016,
OPTSTK,BAJFINANCE,29-Sep-2016,10200,CE,0,0,0,757.65,841.25,0,0,0,0,17-AUG-2016,
OPTSTK,BAJFINANCE,29-Sep-2016,10250,CE,0,0,0,737.3,817.75,0,0,0,0,17-AUG-2016,
OPTSTK,BAJFINANCE,29-Sep-2016,10300,CE,0,0,0,717.45,794.7,0,0,0,0,17-AUG-2016,
OPTSTK,BAJFINANCE,29-Sep-2016,10350,CE,0,0,0,698,772.15,0,0,0,0,17-AUG-2016,
OPTSTK,BAJFINANCE,29-Sep-2016,10400,CE,0,0,0,678.95,750.1,0,0,0,0,17-AUG-2016,
OPTSTK,BAJFINANCE,29-Sep-2016,10450,CE,0,0,0,660.3,728.55,0,0,0,0,17-AUG-2016,
OPTSTK,BAJFINANCE,29-Sep-2016,10500,CE,0,0,0,642.1,707.4,0,0,0,0,17-AUG-2016,
OPTSTK,BAJFINANCE,29-Sep-2016,10550,CE,0,0,0,624.3,686.8,0,0,0,0,17-AUG-2016,
OPTSTK,BAJFINANCE,29-Sep-2016,10600,CE,0,0,0,606.9,666.65,0,0,0,0,17-AUG-2016,
OPTSTK,BAJFINANCE,29-Sep-2016,10650,CE,0,0,0,589.85,646.9,0,0,0,0,17-AUG-2016,
OPTSTK,BAJFINANCE,29-Sep-2016,10700,CE,0,0,0,573.25,627.65,0,0,0,0,17-AUG-2016,
OPTSTK,BAJFINANCE,29-Sep-2016,10750,CE,0,0,0,557,608.85,0,0,0,0,17-AUG-2016,
OPTSTK,BAJFINANCE,29-Sep-2016,10800,CE,0,0,0,541.15,590.5,0,0,0,0,17-AUG-2016,
OPTSTK,BAJFINANCE,29-Sep-2016,10850,CE,0,0,0,525.65,572.6,0,0,0,0,17-AUG-2016,
OPTSTK,BAJFINANCE,29-Sep-2016,10900,CE,0,0,0,739.9,555.15,0,0,0,0,17-AUG-2016,
OPTSTK,BAJFINANCE,29-Sep-2016,10950,CE,0,0,0,721.25,538.1,0,0,0,0,17-AUG-2016,
OPTSTK,BAJFINANCE,29-Sep-2016,11000,CE,0,0,0,703,521.45,0,0,0,0,17-AUG-2016,
OPTSTK,BAJFINANCE,29-Sep-2016,11050,CE,0,0,0,685.15,505.25,0,0,0,0,17-AUG-2016,
OPTSTK,BAJFINANCE,29-Sep-2016,11100,CE,0,0,0,667.65,489.45,0,0,0,0,17-AUG-2016,
OPTSTK,BAJFINANCE,29-Sep-2016,11150,CE,0,0,0,650.5,474.05,0,0,0,0,17-AUG-2016,
OPTSTK,BAJFINANCE,29-Sep-2016,11200,CE,0,0,0,633.7,459.05,0,0,0,0,17-AUG-2016,
OPTSTK,BAJFINANCE,29-Sep-2016,11250,CE,0,0,0,617.3,444.45,0,0,0,0,17-AUG-2016,
OPTSTK,BAJFINANCE,29-Sep-2016,11300,CE,0,0,0,601.2,430.2,0,0,0,0,17-AUG-2016,
OPTSTK,BAJFINANCE,29-Sep-2016,11350,CE,0,0,0,558.05,416.35,0,0,0,0,17-AUG-2016,
OPTSTK,BAJFINANCE,29-Sep-2016,11400,CE,0,0,0,1114.4,402.9,0,0,0,0,17-AUG-2016,
OPTSTK,BAJFINANCE,29-Sep-2016,11450,CE,0,0,0,1092.7,389.8,0,0,0,0,17-AUG-2016,
OPTSTK,BAJFINANCE,29-Sep-2016,11500,CE,0,0,0,1071.3,377.5,0,0,0,0,17-AUG-2016,
OPTSTK,BAJFINANCE,29-Sep-2016,11550,CE,0,0,0,1050.2,365.15,0,0,0,0,17-AUG-2016,
OPTSTK,BAJFINANCE,29-Sep-2016,11600,CE,0,0,0,1029.45,353.1,0,0,0,0,17-AUG-2016,
OPTSTK,BAJFINANCE,29-Sep-2016,11650,CE,0,0,0,1009.05,341.45,0,0,0,0,17-AUG-2016,
OPTSTK,BAJFINANCE,29-Sep-2016,11700,CE,0,0,0,988.95,330.1,0,0,0,0,17-AUG-2016,
OPTSTK,BAJFINANCE,29-Sep-2016,11750,CE,0,0,0,969.2,319.1,0,0,0,0,17-AUG-2016,
OPTSTK,BAJFINANCE,29-Sep-2016,7000,PE,0,0,0,103.8,15.5,0,0,0,0,17-AUG-2016,
OPTSTK,BAJFINANCE,29-Sep-2016,7050,PE,0,0,0,113.35,17.1,0,0,0,0,17-AUG-2016,
OPTSTK,BAJFINANCE,29-Sep-2016,7100,PE,0,0,0,123.55,18.85,0,0,0,0,17-AUG-2016,
OPTSTK,BAJFINANCE,29-Sep-2016,7150,PE,0,0,0,134.35,20.75,0,0,0,0,17-AUG-2016,
OPTSTK,BAJFINANCE,29-Sep-2016,7200,PE,0,0,0,145.8,22.8,0,0,0,0,17-AUG-2016,
OPTSTK,BAJFINANCE,29-Sep-2016,7250,PE,0,0,0,158.25,25,0,0,0,0,17-AUG-2016,
OPTSTK,BAJFINANCE,29-Sep-2016,7300,PE,0,0,0,171,27.4,0,0,0,0,17-AUG-2016,
OPTSTK,BAJFINANCE,29-Sep-2016,7350,PE,0,0,0,184.5,29.9,0,0,0,0,17-AUG-2016,
OPTSTK,BAJFINANCE,29-Sep-2016,7400,PE,0,0,0,198.7,32.65,0,0,0,0,17-AUG-2016,
OPTSTK,BAJFINANCE,29-Sep-2016,7450,PE,0,0,0,213.35,35.6,0,0,0,0,17-AUG-2016,
OPTSTK,BAJFINANCE,29-Sep-2016,7500,PE,0,0,0,229.1,38.7,0,0,0,0,17-AUG-2016,
OPTSTK,BAJFINANCE,29-Sep-2016,7550,PE,0,0,0,245.6,42.05,0,0,0,0,17-AUG-2016,
OPTSTK,BAJFINANCE,29-Sep-2016,7600,PE,0,0,0,262.9,45.65,0,0,0,0,17-AUG-2016,
OPTSTK,BAJFINANCE,29-Sep-2016,7650,PE,0,0,0,280.9,49.45,0,0,0,0,17-AUG-2016,
OPTSTK,BAJFINANCE,29-Sep-2016,7700,PE,0,0,0,299.75,53.5,0,0,0,0,17-AUG-2016,
OPTSTK,BAJFINANCE,29-Sep-2016,7750,PE,0,0,0,319.35,57.8,0,0,0,0,17-AUG-2016,
OPTSTK,BAJFINANCE,29-Sep-2016,7800,PE,0,0,0,339.7,62.35,0,0,0,0,17-AUG-2016,
OPTSTK,BAJFINANCE,29-Sep-2016,7850,PE,0,0,0,360.9,67.15,0,0,0,0,17-AUG-2016,
OPTSTK,BAJFINANCE,29-Sep-2016,7900,PE,0,0,0,382.85,72.3,0,0,0,0,17-AUG-2016,
OPTSTK,BAJFINANCE,29-Sep-2016,7950,PE,0,0,0,405.6,77.7,0,0,0,0,17-AUG-2016,
OPTSTK,BAJFINANCE,29-Sep-2016,8000,PE,0,0,0,429.1,83.4,0,0,0,0,17-AUG-2016,
OPTSTK,BAJFINANCE,29-Sep-2016,8050,PE,0,0,0,453.35,89.45,0,0,0,0,17-AUG-2016,
OPTSTK,BAJFINANCE,29-Sep-2016,8100,PE,0,0,0,478.45,95.75,0,0,0,0,17-AUG-2016,
OPTSTK,BAJFINANCE,29-Sep-2016,8150,PE,0,0,0,504.3,102.45,0,0,0,0,17-AUG-2016,
OPTSTK,BAJFINANCE,29-Sep-2016,8200,PE,0,0,0,530.95,109.45,0,0,0,0,17-AUG-2016,
OPTSTK,BAJFINANCE,29-Sep-2016,8250,PE,0,0,0,558.3,116.85,0,0,0,0,17-AUG-2016,
OPTSTK,BAJFINANCE,29-Sep-2016,8300,PE,0,0,0,586.4,124.55,0,0,0,0,17-AUG-2016,
OPTSTK,BAJFINANCE,29-Sep-2016,8350,PE,0,0,0,615.3,132.65,0,0,0,0,17-AUG-2016,
OPTSTK,BAJFINANCE,29-Sep-2016,8400,PE,0,0,0,644.85,141.1,0,0,0,0,17-AUG-2016,
OPTSTK,BAJFINANCE,29-Sep-2016,8450,PE,0,0,0,675.2,149.95,0,0,0,0,17-AUG-2016,
OPTSTK,BAJFINANCE,29-Sep-2016,8500,PE,0,0,0,706.2,159.2,0,0,0,0,17-AUG-2016,
OPTSTK,BAJFINANCE,29-Sep-2016,8550,PE,0,0,0,737.9,168.85,0,0,0,0,17-AUG-2016,
OPTSTK,BAJFINANCE,29-Sep-2016,8600,PE,0,0,0,770.25,178.9,0,0,0,0,17-AUG-2016,
OPTSTK,BAJFINANCE,29-Sep-2016,8650,PE,0,0,0,803.3,189.4,0,0,0,0,17-AUG-2016,
OPTSTK,BAJFINANCE,29-Sep-2016,8700,PE,0,0,0,837,200.3,0,0,0,0,17-AUG-2016,
OPTSTK,BAJFINANCE,29-Sep-2016,8750,PE,0,0,0,871.3,211.65,0,0,0,0,17-AUG-2016,
OPTSTK,BAJFINANCE,29-Sep-2016,8800,PE,0,0,0,906.25,223.4,0,0,0,0,17-AUG-2016,
OPTSTK,BAJFINANCE,29-Sep-2016,8850,PE,0,0,0,941.8,235.65,0,0,0,0,17-AUG-2016,
OPTSTK,BAJFINANCE,29-Sep-2016,8900,PE,0,0,0,977.9,248.65,0,0,0,0,17-AUG-2016,
OPTSTK,BAJFINANCE,29-Sep-2016,8950,PE,0,0,0,1015,261.75,0,0,0,0,17-AUG-2016,
OPTSTK,BAJFINANCE,29-Sep-2016,9000,PE,0,0,0,1052.3,275.35,0,0,0,0,17-AUG-2016,
OPTSTK,BAJFINANCE,29-Sep-2016,9050,PE,0,0,0,975.25,289.35,0,0,0,0,17-AUG-2016,
OPTSTK,BAJFINANCE,29-Sep-2016,9100,PE,0,0,0,1011.6,303.9,0,0,0,0,17-AUG-2016,
OPTSTK,BAJFINANCE,29-Sep-2016,9150,PE,0,0,0,1048.85,318.9,0,0,0,0,17-AUG-2016,
OPTSTK,BAJFINANCE,29-Sep-2016,9200,PE,0,0,0,1047.2,334.35,0,0,0,0,17-AUG-2016,
OPTSTK,BAJFINANCE,29-Sep-2016,9250,PE,0,0,0,885.75,349.95,0,0,0,0,17-AUG-2016,
OPTSTK,BAJFINANCE,29-Sep-2016,9300,PE,0,0,0,919.35,366.45,0,0,0,0,17-AUG-2016,
OPTSTK,BAJFINANCE,29-Sep-2016,9350,PE,0,0,0,953.5,383.5,0,0,0,0,17-AUG-2016,
OPTSTK,BAJFINANCE,29-Sep-2016,9400,PE,0,0,0,988.25,401,0,0,0,0,17-AUG-2016,
OPTSTK,BAJFINANCE,29-Sep-2016,9450,PE,0,0,0,1023.5,419,0,0,0,0,17-AUG-2016,
OPTSTK,BAJFINANCE,29-Sep-2016,9500,PE,0,0,0,1059.3,437.5,0,0,0,0,17-AUG-2016,
OPTSTK,BAJFINANCE,29-Sep-2016,9550,PE,0,0,0,1095.65,456.55,0,0,0,0,17-AUG-2016,
OPTSTK,BAJFINANCE,29-Sep-2016,9600,PE,0,0,0,1076.85,476.05,0,0,0,0,17-AUG-2016,
OPTSTK,BAJFINANCE,29-Sep-2016,9650,PE,0,0,0,1114.25,496.1,0,0,0,0,17-AUG-2016,
OPTSTK,BAJFINANCE,29-Sep-2016,9700,PE,0,0,0,1060.3,516.65,0,0,0,0,17-AUG-2016,
OPTSTK,BAJFINANCE,29-Sep-2016,9750,PE,0,0,0,1017.3,537.7,0,0,0,0,17-AUG-2016,
OPTSTK,BAJFINANCE,29-Sep-2016,9800,PE,0,0,0,1055.1,559.25,0,0,0,0,17-AUG-2016,
OPTSTK,BAJFINANCE,29-Sep-2016,9850,PE,0,0,0,1039.55,581.3,0,0,0,0,17-AUG-2016,
OPTSTK,BAJFINANCE,29-Sep-2016,9900,PE,0,0,0,970.1,603.9,0,0,0,0,17-AUG-2016,
OPTSTK,BAJFINANCE,29-Sep-2016,9950,PE,0,0,0,1008.4,626.95,0,0,0,0,17-AUG-2016,
OPTSTK,BAJFINANCE,29-Sep-2016,10000,PE,0,0,0,1046.85,650.55,0,0,0,0,17-AUG-2016,
OPTSTK,BAJFINANCE,29-Sep-2016,10050,PE,0,0,0,899.05,674.65,0,0,0,0,17-AUG-2016,
OPTSTK,BAJFINANCE,29-Sep-2016,10100,PE,0,0,0,926.8,699.2,0,0,0,0,17-AUG-2016,
OPTSTK,BAJFINANCE,29-Sep-2016,10150,PE,0,0,0,955,724.3,0,0,0,0,17-AUG-2016,
OPTSTK,BAJFINANCE,29-Sep-2016,10200,PE,0,0,0,983.65,749.85,0,0,0,0,17-AUG-2016,
OPTSTK,BAJFINANCE,29-Sep-2016,10250,PE,0,0,0,1012.7,775.95,0,0,0,0,17-AUG-2016,
OPTSTK,BAJFINANCE,29-Sep-2016,10300,PE,0,0,0,1042.2,802.5,0,0,0,0,17-AUG-2016,
OPTSTK,BAJFINANCE,29-Sep-2016,10350,PE,0,0,0,1072.15,829.55,0,0,0,0,17-AUG-2016,
OPTSTK,BAJFINANCE,29-Sep-2016,10400,PE,0,0,0,1102.5,857.1,0,0,0,0,17-AUG-2016,
OPTSTK,BAJFINANCE,29-Sep-2016,10450,PE,0,0,0,1133.25,885.15,0,0,0,0,17-AUG-2016,
OPTSTK,BAJFINANCE,29-Sep-2016,10500,PE,0,0,0,1164.4,913.6,0,0,0,0,17-AUG-2016,
OPTSTK,BAJFINANCE,29-Sep-2016,10550,PE,0,0,0,1196,942.6,0,0,0,0,17-AUG-2016,
OPTSTK,BAJFINANCE,29-Sep-2016,10600,PE,0,0,0,425,972,0,0,0,0,17-AUG-2016,
OPTSTK,BAJFINANCE,29-Sep-2016,10650,PE,0,0,0,1260.35,1001.9,0,0,0,0,17-AUG-2016,
OPTSTK,BAJFINANCE,29-Sep-2016,10700,PE,0,0,0,1293.1,1032.25,0,0,0,0,17-AUG-2016,
OPTSTK,BAJFINANCE,29-Sep-2016,10750,PE,0,0,0,1326.25,1063.05,0,0,0,0,17-AUG-2016,
OPTSTK,BAJFINANCE,29-Sep-2016,10800,PE,0,0,0,1359.75,1094.3,0,0,0,0,17-AUG-2016,
OPTSTK,BAJFINANCE,29-Sep-2016,10850,PE,0,0,0,1393.65,1125.95,0,0,0,0,17-AUG-2016,
OPTSTK,BAJFINANCE,29-Sep-2016,10900,PE,0,0,0,1193.1,1158.1,0,0,0,0,17-AUG-2016,
OPTSTK,BAJFINANCE,29-Sep-2016,10950,PE,0,0,0,1223.9,1190.65,0,0,0,0,17-AUG-2016,
OPTSTK,BAJFINANCE,29-Sep-2016,11000,PE,0,0,0,1255.05,1223.6,0,0,0,0,17-AUG-2016,
OPTSTK,BAJFINANCE,29-Sep-2016,11050,PE,0,0,0,1286.6,1257,0,0,0,0,17-AUG-2016,
OPTSTK,BAJFINANCE,29-Sep-2016,11100,PE,0,0,0,1318.45,1290.75,0,0,0,0,17-AUG-2016,
OPTSTK,BAJFINANCE,29-Sep-2016,11150,PE,0,0,0,1350.75,1324.95,0,0,0,0,17-AUG-2016,
OPTSTK,BAJFINANCE,29-Sep-2016,11200,PE,0,0,0,1383.35,1359.55,0,0,0,0,17-AUG-2016,
OPTSTK,BAJFINANCE,29-Sep-2016,11250,PE,0,0,0,1416.35,1394.55,0,0,0,0,17-AUG-2016,
OPTSTK,BAJFINANCE,29-Sep-2016,11300,PE,0,0,0,1449.65,1429.9,0,0,0,0,17-AUG-2016,
OPTSTK,BAJFINANCE,29-Sep-2016,11350,PE,0,0,0,1406.45,1465.65,0,0,0,0,17-AUG-2016,
OPTSTK,BAJFINANCE,29-Sep-2016,11400,PE,0,0,0,1160.8,1501.8,0,0,0,0,17-AUG-2016,
OPTSTK,BAJFINANCE,29-Sep-2016,11450,PE,0,0,0,1188.5,1538.3,0,0,0,0,17-AUG-2016,
OPTSTK,BAJFINANCE,29-Sep-2016,11500,PE,0,0,0,1216.55,1575.6,0,0,0,0,17-AUG-2016,
OPTSTK,BAJFINANCE,29-Sep-2016,11550,PE,0,0,0,1244.95,1612.85,0,0,0,0,17-AUG-2016,
OPTSTK,BAJFINANCE,29-Sep-2016,11600,PE,0,0,0,1273.65,1650.4,0,0,0,0,17-AUG-2016,
OPTSTK,BAJFINANCE,29-Sep-2016,11650,PE,0,0,0,1302.65,1688.35,0,0,0,0,17-AUG-2016,
OPTSTK,BAJFINANCE,29-Sep-2016,11700,PE,0,0,0,1332,1726.6,0,0,0,0,17-AUG-2016,
OPTSTK,BAJFINANCE,29-Sep-2016,11750,PE,0,0,0,1361.7,1765.15,0,0,0,0,17-AUG-2016,
OPTSTK,BAJFINANCE,27-Oct-2016,9300,CE,0,0,0,1742.1,1574.45,0,0,0,0,17-AUG-2016,
OPTSTK,BAJFINANCE,27-Oct-2016,9350,CE,0,0,0,1711.75,1544.25,0,0,0,0,17-AUG-2016,
OPTSTK,BAJFINANCE,27-Oct-2016,9400,CE,0,0,0,1681.75,1514.4,0,0,0,0,17-AUG-2016,
OPTSTK,BAJFINANCE,27-Oct-2016,9450,CE,0,0,0,1652.15,1485,0,0,0,0,17-AUG-2016,
OPTSTK,BAJFINANCE,27-Oct-2016,9500,CE,0,0,0,1622.9,1456,0,0,0,0,17-AUG-2016,
OPTSTK,BAJFINANCE,27-Oct-2016,9550,CE,0,0,0,1594,1427.35,0,0,0,0,17-AUG-2016,
OPTSTK,BAJFINANCE,27-Oct-2016,9600,CE,0,0,0,1565.5,1399.15,0,0,0,0,17-AUG-2016,
OPTSTK,BAJFINANCE,27-Oct-2016,9650,CE,0,0,0,1537.35,1371.35,0,0,0,0,17-AUG-2016,
OPTSTK,BAJFINANCE,27-Oct-2016,9700,CE,0,0,0,1509.6,1343.95,0,0,0,0,17-AUG-2016,
OPTSTK,BAJFINANCE,27-Oct-2016,9750,CE,0,0,0,1482.2,1316.9,0,0,0,0,17-AUG-2016,
OPTSTK,BAJFINANCE,27-Oct-2016,9800,CE,0,0,0,1455.15,1290.3,0,0,0,0,17-AUG-2016,
OPTSTK,BAJFINANCE,27-Oct-2016,9850,CE,0,0,0,1428.5,1264.1,0,0,0,0,17-AUG-2016,
OPTSTK,BAJFINANCE,27-Oct-2016,9900,CE,0,0,0,1402.2,1238.25,0,0,0,0,17-AUG-2016,
OPTSTK,BAJFINANCE,27-Oct-2016,9950,CE,0,0,0,1376.25,1212.85,0,0,0,0,17-AUG-2016,
OPTSTK,BAJFINANCE,27-Oct-2016,10000,CE,0,0,0,1350.65,1187.8,0,0,0,0,17-AUG-2016,
OPTSTK,BAJFINANCE,27-Oct-2016,10050,CE,0,0,0,1325.4,1163.1,0,0,0,0,17-AUG-2016,
OPTSTK,BAJFINANCE,27-Oct-2016,10100,CE,0,0,0,1300.55,1138.85,0,0,0,0,17-AUG-2016,
OPTSTK,BAJFINANCE,27-Oct-2016,10150,CE,0,0,0,1276,1114.95,0,0,0,0,17-AUG-2016,
OPTSTK,BAJFINANCE,27-Oct-2016,10200,CE,0,0,0,1251.85,1091.5,0,0,0,0,17-AUG-2016,
OPTSTK,BAJFINANCE,27-Oct-2016,10250,CE,0,0,0,1228.05,1068.35,0,0,0,0,17-AUG-2016,
OPTSTK,BAJFINANCE,27-Oct-2016,10300,CE,0,0,0,1204.6,1045.65,0,0,0,0,17-AUG-2016,
OPTSTK,BAJFINANCE,27-Oct-2016,10350,CE,0,0,0,1181.5,1023.3,0,0,0,0,17-AUG-2016,
OPTSTK,BAJFINANCE,27-Oct-2016,10400,CE,0,0,0,1158.75,1001.3,0,0,0,0,17-AUG-2016,
OPTSTK,BAJFINANCE,27-Oct-2016,10450,CE,0,0,0,1136.35,979.7,0,0,0,0,17-AUG-2016,
OPTSTK,BAJFINANCE,27-Oct-2016,10500,CE,0,0,0,1114.3,958.45,0,0,0,0,17-AUG-2016,
OPTSTK,BAJFINANCE,27-Oct-2016,10550,CE,0,0,0,1092.55,937.6,0,0,0,0,17-AUG-2016,
OPTSTK,BAJFINANCE,27-Oct-2016,10600,CE,0,0,0,1071.2,917.05,0,0,0,0,17-AUG-2016,
OPTSTK,BAJFINANCE,27-Oct-2016,10650,CE,0,0,0,1050.1,896.9,0,0,0,0,17-AUG-2016,
OPTSTK,BAJFINANCE,27-Oct-2016,10700,CE,0,0,0,1029.4,877.1,0,0,0,0,17-AUG-2016,
OPTSTK,BAJFINANCE,27-Oct-2016,10750,CE,0,0,0,1009,857.65,0,0,0,0,17-AUG-2016,
OPTSTK,BAJFINANCE,27-Oct-2016,10800,CE,0,0,0,988.95,838.55,0,0,0,0,17-AUG-2016,
OPTSTK,BAJFINANCE,27-Oct-2016,10850,CE,0,0,0,969.2,819.8,0,0,0,0,17-AUG-2016,
OPTSTK,BAJFINANCE,27-Oct-2016,10900,CE,0,0,0,949.8,801.4,0,0,0,0,17-AUG-2016,
OPTSTK,BAJFINANCE,27-Oct-2016,10950,CE,0,0,0,930.7,783.35,0,0,0,0,17-AUG-2016,
OPTSTK,BAJFINANCE,27-Oct-2016,11000,CE,0,0,0,911.9,765.6,0,0,0,0,17-AUG-2016,
OPTSTK,BAJFINANCE,27-Oct-2016,11050,CE,0,0,0,893.45,748.2,0,0,0,0,17-AUG-2016,
OPTSTK,BAJFINANCE,27-Oct-2016,11100,CE,0,0,0,875.3,731.1,0,0,0,0,17-AUG-2016,
OPTSTK,BAJFINANCE,27-Oct-2016,11150,CE,0,0,0,857.45,714.35,0,0,0,0,17-AUG-2016,
OPTSTK,BAJFINANCE,27-Oct-2016,11200,CE,0,0,0,839.9,697.95,0,0,0,0,17-AUG-2016,
OPTSTK,BAJFINANCE,27-Oct-2016,11250,CE,0,0,0,822.65,681.8,0,0,0,0,17-AUG-2016,
OPTSTK,BAJFINANCE,27-Oct-2016,11300,CE,0,0,0,805.7,666,0,0,0,0,17-AUG-2016,
OPTSTK,BAJFINANCE,27-Oct-2016,11350,CE,0,0,0,760.95,650.5,0,0,0,0,17-AUG-2016,
OPTSTK,BAJFINANCE,27-Oct-2016,11400,CE,0,0,0,1382.6,635.35,0,0,0,0,17-AUG-2016,
OPTSTK,BAJFINANCE,27-Oct-2016,11450,CE,0,0,0,1361.1,620.45,0,0,0,0,17-AUG-2016,
OPTSTK,BAJFINANCE,27-Oct-2016,11500,CE,0,0,0,1339.85,605.85,0,0,0,0,17-AUG-2016,
OPTSTK,BAJFINANCE,27-Oct-2016,11550,CE,0,0,0,1318.9,591.55,0,0,0,0,17-AUG-2016,
OPTSTK,BAJFINANCE,27-Oct-2016,11600,CE,0,0,0,1298.2,577.55,0,0,0,0,17-AUG-2016,
OPTSTK,BAJFINANCE,27-Oct-2016,11650,CE,0,0,0,1277.75,563.8,0,0,0,0,17-AUG-2016,
OPTSTK,BAJFINANCE,27-Oct-2016,11700,CE,0,0,0,1257.6,550.35,0,0,0,0,17-AUG-2016,
OPTSTK,BAJFINANCE,27-Oct-2016,11750,CE,0,0,0,1237.7,537.2,0,0,0,0,17-AUG-2016,
OPTSTK,BAJFINANCE,27-Oct-2016,9300,PE,0,0,0,565.55,541.65,0,0,0,0,17-AUG-2016,
OPTSTK,BAJFINANCE,27-Oct-2016,9350,PE,0,0,0,584.35,560.75,0,0,0,0,17-AUG-2016,
OPTSTK,BAJFINANCE,27-Oct-2016,9400,PE,0,0,0,603.5,580.3,0,0,0,0,17-AUG-2016,
OPTSTK,BAJFINANCE,27-Oct-2016,9450,PE,0,0,0,623,600.2,0,0,0,0,17-AUG-2016,
OPTSTK,BAJFINANCE,27-Oct-2016,9500,PE,0,0,0,642.9,620.55,0,0,0,0,17-AUG-2016,
OPTSTK,BAJFINANCE,27-Oct-2016,9550,PE,0,0,0,663.15,641.25,0,0,0,0,17-AUG-2016,
OPTSTK,BAJFINANCE,27-Oct-2016,9600,PE,0,0,0,683.8,662.35,0,0,0,0,17-AUG-2016,
OPTSTK,BAJFINANCE,27-Oct-2016,9650,PE,0,0,0,704.8,683.9,0,0,0,0,17-AUG-2016,
OPTSTK,BAJFINANCE,27-Oct-2016,9700,PE,0,0,0,726.15,705.8,0,0,0,0,17-AUG-2016,
OPTSTK,BAJFINANCE,27-Oct-2016,9750,PE,0,0,0,747.9,728.15,0,0,0,0,17-AUG-2016,
OPTSTK,BAJFINANCE,27-Oct-2016,9800,PE,0,0,0,770,750.85,0,0,0,0,17-AUG-2016,
OPTSTK,BAJFINANCE,27-Oct-2016,9850,PE,0,0,0,792.5,773.95,0,0,0,0,17-AUG-2016,
OPTSTK,BAJFINANCE,27-Oct-2016,9900,PE,0,0,0,815.3,797.45,0,0,0,0,17-AUG-2016,
OPTSTK,BAJFINANCE,27-Oct-2016,9950,PE,0,0,0,838.5,821.35,0,0,0,0,17-AUG-2016,
OPTSTK,BAJFINANCE,27-Oct-2016,10000,PE,0,0,0,862.05,845.65,0,0,0,0,17-AUG-2016,
OPTSTK,BAJFINANCE,27-Oct-2016,10050,PE,0,0,0,886,870.3,0,0,0,0,17-AUG-2016,
OPTSTK,BAJFINANCE,27-Oct-2016,10100,PE,0,0,0,910.25,895.4,0,0,0,0,17-AUG-2016,
OPTSTK,BAJFINANCE,27-Oct-2016,10150,PE,0,0,0,934.85,920.85,0,0,0,0,17-AUG-2016,
OPTSTK,BAJFINANCE,27-Oct-2016,10200,PE,0,0,0,959.85,946.7,0,0,0,0,17-AUG-2016,
OPTSTK,BAJFINANCE,27-Oct-2016,10250,PE,0,0,0,985.2,972.9,0,0,0,0,17-AUG-2016,
OPTSTK,BAJFINANCE,27-Oct-2016,10300,PE,0,0,0,1010.9,999.5,0,0,0,0,17-AUG-2016,
OPTSTK,BAJFINANCE,27-Oct-2016,10350,PE,0,0,0,1036.9,1026.5,0,0,0,0,17-AUG-2016,
OPTSTK,BAJFINANCE,27-Oct-2016,10400,PE,0,0,0,1063.3,1053.85,0,0,0,0,17-AUG-2016,
OPTSTK,BAJFINANCE,27-Oct-2016,10450,PE,0,0,0,1090.05,1081.55,0,0,0,0,17-AUG-2016,
OPTSTK,BAJFINANCE,27-Oct-2016,10500,PE,0,0,0,1117.1,1109.65,0,0,0,0,17-AUG-2016,
OPTSTK,BAJFINANCE,27-Oct-2016,10550,PE,0,0,0,1144.55,1138.1,0,0,0,0,17-AUG-2016,
OPTSTK,BAJFINANCE,27-Oct-2016,10600,PE,0,0,0,1172.3,1166.95,0,0,0,0,17-AUG-2016,
OPTSTK,BAJFINANCE,27-Oct-2016,10650,PE,0,0,0,1200.4,1196.1,0,0,0,0,17-AUG-2016,
OPTSTK,BAJFINANCE,27-Oct-2016,10700,PE,0,0,0,1228.8,1225.65,0,0,0,0,17-AUG-2016,
OPTSTK,BAJFINANCE,27-Oct-2016,10750,PE,0,0,0,1257.55,1255.55,0,0,0,0,17-AUG-2016,
OPTSTK,BAJFINANCE,27-Oct-2016,10800,PE,0,0,0,1286.65,1285.8,0,0,0,0,17-AUG-2016,
OPTSTK,BAJFINANCE,27-Oct-2016,10850,PE,0,0,0,1316.05,1316.35,0,0,0,0,17-AUG-2016,
OPTSTK,BAJFINANCE,27-Oct-2016,10900,PE,0,0,0,1345.75,1347.3,0,0,0,0,17-AUG-2016,
OPTSTK,BAJFINANCE,27-Oct-2016,10950,PE,0,0,0,1375.8,1378.55,0,0,0,0,17-AUG-2016,
OPTSTK,BAJFINANCE,27-Oct-2016,11000,PE,0,0,0,1406.15,1410.15,0,0,0,0,17-AUG-2016,
OPTSTK,BAJFINANCE,27-Oct-2016,11050,PE,0,0,0,1436.85,1442.1,0,0,0,0,17-AUG-2016,
OPTSTK,BAJFINANCE,27-Oct-2016,11100,PE,0,0,0,1467.8,1474.35,0,0,0,0,17-AUG-2016,
OPTSTK,BAJFINANCE,27-Oct-2016,11150,PE,0,0,0,1499.1,1506.9,0,0,0,0,17-AUG-2016,
OPTSTK,BAJFINANCE,27-Oct-2016,11200,PE,0,0,0,1530.7,1539.8,0,0,0,0,17-AUG-2016,
OPTSTK,BAJFINANCE,27-Oct-2016,11250,PE,0,0,0,1562.6,1573.05,0,0,0,0,17-AUG-2016,
OPTSTK,BAJFINANCE,27-Oct-2016,11300,PE,0,0,0,1594.75,1606.55,0,0,0,0,17-AUG-2016,
OPTSTK,BAJFINANCE,27-Oct-2016,11350,PE,0,0,0,1549.7,1640.4,0,0,0,0,17-AUG-2016,
OPTSTK,BAJFINANCE,27-Oct-2016,11400,PE,0,0,0,1369.05,1674.55,0,0,0,0,17-AUG-2016,
OPTSTK,BAJFINANCE,27-Oct-2016,11450,PE,0,0,0,1396.75,1709,0,0,0,0,17-AUG-2016,
OPTSTK,BAJFINANCE,27-Oct-2016,11500,PE,0,0,0,1424.65,1743.7,0,0,0,0,17-AUG-2016,
OPTSTK,BAJFINANCE,27-Oct-2016,11550,PE,0,0,0,1452.9,1778.75,0,0,0,0,17-AUG-2016,
OPTSTK,BAJFINANCE,27-Oct-2016,11600,PE,0,0,0,1481.35,1814.05,0,0,0,0,17-AUG-2016,
OPTSTK,BAJFINANCE,27-Oct-2016,11650,PE,0,0,0,1510.1,1849.7,0,0,0,0,17-AUG-2016,
OPTSTK,BAJFINANCE,27-Oct-2016,11700,PE,0,0,0,1539.15,1885.55,0,0,0,0,17-AUG-2016,
OPTSTK,BAJFINANCE,27-Oct-2016,11750,PE,0,0,0,1568.4,1921.7,0,0,0,0,17-AUG-2016,
OPTSTK,BANKBARODA,25-Aug-2016,100,CE,0,0,0,54.7,51.5,0,0,3500,0,17-AUG-2016,
OPTSTK,BANKBARODA,25-Aug-2016,105,CE,0,0,0,34.1,46.55,0,0,0,0,17-AUG-2016,
OPTSTK,BANKBARODA,25-Aug-2016,110,CE,0,0,0,30.2,41.55,0,0,0,0,17-AUG-2016,
OPTSTK,BANKBARODA,25-Aug-2016,115,CE,0,0,0,26.55,36.55,0,0,0,0,17-AUG-2016,
OPTSTK,BANKBARODA,25-Aug-2016,120,CE,0,0,0,23.2,31.55,0,0,0,0,17-AUG-2016,
OPTSTK,BANKBARODA,25-Aug-2016,125,CE,0,0,0,20.15,26.6,0,0,0,0,17-AUG-2016,
OPTSTK,BANKBARODA,25-Aug-2016,130,CE,0,0,0,16.9,21.7,0,0,7000,0,17-AUG-2016,
OPTSTK,BANKBARODA,25-Aug-2016,135,CE,0,0,0,13.3,16.95,0,0,7000,0,17-AUG-2016,
OPTSTK,BANKBARODA,25-Aug-2016,140,CE,11.9,13.15,11.15,13.15,13.15,16,85.11,189000,-31500,17-AUG-2016,
OPTSTK,BANKBARODA,25-Aug-2016,145,CE,7,8.55,6.65,7.4,7.4,102,544.75,346500,-52500,17-AUG-2016,
OPTSTK,BANKBARODA,25-Aug-2016,150,CE,3.55,5,3.3,4,4,775,4182.16,1967000,-217000,17-AUG-2016,
OPTSTK,BANKBARODA,25-Aug-2016,155,CE,1.85,2.5,1.6,1.9,1.9,809,4446.18,2005500,0,17-AUG-2016,
OPTSTK,BANKBARODA,25-Aug-2016,160,CE,0.9,1.2,0.7,0.85,0.85,690,3887.67,3986500,-189000,17-AUG-2016,
OPTSTK,BANKBARODA,25-Aug-2016,165,CE,0.45,0.6,0.35,0.4,0.4,146,845.48,1760500,3500,17-AUG-2016,
OPTSTK,BANKBARODA,25-Aug-2016,170,CE,0.25,0.3,0.2,0.25,0.25,53,315.82,1459500,-80500,17-AUG-2016,
OPTSTK,BANKBARODA,25-Aug-2016,175,CE,0.2,0.2,0.15,0.15,0.15,7,42.91,406000,-24500,17-AUG-2016,
OPTSTK,BANKBARODA,25-Aug-2016,180,CE,0.15,0.15,0.1,0.1,0.1,24,151.31,556500,7000,17-AUG-2016,
OPTSTK,BANKBARODA,25-Aug-2016,185,CE,0.1,0.1,0.1,0.1,0.1,5,32.39,192500,-17500,17-AUG-2016,
OPTSTK,BANKBARODA,25-Aug-2016,190,CE,0.05,0.15,0.05,0.05,0.05,11,73.17,497000,7000,17-AUG-2016,
OPTSTK,BANKBARODA,25-Aug-2016,195,CE,0,0,0,0.05,0,0,0,84000,0,17-AUG-2016,
OPTSTK,BANKBARODA,25-Aug-2016,100,PE,0,0,0,0.1,0,0,0,7000,0,17-AUG-2016,
OPTSTK,BANKBARODA,25-Aug-2016,105,PE,0,0,0,2.35,0,0,0,0,0,17-AUG-2016,
OPTSTK,BANKBARODA,25-Aug-2016,110,PE,0,0,0,3.4,0,0,0,0,0,17-AUG-2016,
OPTSTK,BANKBARODA,25-Aug-2016,115,PE,0.05,0.05,0.05,0.05,0.05,1,4.02,10500,0,17-AUG-2016,
OPTSTK,BANKBARODA,25-Aug-2016,120,PE,0.05,0.1,0.05,0.1,0.1,2,8.4,178500,-7000,17-AUG-2016,
OPTSTK,BANKBARODA,25-Aug-2016,125,PE,0.1,0.1,0.05,0.1,0.1,3,13.13,136500,0,17-AUG-2016,
OPTSTK,BANKBARODA,25-Aug-2016,130,PE,0.2,0.2,0.1,0.15,0.15,13,59.2,546000,-24500,17-AUG-2016,
OPTSTK,BANKBARODA,25-Aug-2016,135,PE,0.3,0.3,0.15,0.2,0.2,63,298.21,1057000,-38500,17-AUG-2016,
OPTSTK,BANKBARODA,25-Aug-2016,140,PE,0.7,0.75,0.4,0.45,0.45,274,1347.81,1757000,-45500,17-AUG-2016,
OPTSTK,BANKBARODA,25-Aug-2016,145,PE,1.75,1.75,1,1.1,1.1,437,2236.14,1333500,66500,17-AUG-2016,
OPTSTK,BANKBARODA,25-Aug-2016,150,PE,3.55,3.55,2.25,2.55,2.55,641,3425.85,1484000,178500,17-AUG-2016,
OPTSTK,BANKBARODA,25-Aug-2016,155,PE,5.65,6.25,4.75,5.4,5.4,53,297.5,556500,0,17-AUG-2016,
OPTSTK,BANKBARODA,25-Aug-2016,160,PE,9.6,10.6,8.4,9.25,9.25,30,177.91,637000,-52500,17-AUG-2016,
OPTSTK,BANKBARODA,25-Aug-2016,165,PE,15.1,15.1,15.1,15.1,15.1,1,6.3,112000,-3500,17-AUG-2016,
OPTSTK,BANKBARODA,25-Aug-2016,170,PE,19.5,19.75,19.5,19.75,19.75,2,13.27,63000,0,17-AUG-2016,
OPTSTK,BANKBARODA,25-Aug-2016,175,PE,0,0,0,16.7,23.6,0,0,7000,0,17-AUG-2016,
OPTSTK,BANKBARODA,25-Aug-2016,180,PE,0,0,0,25.8,28.5,0,0,42000,0,17-AUG-2016,
OPTSTK,BANKBARODA,25-Aug-2016,185,PE,0,0,0,29.5,33.4,0,0,3500,0,17-AUG-2016,
OPTSTK,BANKBARODA,25-Aug-2016,190,PE,0,0,0,35.1,38.4,0,0,14000,0,17-AUG-2016,
OPTSTK,BANKBARODA,25-Aug-2016,195,PE,0,0,0,58.35,43.4,0,0,0,0,17-AUG-2016,
OPTSTK,BANKBARODA,29-Sep-2016,100,CE,0,0,0,55.8,52.25,0,0,0,0,17-AUG-2016,
OPTSTK,BANKBARODA,29-Sep-2016,105,CE,0,0,0,51,47.4,0,0,0,0,17-AUG-2016,
OPTSTK,BANKBARODA,29-Sep-2016,110,CE,0,0,0,46.2,42.65,0,0,0,0,17-AUG-2016,
OPTSTK,BANKBARODA,29-Sep-2016,115,CE,0,0,0,41.55,38,0,0,0,0,17-AUG-2016,
OPTSTK,BANKBARODA,29-Sep-2016,120,CE,0,0,0,37.05,33.5,0,0,0,0,17-AUG-2016,
OPTSTK,BANKBARODA,29-Sep-2016,125,CE,0,0,0,32.7,29.25,0,0,0,0,17-AUG-2016,
OPTSTK,BANKBARODA,29-Sep-2016,130,CE,0,0,0,28.6,25.25,0,0,0,0,17-AUG-2016,
OPTSTK,BANKBARODA,29-Sep-2016,135,CE,0,0,0,16.25,21.55,0,0,3500,0,17-AUG-2016,
OPTSTK,BANKBARODA,29-Sep-2016,140,CE,0,0,0,13,18.2,0,0,31500,0,17-AUG-2016,
OPTSTK,BANKBARODA,29-Sep-2016,145,CE,0,0,0,12,15.2,0,0,24500,0,17-AUG-2016,
OPTSTK,BANKBARODA,29-Sep-2016,150,CE,8,9.65,8,8.6,8.6,23,127.69,262500,10500,17-AUG-2016,
OPTSTK,BANKBARODA,29-Sep-2016,155,CE,5.9,6.75,5.9,6.5,6.5,6,33.89,56000,10500,17-AUG-2016,
OPTSTK,BANKBARODA,29-Sep-2016,160,CE,4.65,5.15,4.25,4.75,4.75,14,80.69,388500,0,17-AUG-2016,
OPTSTK,BANKBARODA,29-Sep-2016,165,CE,3.05,3.6,3.05,3.3,3.3,4,23.55,24500,7000,17-AUG-2016,
OPTSTK,BANKBARODA,29-Sep-2016,170,CE,2.45,2.5,2.1,2.1,2.1,5,30.14,136500,0,17-AUG-2016,
OPTSTK,BANKBARODA,29-Sep-2016,175,CE,1.65,1.65,1.5,1.5,1.5,2,12.36,56000,0,17-AUG-2016,
OPTSTK,BANKBARODA,29-Sep-2016,180,CE,0,0,0,1.15,3.2,0,0,70000,0,17-AUG-2016,
OPTSTK,BANKBARODA,29-Sep-2016,185,CE,0,0,0,0.75,2.45,0,0,122500,0,17-AUG-2016,
OPTSTK,BANKBARODA,29-Sep-2016,190,CE,0,0,0,0.5,1.9,0,0,3500,0,17-AUG-2016,
OPTSTK,BANKBARODA,29-Sep-2016,195,CE,0,0,0,2.1,1.45,0,0,0,0,17-AUG-2016,
OPTSTK,BANKBARODA,29-Sep-2016,100,PE,0,0,0,0.1,0.1,0,0,0,0,17-AUG-2016,
OPTSTK,BANKBARODA,29-Sep-2016,105,PE,0,0,0,0.2,0.2,0,0,0,0,17-AUG-2016,
OPTSTK,BANKBARODA,29-Sep-2016,110,PE,0,0,0,0.35,0.4,0,0,0,0,17-AUG-2016,
OPTSTK,BANKBARODA,29-Sep-2016,115,PE,0,0,0,0.6,0.7,0,0,0,0,17-AUG-2016,
OPTSTK,BANKBARODA,29-Sep-2016,120,PE,0,0,0,1,1.2,0,0,3500,0,17-AUG-2016,
OPTSTK,BANKBARODA,29-Sep-2016,125,PE,0,0,0,1.6,1.9,0,0,3500,0,17-AUG-2016,
OPTSTK,BANKBARODA,29-Sep-2016,130,PE,1.2,1.2,0.85,1.05,1.05,6,27.51,56000,0,17-AUG-2016,
OPTSTK,BANKBARODA,29-Sep-2016,135,PE,0,0,0,1.95,4.1,0,0,42000,0,17-AUG-2016,
OPTSTK,BANKBARODA,29-Sep-2016,140,PE,2.95,3.15,2.5,3,3,58,290.04,210000,-66500,17-AUG-2016,
OPTSTK,BANKBARODA,29-Sep-2016,145,PE,4.35,4.65,4,4.45,4.45,71,371.12,133000,-77000,17-AUG-2016,
OPTSTK,BANKBARODA,29-Sep-2016,150,PE,6.5,6.85,6,6.45,6.45,30,164.05,553000,42000,17-AUG-2016,
OPTSTK,BANKBARODA,29-Sep-2016,155,PE,8.65,9.2,8.65,9,9,5,28.68,49000,14000,17-AUG-2016,
OPTSTK,BANKBARODA,29-Sep-2016,160,PE,12.2,12.3,12.2,12.2,12.2,12,72.35,157500,42000,17-AUG-2016,
OPTSTK,BANKBARODA,29-Sep-2016,165,PE,0,0,0,16.55,18.9,0,0,0,0,17-AUG-2016,
OPTSTK,BANKBARODA,29-Sep-2016,170,PE,0,0,0,19.85,22.5,0,0,0,0,17-AUG-2016,
OPTSTK,BANKBARODA,29-Sep-2016,175,PE,0,0,0,23.4,26.35,0,0,0,0,17-AUG-2016,
OPTSTK,BANKBARODA,29-Sep-2016,180,PE,0,0,0,27.2,30.4,0,0,0,0,17-AUG-2016,
OPTSTK,BANKBARODA,29-Sep-2016,185,PE,0,0,0,31.2,34.6,0,0,0,0,17-AUG-2016,
OPTSTK,BANKBARODA,29-Sep-2016,190,PE,0,0,0,35.4,39,0,0,0,0,17-AUG-2016,
OPTSTK,BANKBARODA,29-Sep-2016,195,PE,0,0,0,39.7,43.5,0,0,0,0,17-AUG-2016,
OPTSTK,BANKBARODA,27-Oct-2016,100,CE,0,0,0,56.3,53.15,0,0,0,0,17-AUG-2016,
OPTSTK,BANKBARODA,27-Oct-2016,105,CE,0,0,0,51.45,48.5,0,0,0,0,17-AUG-2016,
OPTSTK,BANKBARODA,27-Oct-2016,110,CE,0,0,0,46.7,44,0,0,0,0,17-AUG-2016,
OPTSTK,BANKBARODA,27-Oct-2016,115,CE,0,0,0,42,39.65,0,0,0,0,17-AUG-2016,
OPTSTK,BANKBARODA,27-Oct-2016,120,CE,0,0,0,37.5,35.55,0,0,0,0,17-AUG-2016,
OPTSTK,BANKBARODA,27-Oct-2016,125,CE,0,0,0,33.1,31.65,0,0,0,0,17-AUG-2016,
OPTSTK,BANKBARODA,27-Oct-2016,130,CE,0,0,0,29,27.95,0,0,0,0,17-AUG-2016,
OPTSTK,BANKBARODA,27-Oct-2016,135,CE,0,0,0,25.1,24.55,0,0,0,0,17-AUG-2016,
OPTSTK,BANKBARODA,27-Oct-2016,140,CE,0,0,0,21.55,21.45,0,0,0,0,17-AUG-2016,
OPTSTK,BANKBARODA,27-Oct-2016,145,CE,0,0,0,18.25,18.6,0,0,0,0,17-AUG-2016,
OPTSTK,BANKBARODA,27-Oct-2016,150,CE,0,0,0,15.35,16.05,0,0,0,0,17-AUG-2016,
OPTSTK,BANKBARODA,27-Oct-2016,155,CE,0,0,0,12.75,13.8,0,0,0,0,17-AUG-2016,
OPTSTK,BANKBARODA,27-Oct-2016,160,CE,0,0,0,10.5,11.75,0,0,0,0,17-AUG-2016,
OPTSTK,BANKBARODA,27-Oct-2016,165,CE,0,0,0,8.55,10,0,0,0,0,17-AUG-2016,
OPTSTK,BANKBARODA,27-Oct-2016,170,CE,0,0,0,6.9,8.45,0,0,0,0,17-AUG-2016,
OPTSTK,BANKBARODA,27-Oct-2016,175,CE,0,0,0,5.55,7.1,0,0,0,0,17-AUG-2016,
OPTSTK,BANKBARODA,27-Oct-2016,180,CE,0,0,0,4.4,5.95,0,0,0,0,17-AUG-2016,
OPTSTK,BANKBARODA,27-Oct-2016,185,CE,0,0,0,3.5,5,0,0,0,0,17-AUG-2016,
OPTSTK,BANKBARODA,27-Oct-2016,190,CE,0,0,0,2.75,4.15,0,0,0,0,17-AUG-2016,
OPTSTK,BANKBARODA,27-Oct-2016,195,CE,0,0,0,2.1,3.45,0,0,0,0,17-AUG-2016,
OPTSTK,BANKBARODA,27-Oct-2016,100,PE,0,0,0,0.1,0.45,0,0,0,0,17-AUG-2016,
OPTSTK,BANKBARODA,27-Oct-2016,105,PE,0,0,0,0.15,0.75,0,0,0,0,17-AUG-2016,
OPTSTK,BANKBARODA,27-Oct-2016,110,PE,0,0,0,0.3,1.2,0,0,0,0,17-AUG-2016,
OPTSTK,BANKBARODA,27-Oct-2016,115,PE,0,0,0,0.55,1.8,0,0,0,0,17-AUG-2016,
OPTSTK,BANKBARODA,27-Oct-2016,120,PE,0,0,0,0.9,2.6,0,0,0,0,17-AUG-2016,
OPTSTK,BANKBARODA,27-Oct-2016,125,PE,0,0,0,1.5,3.6,0,0,0,0,17-AUG-2016,
OPTSTK,BANKBARODA,27-Oct-2016,130,PE,0,0,0,2.25,4.9,0,0,0,0,17-AUG-2016,
OPTSTK,BANKBARODA,27-Oct-2016,135,PE,0,0,0,3.3,6.4,0,0,0,0,17-AUG-2016,
OPTSTK,BANKBARODA,27-Oct-2016,140,PE,0,0,0,4.6,8.25,0,0,0,0,17-AUG-2016,
OPTSTK,BANKBARODA,27-Oct-2016,145,PE,0,0,0,6.25,10.35,0,0,0,0,17-AUG-2016,
OPTSTK,BANKBARODA,27-Oct-2016,150,PE,0,0,0,8.25,12.7,0,0,0,0,17-AUG-2016,
OPTSTK,BANKBARODA,27-Oct-2016,155,PE,0,0,0,10.6,15.35,0,0,0,0,17-AUG-2016,
OPTSTK,BANKBARODA,27-Oct-2016,160,PE,0,0,0,13.25,18.3,0,0,0,0,17-AUG-2016,
OPTSTK,BANKBARODA,27-Oct-2016,165,PE,0,0,0,16.25,21.45,0,0,0,0,17-AUG-2016,
OPTSTK,BANKBARODA,27-Oct-2016,170,PE,0,0,0,19.5,24.85,0,0,0,0,17-AUG-2016,
OPTSTK,BANKBARODA,27-Oct-2016,175,PE,0,0,0,23.05,28.45,0,0,0,0,17-AUG-2016,
OPTSTK,BANKBARODA,27-Oct-2016,180,PE,0,0,0,26.85,32.2,0,0,0,0,17-AUG-2016,
OPTSTK,BANKBARODA,27-Oct-2016,185,PE,0,0,0,30.8,36.15,0,0,0,0,17-AUG-2016,
OPTSTK,BANKBARODA,27-Oct-2016,190,PE,0,0,0,34.95,40.25,0,0,0,0,17-AUG-2016,
OPTSTK,BANKBARODA,27-Oct-2016,195,PE,0,0,0,39.25,44.5,0,0,0,0,17-AUG-2016,
OPTSTK,BANKINDIA,25-Aug-2016,55,CE,0,0,0,31.3,57.7,0,0,0,0,17-AUG-2016,
OPTSTK,BANKINDIA,25-Aug-2016,60,CE,0,0,0,26.55,52.7,0,0,0,0,17-AUG-2016,
OPTSTK,BANKINDIA,25-Aug-2016,65,CE,0,0,0,21.95,47.7,0,0,0,0,17-AUG-2016,
OPTSTK,BANKINDIA,25-Aug-2016,70,CE,0,0,0,17.7,42.7,0,0,0,0,17-AUG-2016,
OPTSTK,BANKINDIA,25-Aug-2016,72.5,CE,0,0,0,29.6,40.25,0,0,0,0,17-AUG-2016,
OPTSTK,BANKINDIA,25-Aug-2016,75,CE,0,0,0,13.85,37.75,0,0,0,0,17-AUG-2016,
OPTSTK,BANKINDIA,25-Aug-2016,77.5,CE,0,0,0,24.75,35.25,0,0,0,0,17-AUG-2016,
OPTSTK,BANKINDIA,25-Aug-2016,80,CE,0,0,0,24,32.75,0,0,12000,0,17-AUG-2016,
OPTSTK,BANKINDIA,25-Aug-2016,82.5,CE,0,0,0,20.05,30.25,0,0,0,0,17-AUG-2016,
OPTSTK,BANKINDIA,25-Aug-2016,85,CE,0,0,0,7.8,27.75,0,0,0,0,17-AUG-2016,
OPTSTK,BANKINDIA,25-Aug-2016,87.5,CE,0,0,0,15.65,25.25,0,0,0,0,17-AUG-2016,
OPTSTK,BANKINDIA,25-Aug-2016,90,CE,0,0,0,13,22.75,0,0,18000,0,17-AUG-2016,
OPTSTK,BANKINDIA,25-Aug-2016,92.5,CE,0,0,0,17.9,20.3,0,0,12000,0,17-AUG-2016,
OPTSTK,BANKINDIA,25-Aug-2016,95,CE,0,0,0,15.85,17.85,0,0,12000,0,17-AUG-2016,
OPTSTK,BANKINDIA,25-Aug-2016,97.5,CE,0,0,0,15.95,15.4,0,0,6000,0,17-AUG-2016,
OPTSTK,BANKINDIA,25-Aug-2016,100,CE,12,12.3,12,12.3,12.3,2,13.45,1074000,0,17-AUG-2016,
OPTSTK,BANKINDIA,25-Aug-2016,102.5,CE,0,0,0,9.6,10.85,0,0,42000,0,17-AUG-2016,
OPTSTK,BANKINDIA,25-Aug-2016,105,CE,8.1,8.1,8.1,8.1,8.1,1,6.78,258000,0,17-AUG-2016,
OPTSTK,BANKINDIA,25-Aug-2016,107.5,CE,0,0,0,5.95,6.9,0,0,54000,0,17-AUG-2016,
OPTSTK,BANKINDIA,25-Aug-2016,110,CE,2.25,5.05,2.25,4.2,4.2,51,349.39,1770000,-96000,17-AUG-2016,
OPTSTK,BANKINDIA,25-Aug-2016,112.5,CE,2.7,3.35,1.75,2.05,2.05,15,103.68,360000,-48000,17-AUG-2016,
OPTSTK,BANKINDIA,25-Aug-2016,115,CE,1.7,2.2,1.3,1.7,1.7,258,1806.42,2154000,-762000,17-AUG-2016,
OPTSTK,BANKINDIA,25-Aug-2016,117.5,CE,0.9,1.35,0.7,0.85,0.85,7,49.73,258000,-6000,17-AUG-2016,
OPTSTK,BANKINDIA,25-Aug-2016,120,CE,0.55,0.9,0.5,0.6,0.6,62,448.93,2040000,-240000,17-AUG-2016,
OPTSTK,BANKINDIA,25-Aug-2016,122.5,CE,0.9,0.9,0.5,0.6,0.6,3,22.17,114000,-6000,17-AUG-2016,
OPTSTK,BANKINDIA,25-Aug-2016,125,CE,0.3,0.3,0.2,0.25,0.25,6,45.09,618000,-18000,17-AUG-2016,
OPTSTK,BANKINDIA,25-Aug-2016,127.5,CE,0,0,0,0.2,0.35,0,0,108000,0,17-AUG-2016,
OPTSTK,BANKINDIA,25-Aug-2016,130,CE,0.15,0.2,0.15,0.15,0.15,7,54.67,1092000,-42000,17-AUG-2016,
OPTSTK,BANKINDIA,25-Aug-2016,132.5,CE,0.05,0.05,0.05,0.05,0.05,1,7.95,24000,-6000,17-AUG-2016,
OPTSTK,BANKINDIA,25-Aug-2016,135,CE,0.05,0.05,0.05,0.05,0.05,1,8.1,282000,-6000,17-AUG-2016,
OPTSTK,BANKINDIA,25-Aug-2016,137.5,CE,0,0,0,0.2,0.05,0,0,42000,0,17-AUG-2016,
OPTSTK,BANKINDIA,25-Aug-2016,55,PE,0,0,0,0.1,0,0,0,0,0,17-AUG-2016,
OPTSTK,BANKINDIA,25-Aug-2016,60,PE,0,0,0,0.2,0,0,0,0,0,17-AUG-2016,
OPTSTK,BANKINDIA,25-Aug-2016,65,PE,0,0,0,0.55,0,0,0,0,0,17-AUG-2016,
OPTSTK,BANKINDIA,25-Aug-2016,70,PE,0,0,0,1.2,0,0,0,0,0,17-AUG-2016,
OPTSTK,BANKINDIA,25-Aug-2016,72.5,PE,0,0,0,0.05,0,0,0,0,0,17-AUG-2016,
OPTSTK,BANKINDIA,25-Aug-2016,75,PE,0.05,0.05,0.05,0.05,0.05,3,13.5,186000,-18000,17-AUG-2016,
OPTSTK,BANKINDIA,25-Aug-2016,77.5,PE,0.05,0.05,0.05,0.05,0.05,3,13.95,234000,-18000,17-AUG-2016,
OPTSTK,BANKINDIA,25-Aug-2016,80,PE,0.05,0.05,0.05,0.05,0.05,3,14.4,768000,-18000,17-AUG-2016,
OPTSTK,BANKINDIA,25-Aug-2016,82.5,PE,0,0,0,0.4,0,0,0,0,0,17-AUG-2016,
OPTSTK,BANKINDIA,25-Aug-2016,85,PE,0.05,0.05,0.05,0.05,0.05,6,30.61,876000,-36000,17-AUG-2016,
OPTSTK,BANKINDIA,25-Aug-2016,87.5,PE,0.15,0.15,0.15,0.15,0.15,1,5.25,30000,0,17-AUG-2016,
OPTSTK,BANKINDIA,25-Aug-2016,90,PE,0.2,0.2,0.05,0.1,0.1,50,270.33,1944000,-210000,17-AUG-2016,
OPTSTK,BANKINDIA,25-Aug-2016,92.5,PE,0.2,0.2,0.2,0.2,0.2,1,5.56,168000,-6000,17-AUG-2016,
OPTSTK,BANKINDIA,25-Aug-2016,95,PE,0.2,0.2,0.15,0.15,0.15,21,119.9,1038000,-54000,17-AUG-2016,
OPTSTK,BANKINDIA,25-Aug-2016,97.5,PE,0,0,0,0.3,0.15,0,0,138000,0,17-AUG-2016,
OPTSTK,BANKINDIA,25-Aug-2016,100,PE,0.3,0.35,0.25,0.3,0.3,17,102.31,1848000,-66000,17-AUG-2016,
OPTSTK,BANKINDIA,25-Aug-2016,102.5,PE,0.35,0.35,0.35,0.35,0.35,1,6.17,168000,-6000,17-AUG-2016,
OPTSTK,BANKINDIA,25-Aug-2016,105,PE,0.9,1,0.65,0.85,0.85,25,158.73,690000,-120000,17-AUG-2016,
OPTSTK,BANKINDIA,25-Aug-2016,107.5,PE,0,0,0,1.55,1.65,0,0,72000,0,17-AUG-2016,
OPTSTK,BANKINDIA,25-Aug-2016,110,PE,2.55,2.8,1.6,2.05,2.05,53,356.47,1164000,-78000,17-AUG-2016,
OPTSTK,BANKINDIA,25-Aug-2016,112.5,PE,0,0,0,3.8,3.65,0,0,102000,0,17-AUG-2016,
OPTSTK,BANKINDIA,25-Aug-2016,115,PE,4.05,4.05,4.05,4.05,4.05,1,7.14,258000,-6000,17-AUG-2016,
OPTSTK,BANKINDIA,25-Aug-2016,117.5,PE,0,0,0,12.2,6.65,0,0,6000,0,17-AUG-2016,
OPTSTK,BANKINDIA,25-Aug-2016,120,PE,0,0,0,8.3,8.55,0,0,54000,0,17-AUG-2016,
OPTSTK,BANKINDIA,25-Aug-2016,122.5,PE,0,0,0,20.75,10.55,0,0,0,0,17-AUG-2016,
OPTSTK,BANKINDIA,25-Aug-2016,125,PE,0,0,0,16.85,12.75,0,0,30000,0,17-AUG-2016,
OPTSTK,BANKINDIA,25-Aug-2016,127.5,PE,0,0,0,25.3,15.05,0,0,0,0,17-AUG-2016,
OPTSTK,BANKINDIA,25-Aug-2016,130,PE,0,0,0,26,17.4,0,0,54000,0,17-AUG-2016,
OPTSTK,BANKINDIA,25-Aug-2016,132.5,PE,0,0,0,30.05,19.85,0,0,0,0,17-AUG-2016,
OPTSTK,BANKINDIA,25-Aug-2016,135,PE,0,0,0,26.1,22.3,0,0,6000,0,17-AUG-2016,
OPTSTK,BANKINDIA,25-Aug-2016,137.5,PE,0,0,0,28.3,24.75,0,0,12000,0,17-AUG-2016,
OPTSTK,BANKINDIA,29-Sep-2016,62.5,CE,0,0,0,39.9,50.65,0,0,0,0,17-AUG-2016,
OPTSTK,BANKINDIA,29-Sep-2016,65,CE,0,0,0,37.45,48.15,0,0,0,0,17-AUG-2016,
OPTSTK,BANKINDIA,29-Sep-2016,67.5,CE,0,0,0,35,45.7,0,0,0,0,17-AUG-2016,
OPTSTK,BANKINDIA,29-Sep-2016,70,CE,0,0,0,32.6,43.2,0,0,0,0,17-AUG-2016,
OPTSTK,BANKINDIA,29-Sep-2016,72.5,CE,0,0,0,30.2,40.75,0,0,0,0,17-AUG-2016,
OPTSTK,BANKINDIA,29-Sep-2016,75,CE,0,0,0,27.85,38.35,0,0,0,0,17-AUG-2016,
OPTSTK,BANKINDIA,29-Sep-2016,77.5,CE,0,0,0,25.55,35.9,0,0,0,0,17-AUG-2016,
OPTSTK,BANKINDIA,29-Sep-2016,80,CE,0,0,0,23.3,33.55,0,0,0,0,17-AUG-2016,
OPTSTK,BANKINDIA,29-Sep-2016,82.5,CE,0,0,0,21.1,31.15,0,0,0,0,17-AUG-2016,
OPTSTK,BANKINDIA,29-Sep-2016,85,CE,0,0,0,19,28.85,0,0,0,0,17-AUG-2016,
OPTSTK,BANKINDIA,29-Sep-2016,87.5,CE,0,0,0,17.05,26.6,0,0,0,0,17-AUG-2016,
OPTSTK,BANKINDIA,29-Sep-2016,90,CE,0,0,0,15.15,24.45,0,0,0,0,17-AUG-2016,
OPTSTK,BANKINDIA,29-Sep-2016,92.5,CE,0,0,0,13.4,22.35,0,0,0,0,17-AUG-2016,
OPTSTK,BANKINDIA,29-Sep-2016,95,CE,0,0,0,11.75,20.3,0,0,0,0,17-AUG-2016,
OPTSTK,BANKINDIA,29-Sep-2016,97.5,CE,0,0,0,10.25,18.4,0,0,0,0,17-AUG-2016,
OPTSTK,BANKINDIA,29-Sep-2016,100,CE,0,0,0,8.85,16.6,0,0,0,0,17-AUG-2016,
OPTSTK,BANKINDIA,29-Sep-2016,102.5,CE,0,0,0,7.65,14.85,0,0,0,0,17-AUG-2016,
OPTSTK,BANKINDIA,29-Sep-2016,105,CE,0,0,0,7,13.3,0,0,12000,0,17-AUG-2016,
OPTSTK,BANKINDIA,29-Sep-2016,107.5,CE,0,0,0,5.55,11.8,0,0,0,0,17-AUG-2016,
OPTSTK,BANKINDIA,29-Sep-2016,110,CE,0,0,0,7,10.45,0,0,24000,0,17-AUG-2016,
OPTSTK,BANKINDIA,29-Sep-2016,112.5,CE,0,0,0,3.95,9.2,0,0,0,0,17-AUG-2016,
OPTSTK,BANKINDIA,29-Sep-2016,115,CE,0,0,0,4.95,8.05,0,0,42000,0,17-AUG-2016,
OPTSTK,BANKINDIA,29-Sep-2016,117.5,CE,0,0,0,2.75,7.05,0,0,0,0,17-AUG-2016,
OPTSTK,BANKINDIA,29-Sep-2016,120,CE,0,0,0,4.55,6.1,0,0,6000,0,17-AUG-2016,
OPTSTK,BANKINDIA,29-Sep-2016,122.5,CE,0,0,0,1.85,5.3,0,0,0,0,17-AUG-2016,
OPTSTK,BANKINDIA,29-Sep-2016,125,CE,0,0,0,2.25,4.55,0,0,36000,0,17-AUG-2016,
OPTSTK,BANKINDIA,29-Sep-2016,127.5,CE,0,0,0,1.25,3.9,0,0,0,0,17-AUG-2016,
OPTSTK,BANKINDIA,29-Sep-2016,130,CE,0,0,0,1,3.35,0,0,0,0,17-AUG-2016,
OPTSTK,BANKINDIA,29-Sep-2016,132.5,CE,0,0,0,0.8,2.85,0,0,0,0,17-AUG-2016,
OPTSTK,BANKINDIA,29-Sep-2016,135,CE,0,0,0,1.05,2.45,0,0,36000,0,17-AUG-2016,
OPTSTK,BANKINDIA,29-Sep-2016,137.5,CE,0,0,0,0.55,2.05,0,0,0,0,17-AUG-2016,
OPTSTK,BANKINDIA,29-Sep-2016,62.5,PE,0,0,0,0.05,0,0,0,0,0,17-AUG-2016,
OPTSTK,BANKINDIA,29-Sep-2016,65,PE,0,0,0,0.05,0.05,0,0,0,0,17-AUG-2016,
OPTSTK,BANKINDIA,29-Sep-2016,67.5,PE,0,0,0,0.05,0.05,0,0,0,0,17-AUG-2016,
OPTSTK,BANKINDIA,29-Sep-2016,70,PE,0,0,0,0.1,0.05,0,0,0,0,17-AUG-2016,
OPTSTK,BANKINDIA,29-Sep-2016,72.5,PE,0,0,0,0.2,0.1,0,0,0,0,17-AUG-2016,
OPTSTK,BANKINDIA,29-Sep-2016,75,PE,0,0,0,0.3,0.1,0,0,0,0,17-AUG-2016,
OPTSTK,BANKINDIA,29-Sep-2016,77.5,PE,0,0,0,0.4,0.2,0,0,0,0,17-AUG-2016,
OPTSTK,BANKINDIA,29-Sep-2016,80,PE,0,0,0,0.65,0.3,0,0,0,0,17-AUG-2016,
OPTSTK,BANKINDIA,29-Sep-2016,82.5,PE,0,0,0,0.9,0.4,0,0,0,0,17-AUG-2016,
OPTSTK,BANKINDIA,29-Sep-2016,85,PE,0,0,0,1.25,0.6,0,0,0,0,17-AUG-2016,
OPTSTK,BANKINDIA,29-Sep-2016,87.5,PE,0,0,0,1.75,0.8,0,0,0,0,17-AUG-2016,
OPTSTK,BANKINDIA,29-Sep-2016,90,PE,0,0,0,0.4,1.1,0,0,6000,0,17-AUG-2016,
OPTSTK,BANKINDIA,29-Sep-2016,92.5,PE,0,0,0,0.5,1.5,0,0,6000,0,17-AUG-2016,
OPTSTK,BANKINDIA,29-Sep-2016,95,PE,0,0,0,1.2,1.95,0,0,12000,0,17-AUG-2016,
OPTSTK,BANKINDIA,29-Sep-2016,97.5,PE,0,0,0,4.75,2.5,0,0,0,0,17-AUG-2016,
OPTSTK,BANKINDIA,29-Sep-2016,100,PE,0,0,0,2.2,3.2,0,0,6000,0,17-AUG-2016,
OPTSTK,BANKINDIA,29-Sep-2016,102.5,PE,0,0,0,7.05,3.95,0,0,0,0,17-AUG-2016,
OPTSTK,BANKINDIA,29-Sep-2016,105,PE,0,0,0,8.4,4.85,0,0,0,0,17-AUG-2016,
OPTSTK,BANKINDIA,29-Sep-2016,107.5,PE,0,0,0,6.6,5.85,0,0,18000,0,17-AUG-2016,
OPTSTK,BANKINDIA,29-Sep-2016,110,PE,0,0,0,5.55,6.95,0,0,84000,0,17-AUG-2016,
OPTSTK,BANKINDIA,29-Sep-2016,112.5,PE,0,0,0,13.2,8.2,0,0,0,0,17-AUG-2016,
OPTSTK,BANKINDIA,29-Sep-2016,115,PE,0,0,0,15,9.5,0,0,0,0,17-AUG-2016,
OPTSTK,BANKINDIA,29-Sep-2016,117.5,PE,0,0,0,16.9,11,0,0,0,0,17-AUG-2016,
OPTSTK,BANKINDIA,29-Sep-2016,120,PE,0,0,0,18.9,12.55,0,0,0,0,17-AUG-2016,
OPTSTK,BANKINDIA,29-Sep-2016,122.5,PE,0,0,0,20.95,14.2,0,0,0,0,17-AUG-2016,
OPTSTK,BANKINDIA,29-Sep-2016,125,PE,0,0,0,23.05,15.95,0,0,0,0,17-AUG-2016,
OPTSTK,BANKINDIA,29-Sep-2016,127.5,PE,0,0,0,25.25,17.8,0,0,0,0,17-AUG-2016,
OPTSTK,BANKINDIA,29-Sep-2016,130,PE,0,0,0,27.45,19.7,0,0,0,0,17-AUG-2016,
OPTSTK,BANKINDIA,29-Sep-2016,132.5,PE,0,0,0,29.75,21.7,0,0,0,0,17-AUG-2016,
OPTSTK,BANKINDIA,29-Sep-2016,135,PE,0,0,0,32.05,23.75,0,0,0,0,17-AUG-2016,
OPTSTK,BANKINDIA,29-Sep-2016,137.5,PE,0,0,0,34.35,25.85,0,0,0,0,17-AUG-2016,
OPTSTK,BANKINDIA,27-Oct-2016,70,CE,0,0,0,41.95,43.75,0,0,0,0,17-AUG-2016,
OPTSTK,BANKINDIA,27-Oct-2016,72.5,CE,0,0,0,39.55,41.4,0,0,0,0,17-AUG-2016,
OPTSTK,BANKINDIA,27-Oct-2016,75,CE,0,0,0,37.2,39.05,0,0,0,0,17-AUG-2016,
OPTSTK,BANKINDIA,27-Oct-2016,77.5,CE,0,0,0,34.85,36.75,0,0,0,0,17-AUG-2016,
OPTSTK,BANKINDIA,27-Oct-2016,80,CE,0,0,0,32.5,34.5,0,0,0,0,17-AUG-2016,
OPTSTK,BANKINDIA,27-Oct-2016,82.5,CE,0,0,0,30.25,32.3,0,0,0,0,17-AUG-2016,
OPTSTK,BANKINDIA,27-Oct-2016,85,CE,0,0,0,28.05,30.15,0,0,0,0,17-AUG-2016,
OPTSTK,BANKINDIA,27-Oct-2016,87.5,CE,0,0,0,25.9,28.1,0,0,0,0,17-AUG-2016,
OPTSTK,BANKINDIA,27-Oct-2016,90,CE,0,0,0,23.85,26.1,0,0,0,0,17-AUG-2016,
OPTSTK,BANKINDIA,27-Oct-2016,92.5,CE,0,0,0,21.85,24.15,0,0,0,0,17-AUG-2016,
OPTSTK,BANKINDIA,27-Oct-2016,95,CE,0,0,0,20,22.3,0,0,0,0,17-AUG-2016,
OPTSTK,BANKINDIA,27-Oct-2016,97.5,CE,0,0,0,18.2,20.55,0,0,0,0,17-AUG-2016,
OPTSTK,BANKINDIA,27-Oct-2016,100,CE,0,0,0,16.45,18.9,0,0,0,0,17-AUG-2016,
OPTSTK,BANKINDIA,27-Oct-2016,102.5,CE,0,0,0,14.9,17.3,0,0,0,0,17-AUG-2016,
OPTSTK,BANKINDIA,27-Oct-2016,105,CE,0,0,0,13.4,15.8,0,0,0,0,17-AUG-2016,
OPTSTK,BANKINDIA,27-Oct-2016,107.5,CE,0,0,0,12,14.45,0,0,0,0,17-AUG-2016,
OPTSTK,BANKINDIA,27-Oct-2016,110,CE,0,0,0,10.7,13.15,0,0,0,0,17-AUG-2016,
OPTSTK,BANKINDIA,27-Oct-2016,112.5,CE,0,0,0,9.55,11.9,0,0,0,0,17-AUG-2016,
OPTSTK,BANKINDIA,27-Oct-2016,115,CE,0,0,0,8.45,10.8,0,0,0,0,17-AUG-2016,
OPTSTK,BANKINDIA,27-Oct-2016,117.5,CE,0,0,0,7.5,9.75,0,0,0,0,17-AUG-2016,
OPTSTK,BANKINDIA,27-Oct-2016,120,CE,0,0,0,6.6,8.8,0,0,0,0,17-AUG-2016,
OPTSTK,BANKINDIA,27-Oct-2016,122.5,CE,0,0,0,5.8,7.9,0,0,0,0,17-AUG-2016,
OPTSTK,BANKINDIA,27-Oct-2016,125,CE,0,0,0,5.1,7.1,0,0,0,0,17-AUG-2016,
OPTSTK,BANKINDIA,27-Oct-2016,127.5,CE,0,0,0,4.45,6.35,0,0,0,0,17-AUG-2016,
OPTSTK,BANKINDIA,27-Oct-2016,130,CE,0,0,0,3.85,5.7,0,0,0,0,17-AUG-2016,
OPTSTK,BANKINDIA,27-Oct-2016,132.5,CE,0,0,0,3.35,5.1,0,0,0,0,17-AUG-2016,
OPTSTK,BANKINDIA,27-Oct-2016,135,CE,0,0,0,2.9,4.55,0,0,0,0,17-AUG-2016,
OPTSTK,BANKINDIA,27-Oct-2016,137.5,CE,0,0,0,2.5,4.05,0,0,0,0,17-AUG-2016,
OPTSTK,BANKINDIA,27-Oct-2016,70,PE,0,0,0,0.1,0.25,0,0,0,0,17-AUG-2016,
OPTSTK,BANKINDIA,27-Oct-2016,72.5,PE,0,0,0,0.15,0.3,0,0,0,0,17-AUG-2016,
OPTSTK,BANKINDIA,27-Oct-2016,75,PE,0,0,0,0.25,0.45,0,0,0,0,17-AUG-2016,
OPTSTK,BANKINDIA,27-Oct-2016,77.5,PE,0,0,0,0.35,0.6,0,0,0,0,17-AUG-2016,
OPTSTK,BANKINDIA,27-Oct-2016,80,PE,0,0,0,0.5,0.85,0,0,0,0,17-AUG-2016,
OPTSTK,BANKINDIA,27-Oct-2016,82.5,PE,0,0,0,0.7,1.1,0,0,0,0,17-AUG-2016,
OPTSTK,BANKINDIA,27-Oct-2016,85,PE,0,0,0,0.95,1.4,0,0,0,0,17-AUG-2016,
OPTSTK,BANKINDIA,27-Oct-2016,87.5,PE,0,0,0,1.25,1.8,0,0,0,0,17-AUG-2016,
OPTSTK,BANKINDIA,27-Oct-2016,90,PE,0,0,0,1.65,2.3,0,0,0,0,17-AUG-2016,
OPTSTK,BANKINDIA,27-Oct-2016,92.5,PE,0,0,0,2.15,2.8,0,0,0,0,17-AUG-2016,
OPTSTK,BANKINDIA,27-Oct-2016,95,PE,0,0,0,2.7,3.45,0,0,0,0,17-AUG-2016,
OPTSTK,BANKINDIA,27-Oct-2016,97.5,PE,0,0,0,3.35,4.15,0,0,0,0,17-AUG-2016,
OPTSTK,BANKINDIA,27-Oct-2016,100,PE,0,0,0,4.1,4.95,0,0,0,0,17-AUG-2016,
OPTSTK,BANKINDIA,27-Oct-2016,102.5,PE,0,0,0,4.95,5.85,0,0,0,0,17-AUG-2016,
OPTSTK,BANKINDIA,27-Oct-2016,105,PE,0,0,0,5.95,6.8,0,0,0,0,17-AUG-2016,
OPTSTK,BANKINDIA,27-Oct-2016,107.5,PE,0,0,0,7,7.9,0,0,0,0,17-AUG-2016,
OPTSTK,BANKINDIA,27-Oct-2016,110,PE,0,0,0,8.2,9.05,0,0,0,0,17-AUG-2016,
OPTSTK,BANKINDIA,27-Oct-2016,112.5,PE,0,0,0,9.45,10.3,0,0,0,0,17-AUG-2016,
OPTSTK,BANKINDIA,27-Oct-2016,115,PE,0,0,0,10.85,11.65,0,0,0,0,17-AUG-2016,
OPTSTK,BANKINDIA,27-Oct-2016,117.5,PE,0,0,0,12.3,13.1,0,0,0,0,17-AUG-2016,
OPTSTK,BANKINDIA,27-Oct-2016,120,PE,0,0,0,13.9,14.6,0,0,0,0,17-AUG-2016,
OPTSTK,BANKINDIA,27-Oct-2016,122.5,PE,0,0,0,15.55,16.2,0,0,0,0,17-AUG-2016,
OPTSTK,BANKINDIA,27-Oct-2016,125,PE,0,0,0,17.3,17.85,0,0,0,0,17-AUG-2016,
OPTSTK,BANKINDIA,27-Oct-2016,127.5,PE,0,0,0,19.1,19.55,0,0,0,0,17-AUG-2016,
OPTSTK,BANKINDIA,27-Oct-2016,130,PE,0,0,0,21,21.35,0,0,0,0,17-AUG-2016,
OPTSTK,BANKINDIA,27-Oct-2016,132.5,PE,0,0,0,22.95,23.25,0,0,0,0,17-AUG-2016,
OPTSTK,BANKINDIA,27-Oct-2016,135,PE,0,0,0,24.95,25.15,0,0,0,0,17-AUG-2016,
OPTSTK,BANKINDIA,27-Oct-2016,137.5,PE,0,0,0,27,27.15,0,0,0,0,17-AUG-2016,
OPTSTK,BATAINDIA,25-Aug-2016,360,CE,0,0,0,190.65,182.7,0,0,0,0,17-AUG-2016,
OPTSTK,BATAINDIA,25-Aug-2016,380,CE,0,0,0,171.25,162.75,0,0,0,0,17-AUG-2016,
OPTSTK,BATAINDIA,25-Aug-2016,390,CE,0,0,0,160.15,152.75,0,0,0,0,17-AUG-2016,
OPTSTK,BATAINDIA,25-Aug-2016,400,CE,0,0,0,152.1,142.75,0,0,0,0,17-AUG-2016,
OPTSTK,BATAINDIA,25-Aug-2016,410,CE,0,0,0,140.4,132.8,0,0,0,0,17-AUG-2016,
OPTSTK,BATAINDIA,25-Aug-2016,420,CE,0,0,0,133.45,122.8,0,0,0,0,17-AUG-2016,
OPTSTK,BATAINDIA,25-Aug-2016,430,CE,0,0,0,120.8,112.8,0,0,0,0,17-AUG-2016,
OPTSTK,BATAINDIA,25-Aug-2016,440,CE,0,0,0,115.45,102.85,0,0,0,0,17-AUG-2016,
OPTSTK,BATAINDIA,25-Aug-2016,450,CE,0,0,0,101.55,92.85,0,0,0,0,17-AUG-2016,
OPTSTK,BATAINDIA,25-Aug-2016,460,CE,0,0,0,98.4,82.85,0,0,0,0,17-AUG-2016,
OPTSTK,BATAINDIA,25-Aug-2016,470,CE,0,0,0,82.95,72.9,0,0,0,0,17-AUG-2016,
OPTSTK,BATAINDIA,25-Aug-2016,480,CE,0,0,0,82.55,63.05,0,0,0,0,17-AUG-2016,
OPTSTK,BATAINDIA,25-Aug-2016,490,CE,0,0,0,65.55,53.3,0,0,0,0,17-AUG-2016,
OPTSTK,BATAINDIA,25-Aug-2016,500,CE,0,0,0,68.15,43.9,0,0,0,0,17-AUG-2016,
OPTSTK,BATAINDIA,25-Aug-2016,510,CE,0,0,0,49.85,34.95,0,0,0,0,17-AUG-2016,
OPTSTK,BATAINDIA,25-Aug-2016,520,CE,30.3,30.3,30.3,30.3,30.3,1,6.05,5500,1100,17-AUG-2016,
OPTSTK,BATAINDIA,25-Aug-2016,530,CE,20,20,20,20,20,1,6.05,9900,0,17-AUG-2016,
OPTSTK,BATAINDIA,25-Aug-2016,540,CE,9.9,14,9.6,11.6,11.6,28,170.05,74800,-2200,17-AUG-2016,
OPTSTK,BATAINDIA,25-Aug-2016,550,CE,7.45,10.25,6.2,7.35,7.35,99,608.21,112200,5500,17-AUG-2016,
OPTSTK,BATAINDIA,25-Aug-2016,560,CE,4,6.25,3.65,4.15,4.15,62,385.45,89100,0,17-AUG-2016,
OPTSTK,BATAINDIA,25-Aug-2016,570,CE,2.25,3,2.25,2.45,2.45,8,50.38,28600,2200,17-AUG-2016,
OPTSTK,BATAINDIA,25-Aug-2016,580,CE,1.15,2.7,1.15,1.9,1.9,18,115.24,64900,-1100,17-AUG-2016,
OPTSTK,BATAINDIA,25-Aug-2016,590,CE,0,0,0,1.7,1.05,0,0,11000,0,17-AUG-2016,
OPTSTK,BATAINDIA,25-Aug-2016,600,CE,1,1.5,0.5,1.45,1.45,42,277.64,198000,-24200,17-AUG-2016,
OPTSTK,BATAINDIA,25-Aug-2016,610,CE,1.9,1.9,1,1.05,1.05,3,20.17,23100,-2200,17-AUG-2016,
OPTSTK,BATAINDIA,25-Aug-2016,620,CE,0.95,1,0.75,0.85,0.85,7,47.8,160600,0,17-AUG-2016,
OPTSTK,BATAINDIA,25-Aug-2016,630,CE,0.8,0.8,0.8,0.8,0.8,2,13.87,12100,-1100,17-AUG-2016,
OPTSTK,BATAINDIA,25-Aug-2016,640,CE,0,0,0,0.7,0.05,0,0,3300,0,17-AUG-2016,
OPTSTK,BATAINDIA,25-Aug-2016,650,CE,0,0,0,0.65,0.05,0,0,6600,0,17-AUG-2016,
OPTSTK,BATAINDIA,25-Aug-2016,660,CE,0,0,0,0.5,0,0,0,7700,0,17-AUG-2016,
OPTSTK,BATAINDIA,25-Aug-2016,670,CE,0.25,0.25,0.25,0.25,0.25,2,14.74,25300,-2200,17-AUG-2016,
OPTSTK,BATAINDIA,25-Aug-2016,680,CE,0,0,0,1,0,0,0,2200,0,17-AUG-2016,
OPTSTK,BATAINDIA,25-Aug-2016,690,CE,0,0,0,0.65,0,0,0,0,0,17-AUG-2016,
OPTSTK,BATAINDIA,25-Aug-2016,700,CE,0,0,0,0.1,0,0,0,16500,0,17-AUG-2016,
OPTSTK,BATAINDIA,25-Aug-2016,710,CE,0,0,0,0.25,0,0,0,0,0,17-AUG-2016,
OPTSTK,BATAINDIA,25-Aug-2016,360,PE,0,0,0,0.15,0,0,0,0,0,17-AUG-2016,
OPTSTK,BATAINDIA,25-Aug-2016,380,PE,0,0,0,0.4,0,0,0,0,0,17-AUG-2016,
OPTSTK,BATAINDIA,25-Aug-2016,390,PE,0,0,0,0.05,0,0,0,0,0,17-AUG-2016,
OPTSTK,BATAINDIA,25-Aug-2016,400,PE,0,0,0,0.95,0,0,0,0,0,17-AUG-2016,
OPTSTK,BATAINDIA,25-Aug-2016,410,PE,0,0,0,0.1,0,0,0,0,0,17-AUG-2016,
OPTSTK,BATAINDIA,25-Aug-2016,420,PE,0,0,0,1.9,0,0,0,0,0,17-AUG-2016,
OPTSTK,BATAINDIA,25-Aug-2016,430,PE,0,0,0,0.25,0,0,0,0,0,17-AUG-2016,
OPTSTK,BATAINDIA,25-Aug-2016,440,PE,0,0,0,3.55,0,0,0,0,0,17-AUG-2016,
OPTSTK,BATAINDIA,25-Aug-2016,450,PE,0,0,0,1.4,0,0,0,2200,0,17-AUG-2016,
OPTSTK,BATAINDIA,25-Aug-2016,460,PE,0,0,0,6.15,0.05,0,0,0,0,17-AUG-2016,
OPTSTK,BATAINDIA,25-Aug-2016,470,PE,0,0,0,2,0.05,0,0,0,0,17-AUG-2016,
OPTSTK,BATAINDIA,25-Aug-2016,480,PE,0,0,0,4.6,0.15,0,0,1100,0,17-AUG-2016,
OPTSTK,BATAINDIA,25-Aug-2016,490,PE,0,0,0,1.4,0.45,0,0,1100,0,17-AUG-2016,
OPTSTK,BATAINDIA,25-Aug-2016,500,PE,0.65,1.6,0.65,1.6,1.6,7,38.57,30800,0,17-AUG-2016,
OPTSTK,BATAINDIA,25-Aug-2016,510,PE,0,0,0,6.2,2.05,0,0,2200,0,17-AUG-2016,
OPTSTK,BATAINDIA,25-Aug-2016,520,PE,3.05,3.05,2,2.5,2.5,6,34.48,17600,-2200,17-AUG-2016,
OPTSTK,BATAINDIA,25-Aug-2016,530,PE,6,6,4.5,4.5,4.5,3,17.66,19800,-1100,17-AUG-2016,
OPTSTK,BATAINDIA,25-Aug-2016,540,PE,9.5,9.5,6.45,6.45,6.45,9,54.2,35200,2200,17-AUG-2016,
OPTSTK,BATAINDIA,25-Aug-2016,550,PE,13,14.9,13,14,14,3,18.61,11000,2200,17-AUG-2016,
OPTSTK,BATAINDIA,25-Aug-2016,560,PE,0,0,0,24.4,22.8,0,0,28600,0,17-AUG-2016,
OPTSTK,BATAINDIA,25-Aug-2016,570,PE,0,0,0,36,30.45,0,0,4400,0,17-AUG-2016,
OPTSTK,BATAINDIA,25-Aug-2016,580,PE,0,0,0,34.85,38.95,0,0,19800,0,17-AUG-2016,
OPTSTK,BATAINDIA,25-Aug-2016,590,PE,0,0,0,45,48,0,0,2200,0,17-AUG-2016,
OPTSTK,BATAINDIA,25-Aug-2016,600,PE,0,0,0,57,57.5,0,0,5500,0,17-AUG-2016,
OPTSTK,BATAINDIA,25-Aug-2016,610,PE,66,66,63,63,63,2,14.83,8800,-2200,17-AUG-2016,
OPTSTK,BATAINDIA,25-Aug-2016,620,PE,0,0,0,72.5,77.05,0,0,5500,0,17-AUG-2016,
OPTSTK,BATAINDIA,25-Aug-2016,630,PE,0,0,0,81.15,86.95,0,0,0,0,17-AUG-2016,
OPTSTK,BATAINDIA,25-Aug-2016,640,PE,0,0,0,95.85,96.95,0,0,0,0,17-AUG-2016,
OPTSTK,BATAINDIA,25-Aug-2016,650,PE,0,0,0,65.55,106.9,0,0,1100,0,17-AUG-2016,
OPTSTK,BATAINDIA,25-Aug-2016,660,PE,0,0,0,112.45,116.9,0,0,0,0,17-AUG-2016,
OPTSTK,BATAINDIA,25-Aug-2016,670,PE,0,0,0,118.05,126.85,0,0,0,0,17-AUG-2016,
OPTSTK,BATAINDIA,25-Aug-2016,680,PE,0,0,0,129.8,136.85,0,0,0,0,17-AUG-2016,
OPTSTK,BATAINDIA,25-Aug-2016,690,PE,0,0,0,137.25,146.85,0,0,0,0,17-AUG-2016,
OPTSTK,BATAINDIA,25-Aug-2016,700,PE,0,0,0,147.7,156.8,0,0,0,0,17-AUG-2016,
OPTSTK,BATAINDIA,25-Aug-2016,710,PE,0,0,0,156.75,166.8,0,0,0,0,17-AUG-2016,
OPTSTK,BATAINDIA,29-Sep-2016,360,CE,0,0,0,192.25,185.1,0,0,0,0,17-AUG-2016,
OPTSTK,BATAINDIA,29-Sep-2016,370,CE,0,0,0,182.45,175.2,0,0,0,0,17-AUG-2016,
OPTSTK,BATAINDIA,29-Sep-2016,380,CE,0,0,0,172.65,165.3,0,0,0,0,17-AUG-2016,
OPTSTK,BATAINDIA,29-Sep-2016,390,CE,0,0,0,162.9,155.45,0,0,0,0,17-AUG-2016,
OPTSTK,BATAINDIA,29-Sep-2016,400,CE,0,0,0,153.2,145.6,0,0,0,0,17-AUG-2016,
OPTSTK,BATAINDIA,29-Sep-2016,410,CE,0,0,0,143.55,135.8,0,0,0,0,17-AUG-2016,
OPTSTK,BATAINDIA,29-Sep-2016,420,CE,0,0,0,133.95,126.1,0,0,0,0,17-AUG-2016,
OPTSTK,BATAINDIA,29-Sep-2016,430,CE,0,0,0,124.5,116.5,0,0,0,0,17-AUG-2016,
OPTSTK,BATAINDIA,29-Sep-2016,440,CE,0,0,0,115.15,107.05,0,0,0,0,17-AUG-2016,
OPTSTK,BATAINDIA,29-Sep-2016,450,CE,0,0,0,106.05,97.8,0,0,0,0,17-AUG-2016,
OPTSTK,BATAINDIA,29-Sep-2016,460,CE,0,0,0,97.15,88.8,0,0,0,0,17-AUG-2016,
OPTSTK,BATAINDIA,29-Sep-2016,470,CE,0,0,0,88.5,80.1,0,0,0,0,17-AUG-2016,
OPTSTK,BATAINDIA,29-Sep-2016,480,CE,0,0,0,80.2,71.75,0,0,0,0,17-AUG-2016,
OPTSTK,BATAINDIA,29-Sep-2016,490,CE,0,0,0,72.25,63.85,0,0,0,0,17-AUG-2016,
OPTSTK,BATAINDIA,29-Sep-2016,500,CE,0,0,0,64.7,56.35,0,0,0,0,17-AUG-2016,
OPTSTK,BATAINDIA,29-Sep-2016,510,CE,0,0,0,57.6,49.35,0,0,0,0,17-AUG-2016,
OPTSTK,BATAINDIA,29-Sep-2016,520,CE,0,0,0,50.9,42.9,0,0,0,0,17-AUG-2016,
OPTSTK,BATAINDIA,29-Sep-2016,530,CE,0,0,0,44.75,37,0,0,0,0,17-AUG-2016,
OPTSTK,BATAINDIA,29-Sep-2016,540,CE,0,0,0,39.1,31.65,0,0,0,0,17-AUG-2016,
OPTSTK,BATAINDIA,29-Sep-2016,550,CE,0,0,0,33.9,26.9,0,0,0,0,17-AUG-2016,
OPTSTK,BATAINDIA,29-Sep-2016,560,CE,0,0,0,29.25,22.65,0,0,0,0,17-AUG-2016,
OPTSTK,BATAINDIA,29-Sep-2016,570,CE,0,0,0,25.1,18.9,0,0,0,0,17-AUG-2016,
OPTSTK,BATAINDIA,29-Sep-2016,580,CE,0,0,0,8,15.65,0,0,1100,0,17-AUG-2016,
OPTSTK,BATAINDIA,29-Sep-2016,590,CE,0,0,0,18.1,12.9,0,0,0,0,17-AUG-2016,
OPTSTK,BATAINDIA,29-Sep-2016,600,CE,0,0,0,15.2,10.55,0,0,0,0,17-AUG-2016,
OPTSTK,BATAINDIA,29-Sep-2016,610,CE,0,0,0,12.75,8.55,0,0,0,0,17-AUG-2016,
OPTSTK,BATAINDIA,29-Sep-2016,620,CE,0,0,0,10.6,6.9,0,0,0,0,17-AUG-2016,
OPTSTK,BATAINDIA,29-Sep-2016,630,CE,0,0,0,8.8,5.5,0,0,0,0,17-AUG-2016,
OPTSTK,BATAINDIA,29-Sep-2016,640,CE,0,0,0,7.2,4.35,0,0,0,0,17-AUG-2016,
OPTSTK,BATAINDIA,29-Sep-2016,650,CE,0,0,0,5.9,3.45,0,0,0,0,17-AUG-2016,
OPTSTK,BATAINDIA,29-Sep-2016,660,CE,0,0,0,4.8,2.7,0,0,0,0,17-AUG-2016,
OPTSTK,BATAINDIA,29-Sep-2016,670,CE,0,0,0,3.9,2.1,0,0,0,0,17-AUG-2016,
OPTSTK,BATAINDIA,29-Sep-2016,680,CE,0,0,0,3.15,1.65,0,0,0,0,17-AUG-2016,
OPTSTK,BATAINDIA,29-Sep-2016,690,CE,0,0,0,2.55,1.25,0,0,0,0,17-AUG-2016,
OPTSTK,BATAINDIA,29-Sep-2016,700,CE,0,0,0,2,0.95,0,0,0,0,17-AUG-2016,
OPTSTK,BATAINDIA,29-Sep-2016,710,CE,0,0,0,1.6,0.75,0,0,0,0,17-AUG-2016,
OPTSTK,BATAINDIA,29-Sep-2016,360,PE,0,0,0,0.05,0.05,0,0,0,0,17-AUG-2016,
OPTSTK,BATAINDIA,29-Sep-2016,370,PE,0,0,0,0.05,0.05,0,0,0,0,17-AUG-2016,
OPTSTK,BATAINDIA,29-Sep-2016,380,PE,0,0,0,0.1,0.05,0,0,0,0,17-AUG-2016,
OPTSTK,BATAINDIA,29-Sep-2016,390,PE,0,0,0,0.15,0.1,0,0,0,0,17-AUG-2016,
OPTSTK,BATAINDIA,29-Sep-2016,400,PE,0,0,0,0.25,0.2,0,0,0,0,17-AUG-2016,
OPTSTK,BATAINDIA,29-Sep-2016,410,PE,0,0,0,0.45,0.35,0,0,0,0,17-AUG-2016,
OPTSTK,BATAINDIA,29-Sep-2016,420,PE,0,0,0,0.7,0.55,0,0,0,0,17-AUG-2016,
OPTSTK,BATAINDIA,29-Sep-2016,430,PE,0,0,0,1.05,0.85,0,0,0,0,17-AUG-2016,
OPTSTK,BATAINDIA,29-Sep-2016,440,PE,0,0,0,1.55,1.35,0,0,0,0,17-AUG-2016,
OPTSTK,BATAINDIA,29-Sep-2016,450,PE,0,0,0,2.25,2,0,0,0,0,17-AUG-2016,
OPTSTK,BATAINDIA,29-Sep-2016,460,PE,0,0,0,3.15,2.95,0,0,0,0,17-AUG-2016,
OPTSTK,BATAINDIA,29-Sep-2016,470,PE,0,0,0,4.35,4.15,0,0,0,0,17-AUG-2016,
OPTSTK,BATAINDIA,29-Sep-2016,480,PE,0,0,0,5.85,5.75,0,0,0,0,17-AUG-2016,
OPTSTK,BATAINDIA,29-Sep-2016,490,PE,0,0,0,7.7,7.7,0,0,0,0,17-AUG-2016,
OPTSTK,BATAINDIA,29-Sep-2016,500,PE,0,0,0,10,10.15,0,0,0,0,17-AUG-2016,
OPTSTK,BATAINDIA,29-Sep-2016,510,PE,0,0,0,12.7,13.1,0,0,0,0,17-AUG-2016,
OPTSTK,BATAINDIA,29-Sep-2016,520,PE,0,0,0,15.85,16.55,0,0,0,0,17-AUG-2016,
OPTSTK,BATAINDIA,29-Sep-2016,530,PE,0,0,0,19.55,20.55,0,0,0,0,17-AUG-2016,
OPTSTK,BATAINDIA,29-Sep-2016,540,PE,0,0,0,23.7,25.15,0,0,0,0,17-AUG-2016,
OPTSTK,BATAINDIA,29-Sep-2016,550,PE,0,0,0,28.35,30.25,0,0,0,0,17-AUG-2016,
OPTSTK,BATAINDIA,29-Sep-2016,560,PE,0,0,0,33.5,35.95,0,0,0,0,17-AUG-2016,
OPTSTK,BATAINDIA,29-Sep-2016,570,PE,0,0,0,39.15,42.15,0,0,0,0,17-AUG-2016,
OPTSTK,BATAINDIA,29-Sep-2016,580,PE,0,0,0,45.25,48.85,0,0,0,0,17-AUG-2016,
OPTSTK,BATAINDIA,29-Sep-2016,590,PE,0,0,0,51.8,55.95,0,0,0,0,17-AUG-2016,
OPTSTK,BATAINDIA,29-Sep-2016,600,PE,0,0,0,58.75,63.55,0,0,0,0,17-AUG-2016,
OPTSTK,BATAINDIA,29-Sep-2016,610,PE,0,0,0,66.15,71.45,0,0,0,0,17-AUG-2016,
OPTSTK,BATAINDIA,29-Sep-2016,620,PE,0,0,0,73.8,79.7,0,0,0,0,17-AUG-2016,
OPTSTK,BATAINDIA,29-Sep-2016,630,PE,0,0,0,81.8,88.25,0,0,0,0,17-AUG-2016,
OPTSTK,BATAINDIA,29-Sep-2016,640,PE,0,0,0,90.05,97.05,0,0,0,0,17-AUG-2016,
OPTSTK,BATAINDIA,29-Sep-2016,650,PE,0,0,0,98.6,106.05,0,0,0,0,17-AUG-2016,
OPTSTK,BATAINDIA,29-Sep-2016,660,PE,0,0,0,107.3,115.2,0,0,0,0,17-AUG-2016,
OPTSTK,BATAINDIA,29-Sep-2016,670,PE,0,0,0,116.2,124.55,0,0,0,0,17-AUG-2016,
OPTSTK,BATAINDIA,29-Sep-2016,680,PE,0,0,0,125.3,133.95,0,0,0,0,17-AUG-2016,
OPTSTK,BATAINDIA,29-Sep-2016,690,PE,0,0,0,134.5,143.5,0,0,0,0,17-AUG-2016,
OPTSTK,BATAINDIA,29-Sep-2016,700,PE,0,0,0,143.8,153.15,0,0,0,0,17-AUG-2016,
OPTSTK,BATAINDIA,29-Sep-2016,710,PE,0,0,0,153.2,162.85,0,0,0,0,17-AUG-2016,
OPTSTK,BATAINDIA,27-Oct-2016,380,CE,0,0,0,205.15,167.65,0,0,0,0,17-AUG-2016,
OPTSTK,BATAINDIA,27-Oct-2016,390,CE,0,0,0,195.35,158,0,0,0,0,17-AUG-2016,
OPTSTK,BATAINDIA,27-Oct-2016,400,CE,0,0,0,185.5,148.4,0,0,0,0,17-AUG-2016,
OPTSTK,BATAINDIA,27-Oct-2016,410,CE,0,0,0,175.7,139,0,0,0,0,17-AUG-2016,
OPTSTK,BATAINDIA,27-Oct-2016,420,CE,0,0,0,165.9,129.7,0,0,0,0,17-AUG-2016,
OPTSTK,BATAINDIA,27-Oct-2016,430,CE,0,0,0,156.1,120.55,0,0,0,0,17-AUG-2016,
OPTSTK,BATAINDIA,27-Oct-2016,440,CE,0,0,0,146.35,111.65,0,0,0,0,17-AUG-2016,
OPTSTK,BATAINDIA,27-Oct-2016,450,CE,0,0,0,136.7,103,0,0,0,0,17-AUG-2016,
OPTSTK,BATAINDIA,27-Oct-2016,460,CE,0,0,0,127.05,94.65,0,0,0,0,17-AUG-2016,
OPTSTK,BATAINDIA,27-Oct-2016,470,CE,0,0,0,117.55,86.6,0,0,0,0,17-AUG-2016,
OPTSTK,BATAINDIA,27-Oct-2016,480,CE,0,0,0,108.2,78.85,0,0,0,0,17-AUG-2016,
OPTSTK,BATAINDIA,27-Oct-2016,490,CE,0,0,0,99,71.55,0,0,0,0,17-AUG-2016,
OPTSTK,BATAINDIA,27-Oct-2016,500,CE,0,0,0,90.1,64.6,0,0,0,0,17-AUG-2016,
OPTSTK,BATAINDIA,27-Oct-2016,510,CE,0,0,0,81.45,58.05,0,0,0,0,17-AUG-2016,
OPTSTK,BATAINDIA,27-Oct-2016,520,CE,0,0,0,73.1,51.95,0,0,0,0,17-AUG-2016,
OPTSTK,BATAINDIA,27-Oct-2016,530,CE,0,0,0,65.2,46.3,0,0,0,0,17-AUG-2016,
OPTSTK,BATAINDIA,27-Oct-2016,540,CE,0,0,0,57.75,41.1,0,0,0,0,17-AUG-2016,
OPTSTK,BATAINDIA,27-Oct-2016,550,CE,0,0,0,50.7,36.3,0,0,0,0,17-AUG-2016,
OPTSTK,BATAINDIA,27-Oct-2016,560,CE,0,0,0,44.2,31.95,0,0,0,0,17-AUG-2016,
OPTSTK,BATAINDIA,27-Oct-2016,570,CE,0,0,0,38.25,27.95,0,0,0,0,17-AUG-2016,
OPTSTK,BATAINDIA,27-Oct-2016,580,CE,0,0,0,32.8,24.4,0,0,0,0,17-AUG-2016,
OPTSTK,BATAINDIA,27-Oct-2016,590,CE,0,0,0,27.95,21.2,0,0,0,0,17-AUG-2016,
OPTSTK,BATAINDIA,27-Oct-2016,600,CE,0,0,0,23.6,18.35,0,0,0,0,17-AUG-2016,
OPTSTK,BATAINDIA,27-Oct-2016,610,CE,0,0,0,19.8,15.85,0,0,0,0,17-AUG-2016,
OPTSTK,BATAINDIA,27-Oct-2016,620,CE,0,0,0,16.45,13.6,0,0,0,0,17-AUG-2016,
OPTSTK,BATAINDIA,27-Oct-2016,630,CE,0,0,0,13.55,11.65,0,0,0,0,17-AUG-2016,
OPTSTK,BATAINDIA,27-Oct-2016,640,CE,0,0,0,11.15,9.9,0,0,0,0,17-AUG-2016,
OPTSTK,BATAINDIA,27-Oct-2016,650,CE,0,0,0,9.05,8.45,0,0,0,0,17-AUG-2016,
OPTSTK,BATAINDIA,27-Oct-2016,660,CE,0,0,0,7.3,7.15,0,0,0,0,17-AUG-2016,
OPTSTK,BATAINDIA,27-Oct-2016,670,CE,0,0,0,5.85,6,0,0,0,0,17-AUG-2016,
OPTSTK,BATAINDIA,27-Oct-2016,680,CE,0,0,0,4.65,5.05,0,0,0,0,17-AUG-2016,
OPTSTK,BATAINDIA,27-Oct-2016,690,CE,0,0,0,3.7,4.25,0,0,0,0,17-AUG-2016,
OPTSTK,BATAINDIA,27-Oct-2016,700,CE,0,0,0,2.9,3.55,0,0,0,0,17-AUG-2016,
OPTSTK,BATAINDIA,27-Oct-2016,710,CE,0,0,0,2.25,2.95,0,0,0,0,17-AUG-2016,
OPTSTK,BATAINDIA,27-Oct-2016,380,PE,0,0,0,0.05,0.4,0,0,0,0,17-AUG-2016,
OPTSTK,BATAINDIA,27-Oct-2016,390,PE,0,0,0,0.05,0.65,0,0,0,0,17-AUG-2016,
OPTSTK,BATAINDIA,27-Oct-2016,400,PE,0,0,0,0.05,0.95,0,0,0,0,17-AUG-2016,
OPTSTK,BATAINDIA,27-Oct-2016,410,PE,0,0,0,0.05,1.35,0,0,0,0,17-AUG-2016,
OPTSTK,BATAINDIA,27-Oct-2016,420,PE,0,0,0,0.1,1.95,0,0,0,0,17-AUG-2016,
OPTSTK,BATAINDIA,27-Oct-2016,430,PE,0,0,0,0.15,2.7,0,0,0,0,17-AUG-2016,
OPTSTK,BATAINDIA,27-Oct-2016,440,PE,0,0,0,0.2,3.65,0,0,0,0,17-AUG-2016,
OPTSTK,BATAINDIA,27-Oct-2016,450,PE,0,0,0,0.35,4.85,0,0,0,0,17-AUG-2016,
OPTSTK,BATAINDIA,27-Oct-2016,460,PE,0,0,0,0.55,6.35,0,0,0,0,17-AUG-2016,
OPTSTK,BATAINDIA,27-Oct-2016,470,PE,0,0,0,0.9,8.15,0,0,0,0,17-AUG-2016,
OPTSTK,BATAINDIA,27-Oct-2016,480,PE,0,0,0,1.35,10.3,0,0,0,0,17-AUG-2016,
OPTSTK,BATAINDIA,27-Oct-2016,490,PE,0,0,0,2,12.85,0,0,0,0,17-AUG-2016,
OPTSTK,BATAINDIA,27-Oct-2016,500,PE,0,0,0,2.9,15.75,0,0,0,0,17-AUG-2016,
OPTSTK,BATAINDIA,27-Oct-2016,510,PE,0,0,0,4.05,19.1,0,0,0,0,17-AUG-2016,
OPTSTK,BATAINDIA,27-Oct-2016,520,PE,0,0,0,5.6,22.9,0,0,0,0,17-AUG-2016,
OPTSTK,BATAINDIA,27-Oct-2016,530,PE,0,0,0,7.5,27.1,0,0,0,0,17-AUG-2016,
OPTSTK,BATAINDIA,27-Oct-2016,540,PE,0,0,0,9.85,31.75,0,0,0,0,17-AUG-2016,
OPTSTK,BATAINDIA,27-Oct-2016,550,PE,0,0,0,12.65,36.8,0,0,0,0,17-AUG-2016,
OPTSTK,BATAINDIA,27-Oct-2016,560,PE,0,0,0,16,42.3,0,0,0,0,17-AUG-2016,
OPTSTK,BATAINDIA,27-Oct-2016,570,PE,0,0,0,19.85,48.2,0,0,0,0,17-AUG-2016,
OPTSTK,BATAINDIA,27-Oct-2016,580,PE,0,0,0,24.25,54.5,0,0,0,0,17-AUG-2016,
OPTSTK,BATAINDIA,27-Oct-2016,590,PE,0,0,0,29.2,61.15,0,0,0,0,17-AUG-2016,
OPTSTK,BATAINDIA,27-Oct-2016,600,PE,0,0,0,34.7,68.2,0,0,0,0,17-AUG-2016,
OPTSTK,BATAINDIA,27-Oct-2016,610,PE,0,0,0,40.7,75.55,0,0,0,0,17-AUG-2016,
OPTSTK,BATAINDIA,27-Oct-2016,620,PE,0,0,0,47.2,83.2,0,0,0,0,17-AUG-2016,
OPTSTK,BATAINDIA,27-Oct-2016,630,PE,0,0,0,54.15,91.1,0,0,0,0,17-AUG-2016,
OPTSTK,BATAINDIA,27-Oct-2016,640,PE,0,0,0,61.55,99.25,0,0,0,0,17-AUG-2016,
OPTSTK,BATAINDIA,27-Oct-2016,650,PE,0,0,0,69.3,107.6,0,0,0,0,17-AUG-2016,
OPTSTK,BATAINDIA,27-Oct-2016,660,PE,0,0,0,77.35,116.2,0,0,0,0,17-AUG-2016,
OPTSTK,BATAINDIA,27-Oct-2016,670,PE,0,0,0,85.75,124.95,0,0,0,0,17-AUG-2016,
OPTSTK,BATAINDIA,27-Oct-2016,680,PE,0,0,0,94.35,133.85,0,0,0,0,17-AUG-2016,
OPTSTK,BATAINDIA,27-Oct-2016,690,PE,0,0,0,103.2,142.9,0,0,0,0,17-AUG-2016,
OPTSTK,BATAINDIA,27-Oct-2016,700,PE,0,0,0,112.25,152.05,0,0,0,0,17-AUG-2016,
OPTSTK,BATAINDIA,27-Oct-2016,710,PE,0,0,0,121.45,161.35,0,0,0,0,17-AUG-2016,
OPTSTK,BEL,25-Aug-2016,850,CE,0,0,0,289.95,391.75,0,0,0,0,17-AUG-2016,
OPTSTK,BEL,25-Aug-2016,860,CE,0,0,0,416.55,381.75,0,0,0,0,17-AUG-2016,
OPTSTK,BEL,25-Aug-2016,880,CE,0,0,0,396.8,361.8,0,0,0,0,17-AUG-2016,
OPTSTK,BEL,25-Aug-2016,900,CE,0,0,0,242.35,341.8,0,0,0,0,17-AUG-2016,
OPTSTK,BEL,25-Aug-2016,920,CE,0,0,0,357.45,321.85,0,0,0,0,17-AUG-2016,
OPTSTK,BEL,25-Aug-2016,940,CE,0,0,0,337.85,301.9,0,0,0,0,17-AUG-2016,
OPTSTK,BEL,25-Aug-2016,950,CE,0,0,0,196.75,291.9,0,0,0,0,17-AUG-2016,
OPTSTK,BEL,25-Aug-2016,960,CE,0,0,0,318.3,281.9,0,0,0,0,17-AUG-2016,
OPTSTK,BEL,25-Aug-2016,980,CE,0,0,0,298.95,261.95,0,0,0,0,17-AUG-2016,
OPTSTK,BEL,25-Aug-2016,1000,CE,0,0,0,154.45,241.95,0,0,0,0,17-AUG-2016,
OPTSTK,BEL,25-Aug-2016,1020,CE,0,0,0,260.8,222,0,0,0,0,17-AUG-2016,
OPTSTK,BEL,25-Aug-2016,1040,CE,0,0,0,242.1,202.05,0,0,0,0,17-AUG-2016,
OPTSTK,BEL,25-Aug-2016,1050,CE,0,0,0,116.85,192.05,0,0,0,0,17-AUG-2016,
OPTSTK,BEL,25-Aug-2016,1060,CE,0,0,0,223.8,182.05,0,0,0,0,17-AUG-2016,
OPTSTK,BEL,25-Aug-2016,1080,CE,0,0,0,205.95,162.1,0,0,0,0,17-AUG-2016,
OPTSTK,BEL,25-Aug-2016,1100,CE,0,0,0,84.9,142.1,0,0,0,0,17-AUG-2016,
OPTSTK,BEL,25-Aug-2016,1120,CE,0,0,0,171.85,122.15,0,0,0,0,17-AUG-2016,
OPTSTK,BEL,25-Aug-2016,1140,CE,0,0,0,155.8,102.25,0,0,0,0,17-AUG-2016,
OPTSTK,BEL,25-Aug-2016,1150,CE,0,0,0,59.3,92.3,0,0,0,0,17-AUG-2016,
OPTSTK,BEL,25-Aug-2016,1160,CE,0,0,0,80.15,82.5,0,0,450,0,17-AUG-2016,
OPTSTK,BEL,25-Aug-2016,1180,CE,0,0,0,71,63.3,0,0,450,0,17-AUG-2016,
OPTSTK,BEL,25-Aug-2016,1200,CE,0,0,0,29.75,45.35,0,0,1350,0,17-AUG-2016,
OPTSTK,BEL,25-Aug-2016,1220,CE,20,20,16,16,16,2,11.14,5400,0,17-AUG-2016,
OPTSTK,BEL,25-Aug-2016,1240,CE,7.1,10.4,7,8.9,8.9,31,174.19,36900,4050,17-AUG-2016,
OPTSTK,BEL,25-Aug-2016,1250,CE,6,8,5,5.75,5.75,39,220.53,66600,900,17-AUG-2016,
OPTSTK,BEL,25-Aug-2016,1260,CE,4.6,6.25,3.2,4.05,4.05,14,79.67,18900,0,17-AUG-2016,
OPTSTK,BEL,25-Aug-2016,1280,CE,3,3.55,3,3.55,3.55,3,17.32,8100,0,17-AUG-2016,
OPTSTK,BEL,25-Aug-2016,1300,CE,1,3.25,0.95,1.7,1.7,27,158.24,82800,4050,17-AUG-2016,
OPTSTK,BEL,25-Aug-2016,1320,CE,0,0,0,2.1,0.6,0,0,1800,0,17-AUG-2016,
OPTSTK,BEL,25-Aug-2016,1340,CE,0,0,0,5,0.2,0,0,1800,0,17-AUG-2016,
OPTSTK,BEL,25-Aug-2016,1350,CE,1.25,1.25,1.25,1.25,1.25,1,6.08,3150,-450,17-AUG-2016,
OPTSTK,BEL,25-Aug-2016,1360,CE,0,0,0,36.45,0.05,0,0,0,0,17-AUG-2016,
OPTSTK,BEL,25-Aug-2016,1380,CE,0,0,0,30.9,0.05,0,0,0,0,17-AUG-2016,
OPTSTK,BEL,25-Aug-2016,1400,CE,0,0,0,5.5,0,0,0,0,0,17-AUG-2016,
OPTSTK,BEL,25-Aug-2016,1420,CE,0,0,0,21.8,0,0,0,0,0,17-AUG-2016,
OPTSTK,BEL,25-Aug-2016,1440,CE,0,0,0,18.2,0,0,0,0,0,17-AUG-2016,
OPTSTK,BEL,25-Aug-2016,1450,CE,0,0,0,3.1,0,0,0,0,0,17-AUG-2016,
OPTSTK,BEL,25-Aug-2016,1460,CE,0,0,0,15.05,0,0,0,0,0,17-AUG-2016,
OPTSTK,BEL,25-Aug-2016,1480,CE,0,0,0,12.45,0,0,0,0,0,17-AUG-2016,
OPTSTK,BEL,25-Aug-2016,1500,CE,0,0,0,1.7,0,0,0,0,0,17-AUG-2016,
OPTSTK,BEL,25-Aug-2016,1520,CE,0,0,0,8.35,0,0,0,0,0,17-AUG-2016,
OPTSTK,BEL,25-Aug-2016,1540,CE,0,0,0,6.75,0,0,0,0,0,17-AUG-2016,
OPTSTK,BEL,25-Aug-2016,1550,CE,0,0,0,0.9,0,0,0,0,0,17-AUG-2016,
OPTSTK,BEL,25-Aug-2016,850,PE,0,0,0,0.75,0,0,0,0,0,17-AUG-2016,
OPTSTK,BEL,25-Aug-2016,860,PE,0,0,0,0.05,0,0,0,0,0,17-AUG-2016,
OPTSTK,BEL,25-Aug-2016,880,PE,0,0,0,0.1,0,0,0,0,0,17-AUG-2016,
OPTSTK,BEL,25-Aug-2016,900,PE,0,0,0,2.3,0,0,0,0,0,17-AUG-2016,
OPTSTK,BEL,25-Aug-2016,920,PE,0,0,0,0.3,0,0,0,0,0,17-AUG-2016,
OPTSTK,BEL,25-Aug-2016,940,PE,0,0,0,0.45,0,0,0,0,0,17-AUG-2016,
OPTSTK,BEL,25-Aug-2016,950,PE,0,0,0,5.8,0,0,0,0,0,17-AUG-2016,
OPTSTK,BEL,25-Aug-2016,960,PE,0,0,0,0.75,0,0,0,0,0,17-AUG-2016,
OPTSTK,BEL,25-Aug-2016,980,PE,0,0,0,1.15,0,0,0,0,0,17-AUG-2016,
OPTSTK,BEL,25-Aug-2016,1000,PE,0,0,0,12.65,0,0,0,0,0,17-AUG-2016,
OPTSTK,BEL,25-Aug-2016,1020,PE,0,0,0,2.55,0,0,0,0,0,17-AUG-2016,
OPTSTK,BEL,25-Aug-2016,1040,PE,0,0,0,3.65,0,0,0,0,0,17-AUG-2016,
OPTSTK,BEL,25-Aug-2016,1050,PE,0,0,0,24.15,0,0,0,0,0,17-AUG-2016,
OPTSTK,BEL,25-Aug-2016,1060,PE,0,0,0,5.15,0,0,0,0,0,17-AUG-2016,
OPTSTK,BEL,25-Aug-2016,1080,PE,0,0,0,7.05,0,0,0,0,0,17-AUG-2016,
OPTSTK,BEL,25-Aug-2016,1100,PE,0,0,0,3.4,0,0,0,450,0,17-AUG-2016,
OPTSTK,BEL,25-Aug-2016,1120,PE,0,0,0,6.9,0.05,0,0,450,0,17-AUG-2016,
OPTSTK,BEL,25-Aug-2016,1140,PE,0,0,0,16.25,0.1,0,0,0,0,17-AUG-2016,
OPTSTK,BEL,25-Aug-2016,1150,PE,0,0,0,3.05,0.15,0,0,7200,0,17-AUG-2016,
OPTSTK,BEL,25-Aug-2016,1160,PE,0,0,0,4,0.3,0,0,900,0,17-AUG-2016,
OPTSTK,BEL,25-Aug-2016,1180,PE,0,0,0,7.7,1.05,0,0,14850,0,17-AUG-2016,
OPTSTK,BEL,25-Aug-2016,1200,PE,2.5,4,2.2,4,4,17,91.99,36900,-3600,17-AUG-2016,
OPTSTK,BEL,25-Aug-2016,1220,PE,3.05,9,3.05,9,9,2,11.03,34200,0,17-AUG-2016,
OPTSTK,BEL,25-Aug-2016,1240,PE,17,22.95,17,17,17,3,16.99,45450,0,17-AUG-2016,
OPTSTK,BEL,25-Aug-2016,1250,PE,24,24,24,24,24,2,11.46,7650,-900,17-AUG-2016,
OPTSTK,BEL,25-Aug-2016,1260,PE,0,0,0,56.05,26.85,0,0,0,0,17-AUG-2016,
OPTSTK,BEL,25-Aug-2016,1280,PE,0,0,0,65.95,41.85,0,0,0,0,17-AUG-2016,
OPTSTK,BEL,25-Aug-2016,1300,PE,0,0,0,91,59.3,0,0,900,0,17-AUG-2016,
OPTSTK,BEL,25-Aug-2016,1320,PE,0,0,0,88.5,78.15,0,0,0,0,17-AUG-2016,
OPTSTK,BEL,25-Aug-2016,1340,PE,0,0,0,101.1,97.75,0,0,0,0,17-AUG-2016,
OPTSTK,BEL,25-Aug-2016,1350,PE,0,0,0,129.7,107.65,0,0,1800,0,17-AUG-2016,
OPTSTK,BEL,25-Aug-2016,1360,PE,0,0,0,114.55,117.6,0,0,0,0,17-AUG-2016,
OPTSTK,BEL,25-Aug-2016,1380,PE,0,0,0,128.75,137.5,0,0,0,0,17-AUG-2016,
OPTSTK,BEL,25-Aug-2016,1400,PE,0,0,0,256.55,157.5,0,0,0,0,17-AUG-2016,
OPTSTK,BEL,25-Aug-2016,1420,PE,0,0,0,159.2,177.45,0,0,0,0,17-AUG-2016,
OPTSTK,BEL,25-Aug-2016,1440,PE,0,0,0,175.35,197.4,0,0,0,0,17-AUG-2016,
OPTSTK,BEL,25-Aug-2016,1450,PE,0,0,0,303.25,207.4,0,0,0,0,17-AUG-2016,
OPTSTK,BEL,25-Aug-2016,1460,PE,0,0,0,192.05,217.4,0,0,0,0,17-AUG-2016,
OPTSTK,BEL,25-Aug-2016,1480,PE,0,0,0,209.2,237.35,0,0,0,0,17-AUG-2016,
OPTSTK,BEL,25-Aug-2016,1500,PE,0,0,0,350.95,257.35,0,0,0,0,17-AUG-2016,
OPTSTK,BEL,25-Aug-2016,1520,PE,0,0,0,244.65,277.3,0,0,0,0,17-AUG-2016,
OPTSTK,BEL,25-Aug-2016,1540,PE,0,0,0,262.85,297.25,0,0,0,0,17-AUG-2016,
OPTSTK,BEL,25-Aug-2016,1550,PE,0,0,0,399.25,307.25,0,0,0,0,17-AUG-2016,
OPTSTK,BEL,29-Sep-2016,860,CE,0,0,0,422.75,387.45,0,0,0,0,17-AUG-2016,
OPTSTK,BEL,29-Sep-2016,880,CE,0,0,0,403.35,367.6,0,0,0,0,17-AUG-2016,
OPTSTK,BEL,29-Sep-2016,900,CE,0,0,0,384.05,347.75,0,0,0,0,17-AUG-2016,
OPTSTK,BEL,29-Sep-2016,920,CE,0,0,0,364.85,327.9,0,0,0,0,17-AUG-2016,
OPTSTK,BEL,29-Sep-2016,940,CE,0,0,0,345.8,308.1,0,0,0,0,17-AUG-2016,
OPTSTK,BEL,29-Sep-2016,960,CE,0,0,0,327,288.25,0,0,0,0,17-AUG-2016,
OPTSTK,BEL,29-Sep-2016,980,CE,0,0,0,308.4,268.4,0,0,0,0,17-AUG-2016,
OPTSTK,BEL,29-Sep-2016,1000,CE,0,0,0,290.1,248.6,0,0,0,0,17-AUG-2016,
OPTSTK,BEL,29-Sep-2016,1020,CE,0,0,0,272.1,228.85,0,0,0,0,17-AUG-2016,
OPTSTK,BEL,29-Sep-2016,1040,CE,0,0,0,254.5,209.15,0,0,0,0,17-AUG-2016,
OPTSTK,BEL,29-Sep-2016,1060,CE,0,0,0,237.35,189.55,0,0,0,0,17-AUG-2016,
OPTSTK,BEL,29-Sep-2016,1080,CE,0,0,0,220.7,170.2,0,0,0,0,17-AUG-2016,
OPTSTK,BEL,29-Sep-2016,1100,CE,0,0,0,204.55,151.15,0,0,0,0,17-AUG-2016,
OPTSTK,BEL,29-Sep-2016,1120,CE,0,0,0,189.05,132.6,0,0,0,0,17-AUG-2016,
OPTSTK,BEL,29-Sep-2016,1140,CE,0,0,0,174.15,114.75,0,0,0,0,17-AUG-2016,
OPTSTK,BEL,29-Sep-2016,1160,CE,0,0,0,159.85,97.85,0,0,0,0,17-AUG-2016,
OPTSTK,BEL,29-Sep-2016,1180,CE,0,0,0,146.25,82.05,0,0,0,0,17-AUG-2016,
OPTSTK,BEL,29-Sep-2016,1200,CE,0,0,0,133.4,67.6,0,0,0,0,17-AUG-2016,
OPTSTK,BEL,29-Sep-2016,1220,CE,0,0,0,121.25,54.65,0,0,0,0,17-AUG-2016,
OPTSTK,BEL,29-Sep-2016,1240,CE,28.5,32,28.5,32,32,2,11.43,1800,900,17-AUG-2016,
OPTSTK,BEL,29-Sep-2016,1260,CE,0,0,0,20,33.7,0,0,4500,0,17-AUG-2016,
OPTSTK,BEL,29-Sep-2016,1280,CE,0,0,0,89.35,25.65,0,0,0,0,17-AUG-2016,
OPTSTK,BEL,29-Sep-2016,1300,CE,14,14,9,9,9,4,23.62,4500,1350,17-AUG-2016,
OPTSTK,BEL,29-Sep-2016,1320,CE,0,0,0,10.5,13.95,0,0,900,0,17-AUG-2016,
OPTSTK,BEL,29-Sep-2016,1340,CE,0,0,0,64,9.95,0,0,0,0,17-AUG-2016,
OPTSTK,BEL,29-Sep-2016,1360,CE,0,0,0,56.9,6.95,0,0,0,0,17-AUG-2016,
OPTSTK,BEL,29-Sep-2016,1380,CE,0,0,0,50.45,4.75,0,0,0,0,17-AUG-2016,
OPTSTK,BEL,29-Sep-2016,1400,CE,0,0,0,44.55,3.2,0,0,0,0,17-AUG-2016,
OPTSTK,BEL,29-Sep-2016,1420,CE,0,0,0,39.3,2.1,0,0,0,0,17-AUG-2016,
OPTSTK,BEL,29-Sep-2016,1440,CE,0,0,0,34.6,1.35,0,0,0,0,17-AUG-2016,
OPTSTK,BEL,29-Sep-2016,1460,CE,0,0,0,30.35,0.85,0,0,0,0,17-AUG-2016,
OPTSTK,BEL,29-Sep-2016,1480,CE,0,0,0,26.45,0.55,0,0,0,0,17-AUG-2016,
OPTSTK,BEL,29-Sep-2016,1500,CE,0,0,0,23.1,0.35,0,0,0,0,17-AUG-2016,
OPTSTK,BEL,29-Sep-2016,1520,CE,0,0,0,20.05,0.2,0,0,0,0,17-AUG-2016,
OPTSTK,BEL,29-Sep-2016,1540,CE,0,0,0,17.4,0.15,0,0,0,0,17-AUG-2016,
OPTSTK,BEL,29-Sep-2016,860,PE,0,0,0,0.45,0,0,0,0,0,17-AUG-2016,
OPTSTK,BEL,29-Sep-2016,880,PE,0,0,0,0.7,0,0,0,0,0,17-AUG-2016,
OPTSTK,BEL,29-Sep-2016,900,PE,0,0,0,1.05,0,0,0,0,0,17-AUG-2016,
OPTSTK,BEL,29-Sep-2016,920,PE,0,0,0,1.5,0,0,0,0,0,17-AUG-2016,
OPTSTK,BEL,29-Sep-2016,940,PE,0,0,0,2.1,0,0,0,0,0,17-AUG-2016,
OPTSTK,BEL,29-Sep-2016,960,PE,0,0,0,2.9,0.05,0,0,0,0,17-AUG-2016,
OPTSTK,BEL,29-Sep-2016,980,PE,0,0,0,3.95,0.05,0,0,0,0,17-AUG-2016,
OPTSTK,BEL,29-Sep-2016,1000,PE,0,0,0,5.3,0.05,0,0,0,0,17-AUG-2016,
OPTSTK,BEL,29-Sep-2016,1020,PE,0,0,0,7,0.15,0,0,0,0,17-AUG-2016,
OPTSTK,BEL,29-Sep-2016,1040,PE,0,0,0,9.05,0.25,0,0,0,0,17-AUG-2016,
OPTSTK,BEL,29-Sep-2016,1060,PE,0,0,0,11.55,0.5,0,0,0,0,17-AUG-2016,
OPTSTK,BEL,29-Sep-2016,1080,PE,0,0,0,14.5,1,0,0,0,0,17-AUG-2016,
OPTSTK,BEL,29-Sep-2016,1100,PE,0,0,0,18.05,1.8,0,0,0,0,17-AUG-2016,
OPTSTK,BEL,29-Sep-2016,1120,PE,0,0,0,22.15,3.1,0,0,0,0,17-AUG-2016,
OPTSTK,BEL,29-Sep-2016,1140,PE,0,0,0,26.9,5.1,0,0,0,0,17-AUG-2016,
OPTSTK,BEL,29-Sep-2016,1160,PE,0,0,0,32.25,8,0,0,0,0,17-AUG-2016,
OPTSTK,BEL,29-Sep-2016,1180,PE,0,0,0,38.3,12.05,0,0,0,0,17-AUG-2016,
OPTSTK,BEL,29-Sep-2016,1200,PE,20,21.85,20,21,21,9,49.45,3150,3150,17-AUG-2016,
OPTSTK,BEL,29-Sep-2016,1220,PE,30,31,30,31,31,3,16.88,1350,1350,17-AUG-2016,
OPTSTK,BEL,29-Sep-2016,1240,PE,0,0,0,60.9,32.85,0,0,0,0,17-AUG-2016,
OPTSTK,BEL,29-Sep-2016,1260,PE,0,0,0,69.9,43.05,0,0,0,0,17-AUG-2016,
OPTSTK,BEL,29-Sep-2016,1280,PE,0,0,0,79.65,54.8,0,0,0,0,17-AUG-2016,
OPTSTK,BEL,29-Sep-2016,1300,PE,0,0,0,90.15,68.15,0,0,0,0,17-AUG-2016,
OPTSTK,BEL,29-Sep-2016,1320,PE,0,0,0,101.35,82.8,0,0,0,0,17-AUG-2016,
OPTSTK,BEL,29-Sep-2016,1340,PE,0,0,0,113.2,98.65,0,0,0,0,17-AUG-2016,
OPTSTK,BEL,29-Sep-2016,1360,PE,0,0,0,125.75,115.5,0,0,0,0,17-AUG-2016,
OPTSTK,BEL,29-Sep-2016,1380,PE,0,0,0,138.95,133.15,0,0,0,0,17-AUG-2016,
OPTSTK,BEL,29-Sep-2016,1400,PE,0,0,0,152.75,151.4,0,0,0,0,17-AUG-2016,
OPTSTK,BEL,29-Sep-2016,1420,PE,0,0,0,167.1,170.15,0,0,0,0,17-AUG-2016,
OPTSTK,BEL,29-Sep-2016,1440,PE,0,0,0,182.05,189.25,0,0,0,0,17-AUG-2016,
OPTSTK,BEL,29-Sep-2016,1460,PE,0,0,0,197.45,208.6,0,0,0,0,17-AUG-2016,
OPTSTK,BEL,29-Sep-2016,1480,PE,0,0,0,213.2,228.1,0,0,0,0,17-AUG-2016,
OPTSTK,BEL,29-Sep-2016,1500,PE,0,0,0,229.5,247.75,0,0,0,0,17-AUG-2016,
OPTSTK,BEL,29-Sep-2016,1520,PE,0,0,0,246.1,267.45,0,0,0,0,17-AUG-2016,
OPTSTK,BEL,29-Sep-2016,1540,PE,0,0,0,263.1,287.2,0,0,0,0,17-AUG-2016,
OPTSTK,BEL,27-Oct-2016,860,CE,0,0,0,375.95,391.95,0,0,0,0,17-AUG-2016,
OPTSTK,BEL,27-Oct-2016,880,CE,0,0,0,356.3,372.2,0,0,0,0,17-AUG-2016,
OPTSTK,BEL,27-Oct-2016,900,CE,0,0,0,336.75,352.5,0,0,0,0,17-AUG-2016,
OPTSTK,BEL,27-Oct-2016,920,CE,0,0,0,317.2,332.75,0,0,0,0,17-AUG-2016,
OPTSTK,BEL,27-Oct-2016,940,CE,0,0,0,297.75,313.05,0,0,0,0,17-AUG-2016,
OPTSTK,BEL,27-Oct-2016,960,CE,0,0,0,278.4,293.35,0,0,0,0,17-AUG-2016,
OPTSTK,BEL,27-Oct-2016,980,CE,0,0,0,259.25,273.75,0,0,0,0,17-AUG-2016,
OPTSTK,BEL,27-Oct-2016,1000,CE,0,0,0,240.3,254.2,0,0,0,0,17-AUG-2016,
OPTSTK,BEL,27-Oct-2016,1020,CE,0,0,0,221.6,234.75,0,0,0,0,17-AUG-2016,
OPTSTK,BEL,27-Oct-2016,1040,CE,0,0,0,203.35,215.5,0,0,0,0,17-AUG-2016,
OPTSTK,BEL,27-Oct-2016,1060,CE,0,0,0,185.5,196.55,0,0,0,0,17-AUG-2016,
OPTSTK,BEL,27-Oct-2016,1080,CE,0,0,0,168.25,177.9,0,0,0,0,17-AUG-2016,
OPTSTK,BEL,27-Oct-2016,1100,CE,0,0,0,151.65,159.8,0,0,0,0,17-AUG-2016,
OPTSTK,BEL,27-Oct-2016,1120,CE,0,0,0,135.8,142.3,0,0,0,0,17-AUG-2016,
OPTSTK,BEL,27-Oct-2016,1140,CE,0,0,0,120.8,125.55,0,0,0,0,17-AUG-2016,
OPTSTK,BEL,27-Oct-2016,1160,CE,0,0,0,106.65,109.7,0,0,0,0,17-AUG-2016,
OPTSTK,BEL,27-Oct-2016,1180,CE,0,0,0,93.5,94.95,0,0,0,0,17-AUG-2016,
OPTSTK,BEL,27-Oct-2016,1200,CE,0,0,0,81.4,81.2,0,0,0,0,17-AUG-2016,
OPTSTK,BEL,27-Oct-2016,1220,CE,0,0,0,70.35,68.7,0,0,0,0,17-AUG-2016,
OPTSTK,BEL,27-Oct-2016,1240,CE,0,0,0,60.35,57.5,0,0,0,0,17-AUG-2016,
OPTSTK,BEL,27-Oct-2016,1260,CE,0,0,0,51.4,47.55,0,0,0,0,17-AUG-2016,
OPTSTK,BEL,27-Oct-2016,1280,CE,0,0,0,43.45,38.9,0,0,0,0,17-AUG-2016,
OPTSTK,BEL,27-Oct-2016,1300,CE,0,0,0,36.45,31.4,0,0,0,0,17-AUG-2016,
OPTSTK,BEL,27-Oct-2016,1320,CE,0,0,0,30.35,25.1,0,0,0,0,17-AUG-2016,
OPTSTK,BEL,27-Oct-2016,1340,CE,0,0,0,25.15,19.85,0,0,0,0,17-AUG-2016,
OPTSTK,BEL,27-Oct-2016,1360,CE,0,0,0,20.65,15.45,0,0,0,0,17-AUG-2016,
OPTSTK,BEL,27-Oct-2016,1380,CE,0,0,0,16.8,11.9,0,0,0,0,17-AUG-2016,
OPTSTK,BEL,27-Oct-2016,1400,CE,0,0,0,13.6,9.1,0,0,0,0,17-AUG-2016,
OPTSTK,BEL,27-Oct-2016,1420,CE,0,0,0,10.95,6.85,0,0,0,0,17-AUG-2016,
OPTSTK,BEL,27-Oct-2016,1440,CE,0,0,0,8.75,5.1,0,0,0,0,17-AUG-2016,
OPTSTK,BEL,27-Oct-2016,1460,CE,0,0,0,6.95,3.8,0,0,0,0,17-AUG-2016,
OPTSTK,BEL,27-Oct-2016,1480,CE,0,0,0,5.5,2.75,0,0,0,0,17-AUG-2016,
OPTSTK,BEL,27-Oct-2016,1500,CE,0,0,0,4.3,2,0,0,0,0,17-AUG-2016,
OPTSTK,BEL,27-Oct-2016,1520,CE,0,0,0,3.35,1.45,0,0,0,0,17-AUG-2016,
OPTSTK,BEL,27-Oct-2016,1540,CE,0,0,0,2.6,1,0,0,0,0,17-AUG-2016,
OPTSTK,BEL,27-Oct-2016,860,PE,0,0,0,0.05,0,0,0,0,0,17-AUG-2016,
OPTSTK,BEL,27-Oct-2016,880,PE,0,0,0,0.1,0,0,0,0,0,17-AUG-2016,
OPTSTK,BEL,27-Oct-2016,900,PE,0,0,0,0.2,0.05,0,0,0,0,17-AUG-2016,
OPTSTK,BEL,27-Oct-2016,920,PE,0,0,0,0.3,0.05,0,0,0,0,17-AUG-2016,
OPTSTK,BEL,27-Oct-2016,940,PE,0,0,0,0.5,0.05,0,0,0,0,17-AUG-2016,
OPTSTK,BEL,27-Oct-2016,960,PE,0,0,0,0.8,0.1,0,0,0,0,17-AUG-2016,
OPTSTK,BEL,27-Oct-2016,980,PE,0,0,0,1.3,0.2,0,0,0,0,17-AUG-2016,
OPTSTK,BEL,27-Oct-2016,1000,PE,0,0,0,2,0.4,0,0,0,0,17-AUG-2016,
OPTSTK,BEL,27-Oct-2016,1020,PE,0,0,0,3,0.7,0,0,0,0,17-AUG-2016,
OPTSTK,BEL,27-Oct-2016,1040,PE,0,0,0,4.35,1.2,0,0,0,0,17-AUG-2016,
OPTSTK,BEL,27-Oct-2016,1060,PE,0,0,0,6.2,1.95,0,0,0,0,17-AUG-2016,
OPTSTK,BEL,27-Oct-2016,1080,PE,0,0,0,8.6,3.1,0,0,0,0,17-AUG-2016,
OPTSTK,BEL,27-Oct-2016,1100,PE,0,0,0,11.65,4.7,0,0,0,0,17-AUG-2016,
OPTSTK,BEL,27-Oct-2016,1120,PE,0,0,0,15.45,6.95,0,0,0,0,17-AUG-2016,
OPTSTK,BEL,27-Oct-2016,1140,PE,0,0,0,20.15,9.9,0,0,0,0,17-AUG-2016,
OPTSTK,BEL,27-Oct-2016,1160,PE,0,0,0,25.6,13.8,0,0,0,0,17-AUG-2016,
OPTSTK,BEL,27-Oct-2016,1180,PE,0,0,0,32.15,18.75,0,0,0,0,17-AUG-2016,
OPTSTK,BEL,27-Oct-2016,1200,PE,0,0,0,39.7,24.75,0,0,0,0,17-AUG-2016,
OPTSTK,BEL,27-Oct-2016,1220,PE,0,0,0,48.3,32,0,0,0,0,17-AUG-2016,
OPTSTK,BEL,27-Oct-2016,1240,PE,0,0,0,57.95,40.5,0,0,0,0,17-AUG-2016,
OPTSTK,BEL,27-Oct-2016,1260,PE,0,0,0,68.65,50.3,0,0,0,0,17-AUG-2016,
OPTSTK,BEL,27-Oct-2016,1280,PE,0,0,0,80.35,61.35,0,0,0,0,17-AUG-2016,
OPTSTK,BEL,27-Oct-2016,1300,PE,0,0,0,93,73.65,0,0,0,0,17-AUG-2016,
OPTSTK,BEL,27-Oct-2016,1320,PE,0,0,0,106.6,87.05,0,0,0,0,17-AUG-2016,
OPTSTK,BEL,27-Oct-2016,1340,PE,0,0,0,121.05,101.55,0,0,0,0,17-AUG-2016,
OPTSTK,BEL,27-Oct-2016,1360,PE,0,0,0,136.15,116.9,0,0,0,0,17-AUG-2016,
OPTSTK,BEL,27-Oct-2016,1380,PE,0,0,0,152,133.1,0,0,0,0,17-AUG-2016,
OPTSTK,BEL,27-Oct-2016,1400,PE,0,0,0,168.45,150,0,0,0,0,17-AUG-2016,
OPTSTK,BEL,27-Oct-2016,1420,PE,0,0,0,185.45,167.5,0,0,0,0,17-AUG-2016,
OPTSTK,BEL,27-Oct-2016,1440,PE,0,0,0,202.9,185.45,0,0,0,0,17-AUG-2016,
OPTSTK,BEL,27-Oct-2016,1460,PE,0,0,0,220.75,203.85,0,0,0,0,17-AUG-2016,
OPTSTK,BEL,27-Oct-2016,1480,PE,0,0,0,238.95,222.6,0,0,0,0,17-AUG-2016,
OPTSTK,BEL,27-Oct-2016,1500,PE,0,0,0,257.45,241.55,0,0,0,0,17-AUG-2016,
OPTSTK,BEL,27-Oct-2016,1520,PE,0,0,0,276.15,260.7,0,0,0,0,17-AUG-2016,
OPTSTK,BEL,27-Oct-2016,1540,PE,0,0,0,295.05,280.05,0,0,0,0,17-AUG-2016,
OPTSTK,BEML,25-Aug-2016,550,CE,0,0,0,286.9,473.15,0,0,0,0,17-AUG-2016,
OPTSTK,BEML,25-Aug-2016,600,CE,0,0,0,238.85,423.2,0,0,0,0,17-AUG-2016,
OPTSTK,BEML,25-Aug-2016,620,CE,0,0,0,241,403.25,0,0,0,0,17-AUG-2016,
OPTSTK,BEML,25-Aug-2016,640,CE,0,0,0,221.35,383.3,0,0,0,0,17-AUG-2016,
OPTSTK,BEML,25-Aug-2016,650,CE,0,0,0,192.65,373.3,0,0,0,0,17-AUG-2016,
OPTSTK,BEML,25-Aug-2016,660,CE,0,0,0,201.8,363.3,0,0,0,0,17-AUG-2016,
OPTSTK,BEML,25-Aug-2016,680,CE,0,0,0,182.5,343.35,0,0,0,0,17-AUG-2016,
OPTSTK,BEML,25-Aug-2016,700,CE,0,0,0,149.85,323.35,0,0,0,0,17-AUG-2016,
OPTSTK,BEML,25-Aug-2016,720,CE,0,0,0,145,303.4,0,0,0,0,17-AUG-2016,
OPTSTK,BEML,25-Aug-2016,740,CE,0,0,0,127.15,283.45,0,0,0,0,17-AUG-2016,
OPTSTK,BEML,25-Aug-2016,750,CE,0,0,0,112,273.45,0,0,0,0,17-AUG-2016,
OPTSTK,BEML,25-Aug-2016,760,CE,0,0,0,110.15,263.45,0,0,0,0,17-AUG-2016,
OPTSTK,BEML,25-Aug-2016,780,CE,0,0,0,94.2,243.5,0,0,0,0,17-AUG-2016,
OPTSTK,BEML,25-Aug-2016,800,CE,0,0,0,80.3,223.5,0,0,0,0,17-AUG-2016,
OPTSTK,BEML,25-Aug-2016,820,CE,0,0,0,66.05,203.55,0,0,0,0,17-AUG-2016,
OPTSTK,BEML,25-Aug-2016,840,CE,0,0,0,54.15,183.6,0,0,0,0,17-AUG-2016,
OPTSTK,BEML,25-Aug-2016,850,CE,0,0,0,55.3,173.6,0,0,0,0,17-AUG-2016,
OPTSTK,BEML,25-Aug-2016,860,CE,0,0,0,43.75,163.6,0,0,0,0,17-AUG-2016,
OPTSTK,BEML,25-Aug-2016,880,CE,0,0,0,34.8,143.7,0,0,0,0,17-AUG-2016,
OPTSTK,BEML,25-Aug-2016,900,CE,0,0,0,36.6,123.8,0,0,0,0,17-AUG-2016,
OPTSTK,BEML,25-Aug-2016,920,CE,0,0,0,91.35,104.2,0,0,500,0,17-AUG-2016,
OPTSTK,BEML,25-Aug-2016,940,CE,0,0,0,16.1,85.05,0,0,0,0,17-AUG-2016,
OPTSTK,BEML,25-Aug-2016,950,CE,0,0,0,63.85,75.8,0,0,2500,0,17-AUG-2016,
OPTSTK,BEML,25-Aug-2016,960,CE,0,0,0,12.1,66.9,0,0,0,0,17-AUG-2016,
OPTSTK,BEML,25-Aug-2016,980,CE,0,0,0,57.25,50.25,0,0,2000,0,17-AUG-2016,
OPTSTK,BEML,25-Aug-2016,1000,CE,37.6,39.3,37.6,39.2,39.2,3,15.58,13000,-500,17-AUG-2016,
OPTSTK,BEML,25-Aug-2016,1020,CE,28.5,28.5,23.9,25.1,25.1,11,57.51,12000,1500,17-AUG-2016,
OPTSTK,BEML,25-Aug-2016,1040,CE,20.65,20.65,20.65,20.65,20.65,1,5.3,8000,0,17-AUG-2016,
OPTSTK,BEML,25-Aug-2016,1050,CE,12.45,14.7,10.95,14.7,14.7,7,37.2,7500,0,17-AUG-2016,
OPTSTK,BEML,25-Aug-2016,1060,CE,12.25,12.25,12.25,12.25,12.25,1,5.36,500,-500,17-AUG-2016,
OPTSTK,BEML,25-Aug-2016,1080,CE,0,0,0,20,4.95,0,0,1500,0,17-AUG-2016,
OPTSTK,BEML,25-Aug-2016,1100,CE,0,0,0,4.7,2.55,0,0,10000,0,17-AUG-2016,
OPTSTK,BEML,25-Aug-2016,1120,CE,0,0,0,5.9,1.2,0,0,0,0,17-AUG-2016,
OPTSTK,BEML,25-Aug-2016,1140,CE,0,0,0,8.3,0.55,0,0,1000,0,17-AUG-2016,
OPTSTK,BEML,25-Aug-2016,1150,CE,0,0,0,2.85,0.35,0,0,0,0,17-AUG-2016,
OPTSTK,BEML,25-Aug-2016,1160,CE,0,0,0,0.35,0.25,0,0,0,0,17-AUG-2016,
OPTSTK,BEML,25-Aug-2016,1180,CE,0,0,0,0.25,0.1,0,0,0,0,17-AUG-2016,
OPTSTK,BEML,25-Aug-2016,1200,CE,0,0,0,1.6,0.05,0,0,0,0,17-AUG-2016,
OPTSTK,BEML,25-Aug-2016,1220,CE,0,0,0,0.1,0.05,0,0,0,0,17-AUG-2016,
OPTSTK,BEML,25-Aug-2016,1240,CE,0,0,0,0.15,0,0,0,0,0,17-AUG-2016,
OPTSTK,BEML,25-Aug-2016,1250,CE,0,0,0,0.9,0,0,0,0,0,17-AUG-2016,
OPTSTK,BEML,25-Aug-2016,1260,CE,0,0,0,0.25,0,0,0,0,0,17-AUG-2016,
OPTSTK,BEML,25-Aug-2016,1280,CE,0,0,0,0.9,0,0,0,0,0,17-AUG-2016,
OPTSTK,BEML,25-Aug-2016,1300,CE,0,0,0,0.5,0,0,0,0,0,17-AUG-2016,
OPTSTK,BEML,25-Aug-2016,1320,CE,0,0,0,0.2,0,0,0,0,0,17-AUG-2016,
OPTSTK,BEML,25-Aug-2016,1340,CE,0,0,0,0.15,0,0,0,0,0,17-AUG-2016,
OPTSTK,BEML,25-Aug-2016,1350,CE,0,0,0,0.25,0,0,0,0,0,17-AUG-2016,
OPTSTK,BEML,25-Aug-2016,550,PE,0,0,0,0.35,0,0,0,0,0,17-AUG-2016,
OPTSTK,BEML,25-Aug-2016,600,PE,0,0,0,1.45,0,0,0,0,0,17-AUG-2016,
OPTSTK,BEML,25-Aug-2016,620,PE,0,0,0,0.1,0,0,0,0,0,17-AUG-2016,
OPTSTK,BEML,25-Aug-2016,640,PE,0,0,0,0.25,0,0,0,0,0,17-AUG-2016,
OPTSTK,BEML,25-Aug-2016,650,PE,0,0,0,4.35,0,0,0,0,0,17-AUG-2016,
OPTSTK,BEML,25-Aug-2016,660,PE,0,0,0,0.5,0,0,0,0,0,17-AUG-2016,
OPTSTK,BEML,25-Aug-2016,680,PE,0,0,0,0.95,0,0,0,0,0,17-AUG-2016,
OPTSTK,BEML,25-Aug-2016,700,PE,0,0,0,10.65,0,0,0,0,0,17-AUG-2016,
OPTSTK,BEML,25-Aug-2016,720,PE,0,0,0,3.05,0,0,0,0,0,17-AUG-2016,
OPTSTK,BEML,25-Aug-2016,740,PE,0,0,0,4.95,0,0,0,0,0,17-AUG-2016,
OPTSTK,BEML,25-Aug-2016,750,PE,0,0,0,21.95,0,0,0,0,0,17-AUG-2016,
OPTSTK,BEML,25-Aug-2016,760,PE,0,0,0,7.75,0,0,0,0,0,17-AUG-2016,
OPTSTK,BEML,25-Aug-2016,780,PE,0,0,0,11.6,0,0,0,0,0,17-AUG-2016,
OPTSTK,BEML,25-Aug-2016,800,PE,0,0,0,39.35,0,0,0,0,0,17-AUG-2016,
OPTSTK,BEML,25-Aug-2016,820,PE,0,0,0,23,0,0,0,0,0,17-AUG-2016,
OPTSTK,BEML,25-Aug-2016,840,PE,0,0,0,30.9,0,0,0,0,0,17-AUG-2016,
OPTSTK,BEML,25-Aug-2016,850,PE,0,0,0,63.45,0,0,0,0,0,17-AUG-2016,
OPTSTK,BEML,25-Aug-2016,860,PE,0,0,0,40.25,0.05,0,0,0,0,17-AUG-2016,
OPTSTK,BEML,25-Aug-2016,880,PE,0,0,0,51.1,0.05,0,0,0,0,17-AUG-2016,
OPTSTK,BEML,25-Aug-2016,900,PE,0,0,0,7.5,0.15,0,0,4000,0,17-AUG-2016,
OPTSTK,BEML,25-Aug-2016,920,PE,2,2,2,2,2,2,9.22,1000,-1000,17-AUG-2016,
OPTSTK,BEML,25-Aug-2016,940,PE,0,0,0,5.75,1.35,0,0,3000,0,17-AUG-2016,
OPTSTK,BEML,25-Aug-2016,950,PE,0,0,0,7.5,2.1,0,0,3000,0,17-AUG-2016,
OPTSTK,BEML,25-Aug-2016,960,PE,8.05,8.05,8.05,8.05,8.05,1,4.84,2000,-500,17-AUG-2016,
OPTSTK,BEML,25-Aug-2016,980,PE,0,0,0,14,6.5,0,0,1500,0,17-AUG-2016,
OPTSTK,BEML,25-Aug-2016,1000,PE,19,19,14,16.5,16.5,3,15.26,10500,0,17-AUG-2016,
OPTSTK,BEML,25-Aug-2016,1020,PE,24.5,24.5,24.5,24.5,24.5,2,10.44,5000,1000,17-AUG-2016,
OPTSTK,BEML,25-Aug-2016,1040,PE,0,0,0,54,31.35,0,0,1000,0,17-AUG-2016,
OPTSTK,BEML,25-Aug-2016,1050,PE,40,40,40,40,40,2,10.9,1500,0,17-AUG-2016,
OPTSTK,BEML,25-Aug-2016,1060,PE,0,0,0,196.7,45.1,0,0,0,0,17-AUG-2016,
OPTSTK,BEML,25-Aug-2016,1080,PE,0,0,0,215.8,61.05,0,0,0,0,17-AUG-2016,
OPTSTK,BEML,25-Aug-2016,1100,PE,0,0,0,98,78.6,0,0,500,0,17-AUG-2016,
OPTSTK,BEML,25-Aug-2016,1120,PE,0,0,0,254.45,97.25,0,0,0,0,17-AUG-2016,
OPTSTK,BEML,25-Aug-2016,1140,PE,0,0,0,274,116.55,0,0,0,0,17-AUG-2016,
OPTSTK,BEML,25-Aug-2016,1150,PE,0,0,0,136.15,126.35,0,0,1000,0,17-AUG-2016,
OPTSTK,BEML,25-Aug-2016,1160,PE,0,0,0,293.6,136.2,0,0,0,0,17-AUG-2016,
OPTSTK,BEML,25-Aug-2016,1180,PE,0,0,0,313.25,156.05,0,0,0,0,17-AUG-2016,
OPTSTK,BEML,25-Aug-2016,1200,PE,0,0,0,353.5,175.95,0,0,0,0,17-AUG-2016,
OPTSTK,BEML,25-Aug-2016,1220,PE,0,0,0,352.7,195.9,0,0,0,0,17-AUG-2016,
OPTSTK,BEML,25-Aug-2016,1240,PE,0,0,0,351,215.85,0,0,0,0,17-AUG-2016,
OPTSTK,BEML,25-Aug-2016,1250,PE,0,0,0,401.9,225.85,0,0,0,0,17-AUG-2016,
OPTSTK,BEML,25-Aug-2016,1260,PE,0,0,0,349.4,235.85,0,0,0,0,17-AUG-2016,
OPTSTK,BEML,25-Aug-2016,1280,PE,0,0,0,331.95,255.8,0,0,0,0,17-AUG-2016,
OPTSTK,BEML,25-Aug-2016,1300,PE,0,0,0,450.6,275.8,0,0,0,0,17-AUG-2016,
OPTSTK,BEML,25-Aug-2016,1320,PE,0,0,0,350.95,295.75,0,0,0,0,17-AUG-2016,
OPTSTK,BEML,25-Aug-2016,1340,PE,0,0,0,349.55,315.7,0,0,0,0,17-AUG-2016,
OPTSTK,BEML,25-Aug-2016,1350,PE,0,0,0,499.5,325.7,0,0,0,0,17-AUG-2016,
OPTSTK,BEML,29-Sep-2016,560,CE,0,0,0,304.1,466.85,0,0,0,0,17-AUG-2016,
OPTSTK,BEML,29-Sep-2016,580,CE,0,0,0,284.55,447,0,0,0,0,17-AUG-2016,
OPTSTK,BEML,29-Sep-2016,600,CE,0,0,0,265.05,427.2,0,0,0,0,17-AUG-2016,
OPTSTK,BEML,29-Sep-2016,620,CE,0,0,0,245.7,407.35,0,0,0,0,17-AUG-2016,
OPTSTK,BEML,29-Sep-2016,640,CE,0,0,0,226.55,387.5,0,0,0,0,17-AUG-2016,
OPTSTK,BEML,29-Sep-2016,660,CE,0,0,0,207.65,367.65,0,0,0,0,17-AUG-2016,
OPTSTK,BEML,29-Sep-2016,680,CE,0,0,0,189.15,347.85,0,0,0,0,17-AUG-2016,
OPTSTK,BEML,29-Sep-2016,700,CE,0,0,0,171.15,328,0,0,0,0,17-AUG-2016,
OPTSTK,BEML,29-Sep-2016,720,CE,0,0,0,153.75,308.2,0,0,0,0,17-AUG-2016,
OPTSTK,BEML,29-Sep-2016,740,CE,0,0,0,137.05,288.45,0,0,0,0,17-AUG-2016,
OPTSTK,BEML,29-Sep-2016,760,CE,0,0,0,121.25,268.75,0,0,0,0,17-AUG-2016,
OPTSTK,BEML,29-Sep-2016,780,CE,0,0,0,106.4,249.15,0,0,0,0,17-AUG-2016,
OPTSTK,BEML,29-Sep-2016,800,CE,0,0,0,92.6,229.75,0,0,0,0,17-AUG-2016,
OPTSTK,BEML,29-Sep-2016,820,CE,0,0,0,79.9,210.55,0,0,0,0,17-AUG-2016,
OPTSTK,BEML,29-Sep-2016,840,CE,0,0,0,68.4,191.7,0,0,0,0,17-AUG-2016,
OPTSTK,BEML,29-Sep-2016,860,CE,0,0,0,58.05,173.25,0,0,0,0,17-AUG-2016,
OPTSTK,BEML,29-Sep-2016,880,CE,0,0,0,48.9,155.45,0,0,0,0,17-AUG-2016,
OPTSTK,BEML,29-Sep-2016,900,CE,0,0,0,40.85,138.3,0,0,0,0,17-AUG-2016,
OPTSTK,BEML,29-Sep-2016,920,CE,0,0,0,33.85,121.95,0,0,0,0,17-AUG-2016,
OPTSTK,BEML,29-Sep-2016,940,CE,0,0,0,27.8,106.6,0,0,0,0,17-AUG-2016,
OPTSTK,BEML,29-Sep-2016,960,CE,0,0,0,22.75,92.3,0,0,0,0,17-AUG-2016,
OPTSTK,BEML,29-Sep-2016,980,CE,0,0,0,18.4,79.2,0,0,0,0,17-AUG-2016,
OPTSTK,BEML,29-Sep-2016,1000,CE,0,0,0,14.8,67.25,0,0,0,0,17-AUG-2016,
OPTSTK,BEML,29-Sep-2016,1020,CE,0,0,0,11.8,56.55,0,0,0,0,17-AUG-2016,
OPTSTK,BEML,29-Sep-2016,1040,CE,0,0,0,9.4,47.1,0,0,0,0,17-AUG-2016,
OPTSTK,BEML,29-Sep-2016,1060,CE,0,0,0,7.4,38.85,0,0,0,0,17-AUG-2016,
OPTSTK,BEML,29-Sep-2016,1080,CE,0,0,0,5.8,31.7,0,0,0,0,17-AUG-2016,
OPTSTK,BEML,29-Sep-2016,1100,CE,0,0,0,4.5,25.65,0,0,0,0,17-AUG-2016,
OPTSTK,BEML,29-Sep-2016,1120,CE,0,0,0,3.5,20.6,0,0,0,0,17-AUG-2016,
OPTSTK,BEML,29-Sep-2016,1140,CE,0,0,0,2.7,16.3,0,0,0,0,17-AUG-2016,
OPTSTK,BEML,29-Sep-2016,1160,CE,0,0,0,2.05,12.8,0,0,0,0,17-AUG-2016,
OPTSTK,BEML,29-Sep-2016,1180,CE,0,0,0,1.6,10,0,0,0,0,17-AUG-2016,
OPTSTK,BEML,29-Sep-2016,1200,CE,0,0,0,1.2,7.7,0,0,0,0,17-AUG-2016,
OPTSTK,BEML,29-Sep-2016,1220,CE,0,0,0,0.9,5.9,0,0,0,0,17-AUG-2016,
OPTSTK,BEML,29-Sep-2016,560,PE,0,0,0,0.1,0,0,0,0,0,17-AUG-2016,
OPTSTK,BEML,29-Sep-2016,580,PE,0,0,0,0.2,0,0,0,0,0,17-AUG-2016,
OPTSTK,BEML,29-Sep-2016,600,PE,0,0,0,0.35,0,0,0,0,0,17-AUG-2016,
OPTSTK,BEML,29-Sep-2016,620,PE,0,0,0,0.65,0,0,0,0,0,17-AUG-2016,
OPTSTK,BEML,29-Sep-2016,640,PE,0,0,0,1.15,0,0,0,0,0,17-AUG-2016,
OPTSTK,BEML,29-Sep-2016,660,PE,0,0,0,1.9,0.05,0,0,0,0,17-AUG-2016,
OPTSTK,BEML,29-Sep-2016,680,PE,0,0,0,3.05,0.05,0,0,0,0,17-AUG-2016,
OPTSTK,BEML,29-Sep-2016,700,PE,0,0,0,4.7,0.05,0,0,0,0,17-AUG-2016,
OPTSTK,BEML,29-Sep-2016,720,PE,0,0,0,6.9,0.1,0,0,0,0,17-AUG-2016,
OPTSTK,BEML,29-Sep-2016,740,PE,0,0,0,9.9,0.15,0,0,0,0,17-AUG-2016,
OPTSTK,BEML,29-Sep-2016,760,PE,0,0,0,13.7,0.3,0,0,0,0,17-AUG-2016,
OPTSTK,BEML,29-Sep-2016,780,PE,0,0,0,18.55,0.55,0,0,0,0,17-AUG-2016,
OPTSTK,BEML,29-Sep-2016,800,PE,0,0,0,24.35,0.95,0,0,0,0,17-AUG-2016,
OPTSTK,BEML,29-Sep-2016,820,PE,0,0,0,31.35,1.6,0,0,0,0,17-AUG-2016,
OPTSTK,BEML,29-Sep-2016,840,PE,0,0,0,39.45,2.6,0,0,0,0,17-AUG-2016,
OPTSTK,BEML,29-Sep-2016,860,PE,0,0,0,48.8,4,0,0,0,0,17-AUG-2016,
OPTSTK,BEML,29-Sep-2016,880,PE,0,0,0,59.25,6,0,0,0,0,17-AUG-2016,
OPTSTK,BEML,29-Sep-2016,900,PE,0,0,0,70.85,8.7,0,0,0,0,17-AUG-2016,
OPTSTK,BEML,29-Sep-2016,920,PE,0,0,0,83.5,12.25,0,0,0,0,17-AUG-2016,
OPTSTK,BEML,29-Sep-2016,940,PE,0,0,0,97.1,16.7,0,0,0,0,17-AUG-2016,
OPTSTK,BEML,29-Sep-2016,960,PE,0,0,0,111.65,22.25,0,0,0,0,17-AUG-2016,
OPTSTK,BEML,29-Sep-2016,980,PE,0,0,0,127,28.95,0,0,0,0,17-AUG-2016,
OPTSTK,BEML,29-Sep-2016,1000,PE,0,0,0,143.05,36.85,0,0,0,0,17-AUG-2016,
OPTSTK,BEML,29-Sep-2016,1020,PE,0,0,0,159.7,46,0,0,0,0,17-AUG-2016,
OPTSTK,BEML,29-Sep-2016,1040,PE,0,0,0,176.9,56.4,0,0,0,0,17-AUG-2016,
OPTSTK,BEML,29-Sep-2016,1060,PE,0,0,0,194.55,67.95,0,0,0,0,17-AUG-2016,
OPTSTK,BEML,29-Sep-2016,1080,PE,0,0,0,212.6,80.65,0,0,0,0,17-AUG-2016,
OPTSTK,BEML,29-Sep-2016,1100,PE,0,0,0,231,94.4,0,0,0,0,17-AUG-2016,
OPTSTK,BEML,29-Sep-2016,1120,PE,0,0,0,249.6,109.2,0,0,0,0,17-AUG-2016,
OPTSTK,BEML,29-Sep-2016,1140,PE,0,0,0,268.45,124.75,0,0,0,0,17-AUG-2016,
OPTSTK,BEML,29-Sep-2016,1160,PE,0,0,0,287.45,141.15,0,0,0,0,17-AUG-2016,
OPTSTK,BEML,29-Sep-2016,1180,PE,0,0,0,306.65,158.15,0,0,0,0,17-AUG-2016,
OPTSTK,BEML,29-Sep-2016,1200,PE,0,0,0,325.9,175.7,0,0,0,0,17-AUG-2016,
OPTSTK,BEML,29-Sep-2016,1220,PE,0,0,0,345.25,193.75,0,0,0,0,17-AUG-2016,
OPTSTK,BEML,27-Oct-2016,640,CE,0,0,0,375.25,390.9,0,0,0,0,17-AUG-2016,
OPTSTK,BEML,27-Oct-2016,660,CE,0,0,0,355.7,371.2,0,0,0,0,17-AUG-2016,
OPTSTK,BEML,27-Oct-2016,680,CE,0,0,0,336.25,351.6,0,0,0,0,17-AUG-2016,
OPTSTK,BEML,27-Oct-2016,700,CE,0,0,0,316.9,332,0,0,0,0,17-AUG-2016,
OPTSTK,BEML,27-Oct-2016,720,CE,0,0,0,297.7,312.5,0,0,0,0,17-AUG-2016,
OPTSTK,BEML,27-Oct-2016,740,CE,0,0,0,278.7,293.15,0,0,0,0,17-AUG-2016,
OPTSTK,BEML,27-Oct-2016,760,CE,0,0,0,259.95,273.95,0,0,0,0,17-AUG-2016,
OPTSTK,BEML,27-Oct-2016,780,CE,0,0,0,241.55,255.05,0,0,0,0,17-AUG-2016,
OPTSTK,BEML,27-Oct-2016,800,CE,0,0,0,223.55,236.4,0,0,0,0,17-AUG-2016,
OPTSTK,BEML,27-Oct-2016,820,CE,0,0,0,206,218.15,0,0,0,0,17-AUG-2016,
OPTSTK,BEML,27-Oct-2016,840,CE,0,0,0,189.05,200.35,0,0,0,0,17-AUG-2016,
OPTSTK,BEML,27-Oct-2016,860,CE,0,0,0,172.7,183.15,0,0,0,0,17-AUG-2016,
OPTSTK,BEML,27-Oct-2016,880,CE,0,0,0,157,166.55,0,0,0,0,17-AUG-2016,
OPTSTK,BEML,27-Oct-2016,900,CE,0,0,0,142.15,150.7,0,0,0,0,17-AUG-2016,
OPTSTK,BEML,27-Oct-2016,920,CE,0,0,0,128.05,135.65,0,0,0,0,17-AUG-2016,
OPTSTK,BEML,27-Oct-2016,940,CE,0,0,0,114.75,121.4,0,0,0,0,17-AUG-2016,
OPTSTK,BEML,27-Oct-2016,960,CE,0,0,0,102.4,108,0,0,0,0,17-AUG-2016,
OPTSTK,BEML,27-Oct-2016,980,CE,0,0,0,90.95,95.65,0,0,0,0,17-AUG-2016,
OPTSTK,BEML,27-Oct-2016,1000,CE,0,0,0,80.4,84.2,0,0,0,0,17-AUG-2016,
OPTSTK,BEML,27-Oct-2016,1020,CE,0,0,0,70.75,73.7,0,0,0,0,17-AUG-2016,
OPTSTK,BEML,27-Oct-2016,1040,CE,0,0,0,61.95,64.2,0,0,0,0,17-AUG-2016,
OPTSTK,BEML,27-Oct-2016,1060,CE,0,0,0,54.05,55.6,0,0,0,0,17-AUG-2016,
OPTSTK,BEML,27-Oct-2016,1080,CE,0,0,0,46.9,47.9,0,0,0,0,17-AUG-2016,
OPTSTK,BEML,27-Oct-2016,1100,CE,0,0,0,40.55,41.05,0,0,0,0,17-AUG-2016,
OPTSTK,BEML,27-Oct-2016,1120,CE,0,0,0,34.9,35.05,0,0,0,0,17-AUG-2016,
OPTSTK,BEML,27-Oct-2016,1140,CE,0,0,0,29.95,29.75,0,0,0,0,17-AUG-2016,
OPTSTK,BEML,27-Oct-2016,1160,CE,0,0,0,25.6,25.15,0,0,0,0,17-AUG-2016,
OPTSTK,BEML,27-Oct-2016,1180,CE,0,0,0,21.75,21.15,0,0,0,0,17-AUG-2016,
OPTSTK,BEML,27-Oct-2016,1200,CE,0,0,0,18.45,17.7,0,0,0,0,17-AUG-2016,
OPTSTK,BEML,27-Oct-2016,1220,CE,0,0,0,15.6,14.75,0,0,0,0,17-AUG-2016,
OPTSTK,BEML,27-Oct-2016,640,PE,0,0,0,0.2,0.05,0,0,0,0,17-AUG-2016,
OPTSTK,BEML,27-Oct-2016,660,PE,0,0,0,0.3,0.15,0,0,0,0,17-AUG-2016,
OPTSTK,BEML,27-Oct-2016,680,PE,0,0,0,0.5,0.2,0,0,0,0,17-AUG-2016,
OPTSTK,BEML,27-Oct-2016,700,PE,0,0,0,0.8,0.35,0,0,0,0,17-AUG-2016,
OPTSTK,BEML,27-Oct-2016,720,PE,0,0,0,1.3,0.6,0,0,0,0,17-AUG-2016,
OPTSTK,BEML,27-Oct-2016,740,PE,0,0,0,1.95,1,0,0,0,0,17-AUG-2016,
OPTSTK,BEML,27-Oct-2016,760,PE,0,0,0,2.85,1.55,0,0,0,0,17-AUG-2016,
OPTSTK,BEML,27-Oct-2016,780,PE,0,0,0,4.1,2.35,0,0,0,0,17-AUG-2016,
OPTSTK,BEML,27-Oct-2016,800,PE,0,0,0,5.75,3.45,0,0,0,0,17-AUG-2016,
OPTSTK,BEML,27-Oct-2016,820,PE,0,0,0,7.9,4.9,0,0,0,0,17-AUG-2016,
OPTSTK,BEML,27-Oct-2016,840,PE,0,0,0,10.55,6.85,0,0,0,0,17-AUG-2016,
OPTSTK,BEML,27-Oct-2016,860,PE,0,0,0,13.85,9.4,0,0,0,0,17-AUG-2016,
OPTSTK,BEML,27-Oct-2016,880,PE,0,0,0,17.85,12.55,0,0,0,0,17-AUG-2016,
OPTSTK,BEML,27-Oct-2016,900,PE,0,0,0,22.65,16.4,0,0,0,0,17-AUG-2016,
OPTSTK,BEML,27-Oct-2016,920,PE,0,0,0,28.2,21.05,0,0,0,0,17-AUG-2016,
OPTSTK,BEML,27-Oct-2016,940,PE,0,0,0,34.55,26.55,0,0,0,0,17-AUG-2016,
OPTSTK,BEML,27-Oct-2016,960,PE,0,0,0,41.85,32.9,0,0,0,0,17-AUG-2016,
OPTSTK,BEML,27-Oct-2016,980,PE,0,0,0,50.05,40.25,0,0,0,0,17-AUG-2016,
OPTSTK,BEML,27-Oct-2016,1000,PE,0,0,0,59.15,48.55,0,0,0,0,17-AUG-2016,
OPTSTK,BEML,27-Oct-2016,1020,PE,0,0,0,69.15,57.8,0,0,0,0,17-AUG-2016,
OPTSTK,BEML,27-Oct-2016,1040,PE,0,0,0,80.05,68.05,0,0,0,0,17-AUG-2016,
OPTSTK,BEML,27-Oct-2016,1060,PE,0,0,0,91.75,79.2,0,0,0,0,17-AUG-2016,
OPTSTK,BEML,27-Oct-2016,1080,PE,0,0,0,104.3,91.2,0,0,0,0,17-AUG-2016,
OPTSTK,BEML,27-Oct-2016,1100,PE,0,0,0,117.6,104.1,0,0,0,0,17-AUG-2016,
OPTSTK,BEML,27-Oct-2016,1120,PE,0,0,0,131.6,117.8,0,0,0,0,17-AUG-2016,
OPTSTK,BEML,27-Oct-2016,1140,PE,0,0,0,146.35,132.25,0,0,0,0,17-AUG-2016,
OPTSTK,BEML,27-Oct-2016,1160,PE,0,0,0,161.65,147.4,0,0,0,0,17-AUG-2016,
OPTSTK,BEML,27-Oct-2016,1180,PE,0,0,0,177.45,163.1,0,0,0,0,17-AUG-2016,
OPTSTK,BEML,27-Oct-2016,1200,PE,0,0,0,193.8,179.4,0,0,0,0,17-AUG-2016,
OPTSTK,BEML,27-Oct-2016,1220,PE,0,0,0,210.55,196.15,0,0,0,0,17-AUG-2016,
OPTSTK,BHARATFIN,25-Aug-2016,380,CE,0,0,0,252.5,365.55,0,0,0,0,17-AUG-2016,
OPTSTK,BHARATFIN,25-Aug-2016,400,CE,0,0,0,232.9,345.55,0,0,0,0,17-AUG-2016,
OPTSTK,BHARATFIN,25-Aug-2016,420,CE,0,0,0,213.4,325.6,0,0,0,0,17-AUG-2016,
OPTSTK,BHARATFIN,25-Aug-2016,440,CE,0,0,0,193.95,305.65,0,0,0,0,17-AUG-2016,
OPTSTK,BHARATFIN,25-Aug-2016,460,CE,0,0,0,174.8,285.65,0,0,0,0,17-AUG-2016,
OPTSTK,BHARATFIN,25-Aug-2016,480,CE,0,0,0,155.95,265.7,0,0,0,0,17-AUG-2016,
OPTSTK,BHARATFIN,25-Aug-2016,500,CE,0,0,0,137.65,245.7,0,0,0,0,17-AUG-2016,
OPTSTK,BHARATFIN,25-Aug-2016,520,CE,0,0,0,120.1,225.75,0,0,0,0,17-AUG-2016,
OPTSTK,BHARATFIN,25-Aug-2016,540,CE,0,0,0,103.5,205.8,0,0,0,0,17-AUG-2016,
OPTSTK,BHARATFIN,25-Aug-2016,560,CE,0,0,0,88,185.85,0,0,0,0,17-AUG-2016,
OPTSTK,BHARATFIN,25-Aug-2016,580,CE,0,0,0,73.85,165.9,0,0,0,0,17-AUG-2016,
OPTSTK,BHARATFIN,25-Aug-2016,600,CE,0,0,0,61.15,146.1,0,0,0,0,17-AUG-2016,
OPTSTK,BHARATFIN,25-Aug-2016,620,CE,0,0,0,49.95,126.5,0,0,0,0,17-AUG-2016,
OPTSTK,BHARATFIN,25-Aug-2016,640,CE,0,0,0,40.25,107.35,0,0,0,0,17-AUG-2016,
OPTSTK,BHARATFIN,25-Aug-2016,660,CE,0,0,0,32,89,0,0,0,0,17-AUG-2016,
OPTSTK,BHARATFIN,25-Aug-2016,680,CE,0,0,0,25.15,71.8,0,0,0,0,17-AUG-2016,
OPTSTK,BHARATFIN,25-Aug-2016,700,CE,0,0,0,19.5,56.2,0,0,0,0,17-AUG-2016,
OPTSTK,BHARATFIN,25-Aug-2016,720,CE,0,0,0,174.6,42.5,0,0,1000,0,17-AUG-2016,
OPTSTK,BHARATFIN,25-Aug-2016,740,CE,39.85,39.85,25,26.95,26.95,40,307.35,20000,4000,17-AUG-2016,
OPTSTK,BHARATFIN,25-Aug-2016,760,CE,28,28,15.05,17.3,17.3,287,2236.08,140000,136000,17-AUG-2016,
OPTSTK,BHARATFIN,25-Aug-2016,780,CE,25.45,26,9.15,10.75,10.75,697,5533.05,218000,210000,17-AUG-2016,
OPTSTK,BHARATFIN,25-Aug-2016,800,CE,16.2,17,5.9,6.6,6.6,856,6924.94,305000,167000,17-AUG-2016,
OPTSTK,BHARATFIN,25-Aug-2016,820,CE,8.55,10.2,3.85,4.35,4.35,410,3385.38,423000,3000,17-AUG-2016,
OPTSTK,BHARATFIN,25-Aug-2016,840,CE,6.15,6.3,2.6,2.85,2.85,384,3239.5,456000,10000,17-AUG-2016,
OPTSTK,BHARATFIN,25-Aug-2016,860,CE,3.8,3.8,1.3,1.8,1.8,327,2819.71,380000,1000,17-AUG-2016,
OPTSTK,BHARATFIN,25-Aug-2016,880,CE,1.6,1.6,1,1.1,1.1,109,960.55,549000,-28000,17-AUG-2016,
OPTSTK,BHARATFIN,25-Aug-2016,900,CE,1.25,1.3,0.7,0.9,0.9,158,1423.52,635000,-28000,17-AUG-2016,
OPTSTK,BHARATFIN,25-Aug-2016,920,CE,1,1,0.75,0.8,0.8,92,847.13,211000,-75000,17-AUG-2016,
OPTSTK,BHARATFIN,25-Aug-2016,940,CE,0.75,0.9,0.65,0.85,0.85,127,1194.83,192000,-40000,17-AUG-2016,
OPTSTK,BHARATFIN,25-Aug-2016,960,CE,0.7,0.8,0.6,0.7,0.7,60,576.41,166000,-20000,17-AUG-2016,
OPTSTK,BHARATFIN,25-Aug-2016,980,CE,0.55,0.65,0.55,0.65,0.65,19,186.31,114000,-7000,17-AUG-2016,
OPTSTK,BHARATFIN,25-Aug-2016,1000,CE,0.75,0.75,0.5,0.55,0.55,102,1020.57,913000,-4000,17-AUG-2016,
OPTSTK,BHARATFIN,25-Aug-2016,1020,CE,0.4,0.65,0.4,0.4,0.4,11,112.25,63000,-4000,17-AUG-2016,
OPTSTK,BHARATFIN,25-Aug-2016,1040,CE,0.5,0.6,0.4,0.4,0.4,30,312.15,67000,-8000,17-AUG-2016,
OPTSTK,BHARATFIN,25-Aug-2016,1060,CE,0,0,0,0.4,0,0,0,21000,0,17-AUG-2016,
OPTSTK,BHARATFIN,25-Aug-2016,380,PE,0,0,0,0.05,0,0,0,0,0,17-AUG-2016,
OPTSTK,BHARATFIN,25-Aug-2016,400,PE,0,0,0,0.1,0,0,0,0,0,17-AUG-2016,
OPTSTK,BHARATFIN,25-Aug-2016,420,PE,0,0,0,0.2,0,0,0,0,0,17-AUG-2016,
OPTSTK,BHARATFIN,25-Aug-2016,440,PE,0,0,0,0.4,0,0,0,0,0,17-AUG-2016,
OPTSTK,BHARATFIN,25-Aug-2016,460,PE,0,0,0,0.85,0,0,0,0,0,17-AUG-2016,
OPTSTK,BHARATFIN,25-Aug-2016,480,PE,0,0,0,1.7,0,0,0,0,0,17-AUG-2016,
OPTSTK,BHARATFIN,25-Aug-2016,500,PE,0,0,0,3.05,0,0,0,0,0,17-AUG-2016,
OPTSTK,BHARATFIN,25-Aug-2016,520,PE,0,0,0,5.1,0,0,0,0,0,17-AUG-2016,
OPTSTK,BHARATFIN,25-Aug-2016,540,PE,0,0,0,8.15,0,0,0,0,0,17-AUG-2016,
OPTSTK,BHARATFIN,25-Aug-2016,560,PE,0,0,0,12.35,0.05,0,0,0,0,17-AUG-2016,
OPTSTK,BHARATFIN,25-Aug-2016,580,PE,0,0,0,17.8,0.1,0,0,0,0,17-AUG-2016,
OPTSTK,BHARATFIN,25-Aug-2016,600,PE,0.45,0.9,0.45,0.9,0.9,3,18.02,16000,1000,17-AUG-2016,
OPTSTK,BHARATFIN,25-Aug-2016,620,PE,0,0,0,3.35,0.65,0,0,1000,0,17-AUG-2016,
OPTSTK,BHARATFIN,25-Aug-2016,640,PE,0,0,0,1,1.45,0,0,8000,0,17-AUG-2016,
OPTSTK,BHARATFIN,25-Aug-2016,660,PE,1.75,2.45,1.55,2,2,5,33.09,6000,1000,17-AUG-2016,
OPTSTK,BHARATFIN,25-Aug-2016,680,PE,2,4.75,2,4.2,4.2,33,225.55,41000,20000,17-AUG-2016,
OPTSTK,BHARATFIN,25-Aug-2016,700,PE,3.5,8.8,2.5,7,7,211,1488.55,103000,33000,17-AUG-2016,
OPTSTK,BHARATFIN,25-Aug-2016,720,PE,4.55,13.25,4.55,11.85,11.85,277,2017.06,143000,31000,17-AUG-2016,
OPTSTK,BHARATFIN,25-Aug-2016,740,PE,9.5,21.1,8.45,19.65,19.65,288,2176.56,155000,87000,17-AUG-2016,
OPTSTK,BHARATFIN,25-Aug-2016,760,PE,11.4,32.5,9.55,29.7,29.7,463,3614.78,166000,48000,17-AUG-2016,
OPTSTK,BHARATFIN,25-Aug-2016,780,PE,18.9,46.25,17,43.6,43.6,259,2095.75,67000,-39000,17-AUG-2016,
OPTSTK,BHARATFIN,25-Aug-2016,800,PE,28.15,60.55,28.15,58.85,58.85,104,878.65,123000,-11000,17-AUG-2016,
OPTSTK,BHARATFIN,25-Aug-2016,820,PE,57,70.85,53.1,70,70,16,140.93,55000,-6000,17-AUG-2016,
OPTSTK,BHARATFIN,25-Aug-2016,840,PE,75,83.05,75,83.05,83.05,6,55.27,161000,2000,17-AUG-2016,
OPTSTK,BHARATFIN,25-Aug-2016,860,PE,84.15,114,84.15,112.6,112.6,12,115.75,52000,-4000,17-AUG-2016,
OPTSTK,BHARATFIN,25-Aug-2016,880,PE,126,126,126,126,126,1,10.06,24000,0,17-AUG-2016,
OPTSTK,BHARATFIN,25-Aug-2016,900,PE,141.05,146,141.05,146,146,4,41.79,25000,-2000,17-AUG-2016,
OPTSTK,BHARATFIN,25-Aug-2016,920,PE,0,0,0,96.35,174.05,0,0,15000,0,17-AUG-2016,
OPTSTK,BHARATFIN,25-Aug-2016,940,PE,170,183,170,183,183,4,44.53,8000,0,17-AUG-2016,
OPTSTK,BHARATFIN,25-Aug-2016,960,PE,0,0,0,133.55,213.75,0,0,9000,0,17-AUG-2016,
OPTSTK,BHARATFIN,25-Aug-2016,980,PE,0,0,0,152.4,233.65,0,0,6000,0,17-AUG-2016,
OPTSTK,BHARATFIN,25-Aug-2016,1000,PE,0,0,0,170.85,253.6,0,0,9000,0,17-AUG-2016,
OPTSTK,BHARATFIN,25-Aug-2016,1020,PE,0,0,0,268.25,273.55,0,0,0,0,17-AUG-2016,
OPTSTK,BHARATFIN,25-Aug-2016,1040,PE,0,0,0,267.75,293.5,0,0,0,0,17-AUG-2016,
OPTSTK,BHARATFIN,25-Aug-2016,1060,PE,0,0,0,272.2,313.5,0,0,0,0,17-AUG-2016,
OPTSTK,BHARATFIN,29-Sep-2016,460,CE,0,0,0,289.55,289.25,0,0,0,0,17-AUG-2016,
OPTSTK,BHARATFIN,29-Sep-2016,480,CE,0,0,0,270,269.85,0,0,0,0,17-AUG-2016,
OPTSTK,BHARATFIN,29-Sep-2016,500,CE,0,0,0,250.6,250.65,0,0,0,0,17-AUG-2016,
OPTSTK,BHARATFIN,29-Sep-2016,520,CE,0,0,0,231.3,231.8,0,0,0,0,17-AUG-2016,
OPTSTK,BHARATFIN,29-Sep-2016,540,CE,0,0,0,212.3,213.35,0,0,0,0,17-AUG-2016,
OPTSTK,BHARATFIN,29-Sep-2016,560,CE,0,0,0,193.6,195.35,0,0,0,0,17-AUG-2016,
OPTSTK,BHARATFIN,29-Sep-2016,580,CE,0,0,0,175.4,178,0,0,0,0,17-AUG-2016,
OPTSTK,BHARATFIN,29-Sep-2016,600,CE,0,0,0,157.75,161.35,0,0,0,0,17-AUG-2016,
OPTSTK,BHARATFIN,29-Sep-2016,620,CE,0,0,0,140.85,145.5,0,0,0,0,17-AUG-2016,
OPTSTK,BHARATFIN,29-Sep-2016,640,CE,0,0,0,124.8,130.55,0,0,0,0,17-AUG-2016,
OPTSTK,BHARATFIN,29-Sep-2016,660,CE,0,0,0,109.75,116.45,0,0,0,0,17-AUG-2016,
OPTSTK,BHARATFIN,29-Sep-2016,680,CE,0,0,0,95.7,103.3,0,0,0,0,17-AUG-2016,
OPTSTK,BHARATFIN,29-Sep-2016,700,CE,0,0,0,82.75,91.25,0,0,0,0,17-AUG-2016,
OPTSTK,BHARATFIN,29-Sep-2016,720,CE,0,0,0,71,80.15,0,0,0,0,17-AUG-2016,
OPTSTK,BHARATFIN,29-Sep-2016,740,CE,52,52,52,52,52,1,7.92,1000,1000,17-AUG-2016,
OPTSTK,BHARATFIN,29-Sep-2016,760,CE,45,45,40,40.5,40.5,4,32.1,4000,4000,17-AUG-2016,
OPTSTK,BHARATFIN,29-Sep-2016,780,CE,33.65,33.65,31.5,31.75,31.75,3,24.37,3000,3000,17-AUG-2016,
OPTSTK,BHARATFIN,29-Sep-2016,800,CE,27,29.65,26.1,26.1,26.1,23,190.46,21000,20000,17-AUG-2016,
OPTSTK,BHARATFIN,29-Sep-2016,820,CE,22.7,23.7,19.75,19.75,19.75,3,25.26,3000,2000,17-AUG-2016,
OPTSTK,BHARATFIN,29-Sep-2016,840,CE,13.05,13.05,13.05,13.05,13.05,1,8.53,1000,0,17-AUG-2016,
OPTSTK,BHARATFIN,29-Sep-2016,860,CE,11.5,11.5,11.5,11.5,11.5,4,34.86,6000,4000,17-AUG-2016,
OPTSTK,BHARATFIN,29-Sep-2016,880,CE,10,11,10,11,11,3,26.71,6000,1000,17-AUG-2016,
OPTSTK,BHARATFIN,29-Sep-2016,900,CE,6.5,6.5,6.5,6.5,6.5,1,9.06,1000,1000,17-AUG-2016,
OPTSTK,BHARATFIN,29-Sep-2016,920,CE,0,0,0,10.3,17.25,0,0,0,0,17-AUG-2016,
OPTSTK,BHARATFIN,29-Sep-2016,940,CE,0,0,0,8.2,14.45,0,0,0,0,17-AUG-2016,
OPTSTK,BHARATFIN,29-Sep-2016,960,CE,0,0,0,6.5,12.1,0,0,0,0,17-AUG-2016,
OPTSTK,BHARATFIN,29-Sep-2016,980,CE,0,0,0,5.1,10.1,0,0,0,0,17-AUG-2016,
OPTSTK,BHARATFIN,29-Sep-2016,1000,CE,0,0,0,4,8.45,0,0,0,0,17-AUG-2016,
OPTSTK,BHARATFIN,29-Sep-2016,1020,CE,0,0,0,3.15,7,0,0,0,0,17-AUG-2016,
OPTSTK,BHARATFIN,29-Sep-2016,1040,CE,0,0,0,4.25,5.8,0,0,0,0,17-AUG-2016,
OPTSTK,BHARATFIN,29-Sep-2016,1060,CE,0,0,0,3.4,4.8,0,0,0,0,17-AUG-2016,
OPTSTK,BHARATFIN,29-Sep-2016,460,PE,0,0,0,0.1,0.6,0,0,0,0,17-AUG-2016,
OPTSTK,BHARATFIN,29-Sep-2016,480,PE,0,0,0,0.25,1,0,0,0,0,17-AUG-2016,
OPTSTK,BHARATFIN,29-Sep-2016,500,PE,0,0,0,0.45,1.65,0,0,0,0,17-AUG-2016,
OPTSTK,BHARATFIN,29-Sep-2016,520,PE,0,0,0,0.85,2.65,0,0,0,0,17-AUG-2016,
OPTSTK,BHARATFIN,29-Sep-2016,540,PE,0,0,0,1.45,4,0,0,0,0,17-AUG-2016,
OPTSTK,BHARATFIN,29-Sep-2016,560,PE,0,0,0,2.4,5.9,0,0,0,0,17-AUG-2016,
OPTSTK,BHARATFIN,29-Sep-2016,580,PE,0,0,0,3.85,8.35,0,0,0,0,17-AUG-2016,
OPTSTK,BHARATFIN,29-Sep-2016,600,PE,0,0,0,5.85,11.55,0,0,0,0,17-AUG-2016,
OPTSTK,BHARATFIN,29-Sep-2016,620,PE,0,0,0,8.6,15.55,0,0,0,0,17-AUG-2016,
OPTSTK,BHARATFIN,29-Sep-2016,640,PE,0,0,0,12.2,20.4,0,0,0,0,17-AUG-2016,
OPTSTK,BHARATFIN,29-Sep-2016,660,PE,8.75,8.75,8.75,8.75,8.75,1,6.68,1000,1000,17-AUG-2016,
OPTSTK,BHARATFIN,29-Sep-2016,680,PE,0,0,0,22.35,32.85,0,0,0,0,17-AUG-2016,
OPTSTK,BHARATFIN,29-Sep-2016,700,PE,0,0,0,29.1,40.6,0,0,0,0,17-AUG-2016,
OPTSTK,BHARATFIN,29-Sep-2016,720,PE,0,0,0,14.5,49.35,0,0,1000,0,17-AUG-2016,
OPTSTK,BHARATFIN,29-Sep-2016,740,PE,0,0,0,46.1,59.15,0,0,0,0,17-AUG-2016,
OPTSTK,BHARATFIN,29-Sep-2016,760,PE,37.75,40.05,37.75,40.05,40.05,3,23.96,2000,2000,17-AUG-2016,
OPTSTK,BHARATFIN,29-Sep-2016,780,PE,39.15,39.15,39.15,39.15,39.15,1,8.19,1000,1000,17-AUG-2016,
OPTSTK,BHARATFIN,29-Sep-2016,800,PE,50.4,59.7,50.4,59.7,59.7,2,17.1,2000,2000,17-AUG-2016,
OPTSTK,BHARATFIN,29-Sep-2016,820,PE,0,0,0,93.65,107.5,0,0,0,0,17-AUG-2016,
OPTSTK,BHARATFIN,29-Sep-2016,840,PE,0,0,0,108.05,121.65,0,0,0,0,17-AUG-2016,
OPTSTK,BHARATFIN,29-Sep-2016,860,PE,0,0,0,123.25,136.6,0,0,0,0,17-AUG-2016,
OPTSTK,BHARATFIN,29-Sep-2016,880,PE,0,0,0,139.15,152.1,0,0,0,0,17-AUG-2016,
OPTSTK,BHARATFIN,29-Sep-2016,900,PE,0,0,0,155.65,168.2,0,0,0,0,17-AUG-2016,
OPTSTK,BHARATFIN,29-Sep-2016,920,PE,0,0,0,172.75,184.85,0,0,0,0,17-AUG-2016,
OPTSTK,BHARATFIN,29-Sep-2016,940,PE,0,0,0,190.3,201.9,0,0,0,0,17-AUG-2016,
OPTSTK,BHARATFIN,29-Sep-2016,960,PE,0,0,0,208.25,219.4,0,0,0,0,17-AUG-2016,
OPTSTK,BHARATFIN,29-Sep-2016,980,PE,0,0,0,226.5,237.25,0,0,0,0,17-AUG-2016,
OPTSTK,BHARATFIN,29-Sep-2016,1000,PE,0,0,0,245.05,255.4,0,0,0,0,17-AUG-2016,
OPTSTK,BHARATFIN,29-Sep-2016,1020,PE,0,0,0,263.8,273.8,0,0,0,0,17-AUG-2016,
OPTSTK,BHARATFIN,29-Sep-2016,1040,PE,0,0,0,264.1,292.45,0,0,0,0,17-AUG-2016,
OPTSTK,BHARATFIN,29-Sep-2016,1060,PE,0,0,0,268,311.25,0,0,0,0,17-AUG-2016,
OPTSTK,BHARATFIN,27-Oct-2016,620,CE,0,0,0,294.25,160.25,0,0,0,0,17-AUG-2016,
OPTSTK,BHARATFIN,27-Oct-2016,640,CE,0,0,0,276.75,146.55,0,0,0,0,17-AUG-2016,
OPTSTK,BHARATFIN,27-Oct-2016,660,CE,0,0,0,259.7,133.65,0,0,0,0,17-AUG-2016,
OPTSTK,BHARATFIN,27-Oct-2016,680,CE,0,0,0,243.2,121.55,0,0,0,0,17-AUG-2016,
OPTSTK,BHARATFIN,27-Oct-2016,700,CE,0,0,0,227.2,110.3,0,0,0,0,17-AUG-2016,
OPTSTK,BHARATFIN,27-Oct-2016,720,CE,0,0,0,211.8,99.8,0,0,0,0,17-AUG-2016,
OPTSTK,BHARATFIN,27-Oct-2016,740,CE,0,0,0,197,90.1,0,0,0,0,17-AUG-2016,
OPTSTK,BHARATFIN,27-Oct-2016,760,CE,0,0,0,182.85,81.15,0,0,0,0,17-AUG-2016,
OPTSTK,BHARATFIN,27-Oct-2016,780,CE,0,0,0,169.3,72.95,0,0,0,0,17-AUG-2016,
OPTSTK,BHARATFIN,27-Oct-2016,800,CE,0,0,0,156.45,65.4,0,0,0,0,17-AUG-2016,
OPTSTK,BHARATFIN,27-Oct-2016,820,CE,0,0,0,144.3,58.55,0,0,0,0,17-AUG-2016,
OPTSTK,BHARATFIN,27-Oct-2016,840,CE,0,0,0,132.8,52.3,0,0,0,0,17-AUG-2016,
OPTSTK,BHARATFIN,27-Oct-2016,860,CE,0,0,0,122,46.6,0,0,0,0,17-AUG-2016,
OPTSTK,BHARATFIN,27-Oct-2016,880,CE,0,0,0,111.85,41.55,0,0,0,0,17-AUG-2016,
OPTSTK,BHARATFIN,27-Oct-2016,900,CE,0,0,0,102.4,36.95,0,0,0,0,17-AUG-2016,
OPTSTK,BHARATFIN,27-Oct-2016,920,CE,0,0,0,93.55,32.8,0,0,0,0,17-AUG-2016,
OPTSTK,BHARATFIN,27-Oct-2016,940,CE,0,0,0,85.35,29.05,0,0,0,0,17-AUG-2016,
OPTSTK,BHARATFIN,27-Oct-2016,960,CE,0,0,0,77.7,25.7,0,0,0,0,17-AUG-2016,
OPTSTK,BHARATFIN,27-Oct-2016,980,CE,0,0,0,70.65,22.7,0,0,0,0,17-AUG-2016,
OPTSTK,BHARATFIN,27-Oct-2016,1000,CE,0,0,0,64.15,20.05,0,0,0,0,17-AUG-2016,
OPTSTK,BHARATFIN,27-Oct-2016,1020,CE,0,0,0,58.15,17.7,0,0,0,0,17-AUG-2016,
OPTSTK,BHARATFIN,27-Oct-2016,1040,CE,0,0,0,52.65,15.6,0,0,0,0,17-AUG-2016,
OPTSTK,BHARATFIN,27-Oct-2016,1060,CE,0,0,0,47.65,13.7,0,0,0,0,17-AUG-2016,
OPTSTK,BHARATFIN,27-Oct-2016,620,PE,0,0,0,7.05,27,0,0,0,0,17-AUG-2016,
OPTSTK,BHARATFIN,27-Oct-2016,640,PE,0,0,0,9.2,33.05,0,0,0,0,17-AUG-2016,
OPTSTK,BHARATFIN,27-Oct-2016,660,PE,0,0,0,11.85,39.9,0,0,0,0,17-AUG-2016,
OPTSTK,BHARATFIN,27-Oct-2016,680,PE,0,0,0,14.95,47.55,0,0,0,0,17-AUG-2016,
OPTSTK,BHARATFIN,27-Oct-2016,700,PE,0,0,0,18.65,56,0,0,0,0,17-AUG-2016,
OPTSTK,BHARATFIN,27-Oct-2016,720,PE,0,0,0,22.85,65.25,0,0,0,0,17-AUG-2016,
OPTSTK,BHARATFIN,27-Oct-2016,740,PE,0,0,0,27.75,75.3,0,0,0,0,17-AUG-2016,
OPTSTK,BHARATFIN,27-Oct-2016,760,PE,0,0,0,33.25,86.1,0,0,0,0,17-AUG-2016,
OPTSTK,BHARATFIN,27-Oct-2016,780,PE,0,0,0,39.35,97.6,0,0,0,0,17-AUG-2016,
OPTSTK,BHARATFIN,27-Oct-2016,800,PE,0,0,0,46.15,109.8,0,0,0,0,17-AUG-2016,
OPTSTK,BHARATFIN,27-Oct-2016,820,PE,0,0,0,53.65,122.65,0,0,0,0,17-AUG-2016,
OPTSTK,BHARATFIN,27-Oct-2016,840,PE,0,0,0,61.85,136.15,0,0,0,0,17-AUG-2016,
OPTSTK,BHARATFIN,27-Oct-2016,860,PE,0,0,0,70.7,150.2,0,0,0,0,17-AUG-2016,
OPTSTK,BHARATFIN,27-Oct-2016,880,PE,0,0,0,80.2,164.85,0,0,0,0,17-AUG-2016,
OPTSTK,BHARATFIN,27-Oct-2016,900,PE,0,0,0,90.4,180,0,0,0,0,17-AUG-2016,
OPTSTK,BHARATFIN,27-Oct-2016,920,PE,0,0,0,101.2,195.55,0,0,0,0,17-AUG-2016,
OPTSTK,BHARATFIN,27-Oct-2016,940,PE,0,0,0,112.65,211.6,0,0,0,0,17-AUG-2016,
OPTSTK,BHARATFIN,27-Oct-2016,960,PE,0,0,0,124.7,227.95,0,0,0,0,17-AUG-2016,
OPTSTK,BHARATFIN,27-Oct-2016,980,PE,0,0,0,137.3,244.7,0,0,0,0,17-AUG-2016,
OPTSTK,BHARATFIN,27-Oct-2016,1000,PE,0,0,0,150.45,261.8,0,0,0,0,17-AUG-2016,
OPTSTK,BHARATFIN,27-Oct-2016,1020,PE,0,0,0,164.1,279.15,0,0,0,0,17-AUG-2016,
OPTSTK,BHARATFIN,27-Oct-2016,1040,PE,0,0,0,178.25,296.75,0,0,0,0,17-AUG-2016,
OPTSTK,BHARATFIN,27-Oct-2016,1060,PE,0,0,0,192.9,314.65,0,0,0,0,17-AUG-2016,
OPTSTK,BHARATFORG,25-Aug-2016,560,CE,0,0,0,202.45,288.45,0,0,0,0,17-AUG-2016,
OPTSTK,BHARATFORG,25-Aug-2016,580,CE,0,0,0,183.6,268.5,0,0,0,0,17-AUG-2016,
OPTSTK,BHARATFORG,25-Aug-2016,600,CE,0,0,0,165.15,248.5,0,0,0,0,17-AUG-2016,
OPTSTK,BHARATFORG,25-Aug-2016,620,CE,0,0,0,147.35,228.55,0,0,0,0,17-AUG-2016,
OPTSTK,BHARATFORG,25-Aug-2016,640,CE,0,0,0,130.25,208.6,0,0,0,0,17-AUG-2016,
OPTSTK,BHARATFORG,25-Aug-2016,660,CE,0,0,0,65.65,188.6,0,0,600,0,17-AUG-2016,
OPTSTK,BHARATFORG,25-Aug-2016,680,CE,0,0,0,98.9,168.65,0,0,0,0,17-AUG-2016,
OPTSTK,BHARATFORG,25-Aug-2016,700,CE,0,0,0,111.55,148.75,0,0,6000,0,17-AUG-2016,
OPTSTK,BHARATFORG,25-Aug-2016,720,CE,0,0,0,120.55,129,0,0,20400,0,17-AUG-2016,
OPTSTK,BHARATFORG,25-Aug-2016,740,CE,111,111,102.95,102.95,102.95,4,20.32,70800,-600,17-AUG-2016,
OPTSTK,BHARATFORG,25-Aug-2016,760,CE,91,92,87,88.3,88.3,6,30.59,115200,-3600,17-AUG-2016,
OPTSTK,BHARATFORG,25-Aug-2016,780,CE,66.3,74.4,63.15,69.1,69.1,21,106.99,75600,600,17-AUG-2016,
OPTSTK,BHARATFORG,25-Aug-2016,800,CE,48.6,56.75,41,52.4,52.4,36,183.71,160800,-5400,17-AUG-2016,
OPTSTK,BHARATFORG,25-Aug-2016,820,CE,34.35,39.9,26.1,34,34,116,594.82,132000,-12000,17-AUG-2016,
OPTSTK,BHARATFORG,25-Aug-2016,840,CE,22.05,25.6,14.95,21.4,21.4,555,2867.62,130800,-29400,17-AUG-2016,
OPTSTK,BHARATFORG,25-Aug-2016,860,CE,14.95,15.45,8.05,12.05,12.05,828,4336.73,177000,16800,17-AUG-2016,
OPTSTK,BHARATFORG,25-Aug-2016,880,CE,6.45,8.75,4,6.5,6.5,365,1942.36,100800,10200,17-AUG-2016,
OPTSTK,BHARATFORG,25-Aug-2016,900,CE,4.4,4.8,2.4,3.55,3.55,238,1290.55,150000,-3000,17-AUG-2016,
OPTSTK,BHARATFORG,25-Aug-2016,920,CE,2.25,2.6,1.4,1.6,1.6,27,149.36,72600,4800,17-AUG-2016,
OPTSTK,BHARATFORG,25-Aug-2016,940,CE,1.5,1.55,0.75,0.75,0.75,13,73.42,30600,0,17-AUG-2016,
OPTSTK,BHARATFORG,25-Aug-2016,960,CE,0.7,0.9,0.7,0.9,0.9,4,23.06,20400,-1200,17-AUG-2016,
OPTSTK,BHARATFORG,25-Aug-2016,980,CE,0,0,0,4.9,0.8,0,0,600,0,17-AUG-2016,
OPTSTK,BHARATFORG,25-Aug-2016,1000,CE,0,0,0,1.5,0.4,0,0,1200,0,17-AUG-2016,
OPTSTK,BHARATFORG,25-Aug-2016,1020,CE,0,0,0,2.05,0.2,0,0,0,0,17-AUG-2016,
OPTSTK,BHARATFORG,25-Aug-2016,1040,CE,0,0,0,1.55,0.1,0,0,0,0,17-AUG-2016,
OPTSTK,BHARATFORG,25-Aug-2016,1060,CE,0,0,0,1.15,0.05,0,0,0,0,17-AUG-2016,
OPTSTK,BHARATFORG,25-Aug-2016,1080,CE,0,0,0,0.85,0.05,0,0,0,0,17-AUG-2016,
OPTSTK,BHARATFORG,25-Aug-2016,560,PE,0,0,0,1.05,0,0,0,0,0,17-AUG-2016,
OPTSTK,BHARATFORG,25-Aug-2016,580,PE,0,0,0,1.85,0,0,0,0,0,17-AUG-2016,
OPTSTK,BHARATFORG,25-Aug-2016,600,PE,0.2,0.2,0.15,0.2,0.2,4,14.4,4800,-2400,17-AUG-2016,
OPTSTK,BHARATFORG,25-Aug-2016,620,PE,0,0,0,1.9,0,0,0,600,0,17-AUG-2016,
OPTSTK,BHARATFORG,25-Aug-2016,640,PE,0,0,0,0.3,0,0,0,17400,0,17-AUG-2016,
OPTSTK,BHARATFORG,25-Aug-2016,660,PE,0.25,0.4,0.25,0.4,0.4,3,11.88,113400,-600,17-AUG-2016,
OPTSTK,BHARATFORG,25-Aug-2016,680,PE,0.55,0.7,0.55,0.7,0.7,16,65.33,75000,-1800,17-AUG-2016,
OPTSTK,BHARATFORG,25-Aug-2016,700,PE,0.5,0.7,0.5,0.7,0.7,32,134.51,204600,-9600,17-AUG-2016,
OPTSTK,BHARATFORG,25-Aug-2016,720,PE,0.7,1,0.6,0.95,0.95,31,134.05,140400,-10800,17-AUG-2016,
OPTSTK,BHARATFORG,25-Aug-2016,740,PE,0.9,1.3,0.8,1.1,1.1,118,524.67,299400,-9600,17-AUG-2016,
OPTSTK,BHARATFORG,25-Aug-2016,760,PE,2.85,2.85,1.1,1.6,1.6,179,817.79,249000,-10200,17-AUG-2016,
OPTSTK,BHARATFORG,25-Aug-2016,780,PE,3.1,3.1,1.6,2.45,2.45,230,1079.53,250200,-20400,17-AUG-2016,
OPTSTK,BHARATFORG,25-Aug-2016,800,PE,5.5,5.5,2.85,3.95,3.95,365,1760.44,207000,22800,17-AUG-2016,
OPTSTK,BHARATFORG,25-Aug-2016,820,PE,10.5,10.5,5.45,6.9,6.9,558,2770.45,164400,64200,17-AUG-2016,
OPTSTK,BHARATFORG,25-Aug-2016,840,PE,15.15,18.3,10.95,14.15,14.15,434,2224.91,87000,41400,17-AUG-2016,
OPTSTK,BHARATFORG,25-Aug-2016,860,PE,25.3,30,24.45,25.25,25.25,6,31.9,3000,600,17-AUG-2016,
OPTSTK,BHARATFORG,25-Aug-2016,880,PE,0,0,0,62.65,44.65,0,0,4200,0,17-AUG-2016,
OPTSTK,BHARATFORG,25-Aug-2016,900,PE,0,0,0,84.25,59.55,0,0,4200,0,17-AUG-2016,
OPTSTK,BHARATFORG,25-Aug-2016,920,PE,0,0,0,175.2,76.05,0,0,1200,0,17-AUG-2016,
OPTSTK,BHARATFORG,25-Aug-2016,940,PE,0,0,0,178.2,93.85,0,0,0,0,17-AUG-2016,
OPTSTK,BHARATFORG,25-Aug-2016,960,PE,0,0,0,196.3,112.55,0,0,0,0,17-AUG-2016,
OPTSTK,BHARATFORG,25-Aug-2016,980,PE,0,0,0,214.8,131.75,0,0,0,0,17-AUG-2016,
OPTSTK,BHARATFORG,25-Aug-2016,1000,PE,0,0,0,233.5,151.3,0,0,0,0,17-AUG-2016,
OPTSTK,BHARATFORG,25-Aug-2016,1020,PE,0,0,0,252.45,171.1,0,0,0,0,17-AUG-2016,
OPTSTK,BHARATFORG,25-Aug-2016,1040,PE,0,0,0,271.6,190.95,0,0,0,0,17-AUG-2016,
OPTSTK,BHARATFORG,25-Aug-2016,1060,PE,0,0,0,290.8,210.85,0,0,0,0,17-AUG-2016,
OPTSTK,BHARATFORG,25-Aug-2016,1080,PE,0,0,0,310.15,230.8,0,0,0,0,17-AUG-2016,
OPTSTK,BHARATFORG,29-Sep-2016,560,CE,0,0,0,210.5,292.5,0,0,0,0,17-AUG-2016,
OPTSTK,BHARATFORG,29-Sep-2016,580,CE,0,0,0,191.2,272.95,0,0,0,0,17-AUG-2016,
OPTSTK,BHARATFORG,29-Sep-2016,600,CE,0,0,0,172.2,253.55,0,0,0,0,17-AUG-2016,
OPTSTK,BHARATFORG,29-Sep-2016,620,CE,0,0,0,153.55,234.4,0,0,0,0,17-AUG-2016,
OPTSTK,BHARATFORG,29-Sep-2016,640,CE,0,0,0,135.55,215.55,0,0,0,0,17-AUG-2016,
OPTSTK,BHARATFORG,29-Sep-2016,660,CE,0,0,0,118.3,197.15,0,0,0,0,17-AUG-2016,
OPTSTK,BHARATFORG,29-Sep-2016,680,CE,0,0,0,101.95,179.3,0,0,0,0,17-AUG-2016,
OPTSTK,BHARATFORG,29-Sep-2016,700,CE,0,0,0,86.85,162.05,0,0,0,0,17-AUG-2016,
OPTSTK,BHARATFORG,29-Sep-2016,720,CE,0,0,0,72.9,145.55,0,0,0,0,17-AUG-2016,
OPTSTK,BHARATFORG,29-Sep-2016,740,CE,0,0,0,78.5,129.9,0,0,600,0,17-AUG-2016,
OPTSTK,BHARATFORG,29-Sep-2016,760,CE,0,0,0,81.2,115.2,0,0,3000,0,17-AUG-2016,
OPTSTK,BHARATFORG,29-Sep-2016,780,CE,0,0,0,30.7,101.4,0,0,600,0,17-AUG-2016,
OPTSTK,BHARATFORG,29-Sep-2016,800,CE,0,0,0,31.7,88.75,0,0,0,0,17-AUG-2016,
OPTSTK,BHARATFORG,29-Sep-2016,820,CE,0,0,0,35.4,77.15,0,0,600,0,17-AUG-2016,
OPTSTK,BHARATFORG,29-Sep-2016,840,CE,40,41,38.7,38.7,38.7,4,21.11,5400,1800,17-AUG-2016,
OPTSTK,BHARATFORG,29-Sep-2016,860,CE,28.8,32,28,28,28,4,21.35,1800,1800,17-AUG-2016,
OPTSTK,BHARATFORG,29-Sep-2016,880,CE,20.7,22,18.55,22,22,5,27.01,3600,2400,17-AUG-2016,
OPTSTK,BHARATFORG,29-Sep-2016,900,CE,0,0,0,12.5,41.3,0,0,600,0,17-AUG-2016,
OPTSTK,BHARATFORG,29-Sep-2016,920,CE,0,0,0,6.15,34.75,0,0,0,0,17-AUG-2016,
OPTSTK,BHARATFORG,29-Sep-2016,940,CE,0,0,0,4.5,29.1,0,0,0,0,17-AUG-2016,
OPTSTK,BHARATFORG,29-Sep-2016,960,CE,0,0,0,3.25,24.3,0,0,0,0,17-AUG-2016,
OPTSTK,BHARATFORG,29-Sep-2016,980,CE,0,0,0,2.35,20.1,0,0,0,0,17-AUG-2016,
OPTSTK,BHARATFORG,29-Sep-2016,1000,CE,0,0,0,1.65,16.55,0,0,0,0,17-AUG-2016,
OPTSTK,BHARATFORG,29-Sep-2016,1020,CE,0,0,0,1.15,13.55,0,0,0,0,17-AUG-2016,
OPTSTK,BHARATFORG,29-Sep-2016,1040,CE,0,0,0,0.8,11.05,0,0,0,0,17-AUG-2016,
OPTSTK,BHARATFORG,29-Sep-2016,1060,CE,0,0,0,0.55,9,0,0,0,0,17-AUG-2016,
OPTSTK,BHARATFORG,29-Sep-2016,1080,CE,0,0,0,0.4,7.25,0,0,0,0,17-AUG-2016,
OPTSTK,BHARATFORG,29-Sep-2016,560,PE,0,0,0,0.35,0.35,0,0,0,0,17-AUG-2016,
OPTSTK,BHARATFORG,29-Sep-2016,580,PE,0,0,0,0.7,0.65,0,0,0,0,17-AUG-2016,
OPTSTK,BHARATFORG,29-Sep-2016,600,PE,0,0,0,1.35,1.1,0,0,0,0,17-AUG-2016,
OPTSTK,BHARATFORG,29-Sep-2016,620,PE,0,0,0,2.35,1.75,0,0,0,0,17-AUG-2016,
OPTSTK,BHARATFORG,29-Sep-2016,640,PE,0,0,0,3.25,2.8,0,0,1200,0,17-AUG-2016,
OPTSTK,BHARATFORG,29-Sep-2016,660,PE,3.6,3.6,3.6,3.6,3.6,1,3.98,2400,600,17-AUG-2016,
OPTSTK,BHARATFORG,29-Sep-2016,680,PE,0,0,0,9.7,6.2,0,0,0,0,17-AUG-2016,
OPTSTK,BHARATFORG,29-Sep-2016,700,PE,4.55,4.55,4.55,4.55,4.55,1,4.22,600,0,17-AUG-2016,
OPTSTK,BHARATFORG,29-Sep-2016,720,PE,0,0,0,17,12.1,0,0,1200,0,17-AUG-2016,
OPTSTK,BHARATFORG,29-Sep-2016,740,PE,0,0,0,6.5,16.3,0,0,2400,0,17-AUG-2016,
OPTSTK,BHARATFORG,29-Sep-2016,760,PE,0,0,0,16,21.45,0,0,1200,0,17-AUG-2016,
OPTSTK,BHARATFORG,29-Sep-2016,780,PE,9,10.5,9,10.5,10.5,5,23.68,3000,3000,17-AUG-2016,
OPTSTK,BHARATFORG,29-Sep-2016,800,PE,15.1,16.1,15.1,15.2,15.2,6,29.35,7800,1800,17-AUG-2016,
OPTSTK,BHARATFORG,29-Sep-2016,820,PE,24.15,24.15,24.15,24.15,24.15,1,5.06,1800,600,17-AUG-2016,
OPTSTK,BHARATFORG,29-Sep-2016,840,PE,28.5,35.6,28.5,35.6,35.6,2,10.46,1200,600,17-AUG-2016,
OPTSTK,BHARATFORG,29-Sep-2016,860,PE,0,0,0,99.35,62.6,0,0,0,0,17-AUG-2016,
OPTSTK,BHARATFORG,29-Sep-2016,880,PE,0,0,0,115.35,74,0,0,0,0,17-AUG-2016,
OPTSTK,BHARATFORG,29-Sep-2016,900,PE,0,0,0,132.2,86.4,0,0,0,0,17-AUG-2016,
OPTSTK,BHARATFORG,29-Sep-2016,920,PE,0,0,0,149.65,99.7,0,0,0,0,17-AUG-2016,
OPTSTK,BHARATFORG,29-Sep-2016,940,PE,0,0,0,167.65,113.9,0,0,0,0,17-AUG-2016,
OPTSTK,BHARATFORG,29-Sep-2016,960,PE,0,0,0,186.05,128.9,0,0,0,0,17-AUG-2016,
OPTSTK,BHARATFORG,29-Sep-2016,980,PE,0,0,0,204.75,144.55,0,0,0,0,17-AUG-2016,
OPTSTK,BHARATFORG,29-Sep-2016,1000,PE,0,0,0,223.75,160.85,0,0,0,0,17-AUG-2016,
OPTSTK,BHARATFORG,29-Sep-2016,1020,PE,0,0,0,242.9,177.7,0,0,0,0,17-AUG-2016,
OPTSTK,BHARATFORG,29-Sep-2016,1040,PE,0,0,0,262.2,195.05,0,0,0,0,17-AUG-2016,
OPTSTK,BHARATFORG,29-Sep-2016,1060,PE,0,0,0,281.6,212.8,0,0,0,0,17-AUG-2016,
OPTSTK,BHARATFORG,29-Sep-2016,1080,PE,0,0,0,301.05,230.9,0,0,0,0,17-AUG-2016,
OPTSTK,BHARATFORG,27-Oct-2016,560,CE,0,0,0,199.5,296.85,0,0,0,0,17-AUG-2016,
OPTSTK,BHARATFORG,27-Oct-2016,580,CE,0,0,0,180.2,278.05,0,0,0,0,17-AUG-2016,
OPTSTK,BHARATFORG,27-Oct-2016,600,CE,0,0,0,161.25,259.5,0,0,0,0,17-AUG-2016,
OPTSTK,BHARATFORG,27-Oct-2016,620,CE,0,0,0,142.75,241.4,0,0,0,0,17-AUG-2016,
OPTSTK,BHARATFORG,27-Oct-2016,640,CE,0,0,0,124.9,223.75,0,0,0,0,17-AUG-2016,
OPTSTK,BHARATFORG,27-Oct-2016,660,CE,0,0,0,107.9,206.6,0,0,0,0,17-AUG-2016,
OPTSTK,BHARATFORG,27-Oct-2016,680,CE,0,0,0,92,190.1,0,0,0,0,17-AUG-2016,
OPTSTK,BHARATFORG,27-Oct-2016,700,CE,0,0,0,77.3,174.25,0,0,0,0,17-AUG-2016,
OPTSTK,BHARATFORG,27-Oct-2016,720,CE,0,0,0,64,159.15,0,0,0,0,17-AUG-2016,
OPTSTK,BHARATFORG,27-Oct-2016,740,CE,0,0,0,52.2,144.8,0,0,0,0,17-AUG-2016,
OPTSTK,BHARATFORG,27-Oct-2016,760,CE,0,0,0,41.95,131.2,0,0,0,0,17-AUG-2016,
OPTSTK,BHARATFORG,27-Oct-2016,780,CE,0,0,0,33.2,118.5,0,0,0,0,17-AUG-2016,
OPTSTK,BHARATFORG,27-Oct-2016,800,CE,0,0,0,25.9,106.65,0,0,0,0,17-AUG-2016,
OPTSTK,BHARATFORG,27-Oct-2016,820,CE,0,0,0,19.9,95.65,0,0,0,0,17-AUG-2016,
OPTSTK,BHARATFORG,27-Oct-2016,840,CE,0,0,0,15.1,85.45,0,0,0,0,17-AUG-2016,
OPTSTK,BHARATFORG,27-Oct-2016,860,CE,0,0,0,11.3,76.15,0,0,0,0,17-AUG-2016,
OPTSTK,BHARATFORG,27-Oct-2016,880,CE,0,0,0,8.3,67.6,0,0,0,0,17-AUG-2016,
OPTSTK,BHARATFORG,27-Oct-2016,900,CE,0,0,0,6.05,59.8,0,0,0,0,17-AUG-2016,
OPTSTK,BHARATFORG,27-Oct-2016,920,CE,0,0,0,4.35,52.8,0,0,0,0,17-AUG-2016,
OPTSTK,BHARATFORG,27-Oct-2016,940,CE,0,0,0,3.1,46.45,0,0,0,0,17-AUG-2016,
OPTSTK,BHARATFORG,27-Oct-2016,960,CE,0,0,0,2.2,40.75,0,0,0,0,17-AUG-2016,
OPTSTK,BHARATFORG,27-Oct-2016,980,CE,0,0,0,1.5,35.7,0,0,0,0,17-AUG-2016,
OPTSTK,BHARATFORG,27-Oct-2016,1000,CE,0,0,0,1.05,31.15,0,0,0,0,17-AUG-2016,
OPTSTK,BHARATFORG,27-Oct-2016,1020,CE,0,0,0,0.7,27.15,0,0,0,0,17-AUG-2016,
OPTSTK,BHARATFORG,27-Oct-2016,1040,CE,0,0,0,0.5,23.55,0,0,0,0,17-AUG-2016,
OPTSTK,BHARATFORG,27-Oct-2016,1060,CE,0,0,0,0.35,20.4,0,0,0,0,17-AUG-2016,
OPTSTK,BHARATFORG,27-Oct-2016,560,PE,0,0,0,0.35,1.8,0,0,0,0,17-AUG-2016,
OPTSTK,BHARATFORG,27-Oct-2016,580,PE,0,0,0,0.75,2.7,0,0,0,0,17-AUG-2016,
OPTSTK,BHARATFORG,27-Oct-2016,600,PE,0,0,0,1.45,3.9,0,0,0,0,17-AUG-2016,
OPTSTK,BHARATFORG,27-Oct-2016,620,PE,0,0,0,2.6,5.55,0,0,0,0,17-AUG-2016,
OPTSTK,BHARATFORG,27-Oct-2016,640,PE,0,0,0,4.4,7.6,0,0,0,0,17-AUG-2016,
OPTSTK,BHARATFORG,27-Oct-2016,660,PE,0,0,0,7.1,10.2,0,0,0,0,17-AUG-2016,
OPTSTK,BHARATFORG,27-Oct-2016,680,PE,0,0,0,10.8,13.45,0,0,0,0,17-AUG-2016,
OPTSTK,BHARATFORG,27-Oct-2016,700,PE,0,0,0,15.8,17.35,0,0,0,0,17-AUG-2016,
OPTSTK,BHARATFORG,27-Oct-2016,720,PE,0,0,0,22.15,21.95,0,0,0,0,17-AUG-2016,
OPTSTK,BHARATFORG,27-Oct-2016,740,PE,0,0,0,30,27.35,0,0,0,0,17-AUG-2016,
OPTSTK,BHARATFORG,27-Oct-2016,760,PE,0,0,0,39.4,33.5,0,0,0,0,17-AUG-2016,
OPTSTK,BHARATFORG,27-Oct-2016,780,PE,0,0,0,50.3,40.5,0,0,0,0,17-AUG-2016,
OPTSTK,BHARATFORG,27-Oct-2016,800,PE,0,0,0,62.65,48.4,0,0,0,0,17-AUG-2016,
OPTSTK,BHARATFORG,27-Oct-2016,820,PE,0,0,0,76.3,57.1,0,0,0,0,17-AUG-2016,
OPTSTK,BHARATFORG,27-Oct-2016,840,PE,0,0,0,91.2,66.65,0,0,0,0,17-AUG-2016,
OPTSTK,BHARATFORG,27-Oct-2016,860,PE,0,0,0,107,77.05,0,0,0,0,17-AUG-2016,
OPTSTK,BHARATFORG,27-Oct-2016,880,PE,0,0,0,123.7,88.25,0,0,0,0,17-AUG-2016,
OPTSTK,BHARATFORG,27-Oct-2016,900,PE,0,0,0,141.1,100.2,0,0,0,0,17-AUG-2016,
OPTSTK,BHARATFORG,27-Oct-2016,920,PE,0,0,0,159.05,112.9,0,0,0,0,17-AUG-2016,
OPTSTK,BHARATFORG,27-Oct-2016,940,PE,0,0,0,177.45,126.3,0,0,0,0,17-AUG-2016,
OPTSTK,BHARATFORG,27-Oct-2016,960,PE,0,0,0,196.2,140.35,0,0,0,0,17-AUG-2016,
OPTSTK,BHARATFORG,27-Oct-2016,980,PE,0,0,0,215.2,155,0,0,0,0,17-AUG-2016,
OPTSTK,BHARATFORG,27-Oct-2016,1000,PE,0,0,0,234.35,170.2,0,0,0,0,17-AUG-2016,
OPTSTK,BHARATFORG,27-Oct-2016,1020,PE,0,0,0,253.7,185.95,0,0,0,0,17-AUG-2016,
OPTSTK,BHARATFORG,27-Oct-2016,1040,PE,0,0,0,273.1,202.1,0,0,0,0,17-AUG-2016,
OPTSTK,BHARATFORG,27-Oct-2016,1060,PE,0,0,0,292.6,218.65,0,0,0,0,17-AUG-2016,
OPTSTK,BHARTIARTL,25-Aug-2016,230,CE,0,0,0,127,116,0,0,0,0,17-AUG-2016,
OPTSTK,BHARTIARTL,25-Aug-2016,240,CE,0,0,0,117.2,106.05,0,0,0,0,17-AUG-2016,
OPTSTK,BHARTIARTL,25-Aug-2016,250,CE,0,0,0,107.5,96.05,0,0,0,0,17-AUG-2016,
OPTSTK,BHARTIARTL,25-Aug-2016,260,CE,0,0,0,97.85,86.05,0,0,0,0,17-AUG-2016,
OPTSTK,BHARTIARTL,25-Aug-2016,270,CE,0,0,0,88.35,76.05,0,0,0,0,17-AUG-2016,
OPTSTK,BHARTIARTL,25-Aug-2016,280,CE,0,0,0,91,66.1,0,0,3000,0,17-AUG-2016,
OPTSTK,BHARTIARTL,25-Aug-2016,290,CE,0,0,0,70,56.1,0,0,0,0,17-AUG-2016,
OPTSTK,BHARTIARTL,25-Aug-2016,300,CE,0,0,0,61.4,46.1,0,0,0,0,17-AUG-2016,
OPTSTK,BHARTIARTL,25-Aug-2016,310,CE,0,0,0,53.2,36.15,0,0,0,0,17-AUG-2016,
OPTSTK,BHARTIARTL,25-Aug-2016,320,CE,0,0,0,27.45,26.35,0,0,3000,0,17-AUG-2016,
OPTSTK,BHARTIARTL,25-Aug-2016,330,CE,0,0,0,38.6,17.2,0,0,0,0,17-AUG-2016,
OPTSTK,BHARTIARTL,25-Aug-2016,340,CE,8.85,11.9,8.5,9.25,9.25,85,447.14,55500,-13500,17-AUG-2016,
OPTSTK,BHARTIARTL,25-Aug-2016,350,CE,4.2,6.1,3.95,4.5,4.5,847,4514.8,445500,-30000,17-AUG-2016,
OPTSTK,BHARTIARTL,25-Aug-2016,360,CE,2.1,2.75,1.75,1.9,1.9,393,2135.99,630000,-15000,17-AUG-2016,
OPTSTK,BHARTIARTL,25-Aug-2016,370,CE,1.05,1.25,0.8,0.85,0.85,155,862.74,744000,-30000,17-AUG-2016,
OPTSTK,BHARTIARTL,25-Aug-2016,380,CE,0.65,0.65,0.4,0.45,0.45,97,553.68,486000,0,17-AUG-2016,
OPTSTK,BHARTIARTL,25-Aug-2016,390,CE,0.6,0.6,0.25,0.3,0.3,26,152.21,214500,-1500,17-AUG-2016,
OPTSTK,BHARTIARTL,25-Aug-2016,400,CE,0.2,0.2,0.15,0.2,0.2,16,96.04,337500,-15000,17-AUG-2016,
OPTSTK,BHARTIARTL,25-Aug-2016,410,CE,0.2,0.2,0.2,0.2,0.2,1,6.15,66000,0,17-AUG-2016,
OPTSTK,BHARTIARTL,25-Aug-2016,420,CE,0,0,0,0.2,0,0,0,15000,0,17-AUG-2016,
OPTSTK,BHARTIARTL,25-Aug-2016,430,CE,0,0,0,3.85,0,0,0,0,0,17-AUG-2016,
OPTSTK,BHARTIARTL,25-Aug-2016,440,CE,0,0,0,2.85,0,0,0,0,0,17-AUG-2016,
OPTSTK,BHARTIARTL,25-Aug-2016,450,CE,0,0,0,2.15,0,0,0,0,0,17-AUG-2016,
OPTSTK,BHARTIARTL,25-Aug-2016,230,PE,0,0,0,0.05,0,0,0,0,0,17-AUG-2016,
OPTSTK,BHARTIARTL,25-Aug-2016,240,PE,0,0,0,0.5,0,0,0,1500,0,17-AUG-2016,
OPTSTK,BHARTIARTL,25-Aug-2016,250,PE,0,0,0,0.2,0,0,0,0,0,17-AUG-2016,
OPTSTK,BHARTIARTL,25-Aug-2016,260,PE,0,0,0,0.35,0,0,0,0,0,17-AUG-2016,
OPTSTK,BHARTIARTL,25-Aug-2016,270,PE,0,0,0,0.7,0,0,0,0,0,17-AUG-2016,
OPTSTK,BHARTIARTL,25-Aug-2016,280,PE,0,0,0,1.2,0,0,0,0,0,17-AUG-2016,
OPTSTK,BHARTIARTL,25-Aug-2016,290,PE,0,0,0,2,0,0,0,0,0,17-AUG-2016,
OPTSTK,BHARTIARTL,25-Aug-2016,300,PE,0,0,0,0.1,0,0,0,49500,0,17-AUG-2016,
OPTSTK,BHARTIARTL,25-Aug-2016,310,PE,0,0,0,0.6,0.05,0,0,12000,0,17-AUG-2016,
OPTSTK,BHARTIARTL,25-Aug-2016,320,PE,0.5,0.6,0.4,0.55,0.55,32,153.84,93000,-1500,17-AUG-2016,
OPTSTK,BHARTIARTL,25-Aug-2016,330,PE,1.25,1.55,1,1.3,1.3,59,293.1,264000,-10500,17-AUG-2016,
OPTSTK,BHARTIARTL,25-Aug-2016,340,PE,3.95,4.15,2.65,3.4,3.4,376,1935.03,468000,93000,17-AUG-2016,
OPTSTK,BHARTIARTL,25-Aug-2016,350,PE,8.8,9.5,6.5,8.1,8.1,180,964.69,295500,7500,17-AUG-2016,
OPTSTK,BHARTIARTL,25-Aug-2016,360,PE,14.5,15.95,13.2,15,15,12,67.47,195000,-4500,17-AUG-2016,
OPTSTK,BHARTIARTL,25-Aug-2016,370,PE,24.7,24.7,24.7,24.7,24.7,1,5.92,30000,-1500,17-AUG-2016,
OPTSTK,BHARTIARTL,25-Aug-2016,380,PE,0,0,0,36.1,33.9,0,0,24000,0,17-AUG-2016,
OPTSTK,BHARTIARTL,25-Aug-2016,390,PE,0,0,0,24.75,43.8,0,0,1500,0,17-AUG-2016,
OPTSTK,BHARTIARTL,25-Aug-2016,400,PE,0,0,0,32.8,53.75,0,0,3000,0,17-AUG-2016,
OPTSTK,BHARTIARTL,25-Aug-2016,410,PE,0,0,0,56.45,63.75,0,0,0,0,17-AUG-2016,
OPTSTK,BHARTIARTL,25-Aug-2016,420,PE,0,0,0,64.7,73.75,0,0,0,0,17-AUG-2016,
OPTSTK,BHARTIARTL,25-Aug-2016,430,PE,0,0,0,73.3,83.75,0,0,0,0,17-AUG-2016,
OPTSTK,BHARTIARTL,25-Aug-2016,440,PE,0,0,0,82.15,93.7,0,0,0,0,17-AUG-2016,
OPTSTK,BHARTIARTL,25-Aug-2016,450,PE,0,0,0,91.25,103.7,0,0,0,0,17-AUG-2016,
OPTSTK,BHARTIARTL,29-Sep-2016,230,CE,0,0,0,140.9,117.55,0,0,0,0,17-AUG-2016,
OPTSTK,BHARTIARTL,29-Sep-2016,240,CE,0,0,0,131.1,107.6,0,0,0,0,17-AUG-2016,
OPTSTK,BHARTIARTL,29-Sep-2016,250,CE,0,0,0,121.4,97.7,0,0,0,0,17-AUG-2016,
OPTSTK,BHARTIARTL,29-Sep-2016,260,CE,0,0,0,111.7,87.8,0,0,0,0,17-AUG-2016,
OPTSTK,BHARTIARTL,29-Sep-2016,270,CE,0,0,0,102.1,77.9,0,0,0,0,17-AUG-2016,
OPTSTK,BHARTIARTL,29-Sep-2016,280,CE,0,0,0,92.7,68.1,0,0,0,0,17-AUG-2016,
OPTSTK,BHARTIARTL,29-Sep-2016,290,CE,0,0,0,83.5,58.45,0,0,0,0,17-AUG-2016,
OPTSTK,BHARTIARTL,29-Sep-2016,300,CE,0,0,0,74.6,49.1,0,0,0,0,17-AUG-2016,
OPTSTK,BHARTIARTL,29-Sep-2016,310,CE,0,0,0,66.05,40.2,0,0,0,0,17-AUG-2016,
OPTSTK,BHARTIARTL,29-Sep-2016,320,CE,0,0,0,57.95,32,0,0,0,0,17-AUG-2016,
OPTSTK,BHARTIARTL,29-Sep-2016,330,CE,0,0,0,36,24.7,0,0,3000,0,17-AUG-2016,
OPTSTK,BHARTIARTL,29-Sep-2016,340,CE,17.5,17.5,17.5,17.5,17.5,1,5.36,1500,1500,17-AUG-2016,
OPTSTK,BHARTIARTL,29-Sep-2016,350,CE,13.5,13.5,10.25,10.9,10.9,4,21.69,6000,4500,17-AUG-2016,
OPTSTK,BHARTIARTL,29-Sep-2016,360,CE,8.4,8.4,7.5,7.5,7.5,3,16.55,10500,-1500,17-AUG-2016,
OPTSTK,BHARTIARTL,29-Sep-2016,370,CE,0,0,0,26.1,6.2,0,0,0,0,17-AUG-2016,
OPTSTK,BHARTIARTL,29-Sep-2016,380,CE,3.5,3.5,3.5,3.5,3.5,1,5.75,1500,1500,17-AUG-2016,
OPTSTK,BHARTIARTL,29-Sep-2016,390,CE,0,0,0,2,2.5,0,0,1500,0,17-AUG-2016,
OPTSTK,BHARTIARTL,29-Sep-2016,400,CE,0,0,0,2.8,1.55,0,0,15000,0,17-AUG-2016,
OPTSTK,BHARTIARTL,29-Sep-2016,410,CE,0,0,0,11.6,0.9,0,0,0,0,17-AUG-2016,
OPTSTK,BHARTIARTL,29-Sep-2016,420,CE,0,0,0,9.3,0.5,0,0,0,0,17-AUG-2016,
OPTSTK,BHARTIARTL,29-Sep-2016,430,CE,0,0,0,7.35,0.3,0,0,0,0,17-AUG-2016,
OPTSTK,BHARTIARTL,29-Sep-2016,440,CE,0,0,0,5.8,0.15,0,0,0,0,17-AUG-2016,
OPTSTK,BHARTIARTL,29-Sep-2016,450,CE,0,0,0,4.5,0.1,0,0,0,0,17-AUG-2016,
OPTSTK,BHARTIARTL,29-Sep-2016,230,PE,0,0,0,0.05,0,0,0,0,0,17-AUG-2016,
OPTSTK,BHARTIARTL,29-Sep-2016,240,PE,0,0,0,0.1,0,0,0,0,0,17-AUG-2016,
OPTSTK,BHARTIARTL,29-Sep-2016,250,PE,0,0,0,0.15,0,0,0,0,0,17-AUG-2016,
OPTSTK,BHARTIARTL,29-Sep-2016,260,PE,0,0,0,0.3,0.05,0,0,0,0,17-AUG-2016,
OPTSTK,BHARTIARTL,29-Sep-2016,270,PE,0,0,0,0.55,0.1,0,0,0,0,17-AUG-2016,
OPTSTK,BHARTIARTL,29-Sep-2016,280,PE,0,0,0,0.95,0.2,0,0,0,0,17-AUG-2016,
OPTSTK,BHARTIARTL,29-Sep-2016,290,PE,0,0,0,1.55,0.45,0,0,0,0,17-AUG-2016,
OPTSTK,BHARTIARTL,29-Sep-2016,300,PE,0,0,0,2.5,1.05,0,0,0,0,17-AUG-2016,
OPTSTK,BHARTIARTL,29-Sep-2016,310,PE,0,0,0,3.75,2.05,0,0,0,0,17-AUG-2016,
OPTSTK,BHARTIARTL,29-Sep-2016,320,PE,0,0,0,4.9,3.8,0,0,7500,0,17-AUG-2016,
OPTSTK,BHARTIARTL,29-Sep-2016,330,PE,7,7,6.25,6.7,6.7,87,439.41,133500,123000,17-AUG-2016,
OPTSTK,BHARTIARTL,29-Sep-2016,340,PE,0,0,0,10,10.05,0,0,1500,0,17-AUG-2016,
OPTSTK,BHARTIARTL,29-Sep-2016,350,PE,0,0,0,14.5,14.8,0,0,3000,0,17-AUG-2016,
OPTSTK,BHARTIARTL,29-Sep-2016,360,PE,0,0,0,18.05,20.65,0,0,0,0,17-AUG-2016,
OPTSTK,BHARTIARTL,29-Sep-2016,370,PE,0,0,0,22.75,27.55,0,0,0,0,17-AUG-2016,
OPTSTK,BHARTIARTL,29-Sep-2016,380,PE,0,0,0,28.1,35.3,0,0,0,0,17-AUG-2016,
OPTSTK,BHARTIARTL,29-Sep-2016,390,PE,0,0,0,34,43.7,0,0,0,0,17-AUG-2016,
OPTSTK,BHARTIARTL,29-Sep-2016,400,PE,0,0,0,40.55,52.65,0,0,0,0,17-AUG-2016,
OPTSTK,BHARTIARTL,29-Sep-2016,410,PE,0,0,0,47.55,61.95,0,0,0,0,17-AUG-2016,
OPTSTK,BHARTIARTL,29-Sep-2016,420,PE,0,0,0,55.05,71.45,0,0,0,0,17-AUG-2016,
OPTSTK,BHARTIARTL,29-Sep-2016,430,PE,0,0,0,62.95,81.15,0,0,0,0,17-AUG-2016,
OPTSTK,BHARTIARTL,29-Sep-2016,440,PE,0,0,0,71.2,90.95,0,0,0,0,17-AUG-2016,
OPTSTK,BHARTIARTL,29-Sep-2016,450,PE,0,0,0,79.75,100.8,0,0,0,0,17-AUG-2016,
OPTSTK,BHARTIARTL,27-Oct-2016,230,CE,0,0,0,145.9,118.75,0,0,0,0,17-AUG-2016,
OPTSTK,BHARTIARTL,27-Oct-2016,240,CE,0,0,0,136.05,108.9,0,0,0,0,17-AUG-2016,
OPTSTK,BHARTIARTL,27-Oct-2016,250,CE,0,0,0,126.25,99.05,0,0,0,0,17-AUG-2016,
OPTSTK,BHARTIARTL,27-Oct-2016,260,CE,0,0,0,116.5,89.3,0,0,0,0,17-AUG-2016,
OPTSTK,BHARTIARTL,27-Oct-2016,270,CE,0,0,0,106.8,79.6,0,0,0,0,17-AUG-2016,
OPTSTK,BHARTIARTL,27-Oct-2016,280,CE,0,0,0,97.2,70.1,0,0,0,0,17-AUG-2016,
OPTSTK,BHARTIARTL,27-Oct-2016,290,CE,0,0,0,87.75,60.9,0,0,0,0,17-AUG-2016,
OPTSTK,BHARTIARTL,27-Oct-2016,300,CE,0,0,0,78.5,52.05,0,0,0,0,17-AUG-2016,
OPTSTK,BHARTIARTL,27-Oct-2016,310,CE,0,0,0,69.6,43.75,0,0,0,0,17-AUG-2016,
OPTSTK,BHARTIARTL,27-Oct-2016,320,CE,0,0,0,61.1,36.15,0,0,0,0,17-AUG-2016,
OPTSTK,BHARTIARTL,27-Oct-2016,330,CE,0,0,0,53,29.3,0,0,0,0,17-AUG-2016,
OPTSTK,BHARTIARTL,27-Oct-2016,340,CE,0,0,0,45.55,23.25,0,0,0,0,17-AUG-2016,
OPTSTK,BHARTIARTL,27-Oct-2016,350,CE,0,0,0,38.65,18.15,0,0,0,0,17-AUG-2016,
OPTSTK,BHARTIARTL,27-Oct-2016,360,CE,0,0,0,32.4,13.85,0,0,0,0,17-AUG-2016,
OPTSTK,BHARTIARTL,27-Oct-2016,370,CE,0,0,0,26.9,10.35,0,0,0,0,17-AUG-2016,
OPTSTK,BHARTIARTL,27-Oct-2016,380,CE,0,0,0,22.05,7.65,0,0,0,0,17-AUG-2016,
OPTSTK,BHARTIARTL,27-Oct-2016,390,CE,0,0,0,17.85,5.5,0,0,0,0,17-AUG-2016,
OPTSTK,BHARTIARTL,27-Oct-2016,400,CE,0,0,0,14.3,3.9,0,0,0,0,17-AUG-2016,
OPTSTK,BHARTIARTL,27-Oct-2016,410,CE,0,0,0,11.35,2.7,0,0,0,0,17-AUG-2016,
OPTSTK,BHARTIARTL,27-Oct-2016,420,CE,0,0,0,8.9,1.85,0,0,0,0,17-AUG-2016,
OPTSTK,BHARTIARTL,27-Oct-2016,430,CE,0,0,0,6.9,1.25,0,0,0,0,17-AUG-2016,
OPTSTK,BHARTIARTL,27-Oct-2016,440,CE,0,0,0,5.3,0.85,0,0,0,0,17-AUG-2016,
OPTSTK,BHARTIARTL,27-Oct-2016,450,CE,0,0,0,4.05,0.55,0,0,0,0,17-AUG-2016,
OPTSTK,BHARTIARTL,27-Oct-2016,230,PE,0,0,0,0.05,0.05,0,0,0,0,17-AUG-2016,
OPTSTK,BHARTIARTL,27-Oct-2016,240,PE,0,0,0,0.05,0.05,0,0,0,0,17-AUG-2016,
OPTSTK,BHARTIARTL,27-Oct-2016,250,PE,0,0,0,0.05,0.1,0,0,0,0,17-AUG-2016,
OPTSTK,BHARTIARTL,27-Oct-2016,260,PE,0,0,0,0.15,0.15,0,0,0,0,17-AUG-2016,
OPTSTK,BHARTIARTL,27-Oct-2016,270,PE,0,0,0,0.25,0.35,0,0,0,0,17-AUG-2016,
OPTSTK,BHARTIARTL,27-Oct-2016,280,PE,0,0,0,0.5,0.7,0,0,0,0,17-AUG-2016,
OPTSTK,BHARTIARTL,27-Oct-2016,290,PE,0,0,0,0.85,1.35,0,0,0,0,17-AUG-2016,
OPTSTK,BHARTIARTL,27-Oct-2016,300,PE,0,0,0,1.45,2.4,0,0,0,0,17-AUG-2016,
OPTSTK,BHARTIARTL,27-Oct-2016,310,PE,0,0,0,2.4,4,0,0,0,0,17-AUG-2016,
OPTSTK,BHARTIARTL,27-Oct-2016,320,PE,0,0,0,3.7,6.25,0,0,0,0,17-AUG-2016,
OPTSTK,BHARTIARTL,27-Oct-2016,330,PE,0,0,0,5.45,9.25,0,0,0,0,17-AUG-2016,
OPTSTK,BHARTIARTL,27-Oct-2016,340,PE,0,0,0,7.8,13.1,0,0,0,0,17-AUG-2016,
OPTSTK,BHARTIARTL,27-Oct-2016,350,PE,0,0,0,10.7,17.8,0,0,0,0,17-AUG-2016,
OPTSTK,BHARTIARTL,27-Oct-2016,360,PE,0,0,0,14.35,23.4,0,0,0,0,17-AUG-2016,
OPTSTK,BHARTIARTL,27-Oct-2016,370,PE,0,0,0,18.6,29.8,0,0,0,0,17-AUG-2016,
OPTSTK,BHARTIARTL,27-Oct-2016,380,PE,0,0,0,23.6,36.9,0,0,0,0,17-AUG-2016,
OPTSTK,BHARTIARTL,27-Oct-2016,390,PE,0,0,0,29.25,44.65,0,0,0,0,17-AUG-2016,
OPTSTK,BHARTIARTL,27-Oct-2016,400,PE,0,0,0,35.55,52.9,0,0,0,0,17-AUG-2016,
OPTSTK,BHARTIARTL,27-Oct-2016,410,PE,0,0,0,42.4,61.6,0,0,0,0,17-AUG-2016,
OPTSTK,BHARTIARTL,27-Oct-2016,420,PE,0,0,0,49.8,70.6,0,0,0,0,17-AUG-2016,
OPTSTK,BHARTIARTL,27-Oct-2016,430,PE,0,0,0,57.65,79.9,0,0,0,0,17-AUG-2016,
OPTSTK,BHARTIARTL,27-Oct-2016,440,PE,0,0,0,65.85,89.3,0,0,0,0,17-AUG-2016,
OPTSTK,BHARTIARTL,27-Oct-2016,450,PE,0,0,0,74.4,98.9,0,0,0,0,17-AUG-2016,
OPTSTK,BHEL,25-Aug-2016,80,CE,0,0,0,50.2,57.75,0,0,0,0,17-AUG-2016,
OPTSTK,BHEL,25-Aug-2016,85,CE,0,0,0,45.4,52.75,0,0,0,0,17-AUG-2016,
OPTSTK,BHEL,25-Aug-2016,90,CE,0,0,0,40.75,47.75,0,0,0,0,17-AUG-2016,
OPTSTK,BHEL,25-Aug-2016,95,CE,0,0,0,36.25,42.75,0,0,0,0,17-AUG-2016,
OPTSTK,BHEL,25-Aug-2016,100,CE,0,0,0,31.95,37.75,0,0,0,0,17-AUG-2016,
OPTSTK,BHEL,25-Aug-2016,105,CE,0,0,0,27.9,32.8,0,0,0,0,17-AUG-2016,
OPTSTK,BHEL,25-Aug-2016,110,CE,0,0,0,39,27.8,0,0,20000,0,17-AUG-2016,
OPTSTK,BHEL,25-Aug-2016,115,CE,0,0,0,20.65,22.8,0,0,0,0,17-AUG-2016,
OPTSTK,BHEL,25-Aug-2016,120,CE,0,0,0,18.25,17.8,0,0,10000,0,17-AUG-2016,
OPTSTK,BHEL,25-Aug-2016,125,CE,0,0,0,14.7,12.95,0,0,10000,0,17-AUG-2016,
OPTSTK,BHEL,25-Aug-2016,130,CE,8.2,8.2,8,8,8,2,13.81,140000,-5000,17-AUG-2016,
OPTSTK,BHEL,25-Aug-2016,135,CE,5.3,5.6,4.4,4.8,4.8,37,258.78,565000,10000,17-AUG-2016,
OPTSTK,BHEL,25-Aug-2016,140,CE,2.8,2.95,2.15,2.4,2.4,648,4617.12,2760000,345000,17-AUG-2016,
OPTSTK,BHEL,25-Aug-2016,145,CE,1.45,1.5,1.05,1.1,1.1,200,1462.28,1725000,-10000,17-AUG-2016,
OPTSTK,BHEL,25-Aug-2016,150,CE,0.75,0.8,0.5,0.55,0.55,161,1212.3,3610000,90000,17-AUG-2016,
OPTSTK,BHEL,25-Aug-2016,155,CE,0.4,0.4,0.25,0.3,0.3,59,458.17,1050000,65000,17-AUG-2016,
OPTSTK,BHEL,25-Aug-2016,160,CE,0.2,0.25,0.15,0.2,0.2,26,208.24,1485000,10000,17-AUG-2016,
OPTSTK,BHEL,25-Aug-2016,165,CE,0.15,0.15,0.1,0.1,0.1,16,132.1,570000,0,17-AUG-2016,
OPTSTK,BHEL,25-Aug-2016,170,CE,0.15,0.15,0.05,0.05,0.05,12,102.05,665000,-15000,17-AUG-2016,
OPTSTK,BHEL,25-Aug-2016,175,CE,0,0,0,0.05,0,0,0,210000,0,17-AUG-2016,
OPTSTK,BHEL,25-Aug-2016,80,PE,0,0,0,0.15,0,0,0,0,0,17-AUG-2016,
OPTSTK,BHEL,25-Aug-2016,85,PE,0,0,0,0.3,0,0,0,0,0,17-AUG-2016,
OPTSTK,BHEL,25-Aug-2016,90,PE,0,0,0,0.55,0,0,0,0,0,17-AUG-2016,
OPTSTK,BHEL,25-Aug-2016,95,PE,0,0,0,0.95,0,0,0,0,0,17-AUG-2016,
OPTSTK,BHEL,25-Aug-2016,100,PE,0.1,0.1,0.1,0.1,0.1,1,5,20000,5000,17-AUG-2016,
OPTSTK,BHEL,25-Aug-2016,105,PE,0,0,0,2.45,0,0,0,0,0,17-AUG-2016,
OPTSTK,BHEL,25-Aug-2016,110,PE,0.05,0.05,0.05,0.05,0.05,1,5.5,275000,-5000,17-AUG-2016,
OPTSTK,BHEL,25-Aug-2016,115,PE,0,0,0,0.15,0,0,0,165000,0,17-AUG-2016,
OPTSTK,BHEL,25-Aug-2016,120,PE,0.2,0.25,0.15,0.15,0.15,16,96.14,645000,-20000,17-AUG-2016,
OPTSTK,BHEL,25-Aug-2016,125,PE,0.45,0.45,0.25,0.3,0.3,115,720.82,545000,70000,17-AUG-2016,
OPTSTK,BHEL,25-Aug-2016,130,PE,1.15,1.15,0.7,0.8,0.8,120,785.77,1440000,-55000,17-AUG-2016,
OPTSTK,BHEL,25-Aug-2016,135,PE,2.55,2.55,1.9,2,2,379,2603.43,690000,20000,17-AUG-2016,
OPTSTK,BHEL,25-Aug-2016,140,PE,5,5.1,4.2,4.65,4.65,21,151.94,635000,0,17-AUG-2016,
OPTSTK,BHEL,25-Aug-2016,145,PE,8.15,8.15,8.15,8.15,8.15,1,7.65,300000,-5000,17-AUG-2016,
OPTSTK,BHEL,25-Aug-2016,150,PE,0,0,0,13.6,12.45,0,0,165000,0,17-AUG-2016,
OPTSTK,BHEL,25-Aug-2016,155,PE,0,0,0,18.75,17.25,0,0,25000,0,17-AUG-2016,
OPTSTK,BHEL,25-Aug-2016,160,PE,0,0,0,21.5,22.2,0,0,25000,0,17-AUG-2016,
OPTSTK,BHEL,25-Aug-2016,165,PE,0,0,0,16.75,27.2,0,0,20000,0,17-AUG-2016,
OPTSTK,BHEL,25-Aug-2016,170,PE,0,0,0,22.1,32.15,0,0,45000,0,17-AUG-2016,
OPTSTK,BHEL,25-Aug-2016,175,PE,0,0,0,24.7,37.15,0,0,20000,0,17-AUG-2016,
OPTSTK,BHEL,29-Sep-2016,80,CE,0,0,0,49.2,58.25,0,0,0,0,17-AUG-2016,
OPTSTK,BHEL,29-Sep-2016,85,CE,0,0,0,44.4,53.3,0,0,0,0,17-AUG-2016,
OPTSTK,BHEL,29-Sep-2016,90,CE,0,0,0,39.65,48.35,0,0,0,0,17-AUG-2016,
OPTSTK,BHEL,29-Sep-2016,95,CE,0,0,0,35.05,43.4,0,0,0,0,17-AUG-2016,
OPTSTK,BHEL,29-Sep-2016,100,CE,0,0,0,30.65,38.45,0,0,0,0,17-AUG-2016,
OPTSTK,BHEL,29-Sep-2016,105,CE,0,0,0,26.5,33.55,0,0,0,0,17-AUG-2016,
OPTSTK,BHEL,29-Sep-2016,110,CE,0,0,0,22.65,28.75,0,0,0,0,17-AUG-2016,
OPTSTK,BHEL,29-Sep-2016,115,CE,0,0,0,19.1,24.15,0,0,0,0,17-AUG-2016,
OPTSTK,BHEL,29-Sep-2016,120,CE,0,0,0,15.9,19.75,0,0,0,0,17-AUG-2016,
OPTSTK,BHEL,29-Sep-2016,125,CE,0,0,0,13.1,15.75,0,0,0,0,17-AUG-2016,
OPTSTK,BHEL,29-Sep-2016,130,CE,0,0,0,10.65,12.2,0,0,0,0,17-AUG-2016,
OPTSTK,BHEL,29-Sep-2016,135,CE,0,0,0,8.6,9.2,0,0,0,0,17-AUG-2016,
OPTSTK,BHEL,29-Sep-2016,140,CE,7,7.1,6.2,6.55,6.55,58,425.11,245000,240000,17-AUG-2016,
OPTSTK,BHEL,29-Sep-2016,145,CE,0,0,0,6.75,4.75,0,0,10000,0,17-AUG-2016,
OPTSTK,BHEL,29-Sep-2016,150,CE,3.55,3.55,3.15,3.15,3.15,2,15.33,405000,5000,17-AUG-2016,
OPTSTK,BHEL,29-Sep-2016,155,CE,2.45,2.45,2.45,2.45,2.45,1,7.87,0,-5000,17-AUG-2016,
OPTSTK,BHEL,29-Sep-2016,160,CE,1.5,1.6,1.4,1.4,1.4,30,242.27,140000,130000,17-AUG-2016,
OPTSTK,BHEL,29-Sep-2016,165,CE,0,0,0,0.75,0.9,0,0,5000,0,17-AUG-2016,
OPTSTK,BHEL,29-Sep-2016,170,CE,0,0,0,1.45,0.55,0,0,0,0,17-AUG-2016,
OPTSTK,BHEL,29-Sep-2016,175,CE,0,0,0,1.1,0.35,0,0,0,0,17-AUG-2016,
OPTSTK,BHEL,29-Sep-2016,80,PE,0,0,0,0.1,0,0,0,0,0,17-AUG-2016,
OPTSTK,BHEL,29-Sep-2016,85,PE,0,0,0,0.2,0,0,0,0,0,17-AUG-2016,
OPTSTK,BHEL,29-Sep-2016,90,PE,0,0,0,0.35,0,0,0,0,0,17-AUG-2016,
OPTSTK,BHEL,29-Sep-2016,95,PE,0,0,0,0.7,0.05,0,0,0,0,17-AUG-2016,
OPTSTK,BHEL,29-Sep-2016,100,PE,0,0,0,1.2,0.05,0,0,0,0,17-AUG-2016,
OPTSTK,BHEL,29-Sep-2016,105,PE,0,0,0,1.95,0.1,0,0,0,0,17-AUG-2016,
OPTSTK,BHEL,29-Sep-2016,110,PE,0,0,0,3,0.3,0,0,0,0,17-AUG-2016,
OPTSTK,BHEL,29-Sep-2016,115,PE,0,0,0,1.05,0.6,0,0,10000,0,17-AUG-2016,
OPTSTK,BHEL,29-Sep-2016,120,PE,0,0,0,6.1,1.2,0,0,0,0,17-AUG-2016,
OPTSTK,BHEL,29-Sep-2016,125,PE,2.65,2.65,2.45,2.5,2.5,8,51,85000,25000,17-AUG-2016,
OPTSTK,BHEL,29-Sep-2016,130,PE,4.05,4.05,3.8,3.8,3.8,5,33.48,45000,20000,17-AUG-2016,
OPTSTK,BHEL,29-Sep-2016,135,PE,5.75,5.75,5.75,5.75,5.75,1,7.03,175000,5000,17-AUG-2016,
OPTSTK,BHEL,29-Sep-2016,140,PE,8.85,9,8.2,8.2,8.2,6,44.58,25000,20000,17-AUG-2016,
OPTSTK,BHEL,29-Sep-2016,145,PE,0,0,0,5.45,10.95,0,0,5000,0,17-AUG-2016,
OPTSTK,BHEL,29-Sep-2016,150,PE,0,0,0,14,14.45,0,0,5000,0,17-AUG-2016,
OPTSTK,BHEL,29-Sep-2016,155,PE,0,0,0,27.85,18.35,0,0,0,0,17-AUG-2016,
OPTSTK,BHEL,29-Sep-2016,160,PE,0,0,0,32,22.55,0,0,0,0,17-AUG-2016,
OPTSTK,BHEL,29-Sep-2016,165,PE,0,0,0,29,26.95,0,0,15000,0,17-AUG-2016,
OPTSTK,BHEL,29-Sep-2016,170,PE,0,0,0,27,31.6,0,0,5000,0,17-AUG-2016,
OPTSTK,BHEL,29-Sep-2016,175,PE,0,0,0,45.3,36.35,0,0,0,0,17-AUG-2016,
OPTSTK,BHEL,27-Oct-2016,100,CE,0,0,0,51.35,39.15,0,0,0,0,17-AUG-2016,
OPTSTK,BHEL,27-Oct-2016,105,CE,0,0,0,46.65,34.4,0,0,0,0,17-AUG-2016,
OPTSTK,BHEL,27-Oct-2016,110,CE,0,0,0,42,29.85,0,0,0,0,17-AUG-2016,
OPTSTK,BHEL,27-Oct-2016,115,CE,0,0,0,37.5,25.5,0,0,0,0,17-AUG-2016,
OPTSTK,BHEL,27-Oct-2016,120,CE,0,0,0,33.2,21.45,0,0,0,0,17-AUG-2016,
OPTSTK,BHEL,27-Oct-2016,125,CE,0,0,0,29.1,17.75,0,0,0,0,17-AUG-2016,
OPTSTK,BHEL,27-Oct-2016,130,CE,0,0,0,25.3,14.45,0,0,0,0,17-AUG-2016,
OPTSTK,BHEL,27-Oct-2016,135,CE,0,0,0,21.8,11.55,0,0,0,0,17-AUG-2016,
OPTSTK,BHEL,27-Oct-2016,140,CE,0,0,0,18.6,9.1,0,0,0,0,17-AUG-2016,
OPTSTK,BHEL,27-Oct-2016,145,CE,0,0,0,15.7,7.05,0,0,0,0,17-AUG-2016,
OPTSTK,BHEL,27-Oct-2016,150,CE,0,0,0,13.15,5.4,0,0,0,0,17-AUG-2016,
OPTSTK,BHEL,27-Oct-2016,155,CE,0,0,0,10.95,4.05,0,0,0,0,17-AUG-2016,
OPTSTK,BHEL,27-Oct-2016,160,CE,0,0,0,9,3,0,0,0,0,17-AUG-2016,
OPTSTK,BHEL,27-Oct-2016,165,CE,0,0,0,7.35,2.2,0,0,0,0,17-AUG-2016,
OPTSTK,BHEL,27-Oct-2016,170,CE,0,0,0,5.95,1.6,0,0,0,0,17-AUG-2016,
OPTSTK,BHEL,27-Oct-2016,175,CE,0,0,0,4.8,1.15,0,0,0,0,17-AUG-2016,
OPTSTK,BHEL,27-Oct-2016,100,PE,0,0,0,0.2,0.2,0,0,0,0,17-AUG-2016,
OPTSTK,BHEL,27-Oct-2016,105,PE,0,0,0,0.4,0.4,0,0,0,0,17-AUG-2016,
OPTSTK,BHEL,27-Oct-2016,110,PE,0,0,0,0.65,0.8,0,0,0,0,17-AUG-2016,
OPTSTK,BHEL,27-Oct-2016,115,PE,0,0,0,1.1,1.4,0,0,0,0,17-AUG-2016,
OPTSTK,BHEL,27-Oct-2016,120,PE,0,0,0,1.7,2.25,0,0,0,0,17-AUG-2016,
OPTSTK,BHEL,27-Oct-2016,125,PE,0,0,0,2.5,3.5,0,0,0,0,17-AUG-2016,
OPTSTK,BHEL,27-Oct-2016,130,PE,0,0,0,3.65,5.1,0,0,0,0,17-AUG-2016,
OPTSTK,BHEL,27-Oct-2016,135,PE,0,0,0,5.05,7.15,0,0,0,0,17-AUG-2016,
OPTSTK,BHEL,27-Oct-2016,140,PE,0,0,0,6.75,9.65,0,0,0,0,17-AUG-2016,
OPTSTK,BHEL,27-Oct-2016,145,PE,0,0,0,8.75,12.5,0,0,0,0,17-AUG-2016,
OPTSTK,BHEL,27-Oct-2016,150,PE,0,0,0,11.15,15.8,0,0,0,0,17-AUG-2016,
OPTSTK,BHEL,27-Oct-2016,155,PE,0,0,0,13.8,19.4,0,0,0,0,17-AUG-2016,
OPTSTK,BHEL,27-Oct-2016,160,PE,0,0,0,16.8,23.25,0,0,0,0,17-AUG-2016,
OPTSTK,BHEL,27-Oct-2016,165,PE,0,0,0,20.1,27.4,0,0,0,0,17-AUG-2016,
OPTSTK,BHEL,27-Oct-2016,170,PE,0,0,0,23.6,31.7,0,0,0,0,17-AUG-2016,
OPTSTK,BHEL,27-Oct-2016,175,PE,0,0,0,27.35,36.2,0,0,0,0,17-AUG-2016,
OPTSTK,BIOCON,25-Aug-2016,460,CE,0,0,0,205.6,384.35,0,0,0,0,17-AUG-2016,
OPTSTK,BIOCON,25-Aug-2016,470,CE,0,0,0,195.8,374.35,0,0,0,0,17-AUG-2016,
OPTSTK,BIOCON,25-Aug-2016,480,CE,0,0,0,186.05,364.4,0,0,0,0,17-AUG-2016,
OPTSTK,BIOCON,25-Aug-2016,490,CE,0,0,0,176.35,354.4,0,0,0,0,17-AUG-2016,
OPTSTK,BIOCON,25-Aug-2016,500,CE,0,0,0,166.7,344.4,0,0,0,0,17-AUG-2016,
OPTSTK,BIOCON,25-Aug-2016,510,CE,0,0,0,157.05,334.45,0,0,0,0,17-AUG-2016,
OPTSTK,BIOCON,25-Aug-2016,520,CE,0,0,0,147.55,324.45,0,0,0,0,17-AUG-2016,
OPTSTK,BIOCON,25-Aug-2016,530,CE,0,0,0,138.15,314.45,0,0,0,0,17-AUG-2016,
OPTSTK,BIOCON,25-Aug-2016,540,CE,0,0,0,128.9,304.5,0,0,0,0,17-AUG-2016,
OPTSTK,BIOCON,25-Aug-2016,550,CE,0,0,0,119.8,294.5,0,0,0,0,17-AUG-2016,
OPTSTK,BIOCON,25-Aug-2016,560,CE,0,0,0,110.9,284.5,0,0,0,0,17-AUG-2016,
OPTSTK,BIOCON,25-Aug-2016,570,CE,0,0,0,102.25,274.5,0,0,0,0,17-AUG-2016,
OPTSTK,BIOCON,25-Aug-2016,580,CE,0,0,0,93.9,264.55,0,0,0,0,17-AUG-2016,
OPTSTK,BIOCON,25-Aug-2016,590,CE,0,0,0,85.8,254.55,0,0,0,0,17-AUG-2016,
OPTSTK,BIOCON,25-Aug-2016,600,CE,0,0,0,224,244.55,0,0,2200,0,17-AUG-2016,
OPTSTK,BIOCON,25-Aug-2016,610,CE,0,0,0,70.75,234.6,0,0,0,0,17-AUG-2016,
OPTSTK,BIOCON,25-Aug-2016,620,CE,0,0,0,63.7,224.6,0,0,0,0,17-AUG-2016,
OPTSTK,BIOCON,25-Aug-2016,630,CE,0,0,0,57.15,214.6,0,0,0,0,17-AUG-2016,
OPTSTK,BIOCON,25-Aug-2016,640,CE,0,0,0,51,204.65,0,0,0,0,17-AUG-2016,
OPTSTK,BIOCON,25-Aug-2016,650,CE,0,0,0,45.3,194.65,0,0,0,0,17-AUG-2016,
OPTSTK,BIOCON,25-Aug-2016,660,CE,0,0,0,40.05,184.65,0,0,0,0,17-AUG-2016,
OPTSTK,BIOCON,25-Aug-2016,670,CE,0,0,0,35.2,174.7,0,0,0,0,17-AUG-2016,
OPTSTK,BIOCON,25-Aug-2016,680,CE,0,0,0,30.8,164.7,0,0,0,0,17-AUG-2016,
OPTSTK,BIOCON,25-Aug-2016,690,CE,0,0,0,34.85,154.7,0,0,1100,0,17-AUG-2016,
OPTSTK,BIOCON,25-Aug-2016,700,CE,0,0,0,132.5,144.75,0,0,14300,0,17-AUG-2016,
OPTSTK,BIOCON,25-Aug-2016,710,CE,0,0,0,31,134.8,0,0,1100,0,17-AUG-2016,
OPTSTK,BIOCON,25-Aug-2016,720,CE,0,0,0,120.05,124.9,0,0,8800,0,17-AUG-2016,
OPTSTK,BIOCON,25-Aug-2016,730,CE,0,0,0,115.15,115.05,0,0,2200,0,17-AUG-2016,
OPTSTK,BIOCON,25-Aug-2016,740,CE,0,0,0,84.95,105.3,0,0,8800,0,17-AUG-2016,
OPTSTK,BIOCON,25-Aug-2016,750,CE,90.65,90.65,90.45,90.45,90.45,7,64.72,20900,-4400,17-AUG-2016,
OPTSTK,BIOCON,25-Aug-2016,760,CE,0,0,0,88.55,86.15,0,0,9900,0,17-AUG-2016,
OPTSTK,BIOCON,25-Aug-2016,770,CE,0,0,0,128.45,76.95,0,0,12100,0,17-AUG-2016,
OPTSTK,BIOCON,25-Aug-2016,780,CE,61.85,61.85,61.85,61.85,61.85,1,9.26,14300,-1100,17-AUG-2016,
OPTSTK,BIOCON,25-Aug-2016,790,CE,0,0,0,47,59.5,0,0,23100,0,17-AUG-2016,
OPTSTK,BIOCON,25-Aug-2016,800,CE,52.6,52.6,47,47,47,2,18.69,45100,0,17-AUG-2016,
OPTSTK,BIOCON,25-Aug-2016,810,CE,0,0,0,35.7,43.9,0,0,2200,0,17-AUG-2016,
OPTSTK,BIOCON,25-Aug-2016,820,CE,30.85,35.35,30.5,33.1,33.1,9,84.42,44000,-6600,17-AUG-2016,
OPTSTK,BIOCON,25-Aug-2016,830,CE,28,28,23,24.95,24.95,7,65.83,34100,-6600,17-AUG-2016,
OPTSTK,BIOCON,25-Aug-2016,840,CE,16,22.9,16,21.05,21.05,31,293.13,86900,-8800,17-AUG-2016,
OPTSTK,BIOCON,25-Aug-2016,850,CE,13,18,12.5,14.95,14.95,76,723.37,118800,4400,17-AUG-2016,
OPTSTK,BIOCON,25-Aug-2016,860,CE,9.25,13.95,9.25,11.4,11.4,69,661.73,136400,2200,17-AUG-2016,
OPTSTK,BIOCON,25-Aug-2016,880,CE,6,8.8,6,6.4,6.4,27,263.44,138600,4400,17-AUG-2016,
OPTSTK,BIOCON,25-Aug-2016,900,CE,4.55,10.3,0.95,3.25,3.25,194,1930.65,414700,-14300,17-AUG-2016,
OPTSTK,BIOCON,25-Aug-2016,920,CE,2.5,3.05,2.3,2.5,2.5,23,233.42,134200,-4400,17-AUG-2016,
OPTSTK,BIOCON,25-Aug-2016,940,CE,1.4,1.85,1.4,1.85,1.85,4,41.43,103400,0,17-AUG-2016,
OPTSTK,BIOCON,25-Aug-2016,960,CE,1.45,1.45,1.45,1.45,1.45,1,10.57,26400,-1100,17-AUG-2016,
OPTSTK,BIOCON,25-Aug-2016,980,CE,0,0,0,2.5,0.3,0,0,14300,0,17-AUG-2016,
OPTSTK,BIOCON,25-Aug-2016,1000,CE,0.8,1.1,0.8,0.95,0.95,16,176.15,95700,-5500,17-AUG-2016,
OPTSTK,BIOCON,25-Aug-2016,460,PE,0,0,0,0.1,0,0,0,0,0,17-AUG-2016,
OPTSTK,BIOCON,25-Aug-2016,470,PE,0,0,0,0.15,0,0,0,0,0,17-AUG-2016,
OPTSTK,BIOCON,25-Aug-2016,480,PE,0,0,0,0.2,0,0,0,0,0,17-AUG-2016,
OPTSTK,BIOCON,25-Aug-2016,490,PE,0,0,0,0.3,0,0,0,0,0,17-AUG-2016,
OPTSTK,BIOCON,25-Aug-2016,500,PE,0,0,0,0.45,0,0,0,0,0,17-AUG-2016,
OPTSTK,BIOCON,25-Aug-2016,510,PE,0,0,0,0.7,0,0,0,0,0,17-AUG-2016,
OPTSTK,BIOCON,25-Aug-2016,520,PE,0,0,0,1,0,0,0,0,0,17-AUG-2016,
OPTSTK,BIOCON,25-Aug-2016,530,PE,0,0,0,1.4,0,0,0,0,0,17-AUG-2016,
OPTSTK,BIOCON,25-Aug-2016,540,PE,0,0,0,1.95,0,0,0,0,0,17-AUG-2016,
OPTSTK,BIOCON,25-Aug-2016,550,PE,0,0,0,2.7,0,0,0,0,0,17-AUG-2016,
OPTSTK,BIOCON,25-Aug-2016,560,PE,0,0,0,3.65,0,0,0,0,0,17-AUG-2016,
OPTSTK,BIOCON,25-Aug-2016,570,PE,0,0,0,4.8,0,0,0,0,0,17-AUG-2016,
OPTSTK,BIOCON,25-Aug-2016,580,PE,0,0,0,0.5,0,0,0,0,0,17-AUG-2016,
OPTSTK,BIOCON,25-Aug-2016,590,PE,0,0,0,8,0,0,0,0,0,17-AUG-2016,
OPTSTK,BIOCON,25-Aug-2016,600,PE,0,0,0,10.1,0,0,0,0,0,17-AUG-2016,
OPTSTK,BIOCON,25-Aug-2016,610,PE,0,0,0,12.55,0,0,0,0,0,17-AUG-2016,
OPTSTK,BIOCON,25-Aug-2016,620,PE,0,0,0,15.35,0,0,0,0,0,17-AUG-2016,
OPTSTK,BIOCON,25-Aug-2016,630,PE,0,0,0,18.6,0,0,0,0,0,17-AUG-2016,
OPTSTK,BIOCON,25-Aug-2016,640,PE,0,0,0,22.3,0,0,0,0,0,17-AUG-2016,
OPTSTK,BIOCON,25-Aug-2016,650,PE,0,0,0,7,0,0,0,0,0,17-AUG-2016,
OPTSTK,BIOCON,25-Aug-2016,660,PE,0,0,0,1,0,0,0,3300,0,17-AUG-2016,
OPTSTK,BIOCON,25-Aug-2016,670,PE,0,0,0,0.5,0,0,0,3300,0,17-AUG-2016,
OPTSTK,BIOCON,25-Aug-2016,680,PE,0,0,0,3,0.05,0,0,3300,0,17-AUG-2016,
OPTSTK,BIOCON,25-Aug-2016,690,PE,0,0,0,9.9,0.05,0,0,2200,0,17-AUG-2016,
OPTSTK,BIOCON,25-Aug-2016,700,PE,0,0,0,0.55,0.05,0,0,59400,0,17-AUG-2016,
OPTSTK,BIOCON,25-Aug-2016,710,PE,0.5,0.5,0.5,0.5,0.5,1,7.81,7700,0,17-AUG-2016,
OPTSTK,BIOCON,25-Aug-2016,720,PE,0,0,0,0.2,0.2,0,0,14300,0,17-AUG-2016,
OPTSTK,BIOCON,25-Aug-2016,730,PE,0,0,0,2,0.3,0,0,3300,0,17-AUG-2016,
OPTSTK,BIOCON,25-Aug-2016,740,PE,0,0,0,1,0.5,0,0,9900,0,17-AUG-2016,
OPTSTK,BIOCON,25-Aug-2016,750,PE,0.4,0.95,0.4,0.55,0.55,7,57.79,49500,-1100,17-AUG-2016,
OPTSTK,BIOCON,25-Aug-2016,760,PE,0.8,1.5,0.8,1.5,1.5,6,50.22,40700,-6600,17-AUG-2016,
OPTSTK,BIOCON,25-Aug-2016,770,PE,1.05,1.05,1.05,1.05,1.05,1,8.48,5500,-1100,17-AUG-2016,
OPTSTK,BIOCON,25-Aug-2016,780,PE,2.8,2.8,1.95,1.95,1.95,2,17.21,45100,-1100,17-AUG-2016,
OPTSTK,BIOCON,25-Aug-2016,790,PE,0,0,0,2.35,4.65,0,0,19800,0,17-AUG-2016,
OPTSTK,BIOCON,25-Aug-2016,800,PE,3.3,3.55,2.55,3.1,3.1,18,159,117700,-3300,17-AUG-2016,
OPTSTK,BIOCON,25-Aug-2016,810,PE,4.5,4.5,4.5,4.5,4.5,1,8.95,34100,0,17-AUG-2016,
OPTSTK,BIOCON,25-Aug-2016,820,PE,8.75,8.75,5.9,6.85,6.85,22,200.09,77000,-8800,17-AUG-2016,
OPTSTK,BIOCON,25-Aug-2016,830,PE,11.35,11.35,9.45,9.7,9.7,4,36.97,33000,0,17-AUG-2016,
OPTSTK,BIOCON,25-Aug-2016,840,PE,13.5,17,13,14.05,14.05,16,150.45,46200,-3300,17-AUG-2016,
OPTSTK,BIOCON,25-Aug-2016,850,PE,19.05,19.45,19,19.3,19.3,5,47.8,29700,0,17-AUG-2016,
OPTSTK,BIOCON,25-Aug-2016,860,PE,0,0,0,31,31.25,0,0,34100,0,17-AUG-2016,
OPTSTK,BIOCON,25-Aug-2016,880,PE,41.6,43.4,41.3,43.15,43.15,7,71.01,57200,0,17-AUG-2016,
OPTSTK,BIOCON,25-Aug-2016,900,PE,59.9,59.9,57.85,58.9,58.9,2,21.09,9900,0,17-AUG-2016,
OPTSTK,BIOCON,25-Aug-2016,920,PE,78.1,78.4,76.3,77.9,77.9,7,76.83,12100,0,17-AUG-2016,
OPTSTK,BIOCON,25-Aug-2016,940,PE,0,0,0,178.55,96.45,0,0,0,0,17-AUG-2016,
OPTSTK,BIOCON,25-Aug-2016,960,PE,0,0,0,196.8,115.6,0,0,0,0,17-AUG-2016,
OPTSTK,BIOCON,25-Aug-2016,980,PE,0,0,0,229.7,135.2,0,0,0,0,17-AUG-2016,
OPTSTK,BIOCON,25-Aug-2016,1000,PE,0,0,0,249,155,0,0,0,0,17-AUG-2016,
OPTSTK,BIOCON,29-Sep-2016,460,CE,0,0,0,289.45,387.4,0,0,0,0,17-AUG-2016,
OPTSTK,BIOCON,29-Sep-2016,480,CE,0,0,0,269.95,367.55,0,0,0,0,17-AUG-2016,
OPTSTK,BIOCON,29-Sep-2016,500,CE,0,0,0,250.55,347.75,0,0,0,0,17-AUG-2016,
OPTSTK,BIOCON,29-Sep-2016,520,CE,0,0,0,231.35,327.9,0,0,0,0,17-AUG-2016,
OPTSTK,BIOCON,29-Sep-2016,540,CE,0,0,0,212.4,308.1,0,0,0,0,17-AUG-2016,
OPTSTK,BIOCON,29-Sep-2016,560,CE,0,0,0,193.8,288.35,0,0,0,0,17-AUG-2016,
OPTSTK,BIOCON,29-Sep-2016,580,CE,0,0,0,175.7,268.6,0,0,0,0,17-AUG-2016,
OPTSTK,BIOCON,29-Sep-2016,600,CE,0,0,0,158.2,249.05,0,0,0,0,17-AUG-2016,
OPTSTK,BIOCON,29-Sep-2016,620,CE,0,0,0,141.4,229.6,0,0,0,0,17-AUG-2016,
OPTSTK,BIOCON,29-Sep-2016,640,CE,0,0,0,125.5,210.4,0,0,0,0,17-AUG-2016,
OPTSTK,BIOCON,29-Sep-2016,660,CE,0,0,0,110.55,191.6,0,0,0,0,17-AUG-2016,
OPTSTK,BIOCON,29-Sep-2016,680,CE,0,0,0,96.55,173.25,0,0,0,0,17-AUG-2016,
OPTSTK,BIOCON,29-Sep-2016,700,CE,0,0,0,83.75,155.5,0,0,0,0,17-AUG-2016,
OPTSTK,BIOCON,29-Sep-2016,720,CE,0,0,0,72.1,138.45,0,0,0,0,17-AUG-2016,
OPTSTK,BIOCON,29-Sep-2016,740,CE,0,0,0,61.6,122.3,0,0,0,0,17-AUG-2016,
OPTSTK,BIOCON,29-Sep-2016,760,CE,0,0,0,52.25,107.1,0,0,0,0,17-AUG-2016,
OPTSTK,BIOCON,29-Sep-2016,780,CE,0,0,0,44,92.95,0,0,0,0,17-AUG-2016,
OPTSTK,BIOCON,29-Sep-2016,800,CE,0,0,0,36.8,80,0,0,0,0,17-AUG-2016,
OPTSTK,BIOCON,29-Sep-2016,820,CE,0,0,0,30.55,68.25,0,0,0,0,17-AUG-2016,
OPTSTK,BIOCON,29-Sep-2016,840,CE,43.25,43.25,43.25,43.25,43.25,1,9.71,1100,0,17-AUG-2016,
OPTSTK,BIOCON,29-Sep-2016,860,CE,0,0,0,31.15,48.4,0,0,2200,0,17-AUG-2016,
OPTSTK,BIOCON,29-Sep-2016,880,CE,0,0,0,30.6,40.2,0,0,1100,0,17-AUG-2016,
OPTSTK,BIOCON,29-Sep-2016,900,CE,19.85,19.85,19.85,19.85,19.85,1,10.11,18700,0,17-AUG-2016,
OPTSTK,BIOCON,29-Sep-2016,920,CE,0,0,0,20,27.1,0,0,2200,0,17-AUG-2016,
OPTSTK,BIOCON,29-Sep-2016,940,CE,11.5,11.5,9,9,9,13,135.99,11000,9900,17-AUG-2016,
OPTSTK,BIOCON,29-Sep-2016,960,CE,0,0,0,16,17.7,0,0,1100,0,17-AUG-2016,
OPTSTK,BIOCON,29-Sep-2016,980,CE,0,0,0,5.6,14.15,0,0,0,0,17-AUG-2016,
OPTSTK,BIOCON,29-Sep-2016,1000,CE,0,0,0,4.45,11.2,0,0,0,0,17-AUG-2016,
OPTSTK,BIOCON,29-Sep-2016,460,PE,0,0,0,0.15,0,0,0,0,0,17-AUG-2016,
OPTSTK,BIOCON,29-Sep-2016,480,PE,0,0,0,0.3,0,0,0,0,0,17-AUG-2016,
OPTSTK,BIOCON,29-Sep-2016,500,PE,0,0,0,0.55,0.05,0,0,0,0,17-AUG-2016,
OPTSTK,BIOCON,29-Sep-2016,520,PE,0,0,0,0.95,0.05,0,0,0,0,17-AUG-2016,
OPTSTK,BIOCON,29-Sep-2016,540,PE,0,0,0,1.65,0.1,0,0,0,0,17-AUG-2016,
OPTSTK,BIOCON,29-Sep-2016,560,PE,0,0,0,2.7,0.15,0,0,0,0,17-AUG-2016,
OPTSTK,BIOCON,29-Sep-2016,580,PE,0,0,0,4.25,0.3,0,0,0,0,17-AUG-2016,
OPTSTK,BIOCON,29-Sep-2016,600,PE,0,0,0,6.4,0.5,0,0,0,0,17-AUG-2016,
OPTSTK,BIOCON,29-Sep-2016,620,PE,0,0,0,9.25,0.95,0,0,0,0,17-AUG-2016,
OPTSTK,BIOCON,29-Sep-2016,640,PE,0,0,0,12.95,1.6,0,0,0,0,17-AUG-2016,
OPTSTK,BIOCON,29-Sep-2016,660,PE,0,0,0,17.65,2.6,0,0,0,0,17-AUG-2016,
OPTSTK,BIOCON,29-Sep-2016,680,PE,0,0,0,23.35,4.1,0,0,0,0,17-AUG-2016,
OPTSTK,BIOCON,29-Sep-2016,700,PE,0,0,0,30.2,6.15,0,0,0,0,17-AUG-2016,
OPTSTK,BIOCON,29-Sep-2016,720,PE,0,0,0,38.2,8.95,0,0,0,0,17-AUG-2016,
OPTSTK,BIOCON,29-Sep-2016,740,PE,0,0,0,47.35,12.65,0,0,0,0,17-AUG-2016,
OPTSTK,BIOCON,29-Sep-2016,760,PE,0,0,0,16,17.3,0,0,1100,0,17-AUG-2016,
OPTSTK,BIOCON,29-Sep-2016,780,PE,0,0,0,12.75,23,0,0,3300,0,17-AUG-2016,
OPTSTK,BIOCON,29-Sep-2016,800,PE,15.5,15.5,15.5,15.5,15.5,1,8.97,5500,1100,17-AUG-2016,
OPTSTK,BIOCON,29-Sep-2016,820,PE,0,0,0,94.85,37.95,0,0,0,0,17-AUG-2016,
OPTSTK,BIOCON,29-Sep-2016,840,PE,0,0,0,109.2,47.25,0,0,0,0,17-AUG-2016,
OPTSTK,BIOCON,29-Sep-2016,860,PE,0,0,0,124.35,57.75,0,0,0,0,17-AUG-2016,
OPTSTK,BIOCON,29-Sep-2016,880,PE,0,0,0,140.15,69.45,0,0,0,0,17-AUG-2016,
OPTSTK,BIOCON,29-Sep-2016,900,PE,0,0,0,156.6,82.2,0,0,0,0,17-AUG-2016,
OPTSTK,BIOCON,29-Sep-2016,920,PE,0,0,0,173.6,96,0,0,0,0,17-AUG-2016,
OPTSTK,BIOCON,29-Sep-2016,940,PE,0,0,0,191.05,110.75,0,0,0,0,17-AUG-2016,
OPTSTK,BIOCON,29-Sep-2016,960,PE,0,0,0,208.9,126.25,0,0,0,0,17-AUG-2016,
OPTSTK,BIOCON,29-Sep-2016,980,PE,0,0,0,227.1,142.55,0,0,0,0,17-AUG-2016,
OPTSTK,BIOCON,29-Sep-2016,1000,PE,0,0,0,245.55,159.45,0,0,0,0,17-AUG-2016,
OPTSTK,BIOCON,27-Oct-2016,500,CE,0,0,0,338.6,350.5,0,0,0,0,17-AUG-2016,
OPTSTK,BIOCON,27-Oct-2016,520,CE,0,0,0,320.7,330.9,0,0,0,0,17-AUG-2016,
OPTSTK,BIOCON,27-Oct-2016,540,CE,0,0,0,303.2,311.4,0,0,0,0,17-AUG-2016,
OPTSTK,BIOCON,27-Oct-2016,560,CE,0,0,0,286.15,292,0,0,0,0,17-AUG-2016,
OPTSTK,BIOCON,27-Oct-2016,580,CE,0,0,0,269.55,272.85,0,0,0,0,17-AUG-2016,
OPTSTK,BIOCON,27-Oct-2016,600,CE,0,0,0,253.5,253.9,0,0,0,0,17-AUG-2016,
OPTSTK,BIOCON,27-Oct-2016,620,CE,0,0,0,238,235.3,0,0,0,0,17-AUG-2016,
OPTSTK,BIOCON,27-Oct-2016,640,CE,0,0,0,223.1,217.15,0,0,0,0,17-AUG-2016,
OPTSTK,BIOCON,27-Oct-2016,660,CE,0,0,0,208.75,199.45,0,0,0,0,17-AUG-2016,
OPTSTK,BIOCON,27-Oct-2016,680,CE,0,0,0,195,182.35,0,0,0,0,17-AUG-2016,
OPTSTK,BIOCON,27-Oct-2016,700,CE,0,0,0,181.9,165.9,0,0,0,0,17-AUG-2016,
OPTSTK,BIOCON,27-Oct-2016,720,CE,0,0,0,169.4,150.25,0,0,0,0,17-AUG-2016,
OPTSTK,BIOCON,27-Oct-2016,740,CE,0,0,0,157.6,135.4,0,0,0,0,17-AUG-2016,
OPTSTK,BIOCON,27-Oct-2016,760,CE,0,0,0,146.4,121.4,0,0,0,0,17-AUG-2016,
OPTSTK,BIOCON,27-Oct-2016,780,CE,0,0,0,135.8,108.25,0,0,0,0,17-AUG-2016,
OPTSTK,BIOCON,27-Oct-2016,800,CE,0,0,0,125.8,96.15,0,0,0,0,17-AUG-2016,
OPTSTK,BIOCON,27-Oct-2016,820,CE,0,0,0,116.45,84.95,0,0,0,0,17-AUG-2016,
OPTSTK,BIOCON,27-Oct-2016,840,CE,0,0,0,107.65,74.7,0,0,0,0,17-AUG-2016,
OPTSTK,BIOCON,27-Oct-2016,860,CE,0,0,0,99.4,65.4,0,0,0,0,17-AUG-2016,
OPTSTK,BIOCON,27-Oct-2016,880,CE,0,0,0,91.7,57,0,0,0,0,17-AUG-2016,
OPTSTK,BIOCON,27-Oct-2016,900,CE,0,0,0,84.5,49.45,0,0,0,0,17-AUG-2016,
OPTSTK,BIOCON,27-Oct-2016,920,CE,0,0,0,77.8,42.7,0,0,0,0,17-AUG-2016,
OPTSTK,BIOCON,27-Oct-2016,940,CE,0,0,0,71.55,36.75,0,0,0,0,17-AUG-2016,
OPTSTK,BIOCON,27-Oct-2016,960,CE,0,0,0,65.8,31.55,0,0,0,0,17-AUG-2016,
OPTSTK,BIOCON,27-Oct-2016,980,CE,0,0,0,60.4,26.95,0,0,0,0,17-AUG-2016,
OPTSTK,BIOCON,27-Oct-2016,1000,CE,0,0,0,55.5,22.9,0,0,0,0,17-AUG-2016,
OPTSTK,BIOCON,27-Oct-2016,500,PE,0,0,0,5.2,0.15,0,0,0,0,17-AUG-2016,
OPTSTK,BIOCON,27-Oct-2016,520,PE,0,0,0,6.95,0.3,0,0,0,0,17-AUG-2016,
OPTSTK,BIOCON,27-Oct-2016,540,PE,0,0,0,9.1,0.55,0,0,0,0,17-AUG-2016,
OPTSTK,BIOCON,27-Oct-2016,560,PE,0,0,0,11.7,0.9,0,0,0,0,17-AUG-2016,
OPTSTK,BIOCON,27-Oct-2016,580,PE,0,0,0,14.8,1.45,0,0,0,0,17-AUG-2016,
OPTSTK,BIOCON,27-Oct-2016,600,PE,0,0,0,18.4,2.25,0,0,0,0,17-AUG-2016,
OPTSTK,BIOCON,27-Oct-2016,620,PE,0,0,0,22.55,3.4,0,0,0,0,17-AUG-2016,
OPTSTK,BIOCON,27-Oct-2016,640,PE,0,0,0,27.3,4.95,0,0,0,0,17-AUG-2016,
OPTSTK,BIOCON,27-Oct-2016,660,PE,0,0,0,32.6,7,0,0,0,0,17-AUG-2016,
OPTSTK,BIOCON,27-Oct-2016,680,PE,0,0,0,38.55,9.65,0,0,0,0,17-AUG-2016,
OPTSTK,BIOCON,27-Oct-2016,700,PE,0,0,0,45.1,12.95,0,0,0,0,17-AUG-2016,
OPTSTK,BIOCON,27-Oct-2016,720,PE,0,0,0,52.25,17,0,0,0,0,17-AUG-2016,
OPTSTK,BIOCON,27-Oct-2016,740,PE,0,0,0,60.05,21.9,0,0,0,0,17-AUG-2016,
OPTSTK,BIOCON,27-Oct-2016,760,PE,0,0,0,68.5,27.6,0,0,0,0,17-AUG-2016,
OPTSTK,BIOCON,27-Oct-2016,780,PE,0,0,0,77.6,34.2,0,0,0,0,17-AUG-2016,
OPTSTK,BIOCON,27-Oct-2016,800,PE,0,0,0,87.25,41.8,0,0,0,0,17-AUG-2016,
OPTSTK,BIOCON,27-Oct-2016,820,PE,0,0,0,97.55,50.35,0,0,0,0,17-AUG-2016,
OPTSTK,BIOCON,27-Oct-2016,840,PE,0,0,0,108.4,59.85,0,0,0,0,17-AUG-2016,
OPTSTK,BIOCON,27-Oct-2016,860,PE,0,0,0,119.8,70.3,0,0,0,0,17-AUG-2016,
OPTSTK,BIOCON,27-Oct-2016,880,PE,0,0,0,131.75,81.6,0,0,0,0,17-AUG-2016,
OPTSTK,BIOCON,27-Oct-2016,900,PE,0,0,0,144.25,93.8,0,0,0,0,17-AUG-2016,
OPTSTK,BIOCON,27-Oct-2016,920,PE,0,0,0,157.2,106.8,0,0,0,0,17-AUG-2016,
OPTSTK,BIOCON,27-Oct-2016,940,PE,0,0,0,170.6,120.55,0,0,0,0,17-AUG-2016,
OPTSTK,BIOCON,27-Oct-2016,960,PE,0,0,0,184.5,135.1,0,0,0,0,17-AUG-2016,
OPTSTK,BIOCON,27-Oct-2016,980,PE,0,0,0,198.8,150.2,0,0,0,0,17-AUG-2016,
OPTSTK,BIOCON,27-Oct-2016,1000,PE,0,0,0,213.5,165.9,0,0,0,0,17-AUG-2016,
OPTSTK,BOSCHLTD,25-Aug-2016,20450,CE,0,0,0,1469.6,3555.7,0,0,0,0,17-AUG-2016,
OPTSTK,BOSCHLTD,25-Aug-2016,20500,CE,0,0,0,1851.15,3505.8,0,0,0,0,17-AUG-2016,
OPTSTK,BOSCHLTD,25-Aug-2016,20550,CE,0,0,0,1818.9,3455.85,0,0,0,0,17-AUG-2016,
OPTSTK,BOSCHLTD,25-Aug-2016,20600,CE,0,0,0,1787,3405.95,0,0,0,0,17-AUG-2016,
OPTSTK,BOSCHLTD,25-Aug-2016,20650,CE,0,0,0,1755.4,3356,0,0,0,0,17-AUG-2016,
OPTSTK,BOSCHLTD,25-Aug-2016,20700,CE,0,0,0,1724.2,3306.1,0,0,0,0,17-AUG-2016,
OPTSTK,BOSCHLTD,25-Aug-2016,20750,CE,0,0,0,1693.35,3256.2,0,0,0,0,17-AUG-2016,
OPTSTK,BOSCHLTD,25-Aug-2016,20800,CE,0,0,0,2328.3,3206.25,0,0,0,0,17-AUG-2016,
OPTSTK,BOSCHLTD,25-Aug-2016,20850,CE,0,0,0,2298.65,3156.35,0,0,0,0,17-AUG-2016,
OPTSTK,BOSCHLTD,25-Aug-2016,20900,CE,0,0,0,2269.3,3106.45,0,0,0,0,17-AUG-2016,
OPTSTK,BOSCHLTD,25-Aug-2016,20950,CE,0,0,0,2240.15,3056.5,0,0,0,0,17-AUG-2016,
OPTSTK,BOSCHLTD,25-Aug-2016,21000,CE,0,0,0,2211.25,3006.6,0,0,0,0,17-AUG-2016,
OPTSTK,BOSCHLTD,25-Aug-2016,21050,CE,0,0,0,2182.6,2956.7,0,0,0,0,17-AUG-2016,
OPTSTK,BOSCHLTD,25-Aug-2016,21100,CE,0,0,0,2154.2,2906.8,0,0,0,0,17-AUG-2016,
OPTSTK,BOSCHLTD,25-Aug-2016,21150,CE,0,0,0,2126.1,2856.9,0,0,0,0,17-AUG-2016,
OPTSTK,BOSCHLTD,25-Aug-2016,21200,CE,0,0,0,2098.2,2807,0,0,0,0,17-AUG-2016,
OPTSTK,BOSCHLTD,25-Aug-2016,21250,CE,0,0,0,2070.55,2757.1,0,0,0,0,17-AUG-2016,
OPTSTK,BOSCHLTD,25-Aug-2016,21300,CE,0,0,0,2043.15,2707.25,0,0,0,0,17-AUG-2016,
OPTSTK,BOSCHLTD,25-Aug-2016,21350,CE,0,0,0,2016,2657.4,0,0,0,0,17-AUG-2016,
OPTSTK,BOSCHLTD,25-Aug-2016,21400,CE,0,0,0,1989.1,2607.55,0,0,0,0,17-AUG-2016,
OPTSTK,BOSCHLTD,25-Aug-2016,21450,CE,0,0,0,1962.5,2557.7,0,0,0,0,17-AUG-2016,
OPTSTK,BOSCHLTD,25-Aug-2016,21500,CE,0,0,0,1936.1,2507.9,0,0,0,0,17-AUG-2016,
OPTSTK,BOSCHLTD,25-Aug-2016,21550,CE,0,0,0,1909.95,2458.1,0,0,0,0,17-AUG-2016,
OPTSTK,BOSCHLTD,25-Aug-2016,21600,CE,0,0,0,1884.05,2408.35,0,0,0,0,17-AUG-2016,
OPTSTK,BOSCHLTD,25-Aug-2016,21650,CE,0,0,0,1858.4,2358.65,0,0,0,0,17-AUG-2016,
OPTSTK,BOSCHLTD,25-Aug-2016,21700,CE,0,0,0,1833,2308.95,0,0,0,0,17-AUG-2016,
OPTSTK,BOSCHLTD,25-Aug-2016,21750,CE,0,0,0,1807.85,2259.3,0,0,0,0,17-AUG-2016,
OPTSTK,BOSCHLTD,25-Aug-2016,21800,CE,0,0,0,1782.95,2209.7,0,0,0,0,17-AUG-2016,
OPTSTK,BOSCHLTD,25-Aug-2016,21850,CE,0,0,0,1758.2,2160.15,0,0,0,0,17-AUG-2016,
OPTSTK,BOSCHLTD,25-Aug-2016,21900,CE,0,0,0,1733.75,2110.7,0,0,0,0,17-AUG-2016,
OPTSTK,BOSCHLTD,25-Aug-2016,21950,CE,0,0,0,1709.6,2061.3,0,0,0,0,17-AUG-2016,
OPTSTK,BOSCHLTD,25-Aug-2016,22000,CE,0,0,0,1685.7,2012,0,0,0,0,17-AUG-2016,
OPTSTK,BOSCHLTD,25-Aug-2016,22050,CE,0,0,0,1662,1962.8,0,0,0,0,17-AUG-2016,
OPTSTK,BOSCHLTD,25-Aug-2016,22100,CE,0,0,0,1638.55,1913.7,0,0,0,0,17-AUG-2016,
OPTSTK,BOSCHLTD,25-Aug-2016,22150,CE,0,0,0,1615.35,1864.75,0,0,0,0,17-AUG-2016,
OPTSTK,BOSCHLTD,25-Aug-2016,22200,CE,0,0,0,1592.4,1815.95,0,0,0,0,17-AUG-2016,
OPTSTK,BOSCHLTD,25-Aug-2016,22250,CE,0,0,0,1569.7,1767.25,0,0,0,0,17-AUG-2016,
OPTSTK,BOSCHLTD,25-Aug-2016,22300,CE,0,0,0,1547.2,1718.8,0,0,0,0,17-AUG-2016,
OPTSTK,BOSCHLTD,25-Aug-2016,22350,CE,0,0,0,1525,1670.5,0,0,0,0,17-AUG-2016,
OPTSTK,BOSCHLTD,25-Aug-2016,22400,CE,0,0,0,1503,1622.45,0,0,0,0,17-AUG-2016,
OPTSTK,BOSCHLTD,25-Aug-2016,22450,CE,0,0,0,1481.2,1574.65,0,0,0,0,17-AUG-2016,
OPTSTK,BOSCHLTD,25-Aug-2016,22500,CE,0,0,0,1459.7,1527.1,0,0,0,0,17-AUG-2016,
OPTSTK,BOSCHLTD,25-Aug-2016,22550,CE,0,0,0,1438.4,1479.85,0,0,0,0,17-AUG-2016,
OPTSTK,BOSCHLTD,25-Aug-2016,22600,CE,0,0,0,1417.35,1432.9,0,0,0,0,17-AUG-2016,
OPTSTK,BOSCHLTD,25-Aug-2016,22650,CE,0,0,0,1396.55,1386.3,0,0,0,0,17-AUG-2016,
OPTSTK,BOSCHLTD,25-Aug-2016,22700,CE,0,0,0,1375.95,1340.1,0,0,0,0,17-AUG-2016,
OPTSTK,BOSCHLTD,25-Aug-2016,22750,CE,0,0,0,1355.6,1294.35,0,0,0,0,17-AUG-2016,
OPTSTK,BOSCHLTD,25-Aug-2016,22800,CE,0,0,0,1335.45,1249,0,0,0,0,17-AUG-2016,
OPTSTK,BOSCHLTD,25-Aug-2016,22850,CE,0,0,0,1303.65,1204.15,0,0,0,0,17-AUG-2016,
OPTSTK,BOSCHLTD,25-Aug-2016,22900,CE,0,0,0,1283.45,1159.75,0,0,0,0,17-AUG-2016,
OPTSTK,BOSCHLTD,25-Aug-2016,22950,CE,0,0,0,1263.45,1115.95,0,0,0,0,17-AUG-2016,
OPTSTK,BOSCHLTD,25-Aug-2016,23000,CE,0,0,0,1999.95,1072.75,0,0,100,0,17-AUG-2016,
OPTSTK,BOSCHLTD,25-Aug-2016,23050,CE,0,0,0,1315.55,1030.1,0,0,0,0,17-AUG-2016,
OPTSTK,BOSCHLTD,25-Aug-2016,23100,CE,0,0,0,1294.95,988.15,0,0,0,0,17-AUG-2016,
OPTSTK,BOSCHLTD,25-Aug-2016,23150,CE,0,0,0,1274.65,946.9,0,0,0,0,17-AUG-2016,
OPTSTK,BOSCHLTD,25-Aug-2016,23200,CE,0,0,0,1254.6,906.35,0,0,0,0,17-AUG-2016,
OPTSTK,BOSCHLTD,25-Aug-2016,23250,CE,0,0,0,1244.55,866.55,0,0,0,0,17-AUG-2016,
OPTSTK,BOSCHLTD,25-Aug-2016,23300,CE,0,0,0,1224.4,827.55,0,0,0,0,17-AUG-2016,
OPTSTK,BOSCHLTD,25-Aug-2016,23350,CE,0,0,0,1204.45,789.35,0,0,0,0,17-AUG-2016,
OPTSTK,BOSCHLTD,25-Aug-2016,23400,CE,0,0,0,1143.65,752.9,0,0,0,0,17-AUG-2016,
OPTSTK,BOSCHLTD,25-Aug-2016,23450,CE,0,0,0,1123.1,715.4,0,0,0,0,17-AUG-2016,
OPTSTK,BOSCHLTD,25-Aug-2016,23500,CE,0,0,0,1102.9,679.9,0,0,0,0,17-AUG-2016,
OPTSTK,BOSCHLTD,25-Aug-2016,23550,CE,0,0,0,1082.9,645.35,0,0,0,0,17-AUG-2016,
OPTSTK,BOSCHLTD,25-Aug-2016,23600,CE,0,0,0,1063.2,611.7,0,0,0,0,17-AUG-2016,
OPTSTK,BOSCHLTD,25-Aug-2016,23650,CE,0,0,0,1043.8,579.1,0,0,0,0,17-AUG-2016,
OPTSTK,BOSCHLTD,25-Aug-2016,23700,CE,0,0,0,1024.65,547.45,0,0,0,0,17-AUG-2016,
OPTSTK,BOSCHLTD,25-Aug-2016,23750,CE,0,0,0,797.55,516.9,0,0,0,0,17-AUG-2016,
OPTSTK,BOSCHLTD,25-Aug-2016,23800,CE,0,0,0,732.6,487.3,0,0,0,0,17-AUG-2016,
OPTSTK,BOSCHLTD,25-Aug-2016,23850,CE,0,0,0,1002.4,458.8,0,0,0,0,17-AUG-2016,
OPTSTK,BOSCHLTD,25-Aug-2016,23900,CE,0,0,0,980.8,431.35,0,0,0,0,17-AUG-2016,
OPTSTK,BOSCHLTD,25-Aug-2016,23950,CE,0,0,0,959.55,404.95,0,0,0,0,17-AUG-2016,
OPTSTK,BOSCHLTD,25-Aug-2016,24000,CE,0,0,0,416.4,379.5,0,0,100,0,17-AUG-2016,
OPTSTK,BOSCHLTD,25-Aug-2016,24050,CE,0,0,0,918,355.25,0,0,0,0,17-AUG-2016,
OPTSTK,BOSCHLTD,25-Aug-2016,24100,CE,0,0,0,897.75,332,0,0,0,0,17-AUG-2016,
OPTSTK,BOSCHLTD,25-Aug-2016,24150,CE,0,0,0,877.8,309.85,0,0,0,0,17-AUG-2016,
OPTSTK,BOSCHLTD,25-Aug-2016,24200,CE,0,0,0,858.2,288.7,0,0,0,0,17-AUG-2016,
OPTSTK,BOSCHLTD,25-Aug-2016,24250,CE,0,0,0,965.65,268.6,0,0,100,0,17-AUG-2016,
OPTSTK,BOSCHLTD,25-Aug-2016,24300,CE,0,0,0,820,249.5,0,0,0,0,17-AUG-2016,
OPTSTK,BOSCHLTD,25-Aug-2016,24350,CE,0,0,0,801.35,231.4,0,0,0,0,17-AUG-2016,
OPTSTK,BOSCHLTD,25-Aug-2016,24400,CE,0,0,0,783.05,214.3,0,0,0,0,17-AUG-2016,
OPTSTK,BOSCHLTD,25-Aug-2016,24450,CE,0,0,0,748.2,198.1,0,0,0,0,17-AUG-2016,
OPTSTK,BOSCHLTD,25-Aug-2016,24500,CE,0,0,0,820.75,182.85,0,0,0,0,17-AUG-2016,
OPTSTK,BOSCHLTD,25-Aug-2016,24550,CE,0,0,0,800.35,168.5,0,0,0,0,17-AUG-2016,
OPTSTK,BOSCHLTD,25-Aug-2016,24600,CE,0,0,0,780.3,155.05,0,0,0,0,17-AUG-2016,
OPTSTK,BOSCHLTD,25-Aug-2016,24650,CE,0,0,0,760.65,143.5,0,0,0,0,17-AUG-2016,
OPTSTK,BOSCHLTD,25-Aug-2016,24700,CE,0,0,0,741.3,130.8,0,0,0,0,17-AUG-2016,
OPTSTK,BOSCHLTD,25-Aug-2016,24750,CE,0,0,0,722.4,119.75,0,0,0,0,17-AUG-2016,
OPTSTK,BOSCHLTD,25-Aug-2016,24800,CE,0,0,0,257.1,109.45,0,0,0,0,17-AUG-2016,
OPTSTK,BOSCHLTD,25-Aug-2016,24850,CE,0,0,0,685.6,99.9,0,0,0,0,17-AUG-2016,
OPTSTK,BOSCHLTD,25-Aug-2016,24900,CE,0,0,0,667.7,91.05,0,0,0,0,17-AUG-2016,
OPTSTK,BOSCHLTD,25-Aug-2016,24950,CE,0,0,0,659.3,82.8,0,0,0,0,17-AUG-2016,
OPTSTK,BOSCHLTD,25-Aug-2016,25000,CE,0,0,0,177.3,75.2,0,0,350,0,17-AUG-2016,
OPTSTK,BOSCHLTD,25-Aug-2016,25050,CE,0,0,0,623.95,68.15,0,0,0,0,17-AUG-2016,
OPTSTK,BOSCHLTD,25-Aug-2016,25100,CE,0,0,0,732.3,61.65,0,0,0,0,17-AUG-2016,
OPTSTK,BOSCHLTD,25-Aug-2016,25150,CE,0,0,0,712.9,55.7,0,0,0,0,17-AUG-2016,
OPTSTK,BOSCHLTD,25-Aug-2016,25200,CE,0,0,0,693.85,50.25,0,0,0,0,17-AUG-2016,
OPTSTK,BOSCHLTD,25-Aug-2016,25250,CE,0,0,0,675.2,45.25,0,0,0,0,17-AUG-2016,
OPTSTK,BOSCHLTD,25-Aug-2016,25300,CE,0,0,0,656.95,40.65,0,0,0,0,17-AUG-2016,
OPTSTK,BOSCHLTD,25-Aug-2016,25350,CE,0,0,0,639.05,36.45,0,0,0,0,17-AUG-2016,
OPTSTK,BOSCHLTD,25-Aug-2016,25400,CE,0,0,0,621.55,32.65,0,0,0,0,17-AUG-2016,
OPTSTK,BOSCHLTD,25-Aug-2016,25450,CE,0,0,0,819.5,29.2,0,0,0,0,17-AUG-2016,
OPTSTK,BOSCHLTD,25-Aug-2016,25500,CE,0,0,0,580,26.05,0,0,200,0,17-AUG-2016,
OPTSTK,BOSCHLTD,25-Aug-2016,25550,CE,0,0,0,778.5,23.2,0,0,0,0,17-AUG-2016,
OPTSTK,BOSCHLTD,25-Aug-2016,25600,CE,0,0,0,450,20.65,0,0,0,0,17-AUG-2016,
OPTSTK,BOSCHLTD,25-Aug-2016,25650,CE,0,0,0,739.05,18.35,0,0,0,0,17-AUG-2016,
OPTSTK,BOSCHLTD,25-Aug-2016,25700,CE,0,0,0,500,16.25,0,0,50,0,17-AUG-2016,
OPTSTK,BOSCHLTD,25-Aug-2016,25750,CE,0,0,0,701.05,14.4,0,0,0,0,17-AUG-2016,
OPTSTK,BOSCHLTD,25-Aug-2016,25800,CE,0,0,0,682.6,12.7,0,0,0,0,17-AUG-2016,
OPTSTK,BOSCHLTD,25-Aug-2016,25850,CE,0,0,0,664.5,11.2,0,0,0,0,17-AUG-2016,
OPTSTK,BOSCHLTD,25-Aug-2016,25900,CE,0,0,0,646.8,9.85,0,0,0,0,17-AUG-2016,
OPTSTK,BOSCHLTD,25-Aug-2016,25950,CE,0,0,0,442.35,8.65,0,0,0,0,17-AUG-2016,
OPTSTK,BOSCHLTD,25-Aug-2016,20450,PE,0,0,0,522.55,0,0,0,0,0,17-AUG-2016,
OPTSTK,BOSCHLTD,25-Aug-2016,20500,PE,0,0,0,563.65,0.05,0,0,0,0,17-AUG-2016,
OPTSTK,BOSCHLTD,25-Aug-2016,20550,PE,0,0,0,580.7,0.05,0,0,0,0,17-AUG-2016,
OPTSTK,BOSCHLTD,25-Aug-2016,20600,PE,0,0,0,598.05,0.05,0,0,0,0,17-AUG-2016,
OPTSTK,BOSCHLTD,25-Aug-2016,20650,PE,0,0,0,615.8,0.05,0,0,0,0,17-AUG-2016,
OPTSTK,BOSCHLTD,25-Aug-2016,20700,PE,0,0,0,633.85,0.05,0,0,0,0,17-AUG-2016,
OPTSTK,BOSCHLTD,25-Aug-2016,20750,PE,0,0,0,652.25,0.05,0,0,0,0,17-AUG-2016,
OPTSTK,BOSCHLTD,25-Aug-2016,20800,PE,0,0,0,939.9,0.05,0,0,0,0,17-AUG-2016,
OPTSTK,BOSCHLTD,25-Aug-2016,20850,PE,0,0,0,959.35,0.05,0,0,0,0,17-AUG-2016,
OPTSTK,BOSCHLTD,25-Aug-2016,20900,PE,0,0,0,979.1,0.05,0,0,0,0,17-AUG-2016,
OPTSTK,BOSCHLTD,25-Aug-2016,20950,PE,0,0,0,999.05,0.05,0,0,0,0,17-AUG-2016,
OPTSTK,BOSCHLTD,25-Aug-2016,21000,PE,0,0,0,1019.25,0.1,0,0,0,0,17-AUG-2016,
OPTSTK,BOSCHLTD,25-Aug-2016,21050,PE,0,0,0,1039.75,0.1,0,0,0,0,17-AUG-2016,
OPTSTK,BOSCHLTD,25-Aug-2016,21100,PE,0,0,0,1060.45,0.15,0,0,0,0,17-AUG-2016,
OPTSTK,BOSCHLTD,25-Aug-2016,21150,PE,0,0,0,1081.4,0.15,0,0,0,0,17-AUG-2016,
OPTSTK,BOSCHLTD,25-Aug-2016,21200,PE,0,0,0,1102.65,0.2,0,0,0,0,17-AUG-2016,
OPTSTK,BOSCHLTD,25-Aug-2016,21250,PE,0,0,0,1124.1,0.25,0,0,0,0,17-AUG-2016,
OPTSTK,BOSCHLTD,25-Aug-2016,21300,PE,0,0,0,1145.85,0.3,0,0,0,0,17-AUG-2016,
OPTSTK,BOSCHLTD,25-Aug-2016,21350,PE,0,0,0,1167.8,0.35,0,0,0,0,17-AUG-2016,
OPTSTK,BOSCHLTD,25-Aug-2016,21400,PE,0,0,0,1190,0.45,0,0,0,0,17-AUG-2016,
OPTSTK,BOSCHLTD,25-Aug-2016,21450,PE,0,0,0,1212.45,0.55,0,0,0,0,17-AUG-2016,
OPTSTK,BOSCHLTD,25-Aug-2016,21500,PE,0,0,0,1235.2,0.65,0,0,0,0,17-AUG-2016,
OPTSTK,BOSCHLTD,25-Aug-2016,21550,PE,0,0,0,1258.15,0.8,0,0,0,0,17-AUG-2016,
OPTSTK,BOSCHLTD,25-Aug-2016,21600,PE,0,0,0,1281.35,0.95,0,0,0,0,17-AUG-2016,
OPTSTK,BOSCHLTD,25-Aug-2016,21650,PE,0,0,0,1304.8,1.15,0,0,0,0,17-AUG-2016,
OPTSTK,BOSCHLTD,25-Aug-2016,21700,PE,0,0,0,1328.55,1.4,0,0,0,0,17-AUG-2016,
OPTSTK,BOSCHLTD,25-Aug-2016,21750,PE,0,0,0,1352.5,1.65,0,0,0,0,17-AUG-2016,
OPTSTK,BOSCHLTD,25-Aug-2016,21800,PE,0,0,0,1376.7,2,0,0,0,0,17-AUG-2016,
OPTSTK,BOSCHLTD,25-Aug-2016,21850,PE,0,0,0,1401.05,2.4,0,0,0,0,17-AUG-2016,
OPTSTK,BOSCHLTD,25-Aug-2016,21900,PE,0,0,0,1425.75,2.85,0,0,0,0,17-AUG-2016,
OPTSTK,BOSCHLTD,25-Aug-2016,21950,PE,0,0,0,1450.65,3.4,0,0,0,0,17-AUG-2016,
OPTSTK,BOSCHLTD,25-Aug-2016,22000,PE,0,0,0,1475.85,4,0,0,0,0,17-AUG-2016,
OPTSTK,BOSCHLTD,25-Aug-2016,22050,PE,0,0,0,1501.3,4.7,0,0,0,0,17-AUG-2016,
OPTSTK,BOSCHLTD,25-Aug-2016,22100,PE,0,0,0,1526.95,5.55,0,0,0,0,17-AUG-2016,
OPTSTK,BOSCHLTD,25-Aug-2016,22150,PE,0,0,0,1552.85,6.5,0,0,0,0,17-AUG-2016,
OPTSTK,BOSCHLTD,25-Aug-2016,22200,PE,0,0,0,1579,7.6,0,0,0,0,17-AUG-2016,
OPTSTK,BOSCHLTD,25-Aug-2016,22250,PE,0,0,0,1605.4,8.9,0,0,0,0,17-AUG-2016,
OPTSTK,BOSCHLTD,25-Aug-2016,22300,PE,0,0,0,1632.05,10.35,0,0,0,0,17-AUG-2016,
OPTSTK,BOSCHLTD,25-Aug-2016,22350,PE,0,0,0,1658.9,11.95,0,0,0,0,17-AUG-2016,
OPTSTK,BOSCHLTD,25-Aug-2016,22400,PE,0,0,0,1686.05,13.85,0,0,0,0,17-AUG-2016,
OPTSTK,BOSCHLTD,25-Aug-2016,22450,PE,0,0,0,1713.4,15.95,0,0,0,0,17-AUG-2016,
OPTSTK,BOSCHLTD,25-Aug-2016,22500,PE,0,0,0,1740.95,18.35,0,0,0,0,17-AUG-2016,
OPTSTK,BOSCHLTD,25-Aug-2016,22550,PE,0,0,0,1768.8,21,0,0,0,0,17-AUG-2016,
OPTSTK,BOSCHLTD,25-Aug-2016,22600,PE,0,0,0,1796.85,24,0,0,0,0,17-AUG-2016,
OPTSTK,BOSCHLTD,25-Aug-2016,22650,PE,0,0,0,1825.15,27.35,0,0,0,0,17-AUG-2016,
OPTSTK,BOSCHLTD,25-Aug-2016,22700,PE,0,0,0,1853.65,31.05,0,0,0,0,17-AUG-2016,
OPTSTK,BOSCHLTD,25-Aug-2016,22750,PE,0,0,0,1882.4,35.2,0,0,0,0,17-AUG-2016,
OPTSTK,BOSCHLTD,25-Aug-2016,22800,PE,0,0,0,1911.4,39.8,0,0,0,0,17-AUG-2016,
OPTSTK,BOSCHLTD,25-Aug-2016,22850,PE,0,0,0,1810.7,44.85,0,0,0,0,17-AUG-2016,
OPTSTK,BOSCHLTD,25-Aug-2016,22900,PE,0,0,0,1839.65,50.4,0,0,0,0,17-AUG-2016,
OPTSTK,BOSCHLTD,25-Aug-2016,22950,PE,0,0,0,1868.8,56.55,0,0,0,0,17-AUG-2016,
OPTSTK,BOSCHLTD,25-Aug-2016,23000,PE,0,0,0,110,63.25,0,0,150,0,17-AUG-2016,
OPTSTK,BOSCHLTD,25-Aug-2016,23050,PE,0,0,0,1754.5,70.55,0,0,0,0,17-AUG-2016,
OPTSTK,BOSCHLTD,25-Aug-2016,23100,PE,0,0,0,1783.1,78.5,0,0,0,0,17-AUG-2016,
OPTSTK,BOSCHLTD,25-Aug-2016,23150,PE,0,0,0,1811.95,87.15,0,0,0,0,17-AUG-2016,
OPTSTK,BOSCHLTD,25-Aug-2016,23200,PE,0,0,0,1841,96.55,0,0,0,0,17-AUG-2016,
OPTSTK,BOSCHLTD,25-Aug-2016,23250,PE,0,0,0,1754.3,106.65,0,0,0,0,17-AUG-2016,
OPTSTK,BOSCHLTD,25-Aug-2016,23300,PE,0,0,0,1783.3,117.55,0,0,0,0,17-AUG-2016,
OPTSTK,BOSCHLTD,25-Aug-2016,23350,PE,0,0,0,1812.5,129.3,0,0,0,0,17-AUG-2016,
OPTSTK,BOSCHLTD,25-Aug-2016,23400,PE,0,0,0,1598,142.8,0,0,0,0,17-AUG-2016,
OPTSTK,BOSCHLTD,25-Aug-2016,23450,PE,0,0,0,1626.9,155.25,0,0,0,0,17-AUG-2016,
OPTSTK,BOSCHLTD,25-Aug-2016,23500,PE,0,0,0,1656.1,169.65,0,0,0,0,17-AUG-2016,
OPTSTK,BOSCHLTD,25-Aug-2016,23550,PE,0,0,0,1685.6,185,0,0,0,0,17-AUG-2016,
OPTSTK,BOSCHLTD,25-Aug-2016,23600,PE,0,0,0,1715.35,201.3,0,0,0,0,17-AUG-2016,
OPTSTK,BOSCHLTD,25-Aug-2016,23650,PE,0,0,0,1745.35,218.6,0,0,0,0,17-AUG-2016,
OPTSTK,BOSCHLTD,25-Aug-2016,23700,PE,0,0,0,1775.65,236.9,0,0,0,0,17-AUG-2016,
OPTSTK,BOSCHLTD,25-Aug-2016,23750,PE,0,0,0,1594.8,256.25,0,0,0,0,17-AUG-2016,
OPTSTK,BOSCHLTD,25-Aug-2016,23800,PE,0,0,0,1533.25,276.6,0,0,0,0,17-AUG-2016,
OPTSTK,BOSCHLTD,25-Aug-2016,23850,PE,0,0,0,1264.05,298.05,0,0,0,0,17-AUG-2016,
OPTSTK,BOSCHLTD,25-Aug-2016,23900,PE,0,0,0,1292,320.5,0,0,0,0,17-AUG-2016,
OPTSTK,BOSCHLTD,25-Aug-2016,23950,PE,0,0,0,1320.3,344,0,0,0,0,17-AUG-2016,
OPTSTK,BOSCHLTD,25-Aug-2016,24000,PE,0,0,0,350,368.5,0,0,50,0,17-AUG-2016,
OPTSTK,BOSCHLTD,25-Aug-2016,24050,PE,0,0,0,1377.9,394.15,0,0,0,0,17-AUG-2016,
OPTSTK,BOSCHLTD,25-Aug-2016,24100,PE,0,0,0,1407.2,420.85,0,0,0,0,17-AUG-2016,
OPTSTK,BOSCHLTD,25-Aug-2016,24150,PE,0,0,0,1436.85,448.6,0,0,0,0,17-AUG-2016,
OPTSTK,BOSCHLTD,25-Aug-2016,24200,PE,0,0,0,1466.8,477.4,0,0,0,0,17-AUG-2016,
OPTSTK,BOSCHLTD,25-Aug-2016,24250,PE,0,0,0,1497.1,507.25,0,0,0,0,17-AUG-2016,
OPTSTK,BOSCHLTD,25-Aug-2016,24300,PE,0,0,0,1527.7,538.05,0,0,0,0,17-AUG-2016,
OPTSTK,BOSCHLTD,25-Aug-2016,24350,PE,0,0,0,1558.65,569.9,0,0,0,0,17-AUG-2016,
OPTSTK,BOSCHLTD,25-Aug-2016,24400,PE,0,0,0,1589.9,602.7,0,0,0,0,17-AUG-2016,
OPTSTK,BOSCHLTD,25-Aug-2016,24450,PE,0,0,0,1538.4,636.45,0,0,0,0,17-AUG-2016,
OPTSTK,BOSCHLTD,25-Aug-2016,24500,PE,0,0,0,400,671.1,0,0,50,0,17-AUG-2016,
OPTSTK,BOSCHLTD,25-Aug-2016,24550,PE,0,0,0,1260.85,706.7,0,0,0,0,17-AUG-2016,
OPTSTK,BOSCHLTD,25-Aug-2016,24600,PE,0,0,0,1290.45,743.15,0,0,0,0,17-AUG-2016,
OPTSTK,BOSCHLTD,25-Aug-2016,24650,PE,0,0,0,1320.4,781.55,0,0,0,0,17-AUG-2016,
OPTSTK,BOSCHLTD,25-Aug-2016,24700,PE,0,0,0,1350.7,818.75,0,0,0,0,17-AUG-2016,
OPTSTK,BOSCHLTD,25-Aug-2016,24750,PE,0,0,0,1381.4,857.65,0,0,0,0,17-AUG-2016,
OPTSTK,BOSCHLTD,25-Aug-2016,24800,PE,0,0,0,1412.45,897.25,0,0,0,0,17-AUG-2016,
OPTSTK,BOSCHLTD,25-Aug-2016,24850,PE,0,0,0,1443.85,937.65,0,0,0,0,17-AUG-2016,
OPTSTK,BOSCHLTD,25-Aug-2016,24900,PE,0,0,0,1475.65,978.7,0,0,0,0,17-AUG-2016,
OPTSTK,BOSCHLTD,25-Aug-2016,24950,PE,0,0,0,1395.5,1020.35,0,0,0,0,17-AUG-2016,
OPTSTK,BOSCHLTD,25-Aug-2016,25000,PE,0,0,0,1427.3,1062.7,0,0,0,0,17-AUG-2016,
OPTSTK,BOSCHLTD,25-Aug-2016,25050,PE,0,0,0,1459.45,1105.6,0,0,0,0,17-AUG-2016,
OPTSTK,BOSCHLTD,25-Aug-2016,25100,PE,0,0,0,1264.45,1149.05,0,0,0,0,17-AUG-2016,
OPTSTK,BOSCHLTD,25-Aug-2016,25150,PE,0,0,0,1294.7,1193,0,0,0,0,17-AUG-2016,
OPTSTK,BOSCHLTD,25-Aug-2016,25200,PE,0,0,0,1325.35,1237.45,0,0,0,0,17-AUG-2016,
OPTSTK,BOSCHLTD,25-Aug-2016,25250,PE,0,0,0,1356.35,1282.35,0,0,0,0,17-AUG-2016,
OPTSTK,BOSCHLTD,25-Aug-2016,25300,PE,0,0,0,1387.7,1327.7,0,0,0,0,17-AUG-2016,
OPTSTK,BOSCHLTD,25-Aug-2016,25350,PE,0,0,0,1419.45,1373.45,0,0,0,0,17-AUG-2016,
OPTSTK,BOSCHLTD,25-Aug-2016,25400,PE,0,0,0,1451.6,1419.55,0,0,0,0,17-AUG-2016,
OPTSTK,BOSCHLTD,25-Aug-2016,25450,PE,0,0,0,1196.1,1466.05,0,0,0,0,17-AUG-2016,
OPTSTK,BOSCHLTD,25-Aug-2016,25500,PE,0,0,0,1225.1,1512.8,0,0,0,0,17-AUG-2016,
OPTSTK,BOSCHLTD,25-Aug-2016,25550,PE,0,0,0,1254.45,1559.9,0,0,0,0,17-AUG-2016,
OPTSTK,BOSCHLTD,25-Aug-2016,25600,PE,0,0,0,1284.15,1607.25,0,0,0,0,17-AUG-2016,
OPTSTK,BOSCHLTD,25-Aug-2016,25650,PE,0,0,0,1314.25,1654.85,0,0,0,0,17-AUG-2016,
OPTSTK,BOSCHLTD,25-Aug-2016,25700,PE,0,0,0,1344.7,1702.7,0,0,0,0,17-AUG-2016,
OPTSTK,BOSCHLTD,25-Aug-2016,25750,PE,0,0,0,1375.55,1750.75,0,0,0,0,17-AUG-2016,
OPTSTK,BOSCHLTD,25-Aug-2016,25800,PE,0,0,0,1406.8,1799,0,0,0,0,17-AUG-2016,
OPTSTK,BOSCHLTD,25-Aug-2016,25850,PE,0,0,0,1438.35,1847.45,0,0,0,0,17-AUG-2016,
OPTSTK,BOSCHLTD,25-Aug-2016,25900,PE,0,0,0,1470.3,1896,0,0,0,0,17-AUG-2016,
OPTSTK,BOSCHLTD,25-Aug-2016,25950,PE,0,0,0,1294.5,1944.75,0,0,0,0,17-AUG-2016,
OPTSTK,BOSCHLTD,29-Sep-2016,21650,CE,0,0,0,2379.15,2612.75,0,0,0,0,17-AUG-2016,
OPTSTK,BOSCHLTD,29-Sep-2016,21700,CE,0,0,0,2349.8,2569.3,0,0,0,0,17-AUG-2016,
OPTSTK,BOSCHLTD,29-Sep-2016,21750,CE,0,0,0,2320.7,2526.15,0,0,0,0,17-AUG-2016,
OPTSTK,BOSCHLTD,29-Sep-2016,21800,CE,0,0,0,2291.8,2483.2,0,0,0,0,17-AUG-2016,
OPTSTK,BOSCHLTD,29-Sep-2016,21850,CE,0,0,0,2263.15,2440.55,0,0,0,0,17-AUG-2016,
OPTSTK,BOSCHLTD,29-Sep-2016,21900,CE,0,0,0,2234.75,2398.2,0,0,0,0,17-AUG-2016,
OPTSTK,BOSCHLTD,29-Sep-2016,21950,CE,0,0,0,2206.6,2356.15,0,0,0,0,17-AUG-2016,
OPTSTK,BOSCHLTD,29-Sep-2016,22000,CE,0,0,0,2178.7,2314.35,0,0,0,0,17-AUG-2016,
OPTSTK,BOSCHLTD,29-Sep-2016,22050,CE,0,0,0,2151,2272.85,0,0,0,0,17-AUG-2016,
OPTSTK,BOSCHLTD,29-Sep-2016,22100,CE,0,0,0,2123.55,2231.7,0,0,0,0,17-AUG-2016,
OPTSTK,BOSCHLTD,29-Sep-2016,22150,CE,0,0,0,2096.4,2190.85,0,0,0,0,17-AUG-2016,
OPTSTK,BOSCHLTD,29-Sep-2016,22200,CE,0,0,0,2069.4,2150.3,0,0,0,0,17-AUG-2016,
OPTSTK,BOSCHLTD,29-Sep-2016,22250,CE,0,0,0,2042.7,2110.1,0,0,0,0,17-AUG-2016,
OPTSTK,BOSCHLTD,29-Sep-2016,22300,CE,0,0,0,2016.25,2070.25,0,0,0,0,17-AUG-2016,
OPTSTK,BOSCHLTD,29-Sep-2016,22350,CE,0,0,0,1990,2030.75,0,0,0,0,17-AUG-2016,
OPTSTK,BOSCHLTD,29-Sep-2016,22400,CE,0,0,0,1964,1991.55,0,0,0,0,17-AUG-2016,
OPTSTK,BOSCHLTD,29-Sep-2016,22450,CE,0,0,0,1938.25,1952.75,0,0,0,0,17-AUG-2016,
OPTSTK,BOSCHLTD,29-Sep-2016,22500,CE,0,0,0,1912.75,1914.25,0,0,0,0,17-AUG-2016,
OPTSTK,BOSCHLTD,29-Sep-2016,22550,CE,0,0,0,1887.45,1876.2,0,0,0,0,17-AUG-2016,
OPTSTK,BOSCHLTD,29-Sep-2016,22600,CE,0,0,0,1862.4,1838.45,0,0,0,0,17-AUG-2016,
OPTSTK,BOSCHLTD,29-Sep-2016,22650,CE,0,0,0,1837.6,1801.1,0,0,0,0,17-AUG-2016,
OPTSTK,BOSCHLTD,29-Sep-2016,22700,CE,0,0,0,1812.95,1765,0,0,0,0,17-AUG-2016,
OPTSTK,BOSCHLTD,29-Sep-2016,22750,CE,0,0,0,1788.65,1728.35,0,0,0,0,17-AUG-2016,
OPTSTK,BOSCHLTD,29-Sep-2016,22800,CE,0,0,0,1764.55,1692.1,0,0,0,0,17-AUG-2016,
OPTSTK,BOSCHLTD,29-Sep-2016,22850,CE,0,0,0,1740.7,1656.25,0,0,0,0,17-AUG-2016,
OPTSTK,BOSCHLTD,29-Sep-2016,22900,CE,0,0,0,1717.05,1619.9,0,0,0,0,17-AUG-2016,
OPTSTK,BOSCHLTD,29-Sep-2016,22950,CE,0,0,0,1693.7,1584.95,0,0,0,0,17-AUG-2016,
OPTSTK,BOSCHLTD,29-Sep-2016,23000,CE,0,0,0,1670.55,1550.4,0,0,0,0,17-AUG-2016,
OPTSTK,BOSCHLTD,29-Sep-2016,23050,CE,0,0,0,1647.6,1516.3,0,0,0,0,17-AUG-2016,
OPTSTK,BOSCHLTD,29-Sep-2016,23100,CE,0,0,0,1624.95,1482.6,0,0,0,0,17-AUG-2016,
OPTSTK,BOSCHLTD,29-Sep-2016,23150,CE,0,0,0,1602.45,1449.3,0,0,0,0,17-AUG-2016,
OPTSTK,BOSCHLTD,29-Sep-2016,23200,CE,0,0,0,1580.25,1416.45,0,0,0,0,17-AUG-2016,
OPTSTK,BOSCHLTD,29-Sep-2016,23250,CE,0,0,0,1558.25,1384.05,0,0,0,0,17-AUG-2016,
OPTSTK,BOSCHLTD,29-Sep-2016,23300,CE,0,0,0,1536.5,1352.1,0,0,0,0,17-AUG-2016,
OPTSTK,BOSCHLTD,29-Sep-2016,23350,CE,0,0,0,1514.95,1320.55,0,0,0,0,17-AUG-2016,
OPTSTK,BOSCHLTD,29-Sep-2016,23400,CE,0,0,0,1493.65,1289.45,0,0,0,0,17-AUG-2016,
OPTSTK,BOSCHLTD,29-Sep-2016,23450,CE,0,0,0,1472.55,1258.8,0,0,0,0,17-AUG-2016,
OPTSTK,BOSCHLTD,29-Sep-2016,23500,CE,0,0,0,1451.7,1228.6,0,0,0,0,17-AUG-2016,
OPTSTK,BOSCHLTD,29-Sep-2016,23550,CE,0,0,0,1431.05,1198.85,0,0,0,0,17-AUG-2016,
OPTSTK,BOSCHLTD,29-Sep-2016,23600,CE,0,0,0,1410.65,1169.55,0,0,0,0,17-AUG-2016,
OPTSTK,BOSCHLTD,29-Sep-2016,23650,CE,0,0,0,1390.45,1140.7,0,0,0,0,17-AUG-2016,
OPTSTK,BOSCHLTD,29-Sep-2016,23700,CE,0,0,0,1305.3,1112.3,0,0,0,0,17-AUG-2016,
OPTSTK,BOSCHLTD,29-Sep-2016,23750,CE,0,0,0,1205.4,1084.35,0,0,0,0,17-AUG-2016,
OPTSTK,BOSCHLTD,29-Sep-2016,23800,CE,0,0,0,1137.8,1056.85,0,0,0,0,17-AUG-2016,
OPTSTK,BOSCHLTD,29-Sep-2016,23850,CE,0,0,0,1447.65,1029.8,0,0,0,0,17-AUG-2016,
OPTSTK,BOSCHLTD,29-Sep-2016,23900,CE,0,0,0,1425.25,1003.2,0,0,0,0,17-AUG-2016,
OPTSTK,BOSCHLTD,29-Sep-2016,23950,CE,0,0,0,1403.15,977.1,0,0,0,0,17-AUG-2016,
OPTSTK,BOSCHLTD,29-Sep-2016,24000,CE,0,0,0,1381.25,951.4,0,0,0,0,17-AUG-2016,
OPTSTK,BOSCHLTD,29-Sep-2016,24050,CE,0,0,0,1359.65,926.2,0,0,0,0,17-AUG-2016,
OPTSTK,BOSCHLTD,29-Sep-2016,24100,CE,0,0,0,1338.25,901.35,0,0,0,0,17-AUG-2016,
OPTSTK,BOSCHLTD,29-Sep-2016,24150,CE,0,0,0,1317.15,877,0,0,0,0,17-AUG-2016,
OPTSTK,BOSCHLTD,29-Sep-2016,24200,CE,0,0,0,1296.3,853.15,0,0,0,0,17-AUG-2016,
OPTSTK,BOSCHLTD,29-Sep-2016,24250,CE,0,0,0,1275.65,829.75,0,0,0,0,17-AUG-2016,
OPTSTK,BOSCHLTD,29-Sep-2016,24300,CE,0,0,0,1255.3,806.8,0,0,0,0,17-AUG-2016,
OPTSTK,BOSCHLTD,29-Sep-2016,24350,CE,0,0,0,1235.15,784.25,0,0,0,0,17-AUG-2016,
OPTSTK,BOSCHLTD,29-Sep-2016,24400,CE,0,0,0,1215.25,762.2,0,0,0,0,17-AUG-2016,
OPTSTK,BOSCHLTD,29-Sep-2016,24450,CE,0,0,0,1173.35,740.55,0,0,0,0,17-AUG-2016,
OPTSTK,BOSCHLTD,29-Sep-2016,24500,CE,0,0,0,1269.1,719.35,0,0,0,0,17-AUG-2016,
OPTSTK,BOSCHLTD,29-Sep-2016,24550,CE,0,0,0,1247.4,698.6,0,0,0,0,17-AUG-2016,
OPTSTK,BOSCHLTD,29-Sep-2016,24600,CE,0,0,0,1226,678.3,0,0,0,0,17-AUG-2016,
OPTSTK,BOSCHLTD,29-Sep-2016,24650,CE,0,0,0,1204.85,658.4,0,0,0,0,17-AUG-2016,
OPTSTK,BOSCHLTD,29-Sep-2016,24700,CE,0,0,0,1184,638.95,0,0,0,0,17-AUG-2016,
OPTSTK,BOSCHLTD,29-Sep-2016,24750,CE,0,0,0,1163.35,619.9,0,0,0,0,17-AUG-2016,
OPTSTK,BOSCHLTD,29-Sep-2016,24800,CE,0,0,0,1143.05,601.3,0,0,0,0,17-AUG-2016,
OPTSTK,BOSCHLTD,29-Sep-2016,24850,CE,0,0,0,1122.95,583.1,0,0,0,0,17-AUG-2016,
OPTSTK,BOSCHLTD,29-Sep-2016,24900,CE,0,0,0,1103.15,565.3,0,0,0,0,17-AUG-2016,
OPTSTK,BOSCHLTD,29-Sep-2016,24950,CE,0,0,0,1092.1,547.9,0,0,0,0,17-AUG-2016,
OPTSTK,BOSCHLTD,29-Sep-2016,25000,CE,0,0,0,1072.2,530.95,0,0,0,0,17-AUG-2016,
OPTSTK,BOSCHLTD,29-Sep-2016,25050,CE,0,0,0,1052.6,514.35,0,0,0,0,17-AUG-2016,
OPTSTK,BOSCHLTD,29-Sep-2016,25100,CE,0,0,0,1180.7,498.2,0,0,0,0,17-AUG-2016,
OPTSTK,BOSCHLTD,29-Sep-2016,25150,CE,0,0,0,1159.65,482.4,0,0,0,0,17-AUG-2016,
OPTSTK,BOSCHLTD,29-Sep-2016,25200,CE,0,0,0,1138.85,467,0,0,0,0,17-AUG-2016,
OPTSTK,BOSCHLTD,29-Sep-2016,25250,CE,0,0,0,1118.35,451.95,0,0,0,0,17-AUG-2016,
OPTSTK,BOSCHLTD,29-Sep-2016,25300,CE,0,0,0,1098.1,437.35,0,0,0,0,17-AUG-2016,
OPTSTK,BOSCHLTD,29-Sep-2016,25350,CE,0,0,0,1078.15,423.05,0,0,0,0,17-AUG-2016,
OPTSTK,BOSCHLTD,29-Sep-2016,25400,CE,0,0,0,1058.45,409.15,0,0,0,0,17-AUG-2016,
OPTSTK,BOSCHLTD,29-Sep-2016,25450,CE,0,0,0,1292.7,395.6,0,0,0,0,17-AUG-2016,
OPTSTK,BOSCHLTD,29-Sep-2016,25500,CE,0,0,0,1270.7,382.4,0,0,0,0,17-AUG-2016,
OPTSTK,BOSCHLTD,29-Sep-2016,25550,CE,0,0,0,1249,369.55,0,0,0,0,17-AUG-2016,
OPTSTK,BOSCHLTD,29-Sep-2016,25600,CE,0,0,0,1227.55,358.15,0,0,0,0,17-AUG-2016,
OPTSTK,BOSCHLTD,29-Sep-2016,25650,CE,0,0,0,1206.4,346.1,0,0,0,0,17-AUG-2016,
OPTSTK,BOSCHLTD,29-Sep-2016,25700,CE,0,0,0,1185.5,334.35,0,0,0,0,17-AUG-2016,
OPTSTK,BOSCHLTD,29-Sep-2016,25750,CE,0,0,0,1164.85,322.9,0,0,0,0,17-AUG-2016,
OPTSTK,BOSCHLTD,29-Sep-2016,25800,CE,0,0,0,1144.5,310.8,0,0,0,0,17-AUG-2016,
OPTSTK,BOSCHLTD,29-Sep-2016,25850,CE,0,0,0,1124.4,299.95,0,0,0,0,17-AUG-2016,
OPTSTK,BOSCHLTD,29-Sep-2016,25900,CE,0,0,0,1104.55,289.4,0,0,0,0,17-AUG-2016,
OPTSTK,BOSCHLTD,29-Sep-2016,25950,CE,0,0,0,920.35,279.15,0,0,0,0,17-AUG-2016,
OPTSTK,BOSCHLTD,29-Sep-2016,21650,PE,0,0,0,997.9,112.4,0,0,0,0,17-AUG-2016,
OPTSTK,BOSCHLTD,29-Sep-2016,21700,PE,0,0,0,1017.65,118.55,0,0,0,0,17-AUG-2016,
OPTSTK,BOSCHLTD,29-Sep-2016,21750,PE,0,0,0,1037.65,124.95,0,0,0,0,17-AUG-2016,
OPTSTK,BOSCHLTD,29-Sep-2016,21800,PE,0,0,0,1057.9,131.6,0,0,0,0,17-AUG-2016,
OPTSTK,BOSCHLTD,29-Sep-2016,21850,PE,0,0,0,1078.35,138.55,0,0,0,0,17-AUG-2016,
OPTSTK,BOSCHLTD,29-Sep-2016,21900,PE,0,0,0,1099.1,145.8,0,0,0,0,17-AUG-2016,
OPTSTK,BOSCHLTD,29-Sep-2016,21950,PE,0,0,0,1120.05,153.35,0,0,0,0,17-AUG-2016,
OPTSTK,BOSCHLTD,29-Sep-2016,22000,PE,0,0,0,1141.25,161.15,0,0,0,0,17-AUG-2016,
OPTSTK,BOSCHLTD,29-Sep-2016,22050,PE,0,0,0,1162.7,169.25,0,0,0,0,17-AUG-2016,
OPTSTK,BOSCHLTD,29-Sep-2016,22100,PE,0,0,0,1184.35,177.7,0,0,0,0,17-AUG-2016,
OPTSTK,BOSCHLTD,29-Sep-2016,22150,PE,0,0,0,1206.3,186.45,0,0,0,0,17-AUG-2016,
OPTSTK,BOSCHLTD,29-Sep-2016,22200,PE,0,0,0,1228.45,195.5,0,0,0,0,17-AUG-2016,
OPTSTK,BOSCHLTD,29-Sep-2016,22250,PE,0,0,0,1250.85,204.9,0,0,0,0,17-AUG-2016,
OPTSTK,BOSCHLTD,29-Sep-2016,22300,PE,0,0,0,1273.5,214.6,0,0,0,0,17-AUG-2016,
OPTSTK,BOSCHLTD,29-Sep-2016,22350,PE,0,0,0,1296.35,224.7,0,0,0,0,17-AUG-2016,
OPTSTK,BOSCHLTD,29-Sep-2016,22400,PE,0,0,0,1319.5,235.1,0,0,0,0,17-AUG-2016,
OPTSTK,BOSCHLTD,29-Sep-2016,22450,PE,0,0,0,1342.85,245.9,0,0,0,0,17-AUG-2016,
OPTSTK,BOSCHLTD,29-Sep-2016,22500,PE,0,0,0,1366.45,257,0,0,0,0,17-AUG-2016,
OPTSTK,BOSCHLTD,29-Sep-2016,22550,PE,0,0,0,1390.3,268.5,0,0,0,0,17-AUG-2016,
OPTSTK,BOSCHLTD,29-Sep-2016,22600,PE,0,0,0,1414.35,280.4,0,0,0,0,17-AUG-2016,
OPTSTK,BOSCHLTD,29-Sep-2016,22650,PE,0,0,0,1438.7,292.65,0,0,0,0,17-AUG-2016,
OPTSTK,BOSCHLTD,29-Sep-2016,22700,PE,0,0,0,1463.15,306.15,0,0,0,0,17-AUG-2016,
OPTSTK,BOSCHLTD,29-Sep-2016,22750,PE,0,0,0,1487.95,319.1,0,0,0,0,17-AUG-2016,
OPTSTK,BOSCHLTD,29-Sep-2016,22800,PE,0,0,0,1512.95,332.4,0,0,0,0,17-AUG-2016,
OPTSTK,BOSCHLTD,29-Sep-2016,22850,PE,0,0,0,1538.25,346.15,0,0,0,0,17-AUG-2016,
OPTSTK,BOSCHLTD,29-Sep-2016,22900,PE,0,0,0,1563.7,359.4,0,0,0,0,17-AUG-2016,
OPTSTK,BOSCHLTD,29-Sep-2016,22950,PE,0,0,0,1589.45,374.05,0,0,0,0,17-AUG-2016,
OPTSTK,BOSCHLTD,29-Sep-2016,23000,PE,0,0,0,1615.4,389.1,0,0,0,0,17-AUG-2016,
OPTSTK,BOSCHLTD,29-Sep-2016,23050,PE,0,0,0,1641.6,404.6,0,0,0,0,17-AUG-2016,
OPTSTK,BOSCHLTD,29-Sep-2016,23100,PE,0,0,0,1668.05,420.45,0,0,0,0,17-AUG-2016,
OPTSTK,BOSCHLTD,29-Sep-2016,23150,PE,0,0,0,1694.7,436.8,0,0,0,0,17-AUG-2016,
OPTSTK,BOSCHLTD,29-Sep-2016,23200,PE,0,0,0,1721.6,453.55,0,0,0,0,17-AUG-2016,
OPTSTK,BOSCHLTD,29-Sep-2016,23250,PE,0,0,0,1748.7,470.75,0,0,0,0,17-AUG-2016,
OPTSTK,BOSCHLTD,29-Sep-2016,23300,PE,0,0,0,1776.05,488.35,0,0,0,0,17-AUG-2016,
OPTSTK,BOSCHLTD,29-Sep-2016,23350,PE,0,0,0,1803.65,506.4,0,0,0,0,17-AUG-2016,
OPTSTK,BOSCHLTD,29-Sep-2016,23400,PE,0,0,0,1831.45,524.9,0,0,0,0,17-AUG-2016,
OPTSTK,BOSCHLTD,29-Sep-2016,23450,PE,0,0,0,1859.5,543.85,0,0,0,0,17-AUG-2016,
OPTSTK,BOSCHLTD,29-Sep-2016,23500,PE,0,0,0,1887.75,563.25,0,0,0,0,17-AUG-2016,
OPTSTK,BOSCHLTD,29-Sep-2016,23550,PE,0,0,0,1916.25,583.1,0,0,0,0,17-AUG-2016,
OPTSTK,BOSCHLTD,29-Sep-2016,23600,PE,0,0,0,1944.95,603.4,0,0,0,0,17-AUG-2016,
OPTSTK,BOSCHLTD,29-Sep-2016,23650,PE,0,0,0,1973.85,624.1,0,0,0,0,17-AUG-2016,
OPTSTK,BOSCHLTD,29-Sep-2016,23700,PE,0,0,0,1917.1,645.3,0,0,0,0,17-AUG-2016,
OPTSTK,BOSCHLTD,29-Sep-2016,23750,PE,0,0,0,1844.35,666.95,0,0,0,0,17-AUG-2016,
OPTSTK,BOSCHLTD,29-Sep-2016,23800,PE,0,0,0,1779.7,689.05,0,0,0,0,17-AUG-2016,
OPTSTK,BOSCHLTD,29-Sep-2016,23850,PE,0,0,0,1551.05,711.6,0,0,0,0,17-AUG-2016,
OPTSTK,BOSCHLTD,29-Sep-2016,23900,PE,0,0,0,1577.9,734.65,0,0,0,0,17-AUG-2016,
OPTSTK,BOSCHLTD,29-Sep-2016,23950,PE,0,0,0,1605.05,758.1,0,0,0,0,17-AUG-2016,
OPTSTK,BOSCHLTD,29-Sep-2016,24000,PE,0,0,0,1632.4,782,0,0,0,0,17-AUG-2016,
OPTSTK,BOSCHLTD,29-Sep-2016,24050,PE,0,0,0,1660,806.4,0,0,0,0,17-AUG-2016,
OPTSTK,BOSCHLTD,29-Sep-2016,24100,PE,0,0,0,1687.9,831.15,0,0,0,0,17-AUG-2016,
OPTSTK,BOSCHLTD,29-Sep-2016,24150,PE,0,0,0,1716,856.4,0,0,0,0,17-AUG-2016,
OPTSTK,BOSCHLTD,29-Sep-2016,24200,PE,0,0,0,1744.4,882.15,0,0,0,0,17-AUG-2016,
OPTSTK,BOSCHLTD,29-Sep-2016,24250,PE,0,0,0,1773,908.3,0,0,0,0,17-AUG-2016,
OPTSTK,BOSCHLTD,29-Sep-2016,24300,PE,0,0,0,1801.85,934.95,0,0,0,0,17-AUG-2016,
OPTSTK,BOSCHLTD,29-Sep-2016,24350,PE,0,0,0,1830.95,962.05,0,0,0,0,17-AUG-2016,
OPTSTK,BOSCHLTD,29-Sep-2016,24400,PE,0,0,0,1860.3,989.55,0,0,0,0,17-AUG-2016,
OPTSTK,BOSCHLTD,29-Sep-2016,24450,PE,0,0,0,1801.8,1017.5,0,0,0,0,17-AUG-2016,
OPTSTK,BOSCHLTD,29-Sep-2016,24500,PE,0,0,0,1518.25,1045.9,0,0,0,0,17-AUG-2016,
OPTSTK,BOSCHLTD,29-Sep-2016,24550,PE,0,0,0,1545.85,1074.75,0,0,0,0,17-AUG-2016,
OPTSTK,BOSCHLTD,29-Sep-2016,24600,PE,0,0,0,1573.7,1104.05,0,0,0,0,17-AUG-2016,
OPTSTK,BOSCHLTD,29-Sep-2016,24650,PE,0,0,0,1601.85,1133.75,0,0,0,0,17-AUG-2016,
OPTSTK,BOSCHLTD,29-Sep-2016,24700,PE,0,0,0,1630.3,1163.85,0,0,0,0,17-AUG-2016,
OPTSTK,BOSCHLTD,29-Sep-2016,24750,PE,0,0,0,1659,1194.45,0,0,0,0,17-AUG-2016,
OPTSTK,BOSCHLTD,29-Sep-2016,24800,PE,0,0,0,1687.95,1225.4,0,0,0,0,17-AUG-2016,
OPTSTK,BOSCHLTD,29-Sep-2016,24850,PE,0,0,0,1717.15,1256.8,0,0,0,0,17-AUG-2016,
OPTSTK,BOSCHLTD,29-Sep-2016,24900,PE,0,0,0,1746.65,1288.6,0,0,0,0,17-AUG-2016,
OPTSTK,BOSCHLTD,29-Sep-2016,24950,PE,0,0,0,1663.1,1320.8,0,0,0,0,17-AUG-2016,
OPTSTK,BOSCHLTD,29-Sep-2016,25000,PE,0,0,0,1692.5,1353.45,0,0,0,0,17-AUG-2016,
OPTSTK,BOSCHLTD,29-Sep-2016,25050,PE,0,0,0,1722.2,1386.45,0,0,0,0,17-AUG-2016,
OPTSTK,BOSCHLTD,29-Sep-2016,25100,PE,0,0,0,1546.15,1419.9,0,0,0,0,17-AUG-2016,
OPTSTK,BOSCHLTD,29-Sep-2016,25150,PE,0,0,0,1574.4,1453.7,0,0,0,0,17-AUG-2016,
OPTSTK,BOSCHLTD,29-Sep-2016,25200,PE,0,0,0,1602.9,1487.9,0,0,0,0,17-AUG-2016,
OPTSTK,BOSCHLTD,29-Sep-2016,25250,PE,0,0,0,1631.75,1522.45,0,0,0,0,17-AUG-2016,
OPTSTK,BOSCHLTD,29-Sep-2016,25300,PE,0,0,0,1660.8,1557.4,0,0,0,0,17-AUG-2016,
OPTSTK,BOSCHLTD,29-Sep-2016,25350,PE,0,0,0,1690.15,1592.7,0,0,0,0,17-AUG-2016,
OPTSTK,BOSCHLTD,29-Sep-2016,25400,PE,0,0,0,1719.8,1628.4,0,0,0,0,17-AUG-2016,
OPTSTK,BOSCHLTD,29-Sep-2016,25450,PE,0,0,0,1500.7,1664.45,0,0,0,0,17-AUG-2016,
OPTSTK,BOSCHLTD,29-Sep-2016,25500,PE,0,0,0,1528.05,1700.85,0,0,0,0,17-AUG-2016,
OPTSTK,BOSCHLTD,29-Sep-2016,25550,PE,0,0,0,1555.65,1737.6,0,0,0,0,17-AUG-2016,
OPTSTK,BOSCHLTD,29-Sep-2016,25600,PE,0,0,0,1583.55,1775.8,0,0,0,0,17-AUG-2016,
OPTSTK,BOSCHLTD,29-Sep-2016,25650,PE,0,0,0,1611.7,1813.35,0,0,0,0,17-AUG-2016,
OPTSTK,BOSCHLTD,29-Sep-2016,25700,PE,0,0,0,1640.1,1851.2,0,0,0,0,17-AUG-2016,
OPTSTK,BOSCHLTD,29-Sep-2016,25750,PE,0,0,0,1668.8,1889.35,0,0,0,0,17-AUG-2016,
OPTSTK,BOSCHLTD,29-Sep-2016,25800,PE,0,0,0,1697.75,1926.85,0,0,0,0,17-AUG-2016,
OPTSTK,BOSCHLTD,29-Sep-2016,25850,PE,0,0,0,1727,1965.6,0,0,0,0,17-AUG-2016,
OPTSTK,BOSCHLTD,29-Sep-2016,25900,PE,0,0,0,1756.5,2004.65,0,0,0,0,17-AUG-2016,
OPTSTK,BOSCHLTD,29-Sep-2016,25950,PE,0,0,0,1599.05,2044,0,0,0,0,17-AUG-2016,
OPTSTK,BOSCHLTD,27-Oct-2016,23500,CE,0,0,0,2110,1534.6,0,0,0,0,17-AUG-2016,
OPTSTK,BOSCHLTD,27-Oct-2016,23550,CE,0,0,0,2079.25,1505.65,0,0,0,0,17-AUG-2016,
OPTSTK,BOSCHLTD,27-Oct-2016,23600,CE,0,0,0,2048.8,1477.05,0,0,0,0,17-AUG-2016,
OPTSTK,BOSCHLTD,27-Oct-2016,23650,CE,0,0,0,2244.75,1448.8,0,0,0,0,17-AUG-2016,
OPTSTK,BOSCHLTD,27-Oct-2016,23700,CE,0,0,0,2214.35,1420.9,0,0,0,0,17-AUG-2016,
OPTSTK,BOSCHLTD,27-Oct-2016,23750,CE,0,0,0,2184.2,1393.35,0,0,0,0,17-AUG-2016,
OPTSTK,BOSCHLTD,27-Oct-2016,23800,CE,0,0,0,2154.35,1366.15,0,0,0,0,17-AUG-2016,
OPTSTK,BOSCHLTD,27-Oct-2016,23850,CE,0,0,0,2124.7,1339.3,0,0,0,0,17-AUG-2016,
OPTSTK,BOSCHLTD,27-Oct-2016,23900,CE,0,0,0,2095.35,1312.8,0,0,0,0,17-AUG-2016,
OPTSTK,BOSCHLTD,27-Oct-2016,23950,CE,0,0,0,2066.25,1286.65,0,0,0,0,17-AUG-2016,
OPTSTK,BOSCHLTD,27-Oct-2016,24000,CE,0,0,0,2037.45,1260.9,0,0,0,0,17-AUG-2016,
OPTSTK,BOSCHLTD,27-Oct-2016,24050,CE,0,0,0,2008.85,1235.45,0,0,0,0,17-AUG-2016,
OPTSTK,BOSCHLTD,27-Oct-2016,24100,CE,0,0,0,1980.6,1210.35,0,0,0,0,17-AUG-2016,
OPTSTK,BOSCHLTD,27-Oct-2016,24150,CE,0,0,0,1952.55,1185.55,0,0,0,0,17-AUG-2016,
OPTSTK,BOSCHLTD,27-Oct-2016,24200,CE,0,0,0,1924.75,1161.15,0,0,0,0,17-AUG-2016,
OPTSTK,BOSCHLTD,27-Oct-2016,24250,CE,0,0,0,1897.25,1137.1,0,0,0,0,17-AUG-2016,
OPTSTK,BOSCHLTD,27-Oct-2016,24300,CE,0,0,0,1870.05,1113.4,0,0,0,0,17-AUG-2016,
OPTSTK,BOSCHLTD,27-Oct-2016,24350,CE,0,0,0,1843.05,1090.1,0,0,0,0,17-AUG-2016,
OPTSTK,BOSCHLTD,27-Oct-2016,24400,CE,0,0,0,1816.35,1067.1,0,0,0,0,17-AUG-2016,
OPTSTK,BOSCHLTD,27-Oct-2016,24450,CE,0,0,0,1789.9,1044.45,0,0,0,0,17-AUG-2016,
OPTSTK,BOSCHLTD,27-Oct-2016,24500,CE,0,0,0,1763.7,1022.15,0,0,0,0,17-AUG-2016,
OPTSTK,BOSCHLTD,27-Oct-2016,24550,CE,0,0,0,1737.8,1000.15,0,0,0,0,17-AUG-2016,
OPTSTK,BOSCHLTD,27-Oct-2016,24600,CE,0,0,0,1712.15,978.55,0,0,0,0,17-AUG-2016,
OPTSTK,BOSCHLTD,27-Oct-2016,24650,CE,0,0,0,1686.75,957.25,0,0,0,0,17-AUG-2016,
OPTSTK,BOSCHLTD,27-Oct-2016,24700,CE,0,0,0,1661.6,936.3,0,0,0,0,17-AUG-2016,
OPTSTK,BOSCHLTD,27-Oct-2016,24750,CE,0,0,0,1636.75,915.7,0,0,0,0,17-AUG-2016,
OPTSTK,BOSCHLTD,27-Oct-2016,24800,CE,0,0,0,1612.05,895.4,0,0,0,0,17-AUG-2016,
OPTSTK,BOSCHLTD,27-Oct-2016,24850,CE,0,0,0,1587.7,875.45,0,0,0,0,17-AUG-2016,
OPTSTK,BOSCHLTD,27-Oct-2016,24900,CE,0,0,0,1563.6,855.85,0,0,0,0,17-AUG-2016,
OPTSTK,BOSCHLTD,27-Oct-2016,24950,CE,0,0,0,1539.8,836.55,0,0,0,0,17-AUG-2016,
OPTSTK,BOSCHLTD,27-Oct-2016,25000,CE,0,0,0,1516.2,817.6,0,0,0,0,17-AUG-2016,
OPTSTK,BOSCHLTD,27-Oct-2016,25050,CE,0,0,0,1492.9,798.95,0,0,0,0,17-AUG-2016,
OPTSTK,BOSCHLTD,27-Oct-2016,25100,CE,0,0,0,1469.85,780.6,0,0,0,0,17-AUG-2016,
OPTSTK,BOSCHLTD,27-Oct-2016,25150,CE,0,0,0,1447.05,762.6,0,0,0,0,17-AUG-2016,
OPTSTK,BOSCHLTD,27-Oct-2016,25200,CE,0,0,0,1424.55,744.9,0,0,0,0,17-AUG-2016,
OPTSTK,BOSCHLTD,27-Oct-2016,25250,CE,0,0,0,1402.25,727.55,0,0,0,0,17-AUG-2016,
OPTSTK,BOSCHLTD,27-Oct-2016,25300,CE,0,0,0,1380.25,710.45,0,0,0,0,17-AUG-2016,
OPTSTK,BOSCHLTD,27-Oct-2016,25350,CE,0,0,0,1358.45,693.7,0,0,0,0,17-AUG-2016,
OPTSTK,BOSCHLTD,27-Oct-2016,25400,CE,0,0,0,1336.95,677.25,0,0,0,0,17-AUG-2016,
OPTSTK,BOSCHLTD,27-Oct-2016,25450,CE,0,0,0,1315.7,661.1,0,0,0,0,17-AUG-2016,
OPTSTK,BOSCHLTD,27-Oct-2016,25500,CE,0,0,0,1294.65,645.25,0,0,0,0,17-AUG-2016,
OPTSTK,BOSCHLTD,27-Oct-2016,25550,CE,0,0,0,1273.9,629.7,0,0,0,0,17-AUG-2016,
OPTSTK,BOSCHLTD,27-Oct-2016,25600,CE,0,0,0,1253.4,614.4,0,0,0,0,17-AUG-2016,
OPTSTK,BOSCHLTD,27-Oct-2016,25650,CE,0,0,0,1233.1,599.45,0,0,0,0,17-AUG-2016,
OPTSTK,BOSCHLTD,27-Oct-2016,25700,CE,0,0,0,1334.55,584.75,0,0,0,0,17-AUG-2016,
OPTSTK,BOSCHLTD,27-Oct-2016,25750,CE,0,0,0,1313.1,570.35,0,0,0,0,17-AUG-2016,
OPTSTK,BOSCHLTD,27-Oct-2016,25800,CE,0,0,0,1291.9,556.25,0,0,0,0,17-AUG-2016,
OPTSTK,BOSCHLTD,27-Oct-2016,25850,CE,0,0,0,1270.95,542.4,0,0,0,0,17-AUG-2016,
OPTSTK,BOSCHLTD,27-Oct-2016,25900,CE,0,0,0,1250.25,528.8,0,0,0,0,17-AUG-2016,
OPTSTK,BOSCHLTD,27-Oct-2016,25950,CE,0,0,0,1229.8,515.5,0,0,0,0,17-AUG-2016,
OPTSTK,BOSCHLTD,27-Oct-2016,23500,PE,0,0,0,775.95,746.2,0,0,0,0,17-AUG-2016,
OPTSTK,BOSCHLTD,27-Oct-2016,23550,PE,0,0,0,794.4,766.55,0,0,0,0,17-AUG-2016,
OPTSTK,BOSCHLTD,27-Oct-2016,23600,PE,0,0,0,813.1,787.3,0,0,0,0,17-AUG-2016,
OPTSTK,BOSCHLTD,27-Oct-2016,23650,PE,0,0,0,852.15,808.4,0,0,0,0,17-AUG-2016,
OPTSTK,BOSCHLTD,27-Oct-2016,23700,PE,0,0,0,870.9,829.8,0,0,0,0,17-AUG-2016,
OPTSTK,BOSCHLTD,27-Oct-2016,23750,PE,0,0,0,889.9,851.6,0,0,0,0,17-AUG-2016,
OPTSTK,BOSCHLTD,27-Oct-2016,23800,PE,0,0,0,909.15,873.75,0,0,0,0,17-AUG-2016,
OPTSTK,BOSCHLTD,27-Oct-2016,23850,PE,0,0,0,928.65,896.25,0,0,0,0,17-AUG-2016,
OPTSTK,BOSCHLTD,27-Oct-2016,23900,PE,0,0,0,948.45,919.05,0,0,0,0,17-AUG-2016,
OPTSTK,BOSCHLTD,27-Oct-2016,23950,PE,0,0,0,968.5,942.25,0,0,0,0,17-AUG-2016,
OPTSTK,BOSCHLTD,27-Oct-2016,24000,PE,0,0,0,988.8,965.8,0,0,0,0,17-AUG-2016,
OPTSTK,BOSCHLTD,27-Oct-2016,24050,PE,0,0,0,1009.4,989.7,0,0,0,0,17-AUG-2016,
OPTSTK,BOSCHLTD,27-Oct-2016,24100,PE,0,0,0,1030.25,1013.95,0,0,0,0,17-AUG-2016,
OPTSTK,BOSCHLTD,27-Oct-2016,24150,PE,0,0,0,1051.35,1038.45,0,0,0,0,17-AUG-2016,
OPTSTK,BOSCHLTD,27-Oct-2016,24200,PE,0,0,0,1072.7,1063.4,0,0,0,0,17-AUG-2016,
OPTSTK,BOSCHLTD,27-Oct-2016,24250,PE,0,0,0,1094.35,1088.7,0,0,0,0,17-AUG-2016,
OPTSTK,BOSCHLTD,27-Oct-2016,24300,PE,0,0,0,1116.25,1114.35,0,0,0,0,17-AUG-2016,
OPTSTK,BOSCHLTD,27-Oct-2016,24350,PE,0,0,0,1138.4,1140.35,0,0,0,0,17-AUG-2016,
OPTSTK,BOSCHLTD,27-Oct-2016,24400,PE,0,0,0,1160.85,1166.7,0,0,0,0,17-AUG-2016,
OPTSTK,BOSCHLTD,27-Oct-2016,24450,PE,0,0,0,1183.55,1193.35,0,0,0,0,17-AUG-2016,
OPTSTK,BOSCHLTD,27-Oct-2016,24500,PE,0,0,0,1206.5,1220.4,0,0,0,0,17-AUG-2016,
OPTSTK,BOSCHLTD,27-Oct-2016,24550,PE,0,0,0,1229.7,1247.75,0,0,0,0,17-AUG-2016,
OPTSTK,BOSCHLTD,27-Oct-2016,24600,PE,0,0,0,1253.2,1275.45,0,0,0,0,17-AUG-2016,
OPTSTK,BOSCHLTD,27-Oct-2016,24650,PE,0,0,0,1276.95,1303.5,0,0,0,0,17-AUG-2016,
OPTSTK,BOSCHLTD,27-Oct-2016,24700,PE,0,0,0,1300.95,1331.9,0,0,0,0,17-AUG-2016,
OPTSTK,BOSCHLTD,27-Oct-2016,24750,PE,0,0,0,1325.25,1360.6,0,0,0,0,17-AUG-2016,
OPTSTK,BOSCHLTD,27-Oct-2016,24800,PE,0,0,0,1349.65,1389.65,0,0,0,0,17-AUG-2016,
OPTSTK,BOSCHLTD,27-Oct-2016,24850,PE,0,0,0,1374.45,1419.05,0,0,0,0,17-AUG-2016,
OPTSTK,BOSCHLTD,27-Oct-2016,24900,PE,0,0,0,1399.5,1448.75,0,0,0,0,17-AUG-2016,
OPTSTK,BOSCHLTD,27-Oct-2016,24950,PE,0,0,0,1424.85,1478.8,0,0,0,0,17-AUG-2016,
OPTSTK,BOSCHLTD,27-Oct-2016,25000,PE,0,0,0,1450.4,1509.15,0,0,0,0,17-AUG-2016,
OPTSTK,BOSCHLTD,27-Oct-2016,25050,PE,0,0,0,1476.25,1539.85,0,0,0,0,17-AUG-2016,
OPTSTK,BOSCHLTD,27-Oct-2016,25100,PE,0,0,0,1502.35,1570.85,0,0,0,0,17-AUG-2016,
OPTSTK,BOSCHLTD,27-Oct-2016,25150,PE,0,0,0,1528.7,1602.2,0,0,0,0,17-AUG-2016,
OPTSTK,BOSCHLTD,27-Oct-2016,25200,PE,0,0,0,1555.3,1633.85,0,0,0,0,17-AUG-2016,
OPTSTK,BOSCHLTD,27-Oct-2016,25250,PE,0,0,0,1582.15,1665.8,0,0,0,0,17-AUG-2016,
OPTSTK,BOSCHLTD,27-Oct-2016,25300,PE,0,0,0,1609.3,1698.05,0,0,0,0,17-AUG-2016,
OPTSTK,BOSCHLTD,27-Oct-2016,25350,PE,0,0,0,1636.65,1730.65,0,0,0,0,17-AUG-2016,
OPTSTK,BOSCHLTD,27-Oct-2016,25400,PE,0,0,0,1664.25,1763.5,0,0,0,0,17-AUG-2016,
OPTSTK,BOSCHLTD,27-Oct-2016,25450,PE,0,0,0,1692.15,1796.7,0,0,0,0,17-AUG-2016,
OPTSTK,BOSCHLTD,27-Oct-2016,25500,PE,0,0,0,1720.25,1830.15,0,0,0,0,17-AUG-2016,
OPTSTK,BOSCHLTD,27-Oct-2016,25550,PE,0,0,0,1748.65,1863.95,0,0,0,0,17-AUG-2016,
OPTSTK,BOSCHLTD,27-Oct-2016,25600,PE,0,0,0,1777.25,1898,0,0,0,0,17-AUG-2016,
OPTSTK,BOSCHLTD,27-Oct-2016,25650,PE,0,0,0,1806.15,1932.35,0,0,0,0,17-AUG-2016,
OPTSTK,BOSCHLTD,27-Oct-2016,25700,PE,0,0,0,1630.95,1967,0,0,0,0,17-AUG-2016,
OPTSTK,BOSCHLTD,27-Oct-2016,25750,PE,0,0,0,1658.65,2001.95,0,0,0,0,17-AUG-2016,
OPTSTK,BOSCHLTD,27-Oct-2016,25800,PE,0,0,0,1686.6,2037.15,0,0,0,0,17-AUG-2016,
OPTSTK,BOSCHLTD,27-Oct-2016,25850,PE,0,0,0,1714.85,2072.65,0,0,0,0,17-AUG-2016,
OPTSTK,BOSCHLTD,27-Oct-2016,25900,PE,0,0,0,1743.3,2108.4,0,0,0,0,17-AUG-2016,
OPTSTK,BOSCHLTD,27-Oct-2016,25950,PE,0,0,0,1772.05,2144.45,0,0,0,0,17-AUG-2016,
OPTSTK,BPCL,25-Aug-2016,300,CE,0,0,0,337.6,287.8,0,0,0,0,17-AUG-2016,
OPTSTK,BPCL,25-Aug-2016,310,CE,0,0,0,318,277.85,0,0,0,0,17-AUG-2016,
OPTSTK,BPCL,25-Aug-2016,320,CE,0,0,0,298.45,267.85,0,0,0,0,17-AUG-2016,
OPTSTK,BPCL,25-Aug-2016,330,CE,0,0,0,279,257.85,0,0,0,0,17-AUG-2016,
OPTSTK,BPCL,25-Aug-2016,340,CE,0,0,0,259.65,247.9,0,0,0,0,17-AUG-2016,
OPTSTK,BPCL,25-Aug-2016,350,CE,0,0,0,240.5,237.9,0,0,0,0,17-AUG-2016,
OPTSTK,BPCL,25-Aug-2016,360,CE,0,0,0,221.6,227.9,0,0,0,0,17-AUG-2016,
OPTSTK,BPCL,25-Aug-2016,370,CE,0,0,0,203.05,217.9,0,0,0,0,17-AUG-2016,
OPTSTK,BPCL,25-Aug-2016,380,CE,0,0,0,184.95,207.95,0,0,0,0,17-AUG-2016,
OPTSTK,BPCL,25-Aug-2016,390,CE,0,0,0,167.4,197.95,0,0,0,0,17-AUG-2016,
OPTSTK,BPCL,25-Aug-2016,400,CE,0,0,0,150.55,187.95,0,0,0,0,17-AUG-2016,
OPTSTK,BPCL,25-Aug-2016,410,CE,0,0,0,134.4,178,0,0,0,0,17-AUG-2016,
OPTSTK,BPCL,25-Aug-2016,420,CE,0,0,0,119.2,168,0,0,0,0,17-AUG-2016,
OPTSTK,BPCL,25-Aug-2016,430,CE,0,0,0,104.9,158,0,0,0,0,17-AUG-2016,
OPTSTK,BPCL,25-Aug-2016,440,CE,0,0,0,91.65,148.05,0,0,0,0,17-AUG-2016,
OPTSTK,BPCL,25-Aug-2016,450,CE,0,0,0,79.45,138.05,0,0,0,0,17-AUG-2016,
OPTSTK,BPCL,25-Aug-2016,460,CE,0,0,0,68.4,128.05,0,0,0,0,17-AUG-2016,
OPTSTK,BPCL,25-Aug-2016,470,CE,0,0,0,115,118.05,0,0,1200,0,17-AUG-2016,
OPTSTK,BPCL,25-Aug-2016,480,CE,0,0,0,49.55,108.1,0,0,0,0,17-AUG-2016,
OPTSTK,BPCL,25-Aug-2016,490,CE,0,0,0,41.7,98.1,0,0,0,0,17-AUG-2016,
OPTSTK,BPCL,25-Aug-2016,500,CE,0,0,0,82,88.15,0,0,1200,0,17-AUG-2016,
OPTSTK,BPCL,25-Aug-2016,510,CE,0,0,0,75,78.15,0,0,2400,0,17-AUG-2016,
OPTSTK,BPCL,25-Aug-2016,520,CE,0,0,0,76,68.25,0,0,1200,0,17-AUG-2016,
OPTSTK,BPCL,25-Aug-2016,530,CE,0,0,0,60.05,58.5,0,0,1200,0,17-AUG-2016,
OPTSTK,BPCL,25-Aug-2016,540,CE,0,0,0,49,48.95,0,0,1200,0,17-AUG-2016,
OPTSTK,BPCL,25-Aug-2016,550,CE,0,0,0,44.8,39.85,0,0,25200,0,17-AUG-2016,
OPTSTK,BPCL,25-Aug-2016,560,CE,0,0,0,42.05,31.35,0,0,15600,0,17-AUG-2016,
OPTSTK,BPCL,25-Aug-2016,570,CE,22.8,22.8,22.8,22.8,22.8,1,7.11,30000,0,17-AUG-2016,
OPTSTK,BPCL,25-Aug-2016,580,CE,20,20,13.75,17.2,17.2,13,92.95,78000,4800,17-AUG-2016,
OPTSTK,BPCL,25-Aug-2016,590,CE,15.75,15.8,9.7,11.65,11.65,105,758.39,97200,30000,17-AUG-2016,
OPTSTK,BPCL,25-Aug-2016,600,CE,11,12,6.4,7.85,7.85,564,4121.29,560400,139200,17-AUG-2016,
OPTSTK,BPCL,25-Aug-2016,610,CE,6.3,7.8,4.1,5.05,5.05,108,798.07,180000,4800,17-AUG-2016,
OPTSTK,BPCL,25-Aug-2016,620,CE,4.3,5.3,2.5,3.25,3.25,403,3016.26,262800,14400,17-AUG-2016,
OPTSTK,BPCL,25-Aug-2016,630,CE,2.85,3,1.75,1.95,1.95,24,182.14,86400,-1200,17-AUG-2016,
OPTSTK,BPCL,25-Aug-2016,640,CE,1.7,2.15,1.1,1.4,1.4,179,1378.34,117600,-7200,17-AUG-2016,
OPTSTK,BPCL,25-Aug-2016,650,CE,1.25,1.55,0.75,0.75,0.75,28,218.75,117600,0,17-AUG-2016,
OPTSTK,BPCL,25-Aug-2016,660,CE,0.8,0.8,0.8,0.8,0.8,1,7.92,12000,-1200,17-AUG-2016,
OPTSTK,BPCL,25-Aug-2016,670,CE,0.55,0.6,0.55,0.6,0.6,6,48.28,22800,-7200,17-AUG-2016,
OPTSTK,BPCL,25-Aug-2016,680,CE,0.5,0.5,0.5,0.5,0.5,1,8.16,9600,-1200,17-AUG-2016,
OPTSTK,BPCL,25-Aug-2016,690,CE,0,0,0,1.95,0.05,0,0,3600,0,17-AUG-2016,
OPTSTK,BPCL,25-Aug-2016,700,CE,0,0,0,0.45,0.05,0,0,16800,0,17-AUG-2016,
OPTSTK,BPCL,25-Aug-2016,710,CE,0,0,0,1,0,0,0,0,0,17-AUG-2016,
OPTSTK,BPCL,25-Aug-2016,300,PE,0,0,0,0.05,0,0,0,0,0,17-AUG-2016,
OPTSTK,BPCL,25-Aug-2016,310,PE,0,0,0,0.15,0,0,0,0,0,17-AUG-2016,
OPTSTK,BPCL,25-Aug-2016,320,PE,0,0,0,0.25,0,0,0,0,0,17-AUG-2016,
OPTSTK,BPCL,25-Aug-2016,330,PE,0,0,0,0.4,0,0,0,0,0,17-AUG-2016,
OPTSTK,BPCL,25-Aug-2016,340,PE,0,0,0,0.75,0,0,0,0,0,17-AUG-2016,
OPTSTK,BPCL,25-Aug-2016,350,PE,0,0,0,1.25,0,0,0,0,0,17-AUG-2016,
OPTSTK,BPCL,25-Aug-2016,360,PE,0,0,0,2,0,0,0,0,0,17-AUG-2016,
OPTSTK,BPCL,25-Aug-2016,370,PE,0,0,0,3.05,0,0,0,0,0,17-AUG-2016,
OPTSTK,BPCL,25-Aug-2016,380,PE,0,0,0,4.6,0,0,0,0,0,17-AUG-2016,
OPTSTK,BPCL,25-Aug-2016,390,PE,0,0,0,6.7,0,0,0,0,0,17-AUG-2016,
OPTSTK,BPCL,25-Aug-2016,400,PE,0,0,0,9.45,0,0,0,0,0,17-AUG-2016,
OPTSTK,BPCL,25-Aug-2016,410,PE,0,0,0,13,0,0,0,0,0,17-AUG-2016,
OPTSTK,BPCL,25-Aug-2016,420,PE,0,0,0,17.4,0,0,0,0,0,17-AUG-2016,
OPTSTK,BPCL,25-Aug-2016,430,PE,0,0,0,22.75,0,0,0,0,0,17-AUG-2016,
OPTSTK,BPCL,25-Aug-2016,440,PE,0,0,0,29.15,0,0,0,0,0,17-AUG-2016,
OPTSTK,BPCL,25-Aug-2016,450,PE,0,0,0,36.6,0,0,0,0,0,17-AUG-2016,
OPTSTK,BPCL,25-Aug-2016,460,PE,0,0,0,45.2,0,0,0,0,0,17-AUG-2016,
OPTSTK,BPCL,25-Aug-2016,470,PE,0,0,0,54.85,0,0,0,0,0,17-AUG-2016,
OPTSTK,BPCL,25-Aug-2016,480,PE,0,0,0,65.6,0,0,0,0,0,17-AUG-2016,
OPTSTK,BPCL,25-Aug-2016,490,PE,0,0,0,1.3,0,0,0,22800,0,17-AUG-2016,
OPTSTK,BPCL,25-Aug-2016,500,PE,0,0,0,1.3,0.05,0,0,20400,0,17-AUG-2016,
OPTSTK,BPCL,25-Aug-2016,510,PE,0,0,0,1.75,0.05,0,0,20400,0,17-AUG-2016,
OPTSTK,BPCL,25-Aug-2016,520,PE,0.45,0.5,0.45,0.5,0.5,13,81.19,16800,-6000,17-AUG-2016,
OPTSTK,BPCL,25-Aug-2016,530,PE,1,1,0.6,0.6,0.6,2,12.73,25200,-1200,17-AUG-2016,
OPTSTK,BPCL,25-Aug-2016,540,PE,1,1.45,1,1.25,1.25,15,97.41,81600,0,17-AUG-2016,
OPTSTK,BPCL,25-Aug-2016,550,PE,1.75,2.1,1.3,2.05,2.05,25,165.53,90000,-3600,17-AUG-2016,
OPTSTK,BPCL,25-Aug-2016,560,PE,2.7,3.45,2.2,3.2,3.2,23,155.41,84000,-6000,17-AUG-2016,
OPTSTK,BPCL,25-Aug-2016,570,PE,4.5,6.25,4,5.2,5.2,65,448.51,102000,-8400,17-AUG-2016,
OPTSTK,BPCL,25-Aug-2016,580,PE,7,9.9,5.55,8.45,8.45,136,959.56,162000,-21600,17-AUG-2016,
OPTSTK,BPCL,25-Aug-2016,590,PE,10.9,14.5,8.9,12.75,12.75,174,1256.53,90000,13200,17-AUG-2016,
OPTSTK,BPCL,25-Aug-2016,600,PE,16,20.6,14.4,19.15,19.15,45,333.29,122400,1200,17-AUG-2016,
OPTSTK,BPCL,25-Aug-2016,610,PE,0,0,0,20.4,26.7,0,0,31200,0,17-AUG-2016,
OPTSTK,BPCL,25-Aug-2016,620,PE,0,0,0,29.6,34.7,0,0,6000,0,17-AUG-2016,
OPTSTK,BPCL,25-Aug-2016,630,PE,0,0,0,48.1,43.4,0,0,3600,0,17-AUG-2016,
OPTSTK,BPCL,25-Aug-2016,640,PE,0,0,0,57.15,52.6,0,0,2400,0,17-AUG-2016,
OPTSTK,BPCL,25-Aug-2016,650,PE,0,0,0,54.05,62.15,0,0,1200,0,17-AUG-2016,
OPTSTK,BPCL,25-Aug-2016,660,PE,0,0,0,309.15,71.9,0,0,0,0,17-AUG-2016,
OPTSTK,BPCL,25-Aug-2016,670,PE,0,0,0,326.35,81.75,0,0,0,0,17-AUG-2016,
OPTSTK,BPCL,25-Aug-2016,680,PE,0,0,0,343.75,91.7,0,0,0,0,17-AUG-2016,
OPTSTK,BPCL,25-Aug-2016,690,PE,0,0,0,101,101.65,0,0,6000,0,17-AUG-2016,
OPTSTK,BPCL,25-Aug-2016,700,PE,0,0,0,347.05,111.65,0,0,0,0,17-AUG-2016,
OPTSTK,BPCL,25-Aug-2016,710,PE,0,0,0,353.3,121.6,0,0,0,0,17-AUG-2016,
OPTSTK,BPCL,29-Sep-2016,340,CE,0,0,0,404.25,250.1,0,0,0,0,17-AUG-2016,
OPTSTK,BPCL,29-Sep-2016,350,CE,0,0,0,384.7,240.2,0,0,0,0,17-AUG-2016,
OPTSTK,BPCL,29-Sep-2016,360,CE,0,0,0,365.15,230.3,0,0,0,0,17-AUG-2016,
OPTSTK,BPCL,29-Sep-2016,370,CE,0,0,0,345.7,220.35,0,0,0,0,17-AUG-2016,
OPTSTK,BPCL,29-Sep-2016,380,CE,0,0,0,326.3,210.45,0,0,0,0,17-AUG-2016,
OPTSTK,BPCL,29-Sep-2016,390,CE,0,0,0,307.1,200.55,0,0,0,0,17-AUG-2016,
OPTSTK,BPCL,29-Sep-2016,400,CE,0,0,0,288,190.6,0,0,0,0,17-AUG-2016,
OPTSTK,BPCL,29-Sep-2016,410,CE,0,0,0,269.2,180.7,0,0,0,0,17-AUG-2016,
OPTSTK,BPCL,29-Sep-2016,420,CE,0,0,0,250.7,170.85,0,0,0,0,17-AUG-2016,
OPTSTK,BPCL,29-Sep-2016,430,CE,0,0,0,232.5,160.95,0,0,0,0,17-AUG-2016,
OPTSTK,BPCL,29-Sep-2016,440,CE,0,0,0,214.8,151.15,0,0,0,0,17-AUG-2016,
OPTSTK,BPCL,29-Sep-2016,450,CE,0,0,0,197.55,141.35,0,0,0,0,17-AUG-2016,
OPTSTK,BPCL,29-Sep-2016,460,CE,0,0,0,180.95,131.65,0,0,0,0,17-AUG-2016,
OPTSTK,BPCL,29-Sep-2016,470,CE,0,0,0,164.95,122.05,0,0,0,0,17-AUG-2016,
OPTSTK,BPCL,29-Sep-2016,480,CE,0,0,0,149.7,112.6,0,0,0,0,17-AUG-2016,
OPTSTK,BPCL,29-Sep-2016,490,CE,0,0,0,135.25,103.35,0,0,0,0,17-AUG-2016,
OPTSTK,BPCL,29-Sep-2016,500,CE,0,0,0,121.5,94.3,0,0,0,0,17-AUG-2016,
OPTSTK,BPCL,29-Sep-2016,510,CE,0,0,0,108.7,85.55,0,0,0,0,17-AUG-2016,
OPTSTK,BPCL,29-Sep-2016,520,CE,0,0,0,96.8,77.1,0,0,0,0,17-AUG-2016,
OPTSTK,BPCL,29-Sep-2016,530,CE,0,0,0,85.8,69.05,0,0,0,0,17-AUG-2016,
OPTSTK,BPCL,29-Sep-2016,540,CE,0,0,0,75.65,61.4,0,0,0,0,17-AUG-2016,
OPTSTK,BPCL,29-Sep-2016,550,CE,0,0,0,57.7,54.2,0,0,1200,0,17-AUG-2016,
OPTSTK,BPCL,29-Sep-2016,560,CE,0,0,0,58.05,47.55,0,0,0,0,17-AUG-2016,
OPTSTK,BPCL,29-Sep-2016,570,CE,0,0,0,46.95,41.4,0,0,2400,0,17-AUG-2016,
OPTSTK,BPCL,29-Sep-2016,580,CE,0,0,0,43.7,35.75,0,0,0,0,17-AUG-2016,
OPTSTK,BPCL,29-Sep-2016,590,CE,0,0,0,35,30.65,0,0,0,0,17-AUG-2016,
OPTSTK,BPCL,29-Sep-2016,600,CE,22,23,22,23,23,3,22.41,37200,3600,17-AUG-2016,
OPTSTK,BPCL,29-Sep-2016,610,CE,0,0,0,23.6,22.05,0,0,1200,0,17-AUG-2016,
OPTSTK,BPCL,29-Sep-2016,620,CE,0,0,0,18,18.5,0,0,3600,0,17-AUG-2016,
OPTSTK,BPCL,29-Sep-2016,630,CE,0,0,0,20,15.4,0,0,0,0,17-AUG-2016,
OPTSTK,BPCL,29-Sep-2016,640,CE,0,0,0,16.9,12.75,0,0,0,0,17-AUG-2016,
OPTSTK,BPCL,29-Sep-2016,650,CE,8.5,8.5,8.5,8.5,8.5,1,7.9,14400,0,17-AUG-2016,
OPTSTK,BPCL,29-Sep-2016,660,CE,0,0,0,11.9,8.55,0,0,0,0,17-AUG-2016,
OPTSTK,BPCL,29-Sep-2016,670,CE,0,0,0,9.95,6.9,0,0,0,0,17-AUG-2016,
OPTSTK,BPCL,29-Sep-2016,680,CE,0,0,0,8.3,5.55,0,0,0,0,17-AUG-2016,
OPTSTK,BPCL,29-Sep-2016,690,CE,0,0,0,6.9,4.45,0,0,0,0,17-AUG-2016,
OPTSTK,BPCL,29-Sep-2016,700,CE,0,0,0,5.7,3.55,0,0,0,0,17-AUG-2016,
OPTSTK,BPCL,29-Sep-2016,710,CE,0,0,0,4.7,2.8,0,0,0,0,17-AUG-2016,
OPTSTK,BPCL,29-Sep-2016,340,PE,0,0,0,0.1,0,0,0,0,0,17-AUG-2016,
OPTSTK,BPCL,29-Sep-2016,350,PE,0,0,0,0.15,0,0,0,0,0,17-AUG-2016,
OPTSTK,BPCL,29-Sep-2016,360,PE,0,0,0,0.3,0,0,0,0,0,17-AUG-2016,
OPTSTK,BPCL,29-Sep-2016,370,PE,0,0,0,0.45,0,0,0,0,0,17-AUG-2016,
OPTSTK,BPCL,29-Sep-2016,380,PE,0,0,0,0.75,0,0,0,0,0,17-AUG-2016,
OPTSTK,BPCL,29-Sep-2016,390,PE,0,0,0,1.15,0.05,0,0,0,0,17-AUG-2016,
OPTSTK,BPCL,29-Sep-2016,400,PE,0,0,0,1.75,0.05,0,0,0,0,17-AUG-2016,
OPTSTK,BPCL,29-Sep-2016,410,PE,0,0,0,2.55,0.05,0,0,0,0,17-AUG-2016,
OPTSTK,BPCL,29-Sep-2016,420,PE,0,0,0,3.7,0.1,0,0,0,0,17-AUG-2016,
OPTSTK,BPCL,29-Sep-2016,430,PE,0,0,0,5.15,0.15,0,0,0,0,17-AUG-2016,
OPTSTK,BPCL,29-Sep-2016,440,PE,0,0,0,7.1,0.2,0,0,0,0,17-AUG-2016,
OPTSTK,BPCL,29-Sep-2016,450,PE,0,0,0,9.5,0.35,0,0,0,0,17-AUG-2016,
OPTSTK,BPCL,29-Sep-2016,460,PE,0,0,0,12.55,0.6,0,0,0,0,17-AUG-2016,
OPTSTK,BPCL,29-Sep-2016,470,PE,0,0,0,16.2,0.9,0,0,0,0,17-AUG-2016,
OPTSTK,BPCL,29-Sep-2016,480,PE,0,0,0,20.6,1.35,0,0,0,0,17-AUG-2016,
OPTSTK,BPCL,29-Sep-2016,490,PE,0,0,0,25.75,2,0,0,0,0,17-AUG-2016,
OPTSTK,BPCL,29-Sep-2016,500,PE,0,0,0,31.7,2.9,0,0,0,0,17-AUG-2016,
OPTSTK,BPCL,29-Sep-2016,510,PE,0,0,0,38.55,4.05,0,0,0,0,17-AUG-2016,
OPTSTK,BPCL,29-Sep-2016,520,PE,5.2,5.2,5.2,5.2,5.2,12,75.62,14400,14400,17-AUG-2016,
OPTSTK,BPCL,29-Sep-2016,530,PE,0,0,0,54.9,7.4,0,0,0,0,17-AUG-2016,
OPTSTK,BPCL,29-Sep-2016,540,PE,8.7,8.7,8.7,8.7,8.7,2,13.16,3600,2400,17-AUG-2016,
OPTSTK,BPCL,29-Sep-2016,550,PE,0,0,0,74.85,12.4,0,0,0,0,17-AUG-2016,
OPTSTK,BPCL,29-Sep-2016,560,PE,0,0,0,86.1,15.65,0,0,0,0,17-AUG-2016,
OPTSTK,BPCL,29-Sep-2016,570,PE,0,0,0,16.6,19.4,0,0,3600,0,17-AUG-2016,
OPTSTK,BPCL,29-Sep-2016,580,PE,0,0,0,20,23.7,0,0,3600,0,17-AUG-2016,
OPTSTK,BPCL,29-Sep-2016,590,PE,0,0,0,124.65,28.55,0,0,0,0,17-AUG-2016,
OPTSTK,BPCL,29-Sep-2016,600,PE,28,32,28,32,32,5,37.79,8400,4800,17-AUG-2016,
OPTSTK,BPCL,29-Sep-2016,610,PE,0,0,0,154,39.75,0,0,0,0,17-AUG-2016,
OPTSTK,BPCL,29-Sep-2016,620,PE,0,0,0,169.5,46.15,0,0,0,0,17-AUG-2016,
OPTSTK,BPCL,29-Sep-2016,630,PE,0,0,0,185.55,52.95,0,0,0,0,17-AUG-2016,
OPTSTK,BPCL,29-Sep-2016,640,PE,0,0,0,202.1,60.25,0,0,0,0,17-AUG-2016,
OPTSTK,BPCL,29-Sep-2016,650,PE,0,0,0,219.1,67.85,0,0,0,0,17-AUG-2016,
OPTSTK,BPCL,29-Sep-2016,660,PE,0,0,0,236.45,75.85,0,0,0,0,17-AUG-2016,
OPTSTK,BPCL,29-Sep-2016,670,PE,0,0,0,254.15,84.15,0,0,0,0,17-AUG-2016,
OPTSTK,BPCL,29-Sep-2016,680,PE,0,0,0,272.1,92.7,0,0,0,0,17-AUG-2016,
OPTSTK,BPCL,29-Sep-2016,690,PE,0,0,0,290.35,101.5,0,0,0,0,17-AUG-2016,
OPTSTK,BPCL,29-Sep-2016,700,PE,0,0,0,308.8,110.5,0,0,0,0,17-AUG-2016,
OPTSTK,BPCL,29-Sep-2016,710,PE,0,0,0,327.45,119.7,0,0,0,0,17-AUG-2016,
OPTSTK,BPCL,27-Oct-2016,380,CE,0,0,0,210.35,212.5,0,0,0,0,17-AUG-2016,
OPTSTK,BPCL,27-Oct-2016,390,CE,0,0,0,200.55,202.7,0,0,0,0,17-AUG-2016,
OPTSTK,BPCL,27-Oct-2016,400,CE,0,0,0,190.75,192.9,0,0,0,0,17-AUG-2016,
OPTSTK,BPCL,27-Oct-2016,410,CE,0,0,0,180.95,183.15,0,0,0,0,17-AUG-2016,
OPTSTK,BPCL,27-Oct-2016,420,CE,0,0,0,171.15,173.45,0,0,0,0,17-AUG-2016,
OPTSTK,BPCL,27-Oct-2016,430,CE,0,0,0,161.45,163.8,0,0,0,0,17-AUG-2016,
OPTSTK,BPCL,27-Oct-2016,440,CE,0,0,0,151.75,154.25,0,0,0,0,17-AUG-2016,
OPTSTK,BPCL,27-Oct-2016,450,CE,0,0,0,142.15,144.8,0,0,0,0,17-AUG-2016,
OPTSTK,BPCL,27-Oct-2016,460,CE,0,0,0,132.6,135.5,0,0,0,0,17-AUG-2016,
OPTSTK,BPCL,27-Oct-2016,470,CE,0,0,0,123.25,126.4,0,0,0,0,17-AUG-2016,
OPTSTK,BPCL,27-Oct-2016,480,CE,0,0,0,114,117.5,0,0,0,0,17-AUG-2016,
OPTSTK,BPCL,27-Oct-2016,490,CE,0,0,0,104.95,108.8,0,0,0,0,17-AUG-2016,
OPTSTK,BPCL,27-Oct-2016,500,CE,0,0,0,96.2,100.35,0,0,0,0,17-AUG-2016,
OPTSTK,BPCL,27-Oct-2016,510,CE,0,0,0,87.7,92.25,0,0,0,0,17-AUG-2016,
OPTSTK,BPCL,27-Oct-2016,520,CE,0,0,0,79.5,84.45,0,0,0,0,17-AUG-2016,
OPTSTK,BPCL,27-Oct-2016,530,CE,0,0,0,71.7,77,0,0,0,0,17-AUG-2016,
OPTSTK,BPCL,27-Oct-2016,540,CE,0,0,0,64.3,69.9,0,0,0,0,17-AUG-2016,
OPTSTK,BPCL,27-Oct-2016,550,CE,0,0,0,57.3,63.2,0,0,0,0,17-AUG-2016,
OPTSTK,BPCL,27-Oct-2016,560,CE,0,0,0,50.75,56.9,0,0,0,0,17-AUG-2016,
OPTSTK,BPCL,27-Oct-2016,570,CE,0,0,0,44.7,51.05,0,0,0,0,17-AUG-2016,
OPTSTK,BPCL,27-Oct-2016,580,CE,0,0,0,39.15,45.6,0,0,0,0,17-AUG-2016,
OPTSTK,BPCL,27-Oct-2016,590,CE,0,0,0,34.05,40.55,0,0,0,0,17-AUG-2016,
OPTSTK,BPCL,27-Oct-2016,600,CE,0,0,0,29.45,35.95,0,0,0,0,17-AUG-2016,
OPTSTK,BPCL,27-Oct-2016,610,CE,0,0,0,25.35,31.7,0,0,0,0,17-AUG-2016,
OPTSTK,BPCL,27-Oct-2016,620,CE,0,0,0,21.65,27.85,0,0,0,0,17-AUG-2016,
OPTSTK,BPCL,27-Oct-2016,630,CE,0,0,0,18.4,24.4,0,0,0,0,17-AUG-2016,
OPTSTK,BPCL,27-Oct-2016,640,CE,0,0,0,15.55,21.3,0,0,0,0,17-AUG-2016,
OPTSTK,BPCL,27-Oct-2016,650,CE,0,0,0,13.1,18.5,0,0,0,0,17-AUG-2016,
OPTSTK,BPCL,27-Oct-2016,660,CE,0,0,0,10.95,16.05,0,0,0,0,17-AUG-2016,
OPTSTK,BPCL,27-Oct-2016,670,CE,0,0,0,9.1,13.85,0,0,0,0,17-AUG-2016,
OPTSTK,BPCL,27-Oct-2016,680,CE,0,0,0,7.5,11.9,0,0,0,0,17-AUG-2016,
OPTSTK,BPCL,27-Oct-2016,690,CE,0,0,0,6.2,10.2,0,0,0,0,17-AUG-2016,
OPTSTK,BPCL,27-Oct-2016,700,CE,0,0,0,5.05,8.7,0,0,0,0,17-AUG-2016,
OPTSTK,BPCL,27-Oct-2016,710,CE,0,0,0,4.1,7.4,0,0,0,0,17-AUG-2016,
OPTSTK,BPCL,27-Oct-2016,380,PE,0,0,0,0.05,0.1,0,0,0,0,17-AUG-2016,
OPTSTK,BPCL,27-Oct-2016,390,PE,0,0,0,0.05,0.15,0,0,0,0,17-AUG-2016,
OPTSTK,BPCL,27-Oct-2016,400,PE,0,0,0,0.05,0.2,0,0,0,0,17-AUG-2016,
OPTSTK,BPCL,27-Oct-2016,410,PE,0,0,0,0.1,0.3,0,0,0,0,17-AUG-2016,
OPTSTK,BPCL,27-Oct-2016,420,PE,0,0,0,0.15,0.5,0,0,0,0,17-AUG-2016,
OPTSTK,BPCL,27-Oct-2016,430,PE,0,0,0,0.25,0.7,0,0,0,0,17-AUG-2016,
OPTSTK,BPCL,27-Oct-2016,440,PE,0,0,0,0.4,1.05,0,0,0,0,17-AUG-2016,
OPTSTK,BPCL,27-Oct-2016,450,PE,0,0,0,0.6,1.45,0,0,0,0,17-AUG-2016,
OPTSTK,BPCL,27-Oct-2016,460,PE,0,0,0,0.9,2.05,0,0,0,0,17-AUG-2016,
OPTSTK,BPCL,27-Oct-2016,470,PE,0,0,0,1.35,2.8,0,0,0,0,17-AUG-2016,
OPTSTK,BPCL,27-Oct-2016,480,PE,0,0,0,1.95,3.75,0,0,0,0,17-AUG-2016,
OPTSTK,BPCL,27-Oct-2016,490,PE,0,0,0,2.75,4.9,0,0,0,0,17-AUG-2016,
OPTSTK,BPCL,27-Oct-2016,500,PE,0,0,0,3.8,6.35,0,0,0,0,17-AUG-2016,
OPTSTK,BPCL,27-Oct-2016,510,PE,0,0,0,5.1,8.1,0,0,0,0,17-AUG-2016,
OPTSTK,BPCL,27-Oct-2016,520,PE,0,0,0,6.75,10.15,0,0,0,0,17-AUG-2016,
OPTSTK,BPCL,27-Oct-2016,530,PE,0,0,0,8.8,12.6,0,0,0,0,17-AUG-2016,
OPTSTK,BPCL,27-Oct-2016,540,PE,0,0,0,11.2,15.35,0,0,0,0,17-AUG-2016,
OPTSTK,BPCL,27-Oct-2016,550,PE,0,0,0,14.05,18.5,0,0,0,0,17-AUG-2016,
OPTSTK,BPCL,27-Oct-2016,560,PE,0,0,0,17.35,22.1,0,0,0,0,17-AUG-2016,
OPTSTK,BPCL,27-Oct-2016,570,PE,0,0,0,21.1,26.1,0,0,0,0,17-AUG-2016,
OPTSTK,BPCL,27-Oct-2016,580,PE,0,0,0,25.4,30.5,0,0,0,0,17-AUG-2016,
OPTSTK,BPCL,27-Oct-2016,590,PE,0,0,0,30.15,35.35,0,0,0,0,17-AUG-2016,
OPTSTK,BPCL,27-Oct-2016,600,PE,0,0,0,35.35,40.6,0,0,0,0,17-AUG-2016,
OPTSTK,BPCL,27-Oct-2016,610,PE,0,0,0,41.05,46.25,0,0,0,0,17-AUG-2016,
OPTSTK,BPCL,27-Oct-2016,620,PE,0,0,0,47.2,52.25,0,0,0,0,17-AUG-2016,
OPTSTK,BPCL,27-Oct-2016,630,PE,0,0,0,53.8,58.65,0,0,0,0,17-AUG-2016,
OPTSTK,BPCL,27-Oct-2016,640,PE,0,0,0,60.75,65.4,0,0,0,0,17-AUG-2016,
OPTSTK,BPCL,27-Oct-2016,650,PE,0,0,0,68.15,72.5,0,0,0,0,17-AUG-2016,
OPTSTK,BPCL,27-Oct-2016,660,PE,0,0,0,75.8,79.9,0,0,0,0,17-AUG-2016,
OPTSTK,BPCL,27-Oct-2016,670,PE,0,0,0,83.8,87.55,0,0,0,0,17-AUG-2016,
OPTSTK,BPCL,27-Oct-2016,680,PE,0,0,0,92.05,95.45,0,0,0,0,17-AUG-2016,
OPTSTK,BPCL,27-Oct-2016,690,PE,0,0,0,100.55,103.65,0,0,0,0,17-AUG-2016,
OPTSTK,BPCL,27-Oct-2016,700,PE,0,0,0,109.25,112,0,0,0,0,17-AUG-2016,
OPTSTK,BPCL,27-Oct-2016,710,PE,0,0,0,118.1,120.6,0,0,0,0,17-AUG-2016,
OPTSTK,BRITANNIA,25-Aug-2016,2050,CE,0,0,0,757.35,1289.8,0,0,0,0,17-AUG-2016,
OPTSTK,BRITANNIA,25-Aug-2016,2100,CE,0,0,0,714.7,1239.85,0,0,0,0,17-AUG-2016,
OPTSTK,BRITANNIA,25-Aug-2016,2150,CE,0,0,0,673.2,1189.95,0,0,0,0,17-AUG-2016,
OPTSTK,BRITANNIA,25-Aug-2016,2200,CE,0,0,0,632.85,1140,0,0,0,0,17-AUG-2016,
OPTSTK,BRITANNIA,25-Aug-2016,2250,CE,0,0,0,593.75,1090.1,0,0,0,0,17-AUG-2016,
OPTSTK,BRITANNIA,25-Aug-2016,2300,CE,0,0,0,556,1040.15,0,0,0,0,17-AUG-2016,
OPTSTK,BRITANNIA,25-Aug-2016,2350,CE,0,0,0,519.7,990.25,0,0,0,0,17-AUG-2016,
OPTSTK,BRITANNIA,25-Aug-2016,2400,CE,0,0,0,484.8,940.3,0,0,0,0,17-AUG-2016,
OPTSTK,BRITANNIA,25-Aug-2016,2450,CE,0,0,0,451.3,890.4,0,0,0,0,17-AUG-2016,
OPTSTK,BRITANNIA,25-Aug-2016,2500,CE,0,0,0,419.3,840.45,0,0,0,0,17-AUG-2016,
OPTSTK,BRITANNIA,25-Aug-2016,2550,CE,0,0,0,388.95,790.55,0,0,0,0,17-AUG-2016,
OPTSTK,BRITANNIA,25-Aug-2016,2600,CE,0,0,0,360.1,740.6,0,0,0,0,17-AUG-2016,
OPTSTK,BRITANNIA,25-Aug-2016,2650,CE,0,0,0,332.85,690.7,0,0,0,0,17-AUG-2016,
OPTSTK,BRITANNIA,25-Aug-2016,2700,CE,0,0,0,307.1,640.8,0,0,0,0,17-AUG-2016,
OPTSTK,BRITANNIA,25-Aug-2016,2750,CE,0,0,0,537.6,591,0,0,200,0,17-AUG-2016,
OPTSTK,BRITANNIA,25-Aug-2016,2800,CE,0,0,0,444.5,541.25,0,0,800,0,17-AUG-2016,
OPTSTK,BRITANNIA,25-Aug-2016,2850,CE,0,0,0,199.9,491.75,0,0,600,0,17-AUG-2016,
OPTSTK,BRITANNIA,25-Aug-2016,2900,CE,440,440,440,440,440,1,6.68,6200,-200,17-AUG-2016,
OPTSTK,BRITANNIA,25-Aug-2016,2950,CE,0,0,0,320,394.15,0,0,2400,0,17-AUG-2016,
OPTSTK,BRITANNIA,25-Aug-2016,3000,CE,321.25,330,321.25,330,330,2,13.3,9000,-200,17-AUG-2016,
OPTSTK,BRITANNIA,25-Aug-2016,3050,CE,255.1,300,255.1,300,300,2,13.31,1800,-200,17-AUG-2016,
OPTSTK,BRITANNIA,25-Aug-2016,3100,CE,214.8,244,214.8,234.05,234.05,5,33.33,12400,-800,17-AUG-2016,
OPTSTK,BRITANNIA,25-Aug-2016,3150,CE,175,193.25,170,185.65,185.65,5,33.31,6800,-600,17-AUG-2016,
OPTSTK,BRITANNIA,25-Aug-2016,3200,CE,120,154,117,147.6,147.6,11,73.44,5600,-200,17-AUG-2016,
OPTSTK,BRITANNIA,25-Aug-2016,3250,CE,81.7,81.7,81.7,81.7,81.7,1,6.66,2000,0,17-AUG-2016,
OPTSTK,BRITANNIA,25-Aug-2016,3300,CE,55.3,89.95,51.85,74.95,74.95,177,1193.73,18000,-4000,17-AUG-2016,
OPTSTK,BRITANNIA,25-Aug-2016,3350,CE,50,64.9,45,47.5,47.5,44,299.58,4000,-800,17-AUG-2016,
OPTSTK,BRITANNIA,25-Aug-2016,3400,CE,32,44,25.65,27.75,27.75,76,521.89,10400,-800,17-AUG-2016,
OPTSTK,BRITANNIA,25-Aug-2016,3450,CE,20,20,20,20,20,3,20.82,400,-400,17-AUG-2016,
OPTSTK,BRITANNIA,25-Aug-2016,3500,CE,8.3,18.2,8.3,12.85,12.85,36,253.04,13600,1400,17-AUG-2016,
OPTSTK,BRITANNIA,25-Aug-2016,3550,CE,0,0,0,62.35,24.75,0,0,0,0,17-AUG-2016,
OPTSTK,BRITANNIA,25-Aug-2016,3600,CE,0,0,0,56.15,17,0,0,0,0,17-AUG-2016,
OPTSTK,BRITANNIA,25-Aug-2016,3650,CE,0,0,0,50.55,11.4,0,0,0,0,17-AUG-2016,
OPTSTK,BRITANNIA,25-Aug-2016,3700,CE,0,0,0,45.4,7.45,0,0,0,0,17-AUG-2016,
OPTSTK,BRITANNIA,25-Aug-2016,3750,CE,0,0,0,40.8,4.75,0,0,0,0,17-AUG-2016,
OPTSTK,BRITANNIA,25-Aug-2016,3800,CE,0,0,0,28.3,2.95,0,0,0,0,17-AUG-2016,
OPTSTK,BRITANNIA,25-Aug-2016,2050,PE,0,0,0,26.35,0,0,0,0,0,17-AUG-2016,
OPTSTK,BRITANNIA,25-Aug-2016,2100,PE,0,0,0,32.85,0,0,0,0,0,17-AUG-2016,
OPTSTK,BRITANNIA,25-Aug-2016,2150,PE,0,0,0,40.45,0,0,0,0,0,17-AUG-2016,
OPTSTK,BRITANNIA,25-Aug-2016,2200,PE,0,0,0,49.2,0,0,0,0,0,17-AUG-2016,
OPTSTK,BRITANNIA,25-Aug-2016,2250,PE,0,0,0,59.25,0,0,0,0,0,17-AUG-2016,
OPTSTK,BRITANNIA,25-Aug-2016,2300,PE,0,0,0,70.6,0,0,0,0,0,17-AUG-2016,
OPTSTK,BRITANNIA,25-Aug-2016,2350,PE,0,0,0,83.4,0,0,0,0,0,17-AUG-2016,
OPTSTK,BRITANNIA,25-Aug-2016,2400,PE,0,0,0,97.55,0,0,0,0,0,17-AUG-2016,
OPTSTK,BRITANNIA,25-Aug-2016,2450,PE,0,0,0,113.2,0,0,0,0,0,17-AUG-2016,
OPTSTK,BRITANNIA,25-Aug-2016,2500,PE,0,0,0,130.3,0,0,0,0,0,17-AUG-2016,
OPTSTK,BRITANNIA,25-Aug-2016,2550,PE,0,0,0,149.05,0,0,0,0,0,17-AUG-2016,
OPTSTK,BRITANNIA,25-Aug-2016,2600,PE,0,0,0,10,0.05,0,0,1000,0,17-AUG-2016,
OPTSTK,BRITANNIA,25-Aug-2016,2650,PE,0,0,0,191.15,0.05,0,0,0,0,17-AUG-2016,
OPTSTK,BRITANNIA,25-Aug-2016,2700,PE,0,0,0,0.5,0.1,0,0,2200,0,17-AUG-2016,
OPTSTK,BRITANNIA,25-Aug-2016,2750,PE,0,0,0,0.15,0.15,0,0,800,0,17-AUG-2016,
OPTSTK,BRITANNIA,25-Aug-2016,2800,PE,0.4,0.6,0.4,0.6,0.6,3,16.8,10200,-600,17-AUG-2016,
OPTSTK,BRITANNIA,25-Aug-2016,2850,PE,0,0,0,6,0.75,0,0,1800,0,17-AUG-2016,
OPTSTK,BRITANNIA,25-Aug-2016,2900,PE,3.5,3.5,3.5,3.5,3.5,1,5.8,17200,-200,17-AUG-2016,
OPTSTK,BRITANNIA,25-Aug-2016,2950,PE,0,0,0,0.55,3,0,0,2800,0,17-AUG-2016,
OPTSTK,BRITANNIA,25-Aug-2016,3000,PE,3.5,3.5,1.8,2.5,2.5,3,18.01,20000,200,17-AUG-2016,
OPTSTK,BRITANNIA,25-Aug-2016,3050,PE,0,0,0,2.65,9.5,0,0,3800,0,17-AUG-2016,
OPTSTK,BRITANNIA,25-Aug-2016,3100,PE,6,6,3,4.65,4.65,11,68.29,16600,-800,17-AUG-2016,
OPTSTK,BRITANNIA,25-Aug-2016,3150,PE,4.9,6.9,3.25,5.1,5.1,4,25.24,2000,0,17-AUG-2016,
OPTSTK,BRITANNIA,25-Aug-2016,3200,PE,14.35,14.35,9,11.6,11.6,16,102.75,7400,400,17-AUG-2016,
OPTSTK,BRITANNIA,25-Aug-2016,3250,PE,20,20,20,20,20,3,19.62,1600,-200,17-AUG-2016,
OPTSTK,BRITANNIA,25-Aug-2016,3300,PE,45,45,30.4,39.25,39.25,21,140.22,2200,400,17-AUG-2016,
OPTSTK,BRITANNIA,25-Aug-2016,3350,PE,65,65,58.8,58.8,58.8,7,47.78,1400,1200,17-AUG-2016,
OPTSTK,BRITANNIA,25-Aug-2016,3400,PE,0,0,0,679.75,124.4,0,0,0,0,17-AUG-2016,
OPTSTK,BRITANNIA,25-Aug-2016,3450,PE,0,0,0,720.7,156.95,0,0,0,0,17-AUG-2016,
OPTSTK,BRITANNIA,25-Aug-2016,3500,PE,0,0,0,762.35,193.4,0,0,0,0,17-AUG-2016,
OPTSTK,BRITANNIA,25-Aug-2016,3550,PE,0,0,0,804.6,232.75,0,0,0,0,17-AUG-2016,
OPTSTK,BRITANNIA,25-Aug-2016,3600,PE,0,0,0,847.55,274.9,0,0,0,0,17-AUG-2016,
OPTSTK,BRITANNIA,25-Aug-2016,3650,PE,0,0,0,891,319.25,0,0,0,0,17-AUG-2016,
OPTSTK,BRITANNIA,25-Aug-2016,3700,PE,0,0,0,935,365.2,0,0,0,0,17-AUG-2016,
OPTSTK,BRITANNIA,25-Aug-2016,3750,PE,0,0,0,979.5,412.45,0,0,0,0,17-AUG-2016,
OPTSTK,BRITANNIA,25-Aug-2016,3800,PE,0,0,0,966.15,460.6,0,0,0,0,17-AUG-2016,
OPTSTK,BRITANNIA,29-Sep-2016,2050,CE,0,0,0,748.35,1303.45,0,0,0,0,17-AUG-2016,
OPTSTK,BRITANNIA,29-Sep-2016,2100,CE,0,0,0,700.8,1253.9,0,0,0,0,17-AUG-2016,
OPTSTK,BRITANNIA,29-Sep-2016,2150,CE,0,0,0,653.95,1204.45,0,0,0,0,17-AUG-2016,
OPTSTK,BRITANNIA,29-Sep-2016,2200,CE,0,0,0,607.85,1155.05,0,0,0,0,17-AUG-2016,
OPTSTK,BRITANNIA,29-Sep-2016,2250,CE,0,0,0,562.7,1105.75,0,0,0,0,17-AUG-2016,
OPTSTK,BRITANNIA,29-Sep-2016,2300,CE,0,0,0,518.7,1056.6,0,0,0,0,17-AUG-2016,
OPTSTK,BRITANNIA,29-Sep-2016,2350,CE,0,0,0,476,1007.65,0,0,0,0,17-AUG-2016,
OPTSTK,BRITANNIA,29-Sep-2016,2400,CE,0,0,0,434.85,958.95,0,0,0,0,17-AUG-2016,
OPTSTK,BRITANNIA,29-Sep-2016,2450,CE,0,0,0,395.4,910.55,0,0,0,0,17-AUG-2016,
OPTSTK,BRITANNIA,29-Sep-2016,2500,CE,0,0,0,357.85,862.6,0,0,0,0,17-AUG-2016,
OPTSTK,BRITANNIA,29-Sep-2016,2550,CE,0,0,0,322.2,815.15,0,0,0,0,17-AUG-2016,
OPTSTK,BRITANNIA,29-Sep-2016,2600,CE,0,0,0,288.6,768.3,0,0,0,0,17-AUG-2016,
OPTSTK,BRITANNIA,29-Sep-2016,2650,CE,0,0,0,257.3,722.2,0,0,0,0,17-AUG-2016,
OPTSTK,BRITANNIA,29-Sep-2016,2700,CE,0,0,0,228.25,676.95,0,0,0,0,17-AUG-2016,
OPTSTK,BRITANNIA,29-Sep-2016,2750,CE,0,0,0,201.45,632.7,0,0,0,0,17-AUG-2016,
OPTSTK,BRITANNIA,29-Sep-2016,2800,CE,0,0,0,176.95,589.55,0,0,0,0,17-AUG-2016,
OPTSTK,BRITANNIA,29-Sep-2016,2850,CE,0,0,0,154.65,547.7,0,0,0,0,17-AUG-2016,
OPTSTK,BRITANNIA,29-Sep-2016,2900,CE,0,0,0,349.7,507.15,0,0,800,0,17-AUG-2016,
OPTSTK,BRITANNIA,29-Sep-2016,2950,CE,0,0,0,116.4,468.15,0,0,0,0,17-AUG-2016,
OPTSTK,BRITANNIA,29-Sep-2016,3000,CE,0,0,0,100.25,430.8,0,0,0,0,17-AUG-2016,
OPTSTK,BRITANNIA,29-Sep-2016,3050,CE,0,0,0,86,395,0,0,0,0,17-AUG-2016,
OPTSTK,BRITANNIA,29-Sep-2016,3100,CE,0,0,0,73.55,360.85,0,0,0,0,17-AUG-2016,
OPTSTK,BRITANNIA,29-Sep-2016,3150,CE,0,0,0,62.55,328.65,0,0,0,0,17-AUG-2016,
OPTSTK,BRITANNIA,29-Sep-2016,3200,CE,0,0,0,52.85,298.35,0,0,0,0,17-AUG-2016,
OPTSTK,BRITANNIA,29-Sep-2016,3250,CE,0,0,0,44.55,269.9,0,0,0,0,17-AUG-2016,
OPTSTK,BRITANNIA,29-Sep-2016,3300,CE,0,0,0,149.15,243.35,0,0,600,0,17-AUG-2016,
OPTSTK,BRITANNIA,29-Sep-2016,3350,CE,0,0,0,31.25,218.7,0,0,0,0,17-AUG-2016,
OPTSTK,BRITANNIA,29-Sep-2016,3400,CE,0,0,0,26,195.9,0,0,0,0,17-AUG-2016,
OPTSTK,BRITANNIA,29-Sep-2016,3450,CE,0,0,0,21.6,174.85,0,0,0,0,17-AUG-2016,
OPTSTK,BRITANNIA,29-Sep-2016,3500,CE,0,0,0,17.85,155.6,0,0,0,0,17-AUG-2016,
OPTSTK,BRITANNIA,29-Sep-2016,3550,CE,0,0,0,14.7,138,0,0,0,0,17-AUG-2016,
OPTSTK,BRITANNIA,29-Sep-2016,3600,CE,0,0,0,12.05,122,0,0,0,0,17-AUG-2016,
OPTSTK,BRITANNIA,29-Sep-2016,3650,CE,0,0,0,9.85,107.55,0,0,0,0,17-AUG-2016,
OPTSTK,BRITANNIA,29-Sep-2016,3700,CE,0,0,0,8.05,94.65,0,0,0,0,17-AUG-2016,
OPTSTK,BRITANNIA,29-Sep-2016,3750,CE,0,0,0,6.55,83,0,0,0,0,17-AUG-2016,
OPTSTK,BRITANNIA,29-Sep-2016,3800,CE,0,0,0,6.6,72.4,0,0,0,0,17-AUG-2016,
OPTSTK,BRITANNIA,29-Sep-2016,2050,PE,0,0,0,3.15,0.15,0,0,0,0,17-AUG-2016,
OPTSTK,BRITANNIA,29-Sep-2016,2100,PE,0,0,0,4.75,0.2,0,0,0,0,17-AUG-2016,
OPTSTK,BRITANNIA,29-Sep-2016,2150,PE,0,0,0,7,0.35,0,0,0,0,17-AUG-2016,
OPTSTK,BRITANNIA,29-Sep-2016,2200,PE,0,0,0,10,0.55,0,0,0,0,17-AUG-2016,
OPTSTK,BRITANNIA,29-Sep-2016,2250,PE,0,0,0,14,0.85,0,0,0,0,17-AUG-2016,
OPTSTK,BRITANNIA,29-Sep-2016,2300,PE,0,0,0,19.1,1.3,0,0,0,0,17-AUG-2016,
OPTSTK,BRITANNIA,29-Sep-2016,2350,PE,0,0,0,25.55,1.9,0,0,0,0,17-AUG-2016,
OPTSTK,BRITANNIA,29-Sep-2016,2400,PE,0,0,0,33.5,2.8,0,0,0,0,17-AUG-2016,
OPTSTK,BRITANNIA,29-Sep-2016,2450,PE,0,0,0,43.15,4,0,0,0,0,17-AUG-2016,
OPTSTK,BRITANNIA,29-Sep-2016,2500,PE,0,0,0,54.75,5.65,0,0,0,0,17-AUG-2016,
OPTSTK,BRITANNIA,29-Sep-2016,2550,PE,0,0,0,68.2,7.8,0,0,0,0,17-AUG-2016,
OPTSTK,BRITANNIA,29-Sep-2016,2600,PE,0,0,0,83.7,10.55,0,0,0,0,17-AUG-2016,
OPTSTK,BRITANNIA,29-Sep-2016,2650,PE,0,0,0,101.5,14.05,0,0,0,0,17-AUG-2016,
OPTSTK,BRITANNIA,29-Sep-2016,2700,PE,0,0,0,121.6,18.4,0,0,0,0,17-AUG-2016,
OPTSTK,BRITANNIA,29-Sep-2016,2750,PE,0,0,0,143.9,23.75,0,0,0,0,17-AUG-2016,
OPTSTK,BRITANNIA,29-Sep-2016,2800,PE,0,0,0,168.5,30.2,0,0,0,0,17-AUG-2016,
OPTSTK,BRITANNIA,29-Sep-2016,2850,PE,0,0,0,195.35,37.9,0,0,0,0,17-AUG-2016,
OPTSTK,BRITANNIA,29-Sep-2016,2900,PE,0,0,0,224.3,47,0,0,0,0,17-AUG-2016,
OPTSTK,BRITANNIA,29-Sep-2016,2950,PE,0,0,0,255.35,57.55,0,0,0,0,17-AUG-2016,
OPTSTK,BRITANNIA,29-Sep-2016,3000,PE,0,0,0,16,69.8,0,0,200,0,17-AUG-2016,
OPTSTK,BRITANNIA,29-Sep-2016,3050,PE,0,0,0,323.15,83.6,0,0,0,0,17-AUG-2016,
OPTSTK,BRITANNIA,29-Sep-2016,3100,PE,0,0,0,359.8,99.05,0,0,0,0,17-AUG-2016,
OPTSTK,BRITANNIA,29-Sep-2016,3150,PE,0,0,0,397.95,116.45,0,0,0,0,17-AUG-2016,
OPTSTK,BRITANNIA,29-Sep-2016,3200,PE,0,0,0,437.35,135.75,0,0,0,0,17-AUG-2016,
OPTSTK,BRITANNIA,29-Sep-2016,3250,PE,0,0,0,478.15,156.9,0,0,0,0,17-AUG-2016,
OPTSTK,BRITANNIA,29-Sep-2016,3300,PE,0,0,0,520.15,179.95,0,0,0,0,17-AUG-2016,
OPTSTK,BRITANNIA,29-Sep-2016,3350,PE,0,0,0,563.1,204.9,0,0,0,0,17-AUG-2016,
OPTSTK,BRITANNIA,29-Sep-2016,3400,PE,0,0,0,607,231.65,0,0,0,0,17-AUG-2016,
OPTSTK,BRITANNIA,29-Sep-2016,3450,PE,0,0,0,651.7,260.25,0,0,0,0,17-AUG-2016,
OPTSTK,BRITANNIA,29-Sep-2016,3500,PE,0,0,0,697.05,290.55,0,0,0,0,17-AUG-2016,
OPTSTK,BRITANNIA,29-Sep-2016,3550,PE,0,0,0,743,322.55,0,0,0,0,17-AUG-2016,
OPTSTK,BRITANNIA,29-Sep-2016,3600,PE,0,0,0,789.5,356.15,0,0,0,0,17-AUG-2016,
OPTSTK,BRITANNIA,29-Sep-2016,3650,PE,0,0,0,836.4,391.3,0,0,0,0,17-AUG-2016,
OPTSTK,BRITANNIA,29-Sep-2016,3700,PE,0,0,0,883.7,428,0,0,0,0,17-AUG-2016,
OPTSTK,BRITANNIA,29-Sep-2016,3750,PE,0,0,0,931.35,465.95,0,0,0,0,17-AUG-2016,
OPTSTK,BRITANNIA,29-Sep-2016,3800,PE,0,0,0,933.55,504.95,0,0,0,0,17-AUG-2016,
OPTSTK,BRITANNIA,27-Oct-2016,2050,CE,0,0,0,850.75,1315.35,0,0,0,0,17-AUG-2016,
OPTSTK,BRITANNIA,27-Oct-2016,2100,CE,0,0,0,801.85,1266.55,0,0,0,0,17-AUG-2016,
OPTSTK,BRITANNIA,27-Oct-2016,2150,CE,0,0,0,753.05,1218,0,0,0,0,17-AUG-2016,
OPTSTK,BRITANNIA,27-Oct-2016,2200,CE,0,0,0,704.5,1169.65,0,0,0,0,17-AUG-2016,
OPTSTK,BRITANNIA,27-Oct-2016,2250,CE,0,0,0,656.3,1121.6,0,0,0,0,17-AUG-2016,
OPTSTK,BRITANNIA,27-Oct-2016,2300,CE,0,0,0,608.6,1073.95,0,0,0,0,17-AUG-2016,
OPTSTK,BRITANNIA,27-Oct-2016,2350,CE,0,0,0,561.5,1026.7,0,0,0,0,17-AUG-2016,
OPTSTK,BRITANNIA,27-Oct-2016,2400,CE,0,0,0,515.3,980,0,0,0,0,17-AUG-2016,
OPTSTK,BRITANNIA,27-Oct-2016,2450,CE,0,0,0,470.2,933.85,0,0,0,0,17-AUG-2016,
OPTSTK,BRITANNIA,27-Oct-2016,2500,CE,0,0,0,426.4,888.35,0,0,0,0,17-AUG-2016,
OPTSTK,BRITANNIA,27-Oct-2016,2550,CE,0,0,0,384.2,843.6,0,0,0,0,17-AUG-2016,
OPTSTK,BRITANNIA,27-Oct-2016,2600,CE,0,0,0,343.85,799.75,0,0,0,0,17-AUG-2016,
OPTSTK,BRITANNIA,27-Oct-2016,2650,CE,0,0,0,305.55,756.75,0,0,0,0,17-AUG-2016,
OPTSTK,BRITANNIA,27-Oct-2016,2700,CE,0,0,0,269.65,714.8,0,0,0,0,17-AUG-2016,
OPTSTK,BRITANNIA,27-Oct-2016,2750,CE,0,0,0,236.05,673.9,0,0,0,0,17-AUG-2016,
OPTSTK,BRITANNIA,27-Oct-2016,2800,CE,0,0,0,205.15,634.15,0,0,0,0,17-AUG-2016,
OPTSTK,BRITANNIA,27-Oct-2016,2850,CE,0,0,0,176.95,595.6,0,0,0,0,17-AUG-2016,
OPTSTK,BRITANNIA,27-Oct-2016,2900,CE,0,0,0,151.45,558.5,0,0,0,0,17-AUG-2016,
OPTSTK,BRITANNIA,27-Oct-2016,2950,CE,0,0,0,128.6,522.55,0,0,0,0,17-AUG-2016,
OPTSTK,BRITANNIA,27-Oct-2016,3000,CE,0,0,0,108.4,488,0,0,0,0,17-AUG-2016,
OPTSTK,BRITANNIA,27-Oct-2016,3050,CE,0,0,0,90.65,454.8,0,0,0,0,17-AUG-2016,
OPTSTK,BRITANNIA,27-Oct-2016,3100,CE,0,0,0,75.25,423.15,0,0,0,0,17-AUG-2016,
OPTSTK,BRITANNIA,27-Oct-2016,3150,CE,0,0,0,62.1,393,0,0,0,0,17-AUG-2016,
OPTSTK,BRITANNIA,27-Oct-2016,3200,CE,0,0,0,50.75,364.3,0,0,0,0,17-AUG-2016,
OPTSTK,BRITANNIA,27-Oct-2016,3250,CE,0,0,0,41.2,337.1,0,0,0,0,17-AUG-2016,
OPTSTK,BRITANNIA,27-Oct-2016,3300,CE,0,0,0,33.2,311.4,0,0,0,0,17-AUG-2016,
OPTSTK,BRITANNIA,27-Oct-2016,3350,CE,0,0,0,26.6,287.1,0,0,0,0,17-AUG-2016,
OPTSTK,BRITANNIA,27-Oct-2016,3400,CE,0,0,0,21.15,264.25,0,0,0,0,17-AUG-2016,
OPTSTK,BRITANNIA,27-Oct-2016,3450,CE,0,0,0,16.7,242.8,0,0,0,0,17-AUG-2016,
OPTSTK,BRITANNIA,27-Oct-2016,3500,CE,0,0,0,13.1,222.75,0,0,0,0,17-AUG-2016,
OPTSTK,BRITANNIA,27-Oct-2016,3550,CE,0,0,0,10.2,203.95,0,0,0,0,17-AUG-2016,
OPTSTK,BRITANNIA,27-Oct-2016,3600,CE,0,0,0,7.9,186.5,0,0,0,0,17-AUG-2016,
OPTSTK,BRITANNIA,27-Oct-2016,3650,CE,0,0,0,6.1,170.25,0,0,0,0,17-AUG-2016,
OPTSTK,BRITANNIA,27-Oct-2016,3700,CE,0,0,0,4.65,155.15,0,0,0,0,17-AUG-2016,
OPTSTK,BRITANNIA,27-Oct-2016,3750,CE,0,0,0,3.55,141.2,0,0,0,0,17-AUG-2016,
OPTSTK,BRITANNIA,27-Oct-2016,3800,CE,0,0,0,2.7,128.45,0,0,0,0,17-AUG-2016,
OPTSTK,BRITANNIA,27-Oct-2016,2050,PE,0,0,0,0.25,1.3,0,0,0,0,17-AUG-2016,
OPTSTK,BRITANNIA,27-Oct-2016,2100,PE,0,0,0,0.45,1.85,0,0,0,0,17-AUG-2016,
OPTSTK,BRITANNIA,27-Oct-2016,2150,PE,0,0,0,0.85,2.6,0,0,0,0,17-AUG-2016,
OPTSTK,BRITANNIA,27-Oct-2016,2200,PE,0,0,0,1.45,3.6,0,0,0,0,17-AUG-2016,
OPTSTK,BRITANNIA,27-Oct-2016,2250,PE,0,0,0,2.35,4.9,0,0,0,0,17-AUG-2016,
OPTSTK,BRITANNIA,27-Oct-2016,2300,PE,0,0,0,3.8,6.6,0,0,0,0,17-AUG-2016,
OPTSTK,BRITANNIA,27-Oct-2016,2350,PE,0,0,0,5.85,8.7,0,0,0,0,17-AUG-2016,
OPTSTK,BRITANNIA,27-Oct-2016,2400,PE,0,0,0,8.8,11.3,0,0,0,0,17-AUG-2016,
OPTSTK,BRITANNIA,27-Oct-2016,2450,PE,0,0,0,12.8,14.45,0,0,0,0,17-AUG-2016,
OPTSTK,BRITANNIA,27-Oct-2016,2500,PE,0,0,0,18.15,18.3,0,0,0,0,17-AUG-2016,
OPTSTK,BRITANNIA,27-Oct-2016,2550,PE,0,0,0,25.1,22.95,0,0,0,0,17-AUG-2016,
OPTSTK,BRITANNIA,27-Oct-2016,2600,PE,0,0,0,33.9,28.35,0,0,0,0,17-AUG-2016,
OPTSTK,BRITANNIA,27-Oct-2016,2650,PE,0,0,0,44.75,34.7,0,0,0,0,17-AUG-2016,
OPTSTK,BRITANNIA,27-Oct-2016,2700,PE,0,0,0,58,42.1,0,0,0,0,17-AUG-2016,
OPTSTK,BRITANNIA,27-Oct-2016,2750,PE,0,0,0,73.5,50.5,0,0,0,0,17-AUG-2016,
OPTSTK,BRITANNIA,27-Oct-2016,2800,PE,0,0,0,91.75,60.1,0,0,0,0,17-AUG-2016,
OPTSTK,BRITANNIA,27-Oct-2016,2850,PE,0,0,0,112.7,70.9,0,0,0,0,17-AUG-2016,
OPTSTK,BRITANNIA,27-Oct-2016,2900,PE,0,0,0,136.35,83.15,0,0,0,0,17-AUG-2016,
OPTSTK,BRITANNIA,27-Oct-2016,2950,PE,0,0,0,162.65,96.55,0,0,0,0,17-AUG-2016,
OPTSTK,BRITANNIA,27-Oct-2016,3000,PE,0,0,0,191.55,111.3,0,0,0,0,17-AUG-2016,
OPTSTK,BRITANNIA,27-Oct-2016,3050,PE,0,0,0,222.95,127.4,0,0,0,0,17-AUG-2016,
OPTSTK,BRITANNIA,27-Oct-2016,3100,PE,0,0,0,256.65,145.15,0,0,0,0,17-AUG-2016,
OPTSTK,BRITANNIA,27-Oct-2016,3150,PE,0,0,0,292.7,164.3,0,0,0,0,17-AUG-2016,
OPTSTK,BRITANNIA,27-Oct-2016,3200,PE,0,0,0,330.45,184.95,0,0,0,0,17-AUG-2016,
OPTSTK,BRITANNIA,27-Oct-2016,3250,PE,0,0,0,370.05,207.1,0,0,0,0,17-AUG-2016,
OPTSTK,BRITANNIA,27-Oct-2016,3300,PE,0,0,0,411.2,230.7,0,0,0,0,17-AUG-2016,
OPTSTK,BRITANNIA,27-Oct-2016,3350,PE,0,0,0,453.75,255.75,0,0,0,0,17-AUG-2016,
OPTSTK,BRITANNIA,27-Oct-2016,3400,PE,0,0,0,497.45,282.25,0,0,0,0,17-AUG-2016,
OPTSTK,BRITANNIA,27-Oct-2016,3450,PE,0,0,0,542.15,310.1,0,0,0,0,17-AUG-2016,
OPTSTK,BRITANNIA,27-Oct-2016,3500,PE,0,0,0,587.65,339.35,0,0,0,0,17-AUG-2016,
OPTSTK,BRITANNIA,27-Oct-2016,3550,PE,0,0,0,633.95,369.95,0,0,0,0,17-AUG-2016,
OPTSTK,BRITANNIA,27-Oct-2016,3600,PE,0,0,0,680.75,401.8,0,0,0,0,17-AUG-2016,
OPTSTK,BRITANNIA,27-Oct-2016,3650,PE,0,0,0,728.1,434.85,0,0,0,0,17-AUG-2016,
OPTSTK,BRITANNIA,27-Oct-2016,3700,PE,0,0,0,775.8,469.1,0,0,0,0,17-AUG-2016,
OPTSTK,BRITANNIA,27-Oct-2016,3750,PE,0,0,0,823.85,504.5,0,0,0,0,17-AUG-2016,
OPTSTK,BRITANNIA,27-Oct-2016,3800,PE,0,0,0,872.1,541.1,0,0,0,0,17-AUG-2016,
OPTSTK,CADILAHC,25-Aug-2016,220,CE,0,0,0,104.1,154.35,0,0,0,0,17-AUG-2016,
OPTSTK,CADILAHC,25-Aug-2016,230,CE,0,0,0,94.3,144.35,0,0,0,0,17-AUG-2016,
OPTSTK,CADILAHC,25-Aug-2016,240,CE,0,0,0,84.6,134.4,0,0,0,0,17-AUG-2016,
OPTSTK,CADILAHC,25-Aug-2016,250,CE,0,0,0,74.95,124.4,0,0,0,0,17-AUG-2016,
OPTSTK,CADILAHC,25-Aug-2016,260,CE,0,0,0,65.5,114.4,0,0,0,0,17-AUG-2016,
OPTSTK,CADILAHC,25-Aug-2016,270,CE,0,0,0,56.4,104.4,0,0,0,0,17-AUG-2016,
OPTSTK,CADILAHC,25-Aug-2016,280,CE,0,0,0,47.7,94.45,0,0,0,0,17-AUG-2016,
OPTSTK,CADILAHC,25-Aug-2016,290,CE,0,0,0,39.6,84.45,0,0,0,0,17-AUG-2016,
OPTSTK,CADILAHC,25-Aug-2016,300,CE,0,0,0,70.9,74.45,0,0,3200,0,17-AUG-2016,
OPTSTK,CADILAHC,25-Aug-2016,310,CE,0,0,0,60.25,64.5,0,0,3200,0,17-AUG-2016,
OPTSTK,CADILAHC,25-Aug-2016,320,CE,0,0,0,53,54.55,0,0,0,0,17-AUG-2016,
OPTSTK,CADILAHC,25-Aug-2016,330,CE,0,0,0,37,44.7,0,0,1600,0,17-AUG-2016,
OPTSTK,CADILAHC,25-Aug-2016,340,CE,0,0,0,27.3,35.1,0,0,1600,0,17-AUG-2016,
OPTSTK,CADILAHC,25-Aug-2016,350,CE,21,21,21,21,21,1,5.93,24000,0,17-AUG-2016,
OPTSTK,CADILAHC,25-Aug-2016,360,CE,10.3,12,10.3,12,12,3,17.8,41600,1600,17-AUG-2016,
OPTSTK,CADILAHC,25-Aug-2016,370,CE,5.9,10.45,5.9,10.05,10.05,56,338.97,60800,-17600,17-AUG-2016,
OPTSTK,CADILAHC,25-Aug-2016,380,CE,3.75,5.95,2.95,5.65,5.65,121,744.3,126400,-8000,17-AUG-2016,
OPTSTK,CADILAHC,25-Aug-2016,390,CE,1.85,3.1,1.85,3.05,3.05,25,156.95,104000,1600,17-AUG-2016,
OPTSTK,CADILAHC,25-Aug-2016,400,CE,0.95,2,0.95,1.9,1.9,37,237.71,140800,-6400,17-AUG-2016,
OPTSTK,CADILAHC,25-Aug-2016,410,CE,0.8,1,0.8,1,1,7,46.02,24000,-4800,17-AUG-2016,
OPTSTK,CADILAHC,25-Aug-2016,420,CE,0,0,0,0.45,0.35,0,0,16000,0,17-AUG-2016,
OPTSTK,CADILAHC,25-Aug-2016,430,CE,0,0,0,0.35,0.15,0,0,0,0,17-AUG-2016,
OPTSTK,CADILAHC,25-Aug-2016,440,CE,0,0,0,0.25,0.05,0,0,0,0,17-AUG-2016,
OPTSTK,CADILAHC,25-Aug-2016,450,CE,0,0,0,0.15,0.05,0,0,0,0,17-AUG-2016,
OPTSTK,CADILAHC,25-Aug-2016,460,CE,0,0,0,0.1,0,0,0,0,0,17-AUG-2016,
OPTSTK,CADILAHC,25-Aug-2016,220,PE,0,0,0,0.05,0,0,0,0,0,17-AUG-2016,
OPTSTK,CADILAHC,25-Aug-2016,230,PE,0,0,0,0.05,0,0,0,0,0,17-AUG-2016,
OPTSTK,CADILAHC,25-Aug-2016,240,PE,0,0,0,0.15,0,0,0,0,0,17-AUG-2016,
OPTSTK,CADILAHC,25-Aug-2016,250,PE,0,0,0,0.35,0,0,0,0,0,17-AUG-2016,
OPTSTK,CADILAHC,25-Aug-2016,260,PE,0,0,0,0.75,0,0,0,0,0,17-AUG-2016,
OPTSTK,CADILAHC,25-Aug-2016,270,PE,0,0,0,1.4,0,0,0,0,0,17-AUG-2016,
OPTSTK,CADILAHC,25-Aug-2016,280,PE,0,0,0,2.55,0,0,0,0,0,17-AUG-2016,
OPTSTK,CADILAHC,25-Aug-2016,290,PE,0,0,0,4.25,0,0,0,0,0,17-AUG-2016,
OPTSTK,CADILAHC,25-Aug-2016,300,PE,0,0,0,0.4,0,0,0,6400,0,17-AUG-2016,
OPTSTK,CADILAHC,25-Aug-2016,310,PE,0,0,0,0.85,0.05,0,0,0,0,17-AUG-2016,
OPTSTK,CADILAHC,25-Aug-2016,320,PE,0,0,0,0.85,0.05,0,0,43200,0,17-AUG-2016,
OPTSTK,CADILAHC,25-Aug-2016,330,PE,0.7,0.7,0.5,0.5,0.5,2,10.57,28800,-3200,17-AUG-2016,
OPTSTK,CADILAHC,25-Aug-2016,340,PE,1.1,1.1,0.7,0.8,0.8,9,49.09,94400,-8000,17-AUG-2016,
OPTSTK,CADILAHC,25-Aug-2016,350,PE,2.65,2.65,1.25,1.45,1.45,29,163.24,75200,-16000,17-AUG-2016,
OPTSTK,CADILAHC,25-Aug-2016,360,PE,5.15,5.15,2.6,2.85,2.85,17,98.91,83200,11200,17-AUG-2016,
OPTSTK,CADILAHC,25-Aug-2016,370,PE,9.9,9.9,5.5,6.5,6.5,11,66.43,44800,-8000,17-AUG-2016,
OPTSTK,CADILAHC,25-Aug-2016,380,PE,0,0,0,20.05,12.3,0,0,48000,0,17-AUG-2016,
OPTSTK,CADILAHC,25-Aug-2016,390,PE,0,0,0,26.3,19.1,0,0,4800,0,17-AUG-2016,
OPTSTK,CADILAHC,25-Aug-2016,400,PE,0,0,0,33,27.2,0,0,3200,0,17-AUG-2016,
OPTSTK,CADILAHC,25-Aug-2016,410,PE,0,0,0,41.9,36.2,0,0,3200,0,17-AUG-2016,
OPTSTK,CADILAHC,25-Aug-2016,420,PE,0,0,0,92.9,45.7,0,0,0,0,17-AUG-2016,
OPTSTK,CADILAHC,25-Aug-2016,430,PE,0,0,0,102.55,55.5,0,0,0,0,17-AUG-2016,
OPTSTK,CADILAHC,25-Aug-2016,440,PE,0,0,0,69.1,65.4,0,0,3200,0,17-AUG-2016,
OPTSTK,CADILAHC,25-Aug-2016,450,PE,0,0,0,79.05,75.35,0,0,3200,0,17-AUG-2016,
OPTSTK,CADILAHC,25-Aug-2016,460,PE,0,0,0,131.75,85.35,0,0,0,0,17-AUG-2016,
OPTSTK,CADILAHC,29-Sep-2016,220,CE,0,0,0,112.1,155.8,0,0,0,0,17-AUG-2016,
OPTSTK,CADILAHC,29-Sep-2016,230,CE,0,0,0,102.3,145.9,0,0,0,0,17-AUG-2016,
OPTSTK,CADILAHC,29-Sep-2016,240,CE,0,0,0,92.5,135.95,0,0,0,0,17-AUG-2016,
OPTSTK,CADILAHC,29-Sep-2016,250,CE,0,0,0,82.7,126.05,0,0,0,0,17-AUG-2016,
OPTSTK,CADILAHC,29-Sep-2016,260,CE,0,0,0,73,116.2,0,0,0,0,17-AUG-2016,
OPTSTK,CADILAHC,29-Sep-2016,270,CE,0,0,0,63.45,106.35,0,0,0,0,17-AUG-2016,
OPTSTK,CADILAHC,29-Sep-2016,280,CE,0,0,0,54.1,96.6,0,0,0,0,17-AUG-2016,
OPTSTK,CADILAHC,29-Sep-2016,290,CE,0,0,0,45.25,87,0,0,0,0,17-AUG-2016,
OPTSTK,CADILAHC,29-Sep-2016,300,CE,0,0,0,36.95,77.6,0,0,0,0,17-AUG-2016,
OPTSTK,CADILAHC,29-Sep-2016,310,CE,0,0,0,29.4,68.45,0,0,0,0,17-AUG-2016,
OPTSTK,CADILAHC,29-Sep-2016,320,CE,0,0,0,22.75,59.75,0,0,0,0,17-AUG-2016,
OPTSTK,CADILAHC,29-Sep-2016,330,CE,0,0,0,17.15,51.5,0,0,0,0,17-AUG-2016,
OPTSTK,CADILAHC,29-Sep-2016,340,CE,0,0,0,12.55,43.85,0,0,0,0,17-AUG-2016,
OPTSTK,CADILAHC,29-Sep-2016,350,CE,0,0,0,8.95,36.8,0,0,0,0,17-AUG-2016,
OPTSTK,CADILAHC,29-Sep-2016,360,CE,0,0,0,23.55,30.5,0,0,3200,0,17-AUG-2016,
OPTSTK,CADILAHC,29-Sep-2016,370,CE,0,0,0,4.15,24.9,0,0,0,0,17-AUG-2016,
OPTSTK,CADILAHC,29-Sep-2016,380,CE,0,0,0,2.7,20.1,0,0,0,0,17-AUG-2016,
OPTSTK,CADILAHC,29-Sep-2016,390,CE,0,0,0,1.75,16,0,0,0,0,17-AUG-2016,
OPTSTK,CADILAHC,29-Sep-2016,400,CE,0,0,0,1.1,12.55,0,0,0,0,17-AUG-2016,
OPTSTK,CADILAHC,29-Sep-2016,410,CE,0,0,0,0.65,9.7,0,0,0,0,17-AUG-2016,
OPTSTK,CADILAHC,29-Sep-2016,420,CE,0,0,0,16.25,7.45,0,0,1600,0,17-AUG-2016,
OPTSTK,CADILAHC,29-Sep-2016,430,CE,0,0,0,0.25,5.65,0,0,0,0,17-AUG-2016,
OPTSTK,CADILAHC,29-Sep-2016,440,CE,0,0,0,0.15,4.2,0,0,0,0,17-AUG-2016,
OPTSTK,CADILAHC,29-Sep-2016,450,CE,0,0,0,0.1,3.1,0,0,0,0,17-AUG-2016,
OPTSTK,CADILAHC,29-Sep-2016,460,CE,0,0,0,0.05,2.3,0,0,0,0,17-AUG-2016,
OPTSTK,CADILAHC,29-Sep-2016,220,PE,0,0,0,0.05,0,0,0,0,0,17-AUG-2016,
OPTSTK,CADILAHC,29-Sep-2016,230,PE,0,0,0,0.05,0,0,0,0,0,17-AUG-2016,
OPTSTK,CADILAHC,29-Sep-2016,240,PE,0,0,0,0.05,0.05,0,0,0,0,17-AUG-2016,
OPTSTK,CADILAHC,29-Sep-2016,250,PE,0,0,0,0.1,0.05,0,0,0,0,17-AUG-2016,
OPTSTK,CADILAHC,29-Sep-2016,260,PE,0,0,0,0.2,0.1,0,0,0,0,17-AUG-2016,
OPTSTK,CADILAHC,29-Sep-2016,270,PE,0,0,0,0.45,0.2,0,0,0,0,17-AUG-2016,
OPTSTK,CADILAHC,29-Sep-2016,280,PE,0,0,0,1,0.35,0,0,0,0,17-AUG-2016,
OPTSTK,CADILAHC,29-Sep-2016,290,PE,0,0,0,1.9,0.65,0,0,0,0,17-AUG-2016,
OPTSTK,CADILAHC,29-Sep-2016,300,PE,0,0,0,3.45,1.15,0,0,0,0,17-AUG-2016,
OPTSTK,CADILAHC,29-Sep-2016,310,PE,0,0,0,5.7,1.95,0,0,0,0,17-AUG-2016,
OPTSTK,CADILAHC,29-Sep-2016,320,PE,0,0,0,8.9,3.15,0,0,0,0,17-AUG-2016,
OPTSTK,CADILAHC,29-Sep-2016,330,PE,0,0,0,13.1,4.8,0,0,0,0,17-AUG-2016,
OPTSTK,CADILAHC,29-Sep-2016,340,PE,0,0,0,8.6,7.1,0,0,3200,0,17-AUG-2016,
OPTSTK,CADILAHC,29-Sep-2016,350,PE,0,0,0,24.55,9.95,0,0,0,0,17-AUG-2016,
OPTSTK,CADILAHC,29-Sep-2016,360,PE,0,0,0,12.55,13.55,0,0,3200,0,17-AUG-2016,
OPTSTK,CADILAHC,29-Sep-2016,370,PE,0,0,0,39.4,17.9,0,0,0,0,17-AUG-2016,
OPTSTK,CADILAHC,29-Sep-2016,380,PE,0,0,0,47.8,23,0,0,0,0,17-AUG-2016,
OPTSTK,CADILAHC,29-Sep-2016,390,PE,0,0,0,56.65,28.8,0,0,0,0,17-AUG-2016,
OPTSTK,CADILAHC,29-Sep-2016,400,PE,0,0,0,65.8,35.3,0,0,0,0,17-AUG-2016,
OPTSTK,CADILAHC,29-Sep-2016,410,PE,0,0,0,75.2,42.4,0,0,0,0,17-AUG-2016,
OPTSTK,CADILAHC,29-Sep-2016,420,PE,0,0,0,84.8,50.05,0,0,0,0,17-AUG-2016,
OPTSTK,CADILAHC,29-Sep-2016,430,PE,0,0,0,94.45,58.15,0,0,0,0,17-AUG-2016,
OPTSTK,CADILAHC,29-Sep-2016,440,PE,0,0,0,104.15,66.65,0,0,0,0,17-AUG-2016,
OPTSTK,CADILAHC,29-Sep-2016,450,PE,0,0,0,113.95,75.45,0,0,0,0,17-AUG-2016,
OPTSTK,CADILAHC,29-Sep-2016,460,PE,0,0,0,123.75,84.55,0,0,0,0,17-AUG-2016,
OPTSTK,CADILAHC,27-Oct-2016,220,CE,0,0,0,145.65,157,0,0,0,0,17-AUG-2016,
OPTSTK,CADILAHC,27-Oct-2016,230,CE,0,0,0,135.9,147.15,0,0,0,0,17-AUG-2016,
OPTSTK,CADILAHC,27-Oct-2016,240,CE,0,0,0,126.2,137.35,0,0,0,0,17-AUG-2016,
OPTSTK,CADILAHC,27-Oct-2016,250,CE,0,0,0,116.6,127.6,0,0,0,0,17-AUG-2016,
OPTSTK,CADILAHC,27-Oct-2016,260,CE,0,0,0,107.1,117.9,0,0,0,0,17-AUG-2016,
OPTSTK,CADILAHC,27-Oct-2016,270,CE,0,0,0,97.85,108.4,0,0,0,0,17-AUG-2016,
OPTSTK,CADILAHC,27-Oct-2016,280,CE,0,0,0,88.8,99,0,0,0,0,17-AUG-2016,
OPTSTK,CADILAHC,27-Oct-2016,290,CE,0,0,0,80.05,89.85,0,0,0,0,17-AUG-2016,
OPTSTK,CADILAHC,27-Oct-2016,300,CE,0,0,0,71.65,81,0,0,0,0,17-AUG-2016,
OPTSTK,CADILAHC,27-Oct-2016,310,CE,0,0,0,63.7,72.55,0,0,0,0,17-AUG-2016,
OPTSTK,CADILAHC,27-Oct-2016,320,CE,0,0,0,56.2,64.45,0,0,0,0,17-AUG-2016,
OPTSTK,CADILAHC,27-Oct-2016,330,CE,0,0,0,49.25,56.85,0,0,0,0,17-AUG-2016,
OPTSTK,CADILAHC,27-Oct-2016,340,CE,0,0,0,42.8,49.75,0,0,0,0,17-AUG-2016,
OPTSTK,CADILAHC,27-Oct-2016,350,CE,0,0,0,37,43.25,0,0,0,0,17-AUG-2016,
OPTSTK,CADILAHC,27-Oct-2016,360,CE,0,0,0,31.7,37.25,0,0,0,0,17-AUG-2016,
OPTSTK,CADILAHC,27-Oct-2016,370,CE,0,0,0,27,31.9,0,0,0,0,17-AUG-2016,
OPTSTK,CADILAHC,27-Oct-2016,380,CE,0,0,0,22.85,27.1,0,0,0,0,17-AUG-2016,
OPTSTK,CADILAHC,27-Oct-2016,390,CE,0,0,0,19.2,22.85,0,0,0,0,17-AUG-2016,
OPTSTK,CADILAHC,27-Oct-2016,400,CE,0,0,0,16,19.15,0,0,0,0,17-AUG-2016,
OPTSTK,CADILAHC,27-Oct-2016,410,CE,0,0,0,13.3,15.9,0,0,0,0,17-AUG-2016,
OPTSTK,CADILAHC,27-Oct-2016,420,CE,0,0,0,11,13.15,0,0,0,0,17-AUG-2016,
OPTSTK,CADILAHC,27-Oct-2016,430,CE,0,0,0,9,10.85,0,0,0,0,17-AUG-2016,
OPTSTK,CADILAHC,27-Oct-2016,440,CE,0,0,0,7.35,8.85,0,0,0,0,17-AUG-2016,
OPTSTK,CADILAHC,27-Oct-2016,450,CE,0,0,0,5.95,7.2,0,0,0,0,17-AUG-2016,
OPTSTK,CADILAHC,27-Oct-2016,460,CE,0,0,0,4.85,5.8,0,0,0,0,17-AUG-2016,
OPTSTK,CADILAHC,27-Oct-2016,220,PE,0,0,0,0.1,0.05,0,0,0,0,17-AUG-2016,
OPTSTK,CADILAHC,27-Oct-2016,230,PE,0,0,0,0.15,0.1,0,0,0,0,17-AUG-2016,
OPTSTK,CADILAHC,27-Oct-2016,240,PE,0,0,0,0.3,0.15,0,0,0,0,17-AUG-2016,
OPTSTK,CADILAHC,27-Oct-2016,250,PE,0,0,0,0.5,0.25,0,0,0,0,17-AUG-2016,
OPTSTK,CADILAHC,27-Oct-2016,260,PE,0,0,0,0.85,0.45,0,0,0,0,17-AUG-2016,
OPTSTK,CADILAHC,27-Oct-2016,270,PE,0,0,0,1.4,0.8,0,0,0,0,17-AUG-2016,
OPTSTK,CADILAHC,27-Oct-2016,280,PE,0,0,0,2.15,1.25,0,0,0,0,17-AUG-2016,
OPTSTK,CADILAHC,27-Oct-2016,290,PE,0,0,0,3.25,2,0,0,0,0,17-AUG-2016,
OPTSTK,CADILAHC,27-Oct-2016,300,PE,0,0,0,4.7,3,0,0,0,0,17-AUG-2016,
OPTSTK,CADILAHC,27-Oct-2016,310,PE,0,0,0,6.55,4.4,0,0,0,0,17-AUG-2016,
OPTSTK,CADILAHC,27-Oct-2016,320,PE,0,0,0,8.9,6.2,0,0,0,0,17-AUG-2016,
OPTSTK,CADILAHC,27-Oct-2016,330,PE,0,0,0,11.75,8.45,0,0,0,0,17-AUG-2016,
OPTSTK,CADILAHC,27-Oct-2016,340,PE,0,0,0,15.2,11.25,0,0,0,0,17-AUG-2016,
OPTSTK,CADILAHC,27-Oct-2016,350,PE,0,0,0,19.15,14.55,0,0,0,0,17-AUG-2016,
OPTSTK,CADILAHC,27-Oct-2016,360,PE,0,0,0,23.7,18.45,0,0,0,0,17-AUG-2016,
OPTSTK,CADILAHC,27-Oct-2016,370,PE,0,0,0,28.85,22.95,0,0,0,0,17-AUG-2016,
OPTSTK,CADILAHC,27-Oct-2016,380,PE,0,0,0,34.5,28.05,0,0,0,0,17-AUG-2016,
OPTSTK,CADILAHC,27-Oct-2016,390,PE,0,0,0,40.7,33.65,0,0,0,0,17-AUG-2016,
OPTSTK,CADILAHC,27-Oct-2016,400,PE,0,0,0,47.35,39.8,0,0,0,0,17-AUG-2016,
OPTSTK,CADILAHC,27-Oct-2016,410,PE,0,0,0,54.45,46.45,0,0,0,0,17-AUG-2016,
OPTSTK,CADILAHC,27-Oct-2016,420,PE,0,0,0,61.95,53.55,0,0,0,0,17-AUG-2016,
OPTSTK,CADILAHC,27-Oct-2016,430,PE,0,0,0,69.8,61.1,0,0,0,0,17-AUG-2016,
OPTSTK,CADILAHC,27-Oct-2016,440,PE,0,0,0,78,68.95,0,0,0,0,17-AUG-2016,
OPTSTK,CADILAHC,27-Oct-2016,450,PE,0,0,0,86.45,77.2,0,0,0,0,17-AUG-2016,
OPTSTK,CADILAHC,27-Oct-2016,460,PE,0,0,0,95.15,85.65,0,0,0,0,17-AUG-2016,
OPTSTK,CAIRN,25-Aug-2016,95,CE,0,0,0,48.05,103.9,0,0,0,0,17-AUG-2016,
OPTSTK,CAIRN,25-Aug-2016,100,CE,0,0,0,43.3,98.9,0,0,0,0,17-AUG-2016,
OPTSTK,CAIRN,25-Aug-2016,105,CE,0,0,0,38.7,93.95,0,0,0,0,17-AUG-2016,
OPTSTK,CAIRN,25-Aug-2016,110,CE,0,0,0,34.2,88.95,0,0,0,0,17-AUG-2016,
OPTSTK,CAIRN,25-Aug-2016,115,CE,0,0,0,29.95,83.95,0,0,0,0,17-AUG-2016,
OPTSTK,CAIRN,25-Aug-2016,120,CE,0,0,0,25.9,78.95,0,0,0,0,17-AUG-2016,
OPTSTK,CAIRN,25-Aug-2016,125,CE,0,0,0,22.2,73.95,0,0,0,0,17-AUG-2016,
OPTSTK,CAIRN,25-Aug-2016,130,CE,0,0,0,18.8,68.95,0,0,0,0,17-AUG-2016,
OPTSTK,CAIRN,25-Aug-2016,135,CE,0,0,0,56.95,63.95,0,0,3500,0,17-AUG-2016,
OPTSTK,CAIRN,25-Aug-2016,140,CE,0,0,0,13.05,59,0,0,0,0,17-AUG-2016,
OPTSTK,CAIRN,25-Aug-2016,145,CE,0,0,0,10.7,54,0,0,0,0,17-AUG-2016,
OPTSTK,CAIRN,25-Aug-2016,150,CE,0,0,0,44,49,0,0,7000,0,17-AUG-2016,
OPTSTK,CAIRN,25-Aug-2016,155,CE,0,0,0,7,44,0,0,0,0,17-AUG-2016,
OPTSTK,CAIRN,25-Aug-2016,160,CE,0,0,0,36,39,0,0,24500,0,17-AUG-2016,
OPTSTK,CAIRN,25-Aug-2016,165,CE,0,0,0,4.4,34.05,0,0,0,0,17-AUG-2016,
OPTSTK,CAIRN,25-Aug-2016,170,CE,0,0,0,27.75,29.1,0,0,17500,0,17-AUG-2016,
OPTSTK,CAIRN,25-Aug-2016,175,CE,25.15,25.15,25.15,25.15,25.15,1,7,38500,0,17-AUG-2016,
OPTSTK,CAIRN,25-Aug-2016,180,CE,21.4,21.4,21.4,21.4,21.4,1,7.04,73500,0,17-AUG-2016,
OPTSTK,CAIRN,25-Aug-2016,185,CE,0,0,0,15.4,15.1,0,0,21000,0,17-AUG-2016,
OPTSTK,CAIRN,25-Aug-2016,190,CE,13,13,9.65,10.5,10.5,15,105.45,416500,-14000,17-AUG-2016,
OPTSTK,CAIRN,25-Aug-2016,195,CE,8.8,9.5,6,7.15,7.15,301,2128.43,241500,-7000,17-AUG-2016,
OPTSTK,CAIRN,25-Aug-2016,200,CE,5.9,6.5,3.5,4.3,4.3,577,4133.01,584500,14000,17-AUG-2016,
OPTSTK,CAIRN,25-Aug-2016,205,CE,3.75,4.2,2.2,2.7,2.7,363,2642.31,427000,73500,17-AUG-2016,
OPTSTK,CAIRN,25-Aug-2016,210,CE,2.25,2.65,1.35,1.55,1.55,151,1120.36,497000,7000,17-AUG-2016,
OPTSTK,CAIRN,25-Aug-2016,215,CE,1.8,1.8,0.8,0.95,0.95,16,121.11,105000,3500,17-AUG-2016,
OPTSTK,CAIRN,25-Aug-2016,220,CE,0.9,0.95,0.55,0.65,0.65,25,193.13,185500,0,17-AUG-2016,
OPTSTK,CAIRN,25-Aug-2016,225,CE,0,0,0,0.55,0.25,0,0,14000,0,17-AUG-2016,
OPTSTK,CAIRN,25-Aug-2016,230,CE,0.3,0.3,0.3,0.3,0.3,3,24.18,28000,-10500,17-AUG-2016,
OPTSTK,CAIRN,25-Aug-2016,95,PE,0,0,0,0.2,0,0,0,0,0,17-AUG-2016,
OPTSTK,CAIRN,25-Aug-2016,100,PE,0,0,0,0.35,0,0,0,0,0,17-AUG-2016,
OPTSTK,CAIRN,25-Aug-2016,105,PE,0,0,0,0.6,0,0,0,0,0,17-AUG-2016,
OPTSTK,CAIRN,25-Aug-2016,110,PE,0,0,0,1.05,0,0,0,0,0,17-AUG-2016,
OPTSTK,CAIRN,25-Aug-2016,115,PE,0,0,0,1.7,0,0,0,0,0,17-AUG-2016,
OPTSTK,CAIRN,25-Aug-2016,120,PE,0,0,0,2.6,0,0,0,0,0,17-AUG-2016,
OPTSTK,CAIRN,25-Aug-2016,125,PE,0,0,0,3.75,0,0,0,0,0,17-AUG-2016,
OPTSTK,CAIRN,25-Aug-2016,130,PE,0,0,0,5.25,0,0,0,0,0,17-AUG-2016,
OPTSTK,CAIRN,25-Aug-2016,135,PE,0,0,0,0.35,0,0,0,3500,0,17-AUG-2016,
OPTSTK,CAIRN,25-Aug-2016,140,PE,0,0,0,9.35,0,0,0,0,0,17-AUG-2016,
OPTSTK,CAIRN,25-Aug-2016,145,PE,0,0,0,11.9,0,0,0,0,0,17-AUG-2016,
OPTSTK,CAIRN,25-Aug-2016,150,PE,0,0,0,0.1,0,0,0,38500,0,17-AUG-2016,
OPTSTK,CAIRN,25-Aug-2016,155,PE,0,0,0,0.3,0,0,0,10500,0,17-AUG-2016,
OPTSTK,CAIRN,25-Aug-2016,160,PE,0,0,0,0.3,0,0,0,108500,0,17-AUG-2016,
OPTSTK,CAIRN,25-Aug-2016,165,PE,1.3,1.3,0.15,0.15,0.15,2,11.6,14000,0,17-AUG-2016,
OPTSTK,CAIRN,25-Aug-2016,170,PE,0.2,0.2,0.15,0.15,0.15,2,11.91,175000,0,17-AUG-2016,
OPTSTK,CAIRN,25-Aug-2016,175,PE,0.1,0.25,0.1,0.25,0.25,2,12.26,70000,-3500,17-AUG-2016,
OPTSTK,CAIRN,25-Aug-2016,180,PE,0.35,0.45,0.25,0.25,0.25,7,44.18,287000,-7000,17-AUG-2016,
OPTSTK,CAIRN,25-Aug-2016,185,PE,0.6,0.8,0.45,0.45,0.45,13,84.44,87500,-3500,17-AUG-2016,
OPTSTK,CAIRN,25-Aug-2016,190,PE,1.15,1.6,0.9,1.15,1.15,102,682.74,269500,-17500,17-AUG-2016,
OPTSTK,CAIRN,25-Aug-2016,195,PE,2.15,3.3,1.85,2.6,2.6,89,616,87500,28000,17-AUG-2016,
OPTSTK,CAIRN,25-Aug-2016,200,PE,4.1,5.2,3.7,4.55,4.55,23,164.69,101500,14000,17-AUG-2016,
OPTSTK,CAIRN,25-Aug-2016,205,PE,7.35,8.4,7.2,8.4,8.4,8,59.5,21000,10500,17-AUG-2016,
OPTSTK,CAIRN,25-Aug-2016,210,PE,0,0,0,14.65,12.8,0,0,10500,0,17-AUG-2016,
OPTSTK,CAIRN,25-Aug-2016,215,PE,0,0,0,52,16.95,0,0,0,0,17-AUG-2016,
OPTSTK,CAIRN,25-Aug-2016,220,PE,20,20,20,20,20,1,8.4,3500,3500,17-AUG-2016,
OPTSTK,CAIRN,25-Aug-2016,225,PE,0,0,0,57.35,26.2,0,0,0,0,17-AUG-2016,
OPTSTK,CAIRN,25-Aug-2016,230,PE,0,0,0,57.3,31.05,0,0,0,0,17-AUG-2016,
OPTSTK,CAIRN,29-Sep-2016,95,CE,0,0,0,47.35,104.55,0,0,0,0,17-AUG-2016,
OPTSTK,CAIRN,29-Sep-2016,100,CE,0,0,0,42.55,99.6,0,0,0,0,17-AUG-2016,
OPTSTK,CAIRN,29-Sep-2016,105,CE,0,0,0,37.8,94.6,0,0,0,0,17-AUG-2016,
OPTSTK,CAIRN,29-Sep-2016,110,CE,0,0,0,33.25,89.65,0,0,0,0,17-AUG-2016,
OPTSTK,CAIRN,29-Sep-2016,115,CE,0,0,0,28.9,84.7,0,0,0,0,17-AUG-2016,
OPTSTK,CAIRN,29-Sep-2016,120,CE,0,0,0,24.75,79.75,0,0,0,0,17-AUG-2016,
OPTSTK,CAIRN,29-Sep-2016,125,CE,0,0,0,20.95,74.8,0,0,0,0,17-AUG-2016,
OPTSTK,CAIRN,29-Sep-2016,130,CE,0,0,0,17.5,69.85,0,0,0,0,17-AUG-2016,
OPTSTK,CAIRN,29-Sep-2016,135,CE,0,0,0,14.4,64.95,0,0,0,0,17-AUG-2016,
OPTSTK,CAIRN,29-Sep-2016,140,CE,0,0,0,11.7,60.05,0,0,0,0,17-AUG-2016,
OPTSTK,CAIRN,29-Sep-2016,145,CE,0,0,0,9.35,55.2,0,0,0,0,17-AUG-2016,
OPTSTK,CAIRN,29-Sep-2016,150,CE,0,0,0,7.4,50.4,0,0,0,0,17-AUG-2016,
OPTSTK,CAIRN,29-Sep-2016,155,CE,0,0,0,5.8,45.75,0,0,0,0,17-AUG-2016,
OPTSTK,CAIRN,29-Sep-2016,160,CE,0,0,0,4.45,41.2,0,0,0,0,17-AUG-2016,
OPTSTK,CAIRN,29-Sep-2016,165,CE,0,0,0,3.4,36.8,0,0,0,0,17-AUG-2016,
OPTSTK,CAIRN,29-Sep-2016,170,CE,0,0,0,2.6,32.65,0,0,0,0,17-AUG-2016,
OPTSTK,CAIRN,29-Sep-2016,175,CE,0,0,0,1.95,28.7,0,0,0,0,17-AUG-2016,
OPTSTK,CAIRN,29-Sep-2016,180,CE,0,0,0,1.45,25,0,0,0,0,17-AUG-2016,
OPTSTK,CAIRN,29-Sep-2016,185,CE,0,0,0,1.05,21.55,0,0,0,0,17-AUG-2016,
OPTSTK,CAIRN,29-Sep-2016,190,CE,0,0,0,0.75,18.45,0,0,0,0,17-AUG-2016,
OPTSTK,CAIRN,29-Sep-2016,195,CE,0,0,0,0.55,15.65,0,0,0,0,17-AUG-2016,
OPTSTK,CAIRN,29-Sep-2016,200,CE,10.5,10.5,10.3,10.3,10.3,2,14.72,14000,7000,17-AUG-2016,
OPTSTK,CAIRN,29-Sep-2016,205,CE,0,0,0,0.5,11,0,0,0,0,17-AUG-2016,
OPTSTK,CAIRN,29-Sep-2016,210,CE,0,0,0,0.5,9.05,0,0,0,0,17-AUG-2016,
OPTSTK,CAIRN,29-Sep-2016,215,CE,0,0,0,5.2,7.45,0,0,10500,0,17-AUG-2016,
OPTSTK,CAIRN,29-Sep-2016,220,CE,0,0,0,2.4,6.05,0,0,0,0,17-AUG-2016,
OPTSTK,CAIRN,29-Sep-2016,225,CE,0,0,0,2.5,4.9,0,0,0,0,17-AUG-2016,
OPTSTK,CAIRN,29-Sep-2016,230,CE,0,0,0,2.55,3.9,0,0,3500,0,17-AUG-2016,
OPTSTK,CAIRN,29-Sep-2016,95,PE,0,0,0,0.1,0,0,0,0,0,17-AUG-2016,
OPTSTK,CAIRN,29-Sep-2016,100,PE,0,0,0,0.2,0,0,0,0,0,17-AUG-2016,
OPTSTK,CAIRN,29-Sep-2016,105,PE,0,0,0,0.4,0,0,0,0,0,17-AUG-2016,
OPTSTK,CAIRN,29-Sep-2016,110,PE,0,0,0,0.75,0,0,0,0,0,17-AUG-2016,
OPTSTK,CAIRN,29-Sep-2016,115,PE,0,0,0,1.3,0,0,0,0,0,17-AUG-2016,
OPTSTK,CAIRN,29-Sep-2016,120,PE,0,0,0,2.1,0.05,0,0,0,0,17-AUG-2016,
OPTSTK,CAIRN,29-Sep-2016,125,PE,0,0,0,3.2,0.05,0,0,0,0,17-AUG-2016,
OPTSTK,CAIRN,29-Sep-2016,130,PE,0,0,0,4.65,0.05,0,0,0,0,17-AUG-2016,
OPTSTK,CAIRN,29-Sep-2016,135,PE,0,0,0,6.45,0.1,0,0,0,0,17-AUG-2016,
OPTSTK,CAIRN,29-Sep-2016,140,PE,0,0,0,8.65,0.15,0,0,0,0,17-AUG-2016,
OPTSTK,CAIRN,29-Sep-2016,145,PE,0,0,0,11.25,0.25,0,0,0,0,17-AUG-2016,
OPTSTK,CAIRN,29-Sep-2016,150,PE,0,0,0,14.2,0.45,0,0,0,0,17-AUG-2016,
OPTSTK,CAIRN,29-Sep-2016,155,PE,0,0,0,17.5,0.75,0,0,0,0,17-AUG-2016,
OPTSTK,CAIRN,29-Sep-2016,160,PE,0,0,0,21.1,1.15,0,0,0,0,17-AUG-2016,
OPTSTK,CAIRN,29-Sep-2016,165,PE,0,0,0,24.95,1.75,0,0,0,0,17-AUG-2016,
OPTSTK,CAIRN,29-Sep-2016,170,PE,0,0,0,29.05,2.5,0,0,0,0,17-AUG-2016,
OPTSTK,CAIRN,29-Sep-2016,175,PE,1.55,1.55,1.55,1.55,1.55,2,12.35,7000,7000,17-AUG-2016,
OPTSTK,CAIRN,29-Sep-2016,180,PE,0,0,0,37.7,4.8,0,0,0,0,17-AUG-2016,
OPTSTK,CAIRN,29-Sep-2016,185,PE,0,0,0,42.25,6.3,0,0,0,0,17-AUG-2016,
OPTSTK,CAIRN,29-Sep-2016,190,PE,0,0,0,46.85,8.2,0,0,0,0,17-AUG-2016,
OPTSTK,CAIRN,29-Sep-2016,195,PE,0,0,0,51.55,10.35,0,0,0,0,17-AUG-2016,
OPTSTK,CAIRN,29-Sep-2016,200,PE,0,0,0,56.35,12.8,0,0,0,0,17-AUG-2016,
OPTSTK,CAIRN,29-Sep-2016,205,PE,0,0,0,57.4,15.55,0,0,0,0,17-AUG-2016,
OPTSTK,CAIRN,29-Sep-2016,210,PE,0,0,0,59.05,18.6,0,0,0,0,17-AUG-2016,
OPTSTK,CAIRN,29-Sep-2016,215,PE,0,0,0,52.55,21.95,0,0,0,0,17-AUG-2016,
OPTSTK,CAIRN,29-Sep-2016,220,PE,0,0,0,57,25.5,0,0,0,0,17-AUG-2016,
OPTSTK,CAIRN,29-Sep-2016,225,PE,0,0,0,57.65,29.3,0,0,0,0,17-AUG-2016,
OPTSTK,CAIRN,29-Sep-2016,230,PE,0,0,0,57.8,33.3,0,0,0,0,17-AUG-2016,
OPTSTK,CAIRN,27-Oct-2016,135,CE,0,0,0,63.6,65.95,0,0,0,0,17-AUG-2016,
OPTSTK,CAIRN,27-Oct-2016,140,CE,0,0,0,59.25,61.25,0,0,0,0,17-AUG-2016,
OPTSTK,CAIRN,27-Oct-2016,145,CE,0,0,0,55.05,56.6,0,0,0,0,17-AUG-2016,
OPTSTK,CAIRN,27-Oct-2016,150,CE,0,0,0,51,52.1,0,0,0,0,17-AUG-2016,
OPTSTK,CAIRN,27-Oct-2016,155,CE,0,0,0,47.1,47.7,0,0,0,0,17-AUG-2016,
OPTSTK,CAIRN,27-Oct-2016,160,CE,0,0,0,43.35,43.5,0,0,0,0,17-AUG-2016,
OPTSTK,CAIRN,27-Oct-2016,165,CE,0,0,0,39.8,39.45,0,0,0,0,17-AUG-2016,
OPTSTK,CAIRN,27-Oct-2016,170,CE,0,0,0,36.45,35.6,0,0,0,0,17-AUG-2016,
OPTSTK,CAIRN,27-Oct-2016,175,CE,0,0,0,33.25,32,0,0,0,0,17-AUG-2016,
OPTSTK,CAIRN,27-Oct-2016,180,CE,0,0,0,30.3,28.55,0,0,0,0,17-AUG-2016,
OPTSTK,CAIRN,27-Oct-2016,185,CE,0,0,0,27.5,25.4,0,0,0,0,17-AUG-2016,
OPTSTK,CAIRN,27-Oct-2016,190,CE,0,0,0,24.95,22.45,0,0,0,0,17-AUG-2016,
OPTSTK,CAIRN,27-Oct-2016,195,CE,0,0,0,22.55,19.8,0,0,0,0,17-AUG-2016,
OPTSTK,CAIRN,27-Oct-2016,200,CE,0,0,0,20.3,17.35,0,0,0,0,17-AUG-2016,
OPTSTK,CAIRN,27-Oct-2016,205,CE,0,0,0,18.3,15.15,0,0,0,0,17-AUG-2016,
OPTSTK,CAIRN,27-Oct-2016,210,CE,0,0,0,16.4,13.15,0,0,0,0,17-AUG-2016,
OPTSTK,CAIRN,27-Oct-2016,215,CE,0,0,0,14.7,11.35,0,0,0,0,17-AUG-2016,
OPTSTK,CAIRN,27-Oct-2016,220,CE,0,0,0,13.15,9.8,0,0,0,0,17-AUG-2016,
OPTSTK,CAIRN,27-Oct-2016,225,CE,0,0,0,11.75,8.4,0,0,0,0,17-AUG-2016,
OPTSTK,CAIRN,27-Oct-2016,230,CE,0,0,0,10.5,7.2,0,0,0,0,17-AUG-2016,
OPTSTK,CAIRN,27-Oct-2016,135,PE,0,0,0,1.6,0.4,0,0,0,0,17-AUG-2016,
OPTSTK,CAIRN,27-Oct-2016,140,PE,0,0,0,2.15,0.6,0,0,0,0,17-AUG-2016,
OPTSTK,CAIRN,27-Oct-2016,145,PE,0,0,0,2.85,0.9,0,0,0,0,17-AUG-2016,
OPTSTK,CAIRN,27-Oct-2016,150,PE,0,0,0,3.7,1.35,0,0,0,0,17-AUG-2016,
OPTSTK,CAIRN,27-Oct-2016,155,PE,0,0,0,4.7,1.9,0,0,0,0,17-AUG-2016,
OPTSTK,CAIRN,27-Oct-2016,160,PE,0,0,0,5.9,2.6,0,0,0,0,17-AUG-2016,
OPTSTK,CAIRN,27-Oct-2016,165,PE,0,0,0,7.25,3.5,0,0,0,0,17-AUG-2016,
OPTSTK,CAIRN,27-Oct-2016,170,PE,0,0,0,8.8,4.6,0,0,0,0,17-AUG-2016,
OPTSTK,CAIRN,27-Oct-2016,175,PE,0,0,0,10.55,5.9,0,0,0,0,17-AUG-2016,
OPTSTK,CAIRN,27-Oct-2016,180,PE,0,0,0,12.5,7.4,0,0,0,0,17-AUG-2016,
OPTSTK,CAIRN,27-Oct-2016,185,PE,0,0,0,14.65,9.2,0,0,0,0,17-AUG-2016,
OPTSTK,CAIRN,27-Oct-2016,190,PE,0,0,0,16.95,11.2,0,0,0,0,17-AUG-2016,
OPTSTK,CAIRN,27-Oct-2016,195,PE,0,0,0,19.5,13.45,0,0,0,0,17-AUG-2016,
OPTSTK,CAIRN,27-Oct-2016,200,PE,0,0,0,22.2,15.95,0,0,0,0,17-AUG-2016,
OPTSTK,CAIRN,27-Oct-2016,205,PE,0,0,0,25.05,18.65,0,0,0,0,17-AUG-2016,
OPTSTK,CAIRN,27-Oct-2016,210,PE,0,0,0,28.1,21.6,0,0,0,0,17-AUG-2016,
OPTSTK,CAIRN,27-Oct-2016,215,PE,0,0,0,31.3,24.75,0,0,0,0,17-AUG-2016,
OPTSTK,CAIRN,27-Oct-2016,220,PE,0,0,0,34.7,28.1,0,0,0,0,17-AUG-2016,
OPTSTK,CAIRN,27-Oct-2016,225,PE,0,0,0,38.2,31.65,0,0,0,0,17-AUG-2016,
OPTSTK,CAIRN,27-Oct-2016,230,PE,0,0,0,41.85,35.4,0,0,0,0,17-AUG-2016,
OPTSTK,CANBK,25-Aug-2016,110,CE,0,0,0,91.5,150.25,0,0,0,0,17-AUG-2016,
OPTSTK,CANBK,25-Aug-2016,120,CE,0,0,0,81.95,140.25,0,0,0,0,17-AUG-2016,
OPTSTK,CANBK,25-Aug-2016,130,CE,0,0,0,72.55,130.25,0,0,0,0,17-AUG-2016,
OPTSTK,CANBK,25-Aug-2016,140,CE,0,0,0,63.55,120.3,0,0,0,0,17-AUG-2016,
OPTSTK,CANBK,25-Aug-2016,150,CE,0,0,0,55,110.3,0,0,0,0,17-AUG-2016,
OPTSTK,CANBK,25-Aug-2016,160,CE,0,0,0,47.05,100.3,0,0,0,0,17-AUG-2016,
OPTSTK,CANBK,25-Aug-2016,170,CE,0,0,0,39.8,90.3,0,0,0,0,17-AUG-2016,
OPTSTK,CANBK,25-Aug-2016,175,CE,0,0,0,46.35,85.35,0,0,0,0,17-AUG-2016,
OPTSTK,CANBK,25-Aug-2016,180,CE,0,0,0,33.25,80.35,0,0,0,0,17-AUG-2016,
OPTSTK,CANBK,25-Aug-2016,185,CE,0,0,0,37.55,75.35,0,0,0,0,17-AUG-2016,
OPTSTK,CANBK,25-Aug-2016,190,CE,0,0,0,27.5,70.35,0,0,0,0,17-AUG-2016,
OPTSTK,CANBK,25-Aug-2016,195,CE,0,0,0,29.55,65.35,0,0,0,0,17-AUG-2016,
OPTSTK,CANBK,25-Aug-2016,200,CE,0,0,0,22.5,60.35,0,0,0,0,17-AUG-2016,
OPTSTK,CANBK,25-Aug-2016,205,CE,0,0,0,22.55,55.4,0,0,0,0,17-AUG-2016,
OPTSTK,CANBK,25-Aug-2016,210,CE,0,0,0,18.25,50.4,0,0,0,0,17-AUG-2016,
OPTSTK,CANBK,25-Aug-2016,215,CE,0,0,0,16.7,45.4,0,0,0,0,17-AUG-2016,
OPTSTK,CANBK,25-Aug-2016,220,CE,0,0,0,41,40.45,0,0,6000,0,17-AUG-2016,
OPTSTK,CANBK,25-Aug-2016,225,CE,0,0,0,11.95,35.55,0,0,0,0,17-AUG-2016,
OPTSTK,CANBK,25-Aug-2016,230,CE,0,0,0,24.85,30.75,0,0,9000,0,17-AUG-2016,
OPTSTK,CANBK,25-Aug-2016,235,CE,0,0,0,20.35,26.1,0,0,6000,0,17-AUG-2016,
OPTSTK,CANBK,25-Aug-2016,240,CE,16.05,21.35,16.05,21.35,21.35,3,23.32,135000,-3000,17-AUG-2016,
OPTSTK,CANBK,25-Aug-2016,245,CE,14.45,14.45,14.45,14.45,14.45,1,7.78,39000,-3000,17-AUG-2016,
OPTSTK,CANBK,25-Aug-2016,250,CE,8.1,13.85,7.85,12.4,12.4,55,430.41,375000,-6000,17-AUG-2016,
OPTSTK,CANBK,25-Aug-2016,255,CE,5.55,10,5.25,9.6,9.6,109,859.01,147000,-51000,17-AUG-2016,
OPTSTK,CANBK,25-Aug-2016,260,CE,3.75,7.35,3.55,6.15,6.15,847,6755.65,714000,69000,17-AUG-2016,
OPTSTK,CANBK,25-Aug-2016,265,CE,2.6,5,2.6,4.05,4.05,298,2403.64,234000,24000,17-AUG-2016,
OPTSTK,CANBK,25-Aug-2016,270,CE,1.65,3.3,1.55,2.6,2.6,239,1954.16,684000,12000,17-AUG-2016,
OPTSTK,CANBK,25-Aug-2016,275,CE,1.15,1.9,1.1,1.7,1.7,17,141.02,75000,15000,17-AUG-2016,
OPTSTK,CANBK,25-Aug-2016,280,CE,1.2,1.45,0.75,1.05,1.05,65,548.04,291000,-21000,17-AUG-2016,
OPTSTK,CANBK,25-Aug-2016,285,CE,0.55,0.8,0.55,0.6,0.6,9,77.13,75000,27000,17-AUG-2016,
OPTSTK,CANBK,25-Aug-2016,290,CE,0.25,0.55,0.25,0.4,0.4,29,252.65,219000,51000,17-AUG-2016,
OPTSTK,CANBK,25-Aug-2016,295,CE,0.4,0.4,0.4,0.4,0.4,1,8.86,48000,0,17-AUG-2016,
OPTSTK,CANBK,25-Aug-2016,300,CE,0.25,0.3,0.25,0.3,0.3,6,54.04,165000,-6000,17-AUG-2016,
OPTSTK,CANBK,25-Aug-2016,110,PE,0,0,0,0.15,0,0,0,0,0,17-AUG-2016,
OPTSTK,CANBK,25-Aug-2016,120,PE,0,0,0,0.4,0,0,0,0,0,17-AUG-2016,
OPTSTK,CANBK,25-Aug-2016,130,PE,0,0,0,0.85,0,0,0,0,0,17-AUG-2016,
OPTSTK,CANBK,25-Aug-2016,140,PE,0,0,0,0.1,0,0,0,3000,0,17-AUG-2016,
OPTSTK,CANBK,25-Aug-2016,150,PE,0,0,0,2.95,0,0,0,0,0,17-AUG-2016,
OPTSTK,CANBK,25-Aug-2016,160,PE,0,0,0,4.8,0,0,0,0,0,17-AUG-2016,
OPTSTK,CANBK,25-Aug-2016,170,PE,0,0,0,7.35,0,0,0,0,0,17-AUG-2016,
OPTSTK,CANBK,25-Aug-2016,175,PE,0,0,0,1,0,0,0,0,0,17-AUG-2016,
OPTSTK,CANBK,25-Aug-2016,180,PE,0.05,0.05,0.05,0.05,0.05,1,5.4,27000,0,17-AUG-2016,
OPTSTK,CANBK,25-Aug-2016,185,PE,0,0,0,2.1,0,0,0,0,0,17-AUG-2016,
OPTSTK,CANBK,25-Aug-2016,190,PE,0,0,0,0.5,0,0,0,3000,0,17-AUG-2016,
OPTSTK,CANBK,25-Aug-2016,195,PE,0,0,0,0.4,0,0,0,0,0,17-AUG-2016,
OPTSTK,CANBK,25-Aug-2016,200,PE,0,0,0,0.1,0,0,0,105000,0,17-AUG-2016,
OPTSTK,CANBK,25-Aug-2016,205,PE,0,0,0,0.25,0,0,0,15000,0,17-AUG-2016,
OPTSTK,CANBK,25-Aug-2016,210,PE,0.2,0.2,0.05,0.05,0.05,2,12.6,72000,-6000,17-AUG-2016,
OPTSTK,CANBK,25-Aug-2016,215,PE,0.2,0.2,0.2,0.2,0.2,1,6.45,12000,-3000,17-AUG-2016,
OPTSTK,CANBK,25-Aug-2016,220,PE,0.3,0.3,0.1,0.2,0.2,10,66.06,210000,6000,17-AUG-2016,
OPTSTK,CANBK,25-Aug-2016,225,PE,0.3,0.3,0.3,0.3,0.3,4,27.03,81000,-12000,17-AUG-2016,
OPTSTK,CANBK,25-Aug-2016,230,PE,0.65,0.7,0.3,0.35,0.35,25,172.85,180000,-12000,17-AUG-2016,
OPTSTK,CANBK,25-Aug-2016,235,PE,1,1.1,0.45,0.6,0.6,13,91.9,120000,9000,17-AUG-2016,
OPTSTK,CANBK,25-Aug-2016,240,PE,2,2,0.75,0.95,0.95,75,542.82,378000,24000,17-AUG-2016,
OPTSTK,CANBK,25-Aug-2016,245,PE,2.65,2.9,1.45,2.05,2.05,64,473.91,168000,9000,17-AUG-2016,
OPTSTK,CANBK,25-Aug-2016,250,PE,4.65,4.85,2,2.45,2.45,262,1988.8,399000,69000,17-AUG-2016,
OPTSTK,CANBK,25-Aug-2016,255,PE,6.7,6.7,3.5,3.9,3.9,125,973.3,135000,66000,17-AUG-2016,
OPTSTK,CANBK,25-Aug-2016,260,PE,8.1,8.7,5.05,6.1,6.1,86,687.63,126000,66000,17-AUG-2016,
OPTSTK,CANBK,25-Aug-2016,265,PE,10.6,10.6,8.85,8.85,8.85,5,41.2,15000,0,17-AUG-2016,
OPTSTK,CANBK,25-Aug-2016,270,PE,0,0,0,14.55,13.5,0,0,18000,0,17-AUG-2016,
OPTSTK,CANBK,25-Aug-2016,275,PE,0,0,0,21.35,17.2,0,0,3000,0,17-AUG-2016,
OPTSTK,CANBK,25-Aug-2016,280,PE,0,0,0,10,21.3,0,0,6000,0,17-AUG-2016,
OPTSTK,CANBK,25-Aug-2016,285,PE,0,0,0,64.35,25.65,0,0,0,0,17-AUG-2016,
OPTSTK,CANBK,25-Aug-2016,290,PE,0,0,0,88.1,30.2,0,0,0,0,17-AUG-2016,
OPTSTK,CANBK,25-Aug-2016,295,PE,0,0,0,73.9,34.9,0,0,0,0,17-AUG-2016,
OPTSTK,CANBK,25-Aug-2016,300,PE,0,0,0,97.3,39.75,0,0,0,0,17-AUG-2016,
OPTSTK,CANBK,29-Sep-2016,140,CE,0,0,0,81.05,121.2,0,0,0,0,17-AUG-2016,
OPTSTK,CANBK,29-Sep-2016,145,CE,0,0,0,76.25,116.25,0,0,0,0,17-AUG-2016,
OPTSTK,CANBK,29-Sep-2016,150,CE,0,0,0,71.45,111.3,0,0,0,0,17-AUG-2016,
OPTSTK,CANBK,29-Sep-2016,155,CE,0,0,0,66.75,106.35,0,0,0,0,17-AUG-2016,
OPTSTK,CANBK,29-Sep-2016,160,CE,0,0,0,62.1,101.4,0,0,0,0,17-AUG-2016,
OPTSTK,CANBK,29-Sep-2016,165,CE,0,0,0,57.55,96.45,0,0,0,0,17-AUG-2016,
OPTSTK,CANBK,29-Sep-2016,170,CE,0,0,0,53.1,91.5,0,0,0,0,17-AUG-2016,
OPTSTK,CANBK,29-Sep-2016,175,CE,0,0,0,48.8,86.6,0,0,0,0,17-AUG-2016,
OPTSTK,CANBK,29-Sep-2016,180,CE,0,0,0,44.65,81.7,0,0,0,0,17-AUG-2016,
OPTSTK,CANBK,29-Sep-2016,185,CE,0,0,0,40.65,76.85,0,0,0,0,17-AUG-2016,
OPTSTK,CANBK,29-Sep-2016,190,CE,0,0,0,36.85,72.05,0,0,0,0,17-AUG-2016,
OPTSTK,CANBK,29-Sep-2016,195,CE,0,0,0,33.3,67.3,0,0,0,0,17-AUG-2016,
OPTSTK,CANBK,29-Sep-2016,200,CE,0,0,0,29.9,62.65,0,0,0,0,17-AUG-2016,
OPTSTK,CANBK,29-Sep-2016,205,CE,0,0,0,26.75,58.05,0,0,0,0,17-AUG-2016,
OPTSTK,CANBK,29-Sep-2016,210,CE,0,0,0,23.8,53.6,0,0,0,0,17-AUG-2016,
OPTSTK,CANBK,29-Sep-2016,215,CE,0,0,0,21.1,49.3,0,0,0,0,17-AUG-2016,
OPTSTK,CANBK,29-Sep-2016,220,CE,0,0,0,18.65,45.1,0,0,0,0,17-AUG-2016,
OPTSTK,CANBK,29-Sep-2016,225,CE,0,0,0,16.4,41.1,0,0,0,0,17-AUG-2016,
OPTSTK,CANBK,29-Sep-2016,230,CE,0,0,0,14.35,37.3,0,0,0,0,17-AUG-2016,
OPTSTK,CANBK,29-Sep-2016,235,CE,0,0,0,12.5,33.65,0,0,0,0,17-AUG-2016,
OPTSTK,CANBK,29-Sep-2016,240,CE,0,0,0,10.85,30.25,0,0,0,0,17-AUG-2016,
OPTSTK,CANBK,29-Sep-2016,245,CE,0,0,0,9.4,27.05,0,0,0,0,17-AUG-2016,
OPTSTK,CANBK,29-Sep-2016,250,CE,0,0,0,8.1,24.05,0,0,0,0,17-AUG-2016,
OPTSTK,CANBK,29-Sep-2016,255,CE,0,0,0,9.5,21.3,0,0,3000,0,17-AUG-2016,
OPTSTK,CANBK,29-Sep-2016,260,CE,12.75,12.75,12.75,12.75,12.75,2,16.36,63000,3000,17-AUG-2016,
OPTSTK,CANBK,29-Sep-2016,265,CE,0,0,0,5.1,16.5,0,0,0,0,17-AUG-2016,
OPTSTK,CANBK,29-Sep-2016,270,CE,0,0,0,8.6,14.45,0,0,3000,0,17-AUG-2016,
OPTSTK,CANBK,29-Sep-2016,275,CE,0,0,0,3.7,12.55,0,0,0,0,17-AUG-2016,
OPTSTK,CANBK,29-Sep-2016,280,CE,0,0,0,3.1,10.9,0,0,0,0,17-AUG-2016,
OPTSTK,CANBK,29-Sep-2016,285,CE,0,0,0,2.65,9.4,0,0,0,0,17-AUG-2016,
OPTSTK,CANBK,29-Sep-2016,290,CE,0,0,0,5.6,8.05,0,0,3000,0,17-AUG-2016,
OPTSTK,CANBK,29-Sep-2016,295,CE,0,0,0,1.85,6.9,0,0,0,0,17-AUG-2016,
OPTSTK,CANBK,29-Sep-2016,300,CE,2.75,3,2.6,2.6,2.6,5,45.42,12000,9000,17-AUG-2016,
OPTSTK,CANBK,29-Sep-2016,140,PE,0,0,0,0.15,0,0,0,0,0,17-AUG-2016,
OPTSTK,CANBK,29-Sep-2016,145,PE,0,0,0,0.25,0,0,0,0,0,17-AUG-2016,
OPTSTK,CANBK,29-Sep-2016,150,PE,0,0,0,0.35,0.05,0,0,0,0,17-AUG-2016,
OPTSTK,CANBK,29-Sep-2016,155,PE,0,0,0,0.55,0.05,0,0,0,0,17-AUG-2016,
OPTSTK,CANBK,29-Sep-2016,160,PE,0,0,0,0.8,0.05,0,0,0,0,17-AUG-2016,
OPTSTK,CANBK,29-Sep-2016,165,PE,0,0,0,1.2,0.05,0,0,0,0,17-AUG-2016,
OPTSTK,CANBK,29-Sep-2016,170,PE,0,0,0,1.65,0.1,0,0,0,0,17-AUG-2016,
OPTSTK,CANBK,29-Sep-2016,175,PE,0,0,0,2.25,0.15,0,0,0,0,17-AUG-2016,
OPTSTK,CANBK,29-Sep-2016,180,PE,0,0,0,3,0.2,0,0,0,0,17-AUG-2016,
OPTSTK,CANBK,29-Sep-2016,185,PE,0,0,0,3.95,0.3,0,0,0,0,17-AUG-2016,
OPTSTK,CANBK,29-Sep-2016,190,PE,0,0,0,5.05,0.45,0,0,0,0,17-AUG-2016,
OPTSTK,CANBK,29-Sep-2016,195,PE,0,0,0,6.4,0.7,0,0,0,0,17-AUG-2016,
OPTSTK,CANBK,29-Sep-2016,200,PE,0,0,0,7.9,0.95,0,0,0,0,17-AUG-2016,
OPTSTK,CANBK,29-Sep-2016,205,PE,0,0,0,9.65,1.35,0,0,0,0,17-AUG-2016,
OPTSTK,CANBK,29-Sep-2016,210,PE,0,0,0,2.25,1.85,0,0,3000,0,17-AUG-2016,
OPTSTK,CANBK,29-Sep-2016,215,PE,0,0,0,3.2,2.5,0,0,9000,0,17-AUG-2016,
OPTSTK,CANBK,29-Sep-2016,220,PE,0,0,0,16.3,3.3,0,0,0,0,17-AUG-2016,
OPTSTK,CANBK,29-Sep-2016,225,PE,0,0,0,18.95,4.25,0,0,0,0,17-AUG-2016,
OPTSTK,CANBK,29-Sep-2016,230,PE,4.5,4.6,4.45,4.6,4.6,5,35.17,15000,15000,17-AUG-2016,
OPTSTK,CANBK,29-Sep-2016,235,PE,0,0,0,24.9,6.7,0,0,0,0,17-AUG-2016,
OPTSTK,CANBK,29-Sep-2016,240,PE,7.05,7.6,6,6,6,9,66.75,33000,24000,17-AUG-2016,
OPTSTK,CANBK,29-Sep-2016,245,PE,0,0,0,13.05,10,0,0,3000,0,17-AUG-2016,
OPTSTK,CANBK,29-Sep-2016,250,PE,0,0,0,13.25,12,0,0,30000,0,17-AUG-2016,
OPTSTK,CANBK,29-Sep-2016,255,PE,0,0,0,39,14.2,0,0,0,0,17-AUG-2016,
OPTSTK,CANBK,29-Sep-2016,260,PE,15.9,16.2,15.55,16.2,16.2,3,24.82,9000,6000,17-AUG-2016,
OPTSTK,CANBK,29-Sep-2016,265,PE,0,0,0,46.95,19.3,0,0,0,0,17-AUG-2016,
OPTSTK,CANBK,29-Sep-2016,270,PE,0,0,0,51.1,22.2,0,0,0,0,17-AUG-2016,
OPTSTK,CANBK,29-Sep-2016,275,PE,0,0,0,55.35,25.3,0,0,0,0,17-AUG-2016,
OPTSTK,CANBK,29-Sep-2016,280,PE,0,0,0,59.7,28.55,0,0,0,0,17-AUG-2016,
OPTSTK,CANBK,29-Sep-2016,285,PE,0,0,0,64.15,32,0,0,0,0,17-AUG-2016,
OPTSTK,CANBK,29-Sep-2016,290,PE,0,0,0,68.65,35.65,0,0,0,0,17-AUG-2016,
OPTSTK,CANBK,29-Sep-2016,295,PE,0,0,0,73.2,39.5,0,0,0,0,17-AUG-2016,
OPTSTK,CANBK,29-Sep-2016,300,PE,0,0,0,77.8,43.4,0,0,0,0,17-AUG-2016,
OPTSTK,CANBK,27-Oct-2016,180,CE,0,0,0,83.35,83.25,0,0,0,0,17-AUG-2016,
OPTSTK,CANBK,27-Oct-2016,185,CE,0,0,0,79,78.65,0,0,0,0,17-AUG-2016,
OPTSTK,CANBK,27-Oct-2016,190,CE,0,0,0,74.75,74.05,0,0,0,0,17-AUG-2016,
OPTSTK,CANBK,27-Oct-2016,195,CE,0,0,0,70.6,69.6,0,0,0,0,17-AUG-2016,
OPTSTK,CANBK,27-Oct-2016,200,CE,0,0,0,66.55,65.25,0,0,0,0,17-AUG-2016,
OPTSTK,CANBK,27-Oct-2016,205,CE,0,0,0,62.65,61,0,0,0,0,17-AUG-2016,
OPTSTK,CANBK,27-Oct-2016,210,CE,0,0,0,58.9,56.9,0,0,0,0,17-AUG-2016,
OPTSTK,CANBK,27-Oct-2016,215,CE,0,0,0,55.25,52.9,0,0,0,0,17-AUG-2016,
OPTSTK,CANBK,27-Oct-2016,220,CE,0,0,0,51.75,49.05,0,0,0,0,17-AUG-2016,
OPTSTK,CANBK,27-Oct-2016,225,CE,0,0,0,48.4,45.4,0,0,0,0,17-AUG-2016,
OPTSTK,CANBK,27-Oct-2016,230,CE,0,0,0,45.2,41.9,0,0,0,0,17-AUG-2016,
OPTSTK,CANBK,27-Oct-2016,235,CE,0,0,0,42.1,38.55,0,0,0,0,17-AUG-2016,
OPTSTK,CANBK,27-Oct-2016,240,CE,0,0,0,39.2,35.35,0,0,0,0,17-AUG-2016,
OPTSTK,CANBK,27-Oct-2016,245,CE,0,0,0,36.45,32.35,0,0,0,0,17-AUG-2016,
OPTSTK,CANBK,27-Oct-2016,250,CE,0,0,0,33.85,29.55,0,0,0,0,17-AUG-2016,
OPTSTK,CANBK,27-Oct-2016,255,CE,0,0,0,31.35,26.95,0,0,0,0,17-AUG-2016,
OPTSTK,CANBK,27-Oct-2016,260,CE,0,0,0,29.05,24.45,0,0,0,0,17-AUG-2016,
OPTSTK,CANBK,27-Oct-2016,265,CE,0,0,0,26.85,22.2,0,0,0,0,17-AUG-2016,
OPTSTK,CANBK,27-Oct-2016,270,CE,0,0,0,24.75,20.05,0,0,0,0,17-AUG-2016,
OPTSTK,CANBK,27-Oct-2016,275,CE,0,0,0,22.85,18.1,0,0,0,0,17-AUG-2016,
OPTSTK,CANBK,27-Oct-2016,280,CE,0,0,0,21.05,16.3,0,0,0,0,17-AUG-2016,
OPTSTK,CANBK,27-Oct-2016,285,CE,0,0,0,19.35,14.65,0,0,0,0,17-AUG-2016,
OPTSTK,CANBK,27-Oct-2016,290,CE,0,0,0,17.8,13.15,0,0,0,0,17-AUG-2016,
OPTSTK,CANBK,27-Oct-2016,295,CE,0,0,0,16.35,11.75,0,0,0,0,17-AUG-2016,
OPTSTK,CANBK,27-Oct-2016,300,CE,0,0,0,14.95,10.5,0,0,0,0,17-AUG-2016,
OPTSTK,CANBK,27-Oct-2016,180,PE,0,0,0,2.2,0.8,0,0,0,0,17-AUG-2016,
OPTSTK,CANBK,27-Oct-2016,185,PE,0,0,0,2.75,1.1,0,0,0,0,17-AUG-2016,
OPTSTK,CANBK,27-Oct-2016,190,PE,0,0,0,3.4,1.5,0,0,0,0,17-AUG-2016,
OPTSTK,CANBK,27-Oct-2016,195,PE,0,0,0,4.2,1.95,0,0,0,0,17-AUG-2016,
OPTSTK,CANBK,27-Oct-2016,200,PE,0,0,0,5.1,2.55,0,0,0,0,17-AUG-2016,
OPTSTK,CANBK,27-Oct-2016,205,PE,0,0,0,6.1,3.2,0,0,0,0,17-AUG-2016,
OPTSTK,CANBK,27-Oct-2016,210,PE,0,0,0,7.25,4.05,0,0,0,0,17-AUG-2016,
OPTSTK,CANBK,27-Oct-2016,215,PE,0,0,0,8.5,5,0,0,0,0,17-AUG-2016,
OPTSTK,CANBK,27-Oct-2016,220,PE,0,0,0,9.95,6.1,0,0,0,0,17-AUG-2016,
OPTSTK,CANBK,27-Oct-2016,225,PE,0,0,0,11.5,7.35,0,0,0,0,17-AUG-2016,
OPTSTK,CANBK,27-Oct-2016,230,PE,0,0,0,13.2,8.75,0,0,0,0,17-AUG-2016,
OPTSTK,CANBK,27-Oct-2016,235,PE,0,0,0,15.05,10.35,0,0,0,0,17-AUG-2016,
OPTSTK,CANBK,27-Oct-2016,240,PE,0,0,0,17.05,12.1,0,0,0,0,17-AUG-2016,
OPTSTK,CANBK,27-Oct-2016,245,PE,0,0,0,19.2,14.05,0,0,0,0,17-AUG-2016,
OPTSTK,CANBK,27-Oct-2016,250,PE,0,0,0,21.5,16.2,0,0,0,0,17-AUG-2016,
OPTSTK,CANBK,27-Oct-2016,255,PE,0,0,0,23.95,18.5,0,0,0,0,17-AUG-2016,
OPTSTK,CANBK,27-Oct-2016,260,PE,0,0,0,26.5,20.95,0,0,0,0,17-AUG-2016,
OPTSTK,CANBK,27-Oct-2016,265,PE,0,0,0,29.25,23.6,0,0,0,0,17-AUG-2016,
OPTSTK,CANBK,27-Oct-2016,270,PE,0,0,0,32.1,26.4,0,0,0,0,17-AUG-2016,
OPTSTK,CANBK,27-Oct-2016,275,PE,0,0,0,35.05,29.4,0,0,0,0,17-AUG-2016,
OPTSTK,CANBK,27-Oct-2016,280,PE,0,0,0,38.2,32.5,0,0,0,0,17-AUG-2016,
OPTSTK,CANBK,27-Oct-2016,285,PE,0,0,0,41.4,35.8,0,0,0,0,17-AUG-2016,
OPTSTK,CANBK,27-Oct-2016,290,PE,0,0,0,44.75,39.2,0,0,0,0,17-AUG-2016,
OPTSTK,CANBK,27-Oct-2016,295,PE,0,0,0,48.2,42.75,0,0,0,0,17-AUG-2016,
OPTSTK,CANBK,27-Oct-2016,300,PE,0,0,0,51.75,46.45,0,0,0,0,17-AUG-2016,
OPTSTK,CASTROLIND,25-Aug-2016,270,CE,0,0,0,111.2,142.75,0,0,0,0,17-AUG-2016,
OPTSTK,CASTROLIND,25-Aug-2016,280,CE,0,0,0,101.8,132.8,0,0,0,0,17-AUG-2016,
OPTSTK,CASTROLIND,25-Aug-2016,290,CE,0,0,0,92.65,122.8,0,0,0,0,17-AUG-2016,
OPTSTK,CASTROLIND,25-Aug-2016,300,CE,0,0,0,83.75,112.8,0,0,0,0,17-AUG-2016,
OPTSTK,CASTROLIND,25-Aug-2016,310,CE,0,0,0,75.2,102.85,0,0,0,0,17-AUG-2016,
OPTSTK,CASTROLIND,25-Aug-2016,320,CE,0,0,0,67.05,92.85,0,0,0,0,17-AUG-2016,
OPTSTK,CASTROLIND,25-Aug-2016,330,CE,0,0,0,59.3,82.85,0,0,0,0,17-AUG-2016,
OPTSTK,CASTROLIND,25-Aug-2016,340,CE,0,0,0,52.1,72.9,0,0,0,0,17-AUG-2016,
OPTSTK,CASTROLIND,25-Aug-2016,350,CE,0,0,0,45.4,62.9,0,0,0,0,17-AUG-2016,
OPTSTK,CASTROLIND,25-Aug-2016,360,CE,0,0,0,39.3,52.9,0,0,0,0,17-AUG-2016,
OPTSTK,CASTROLIND,25-Aug-2016,370,CE,0,0,0,59,42.95,0,0,1400,0,17-AUG-2016,
OPTSTK,CASTROLIND,25-Aug-2016,380,CE,0,0,0,28.8,33.05,0,0,0,0,17-AUG-2016,
OPTSTK,CASTROLIND,25-Aug-2016,390,CE,0,0,0,24.35,23.5,0,0,0,0,17-AUG-2016,
OPTSTK,CASTROLIND,25-Aug-2016,400,CE,0,0,0,17.25,14.9,0,0,39200,0,17-AUG-2016,
OPTSTK,CASTROLIND,25-Aug-2016,410,CE,13,13,9.35,9.35,9.35,24,141.57,96600,11200,17-AUG-2016,
OPTSTK,CASTROLIND,25-Aug-2016,420,CE,6.7,7.85,4.95,5,5,21,125.19,204400,2800,17-AUG-2016,
OPTSTK,CASTROLIND,25-Aug-2016,430,CE,3.95,5,3.65,3.65,3.65,11,66.9,245000,2800,17-AUG-2016,
OPTSTK,CASTROLIND,25-Aug-2016,440,CE,2.4,2.4,1.8,1.8,1.8,3,18.56,82600,-1400,17-AUG-2016,
OPTSTK,CASTROLIND,25-Aug-2016,450,CE,1.5,1.5,1,1,1,3,18.95,107800,1400,17-AUG-2016,
OPTSTK,CASTROLIND,25-Aug-2016,460,CE,1,1,0.85,0.85,0.85,3,19.35,40600,-1400,17-AUG-2016,
OPTSTK,CASTROLIND,25-Aug-2016,470,CE,0,0,0,0.5,0,0,0,12600,0,17-AUG-2016,
OPTSTK,CASTROLIND,25-Aug-2016,480,CE,0,0,0,5,0,0,0,1400,0,17-AUG-2016,
OPTSTK,CASTROLIND,25-Aug-2016,490,CE,0,0,0,3.3,0,0,0,0,0,17-AUG-2016,
OPTSTK,CASTROLIND,25-Aug-2016,500,CE,0,0,0,0.55,0,0,0,11200,0,17-AUG-2016,
OPTSTK,CASTROLIND,25-Aug-2016,510,CE,0,0,0,0.05,0,0,0,7000,0,17-AUG-2016,
OPTSTK,CASTROLIND,25-Aug-2016,520,CE,0,0,0,1.65,0,0,0,0,0,17-AUG-2016,
OPTSTK,CASTROLIND,25-Aug-2016,530,CE,0,0,0,1.3,0,0,0,0,0,17-AUG-2016,
OPTSTK,CASTROLIND,25-Aug-2016,270,PE,0,0,0,0.7,0,0,0,0,0,17-AUG-2016,
OPTSTK,CASTROLIND,25-Aug-2016,280,PE,0,0,0,1.15,0,0,0,0,0,17-AUG-2016,
OPTSTK,CASTROLIND,25-Aug-2016,290,PE,0,0,0,1.8,0,0,0,0,0,17-AUG-2016,
OPTSTK,CASTROLIND,25-Aug-2016,300,PE,0,0,0,2.7,0,0,0,0,0,17-AUG-2016,
OPTSTK,CASTROLIND,25-Aug-2016,310,PE,0,0,0,3.95,0,0,0,0,0,17-AUG-2016,
OPTSTK,CASTROLIND,25-Aug-2016,320,PE,0,0,0,5.65,0,0,0,0,0,17-AUG-2016,
OPTSTK,CASTROLIND,25-Aug-2016,330,PE,0,0,0,7.75,0,0,0,0,0,17-AUG-2016,
OPTSTK,CASTROLIND,25-Aug-2016,340,PE,0,0,0,10.35,0,0,0,0,0,17-AUG-2016,
OPTSTK,CASTROLIND,25-Aug-2016,350,PE,0,0,0,13.45,0,0,0,0,0,17-AUG-2016,
OPTSTK,CASTROLIND,25-Aug-2016,360,PE,0,0,0,17.2,0,0,0,0,0,17-AUG-2016,
OPTSTK,CASTROLIND,25-Aug-2016,370,PE,0,0,0,0.65,0.05,0,0,12600,0,17-AUG-2016,
OPTSTK,CASTROLIND,25-Aug-2016,380,PE,0.85,1,0.85,1,1,3,15.99,74200,0,17-AUG-2016,
OPTSTK,CASTROLIND,25-Aug-2016,390,PE,1.55,2.2,1.55,2,2,5,27.43,21000,0,17-AUG-2016,
OPTSTK,CASTROLIND,25-Aug-2016,400,PE,4.5,4.8,3.5,4.55,4.55,8,45.26,406000,5600,17-AUG-2016,
OPTSTK,CASTROLIND,25-Aug-2016,410,PE,7,7.95,5.75,7.4,7.4,12,69.99,81200,1400,17-AUG-2016,
OPTSTK,CASTROLIND,25-Aug-2016,420,PE,0,0,0,13.5,10.75,0,0,147000,0,17-AUG-2016,
OPTSTK,CASTROLIND,25-Aug-2016,430,PE,0,0,0,24,18.4,0,0,7000,0,17-AUG-2016,
OPTSTK,CASTROLIND,25-Aug-2016,440,PE,0,0,0,26.3,27.4,0,0,43400,0,17-AUG-2016,
OPTSTK,CASTROLIND,25-Aug-2016,450,PE,0,0,0,28.15,37.1,0,0,5600,0,17-AUG-2016,
OPTSTK,CASTROLIND,25-Aug-2016,460,PE,0,0,0,82.45,47,0,0,0,0,17-AUG-2016,
OPTSTK,CASTROLIND,25-Aug-2016,470,PE,0,0,0,91.05,56.95,0,0,0,0,17-AUG-2016,
OPTSTK,CASTROLIND,25-Aug-2016,480,PE,0,0,0,99.85,66.95,0,0,0,0,17-AUG-2016,
OPTSTK,CASTROLIND,25-Aug-2016,490,PE,0,0,0,108.85,76.95,0,0,0,0,17-AUG-2016,
OPTSTK,CASTROLIND,25-Aug-2016,500,PE,0,0,0,118,86.9,0,0,0,0,17-AUG-2016,
OPTSTK,CASTROLIND,25-Aug-2016,510,PE,0,0,0,127.25,96.9,0,0,0,0,17-AUG-2016,
OPTSTK,CASTROLIND,25-Aug-2016,520,PE,0,0,0,136.65,106.9,0,0,0,0,17-AUG-2016,
OPTSTK,CASTROLIND,25-Aug-2016,530,PE,0,0,0,146.15,116.9,0,0,0,0,17-AUG-2016,
OPTSTK,CASTROLIND,29-Sep-2016,270,CE,0,0,0,113.8,144.55,0,0,0,0,17-AUG-2016,
OPTSTK,CASTROLIND,29-Sep-2016,280,CE,0,0,0,104,134.65,0,0,0,0,17-AUG-2016,
OPTSTK,CASTROLIND,29-Sep-2016,290,CE,0,0,0,94.2,124.7,0,0,0,0,17-AUG-2016,
OPTSTK,CASTROLIND,29-Sep-2016,300,CE,0,0,0,84.45,114.8,0,0,0,0,17-AUG-2016,
OPTSTK,CASTROLIND,29-Sep-2016,310,CE,0,0,0,74.8,104.9,0,0,0,0,17-AUG-2016,
OPTSTK,CASTROLIND,29-Sep-2016,320,CE,0,0,0,65.3,95,0,0,0,0,17-AUG-2016,
OPTSTK,CASTROLIND,29-Sep-2016,330,CE,0,0,0,56.1,85.1,0,0,0,0,17-AUG-2016,
OPTSTK,CASTROLIND,29-Sep-2016,340,CE,0,0,0,47.35,75.3,0,0,0,0,17-AUG-2016,
OPTSTK,CASTROLIND,29-Sep-2016,350,CE,0,0,0,39.1,65.65,0,0,0,0,17-AUG-2016,
OPTSTK,CASTROLIND,29-Sep-2016,360,CE,0,0,0,31.65,56.2,0,0,0,0,17-AUG-2016,
OPTSTK,CASTROLIND,29-Sep-2016,370,CE,0,0,0,25,47.15,0,0,0,0,17-AUG-2016,
OPTSTK,CASTROLIND,29-Sep-2016,380,CE,0,0,0,19.25,38.65,0,0,0,0,17-AUG-2016,
OPTSTK,CASTROLIND,29-Sep-2016,390,CE,0,0,0,14.45,30.9,0,0,0,0,17-AUG-2016,
OPTSTK,CASTROLIND,29-Sep-2016,400,CE,0,0,0,10.6,24,0,0,0,0,17-AUG-2016,
OPTSTK,CASTROLIND,29-Sep-2016,410,CE,0,0,0,7.6,18.15,0,0,0,0,17-AUG-2016,
OPTSTK,CASTROLIND,29-Sep-2016,420,CE,0,0,0,5.3,13.3,0,0,0,0,17-AUG-2016,
OPTSTK,CASTROLIND,29-Sep-2016,430,CE,0,0,0,13,9.45,0,0,2800,0,17-AUG-2016,
OPTSTK,CASTROLIND,29-Sep-2016,440,CE,0,0,0,20.2,6.5,0,0,1400,0,17-AUG-2016,
OPTSTK,CASTROLIND,29-Sep-2016,450,CE,0,0,0,1.55,4.35,0,0,0,0,17-AUG-2016,
OPTSTK,CASTROLIND,29-Sep-2016,460,CE,0,0,0,1,2.8,0,0,0,0,17-AUG-2016,
OPTSTK,CASTROLIND,29-Sep-2016,470,CE,0,0,0,0.65,1.75,0,0,0,0,17-AUG-2016,
OPTSTK,CASTROLIND,29-Sep-2016,480,CE,0,0,0,0.4,1.1,0,0,0,0,17-AUG-2016,
OPTSTK,CASTROLIND,29-Sep-2016,490,CE,0,0,0,0.25,0.65,0,0,0,0,17-AUG-2016,
OPTSTK,CASTROLIND,29-Sep-2016,500,CE,0,0,0,0.15,0.4,0,0,0,0,17-AUG-2016,
OPTSTK,CASTROLIND,29-Sep-2016,510,CE,0,0,0,0.1,0.2,0,0,0,0,17-AUG-2016,
OPTSTK,CASTROLIND,29-Sep-2016,520,CE,0,0,0,0.05,0.15,0,0,0,0,17-AUG-2016,
OPTSTK,CASTROLIND,29-Sep-2016,530,CE,0,0,0,0.05,0.1,0,0,0,0,17-AUG-2016,
OPTSTK,CASTROLIND,29-Sep-2016,270,PE,0,0,0,0.05,0,0,0,0,0,17-AUG-2016,
OPTSTK,CASTROLIND,29-Sep-2016,280,PE,0,0,0,0.05,0,0,0,0,0,17-AUG-2016,
OPTSTK,CASTROLIND,29-Sep-2016,290,PE,0,0,0,0.05,0,0,0,0,0,17-AUG-2016,
OPTSTK,CASTROLIND,29-Sep-2016,300,PE,0,0,0,0.15,0,0,0,0,0,17-AUG-2016,
OPTSTK,CASTROLIND,29-Sep-2016,310,PE,0,0,0,0.3,0.05,0,0,0,0,17-AUG-2016,
OPTSTK,CASTROLIND,29-Sep-2016,320,PE,0,0,0,0.65,0.05,0,0,0,0,17-AUG-2016,
OPTSTK,CASTROLIND,29-Sep-2016,330,PE,0,0,0,1.3,0.1,0,0,0,0,17-AUG-2016,
OPTSTK,CASTROLIND,29-Sep-2016,340,PE,0,0,0,2.3,0.2,0,0,0,0,17-AUG-2016,
OPTSTK,CASTROLIND,29-Sep-2016,350,PE,0,0,0,3.95,0.45,0,0,0,0,17-AUG-2016,
OPTSTK,CASTROLIND,29-Sep-2016,360,PE,0,0,0,6.3,0.95,0,0,0,0,17-AUG-2016,
OPTSTK,CASTROLIND,29-Sep-2016,370,PE,0,0,0,9.45,1.8,0,0,0,0,17-AUG-2016,
OPTSTK,CASTROLIND,29-Sep-2016,380,PE,0,0,0,5.9,3.25,0,0,1400,0,17-AUG-2016,
OPTSTK,CASTROLIND,29-Sep-2016,390,PE,0,0,0,18.6,5.4,0,0,0,0,17-AUG-2016,
OPTSTK,CASTROLIND,29-Sep-2016,400,PE,9.25,9.25,9.25,9.25,9.25,1,5.72,4200,1400,17-AUG-2016,
OPTSTK,CASTROLIND,29-Sep-2016,410,PE,0,0,0,31.35,12.45,0,0,0,0,17-AUG-2016,
OPTSTK,CASTROLIND,29-Sep-2016,420,PE,0,0,0,38.9,17.55,0,0,0,0,17-AUG-2016,
OPTSTK,CASTROLIND,29-Sep-2016,430,PE,0,0,0,47,23.6,0,0,0,0,17-AUG-2016,
OPTSTK,CASTROLIND,29-Sep-2016,440,PE,0,0,0,55.65,30.6,0,0,0,0,17-AUG-2016,
OPTSTK,CASTROLIND,29-Sep-2016,450,PE,0,0,0,64.6,38.35,0,0,0,0,17-AUG-2016,
OPTSTK,CASTROLIND,29-Sep-2016,460,PE,0,0,0,73.85,46.75,0,0,0,0,17-AUG-2016,
OPTSTK,CASTROLIND,29-Sep-2016,470,PE,0,0,0,83.3,55.6,0,0,0,0,17-AUG-2016,
OPTSTK,CASTROLIND,29-Sep-2016,480,PE,0,0,0,92.9,64.85,0,0,0,0,17-AUG-2016,
OPTSTK,CASTROLIND,29-Sep-2016,490,PE,0,0,0,102.6,74.35,0,0,0,0,17-AUG-2016,
OPTSTK,CASTROLIND,29-Sep-2016,500,PE,0,0,0,112.3,84,0,0,0,0,17-AUG-2016,
OPTSTK,CASTROLIND,29-Sep-2016,510,PE,0,0,0,122.1,93.75,0,0,0,0,17-AUG-2016,
OPTSTK,CASTROLIND,29-Sep-2016,520,PE,0,0,0,131.85,103.55,0,0,0,0,17-AUG-2016,
OPTSTK,CASTROLIND,29-Sep-2016,530,PE,0,0,0,141.7,113.45,0,0,0,0,17-AUG-2016,
OPTSTK,CASTROLIND,27-Oct-2016,280,CE,0,0,0,160.8,136.1,0,0,0,0,17-AUG-2016,
OPTSTK,CASTROLIND,27-Oct-2016,290,CE,0,0,0,150.95,126.25,0,0,0,0,17-AUG-2016,
OPTSTK,CASTROLIND,27-Oct-2016,300,CE,0,0,0,141.15,116.4,0,0,0,0,17-AUG-2016,
OPTSTK,CASTROLIND,27-Oct-2016,310,CE,0,0,0,131.4,106.6,0,0,0,0,17-AUG-2016,
OPTSTK,CASTROLIND,27-Oct-2016,320,CE,0,0,0,121.65,96.8,0,0,0,0,17-AUG-2016,
OPTSTK,CASTROLIND,27-Oct-2016,330,CE,0,0,0,111.95,87.15,0,0,0,0,17-AUG-2016,
OPTSTK,CASTROLIND,27-Oct-2016,340,CE,0,0,0,102.4,77.65,0,0,0,0,17-AUG-2016,
OPTSTK,CASTROLIND,27-Oct-2016,350,CE,0,0,0,93,68.4,0,0,0,0,17-AUG-2016,
OPTSTK,CASTROLIND,27-Oct-2016,360,CE,0,0,0,83.8,59.45,0,0,0,0,17-AUG-2016,
OPTSTK,CASTROLIND,27-Oct-2016,370,CE,0,0,0,74.9,51,0,0,0,0,17-AUG-2016,
OPTSTK,CASTROLIND,27-Oct-2016,380,CE,0,0,0,66.35,43.05,0,0,0,0,17-AUG-2016,
OPTSTK,CASTROLIND,27-Oct-2016,390,CE,0,0,0,58.25,35.8,0,0,0,0,17-AUG-2016,
OPTSTK,CASTROLIND,27-Oct-2016,400,CE,0,0,0,50.65,29.3,0,0,0,0,17-AUG-2016,
OPTSTK,CASTROLIND,27-Oct-2016,410,CE,0,0,0,43.55,23.55,0,0,0,0,17-AUG-2016,
OPTSTK,CASTROLIND,27-Oct-2016,420,CE,0,0,0,37.1,18.6,0,0,0,0,17-AUG-2016,
OPTSTK,CASTROLIND,27-Oct-2016,430,CE,0,0,0,31.3,14.45,0,0,0,0,17-AUG-2016,
OPTSTK,CASTROLIND,27-Oct-2016,440,CE,0,0,0,26.1,11.05,0,0,0,0,17-AUG-2016,
OPTSTK,CASTROLIND,27-Oct-2016,450,CE,0,0,0,21.55,8.3,0,0,0,0,17-AUG-2016,
OPTSTK,CASTROLIND,27-Oct-2016,460,CE,0,0,0,17.6,6.15,0,0,0,0,17-AUG-2016,
OPTSTK,CASTROLIND,27-Oct-2016,470,CE,0,0,0,14.25,4.45,0,0,0,0,17-AUG-2016,
OPTSTK,CASTROLIND,27-Oct-2016,480,CE,0,0,0,11.4,3.2,0,0,0,0,17-AUG-2016,
OPTSTK,CASTROLIND,27-Oct-2016,490,CE,0,0,0,9.1,2.25,0,0,0,0,17-AUG-2016,
OPTSTK,CASTROLIND,27-Oct-2016,500,CE,0,0,0,7.15,1.55,0,0,0,0,17-AUG-2016,
OPTSTK,CASTROLIND,27-Oct-2016,510,CE,0,0,0,5.55,1.1,0,0,0,0,17-AUG-2016,
OPTSTK,CASTROLIND,27-Oct-2016,520,CE,0,0,0,4.3,0.75,0,0,0,0,17-AUG-2016,
OPTSTK,CASTROLIND,27-Oct-2016,530,CE,0,0,0,3.3,0.5,0,0,0,0,17-AUG-2016,
OPTSTK,CASTROLIND,27-Oct-2016,280,PE,0,0,0,0.05,0,0,0,0,0,17-AUG-2016,
OPTSTK,CASTROLIND,27-Oct-2016,290,PE,0,0,0,0.05,0.05,0,0,0,0,17-AUG-2016,
OPTSTK,CASTROLIND,27-Oct-2016,300,PE,0,0,0,0.05,0.05,0,0,0,0,17-AUG-2016,
OPTSTK,CASTROLIND,27-Oct-2016,310,PE,0,0,0,0.1,0.1,0,0,0,0,17-AUG-2016,
OPTSTK,CASTROLIND,27-Oct-2016,320,PE,0,0,0,0.2,0.2,0,0,0,0,17-AUG-2016,
OPTSTK,CASTROLIND,27-Oct-2016,330,PE,0,0,0,0.35,0.4,0,0,0,0,17-AUG-2016,
OPTSTK,CASTROLIND,27-Oct-2016,340,PE,0,0,0,0.6,0.75,0,0,0,0,17-AUG-2016,
OPTSTK,CASTROLIND,27-Oct-2016,350,PE,0,0,0,1.05,1.35,0,0,0,0,17-AUG-2016,
OPTSTK,CASTROLIND,27-Oct-2016,360,PE,0,0,0,1.7,2.3,0,0,0,0,17-AUG-2016,
OPTSTK,CASTROLIND,27-Oct-2016,370,PE,0,0,0,2.6,3.7,0,0,0,0,17-AUG-2016,
OPTSTK,CASTROLIND,27-Oct-2016,380,PE,0,0,0,3.9,5.65,0,0,0,0,17-AUG-2016,
OPTSTK,CASTROLIND,27-Oct-2016,390,PE,0,0,0,5.6,8.25,0,0,0,0,17-AUG-2016,
OPTSTK,CASTROLIND,27-Oct-2016,400,PE,0,0,0,7.8,11.6,0,0,0,0,17-AUG-2016,
OPTSTK,CASTROLIND,27-Oct-2016,410,PE,0,0,0,10.6,15.75,0,0,0,0,17-AUG-2016,
OPTSTK,CASTROLIND,27-Oct-2016,420,PE,0,0,0,13.95,20.65,0,0,0,0,17-AUG-2016,
OPTSTK,CASTROLIND,27-Oct-2016,430,PE,0,0,0,17.95,26.4,0,0,0,0,17-AUG-2016,
OPTSTK,CASTROLIND,27-Oct-2016,440,PE,0,0,0,22.6,32.85,0,0,0,0,17-AUG-2016,
OPTSTK,CASTROLIND,27-Oct-2016,450,PE,0,0,0,27.9,39.95,0,0,0,0,17-AUG-2016,
OPTSTK,CASTROLIND,27-Oct-2016,460,PE,0,0,0,33.75,47.65,0,0,0,0,17-AUG-2016,
OPTSTK,CASTROLIND,27-Oct-2016,470,PE,0,0,0,40.25,55.85,0,0,0,0,17-AUG-2016,
OPTSTK,CASTROLIND,27-Oct-2016,480,PE,0,0,0,47.2,64.45,0,0,0,0,17-AUG-2016,
OPTSTK,CASTROLIND,27-Oct-2016,490,PE,0,0,0,54.7,73.35,0,0,0,0,17-AUG-2016,
OPTSTK,CASTROLIND,27-Oct-2016,500,PE,0,0,0,62.6,82.55,0,0,0,0,17-AUG-2016,
OPTSTK,CASTROLIND,27-Oct-2016,510,PE,0,0,0,70.85,91.95,0,0,0,0,17-AUG-2016,
OPTSTK,CASTROLIND,27-Oct-2016,520,PE,0,0,0,79.4,101.45,0,0,0,0,17-AUG-2016,
OPTSTK,CASTROLIND,27-Oct-2016,530,PE,0,0,0,88.25,111.1,0,0,0,0,17-AUG-2016,
OPTSTK,CEATLTD,25-Aug-2016,500,CE,0,0,0,414.4,387.2,0,0,0,0,17-AUG-2016,
OPTSTK,CEATLTD,25-Aug-2016,520,CE,0,0,0,324.6,367.25,0,0,0,0,17-AUG-2016,
OPTSTK,CEATLTD,25-Aug-2016,540,CE,0,0,0,304.85,347.3,0,0,0,0,17-AUG-2016,
OPTSTK,CEATLTD,25-Aug-2016,550,CE,0,0,0,365.45,337.3,0,0,0,0,17-AUG-2016,
OPTSTK,CEATLTD,25-Aug-2016,560,CE,0,0,0,285.2,327.3,0,0,0,0,17-AUG-2016,
OPTSTK,CEATLTD,25-Aug-2016,580,CE,0,0,0,265.6,307.35,0,0,0,0,17-AUG-2016,
OPTSTK,CEATLTD,25-Aug-2016,600,CE,0,0,0,316.95,287.35,0,0,0,0,17-AUG-2016,
OPTSTK,CEATLTD,25-Aug-2016,620,CE,0,0,0,226.95,267.4,0,0,0,0,17-AUG-2016,
OPTSTK,CEATLTD,25-Aug-2016,640,CE,0,0,0,208,247.45,0,0,0,0,17-AUG-2016,
OPTSTK,CEATLTD,25-Aug-2016,650,CE,0,0,0,269.5,237.45,0,0,0,0,17-AUG-2016,
OPTSTK,CEATLTD,25-Aug-2016,660,CE,0,0,0,189.45,227.45,0,0,0,0,17-AUG-2016,
OPTSTK,CEATLTD,25-Aug-2016,680,CE,0,0,0,171.45,207.5,0,0,0,0,17-AUG-2016,
OPTSTK,CEATLTD,25-Aug-2016,700,CE,0,0,0,224.05,187.5,0,0,0,0,17-AUG-2016,
OPTSTK,CEATLTD,25-Aug-2016,720,CE,0,0,0,137.45,167.55,0,0,0,0,17-AUG-2016,
OPTSTK,CEATLTD,25-Aug-2016,740,CE,0,0,0,121.7,147.6,0,0,0,0,17-AUG-2016,
OPTSTK,CEATLTD,25-Aug-2016,750,CE,0,0,0,181.65,137.6,0,0,0,0,17-AUG-2016,
OPTSTK,CEATLTD,25-Aug-2016,760,CE,0,0,0,106.95,127.65,0,0,0,0,17-AUG-2016,
OPTSTK,CEATLTD,25-Aug-2016,780,CE,0,0,0,93.2,107.8,0,0,0,0,17-AUG-2016,
OPTSTK,CEATLTD,25-Aug-2016,800,CE,0,0,0,143.5,88.25,0,0,0,0,17-AUG-2016,
OPTSTK,CEATLTD,25-Aug-2016,820,CE,0,0,0,61.85,69.4,0,0,700,0,17-AUG-2016,
OPTSTK,CEATLTD,25-Aug-2016,840,CE,0,0,0,58.9,51.85,0,0,0,0,17-AUG-2016,
OPTSTK,CEATLTD,25-Aug-2016,850,CE,55,55,55,55,55,1,6.33,3500,-700,17-AUG-2016,
OPTSTK,CEATLTD,25-Aug-2016,860,CE,36.65,42,36.65,41.5,41.5,6,37.8,35700,-1400,17-AUG-2016,
OPTSTK,CEATLTD,25-Aug-2016,880,CE,21.9,36.15,21.9,28,28,61,388.25,69300,-3500,17-AUG-2016,
OPTSTK,CEATLTD,25-Aug-2016,900,CE,13.5,24.95,13.1,19.05,19.05,879,5659.28,364700,244300,17-AUG-2016,
OPTSTK,CEATLTD,25-Aug-2016,920,CE,8.9,15.95,8.7,12.1,12.1,300,1958.85,116900,16100,17-AUG-2016,
OPTSTK,CEATLTD,25-Aug-2016,940,CE,6,10.1,5.2,7.15,7.15,113,749.58,97300,15400,17-AUG-2016,
OPTSTK,CEATLTD,25-Aug-2016,950,CE,4.8,7.95,4.6,5.95,5.95,43,287.88,57400,-3500,17-AUG-2016,
OPTSTK,CEATLTD,25-Aug-2016,960,CE,5.7,6.15,4.35,4.8,4.8,16,108.08,19600,7700,17-AUG-2016,
OPTSTK,CEATLTD,25-Aug-2016,980,CE,2.2,2.5,2.2,2.5,2.5,2,13.75,7700,1400,17-AUG-2016,
OPTSTK,CEATLTD,25-Aug-2016,1000,CE,1.9,2.25,1.9,2.15,2.15,5,35.07,75600,-3500,17-AUG-2016,
OPTSTK,CEATLTD,25-Aug-2016,1020,CE,0,0,0,5.1,0.15,0,0,1400,0,17-AUG-2016,
OPTSTK,CEATLTD,25-Aug-2016,1040,CE,1.3,1.3,1.3,1.3,1.3,3,21.86,0,-2100,17-AUG-2016,
OPTSTK,CEATLTD,25-Aug-2016,1050,CE,0,0,0,30.05,0.05,0,0,0,0,17-AUG-2016,
OPTSTK,CEATLTD,25-Aug-2016,1060,CE,1.5,1.5,1.5,1.5,1.5,1,7.43,0,-700,17-AUG-2016,
OPTSTK,CEATLTD,25-Aug-2016,1080,CE,0,0,0,4.95,0,0,0,0,0,17-AUG-2016,
OPTSTK,CEATLTD,25-Aug-2016,1100,CE,0,0,0,20.55,0,0,0,0,0,17-AUG-2016,
OPTSTK,CEATLTD,25-Aug-2016,1120,CE,0,0,0,3,0,0,0,0,0,17-AUG-2016,
OPTSTK,CEATLTD,25-Aug-2016,1140,CE,0,0,0,2.35,0,0,0,0,0,17-AUG-2016,
OPTSTK,CEATLTD,25-Aug-2016,1150,CE,0,0,0,13.8,0,0,0,0,0,17-AUG-2016,
OPTSTK,CEATLTD,25-Aug-2016,1160,CE,0,0,0,1.8,0,0,0,0,0,17-AUG-2016,
OPTSTK,CEATLTD,25-Aug-2016,1180,CE,0,0,0,1.4,0,0,0,0,0,17-AUG-2016,
OPTSTK,CEATLTD,25-Aug-2016,1200,CE,0,0,0,9.1,0,0,0,0,0,17-AUG-2016,
OPTSTK,CEATLTD,25-Aug-2016,1220,CE,0,0,0,1.25,0,0,0,0,0,17-AUG-2016,
OPTSTK,CEATLTD,25-Aug-2016,1240,CE,0,0,0,1.35,0,0,0,0,0,17-AUG-2016,
OPTSTK,CEATLTD,25-Aug-2016,1250,CE,0,0,0,5.9,0,0,0,0,0,17-AUG-2016,
OPTSTK,CEATLTD,25-Aug-2016,1260,CE,0,0,0,0.05,0,0,0,0,0,17-AUG-2016,
OPTSTK,CEATLTD,25-Aug-2016,1300,CE,0,0,0,3.8,0,0,0,0,0,17-AUG-2016,
OPTSTK,CEATLTD,25-Aug-2016,1350,CE,0,0,0,2.4,0,0,0,0,0,17-AUG-2016,
OPTSTK,CEATLTD,25-Aug-2016,1400,CE,0,0,0,1.5,0,0,0,0,0,17-AUG-2016,
OPTSTK,CEATLTD,25-Aug-2016,500,PE,0,0,0,0.05,0,0,0,0,0,17-AUG-2016,
OPTSTK,CEATLTD,25-Aug-2016,520,PE,0,0,0,0.05,0,0,0,0,0,17-AUG-2016,
OPTSTK,CEATLTD,25-Aug-2016,540,PE,0,0,0,0.1,0,0,0,0,0,17-AUG-2016,
OPTSTK,CEATLTD,25-Aug-2016,550,PE,0,0,0,0.25,0,0,0,0,0,17-AUG-2016,
OPTSTK,CEATLTD,25-Aug-2016,560,PE,0,0,0,0.25,0,0,0,0,0,17-AUG-2016,
OPTSTK,CEATLTD,25-Aug-2016,580,PE,0,0,0,0.45,0,0,0,0,0,17-AUG-2016,
OPTSTK,CEATLTD,25-Aug-2016,600,PE,0,0,0,0.85,0,0,0,0,0,17-AUG-2016,
OPTSTK,CEATLTD,25-Aug-2016,620,PE,0,0,0,1.3,0,0,0,0,0,17-AUG-2016,
OPTSTK,CEATLTD,25-Aug-2016,640,PE,0,0,0,2.15,0,0,0,0,0,17-AUG-2016,
OPTSTK,CEATLTD,25-Aug-2016,650,PE,0,0,0,2.5,0,0,0,0,0,17-AUG-2016,
OPTSTK,CEATLTD,25-Aug-2016,660,PE,0.05,0.05,0.05,0.05,0.05,29,133.99,20300,20300,17-AUG-2016,
OPTSTK,CEATLTD,25-Aug-2016,680,PE,0.05,0.05,0.05,0.05,0.05,57,271.33,39900,39900,17-AUG-2016,
OPTSTK,CEATLTD,25-Aug-2016,700,PE,0.05,0.05,0.05,0.05,0.05,57,279.31,40600,39900,17-AUG-2016,
OPTSTK,CEATLTD,25-Aug-2016,720,PE,0,0,0,10.75,0,0,0,0,0,17-AUG-2016,
OPTSTK,CEATLTD,25-Aug-2016,740,PE,0,0,0,14.75,0.05,0,0,0,0,17-AUG-2016,
OPTSTK,CEATLTD,25-Aug-2016,750,PE,0,0,0,0.6,0.05,0,0,3500,0,17-AUG-2016,
OPTSTK,CEATLTD,25-Aug-2016,760,PE,0,0,0,19.8,0.05,0,0,0,0,17-AUG-2016,
OPTSTK,CEATLTD,25-Aug-2016,780,PE,0,0,0,25.8,0.2,0,0,0,0,17-AUG-2016,
OPTSTK,CEATLTD,25-Aug-2016,800,PE,0.7,3.6,0.7,3.05,3.05,15,84.29,30800,4900,17-AUG-2016,
OPTSTK,CEATLTD,25-Aug-2016,820,PE,1.35,5.5,1.2,4.5,4.5,69,397.6,25200,17500,17-AUG-2016,
OPTSTK,CEATLTD,25-Aug-2016,840,PE,3.65,8.05,2.2,7.9,7.9,23,136.05,16100,3500,17-AUG-2016,
OPTSTK,CEATLTD,25-Aug-2016,850,PE,5,11.05,3.25,10,10,50,299.83,42000,-700,17-AUG-2016,
OPTSTK,CEATLTD,25-Aug-2016,860,PE,7.15,13,4.4,12.25,12.25,34,206.65,25900,3500,17-AUG-2016,
OPTSTK,CEATLTD,25-Aug-2016,880,PE,15.95,21.7,8.85,20.95,20.95,44,275.62,26600,4900,17-AUG-2016,
OPTSTK,CEATLTD,25-Aug-2016,900,PE,22.6,32.1,17,32.1,32.1,23,148.72,36400,4200,17-AUG-2016,
OPTSTK,CEATLTD,25-Aug-2016,920,PE,38.8,44.3,38.8,44.3,44.3,2,13.46,9100,-1400,17-AUG-2016,
OPTSTK,CEATLTD,25-Aug-2016,940,PE,53.05,53.05,53.05,53.05,53.05,1,6.95,4200,-700,17-AUG-2016,
OPTSTK,CEATLTD,25-Aug-2016,950,PE,0,0,0,85.45,65,0,0,2800,0,17-AUG-2016,
OPTSTK,CEATLTD,25-Aug-2016,960,PE,0,0,0,94.4,74.05,0,0,1400,0,17-AUG-2016,
OPTSTK,CEATLTD,25-Aug-2016,980,PE,0,0,0,146,92.9,0,0,0,0,17-AUG-2016,
OPTSTK,CEATLTD,25-Aug-2016,1000,PE,0,0,0,133.3,112.4,0,0,2100,0,17-AUG-2016,
OPTSTK,CEATLTD,25-Aug-2016,1020,PE,0,0,0,153.05,132.15,0,0,700,0,17-AUG-2016,
OPTSTK,CEATLTD,25-Aug-2016,1040,PE,0,0,0,197.75,152.05,0,0,0,0,17-AUG-2016,
OPTSTK,CEATLTD,25-Aug-2016,1050,PE,0,0,0,164,162,0,0,700,0,17-AUG-2016,
OPTSTK,CEATLTD,25-Aug-2016,1060,PE,0,0,0,215.85,172,0,0,0,0,17-AUG-2016,
OPTSTK,CEATLTD,25-Aug-2016,1080,PE,0,0,0,234.3,191.95,0,0,0,0,17-AUG-2016,
OPTSTK,CEATLTD,25-Aug-2016,1100,PE,0,0,0,178.15,211.95,0,0,700,0,17-AUG-2016,
OPTSTK,CEATLTD,25-Aug-2016,1120,PE,0,0,0,271.95,231.9,0,0,0,0,17-AUG-2016,
OPTSTK,CEATLTD,25-Aug-2016,1140,PE,0,0,0,291.05,251.85,0,0,0,0,17-AUG-2016,
OPTSTK,CEATLTD,25-Aug-2016,1150,PE,0,0,0,237.85,261.85,0,0,0,0,17-AUG-2016,
OPTSTK,CEATLTD,25-Aug-2016,1160,PE,0,0,0,310.3,271.85,0,0,0,0,17-AUG-2016,
OPTSTK,CEATLTD,25-Aug-2016,1180,PE,0,0,0,329.65,291.8,0,0,0,0,17-AUG-2016,
OPTSTK,CEATLTD,25-Aug-2016,1200,PE,0,0,0,282.3,311.75,0,0,0,0,17-AUG-2016,
OPTSTK,CEATLTD,25-Aug-2016,1220,PE,0,0,0,345.55,331.75,0,0,0,0,17-AUG-2016,
OPTSTK,CEATLTD,25-Aug-2016,1240,PE,0,0,0,345.55,351.7,0,0,0,0,17-AUG-2016,
OPTSTK,CEATLTD,25-Aug-2016,1250,PE,0,0,0,328.2,361.7,0,0,0,0,17-AUG-2016,
OPTSTK,CEATLTD,25-Aug-2016,1260,PE,0,0,0,346.3,371.7,0,0,0,0,17-AUG-2016,
OPTSTK,CEATLTD,25-Aug-2016,1300,PE,0,0,0,375.2,411.65,0,0,0,0,17-AUG-2016,
OPTSTK,CEATLTD,25-Aug-2016,1350,PE,0,0,0,422.95,461.55,0,0,0,0,17-AUG-2016,
OPTSTK,CEATLTD,25-Aug-2016,1400,PE,0,0,0,471.15,511.5,0,0,0,0,17-AUG-2016,
OPTSTK,CEATLTD,29-Sep-2016,500,CE,0,0,0,347.95,390.5,0,0,0,0,17-AUG-2016,
OPTSTK,CEATLTD,29-Sep-2016,520,CE,0,0,0,328.45,370.7,0,0,0,0,17-AUG-2016,
OPTSTK,CEATLTD,29-Sep-2016,540,CE,0,0,0,309.15,350.85,0,0,0,0,17-AUG-2016,
OPTSTK,CEATLTD,29-Sep-2016,560,CE,0,0,0,289.95,331,0,0,0,0,17-AUG-2016,
OPTSTK,CEATLTD,29-Sep-2016,580,CE,0,0,0,270.95,311.2,0,0,0,0,17-AUG-2016,
OPTSTK,CEATLTD,29-Sep-2016,600,CE,0,0,0,252.3,291.35,0,0,0,0,17-AUG-2016,
OPTSTK,CEATLTD,29-Sep-2016,620,CE,0,0,0,233.95,271.55,0,0,0,0,17-AUG-2016,
OPTSTK,CEATLTD,29-Sep-2016,640,CE,0,0,0,216.1,251.8,0,0,0,0,17-AUG-2016,
OPTSTK,CEATLTD,29-Sep-2016,660,CE,0,0,0,198.75,232.15,0,0,0,0,17-AUG-2016,
OPTSTK,CEATLTD,29-Sep-2016,680,CE,0,0,0,181.95,212.6,0,0,0,0,17-AUG-2016,
OPTSTK,CEATLTD,29-Sep-2016,700,CE,0,0,0,165.9,193.3,0,0,0,0,17-AUG-2016,
OPTSTK,CEATLTD,29-Sep-2016,720,CE,0,0,0,150.55,174.35,0,0,0,0,17-AUG-2016,
OPTSTK,CEATLTD,29-Sep-2016,740,CE,0,0,0,136.05,155.9,0,0,0,0,17-AUG-2016,
OPTSTK,CEATLTD,29-Sep-2016,760,CE,0,0,0,122.3,138.05,0,0,0,0,17-AUG-2016,
OPTSTK,CEATLTD,29-Sep-2016,780,CE,0,0,0,109.5,120.95,0,0,0,0,17-AUG-2016,
OPTSTK,CEATLTD,29-Sep-2016,800,CE,0,0,0,97.65,104.9,0,0,0,0,17-AUG-2016,
OPTSTK,CEATLTD,29-Sep-2016,820,CE,0,0,0,86.65,89.9,0,0,0,0,17-AUG-2016,
OPTSTK,CEATLTD,29-Sep-2016,840,CE,0,0,0,76.6,76.15,0,0,0,0,17-AUG-2016,
OPTSTK,CEATLTD,29-Sep-2016,860,CE,0,0,0,67.4,63.7,0,0,0,0,17-AUG-2016,
OPTSTK,CEATLTD,29-Sep-2016,880,CE,0,0,0,59.1,52.7,0,0,0,0,17-AUG-2016,
OPTSTK,CEATLTD,29-Sep-2016,900,CE,0,0,0,43,43,0,0,1400,0,17-AUG-2016,
OPTSTK,CEATLTD,29-Sep-2016,920,CE,30.5,30.5,30.5,30.5,30.5,1,6.65,700,700,17-AUG-2016,
OPTSTK,CEATLTD,29-Sep-2016,940,CE,0,0,0,38.9,27.65,0,0,0,0,17-AUG-2016,
OPTSTK,CEATLTD,29-Sep-2016,960,CE,0,0,0,33.6,21.75,0,0,0,0,17-AUG-2016,
OPTSTK,CEATLTD,29-Sep-2016,980,CE,0,0,0,29,17,0,0,0,0,17-AUG-2016,
OPTSTK,CEATLTD,29-Sep-2016,1000,CE,0,0,0,24.9,13.05,0,0,0,0,17-AUG-2016,
OPTSTK,CEATLTD,29-Sep-2016,1020,CE,0,0,0,21.25,9.95,0,0,0,0,17-AUG-2016,
OPTSTK,CEATLTD,29-Sep-2016,1040,CE,0,0,0,18.15,7.5,0,0,0,0,17-AUG-2016,
OPTSTK,CEATLTD,29-Sep-2016,1060,CE,0,0,0,15.4,5.55,0,0,0,0,17-AUG-2016,
OPTSTK,CEATLTD,29-Sep-2016,1080,CE,0,0,0,13.1,4.1,0,0,0,0,17-AUG-2016,
OPTSTK,CEATLTD,29-Sep-2016,1100,CE,0,0,0,11.05,3,0,0,0,0,17-AUG-2016,
OPTSTK,CEATLTD,29-Sep-2016,1120,CE,0,0,0,9.35,2.15,0,0,0,0,17-AUG-2016,
OPTSTK,CEATLTD,29-Sep-2016,1140,CE,0,0,0,7.85,1.55,0,0,0,0,17-AUG-2016,
OPTSTK,CEATLTD,29-Sep-2016,1160,CE,0,0,0,6.6,1.1,0,0,0,0,17-AUG-2016,
OPTSTK,CEATLTD,29-Sep-2016,1180,CE,0,0,0,5.55,0.8,0,0,0,0,17-AUG-2016,
OPTSTK,CEATLTD,29-Sep-2016,1200,CE,0,0,0,4.65,0.55,0,0,0,0,17-AUG-2016,
OPTSTK,CEATLTD,29-Sep-2016,500,PE,0,0,0,0.25,0,0,0,0,0,17-AUG-2016,
OPTSTK,CEATLTD,29-Sep-2016,520,PE,0,0,0,0.45,0,0,0,0,0,17-AUG-2016,
OPTSTK,CEATLTD,29-Sep-2016,540,PE,0,0,0,0.75,0,0,0,0,0,17-AUG-2016,
OPTSTK,CEATLTD,29-Sep-2016,560,PE,0,0,0,1.2,0,0,0,0,0,17-AUG-2016,
OPTSTK,CEATLTD,29-Sep-2016,580,PE,0,0,0,1.9,0.05,0,0,0,0,17-AUG-2016,
OPTSTK,CEATLTD,29-Sep-2016,600,PE,0,0,0,2.85,0.05,0,0,0,0,17-AUG-2016,
OPTSTK,CEATLTD,29-Sep-2016,620,PE,0,0,0,4.15,0.1,0,0,0,0,17-AUG-2016,
OPTSTK,CEATLTD,29-Sep-2016,640,PE,0,0,0,5.95,0.2,0,0,0,0,17-AUG-2016,
OPTSTK,CEATLTD,29-Sep-2016,660,PE,0,0,0,8.2,0.35,0,0,0,0,17-AUG-2016,
OPTSTK,CEATLTD,29-Sep-2016,680,PE,0,0,0,11.1,0.65,0,0,0,0,17-AUG-2016,
OPTSTK,CEATLTD,29-Sep-2016,700,PE,0,0,0,14.65,1.2,0,0,0,0,17-AUG-2016,
OPTSTK,CEATLTD,29-Sep-2016,720,PE,0,0,0,18.95,2.1,0,0,0,0,17-AUG-2016,
OPTSTK,CEATLTD,29-Sep-2016,740,PE,0,0,0,24.1,3.45,0,0,0,0,17-AUG-2016,
OPTSTK,CEATLTD,29-Sep-2016,760,PE,0,0,0,30.05,5.45,0,0,0,0,17-AUG-2016,
OPTSTK,CEATLTD,29-Sep-2016,780,PE,0,0,0,36.9,8.2,0,0,0,0,17-AUG-2016,
OPTSTK,CEATLTD,29-Sep-2016,800,PE,0,0,0,44.65,11.95,0,0,0,0,17-AUG-2016,
OPTSTK,CEATLTD,29-Sep-2016,820,PE,0,0,0,53.3,16.85,0,0,0,0,17-AUG-2016,
OPTSTK,CEATLTD,29-Sep-2016,840,PE,0,0,0,62.9,22.9,0,0,0,0,17-AUG-2016,
OPTSTK,CEATLTD,29-Sep-2016,860,PE,0,0,0,73.35,30.3,0,0,0,0,17-AUG-2016,
OPTSTK,CEATLTD,29-Sep-2016,880,PE,0,0,0,84.7,39.1,0,0,0,0,17-AUG-2016,
OPTSTK,CEATLTD,29-Sep-2016,900,PE,0,0,0,96.85,49.3,0,0,0,0,17-AUG-2016,
OPTSTK,CEATLTD,29-Sep-2016,920,PE,0,0,0,109.8,60.8,0,0,0,0,17-AUG-2016,
OPTSTK,CEATLTD,29-Sep-2016,940,PE,0,0,0,123.45,73.6,0,0,0,0,17-AUG-2016,
OPTSTK,CEATLTD,29-Sep-2016,960,PE,0,0,0,137.8,87.55,0,0,0,0,17-AUG-2016,
OPTSTK,CEATLTD,29-Sep-2016,980,PE,0,0,0,152.8,102.6,0,0,0,0,17-AUG-2016,
OPTSTK,CEATLTD,29-Sep-2016,1000,PE,0,0,0,168.35,118.5,0,0,0,0,17-AUG-2016,
OPTSTK,CEATLTD,29-Sep-2016,1020,PE,0,0,0,184.4,135.25,0,0,0,0,17-AUG-2016,
OPTSTK,CEATLTD,29-Sep-2016,1040,PE,0,0,0,200.9,152.6,0,0,0,0,17-AUG-2016,
OPTSTK,CEATLTD,29-Sep-2016,1060,PE,0,0,0,217.85,170.55,0,0,0,0,17-AUG-2016,
OPTSTK,CEATLTD,29-Sep-2016,1080,PE,0,0,0,235.15,188.9,0,0,0,0,17-AUG-2016,
OPTSTK,CEATLTD,29-Sep-2016,1100,PE,0,0,0,252.8,207.65,0,0,0,0,17-AUG-2016,
OPTSTK,CEATLTD,29-Sep-2016,1120,PE,0,0,0,270.7,226.65,0,0,0,0,17-AUG-2016,
OPTSTK,CEATLTD,29-Sep-2016,1140,PE,0,0,0,288.85,245.9,0,0,0,0,17-AUG-2016,
OPTSTK,CEATLTD,29-Sep-2016,1160,PE,0,0,0,307.25,265.25,0,0,0,0,17-AUG-2016,
OPTSTK,CEATLTD,29-Sep-2016,1180,PE,0,0,0,325.85,284.8,0,0,0,0,17-AUG-2016,
OPTSTK,CEATLTD,29-Sep-2016,1200,PE,0,0,0,344.6,304.4,0,0,0,0,17-AUG-2016,
OPTSTK,CEATLTD,27-Oct-2016,520,CE,0,0,0,370.85,373.4,0,0,0,0,17-AUG-2016,
OPTSTK,CEATLTD,27-Oct-2016,540,CE,0,0,0,351.3,353.7,0,0,0,0,17-AUG-2016,
OPTSTK,CEATLTD,27-Oct-2016,560,CE,0,0,0,331.8,334,0,0,0,0,17-AUG-2016,
OPTSTK,CEATLTD,27-Oct-2016,580,CE,0,0,0,312.4,314.35,0,0,0,0,17-AUG-2016,
OPTSTK,CEATLTD,27-Oct-2016,600,CE,0,0,0,293.1,294.8,0,0,0,0,17-AUG-2016,
OPTSTK,CEATLTD,27-Oct-2016,620,CE,0,0,0,274.05,275.3,0,0,0,0,17-AUG-2016,
OPTSTK,CEATLTD,27-Oct-2016,640,CE,0,0,0,255.25,256,0,0,0,0,17-AUG-2016,
OPTSTK,CEATLTD,27-Oct-2016,660,CE,0,0,0,236.75,236.9,0,0,0,0,17-AUG-2016,
OPTSTK,CEATLTD,27-Oct-2016,680,CE,0,0,0,218.7,218.1,0,0,0,0,17-AUG-2016,
OPTSTK,CEATLTD,27-Oct-2016,700,CE,0,0,0,201.15,199.7,0,0,0,0,17-AUG-2016,
OPTSTK,CEATLTD,27-Oct-2016,720,CE,0,0,0,184.15,181.75,0,0,0,0,17-AUG-2016,
OPTSTK,CEATLTD,27-Oct-2016,740,CE,0,0,0,167.8,164.5,0,0,0,0,17-AUG-2016,
OPTSTK,CEATLTD,27-Oct-2016,760,CE,0,0,0,152.15,147.9,0,0,0,0,17-AUG-2016,
OPTSTK,CEATLTD,27-Oct-2016,780,CE,0,0,0,137.35,132.1,0,0,0,0,17-AUG-2016,
OPTSTK,CEATLTD,27-Oct-2016,800,CE,0,0,0,123.35,117.25,0,0,0,0,17-AUG-2016,
OPTSTK,CEATLTD,27-Oct-2016,820,CE,0,0,0,110.25,103.3,0,0,0,0,17-AUG-2016,
OPTSTK,CEATLTD,27-Oct-2016,840,CE,0,0,0,98.1,90.45,0,0,0,0,17-AUG-2016,
OPTSTK,CEATLTD,27-Oct-2016,860,CE,0,0,0,86.85,78.65,0,0,0,0,17-AUG-2016,
OPTSTK,CEATLTD,27-Oct-2016,880,CE,0,0,0,76.55,67.9,0,0,0,0,17-AUG-2016,
OPTSTK,CEATLTD,27-Oct-2016,900,CE,0,0,0,67.15,58.25,0,0,0,0,17-AUG-2016,
OPTSTK,CEATLTD,27-Oct-2016,920,CE,0,0,0,58.65,49.65,0,0,0,0,17-AUG-2016,
OPTSTK,CEATLTD,27-Oct-2016,940,CE,0,0,0,51,42,0,0,0,0,17-AUG-2016,
OPTSTK,CEATLTD,27-Oct-2016,960,CE,0,0,0,44.15,35.35,0,0,0,0,17-AUG-2016,
OPTSTK,CEATLTD,27-Oct-2016,980,CE,0,0,0,38.05,29.55,0,0,0,0,17-AUG-2016,
OPTSTK,CEATLTD,27-Oct-2016,1000,CE,0,0,0,32.7,24.6,0,0,0,0,17-AUG-2016,
OPTSTK,CEATLTD,27-Oct-2016,1020,CE,0,0,0,28.05,20.3,0,0,0,0,17-AUG-2016,
OPTSTK,CEATLTD,27-Oct-2016,1040,CE,0,0,0,23.9,16.7,0,0,0,0,17-AUG-2016,
OPTSTK,CEATLTD,27-Oct-2016,1060,CE,0,0,0,20.3,13.65,0,0,0,0,17-AUG-2016,
OPTSTK,CEATLTD,27-Oct-2016,1080,CE,0,0,0,17.15,11.1,0,0,0,0,17-AUG-2016,
OPTSTK,CEATLTD,27-Oct-2016,1100,CE,0,0,0,14.5,8.95,0,0,0,0,17-AUG-2016,
OPTSTK,CEATLTD,27-Oct-2016,1120,CE,0,0,0,12.2,7.2,0,0,0,0,17-AUG-2016,
OPTSTK,CEATLTD,27-Oct-2016,1140,CE,0,0,0,10.2,5.8,0,0,0,0,17-AUG-2016,
OPTSTK,CEATLTD,27-Oct-2016,1160,CE,0,0,0,8.55,4.6,0,0,0,0,17-AUG-2016,
OPTSTK,CEATLTD,27-Oct-2016,1180,CE,0,0,0,7.15,3.65,0,0,0,0,17-AUG-2016,
OPTSTK,CEATLTD,27-Oct-2016,1200,CE,0,0,0,5.95,2.9,0,0,0,0,17-AUG-2016,
OPTSTK,CEATLTD,27-Oct-2016,520,PE,0,0,0,0.1,0.05,0,0,0,0,17-AUG-2016,
OPTSTK,CEATLTD,27-Oct-2016,540,PE,0,0,0,0.2,0.05,0,0,0,0,17-AUG-2016,
OPTSTK,CEATLTD,27-Oct-2016,560,PE,0,0,0,0.35,0.1,0,0,0,0,17-AUG-2016,
OPTSTK,CEATLTD,27-Oct-2016,580,PE,0,0,0,0.6,0.2,0,0,0,0,17-AUG-2016,
OPTSTK,CEATLTD,27-Oct-2016,600,PE,0,0,0,1,0.35,0,0,0,0,17-AUG-2016,
OPTSTK,CEATLTD,27-Oct-2016,620,PE,0,0,0,1.6,0.6,0,0,0,0,17-AUG-2016,
OPTSTK,CEATLTD,27-Oct-2016,640,PE,0,0,0,2.45,1,0,0,0,0,17-AUG-2016,
OPTSTK,CEATLTD,27-Oct-2016,660,PE,0,0,0,3.65,1.65,0,0,0,0,17-AUG-2016,
OPTSTK,CEATLTD,27-Oct-2016,680,PE,0,0,0,5.2,2.55,0,0,0,0,17-AUG-2016,
OPTSTK,CEATLTD,27-Oct-2016,700,PE,0,0,0,7.3,3.9,0,0,0,0,17-AUG-2016,
OPTSTK,CEATLTD,27-Oct-2016,720,PE,0,0,0,9.95,5.75,0,0,0,0,17-AUG-2016,
OPTSTK,CEATLTD,27-Oct-2016,740,PE,0,0,0,13.25,8.15,0,0,0,0,17-AUG-2016,
OPTSTK,CEATLTD,27-Oct-2016,760,PE,0,0,0,17.3,11.3,0,0,0,0,17-AUG-2016,
OPTSTK,CEATLTD,27-Oct-2016,780,PE,0,0,0,22.15,15.25,0,0,0,0,17-AUG-2016,
OPTSTK,CEATLTD,27-Oct-2016,800,PE,0,0,0,27.8,20.15,0,0,0,0,17-AUG-2016,
OPTSTK,CEATLTD,27-Oct-2016,820,PE,0,0,0,34.35,25.9,0,0,0,0,17-AUG-2016,
OPTSTK,CEATLTD,27-Oct-2016,840,PE,0,0,0,41.85,32.8,0,0,0,0,17-AUG-2016,
OPTSTK,CEATLTD,27-Oct-2016,860,PE,0,0,0,50.25,40.7,0,0,0,0,17-AUG-2016,
OPTSTK,CEATLTD,27-Oct-2016,880,PE,0,0,0,59.6,49.75,0,0,0,0,17-AUG-2016,
OPTSTK,CEATLTD,27-Oct-2016,900,PE,0,0,0,69.9,59.8,0,0,0,0,17-AUG-2016,
OPTSTK,CEATLTD,27-Oct-2016,920,PE,0,0,0,81.05,70.9,0,0,0,0,17-AUG-2016,
OPTSTK,CEATLTD,27-Oct-2016,940,PE,0,0,0,93.05,83.05,0,0,0,0,17-AUG-2016,
OPTSTK,CEATLTD,27-Oct-2016,960,PE,0,0,0,105.85,96.1,0,0,0,0,17-AUG-2016,
OPTSTK,CEATLTD,27-Oct-2016,980,PE,0,0,0,119.45,110.05,0,0,0,0,17-AUG-2016,
OPTSTK,CEATLTD,27-Oct-2016,1000,PE,0,0,0,133.7,124.8,0,0,0,0,17-AUG-2016,
OPTSTK,CEATLTD,27-Oct-2016,1020,PE,0,0,0,148.7,140.25,0,0,0,0,17-AUG-2016,
OPTSTK,CEATLTD,27-Oct-2016,1040,PE,0,0,0,164.25,156.4,0,0,0,0,17-AUG-2016,
OPTSTK,CEATLTD,27-Oct-2016,1060,PE,0,0,0,180.3,173.05,0,0,0,0,17-AUG-2016,
OPTSTK,CEATLTD,27-Oct-2016,1080,PE,0,0,0,196.8,190.25,0,0,0,0,17-AUG-2016,
OPTSTK,CEATLTD,27-Oct-2016,1100,PE,0,0,0,213.8,207.85,0,0,0,0,17-AUG-2016,
OPTSTK,CEATLTD,27-Oct-2016,1120,PE,0,0,0,231.15,225.85,0,0,0,0,17-AUG-2016,
OPTSTK,CEATLTD,27-Oct-2016,1140,PE,0,0,0,248.85,244.15,0,0,0,0,17-AUG-2016,
OPTSTK,CEATLTD,27-Oct-2016,1160,PE,0,0,0,266.8,262.7,0,0,0,0,17-AUG-2016,
OPTSTK,CEATLTD,27-Oct-2016,1180,PE,0,0,0,285.05,281.5,0,0,0,0,17-AUG-2016,
OPTSTK,CEATLTD,27-Oct-2016,1200,PE,0,0,0,303.5,300.45,0,0,0,0,17-AUG-2016,
OPTSTK,CENTURYTEX,25-Aug-2016,420,CE,0,0,0,207.55,251.5,0,0,0,0,17-AUG-2016,
OPTSTK,CENTURYTEX,25-Aug-2016,440,CE,0,0,0,188.45,231.55,0,0,0,0,17-AUG-2016,
OPTSTK,CENTURYTEX,25-Aug-2016,460,CE,0,0,0,240.85,211.55,0,0,1100,0,17-AUG-2016,
OPTSTK,CENTURYTEX,25-Aug-2016,480,CE,0,0,0,218,191.6,0,0,4400,0,17-AUG-2016,
OPTSTK,CENTURYTEX,25-Aug-2016,500,CE,0,0,0,134.05,171.6,0,0,0,0,17-AUG-2016,
OPTSTK,CENTURYTEX,25-Aug-2016,520,CE,0,0,0,117.45,151.65,0,0,0,0,17-AUG-2016,
OPTSTK,CENTURYTEX,25-Aug-2016,540,CE,0,0,0,101.85,131.7,0,0,0,0,17-AUG-2016,
OPTSTK,CENTURYTEX,25-Aug-2016,560,CE,115,115,115,115,115,1,7.42,1100,0,17-AUG-2016,
OPTSTK,CENTURYTEX,25-Aug-2016,580,CE,0,0,0,74.25,91.75,0,0,0,0,17-AUG-2016,
OPTSTK,CENTURYTEX,25-Aug-2016,600,CE,0,0,0,88.15,71.9,0,0,3300,0,17-AUG-2016,
OPTSTK,CENTURYTEX,25-Aug-2016,620,CE,0,0,0,70.5,52.6,0,0,5500,0,17-AUG-2016,
OPTSTK,CENTURYTEX,25-Aug-2016,640,CE,0,0,0,31.9,34.8,0,0,23100,0,17-AUG-2016,
OPTSTK,CENTURYTEX,25-Aug-2016,660,CE,22.3,26.2,20.75,22.4,22.4,9,67.68,23100,1100,17-AUG-2016,
OPTSTK,CENTURYTEX,25-Aug-2016,680,CE,14.05,15.9,10,11.4,11.4,206,1569.92,104500,18700,17-AUG-2016,
OPTSTK,CENTURYTEX,25-Aug-2016,700,CE,6.45,8.35,4.8,5.35,5.35,167,1297.36,345400,3300,17-AUG-2016,
OPTSTK,CENTURYTEX,25-Aug-2016,720,CE,3.8,4,2.35,2.65,2.65,132,1049.84,566500,20900,17-AUG-2016,
OPTSTK,CENTURYTEX,25-Aug-2016,740,CE,1.55,1.8,1,1.1,1.1,48,391.42,202400,3300,17-AUG-2016,
OPTSTK,CENTURYTEX,25-Aug-2016,760,CE,0.75,0.9,0.5,0.55,0.55,34,284.47,150700,-16500,17-AUG-2016,
OPTSTK,CENTURYTEX,25-Aug-2016,780,CE,0.4,0.45,0.35,0.35,0.35,19,163.1,95700,-4400,17-AUG-2016,
OPTSTK,CENTURYTEX,25-Aug-2016,800,CE,0.35,0.35,0.25,0.3,0.3,8,70.42,82500,-8800,17-AUG-2016,
OPTSTK,CENTURYTEX,25-Aug-2016,820,CE,0,0,0,0.3,0,0,0,9900,0,17-AUG-2016,
OPTSTK,CENTURYTEX,25-Aug-2016,840,CE,0,0,0,0.3,0,0,0,6600,0,17-AUG-2016,
OPTSTK,CENTURYTEX,25-Aug-2016,860,CE,0,0,0,4.25,0,0,0,0,0,17-AUG-2016,
OPTSTK,CENTURYTEX,25-Aug-2016,420,PE,0,0,0,0.6,0,0,0,0,0,17-AUG-2016,
OPTSTK,CENTURYTEX,25-Aug-2016,440,PE,0,0,0,1.1,0,0,0,0,0,17-AUG-2016,
OPTSTK,CENTURYTEX,25-Aug-2016,460,PE,0,0,0,2.05,0,0,0,0,0,17-AUG-2016,
OPTSTK,CENTURYTEX,25-Aug-2016,480,PE,0,0,0,3.5,0,0,0,0,0,17-AUG-2016,
OPTSTK,CENTURYTEX,25-Aug-2016,500,PE,0,0,0,5.65,0,0,0,0,0,17-AUG-2016,
OPTSTK,CENTURYTEX,25-Aug-2016,520,PE,0,0,0,8.65,0,0,0,0,0,17-AUG-2016,
OPTSTK,CENTURYTEX,25-Aug-2016,540,PE,0,0,0,12.7,0,0,0,0,0,17-AUG-2016,
OPTSTK,CENTURYTEX,25-Aug-2016,560,PE,0,0,0,0.5,0,0,0,1100,0,17-AUG-2016,
OPTSTK,CENTURYTEX,25-Aug-2016,580,PE,0,0,0,24.4,0.05,0,0,0,0,17-AUG-2016,
OPTSTK,CENTURYTEX,25-Aug-2016,600,PE,0.55,0.55,0.45,0.55,0.55,3,19.81,15400,-1100,17-AUG-2016,
OPTSTK,CENTURYTEX,25-Aug-2016,620,PE,1.45,1.5,1,1.3,1.3,18,123.01,68200,0,17-AUG-2016,
OPTSTK,CENTURYTEX,25-Aug-2016,640,PE,3.95,4.45,2.75,3.5,3.5,81,573.42,103400,-4400,17-AUG-2016,
OPTSTK,CENTURYTEX,25-Aug-2016,660,PE,9.05,11,6.7,8.55,8.55,93,683.99,130900,0,17-AUG-2016,
OPTSTK,CENTURYTEX,25-Aug-2016,680,PE,18,19.1,14,18.45,18.45,25,191.57,94600,-3300,17-AUG-2016,
OPTSTK,CENTURYTEX,25-Aug-2016,700,PE,29,35,29,35,35,12,96.85,79200,-7700,17-AUG-2016,
OPTSTK,CENTURYTEX,25-Aug-2016,720,PE,0,0,0,43.35,49.45,0,0,30800,0,17-AUG-2016,
OPTSTK,CENTURYTEX,25-Aug-2016,740,PE,0,0,0,54.8,68.45,0,0,6600,0,17-AUG-2016,
OPTSTK,CENTURYTEX,25-Aug-2016,760,PE,0,0,0,74.55,88.1,0,0,12100,0,17-AUG-2016,
OPTSTK,CENTURYTEX,25-Aug-2016,780,PE,0,0,0,92.1,108,0,0,1100,0,17-AUG-2016,
OPTSTK,CENTURYTEX,25-Aug-2016,800,PE,0,0,0,111.1,128,0,0,1100,0,17-AUG-2016,
OPTSTK,CENTURYTEX,25-Aug-2016,820,PE,0,0,0,131.6,147.95,0,0,1100,0,17-AUG-2016,
OPTSTK,CENTURYTEX,25-Aug-2016,840,PE,0,0,0,151.3,167.9,0,0,1100,0,17-AUG-2016,
OPTSTK,CENTURYTEX,25-Aug-2016,860,PE,0,0,0,195.1,187.9,0,0,0,0,17-AUG-2016,
OPTSTK,CENTURYTEX,29-Sep-2016,420,CE,0,0,0,246.65,254.25,0,0,0,0,17-AUG-2016,
OPTSTK,CENTURYTEX,29-Sep-2016,440,CE,0,0,0,227.35,234.45,0,0,0,0,17-AUG-2016,
OPTSTK,CENTURYTEX,29-Sep-2016,460,CE,0,0,0,208.25,214.6,0,0,0,0,17-AUG-2016,
OPTSTK,CENTURYTEX,29-Sep-2016,480,CE,0,0,0,189.5,194.8,0,0,0,0,17-AUG-2016,
OPTSTK,CENTURYTEX,29-Sep-2016,500,CE,0,0,0,171.2,175,0,0,0,0,17-AUG-2016,
OPTSTK,CENTURYTEX,29-Sep-2016,520,CE,0,0,0,153.5,155.4,0,0,0,0,17-AUG-2016,
OPTSTK,CENTURYTEX,29-Sep-2016,540,CE,0,0,0,136.6,136,0,0,0,0,17-AUG-2016,
OPTSTK,CENTURYTEX,29-Sep-2016,560,CE,0,0,0,120.55,117.05,0,0,0,0,17-AUG-2016,
OPTSTK,CENTURYTEX,29-Sep-2016,580,CE,0,0,0,105.55,98.8,0,0,0,0,17-AUG-2016,
OPTSTK,CENTURYTEX,29-Sep-2016,600,CE,0,0,0,91.55,81.65,0,0,0,0,17-AUG-2016,
OPTSTK,CENTURYTEX,29-Sep-2016,620,CE,0,0,0,78.85,65.9,0,0,0,0,17-AUG-2016,
OPTSTK,CENTURYTEX,29-Sep-2016,640,CE,49,50,49,49.5,49.5,2,15.16,2200,2200,17-AUG-2016,
OPTSTK,CENTURYTEX,29-Sep-2016,660,CE,0,0,0,57.05,39.75,0,0,0,0,17-AUG-2016,
OPTSTK,CENTURYTEX,29-Sep-2016,680,CE,0,0,0,47.95,29.65,0,0,0,0,17-AUG-2016,
OPTSTK,CENTURYTEX,29-Sep-2016,700,CE,0,0,0,21.1,21.5,0,0,2200,0,17-AUG-2016,
OPTSTK,CENTURYTEX,29-Sep-2016,720,CE,14.5,16,13.25,13.25,13.25,3,24.24,3300,1100,17-AUG-2016,
OPTSTK,CENTURYTEX,29-Sep-2016,740,CE,0,0,0,13.1,10.45,0,0,2200,0,17-AUG-2016,
OPTSTK,CENTURYTEX,29-Sep-2016,760,CE,6,6,6,6,6,1,8.42,2200,1100,17-AUG-2016,
OPTSTK,CENTURYTEX,29-Sep-2016,780,CE,0,0,0,18.1,4.6,0,0,0,0,17-AUG-2016,
OPTSTK,CENTURYTEX,29-Sep-2016,800,CE,0,0,0,13.7,2.95,0,0,1100,0,17-AUG-2016,
OPTSTK,CENTURYTEX,29-Sep-2016,820,CE,0,0,0,11.7,1.85,0,0,0,0,17-AUG-2016,
OPTSTK,CENTURYTEX,29-Sep-2016,840,CE,0,0,0,9.35,1.1,0,0,0,0,17-AUG-2016,
OPTSTK,CENTURYTEX,29-Sep-2016,860,CE,0,0,0,7.4,0.7,0,0,0,0,17-AUG-2016,
OPTSTK,CENTURYTEX,29-Sep-2016,420,PE,0,0,0,0.35,0,0,0,0,0,17-AUG-2016,
OPTSTK,CENTURYTEX,29-Sep-2016,440,PE,0,0,0,0.65,0,0,0,0,0,17-AUG-2016,
OPTSTK,CENTURYTEX,29-Sep-2016,460,PE,0,0,0,1.2,0.05,0,0,0,0,17-AUG-2016,
OPTSTK,CENTURYTEX,29-Sep-2016,480,PE,0,0,0,2.1,0.05,0,0,0,0,17-AUG-2016,
OPTSTK,CENTURYTEX,29-Sep-2016,500,PE,0,0,0,3.45,0.15,0,0,0,0,17-AUG-2016,
OPTSTK,CENTURYTEX,29-Sep-2016,520,PE,0,0,0,5.4,0.3,0,0,0,0,17-AUG-2016,
OPTSTK,CENTURYTEX,29-Sep-2016,540,PE,0,0,0,8.15,0.75,0,0,0,0,17-AUG-2016,
OPTSTK,CENTURYTEX,29-Sep-2016,560,PE,0,0,0,11.75,1.65,0,0,0,0,17-AUG-2016,
OPTSTK,CENTURYTEX,29-Sep-2016,580,PE,0,0,0,16.4,3.25,0,0,0,0,17-AUG-2016,
OPTSTK,CENTURYTEX,29-Sep-2016,600,PE,0,0,0,22.05,5.95,0,0,0,0,17-AUG-2016,
OPTSTK,CENTURYTEX,29-Sep-2016,620,PE,10,10,10,10,10,4,27.72,4400,4400,17-AUG-2016,
OPTSTK,CENTURYTEX,29-Sep-2016,640,PE,16,16,13.55,13.55,13.55,3,21.62,4400,3300,17-AUG-2016,
OPTSTK,CENTURYTEX,29-Sep-2016,660,PE,0,0,0,21.55,23.55,0,0,3300,0,17-AUG-2016,
OPTSTK,CENTURYTEX,29-Sep-2016,680,PE,28.7,28.7,28.7,28.7,28.7,2,15.59,2200,2200,17-AUG-2016,
OPTSTK,CENTURYTEX,29-Sep-2016,700,PE,0,0,0,68.7,45,0,0,0,0,17-AUG-2016,
OPTSTK,CENTURYTEX,29-Sep-2016,720,PE,0,0,0,81.5,58.55,0,0,0,0,17-AUG-2016,
OPTSTK,CENTURYTEX,29-Sep-2016,740,PE,0,0,0,95.25,73.65,0,0,0,0,17-AUG-2016,
OPTSTK,CENTURYTEX,29-Sep-2016,760,PE,0,0,0,109.95,90,0,0,0,0,17-AUG-2016,
OPTSTK,CENTURYTEX,29-Sep-2016,780,PE,0,0,0,125.45,107.45,0,0,0,0,17-AUG-2016,
OPTSTK,CENTURYTEX,29-Sep-2016,800,PE,0,0,0,141.55,125.6,0,0,0,0,17-AUG-2016,
OPTSTK,CENTURYTEX,29-Sep-2016,820,PE,0,0,0,158.3,144.35,0,0,0,0,17-AUG-2016,
OPTSTK,CENTURYTEX,29-Sep-2016,840,PE,0,0,0,175.6,163.45,0,0,0,0,17-AUG-2016,
OPTSTK,CENTURYTEX,29-Sep-2016,860,PE,0,0,0,193.35,182.85,0,0,0,0,17-AUG-2016,
OPTSTK,CENTURYTEX,27-Oct-2016,420,CE,0,0,0,287.45,256.5,0,0,0,0,17-AUG-2016,
OPTSTK,CENTURYTEX,27-Oct-2016,440,CE,0,0,0,267.85,236.8,0,0,0,0,17-AUG-2016,
OPTSTK,CENTURYTEX,27-Oct-2016,460,CE,0,0,0,248.35,217.15,0,0,0,0,17-AUG-2016,
OPTSTK,CENTURYTEX,27-Oct-2016,480,CE,0,0,0,229,197.55,0,0,0,0,17-AUG-2016,
OPTSTK,CENTURYTEX,27-Oct-2016,500,CE,0,0,0,209.8,178.2,0,0,0,0,17-AUG-2016,
OPTSTK,CENTURYTEX,27-Oct-2016,520,CE,0,0,0,190.95,159.15,0,0,0,0,17-AUG-2016,
OPTSTK,CENTURYTEX,27-Oct-2016,540,CE,0,0,0,172.55,140.55,0,0,0,0,17-AUG-2016,
OPTSTK,CENTURYTEX,27-Oct-2016,560,CE,0,0,0,154.7,122.6,0,0,0,0,17-AUG-2016,
OPTSTK,CENTURYTEX,27-Oct-2016,580,CE,0,0,0,137.6,105.6,0,0,0,0,17-AUG-2016,
OPTSTK,CENTURYTEX,27-Oct-2016,600,CE,0,0,0,121.35,89.65,0,0,0,0,17-AUG-2016,
OPTSTK,CENTURYTEX,27-Oct-2016,620,CE,0,0,0,106.1,75.05,0,0,0,0,17-AUG-2016,
OPTSTK,CENTURYTEX,27-Oct-2016,640,CE,0,0,0,91.95,61.9,0,0,0,0,17-AUG-2016,
OPTSTK,CENTURYTEX,27-Oct-2016,660,CE,0,0,0,78.95,50.25,0,0,0,0,17-AUG-2016,
OPTSTK,CENTURYTEX,27-Oct-2016,680,CE,0,0,0,67.2,40.25,0,0,0,0,17-AUG-2016,
OPTSTK,CENTURYTEX,27-Oct-2016,700,CE,0,0,0,56.7,31.7,0,0,0,0,17-AUG-2016,
OPTSTK,CENTURYTEX,27-Oct-2016,720,CE,0,0,0,47.45,24.65,0,0,0,0,17-AUG-2016,
OPTSTK,CENTURYTEX,27-Oct-2016,740,CE,0,0,0,39.4,18.85,0,0,0,0,17-AUG-2016,
OPTSTK,CENTURYTEX,27-Oct-2016,760,CE,0,0,0,32.4,14.25,0,0,0,0,17-AUG-2016,
OPTSTK,CENTURYTEX,27-Oct-2016,780,CE,0,0,0,26.45,10.65,0,0,0,0,17-AUG-2016,
OPTSTK,CENTURYTEX,27-Oct-2016,800,CE,0,0,0,21.5,7.85,0,0,0,0,17-AUG-2016,
OPTSTK,CENTURYTEX,27-Oct-2016,820,CE,0,0,0,17.3,5.7,0,0,0,0,17-AUG-2016,
OPTSTK,CENTURYTEX,27-Oct-2016,840,CE,0,0,0,13.8,4.1,0,0,0,0,17-AUG-2016,
OPTSTK,CENTURYTEX,27-Oct-2016,860,CE,0,0,0,10.95,2.9,0,0,0,0,17-AUG-2016,
OPTSTK,CENTURYTEX,27-Oct-2016,420,PE,0,0,0,0.05,0.05,0,0,0,0,17-AUG-2016,
OPTSTK,CENTURYTEX,27-Oct-2016,440,PE,0,0,0,0.15,0.05,0,0,0,0,17-AUG-2016,
OPTSTK,CENTURYTEX,27-Oct-2016,460,PE,0,0,0,0.3,0.15,0,0,0,0,17-AUG-2016,
OPTSTK,CENTURYTEX,27-Oct-2016,480,PE,0,0,0,0.6,0.3,0,0,0,0,17-AUG-2016,
OPTSTK,CENTURYTEX,27-Oct-2016,500,PE,0,0,0,1.1,0.7,0,0,0,0,17-AUG-2016,
OPTSTK,CENTURYTEX,27-Oct-2016,520,PE,0,0,0,1.9,1.35,0,0,0,0,17-AUG-2016,
OPTSTK,CENTURYTEX,27-Oct-2016,540,PE,0,0,0,3.15,2.5,0,0,0,0,17-AUG-2016,
OPTSTK,CENTURYTEX,27-Oct-2016,560,PE,0,0,0,4.95,4.3,0,0,0,0,17-AUG-2016,
OPTSTK,CENTURYTEX,27-Oct-2016,580,PE,0,0,0,7.5,7,0,0,0,0,17-AUG-2016,
OPTSTK,CENTURYTEX,27-Oct-2016,600,PE,0,0,0,10.9,10.8,0,0,0,0,17-AUG-2016,
OPTSTK,CENTURYTEX,27-Oct-2016,620,PE,0,0,0,15.3,15.95,0,0,0,0,17-AUG-2016,
OPTSTK,CENTURYTEX,27-Oct-2016,640,PE,0,0,0,20.8,22.5,0,0,0,0,17-AUG-2016,
OPTSTK,CENTURYTEX,27-Oct-2016,660,PE,0,0,0,27.45,30.6,0,0,0,0,17-AUG-2016,
OPTSTK,CENTURYTEX,27-Oct-2016,680,PE,0,0,0,35.4,40.3,0,0,0,0,17-AUG-2016,
OPTSTK,CENTURYTEX,27-Oct-2016,700,PE,0,0,0,44.55,51.55,0,0,0,0,17-AUG-2016,
OPTSTK,CENTURYTEX,27-Oct-2016,720,PE,0,0,0,54.95,64.2,0,0,0,0,17-AUG-2016,
OPTSTK,CENTURYTEX,27-Oct-2016,740,PE,0,0,0,66.5,78.15,0,0,0,0,17-AUG-2016,
OPTSTK,CENTURYTEX,27-Oct-2016,760,PE,0,0,0,79.2,93.3,0,0,0,0,17-AUG-2016,
OPTSTK,CENTURYTEX,27-Oct-2016,780,PE,0,0,0,92.9,109.4,0,0,0,0,17-AUG-2016,
OPTSTK,CENTURYTEX,27-Oct-2016,800,PE,0,0,0,107.6,126.3,0,0,0,0,17-AUG-2016,
OPTSTK,CENTURYTEX,27-Oct-2016,820,PE,0,0,0,123.05,143.9,0,0,0,0,17-AUG-2016,
OPTSTK,CENTURYTEX,27-Oct-2016,840,PE,0,0,0,139.25,162.05,0,0,0,0,17-AUG-2016,
OPTSTK,CENTURYTEX,27-Oct-2016,860,PE,0,0,0,156.05,180.6,0,0,0,0,17-AUG-2016,
OPTSTK,CESC,25-Aug-2016,360,CE,0,0,0,205.5,292.55,0,0,0,0,17-AUG-2016,
OPTSTK,CESC,25-Aug-2016,370,CE,0,0,0,195.7,282.55,0,0,0,0,17-AUG-2016,
OPTSTK,CESC,25-Aug-2016,380,CE,0,0,0,185.9,272.6,0,0,0,0,17-AUG-2016,
OPTSTK,CESC,25-Aug-2016,390,CE,0,0,0,176.1,262.6,0,0,0,0,17-AUG-2016,
OPTSTK,CESC,25-Aug-2016,400,CE,0,0,0,166.35,252.6,0,0,0,0,17-AUG-2016,
OPTSTK,CESC,25-Aug-2016,410,CE,0,0,0,156.6,242.65,0,0,0,0,17-AUG-2016,
OPTSTK,CESC,25-Aug-2016,420,CE,0,0,0,146.95,232.65,0,0,0,0,17-AUG-2016,
OPTSTK,CESC,25-Aug-2016,430,CE,0,0,0,137.35,222.65,0,0,0,0,17-AUG-2016,
OPTSTK,CESC,25-Aug-2016,440,CE,0,0,0,127.9,212.7,0,0,0,0,17-AUG-2016,
OPTSTK,CESC,25-Aug-2016,450,CE,0,0,0,118.55,202.7,0,0,0,0,17-AUG-2016,
OPTSTK,CESC,25-Aug-2016,460,CE,0,0,0,109.35,192.7,0,0,0,0,17-AUG-2016,
OPTSTK,CESC,25-Aug-2016,470,CE,0,0,0,100.4,182.7,0,0,0,0,17-AUG-2016,
OPTSTK,CESC,25-Aug-2016,480,CE,0,0,0,91.7,172.75,0,0,0,0,17-AUG-2016,
OPTSTK,CESC,25-Aug-2016,490,CE,0,0,0,83.3,162.75,0,0,0,0,17-AUG-2016,
OPTSTK,CESC,25-Aug-2016,500,CE,0,0,0,75.25,152.75,0,0,0,0,17-AUG-2016,
OPTSTK,CESC,25-Aug-2016,510,CE,0,0,0,67.6,142.8,0,0,0,0,17-AUG-2016,
OPTSTK,CESC,25-Aug-2016,520,CE,0,0,0,60.4,132.8,0,0,0,0,17-AUG-2016,
OPTSTK,CESC,25-Aug-2016,530,CE,0,0,0,53.55,122.8,0,0,0,0,17-AUG-2016,
OPTSTK,CESC,25-Aug-2016,540,CE,0,0,0,47.25,112.85,0,0,0,0,17-AUG-2016,
OPTSTK,CESC,25-Aug-2016,550,CE,0,0,0,41.45,102.85,0,0,0,0,17-AUG-2016,
OPTSTK,CESC,25-Aug-2016,560,CE,0,0,0,36.1,92.85,0,0,0,0,17-AUG-2016,
OPTSTK,CESC,25-Aug-2016,570,CE,0,0,0,31.25,82.85,0,0,0,0,17-AUG-2016,
OPTSTK,CESC,25-Aug-2016,580,CE,0,0,0,26.9,72.9,0,0,0,0,17-AUG-2016,
OPTSTK,CESC,25-Aug-2016,590,CE,0,0,0,23,62.95,0,0,0,0,17-AUG-2016,
OPTSTK,CESC,25-Aug-2016,600,CE,0,0,0,30.3,53.05,0,0,1100,0,17-AUG-2016,
OPTSTK,CESC,25-Aug-2016,610,CE,0,0,0,32,43.35,0,0,0,0,17-AUG-2016,
OPTSTK,CESC,25-Aug-2016,620,CE,0,0,0,19.15,34.05,0,0,14300,0,17-AUG-2016,
OPTSTK,CESC,25-Aug-2016,630,CE,0,0,0,27.15,25.45,0,0,5500,0,17-AUG-2016,
OPTSTK,CESC,25-Aug-2016,640,CE,19.45,19.45,19.45,19.45,19.45,1,7.25,6600,-1100,17-AUG-2016,
OPTSTK,CESC,25-Aug-2016,650,CE,16.8,16.8,13.9,15,15,3,21.95,7700,2200,17-AUG-2016,
OPTSTK,CESC,25-Aug-2016,660,CE,9,10.4,8.05,9.95,9.95,5,36.82,16500,1100,17-AUG-2016,
OPTSTK,CESC,25-Aug-2016,670,CE,6,6,6,6,6,2,14.87,3300,2200,17-AUG-2016,
OPTSTK,CESC,25-Aug-2016,680,CE,0,0,0,4.4,2.1,0,0,0,0,17-AUG-2016,
OPTSTK,CESC,25-Aug-2016,690,CE,0,0,0,3.55,1,0,0,0,0,17-AUG-2016,
OPTSTK,CESC,25-Aug-2016,700,CE,0,0,0,2.85,0.45,0,0,0,0,17-AUG-2016,
OPTSTK,CESC,25-Aug-2016,710,CE,0,0,0,2.3,0.2,0,0,0,0,17-AUG-2016,
OPTSTK,CESC,25-Aug-2016,720,CE,0,0,0,1.85,0.1,0,0,0,0,17-AUG-2016,
OPTSTK,CESC,25-Aug-2016,730,CE,0,0,0,1.45,0.05,0,0,0,0,17-AUG-2016,
OPTSTK,CESC,25-Aug-2016,740,CE,0,0,0,1.15,0.05,0,0,0,0,17-AUG-2016,
OPTSTK,CESC,25-Aug-2016,750,CE,0,0,0,0.9,0,0,0,0,0,17-AUG-2016,
OPTSTK,CESC,25-Aug-2016,360,PE,0,0,0,0.05,0,0,0,0,0,17-AUG-2016,
OPTSTK,CESC,25-Aug-2016,370,PE,0,0,0,0.05,0,0,0,0,0,17-AUG-2016,
OPTSTK,CESC,25-Aug-2016,380,PE,0,0,0,0.05,0,0,0,0,0,17-AUG-2016,
OPTSTK,CESC,25-Aug-2016,390,PE,0,0,0,0.1,0,0,0,0,0,17-AUG-2016,
OPTSTK,CESC,25-Aug-2016,400,PE,0,0,0,0.15,0,0,0,0,0,17-AUG-2016,
OPTSTK,CESC,25-Aug-2016,410,PE,0,0,0,0.25,0,0,0,0,0,17-AUG-2016,
OPTSTK,CESC,25-Aug-2016,420,PE,0,0,0,0.4,0,0,0,0,0,17-AUG-2016,
OPTSTK,CESC,25-Aug-2016,430,PE,0,0,0,0.65,0,0,0,0,0,17-AUG-2016,
OPTSTK,CESC,25-Aug-2016,440,PE,0,0,0,1,0,0,0,0,0,17-AUG-2016,
OPTSTK,CESC,25-Aug-2016,450,PE,0,0,0,1.45,0,0,0,0,0,17-AUG-2016,
OPTSTK,CESC,25-Aug-2016,460,PE,0,0,0,2.1,0,0,0,0,0,17-AUG-2016,
OPTSTK,CESC,25-Aug-2016,470,PE,0,0,0,2.95,0,0,0,0,0,17-AUG-2016,
OPTSTK,CESC,25-Aug-2016,480,PE,0,0,0,4.1,0,0,0,0,0,17-AUG-2016,
OPTSTK,CESC,25-Aug-2016,490,PE,0,0,0,5.55,0,0,0,0,0,17-AUG-2016,
OPTSTK,CESC,25-Aug-2016,500,PE,0,0,0,7.3,0,0,0,0,0,17-AUG-2016,
OPTSTK,CESC,25-Aug-2016,510,PE,0,0,0,9.45,0,0,0,0,0,17-AUG-2016,
OPTSTK,CESC,25-Aug-2016,520,PE,0,0,0,12.05,0,0,0,0,0,17-AUG-2016,
OPTSTK,CESC,25-Aug-2016,530,PE,0,0,0,15.05,0,0,0,0,0,17-AUG-2016,
OPTSTK,CESC,25-Aug-2016,540,PE,0,0,0,18.55,0,0,0,0,0,17-AUG-2016,
OPTSTK,CESC,25-Aug-2016,550,PE,0,0,0,22.55,0,0,0,0,0,17-AUG-2016,
OPTSTK,CESC,25-Aug-2016,560,PE,0,0,0,27.05,0,0,0,0,0,17-AUG-2016,
OPTSTK,CESC,25-Aug-2016,570,PE,0,0,0,8.05,0,0,0,2200,0,17-AUG-2016,
OPTSTK,CESC,25-Aug-2016,580,PE,0,0,0,1.4,0.05,0,0,9900,0,17-AUG-2016,
OPTSTK,CESC,25-Aug-2016,590,PE,0,0,0,10,0.05,0,0,1100,0,17-AUG-2016,
OPTSTK,CESC,25-Aug-2016,600,PE,0,0,0,4,0.15,0,0,2200,0,17-AUG-2016,
OPTSTK,CESC,25-Aug-2016,610,PE,0,0,0,3,0.45,0,0,3300,0,17-AUG-2016,
OPTSTK,CESC,25-Aug-2016,620,PE,3,3,3,3,3,1,6.85,13200,0,17-AUG-2016,
OPTSTK,CESC,25-Aug-2016,630,PE,4.5,4.7,4.5,4.7,4.7,2,13.96,3300,2200,17-AUG-2016,
OPTSTK,CESC,25-Aug-2016,640,PE,0,0,0,12.65,4.95,0,0,1100,0,17-AUG-2016,
OPTSTK,CESC,25-Aug-2016,650,PE,0,0,0,19,8.8,0,0,1100,0,17-AUG-2016,
OPTSTK,CESC,25-Aug-2016,660,PE,0,0,0,95.75,14.2,0,0,0,0,17-AUG-2016,
OPTSTK,CESC,25-Aug-2016,670,PE,0,0,0,104.4,21.05,0,0,0,0,17-AUG-2016,
OPTSTK,CESC,25-Aug-2016,680,PE,0,0,0,113.2,29.05,0,0,0,0,17-AUG-2016,
OPTSTK,CESC,25-Aug-2016,690,PE,0,0,0,122.2,37.95,0,0,0,0,17-AUG-2016,
OPTSTK,CESC,25-Aug-2016,700,PE,0,0,0,131.3,47.4,0,0,0,0,17-AUG-2016,
OPTSTK,CESC,25-Aug-2016,710,PE,0,0,0,140.6,57.1,0,0,0,0,17-AUG-2016,
OPTSTK,CESC,25-Aug-2016,720,PE,0,0,0,149.95,67,0,0,0,0,17-AUG-2016,
OPTSTK,CESC,25-Aug-2016,730,PE,0,0,0,159.4,76.95,0,0,0,0,17-AUG-2016,
OPTSTK,CESC,25-Aug-2016,740,PE,0,0,0,168.9,86.9,0,0,0,0,17-AUG-2016,
OPTSTK,CESC,25-Aug-2016,750,PE,0,0,0,178.5,96.9,0,0,0,0,17-AUG-2016,
OPTSTK,CESC,29-Sep-2016,400,CE,0,0,0,203.95,255.25,0,0,0,0,17-AUG-2016,
OPTSTK,CESC,29-Sep-2016,410,CE,0,0,0,194.15,245.35,0,0,0,0,17-AUG-2016,
OPTSTK,CESC,29-Sep-2016,420,CE,0,0,0,184.35,235.4,0,0,0,0,17-AUG-2016,
OPTSTK,CESC,29-Sep-2016,430,CE,0,0,0,174.6,225.5,0,0,0,0,17-AUG-2016,
OPTSTK,CESC,29-Sep-2016,440,CE,0,0,0,164.85,215.6,0,0,0,0,17-AUG-2016,
OPTSTK,CESC,29-Sep-2016,450,CE,0,0,0,155.15,205.65,0,0,0,0,17-AUG-2016,
OPTSTK,CESC,29-Sep-2016,460,CE,0,0,0,145.55,195.75,0,0,0,0,17-AUG-2016,
OPTSTK,CESC,29-Sep-2016,470,CE,0,0,0,136,185.85,0,0,0,0,17-AUG-2016,
OPTSTK,CESC,29-Sep-2016,480,CE,0,0,0,126.6,175.9,0,0,0,0,17-AUG-2016,
OPTSTK,CESC,29-Sep-2016,490,CE,0,0,0,117.3,166,0,0,0,0,17-AUG-2016,
OPTSTK,CESC,29-Sep-2016,500,CE,0,0,0,108.25,156.1,0,0,0,0,17-AUG-2016,
OPTSTK,CESC,29-Sep-2016,510,CE,0,0,0,99.4,146.2,0,0,0,0,17-AUG-2016,
OPTSTK,CESC,29-Sep-2016,520,CE,0,0,0,90.8,136.3,0,0,0,0,17-AUG-2016,
OPTSTK,CESC,29-Sep-2016,530,CE,0,0,0,82.55,126.5,0,0,0,0,17-AUG-2016,
OPTSTK,CESC,29-Sep-2016,540,CE,0,0,0,74.6,116.7,0,0,0,0,17-AUG-2016,
OPTSTK,CESC,29-Sep-2016,550,CE,0,0,0,67.1,107,0,0,0,0,17-AUG-2016,
OPTSTK,CESC,29-Sep-2016,560,CE,0,0,0,59.95,97.45,0,0,0,0,17-AUG-2016,
OPTSTK,CESC,29-Sep-2016,570,CE,0,0,0,53.25,88.05,0,0,0,0,17-AUG-2016,
OPTSTK,CESC,29-Sep-2016,580,CE,0,0,0,47.05,78.9,0,0,0,0,17-AUG-2016,
OPTSTK,CESC,29-Sep-2016,590,CE,0,0,0,41.35,70.05,0,0,0,0,17-AUG-2016,
OPTSTK,CESC,29-Sep-2016,600,CE,0,0,0,36.1,61.6,0,0,0,0,17-AUG-2016,
OPTSTK,CESC,29-Sep-2016,610,CE,0,0,0,31.3,53.65,0,0,0,0,17-AUG-2016,
OPTSTK,CESC,29-Sep-2016,620,CE,0,0,0,27,46.2,0,0,0,0,17-AUG-2016,
OPTSTK,CESC,29-Sep-2016,630,CE,0,0,0,23.15,39.25,0,0,0,0,17-AUG-2016,
OPTSTK,CESC,29-Sep-2016,640,CE,0,0,0,19.75,33,0,0,0,0,17-AUG-2016,
OPTSTK,CESC,29-Sep-2016,650,CE,0,0,0,16.75,27.4,0,0,0,0,17-AUG-2016,
OPTSTK,CESC,29-Sep-2016,660,CE,0,0,0,22.4,22.5,0,0,1100,0,17-AUG-2016,
OPTSTK,CESC,29-Sep-2016,670,CE,0,0,0,11.9,18.2,0,0,0,0,17-AUG-2016,
OPTSTK,CESC,29-Sep-2016,680,CE,0,0,0,15.5,14.55,0,0,1100,0,17-AUG-2016,
OPTSTK,CESC,29-Sep-2016,690,CE,0,0,0,8.2,11.5,0,0,0,0,17-AUG-2016,
OPTSTK,CESC,29-Sep-2016,700,CE,0,0,0,6.75,9,0,0,0,0,17-AUG-2016,
OPTSTK,CESC,29-Sep-2016,710,CE,0,0,0,5.55,6.9,0,0,0,0,17-AUG-2016,
OPTSTK,CESC,29-Sep-2016,720,CE,0,0,0,4.55,5.25,0,0,0,0,17-AUG-2016,
OPTSTK,CESC,29-Sep-2016,730,CE,0,0,0,3.7,3.95,0,0,0,0,17-AUG-2016,
OPTSTK,CESC,29-Sep-2016,740,CE,0,0,0,3,2.9,0,0,0,0,17-AUG-2016,
OPTSTK,CESC,29-Sep-2016,750,CE,0,0,0,2.4,2.15,0,0,0,0,17-AUG-2016,
OPTSTK,CESC,29-Sep-2016,400,PE,0,0,0,0.05,0,0,0,0,0,17-AUG-2016,
OPTSTK,CESC,29-Sep-2016,410,PE,0,0,0,0.05,0,0,0,0,0,17-AUG-2016,
OPTSTK,CESC,29-Sep-2016,420,PE,0,0,0,0.1,0,0,0,0,0,17-AUG-2016,
OPTSTK,CESC,29-Sep-2016,430,PE,0,0,0,0.15,0,0,0,0,0,17-AUG-2016,
OPTSTK,CESC,29-Sep-2016,440,PE,0,0,0,0.25,0,0,0,0,0,17-AUG-2016,
OPTSTK,CESC,29-Sep-2016,450,PE,0,0,0,0.35,0,0,0,0,0,17-AUG-2016,
OPTSTK,CESC,29-Sep-2016,460,PE,0,0,0,0.55,0,0,0,0,0,17-AUG-2016,
OPTSTK,CESC,29-Sep-2016,470,PE,0,0,0,0.85,0,0,0,0,0,17-AUG-2016,
OPTSTK,CESC,29-Sep-2016,480,PE,0,0,0,1.25,0,0,0,0,0,17-AUG-2016,
OPTSTK,CESC,29-Sep-2016,490,PE,0,0,0,1.8,0.05,0,0,0,0,17-AUG-2016,
OPTSTK,CESC,29-Sep-2016,500,PE,0,0,0,2.55,0.05,0,0,0,0,17-AUG-2016,
OPTSTK,CESC,29-Sep-2016,510,PE,0,0,0,3.55,0.05,0,0,0,0,17-AUG-2016,
OPTSTK,CESC,29-Sep-2016,520,PE,0,0,0,4.75,0.1,0,0,0,0,17-AUG-2016,
OPTSTK,CESC,29-Sep-2016,530,PE,0,0,0,6.3,0.2,0,0,0,0,17-AUG-2016,
OPTSTK,CESC,29-Sep-2016,540,PE,0,0,0,8.2,0.3,0,0,0,0,17-AUG-2016,
OPTSTK,CESC,29-Sep-2016,550,PE,0,0,0,10.55,0.55,0,0,0,0,17-AUG-2016,
OPTSTK,CESC,29-Sep-2016,560,PE,0,0,0,13.2,0.9,0,0,0,0,17-AUG-2016,
OPTSTK,CESC,29-Sep-2016,570,PE,0,0,0,16.35,1.45,0,0,0,0,17-AUG-2016,
OPTSTK,CESC,29-Sep-2016,580,PE,0,0,0,19.95,2.2,0,0,0,0,17-AUG-2016,
OPTSTK,CESC,29-Sep-2016,590,PE,0,0,0,24.05,3.3,0,0,0,0,17-AUG-2016,
OPTSTK,CESC,29-Sep-2016,600,PE,0,0,0,28.65,4.75,0,0,0,0,17-AUG-2016,
OPTSTK,CESC,29-Sep-2016,610,PE,0,0,0,33.7,6.7,0,0,0,0,17-AUG-2016,
OPTSTK,CESC,29-Sep-2016,620,PE,0,0,0,39.2,9.15,0,0,0,0,17-AUG-2016,
OPTSTK,CESC,29-Sep-2016,630,PE,0,0,0,45.2,12.15,0,0,0,0,17-AUG-2016,
OPTSTK,CESC,29-Sep-2016,640,PE,0,0,0,51.6,15.85,0,0,0,0,17-AUG-2016,
OPTSTK,CESC,29-Sep-2016,650,PE,0,0,0,58.4,20.15,0,0,0,0,17-AUG-2016,
OPTSTK,CESC,29-Sep-2016,660,PE,0,0,0,65.65,25.15,0,0,0,0,17-AUG-2016,
OPTSTK,CESC,29-Sep-2016,670,PE,0,0,0,73.2,30.8,0,0,0,0,17-AUG-2016,
OPTSTK,CESC,29-Sep-2016,680,PE,0,0,0,81,37.05,0,0,0,0,17-AUG-2016,
OPTSTK,CESC,29-Sep-2016,690,PE,0,0,0,89.15,43.9,0,0,0,0,17-AUG-2016,
OPTSTK,CESC,29-Sep-2016,700,PE,0,0,0,97.55,51.3,0,0,0,0,17-AUG-2016,
OPTSTK,CESC,29-Sep-2016,710,PE,0,0,0,106.15,59.15,0,0,0,0,17-AUG-2016,
OPTSTK,CESC,29-Sep-2016,720,PE,0,0,0,114.95,67.4,0,0,0,0,17-AUG-2016,
OPTSTK,CESC,29-Sep-2016,730,PE,0,0,0,123.95,76,0,0,0,0,17-AUG-2016,
OPTSTK,CESC,29-Sep-2016,740,PE,0,0,0,133.05,84.9,0,0,0,0,17-AUG-2016,
OPTSTK,CESC,29-Sep-2016,750,PE,0,0,0,142.3,94.05,0,0,0,0,17-AUG-2016,
OPTSTK,CESC,27-Oct-2016,430,CE,0,0,0,206,227.75,0,0,0,0,17-AUG-2016,
OPTSTK,CESC,27-Oct-2016,440,CE,0,0,0,196.25,217.9,0,0,0,0,17-AUG-2016,
OPTSTK,CESC,27-Oct-2016,450,CE,0,0,0,186.5,208.05,0,0,0,0,17-AUG-2016,
OPTSTK,CESC,27-Oct-2016,460,CE,0,0,0,176.85,198.15,0,0,0,0,17-AUG-2016,
OPTSTK,CESC,27-Oct-2016,470,CE,0,0,0,167.2,188.3,0,0,0,0,17-AUG-2016,
OPTSTK,CESC,27-Oct-2016,480,CE,0,0,0,157.65,178.5,0,0,0,0,17-AUG-2016,
OPTSTK,CESC,27-Oct-2016,490,CE,0,0,0,148.2,168.65,0,0,0,0,17-AUG-2016,
OPTSTK,CESC,27-Oct-2016,500,CE,0,0,0,138.9,158.9,0,0,0,0,17-AUG-2016,
OPTSTK,CESC,27-Oct-2016,510,CE,0,0,0,129.75,149.15,0,0,0,0,17-AUG-2016,
OPTSTK,CESC,27-Oct-2016,520,CE,0,0,0,120.75,139.45,0,0,0,0,17-AUG-2016,
OPTSTK,CESC,27-Oct-2016,530,CE,0,0,0,112,129.9,0,0,0,0,17-AUG-2016,
OPTSTK,CESC,27-Oct-2016,540,CE,0,0,0,103.5,120.4,0,0,0,0,17-AUG-2016,
OPTSTK,CESC,27-Oct-2016,550,CE,0,0,0,95.25,111.1,0,0,0,0,17-AUG-2016,
OPTSTK,CESC,27-Oct-2016,560,CE,0,0,0,87.35,102,0,0,0,0,17-AUG-2016,
OPTSTK,CESC,27-Oct-2016,570,CE,0,0,0,79.75,93.15,0,0,0,0,17-AUG-2016,
OPTSTK,CESC,27-Oct-2016,580,CE,0,0,0,72.55,84.55,0,0,0,0,17-AUG-2016,
OPTSTK,CESC,27-Oct-2016,590,CE,0,0,0,65.65,76.3,0,0,0,0,17-AUG-2016,
OPTSTK,CESC,27-Oct-2016,600,CE,0,0,0,59.2,68.4,0,0,0,0,17-AUG-2016,
OPTSTK,CESC,27-Oct-2016,610,CE,0,0,0,53.15,61,0,0,0,0,17-AUG-2016,
OPTSTK,CESC,27-Oct-2016,620,CE,0,0,0,47.5,53.95,0,0,0,0,17-AUG-2016,
OPTSTK,CESC,27-Oct-2016,630,CE,0,0,0,42.3,47.4,0,0,0,0,17-AUG-2016,
OPTSTK,CESC,27-Oct-2016,640,CE,0,0,0,37.5,41.4,0,0,0,0,17-AUG-2016,
OPTSTK,CESC,27-Oct-2016,650,CE,0,0,0,33.1,35.9,0,0,0,0,17-AUG-2016,
OPTSTK,CESC,27-Oct-2016,660,CE,0,0,0,29.1,30.9,0,0,0,0,17-AUG-2016,
OPTSTK,CESC,27-Oct-2016,670,CE,0,0,0,25.45,26.4,0,0,0,0,17-AUG-2016,
OPTSTK,CESC,27-Oct-2016,680,CE,0,0,0,22.2,22.4,0,0,0,0,17-AUG-2016,
OPTSTK,CESC,27-Oct-2016,690,CE,0,0,0,19.3,18.85,0,0,0,0,17-AUG-2016,
OPTSTK,CESC,27-Oct-2016,700,CE,0,0,0,16.7,15.75,0,0,0,0,17-AUG-2016,
OPTSTK,CESC,27-Oct-2016,710,CE,0,0,0,14.4,13.15,0,0,0,0,17-AUG-2016,
OPTSTK,CESC,27-Oct-2016,720,CE,0,0,0,12.35,10.8,0,0,0,0,17-AUG-2016,
OPTSTK,CESC,27-Oct-2016,730,CE,0,0,0,10.55,8.85,0,0,0,0,17-AUG-2016,
OPTSTK,CESC,27-Oct-2016,740,CE,0,0,0,9,7.2,0,0,0,0,17-AUG-2016,
OPTSTK,CESC,27-Oct-2016,750,CE,0,0,0,7.65,5.85,0,0,0,0,17-AUG-2016,
OPTSTK,CESC,27-Oct-2016,430,PE,0,0,0,0.1,0,0,0,0,0,17-AUG-2016,
OPTSTK,CESC,27-Oct-2016,440,PE,0,0,0,0.2,0,0,0,0,0,17-AUG-2016,
OPTSTK,CESC,27-Oct-2016,450,PE,0,0,0,0.3,0.05,0,0,0,0,17-AUG-2016,
OPTSTK,CESC,27-Oct-2016,460,PE,0,0,0,0.45,0.05,0,0,0,0,17-AUG-2016,
OPTSTK,CESC,27-Oct-2016,470,PE,0,0,0,0.65,0.05,0,0,0,0,17-AUG-2016,
OPTSTK,CESC,27-Oct-2016,480,PE,0,0,0,0.9,0.1,0,0,0,0,17-AUG-2016,
OPTSTK,CESC,27-Oct-2016,490,PE,0,0,0,1.3,0.15,0,0,0,0,17-AUG-2016,
OPTSTK,CESC,27-Oct-2016,500,PE,0,0,0,1.8,0.2,0,0,0,0,17-AUG-2016,
OPTSTK,CESC,27-Oct-2016,510,PE,0,0,0,2.5,0.35,0,0,0,0,17-AUG-2016,
OPTSTK,CESC,27-Oct-2016,520,PE,0,0,0,3.35,0.55,0,0,0,0,17-AUG-2016,
OPTSTK,CESC,27-Oct-2016,530,PE,0,0,0,4.4,0.8,0,0,0,0,17-AUG-2016,
OPTSTK,CESC,27-Oct-2016,540,PE,0,0,0,5.7,1.2,0,0,0,0,17-AUG-2016,
OPTSTK,CESC,27-Oct-2016,550,PE,0,0,0,7.3,1.8,0,0,0,0,17-AUG-2016,
OPTSTK,CESC,27-Oct-2016,560,PE,0,0,0,9.2,2.55,0,0,0,0,17-AUG-2016,
OPTSTK,CESC,27-Oct-2016,570,PE,0,0,0,11.45,3.55,0,0,0,0,17-AUG-2016,
OPTSTK,CESC,27-Oct-2016,580,PE,0,0,0,14.05,4.8,0,0,0,0,17-AUG-2016,
OPTSTK,CESC,27-Oct-2016,590,PE,0,0,0,17,6.45,0,0,0,0,17-AUG-2016,
OPTSTK,CESC,27-Oct-2016,600,PE,0,0,0,20.4,8.4,0,0,0,0,17-AUG-2016,
OPTSTK,CESC,27-Oct-2016,610,PE,0,0,0,24.15,10.85,0,0,0,0,17-AUG-2016,
OPTSTK,CESC,27-Oct-2016,620,PE,0,0,0,28.35,13.7,0,0,0,0,17-AUG-2016,
OPTSTK,CESC,27-Oct-2016,630,PE,0,0,0,33,17,0,0,0,0,17-AUG-2016,
OPTSTK,CESC,27-Oct-2016,640,PE,0,0,0,38,20.85,0,0,0,0,17-AUG-2016,
OPTSTK,CESC,27-Oct-2016,650,PE,0,0,0,43.45,25.2,0,0,0,0,17-AUG-2016,
OPTSTK,CESC,27-Oct-2016,660,PE,0,0,0,49.25,30.1,0,0,0,0,17-AUG-2016,
OPTSTK,CESC,27-Oct-2016,670,PE,0,0,0,55.45,35.45,0,0,0,0,17-AUG-2016,
OPTSTK,CESC,27-Oct-2016,680,PE,0,0,0,62,41.3,0,0,0,0,17-AUG-2016,
OPTSTK,CESC,27-Oct-2016,690,PE,0,0,0,68.95,47.65,0,0,0,0,17-AUG-2016,
OPTSTK,CESC,27-Oct-2016,700,PE,0,0,0,76.2,54.45,0,0,0,0,17-AUG-2016,
OPTSTK,CESC,27-Oct-2016,710,PE,0,0,0,83.7,61.65,0,0,0,0,17-AUG-2016,
OPTSTK,CESC,27-Oct-2016,720,PE,0,0,0,91.5,69.2,0,0,0,0,17-AUG-2016,
OPTSTK,CESC,27-Oct-2016,730,PE,0,0,0,99.55,77.15,0,0,0,0,17-AUG-2016,
OPTSTK,CESC,27-Oct-2016,740,PE,0,0,0,107.8,85.35,0,0,0,0,17-AUG-2016,
OPTSTK,CESC,27-Oct-2016,750,PE,0,0,0,116.25,93.85,0,0,0,0,17-AUG-2016,
OPTSTK,CIPLA,25-Aug-2016,360,CE,0,0,0,115.5,190.4,0,0,0,0,17-AUG-2016,
OPTSTK,CIPLA,25-Aug-2016,370,CE,0,0,0,106.3,180.4,0,0,0,0,17-AUG-2016,
OPTSTK,CIPLA,25-Aug-2016,380,CE,0,0,0,97.25,170.45,0,0,0,0,17-AUG-2016,
OPTSTK,CIPLA,25-Aug-2016,390,CE,0,0,0,88.5,160.45,0,0,0,0,17-AUG-2016,
OPTSTK,CIPLA,25-Aug-2016,400,CE,0,0,0,80.1,150.45,0,0,0,0,17-AUG-2016,
OPTSTK,CIPLA,25-Aug-2016,410,CE,0,0,0,72,140.5,0,0,0,0,17-AUG-2016,
OPTSTK,CIPLA,25-Aug-2016,420,CE,0,0,0,64.35,130.5,0,0,0,0,17-AUG-2016,
OPTSTK,CIPLA,25-Aug-2016,430,CE,0,0,0,57.15,120.5,0,0,0,0,17-AUG-2016,
OPTSTK,CIPLA,25-Aug-2016,440,CE,0,0,0,50.45,110.55,0,0,0,0,17-AUG-2016,
OPTSTK,CIPLA,25-Aug-2016,450,CE,0,0,0,83,100.55,0,0,1000,0,17-AUG-2016,
OPTSTK,CIPLA,25-Aug-2016,460,CE,0,0,0,38.5,90.55,0,0,0,0,17-AUG-2016,
OPTSTK,CIPLA,25-Aug-2016,470,CE,0,0,0,33.35,80.6,0,0,0,0,17-AUG-2016,
OPTSTK,CIPLA,25-Aug-2016,480,CE,0,0,0,28,70.7,0,0,1000,0,17-AUG-2016,
OPTSTK,CIPLA,25-Aug-2016,490,CE,0,0,0,20.3,60.85,0,0,2000,0,17-AUG-2016,
OPTSTK,CIPLA,25-Aug-2016,500,CE,0,0,0,41,51.2,0,0,3000,0,17-AUG-2016,
OPTSTK,CIPLA,25-Aug-2016,510,CE,43.5,50.6,40.5,41,41,10,55.31,22000,-1000,17-AUG-2016,
OPTSTK,CIPLA,25-Aug-2016,520,CE,33,45,31.25,32.3,32.3,76,423.1,157000,-18000,17-AUG-2016,
OPTSTK,CIPLA,25-Aug-2016,530,CE,25.1,35.05,23,23.6,23.6,76,422.58,128000,-26000,17-AUG-2016,
OPTSTK,CIPLA,25-Aug-2016,540,CE,17.15,26.05,15.2,16.2,16.2,121,677.11,219000,-11000,17-AUG-2016,
OPTSTK,CIPLA,25-Aug-2016,550,CE,10.95,18.75,9.45,10.55,10.55,642,3616.16,211000,-41000,17-AUG-2016,
OPTSTK,CIPLA,25-Aug-2016,560,CE,7.65,12.5,5.8,6.5,6.5,1325,7537.77,308000,73000,17-AUG-2016,
OPTSTK,CIPLA,25-Aug-2016,570,CE,4.5,8,3.35,3.9,3.9,713,4103.5,132000,17000,17-AUG-2016,
OPTSTK,CIPLA,25-Aug-2016,580,CE,2.5,4.7,2,2.4,2.4,479,2794.26,169000,-15000,17-AUG-2016,
OPTSTK,CIPLA,25-Aug-2016,590,CE,1.6,2.85,1.3,1.5,1.5,207,1225.82,108000,59000,17-AUG-2016,
OPTSTK,CIPLA,25-Aug-2016,600,CE,1.3,1.7,0.85,1,1,259,1557.25,209000,18000,17-AUG-2016,
OPTSTK,CIPLA,25-Aug-2016,610,CE,0.75,1,0.75,0.9,0.9,40,244.37,22000,5000,17-AUG-2016,
OPTSTK,CIPLA,25-Aug-2016,620,CE,0.6,0.7,0.55,0.7,0.7,4,24.82,15000,1000,17-AUG-2016,
OPTSTK,CIPLA,25-Aug-2016,630,CE,0,0,0,1.55,0.15,0,0,0,0,17-AUG-2016,
OPTSTK,CIPLA,25-Aug-2016,640,CE,0,0,0,1.2,0.05,0,0,0,0,17-AUG-2016,
OPTSTK,CIPLA,25-Aug-2016,650,CE,0,0,0,0.95,0.05,0,0,0,0,17-AUG-2016,
OPTSTK,CIPLA,25-Aug-2016,660,CE,0,0,0,0.75,0.05,0,0,0,0,17-AUG-2016,
OPTSTK,CIPLA,25-Aug-2016,670,CE,0,0,0,0.6,0,0,0,0,0,17-AUG-2016,
OPTSTK,CIPLA,25-Aug-2016,360,PE,0,0,0,1.15,0,0,0,0,0,17-AUG-2016,
OPTSTK,CIPLA,25-Aug-2016,370,PE,0,0,0,1.75,0,0,0,0,0,17-AUG-2016,
OPTSTK,CIPLA,25-Aug-2016,380,PE,0,0,0,2.55,0,0,0,0,0,17-AUG-2016,
OPTSTK,CIPLA,25-Aug-2016,390,PE,0,0,0,3.6,0,0,0,0,0,17-AUG-2016,
OPTSTK,CIPLA,25-Aug-2016,400,PE,0,0,0,5,0,0,0,0,0,17-AUG-2016,
OPTSTK,CIPLA,25-Aug-2016,410,PE,0,0,0,6.75,0,0,0,0,0,17-AUG-2016,
OPTSTK,CIPLA,25-Aug-2016,420,PE,0,0,0,8.95,0,0,0,0,0,17-AUG-2016,
OPTSTK,CIPLA,25-Aug-2016,430,PE,0,0,0,11.55,0,0,0,0,0,17-AUG-2016,
OPTSTK,CIPLA,25-Aug-2016,440,PE,0,0,0,14.65,0,0,0,0,0,17-AUG-2016,
OPTSTK,CIPLA,25-Aug-2016,450,PE,0.3,0.3,0.05,0.05,0.05,2,9,19000,-2000,17-AUG-2016,
OPTSTK,CIPLA,25-Aug-2016,460,PE,0.15,0.15,0.15,0.15,0.15,1,4.6,9000,0,17-AUG-2016,
OPTSTK,CIPLA,25-Aug-2016,470,PE,0.15,0.15,0.15,0.15,0.15,1,4.7,18000,-1000,17-AUG-2016,
OPTSTK,CIPLA,25-Aug-2016,480,PE,0.35,0.55,0.3,0.4,0.4,14,67.25,65000,-10000,17-AUG-2016,
OPTSTK,CIPLA,25-Aug-2016,490,PE,0.65,0.65,0.45,0.6,0.6,41,201.13,89000,26000,17-AUG-2016,
OPTSTK,CIPLA,25-Aug-2016,500,PE,1.3,1.45,0.7,0.8,0.8,316,1582.9,610000,56000,17-AUG-2016,
OPTSTK,CIPLA,25-Aug-2016,510,PE,1.95,1.95,0.9,1.1,1.1,183,935.42,195000,-21000,17-AUG-2016,
OPTSTK,CIPLA,25-Aug-2016,520,PE,2.35,2.65,1.3,1.6,1.6,290,1513.07,245000,-11000,17-AUG-2016,
OPTSTK,CIPLA,25-Aug-2016,530,PE,3.75,4.25,2.05,2.9,2.9,409,2179.77,241000,48000,17-AUG-2016,
OPTSTK,CIPLA,25-Aug-2016,540,PE,5.9,7,3.35,5.3,5.3,572,3117.05,235000,21000,17-AUG-2016,
OPTSTK,CIPLA,25-Aug-2016,550,PE,10.05,11,5.35,9.1,9.1,644,3593.08,87000,-7000,17-AUG-2016,
OPTSTK,CIPLA,25-Aug-2016,560,PE,15.7,16.5,8.95,14.95,14.95,202,1156.31,41000,30000,17-AUG-2016,
OPTSTK,CIPLA,25-Aug-2016,570,PE,21.15,21.8,21.15,21.8,21.8,2,11.82,3000,1000,17-AUG-2016,
OPTSTK,CIPLA,25-Aug-2016,580,PE,23,23,22,22,22,2,12.05,2000,0,17-AUG-2016,
OPTSTK,CIPLA,25-Aug-2016,590,PE,0,0,0,115.25,41.15,0,0,0,0,17-AUG-2016,
OPTSTK,CIPLA,25-Aug-2016,600,PE,0,0,0,65,50.3,0,0,16000,0,17-AUG-2016,
OPTSTK,CIPLA,25-Aug-2016,610,PE,0,0,0,133.6,59.8,0,0,0,0,17-AUG-2016,
OPTSTK,CIPLA,25-Aug-2016,620,PE,0,0,0,142.9,69.5,0,0,0,0,17-AUG-2016,
OPTSTK,CIPLA,25-Aug-2016,630,PE,0,0,0,152.35,79.35,0,0,0,0,17-AUG-2016,
OPTSTK,CIPLA,25-Aug-2016,640,PE,0,0,0,161.85,89.25,0,0,0,0,17-AUG-2016,
OPTSTK,CIPLA,25-Aug-2016,650,PE,0,0,0,171.4,99.2,0,0,0,0,17-AUG-2016,
OPTSTK,CIPLA,25-Aug-2016,660,PE,0,0,0,181.05,109.2,0,0,0,0,17-AUG-2016,
OPTSTK,CIPLA,25-Aug-2016,670,PE,0,0,0,147,119.15,0,0,9000,0,17-AUG-2016,
OPTSTK,CIPLA,29-Sep-2016,360,CE,0,0,0,147.45,192.8,0,0,0,0,17-AUG-2016,
OPTSTK,CIPLA,29-Sep-2016,370,CE,0,0,0,137.7,182.9,0,0,0,0,17-AUG-2016,
OPTSTK,CIPLA,29-Sep-2016,380,CE,0,0,0,127.95,173,0,0,0,0,17-AUG-2016,
OPTSTK,CIPLA,29-Sep-2016,390,CE,0,0,0,118.3,163.1,0,0,0,0,17-AUG-2016,
OPTSTK,CIPLA,29-Sep-2016,400,CE,0,0,0,108.8,153.25,0,0,0,0,17-AUG-2016,
OPTSTK,CIPLA,29-Sep-2016,410,CE,0,0,0,99.4,143.45,0,0,0,0,17-AUG-2016,
OPTSTK,CIPLA,29-Sep-2016,420,CE,0,0,0,90.2,133.75,0,0,0,0,17-AUG-2016,
OPTSTK,CIPLA,29-Sep-2016,430,CE,0,0,0,81.3,124.1,0,0,0,0,17-AUG-2016,
OPTSTK,CIPLA,29-Sep-2016,440,CE,0,0,0,72.65,114.6,0,0,0,0,17-AUG-2016,
OPTSTK,CIPLA,29-Sep-2016,450,CE,0,0,0,64.45,105.25,0,0,0,0,17-AUG-2016,
OPTSTK,CIPLA,29-Sep-2016,460,CE,0,0,0,56.65,96.1,0,0,0,0,17-AUG-2016,
OPTSTK,CIPLA,29-Sep-2016,470,CE,0,0,0,49.4,87.25,0,0,0,0,17-AUG-2016,
OPTSTK,CIPLA,29-Sep-2016,480,CE,0,0,0,42.65,78.75,0,0,0,0,17-AUG-2016,
OPTSTK,CIPLA,29-Sep-2016,490,CE,0,0,0,36.5,70.55,0,0,0,0,17-AUG-2016,
OPTSTK,CIPLA,29-Sep-2016,500,CE,0,0,0,30.95,62.8,0,0,0,0,17-AUG-2016,
OPTSTK,CIPLA,29-Sep-2016,510,CE,0,0,0,26,55.55,0,0,0,0,17-AUG-2016,
OPTSTK,CIPLA,29-Sep-2016,520,CE,0,0,0,24,48.75,0,0,1000,0,17-AUG-2016,
OPTSTK,CIPLA,29-Sep-2016,530,CE,0,0,0,17.85,42.45,0,0,0,0,17-AUG-2016,
OPTSTK,CIPLA,29-Sep-2016,540,CE,27,27,27,27,27,2,11.34,17000,2000,17-AUG-2016,
OPTSTK,CIPLA,29-Sep-2016,550,CE,25,28,25,28,28,7,40.32,6000,5000,17-AUG-2016,
OPTSTK,CIPLA,29-Sep-2016,560,CE,22,24,16.25,16.25,16.25,21,122.26,22000,20000,17-AUG-2016,
OPTSTK,CIPLA,29-Sep-2016,570,CE,0,0,0,7.55,22.7,0,0,0,0,17-AUG-2016,
OPTSTK,CIPLA,29-Sep-2016,580,CE,12.5,12.55,12.5,12.55,12.55,2,11.85,1000,1000,17-AUG-2016,
OPTSTK,CIPLA,29-Sep-2016,590,CE,0,0,0,4.65,15.9,0,0,0,0,17-AUG-2016,
OPTSTK,CIPLA,29-Sep-2016,600,CE,8.85,9,6.35,6.6,6.6,5,30.38,3000,3000,17-AUG-2016,
OPTSTK,CIPLA,29-Sep-2016,610,CE,0,0,0,2.75,10.85,0,0,0,0,17-AUG-2016,
OPTSTK,CIPLA,29-Sep-2016,620,CE,0,0,0,2.1,8.85,0,0,0,0,17-AUG-2016,
OPTSTK,CIPLA,29-Sep-2016,630,CE,0,0,0,1.6,7.2,0,0,0,0,17-AUG-2016,
OPTSTK,CIPLA,29-Sep-2016,640,CE,0,0,0,1.2,5.8,0,0,0,0,17-AUG-2016,
OPTSTK,CIPLA,29-Sep-2016,650,CE,0,0,0,0.9,4.65,0,0,0,0,17-AUG-2016,
OPTSTK,CIPLA,29-Sep-2016,660,CE,0,0,0,0.7,3.7,0,0,0,0,17-AUG-2016,
OPTSTK,CIPLA,29-Sep-2016,670,CE,0,0,0,0.5,2.9,0,0,0,0,17-AUG-2016,
OPTSTK,CIPLA,29-Sep-2016,360,PE,0,0,0,0.1,0.05,0,0,0,0,17-AUG-2016,
OPTSTK,CIPLA,29-Sep-2016,370,PE,0,0,0,0.15,0.05,0,0,0,0,17-AUG-2016,
OPTSTK,CIPLA,29-Sep-2016,380,PE,0,0,0,0.25,0.05,0,0,0,0,17-AUG-2016,
OPTSTK,CIPLA,29-Sep-2016,390,PE,0,0,0,0.45,0.1,0,0,0,0,17-AUG-2016,
OPTSTK,CIPLA,29-Sep-2016,400,PE,0,0,0,0.7,0.2,0,0,0,0,17-AUG-2016,
OPTSTK,CIPLA,29-Sep-2016,410,PE,0,0,0,1.15,0.3,0,0,0,0,17-AUG-2016,
OPTSTK,CIPLA,29-Sep-2016,420,PE,0,0,0,1.8,0.5,0,0,0,0,17-AUG-2016,
OPTSTK,CIPLA,29-Sep-2016,430,PE,0,0,0,2.7,0.75,0,0,0,0,17-AUG-2016,
OPTSTK,CIPLA,29-Sep-2016,440,PE,0,0,0,3.9,1.15,0,0,0,0,17-AUG-2016,
OPTSTK,CIPLA,29-Sep-2016,450,PE,0,0,0,5.5,1.75,0,0,0,0,17-AUG-2016,
OPTSTK,CIPLA,29-Sep-2016,460,PE,0,0,0,7.55,2.55,0,0,0,0,17-AUG-2016,
OPTSTK,CIPLA,29-Sep-2016,470,PE,0,0,0,10.1,3.6,0,0,0,0,17-AUG-2016,
OPTSTK,CIPLA,29-Sep-2016,480,PE,0,0,0,13.15,5,0,0,0,0,17-AUG-2016,
OPTSTK,CIPLA,29-Sep-2016,490,PE,0,0,0,16.85,6.75,0,0,0,0,17-AUG-2016,
OPTSTK,CIPLA,29-Sep-2016,500,PE,4,4,4,4,4,1,5.04,10000,0,17-AUG-2016,
OPTSTK,CIPLA,29-Sep-2016,510,PE,0,0,0,10.15,11.55,0,0,1000,0,17-AUG-2016,
OPTSTK,CIPLA,29-Sep-2016,520,PE,8,10.45,7.8,10.45,10.45,14,73.94,19000,14000,17-AUG-2016,
OPTSTK,CIPLA,29-Sep-2016,530,PE,11.5,11.5,11.5,11.5,11.5,1,5.41,5000,1000,17-AUG-2016,
OPTSTK,CIPLA,29-Sep-2016,540,PE,10.35,10.35,10.35,10.35,10.35,1,5.5,1000,1000,17-AUG-2016,
OPTSTK,CIPLA,29-Sep-2016,550,PE,17,17,17,17,17,1,5.67,1000,1000,17-AUG-2016,
OPTSTK,CIPLA,29-Sep-2016,560,PE,21,21,21,21,21,1,5.81,1000,1000,17-AUG-2016,
OPTSTK,CIPLA,29-Sep-2016,570,PE,0,0,0,66.45,38.25,0,0,0,0,17-AUG-2016,
OPTSTK,CIPLA,29-Sep-2016,580,PE,0,0,0,74.7,44.55,0,0,0,0,17-AUG-2016,
OPTSTK,CIPLA,29-Sep-2016,590,PE,0,0,0,83.2,51.3,0,0,0,0,17-AUG-2016,
OPTSTK,CIPLA,29-Sep-2016,600,PE,0,0,0,92,58.45,0,0,0,0,17-AUG-2016,
OPTSTK,CIPLA,29-Sep-2016,610,PE,0,0,0,101,66.05,0,0,0,0,17-AUG-2016,
OPTSTK,CIPLA,29-Sep-2016,620,PE,0,0,0,110.15,74,0,0,0,0,17-AUG-2016,
OPTSTK,CIPLA,29-Sep-2016,630,PE,0,0,0,119.5,82.25,0,0,0,0,17-AUG-2016,
OPTSTK,CIPLA,29-Sep-2016,640,PE,0,0,0,128.9,90.75,0,0,0,0,17-AUG-2016,
OPTSTK,CIPLA,29-Sep-2016,650,PE,0,0,0,138.45,99.55,0,0,0,0,17-AUG-2016,
OPTSTK,CIPLA,29-Sep-2016,660,PE,0,0,0,148,108.5,0,0,0,0,17-AUG-2016,
OPTSTK,CIPLA,29-Sep-2016,670,PE,0,0,0,157.65,117.65,0,0,0,0,17-AUG-2016,
OPTSTK,CIPLA,27-Oct-2016,360,CE,0,0,0,166.85,194.8,0,0,0,0,17-AUG-2016,
OPTSTK,CIPLA,27-Oct-2016,370,CE,0,0,0,157.05,185.05,0,0,0,0,17-AUG-2016,
OPTSTK,CIPLA,27-Oct-2016,380,CE,0,0,0,147.2,175.3,0,0,0,0,17-AUG-2016,
OPTSTK,CIPLA,27-Oct-2016,390,CE,0,0,0,137.4,165.65,0,0,0,0,17-AUG-2016,
OPTSTK,CIPLA,27-Oct-2016,400,CE,0,0,0,127.6,156.05,0,0,0,0,17-AUG-2016,
OPTSTK,CIPLA,27-Oct-2016,410,CE,0,0,0,117.85,146.55,0,0,0,0,17-AUG-2016,
OPTSTK,CIPLA,27-Oct-2016,420,CE,0,0,0,108.15,137.2,0,0,0,0,17-AUG-2016,
OPTSTK,CIPLA,27-Oct-2016,430,CE,0,0,0,98.5,128.05,0,0,0,0,17-AUG-2016,
OPTSTK,CIPLA,27-Oct-2016,440,CE,0,0,0,89.05,119.05,0,0,0,0,17-AUG-2016,
OPTSTK,CIPLA,27-Oct-2016,450,CE,0,0,0,79.8,110.3,0,0,0,0,17-AUG-2016,
OPTSTK,CIPLA,27-Oct-2016,460,CE,0,0,0,70.8,101.75,0,0,0,0,17-AUG-2016,
OPTSTK,CIPLA,27-Oct-2016,470,CE,0,0,0,62.15,93.55,0,0,0,0,17-AUG-2016,
OPTSTK,CIPLA,27-Oct-2016,480,CE,0,0,0,53.95,85.7,0,0,0,0,17-AUG-2016,
OPTSTK,CIPLA,27-Oct-2016,490,CE,0,0,0,46.25,78.15,0,0,0,0,17-AUG-2016,
OPTSTK,CIPLA,27-Oct-2016,500,CE,0,0,0,39.15,71,0,0,0,0,17-AUG-2016,
OPTSTK,CIPLA,27-Oct-2016,510,CE,0,0,0,32.75,64.2,0,0,0,0,17-AUG-2016,
OPTSTK,CIPLA,27-Oct-2016,520,CE,0,0,0,27,57.85,0,0,0,0,17-AUG-2016,
OPTSTK,CIPLA,27-Oct-2016,530,CE,0,0,0,21.95,51.9,0,0,0,0,17-AUG-2016,
OPTSTK,CIPLA,27-Oct-2016,540,CE,0,0,0,17.6,46.35,0,0,0,0,17-AUG-2016,
OPTSTK,CIPLA,27-Oct-2016,550,CE,0,0,0,13.9,41.25,0,0,0,0,17-AUG-2016,
OPTSTK,CIPLA,27-Oct-2016,560,CE,0,0,0,10.85,36.55,0,0,0,0,17-AUG-2016,
OPTSTK,CIPLA,27-Oct-2016,570,CE,0,0,0,8.4,32.3,0,0,0,0,17-AUG-2016,
OPTSTK,CIPLA,27-Oct-2016,580,CE,0,0,0,6.35,28.4,0,0,0,0,17-AUG-2016,
OPTSTK,CIPLA,27-Oct-2016,590,CE,0,0,0,4.75,24.85,0,0,0,0,17-AUG-2016,
OPTSTK,CIPLA,27-Oct-2016,600,CE,0,0,0,3.5,21.7,0,0,0,0,17-AUG-2016,
OPTSTK,CIPLA,27-Oct-2016,610,CE,0,0,0,2.55,18.85,0,0,0,0,17-AUG-2016,
OPTSTK,CIPLA,27-Oct-2016,620,CE,0,0,0,1.85,16.4,0,0,0,0,17-AUG-2016,
OPTSTK,CIPLA,27-Oct-2016,630,CE,0,0,0,1.3,14.15,0,0,0,0,17-AUG-2016,
OPTSTK,CIPLA,27-Oct-2016,640,CE,0,0,0,0.95,12.15,0,0,0,0,17-AUG-2016,
OPTSTK,CIPLA,27-Oct-2016,650,CE,0,0,0,0.65,10.45,0,0,0,0,17-AUG-2016,
OPTSTK,CIPLA,27-Oct-2016,660,CE,0,0,0,0.45,8.95,0,0,0,0,17-AUG-2016,
OPTSTK,CIPLA,27-Oct-2016,670,CE,0,0,0,0.3,7.6,0,0,0,0,17-AUG-2016,
OPTSTK,CIPLA,27-Oct-2016,360,PE,0,0,0,0.05,0.15,0,0,0,0,17-AUG-2016,
OPTSTK,CIPLA,27-Oct-2016,370,PE,0,0,0,0.05,0.25,0,0,0,0,17-AUG-2016,
OPTSTK,CIPLA,27-Oct-2016,380,PE,0,0,0,0.05,0.4,0,0,0,0,17-AUG-2016,
OPTSTK,CIPLA,27-Oct-2016,390,PE,0,0,0,0.05,0.6,0,0,0,0,17-AUG-2016,
OPTSTK,CIPLA,27-Oct-2016,400,PE,0,0,0,0.1,0.85,0,0,0,0,17-AUG-2016,
OPTSTK,CIPLA,27-Oct-2016,410,PE,0,0,0,0.15,1.25,0,0,0,0,17-AUG-2016,
OPTSTK,CIPLA,27-Oct-2016,420,PE,0,0,0,0.25,1.75,0,0,0,0,17-AUG-2016,
OPTSTK,CIPLA,27-Oct-2016,430,PE,0,0,0,0.5,2.45,0,0,0,0,17-AUG-2016,
OPTSTK,CIPLA,27-Oct-2016,440,PE,0,0,0,0.85,3.3,0,0,0,0,17-AUG-2016,
OPTSTK,CIPLA,27-Oct-2016,450,PE,0,0,0,1.4,4.45,0,0,0,0,17-AUG-2016,
OPTSTK,CIPLA,27-Oct-2016,460,PE,0,0,0,2.25,5.8,0,0,0,0,17-AUG-2016,
OPTSTK,CIPLA,27-Oct-2016,470,PE,0,0,0,3.4,7.45,0,0,0,0,17-AUG-2016,
OPTSTK,CIPLA,27-Oct-2016,480,PE,0,0,0,5.05,9.45,0,0,0,0,17-AUG-2016,
OPTSTK,CIPLA,27-Oct-2016,490,PE,0,0,0,7.2,11.75,0,0,0,0,17-AUG-2016,
OPTSTK,CIPLA,27-Oct-2016,500,PE,0,0,0,9.9,14.45,0,0,0,0,17-AUG-2016,
OPTSTK,CIPLA,27-Oct-2016,510,PE,0,0,0,13.3,17.55,0,0,0,0,17-AUG-2016,
OPTSTK,CIPLA,27-Oct-2016,520,PE,0,0,0,17.4,21.05,0,0,0,0,17-AUG-2016,
OPTSTK,CIPLA,27-Oct-2016,530,PE,0,0,0,30,24.95,0,0,1000,0,17-AUG-2016,
OPTSTK,CIPLA,27-Oct-2016,540,PE,0,0,0,27.7,29.3,0,0,0,0,17-AUG-2016,
OPTSTK,CIPLA,27-Oct-2016,550,PE,0,0,0,33.85,34.05,0,0,0,0,17-AUG-2016,
OPTSTK,CIPLA,27-Oct-2016,560,PE,0,0,0,40.6,39.25,0,0,0,0,17-AUG-2016,
OPTSTK,CIPLA,27-Oct-2016,570,PE,0,0,0,47.95,44.85,0,0,0,0,17-AUG-2016,
OPTSTK,CIPLA,27-Oct-2016,580,PE,0,0,0,55.75,50.8,0,0,0,0,17-AUG-2016,
OPTSTK,CIPLA,27-Oct-2016,590,PE,0,0,0,63.95,57.15,0,0,0,0,17-AUG-2016,
OPTSTK,CIPLA,27-Oct-2016,600,PE,0,0,0,72.55,63.85,0,0,0,0,17-AUG-2016,
OPTSTK,CIPLA,27-Oct-2016,610,PE,0,0,0,81.45,70.9,0,0,0,0,17-AUG-2016,
OPTSTK,CIPLA,27-Oct-2016,620,PE,0,0,0,90.55,78.25,0,0,0,0,17-AUG-2016,
OPTSTK,CIPLA,27-Oct-2016,630,PE,0,0,0,99.85,85.9,0,0,0,0,17-AUG-2016,
OPTSTK,CIPLA,27-Oct-2016,640,PE,0,0,0,109.3,93.8,0,0,0,0,17-AUG-2016,
OPTSTK,CIPLA,27-Oct-2016,650,PE,0,0,0,118.85,101.95,0,0,0,0,17-AUG-2016,
OPTSTK,CIPLA,27-Oct-2016,660,PE,0,0,0,128.45,110.3,0,0,0,0,17-AUG-2016,
OPTSTK,CIPLA,27-Oct-2016,670,PE,0,0,0,138.15,118.85,0,0,0,0,17-AUG-2016,
OPTSTK,COALINDIA,25-Aug-2016,210,CE,0,0,0,74.65,138.15,0,0,0,0,17-AUG-2016,
OPTSTK,COALINDIA,25-Aug-2016,220,CE,0,0,0,64.85,128.15,0,0,0,0,17-AUG-2016,
OPTSTK,COALINDIA,25-Aug-2016,230,CE,0,0,0,55.15,118.15,0,0,0,0,17-AUG-2016,
OPTSTK,COALINDIA,25-Aug-2016,235,CE,0,0,0,80.6,113.15,0,0,0,0,17-AUG-2016,
OPTSTK,COALINDIA,25-Aug-2016,240,CE,0,0,0,45.7,108.2,0,0,0,0,17-AUG-2016,
OPTSTK,COALINDIA,25-Aug-2016,245,CE,0,0,0,70.7,103.2,0,0,0,0,17-AUG-2016,
OPTSTK,COALINDIA,25-Aug-2016,250,CE,0,0,0,36.65,98.2,0,0,0,0,17-AUG-2016,
OPTSTK,COALINDIA,25-Aug-2016,255,CE,0,0,0,60.9,93.2,0,0,0,0,17-AUG-2016,
OPTSTK,COALINDIA,25-Aug-2016,260,CE,0,0,0,28.3,88.2,0,0,0,0,17-AUG-2016,
OPTSTK,COALINDIA,25-Aug-2016,265,CE,0,0,0,51.25,83.2,0,0,0,0,17-AUG-2016,
OPTSTK,COALINDIA,25-Aug-2016,270,CE,0,0,0,20.95,78.2,0,0,0,0,17-AUG-2016,
OPTSTK,COALINDIA,25-Aug-2016,275,CE,0,0,0,41.9,73.25,0,0,0,0,17-AUG-2016,
OPTSTK,COALINDIA,25-Aug-2016,280,CE,0,0,0,14.85,68.25,0,0,0,0,17-AUG-2016,
OPTSTK,COALINDIA,25-Aug-2016,285,CE,0,0,0,33.1,63.25,0,0,0,0,17-AUG-2016,
OPTSTK,COALINDIA,25-Aug-2016,290,CE,0,0,0,43,58.25,0,0,1700,0,17-AUG-2016,
OPTSTK,COALINDIA,25-Aug-2016,295,CE,0,0,0,25.15,53.25,0,0,0,0,17-AUG-2016,
OPTSTK,COALINDIA,25-Aug-2016,300,CE,0,0,0,32.4,48.25,0,0,6800,0,17-AUG-2016,
OPTSTK,COALINDIA,25-Aug-2016,305,CE,0,0,0,18.3,43.3,0,0,0,0,17-AUG-2016,
OPTSTK,COALINDIA,25-Aug-2016,310,CE,35.6,35.6,35.6,35.6,35.6,1,5.87,15300,0,17-AUG-2016,
OPTSTK,COALINDIA,25-Aug-2016,315,CE,0,0,0,12.9,33.3,0,0,1700,0,17-AUG-2016,
OPTSTK,COALINDIA,25-Aug-2016,320,CE,26,29.05,26,29,29,4,23.63,49300,-6800,17-AUG-2016,
OPTSTK,COALINDIA,25-Aug-2016,325,CE,0,0,0,13.25,23.5,0,0,18700,0,17-AUG-2016,
OPTSTK,COALINDIA,25-Aug-2016,330,CE,13,20,13,18.55,18.55,47,277.13,227800,-35700,17-AUG-2016,
OPTSTK,COALINDIA,25-Aug-2016,335,CE,9,15.15,9,13.1,13.1,31,183.03,86700,-10200,17-AUG-2016,
OPTSTK,COALINDIA,25-Aug-2016,340,CE,5.5,11.55,4.9,9.1,9.1,486,2876.82,372300,-158100,17-AUG-2016,
OPTSTK,COALINDIA,25-Aug-2016,345,CE,3.3,8,3.3,6.1,6.1,268,1599.25,57800,-56100,17-AUG-2016,
OPTSTK,COALINDIA,25-Aug-2016,350,CE,2.05,5.3,2,3.85,3.85,1256,7557.47,528700,-32300,17-AUG-2016,
OPTSTK,COALINDIA,25-Aug-2016,355,CE,1.25,3.4,1.25,2.25,2.25,135,820.43,98600,64600,17-AUG-2016,
OPTSTK,COALINDIA,25-Aug-2016,360,CE,0.75,2,0.75,1.4,1.4,461,2833.08,287300,139400,17-AUG-2016,
OPTSTK,COALINDIA,25-Aug-2016,365,CE,0.9,1.2,0.8,0.9,0.9,13,80.89,15300,8500,17-AUG-2016,
OPTSTK,COALINDIA,25-Aug-2016,370,CE,0.4,0.7,0.4,0.5,0.5,45,283.43,64600,25500,17-AUG-2016,
OPTSTK,COALINDIA,25-Aug-2016,375,CE,0,0,0,0.5,0.2,0,0,0,0,17-AUG-2016,
OPTSTK,COALINDIA,25-Aug-2016,380,CE,0.3,0.3,0.2,0.3,0.3,8,51.71,34000,0,17-AUG-2016,
OPTSTK,COALINDIA,25-Aug-2016,385,CE,0,0,0,0.25,0.05,0,0,0,0,17-AUG-2016,
OPTSTK,COALINDIA,25-Aug-2016,390,CE,0,0,0,0.25,0.05,0,0,1700,0,17-AUG-2016,
OPTSTK,COALINDIA,25-Aug-2016,395,CE,0,0,0,0.15,0,0,0,0,0,17-AUG-2016,
OPTSTK,COALINDIA,25-Aug-2016,400,CE,0,0,0,0.05,0,0,0,0,0,17-AUG-2016,
OPTSTK,COALINDIA,25-Aug-2016,210,PE,0,0,0,0.05,0,0,0,0,0,17-AUG-2016,
OPTSTK,COALINDIA,25-Aug-2016,220,PE,0,0,0,0.05,0,0,0,0,0,17-AUG-2016,
OPTSTK,COALINDIA,25-Aug-2016,230,PE,0,0,0,0.2,0,0,0,0,0,17-AUG-2016,
OPTSTK,COALINDIA,25-Aug-2016,235,PE,0,0,0,0.05,0,0,0,0,0,17-AUG-2016,
OPTSTK,COALINDIA,25-Aug-2016,240,PE,0,0,0,0.55,0,0,0,0,0,17-AUG-2016,
OPTSTK,COALINDIA,25-Aug-2016,245,PE,0,0,0,0.05,0,0,0,0,0,17-AUG-2016,
OPTSTK,COALINDIA,25-Aug-2016,250,PE,0,0,0,1.35,0,0,0,0,0,17-AUG-2016,
OPTSTK,COALINDIA,25-Aug-2016,255,PE,0,0,0,0.15,0,0,0,0,0,17-AUG-2016,
OPTSTK,COALINDIA,25-Aug-2016,260,PE,0,0,0,2.85,0,0,0,0,0,17-AUG-2016,
OPTSTK,COALINDIA,25-Aug-2016,265,PE,0,0,0,0.35,0,0,0,0,0,17-AUG-2016,
OPTSTK,COALINDIA,25-Aug-2016,270,PE,0,0,0,5.3,0,0,0,0,0,17-AUG-2016,
OPTSTK,COALINDIA,25-Aug-2016,275,PE,0,0,0,0.9,0,0,0,0,0,17-AUG-2016,
OPTSTK,COALINDIA,25-Aug-2016,280,PE,0,0,0,9,0,0,0,0,0,17-AUG-2016,
OPTSTK,COALINDIA,25-Aug-2016,285,PE,0,0,0,2,0,0,0,0,0,17-AUG-2016,
OPTSTK,COALINDIA,25-Aug-2016,290,PE,0,0,0,0.55,0,0,0,10200,0,17-AUG-2016,
OPTSTK,COALINDIA,25-Aug-2016,295,PE,0,0,0,0.6,0,0,0,3400,0,17-AUG-2016,
OPTSTK,COALINDIA,25-Aug-2016,300,PE,0,0,0,0.1,0,0,0,49300,0,17-AUG-2016,
OPTSTK,COALINDIA,25-Aug-2016,305,PE,0.05,0.1,0.05,0.1,0.1,5,25.93,15300,-8500,17-AUG-2016,
OPTSTK,COALINDIA,25-Aug-2016,310,PE,0.1,0.15,0.05,0.05,0.05,8,42.17,134300,-11900,17-AUG-2016,
OPTSTK,COALINDIA,25-Aug-2016,315,PE,0.25,0.25,0.1,0.15,0.15,14,75,81600,-17000,17-AUG-2016,
OPTSTK,COALINDIA,25-Aug-2016,320,PE,0.35,0.35,0.15,0.15,0.15,44,239.53,146200,-23800,17-AUG-2016,
OPTSTK,COALINDIA,25-Aug-2016,325,PE,0.85,0.85,0.25,0.25,0.25,24,132.78,144500,3400,17-AUG-2016,
OPTSTK,COALINDIA,25-Aug-2016,330,PE,1.3,1.3,0.45,0.5,0.5,213,1197.66,314500,8500,17-AUG-2016,
OPTSTK,COALINDIA,25-Aug-2016,335,PE,2.6,2.7,0.85,1.05,1.05,76,434.74,163200,35700,17-AUG-2016,
OPTSTK,COALINDIA,25-Aug-2016,340,PE,4.3,4.55,1.7,2.05,2.05,328,1910.79,326400,302600,17-AUG-2016,
OPTSTK,COALINDIA,25-Aug-2016,345,PE,5.5,5.55,3.1,3.7,3.7,110,652.66,83300,79900,17-AUG-2016,
OPTSTK,COALINDIA,25-Aug-2016,350,PE,8.5,8.5,5.5,6.35,6.35,51,309.02,52700,51000,17-AUG-2016,
OPTSTK,COALINDIA,25-Aug-2016,355,PE,9.35,9.35,9.35,9.35,9.35,1,6.19,1700,1700,17-AUG-2016,
OPTSTK,COALINDIA,25-Aug-2016,360,PE,15,15,15,15,15,1,6.37,13600,0,17-AUG-2016,
OPTSTK,COALINDIA,25-Aug-2016,365,PE,0,0,0,49,17.45,0,0,0,0,17-AUG-2016,
OPTSTK,COALINDIA,25-Aug-2016,370,PE,0,0,0,82.65,22.05,0,0,0,0,17-AUG-2016,
OPTSTK,COALINDIA,25-Aug-2016,375,PE,0,0,0,58.45,26.8,0,0,0,0,17-AUG-2016,
OPTSTK,COALINDIA,25-Aug-2016,380,PE,0,0,0,48.5,31.7,0,0,1700,0,17-AUG-2016,
OPTSTK,COALINDIA,25-Aug-2016,385,PE,0,0,0,68.05,36.65,0,0,0,0,17-AUG-2016,
OPTSTK,COALINDIA,25-Aug-2016,390,PE,0,0,0,102.25,41.65,0,0,0,0,17-AUG-2016,
OPTSTK,COALINDIA,25-Aug-2016,395,PE,0,0,0,77.85,46.65,0,0,0,0,17-AUG-2016,
OPTSTK,COALINDIA,25-Aug-2016,400,PE,0,0,0,67.05,51.6,0,0,17000,0,17-AUG-2016,
OPTSTK,COALINDIA,29-Sep-2016,215,CE,0,0,0,101.8,134.55,0,0,0,0,17-AUG-2016,
OPTSTK,COALINDIA,29-Sep-2016,220,CE,0,0,0,96.9,129.6,0,0,0,0,17-AUG-2016,
OPTSTK,COALINDIA,29-Sep-2016,225,CE,0,0,0,92,124.65,0,0,0,0,17-AUG-2016,
OPTSTK,COALINDIA,29-Sep-2016,230,CE,0,0,0,87.1,119.7,0,0,0,0,17-AUG-2016,
OPTSTK,COALINDIA,29-Sep-2016,235,CE,0,0,0,82.25,114.7,0,0,0,0,17-AUG-2016,
OPTSTK,COALINDIA,29-Sep-2016,240,CE,0,0,0,77.4,109.75,0,0,0,0,17-AUG-2016,
OPTSTK,COALINDIA,29-Sep-2016,245,CE,0,0,0,72.55,104.8,0,0,0,0,17-AUG-2016,
OPTSTK,COALINDIA,29-Sep-2016,250,CE,0,0,0,67.75,99.85,0,0,0,0,17-AUG-2016,
OPTSTK,COALINDIA,29-Sep-2016,255,CE,0,0,0,63,94.9,0,0,0,0,17-AUG-2016,
OPTSTK,COALINDIA,29-Sep-2016,260,CE,0,0,0,58.3,89.95,0,0,0,0,17-AUG-2016,
OPTSTK,COALINDIA,29-Sep-2016,265,CE,0,0,0,53.7,84.95,0,0,0,0,17-AUG-2016,
OPTSTK,COALINDIA,29-Sep-2016,270,CE,0,0,0,49.2,80,0,0,0,0,17-AUG-2016,
OPTSTK,COALINDIA,29-Sep-2016,275,CE,0,0,0,44.85,75.1,0,0,0,0,17-AUG-2016,
OPTSTK,COALINDIA,29-Sep-2016,280,CE,0,0,0,40.65,70.15,0,0,0,0,17-AUG-2016,
OPTSTK,COALINDIA,29-Sep-2016,285,CE,0,0,0,36.6,65.25,0,0,0,0,17-AUG-2016,
OPTSTK,COALINDIA,29-Sep-2016,290,CE,0,0,0,32.75,60.35,0,0,0,0,17-AUG-2016,
OPTSTK,COALINDIA,29-Sep-2016,295,CE,0,0,0,29.15,55.5,0,0,0,0,17-AUG-2016,
OPTSTK,COALINDIA,29-Sep-2016,300,CE,0,0,0,25.75,50.75,0,0,0,0,17-AUG-2016,
OPTSTK,COALINDIA,29-Sep-2016,305,CE,0,0,0,22.55,46.05,0,0,0,0,17-AUG-2016,
OPTSTK,COALINDIA,29-Sep-2016,310,CE,0,0,0,19.65,41.5,0,0,0,0,17-AUG-2016,
OPTSTK,COALINDIA,29-Sep-2016,315,CE,0,0,0,17,37.05,0,0,0,0,17-AUG-2016,
OPTSTK,COALINDIA,29-Sep-2016,320,CE,31.9,31.9,31.9,31.9,31.9,1,5.98,1700,1700,17-AUG-2016,
OPTSTK,COALINDIA,29-Sep-2016,325,CE,0,0,0,12.5,28.8,0,0,0,0,17-AUG-2016,
OPTSTK,COALINDIA,29-Sep-2016,330,CE,0,0,0,11.15,25.05,0,0,3400,0,17-AUG-2016,
OPTSTK,COALINDIA,29-Sep-2016,335,CE,18.5,18.5,18.5,18.5,18.5,1,6,1700,0,17-AUG-2016,
OPTSTK,COALINDIA,29-Sep-2016,340,CE,0,0,0,5.9,18.3,0,0,1700,0,17-AUG-2016,
OPTSTK,COALINDIA,29-Sep-2016,345,CE,0,0,0,6.2,15.4,0,0,0,0,17-AUG-2016,
OPTSTK,COALINDIA,29-Sep-2016,350,CE,10.25,12,10.25,12,12,3,18.4,28900,3400,17-AUG-2016,
OPTSTK,COALINDIA,29-Sep-2016,355,CE,0,0,0,4.2,10.55,0,0,0,0,17-AUG-2016,
OPTSTK,COALINDIA,29-Sep-2016,360,CE,5.35,7.4,5.35,7.4,7.4,23,143.11,40800,37400,17-AUG-2016,
OPTSTK,COALINDIA,29-Sep-2016,365,CE,0,0,0,2.75,6.9,0,0,0,0,17-AUG-2016,
OPTSTK,COALINDIA,29-Sep-2016,370,CE,4.5,4.5,4.5,4.5,4.5,1,6.36,1700,1700,17-AUG-2016,
OPTSTK,COALINDIA,29-Sep-2016,375,CE,0,0,0,1.8,4.3,0,0,0,0,17-AUG-2016,
OPTSTK,COALINDIA,29-Sep-2016,380,CE,0,0,0,1.4,3.35,0,0,0,0,17-AUG-2016,
OPTSTK,COALINDIA,29-Sep-2016,385,CE,0,0,0,1.1,2.55,0,0,0,0,17-AUG-2016,
OPTSTK,COALINDIA,29-Sep-2016,390,CE,0,0,0,0.9,1.95,0,0,0,0,17-AUG-2016,
OPTSTK,COALINDIA,29-Sep-2016,395,CE,0,0,0,0.7,1.45,0,0,0,0,17-AUG-2016,
OPTSTK,COALINDIA,29-Sep-2016,400,CE,0,0,0,0.55,1.1,0,0,0,0,17-AUG-2016,
OPTSTK,COALINDIA,29-Sep-2016,215,PE,0,0,0,0.05,0,0,0,0,0,17-AUG-2016,
OPTSTK,COALINDIA,29-Sep-2016,220,PE,0,0,0,0.05,0,0,0,0,0,17-AUG-2016,
OPTSTK,COALINDIA,29-Sep-2016,225,PE,0,0,0,0.05,0,0,0,0,0,17-AUG-2016,
OPTSTK,COALINDIA,29-Sep-2016,230,PE,0,0,0,0.05,0,0,0,0,0,17-AUG-2016,
OPTSTK,COALINDIA,29-Sep-2016,235,PE,0,0,0,0.1,0,0,0,0,0,17-AUG-2016,
OPTSTK,COALINDIA,29-Sep-2016,240,PE,0,0,0,0.15,0,0,0,0,0,17-AUG-2016,
OPTSTK,COALINDIA,29-Sep-2016,245,PE,0,0,0,0.2,0,0,0,0,0,17-AUG-2016,
OPTSTK,COALINDIA,29-Sep-2016,250,PE,0,0,0,0.3,0,0,0,0,0,17-AUG-2016,
OPTSTK,COALINDIA,29-Sep-2016,255,PE,0,0,0,0.5,0,0,0,0,0,17-AUG-2016,
OPTSTK,COALINDIA,29-Sep-2016,260,PE,0,0,0,0.7,0,0,0,0,0,17-AUG-2016,
OPTSTK,COALINDIA,29-Sep-2016,265,PE,0,0,0,1,0.05,0,0,0,0,17-AUG-2016,
OPTSTK,COALINDIA,29-Sep-2016,270,PE,0,0,0,1.45,0.05,0,0,0,0,17-AUG-2016,
OPTSTK,COALINDIA,29-Sep-2016,275,PE,0,0,0,2,0.05,0,0,0,0,17-AUG-2016,
OPTSTK,COALINDIA,29-Sep-2016,280,PE,0,0,0,2.7,0.1,0,0,0,0,17-AUG-2016,
OPTSTK,COALINDIA,29-Sep-2016,285,PE,0,0,0,3.55,0.1,0,0,0,0,17-AUG-2016,
OPTSTK,COALINDIA,29-Sep-2016,290,PE,0,0,0,4.65,0.2,0,0,0,0,17-AUG-2016,
OPTSTK,COALINDIA,29-Sep-2016,295,PE,0,0,0,5.95,0.3,0,0,0,0,17-AUG-2016,
OPTSTK,COALINDIA,29-Sep-2016,300,PE,0,0,0,7.45,0.5,0,0,0,0,17-AUG-2016,
OPTSTK,COALINDIA,29-Sep-2016,305,PE,0,0,0,9.2,0.8,0,0,0,0,17-AUG-2016,
OPTSTK,COALINDIA,29-Sep-2016,310,PE,1.5,1.5,1.5,1.5,1.5,1,5.29,5100,0,17-AUG-2016,
OPTSTK,COALINDIA,29-Sep-2016,315,PE,0,0,0,13.45,1.7,0,0,0,0,17-AUG-2016,
OPTSTK,COALINDIA,29-Sep-2016,320,PE,1.85,1.85,1.85,1.85,1.85,1,5.47,5100,1700,17-AUG-2016,
OPTSTK,COALINDIA,29-Sep-2016,325,PE,3.75,3.75,3.75,3.75,3.75,3,16.76,5100,5100,17-AUG-2016,
OPTSTK,COALINDIA,29-Sep-2016,330,PE,3.6,3.6,3.6,3.6,3.6,2,11.34,5100,3400,17-AUG-2016,
OPTSTK,COALINDIA,29-Sep-2016,335,PE,0,0,0,25,6,0,0,0,0,17-AUG-2016,
OPTSTK,COALINDIA,29-Sep-2016,340,PE,0,0,0,28.45,7.75,0,0,0,0,17-AUG-2016,
OPTSTK,COALINDIA,29-Sep-2016,345,PE,10.75,10.75,10.75,10.75,10.75,1,6.04,1700,1700,17-AUG-2016,
OPTSTK,COALINDIA,29-Sep-2016,350,PE,13,13,12,12,12,2,12.32,11900,3400,17-AUG-2016,
OPTSTK,COALINDIA,29-Sep-2016,355,PE,0,0,0,21.3,14.85,0,0,8500,0,17-AUG-2016,
OPTSTK,COALINDIA,29-Sep-2016,360,PE,19.15,19.15,17.9,17.9,17.9,3,19.29,8500,3400,17-AUG-2016,
OPTSTK,COALINDIA,29-Sep-2016,365,PE,0,0,0,48.3,21.15,0,0,0,0,17-AUG-2016,
OPTSTK,COALINDIA,29-Sep-2016,370,PE,0,0,0,52.7,24.7,0,0,0,0,17-AUG-2016,
OPTSTK,COALINDIA,29-Sep-2016,375,PE,0,0,0,57.15,28.45,0,0,0,0,17-AUG-2016,
OPTSTK,COALINDIA,29-Sep-2016,380,PE,0,0,0,61.7,32.45,0,0,0,0,17-AUG-2016,
OPTSTK,COALINDIA,29-Sep-2016,385,PE,0,0,0,66.3,36.65,0,0,0,0,17-AUG-2016,
OPTSTK,COALINDIA,29-Sep-2016,390,PE,0,0,0,71,41,0,0,0,0,17-AUG-2016,
OPTSTK,COALINDIA,29-Sep-2016,395,PE,0,0,0,75.7,45.45,0,0,0,0,17-AUG-2016,
OPTSTK,COALINDIA,29-Sep-2016,400,PE,0,0,0,80.5,50.05,0,0,0,0,17-AUG-2016,
OPTSTK,COALINDIA,27-Oct-2016,230,CE,0,0,0,103.95,120.9,0,0,0,0,17-AUG-2016,
OPTSTK,COALINDIA,27-Oct-2016,235,CE,0,0,0,99.1,115.95,0,0,0,0,17-AUG-2016,
OPTSTK,COALINDIA,27-Oct-2016,240,CE,0,0,0,94.2,111,0,0,0,0,17-AUG-2016,
OPTSTK,COALINDIA,27-Oct-2016,245,CE,0,0,0,89.4,106.1,0,0,0,0,17-AUG-2016,
OPTSTK,COALINDIA,27-Oct-2016,250,CE,0,0,0,84.55,101.15,0,0,0,0,17-AUG-2016,
OPTSTK,COALINDIA,27-Oct-2016,255,CE,0,0,0,79.8,96.25,0,0,0,0,17-AUG-2016,
OPTSTK,COALINDIA,27-Oct-2016,260,CE,0,0,0,75.05,91.35,0,0,0,0,17-AUG-2016,
OPTSTK,COALINDIA,27-Oct-2016,265,CE,0,0,0,70.4,86.45,0,0,0,0,17-AUG-2016,
OPTSTK,COALINDIA,27-Oct-2016,270,CE,0,0,0,65.8,81.55,0,0,0,0,17-AUG-2016,
OPTSTK,COALINDIA,27-Oct-2016,275,CE,0,0,0,61.3,76.7,0,0,0,0,17-AUG-2016,
OPTSTK,COALINDIA,27-Oct-2016,280,CE,0,0,0,56.9,71.85,0,0,0,0,17-AUG-2016,
OPTSTK,COALINDIA,27-Oct-2016,285,CE,0,0,0,52.6,67.1,0,0,0,0,17-AUG-2016,
OPTSTK,COALINDIA,27-Oct-2016,290,CE,0,0,0,48.45,62.4,0,0,0,0,17-AUG-2016,
OPTSTK,COALINDIA,27-Oct-2016,295,CE,0,0,0,44.45,57.75,0,0,0,0,17-AUG-2016,
OPTSTK,COALINDIA,27-Oct-2016,300,CE,0,0,0,40.6,53.2,0,0,0,0,17-AUG-2016,
OPTSTK,COALINDIA,27-Oct-2016,305,CE,0,0,0,36.95,48.8,0,0,0,0,17-AUG-2016,
OPTSTK,COALINDIA,27-Oct-2016,310,CE,0,0,0,33.5,44.5,0,0,0,0,17-AUG-2016,
OPTSTK,COALINDIA,27-Oct-2016,315,CE,0,0,0,30.2,40.35,0,0,0,0,17-AUG-2016,
OPTSTK,COALINDIA,27-Oct-2016,320,CE,0,0,0,27.15,36.4,0,0,0,0,17-AUG-2016,
OPTSTK,COALINDIA,27-Oct-2016,325,CE,0,0,0,24.25,32.65,0,0,0,0,17-AUG-2016,
OPTSTK,COALINDIA,27-Oct-2016,330,CE,0,0,0,21.6,29.1,0,0,0,0,17-AUG-2016,
OPTSTK,COALINDIA,27-Oct-2016,335,CE,0,0,0,19.15,25.8,0,0,0,0,17-AUG-2016,
OPTSTK,COALINDIA,27-Oct-2016,340,CE,0,0,0,16.9,22.7,0,0,0,0,17-AUG-2016,
OPTSTK,COALINDIA,27-Oct-2016,345,CE,0,0,0,14.9,19.85,0,0,0,0,17-AUG-2016,
OPTSTK,COALINDIA,27-Oct-2016,350,CE,0,0,0,13,17.3,0,0,0,0,17-AUG-2016,
OPTSTK,COALINDIA,27-Oct-2016,355,CE,0,0,0,11.35,14.9,0,0,0,0,17-AUG-2016,
OPTSTK,COALINDIA,27-Oct-2016,360,CE,0,0,0,9.85,12.8,0,0,0,0,17-AUG-2016,
OPTSTK,COALINDIA,27-Oct-2016,365,CE,0,0,0,8.5,10.9,0,0,0,0,17-AUG-2016,
OPTSTK,COALINDIA,27-Oct-2016,370,CE,0,0,0,7.35,9.25,0,0,0,0,17-AUG-2016,
OPTSTK,COALINDIA,27-Oct-2016,375,CE,0,0,0,6.3,7.8,0,0,0,0,17-AUG-2016,
OPTSTK,COALINDIA,27-Oct-2016,380,CE,0,0,0,5.4,6.55,0,0,0,0,17-AUG-2016,
OPTSTK,COALINDIA,27-Oct-2016,385,CE,0,0,0,4.6,5.45,0,0,0,0,17-AUG-2016,
OPTSTK,COALINDIA,27-Oct-2016,390,CE,0,0,0,3.9,4.5,0,0,0,0,17-AUG-2016,
OPTSTK,COALINDIA,27-Oct-2016,395,CE,0,0,0,3.3,3.7,0,0,0,0,17-AUG-2016,
OPTSTK,COALINDIA,27-Oct-2016,400,CE,0,0,0,2.75,3,0,0,0,0,17-AUG-2016,
OPTSTK,COALINDIA,27-Oct-2016,230,PE,0,0,0,0.05,0,0,0,0,0,17-AUG-2016,
OPTSTK,COALINDIA,27-Oct-2016,235,PE,0,0,0,0.1,0,0,0,0,0,17-AUG-2016,
OPTSTK,COALINDIA,27-Oct-2016,240,PE,0,0,0,0.15,0,0,0,0,0,17-AUG-2016,
OPTSTK,COALINDIA,27-Oct-2016,245,PE,0,0,0,0.2,0.05,0,0,0,0,17-AUG-2016,
OPTSTK,COALINDIA,27-Oct-2016,250,PE,0,0,0,0.3,0.05,0,0,0,0,17-AUG-2016,
OPTSTK,COALINDIA,27-Oct-2016,255,PE,0,0,0,0.45,0.05,0,0,0,0,17-AUG-2016,
OPTSTK,COALINDIA,27-Oct-2016,260,PE,0,0,0,0.65,0.05,0,0,0,0,17-AUG-2016,
OPTSTK,COALINDIA,27-Oct-2016,265,PE,0,0,0,0.9,0.1,0,0,0,0,17-AUG-2016,
OPTSTK,COALINDIA,27-Oct-2016,270,PE,0,0,0,1.2,0.15,0,0,0,0,17-AUG-2016,
OPTSTK,COALINDIA,27-Oct-2016,275,PE,0,0,0,1.6,0.2,0,0,0,0,17-AUG-2016,
OPTSTK,COALINDIA,27-Oct-2016,280,PE,0,0,0,2.1,0.35,0,0,0,0,17-AUG-2016,
OPTSTK,COALINDIA,27-Oct-2016,285,PE,0,0,0,2.75,0.5,0,0,0,0,17-AUG-2016,
OPTSTK,COALINDIA,27-Oct-2016,290,PE,0,0,0,3.5,0.7,0,0,0,0,17-AUG-2016,
OPTSTK,COALINDIA,27-Oct-2016,295,PE,0,0,0,4.45,1,0,0,0,0,17-AUG-2016,
OPTSTK,COALINDIA,27-Oct-2016,300,PE,0,0,0,5.5,1.4,0,0,0,0,17-AUG-2016,
OPTSTK,COALINDIA,27-Oct-2016,305,PE,0,0,0,6.8,1.9,0,0,0,0,17-AUG-2016,
OPTSTK,COALINDIA,27-Oct-2016,310,PE,0,0,0,8.2,2.55,0,0,0,0,17-AUG-2016,
OPTSTK,COALINDIA,27-Oct-2016,315,PE,0,0,0,9.85,3.35,0,0,0,0,17-AUG-2016,
OPTSTK,COALINDIA,27-Oct-2016,320,PE,0,0,0,11.7,4.35,0,0,0,0,17-AUG-2016,
OPTSTK,COALINDIA,27-Oct-2016,325,PE,0,0,0,13.75,5.55,0,0,0,0,17-AUG-2016,
OPTSTK,COALINDIA,27-Oct-2016,330,PE,0,0,0,16,6.9,0,0,0,0,17-AUG-2016,
OPTSTK,COALINDIA,27-Oct-2016,335,PE,0,0,0,18.45,8.55,0,0,0,0,17-AUG-2016,
OPTSTK,COALINDIA,27-Oct-2016,340,PE,0,0,0,21.15,10.4,0,0,0,0,17-AUG-2016,
OPTSTK,COALINDIA,27-Oct-2016,345,PE,0,0,0,24,12.45,0,0,0,0,17-AUG-2016,
OPTSTK,COALINDIA,27-Oct-2016,350,PE,0,0,0,27.05,14.8,0,0,0,0,17-AUG-2016,
OPTSTK,COALINDIA,27-Oct-2016,355,PE,0,0,0,30.3,17.4,0,0,0,0,17-AUG-2016,
OPTSTK,COALINDIA,27-Oct-2016,360,PE,0,0,0,33.7,20.2,0,0,0,0,17-AUG-2016,
OPTSTK,COALINDIA,27-Oct-2016,365,PE,0,0,0,37.3,23.25,0,0,0,0,17-AUG-2016,
OPTSTK,COALINDIA,27-Oct-2016,370,PE,0,0,0,41.05,26.5,0,0,0,0,17-AUG-2016,
OPTSTK,COALINDIA,27-Oct-2016,375,PE,0,0,0,44.9,30,0,0,0,0,17-AUG-2016,
OPTSTK,COALINDIA,27-Oct-2016,380,PE,0,0,0,48.9,33.65,0,0,0,0,17-AUG-2016,
OPTSTK,COALINDIA,27-Oct-2016,385,PE,0,0,0,53,37.5,0,0,0,0,17-AUG-2016,
OPTSTK,COALINDIA,27-Oct-2016,390,PE,0,0,0,57.25,41.5,0,0,0,0,17-AUG-2016,
OPTSTK,COALINDIA,27-Oct-2016,395,PE,0,0,0,61.55,45.6,0,0,0,0,17-AUG-2016,
OPTSTK,COALINDIA,27-Oct-2016,400,PE,0,0,0,65.95,49.9,0,0,0,0,17-AUG-2016,
OPTSTK,COLPAL,25-Aug-2016,600,CE,0,0,0,246.25,373.3,0,0,0,0,17-AUG-2016,
OPTSTK,COLPAL,25-Aug-2016,620,CE,0,0,0,226.6,353.35,0,0,0,0,17-AUG-2016,
OPTSTK,COLPAL,25-Aug-2016,640,CE,0,0,0,207,333.4,0,0,0,0,17-AUG-2016,
OPTSTK,COLPAL,25-Aug-2016,660,CE,0,0,0,187.4,313.4,0,0,0,0,17-AUG-2016,
OPTSTK,COLPAL,25-Aug-2016,680,CE,0,0,0,168,293.45,0,0,0,0,17-AUG-2016,
OPTSTK,COLPAL,25-Aug-2016,700,CE,0,0,0,148.75,273.45,0,0,0,0,17-AUG-2016,
OPTSTK,COLPAL,25-Aug-2016,720,CE,0,0,0,129.9,253.5,0,0,0,0,17-AUG-2016,
OPTSTK,COLPAL,25-Aug-2016,730,CE,0,0,0,196.5,243.5,0,0,0,0,17-AUG-2016,
OPTSTK,COLPAL,25-Aug-2016,740,CE,0,0,0,111.6,233.55,0,0,0,0,17-AUG-2016,
OPTSTK,COLPAL,25-Aug-2016,750,CE,0,0,0,176.8,223.55,0,0,0,0,17-AUG-2016,
OPTSTK,COLPAL,25-Aug-2016,760,CE,0,0,0,94.2,213.55,0,0,0,0,17-AUG-2016,
OPTSTK,COLPAL,25-Aug-2016,770,CE,0,0,0,157.15,203.55,0,0,0,0,17-AUG-2016,
OPTSTK,COLPAL,25-Aug-2016,780,CE,0,0,0,77.95,193.6,0,0,0,0,17-AUG-2016,
OPTSTK,COLPAL,25-Aug-2016,790,CE,0,0,0,137.75,183.6,0,0,0,0,17-AUG-2016,
OPTSTK,COLPAL,25-Aug-2016,800,CE,0,0,0,63.15,173.6,0,0,0,0,17-AUG-2016,
OPTSTK,COLPAL,25-Aug-2016,810,CE,0,0,0,118.65,163.65,0,0,0,0,17-AUG-2016,
OPTSTK,COLPAL,25-Aug-2016,820,CE,0,0,0,49.95,153.65,0,0,0,0,17-AUG-2016,
OPTSTK,COLPAL,25-Aug-2016,830,CE,0,0,0,100.25,143.7,0,0,0,0,17-AUG-2016,
OPTSTK,COLPAL,25-Aug-2016,840,CE,0,0,0,38.6,133.75,0,0,0,0,17-AUG-2016,
OPTSTK,COLPAL,25-Aug-2016,850,CE,0,0,0,82.75,123.8,0,0,0,0,17-AUG-2016,
OPTSTK,COLPAL,25-Aug-2016,860,CE,0,0,0,29.1,113.9,0,0,0,0,17-AUG-2016,
OPTSTK,COLPAL,25-Aug-2016,870,CE,0,0,0,66.6,104.1,0,0,0,0,17-AUG-2016,
OPTSTK,COLPAL,25-Aug-2016,880,CE,0,0,0,21.4,94.35,0,0,0,0,17-AUG-2016,
OPTSTK,COLPAL,25-Aug-2016,890,CE,0,0,0,52.1,84.8,0,0,0,0,17-AUG-2016,
OPTSTK,COLPAL,25-Aug-2016,900,CE,0,0,0,15.35,75.5,0,0,0,0,17-AUG-2016,
OPTSTK,COLPAL,25-Aug-2016,910,CE,0,0,0,90,66.45,0,0,700,0,17-AUG-2016,
OPTSTK,COLPAL,25-Aug-2016,920,CE,0,0,0,63,57.8,0,0,2100,0,17-AUG-2016,
OPTSTK,COLPAL,25-Aug-2016,930,CE,0,0,0,29.05,49.65,0,0,0,0,17-AUG-2016,
OPTSTK,COLPAL,25-Aug-2016,940,CE,0,0,0,26,42.05,0,0,14000,0,17-AUG-2016,
OPTSTK,COLPAL,25-Aug-2016,950,CE,27.15,27.15,27.15,27.15,27.15,1,6.84,3500,700,17-AUG-2016,
OPTSTK,COLPAL,25-Aug-2016,960,CE,13.75,15,13.75,15,15,6,40.91,11200,0,17-AUG-2016,
OPTSTK,COLPAL,25-Aug-2016,970,CE,7,18,7,18,18,4,27.45,7700,-1400,17-AUG-2016,
OPTSTK,COLPAL,25-Aug-2016,980,CE,8,12,8,11.95,11.95,4,27.71,15400,-700,17-AUG-2016,
OPTSTK,COLPAL,25-Aug-2016,990,CE,7,9.8,7,9.8,9.8,2,13.97,2800,0,17-AUG-2016,
OPTSTK,COLPAL,25-Aug-2016,1000,CE,9,9,4,7.5,7.5,25,176.19,95200,-1400,17-AUG-2016,
OPTSTK,COLPAL,25-Aug-2016,1010,CE,4.5,4.5,4.5,4.5,4.5,1,7.1,2800,700,17-AUG-2016,
OPTSTK,COLPAL,25-Aug-2016,1020,CE,2.5,2.5,2,2,2,4,28.62,30800,-2800,17-AUG-2016,
OPTSTK,COLPAL,25-Aug-2016,1030,CE,0,0,0,7,4.4,0,0,1400,0,17-AUG-2016,
OPTSTK,COLPAL,25-Aug-2016,1040,CE,1.05,1.05,1,1.05,1.05,7,51.01,10500,-3500,17-AUG-2016,
OPTSTK,COLPAL,25-Aug-2016,1050,CE,1.35,1.35,1.1,1.1,1.1,4,29.43,59500,-1400,17-AUG-2016,
OPTSTK,COLPAL,25-Aug-2016,1060,CE,0,0,0,2.3,1.5,0,0,700,0,17-AUG-2016,
OPTSTK,COLPAL,25-Aug-2016,1070,CE,0,0,0,1.3,1,0,0,0,0,17-AUG-2016,
OPTSTK,COLPAL,25-Aug-2016,1080,CE,0,0,0,0.3,0.65,0,0,0,0,17-AUG-2016,
OPTSTK,COLPAL,25-Aug-2016,1090,CE,0,0,0,0.75,0.45,0,0,0,0,17-AUG-2016,
OPTSTK,COLPAL,25-Aug-2016,1100,CE,0.5,0.5,0.5,0.5,0.5,3,23.11,45500,-2100,17-AUG-2016,
OPTSTK,COLPAL,25-Aug-2016,1110,CE,0,0,0,0.4,0.2,0,0,0,0,17-AUG-2016,
OPTSTK,COLPAL,25-Aug-2016,1120,CE,0,0,0,0.1,0.1,0,0,0,0,17-AUG-2016,
OPTSTK,COLPAL,25-Aug-2016,1130,CE,0,0,0,0.15,0.1,0,0,0,0,17-AUG-2016,
OPTSTK,COLPAL,25-Aug-2016,1140,CE,0,0,0,0.05,0.05,0,0,0,0,17-AUG-2016,
OPTSTK,COLPAL,25-Aug-2016,1150,CE,0,0,0,0.2,0.05,0,0,0,0,17-AUG-2016,
OPTSTK,COLPAL,25-Aug-2016,1160,CE,0,0,0,0.05,0.05,0,0,0,0,17-AUG-2016,
OPTSTK,COLPAL,25-Aug-2016,1180,CE,0,0,0,0.05,0,0,0,0,0,17-AUG-2016,
OPTSTK,COLPAL,25-Aug-2016,1200,CE,0,0,0,0.05,0,0,0,0,0,17-AUG-2016,
OPTSTK,COLPAL,25-Aug-2016,600,PE,0,0,0,0.05,0,0,0,0,0,17-AUG-2016,
OPTSTK,COLPAL,25-Aug-2016,620,PE,0,0,0,0.05,0,0,0,0,0,17-AUG-2016,
OPTSTK,COLPAL,25-Aug-2016,640,PE,0,0,0,0.05,0,0,0,0,0,17-AUG-2016,
OPTSTK,COLPAL,25-Aug-2016,660,PE,0,0,0,0.15,0,0,0,0,0,17-AUG-2016,
OPTSTK,COLPAL,25-Aug-2016,680,PE,0,0,0,0.35,0,0,0,0,0,17-AUG-2016,
OPTSTK,COLPAL,25-Aug-2016,700,PE,0,0,0,0.75,0,0,0,0,0,17-AUG-2016,
OPTSTK,COLPAL,25-Aug-2016,720,PE,0,0,0,1.55,0,0,0,0,0,17-AUG-2016,
OPTSTK,COLPAL,25-Aug-2016,730,PE,0,0,0,0.05,0,0,0,0,0,17-AUG-2016,
OPTSTK,COLPAL,25-Aug-2016,740,PE,0,0,0,2.9,0,0,0,0,0,17-AUG-2016,
OPTSTK,COLPAL,25-Aug-2016,750,PE,0,0,0,0.1,0,0,0,0,0,17-AUG-2016,
OPTSTK,COLPAL,25-Aug-2016,760,PE,0,0,0,5.15,0,0,0,0,0,17-AUG-2016,
OPTSTK,COLPAL,25-Aug-2016,770,PE,0,0,0,0.25,0,0,0,0,0,17-AUG-2016,
OPTSTK,COLPAL,25-Aug-2016,780,PE,0,0,0,8.55,0,0,0,0,0,17-AUG-2016,
OPTSTK,COLPAL,25-Aug-2016,790,PE,0,0,0,0.6,0,0,0,0,0,17-AUG-2016,
OPTSTK,COLPAL,25-Aug-2016,800,PE,0,0,0,13.35,0,0,0,0,0,17-AUG-2016,
OPTSTK,COLPAL,25-Aug-2016,810,PE,0,0,0,1.35,0,0,0,0,0,17-AUG-2016,
OPTSTK,COLPAL,25-Aug-2016,820,PE,0,0,0,19.8,0.05,0,0,0,0,17-AUG-2016,
OPTSTK,COLPAL,25-Aug-2016,830,PE,0,0,0,2.7,0.05,0,0,0,0,17-AUG-2016,
OPTSTK,COLPAL,25-Aug-2016,840,PE,0,0,0,28.1,0.05,0,0,0,0,17-AUG-2016,
OPTSTK,COLPAL,25-Aug-2016,850,PE,0,0,0,5,0.1,0,0,0,0,17-AUG-2016,
OPTSTK,COLPAL,25-Aug-2016,860,PE,0,0,0,38.25,0.2,0,0,0,0,17-AUG-2016,
OPTSTK,COLPAL,25-Aug-2016,870,PE,0,0,0,8.6,0.4,0,0,0,0,17-AUG-2016,
OPTSTK,COLPAL,25-Aug-2016,880,PE,0,0,0,50.2,0.65,0,0,0,0,17-AUG-2016,
OPTSTK,COLPAL,25-Aug-2016,890,PE,0,0,0,13.9,1.1,0,0,0,0,17-AUG-2016,
OPTSTK,COLPAL,25-Aug-2016,900,PE,0,0,0,4,1.75,0,0,3500,0,17-AUG-2016,
OPTSTK,COLPAL,25-Aug-2016,910,PE,0,0,0,1.3,2.7,0,0,1400,0,17-AUG-2016,
OPTSTK,COLPAL,25-Aug-2016,920,PE,1,5.3,1,5.3,5.3,6,38.77,0,0,17-AUG-2016,
OPTSTK,COLPAL,25-Aug-2016,930,PE,2,2,2,2,2,1,6.52,10500,-700,17-AUG-2016,
OPTSTK,COLPAL,25-Aug-2016,940,PE,0,0,0,12.6,8.25,0,0,11900,0,17-AUG-2016,
OPTSTK,COLPAL,25-Aug-2016,950,PE,10.1,10.1,4.8,4.8,4.8,2,13.4,3500,700,17-AUG-2016,
OPTSTK,COLPAL,25-Aug-2016,960,PE,18,18,10.6,10.6,10.6,4,27.25,10500,1400,17-AUG-2016,
OPTSTK,COLPAL,25-Aug-2016,970,PE,0,0,0,10.5,19.35,0,0,2100,0,17-AUG-2016,
OPTSTK,COLPAL,25-Aug-2016,980,PE,0,0,0,24.9,24.55,0,0,9800,0,17-AUG-2016,
OPTSTK,COLPAL,25-Aug-2016,990,PE,0,0,0,70.15,30.45,0,0,0,0,17-AUG-2016,
OPTSTK,COLPAL,25-Aug-2016,1000,PE,41.1,41.1,33.1,33.1,33.1,5,36.31,16800,-2100,17-AUG-2016,
OPTSTK,COLPAL,25-Aug-2016,1010,PE,0,0,0,68.35,44.35,0,0,1400,0,17-AUG-2016,
OPTSTK,COLPAL,25-Aug-2016,1020,PE,0,0,0,40,52.15,0,0,2100,0,17-AUG-2016,
OPTSTK,COLPAL,25-Aug-2016,1030,PE,0,0,0,104,60.45,0,0,0,0,17-AUG-2016,
OPTSTK,COLPAL,25-Aug-2016,1040,PE,0,0,0,186.75,69.15,0,0,0,0,17-AUG-2016,
OPTSTK,COLPAL,25-Aug-2016,1050,PE,0,0,0,49.4,78.2,0,0,700,0,17-AUG-2016,
OPTSTK,COLPAL,25-Aug-2016,1060,PE,0,0,0,206.05,87.5,0,0,0,0,17-AUG-2016,
OPTSTK,COLPAL,25-Aug-2016,1070,PE,0,0,0,141.15,97,0,0,0,0,17-AUG-2016,
OPTSTK,COLPAL,25-Aug-2016,1080,PE,0,0,0,225.5,106.65,0,0,0,0,17-AUG-2016,
OPTSTK,COLPAL,25-Aug-2016,1090,PE,0,0,0,160.35,116.4,0,0,0,0,17-AUG-2016,
OPTSTK,COLPAL,25-Aug-2016,1100,PE,0,0,0,245.05,126.25,0,0,0,0,17-AUG-2016,
OPTSTK,COLPAL,25-Aug-2016,1110,PE,0,0,0,179.8,136.1,0,0,0,0,17-AUG-2016,
OPTSTK,COLPAL,25-Aug-2016,1120,PE,0,0,0,264.6,146.05,0,0,0,0,17-AUG-2016,
OPTSTK,COLPAL,25-Aug-2016,1130,PE,0,0,0,193.1,156,0,0,0,0,17-AUG-2016,
OPTSTK,COLPAL,25-Aug-2016,1140,PE,0,0,0,284.25,165.95,0,0,0,0,17-AUG-2016,
OPTSTK,COLPAL,25-Aug-2016,1150,PE,0,0,0,192.25,175.9,0,0,0,0,17-AUG-2016,
OPTSTK,COLPAL,25-Aug-2016,1160,PE,0,0,0,303.85,185.9,0,0,0,0,17-AUG-2016,
OPTSTK,COLPAL,25-Aug-2016,1180,PE,0,0,0,323.5,205.85,0,0,0,0,17-AUG-2016,
OPTSTK,COLPAL,25-Aug-2016,1200,PE,0,0,0,343.1,225.85,0,0,0,0,17-AUG-2016,
OPTSTK,COLPAL,29-Sep-2016,720,CE,0,0,0,211.4,258.5,0,0,0,0,17-AUG-2016,
OPTSTK,COLPAL,29-Sep-2016,730,CE,0,0,0,201.65,248.7,0,0,0,0,17-AUG-2016,
OPTSTK,COLPAL,29-Sep-2016,740,CE,0,0,0,191.95,238.9,0,0,0,0,17-AUG-2016,
OPTSTK,COLPAL,29-Sep-2016,750,CE,0,0,0,182.25,229.15,0,0,0,0,17-AUG-2016,
OPTSTK,COLPAL,29-Sep-2016,760,CE,0,0,0,172.65,219.5,0,0,0,0,17-AUG-2016,
OPTSTK,COLPAL,29-Sep-2016,770,CE,0,0,0,163.15,209.85,0,0,0,0,17-AUG-2016,
OPTSTK,COLPAL,29-Sep-2016,780,CE,0,0,0,153.7,200.3,0,0,0,0,17-AUG-2016,
OPTSTK,COLPAL,29-Sep-2016,790,CE,0,0,0,144.35,190.85,0,0,0,0,17-AUG-2016,
OPTSTK,COLPAL,29-Sep-2016,800,CE,0,0,0,135.15,181.5,0,0,0,0,17-AUG-2016,
OPTSTK,COLPAL,29-Sep-2016,810,CE,0,0,0,126.15,172.25,0,0,0,0,17-AUG-2016,
OPTSTK,COLPAL,29-Sep-2016,820,CE,0,0,0,117.3,163.15,0,0,0,0,17-AUG-2016,
OPTSTK,COLPAL,29-Sep-2016,830,CE,0,0,0,108.7,154.2,0,0,0,0,17-AUG-2016,
OPTSTK,COLPAL,29-Sep-2016,840,CE,0,0,0,100.35,145.4,0,0,0,0,17-AUG-2016,
OPTSTK,COLPAL,29-Sep-2016,850,CE,0,0,0,92.25,136.85,0,0,0,0,17-AUG-2016,
OPTSTK,COLPAL,29-Sep-2016,860,CE,0,0,0,84.45,128.45,0,0,0,0,17-AUG-2016,
OPTSTK,COLPAL,29-Sep-2016,870,CE,0,0,0,77.05,120.3,0,0,0,0,17-AUG-2016,
OPTSTK,COLPAL,29-Sep-2016,880,CE,0,0,0,69.9,112.4,0,0,0,0,17-AUG-2016,
OPTSTK,COLPAL,29-Sep-2016,890,CE,0,0,0,63.15,104.75,0,0,0,0,17-AUG-2016,
OPTSTK,COLPAL,29-Sep-2016,900,CE,0,0,0,56.85,97.4,0,0,0,0,17-AUG-2016,
OPTSTK,COLPAL,29-Sep-2016,910,CE,0,0,0,50.9,90.25,0,0,0,0,17-AUG-2016,
OPTSTK,COLPAL,29-Sep-2016,920,CE,0,0,0,45.35,83.5,0,0,0,0,17-AUG-2016,
OPTSTK,COLPAL,29-Sep-2016,930,CE,0,0,0,40.25,77,0,0,0,0,17-AUG-2016,
OPTSTK,COLPAL,29-Sep-2016,940,CE,0,0,0,35.55,70.85,0,0,0,0,17-AUG-2016,
OPTSTK,COLPAL,29-Sep-2016,950,CE,0,0,0,31.25,65,0,0,0,0,17-AUG-2016,
OPTSTK,COLPAL,29-Sep-2016,960,CE,0,0,0,27.3,59.45,0,0,0,0,17-AUG-2016,
OPTSTK,COLPAL,29-Sep-2016,970,CE,0,0,0,23.75,54.25,0,0,0,0,17-AUG-2016,
OPTSTK,COLPAL,29-Sep-2016,980,CE,0,0,0,20.6,49.4,0,0,0,0,17-AUG-2016,
OPTSTK,COLPAL,29-Sep-2016,990,CE,0,0,0,17.75,44.8,0,0,0,0,17-AUG-2016,
OPTSTK,COLPAL,29-Sep-2016,1000,CE,0,0,0,15.25,40.55,0,0,0,0,17-AUG-2016,
OPTSTK,COLPAL,29-Sep-2016,1010,CE,0,0,0,13,36.65,0,0,0,0,17-AUG-2016,
OPTSTK,COLPAL,29-Sep-2016,1020,CE,0,0,0,11.05,33,0,0,0,0,17-AUG-2016,
OPTSTK,COLPAL,29-Sep-2016,1030,CE,0,0,0,9.35,29.6,0,0,0,0,17-AUG-2016,
OPTSTK,COLPAL,29-Sep-2016,1040,CE,0,0,0,7.9,26.5,0,0,0,0,17-AUG-2016,
OPTSTK,COLPAL,29-Sep-2016,1050,CE,0,0,0,6.6,23.7,0,0,0,0,17-AUG-2016,
OPTSTK,COLPAL,29-Sep-2016,1060,CE,0,0,0,5.55,21.15,0,0,0,0,17-AUG-2016,
OPTSTK,COLPAL,29-Sep-2016,1070,CE,0,0,0,4.6,18.8,0,0,0,0,17-AUG-2016,
OPTSTK,COLPAL,29-Sep-2016,1080,CE,0,0,0,3.8,16.65,0,0,0,0,17-AUG-2016,
OPTSTK,COLPAL,29-Sep-2016,1090,CE,0,0,0,3.15,14.7,0,0,0,0,17-AUG-2016,
OPTSTK,COLPAL,29-Sep-2016,1100,CE,0,0,0,2.55,13,0,0,0,0,17-AUG-2016,
OPTSTK,COLPAL,29-Sep-2016,1110,CE,0,0,0,2.1,11.45,0,0,0,0,17-AUG-2016,
OPTSTK,COLPAL,29-Sep-2016,1120,CE,0,0,0,1.7,10.05,0,0,0,0,17-AUG-2016,
OPTSTK,COLPAL,29-Sep-2016,720,PE,0,0,0,0.15,0.3,0,0,0,0,17-AUG-2016,
OPTSTK,COLPAL,29-Sep-2016,730,PE,0,0,0,0.25,0.4,0,0,0,0,17-AUG-2016,
OPTSTK,COLPAL,29-Sep-2016,740,PE,0,0,0,0.35,0.5,0,0,0,0,17-AUG-2016,
OPTSTK,COLPAL,29-Sep-2016,750,PE,0,0,0,0.5,0.7,0,0,0,0,17-AUG-2016,
OPTSTK,COLPAL,29-Sep-2016,760,PE,0,0,0,0.75,0.95,0,0,0,0,17-AUG-2016,
OPTSTK,COLPAL,29-Sep-2016,770,PE,0,0,0,1,1.2,0,0,0,0,17-AUG-2016,
OPTSTK,COLPAL,29-Sep-2016,780,PE,0,0,0,1.4,1.6,0,0,0,0,17-AUG-2016,
OPTSTK,COLPAL,29-Sep-2016,790,PE,0,0,0,1.9,2.05,0,0,0,0,17-AUG-2016,
OPTSTK,COLPAL,29-Sep-2016,800,PE,0,0,0,2.55,2.6,0,0,0,0,17-AUG-2016,
OPTSTK,COLPAL,29-Sep-2016,810,PE,0,0,0,3.35,3.3,0,0,0,0,17-AUG-2016,
OPTSTK,COLPAL,29-Sep-2016,820,PE,0,0,0,4.35,4.1,0,0,0,0,17-AUG-2016,
OPTSTK,COLPAL,29-Sep-2016,830,PE,0,0,0,5.55,5.1,0,0,0,0,17-AUG-2016,
OPTSTK,COLPAL,29-Sep-2016,840,PE,0,0,0,7,6.2,0,0,0,0,17-AUG-2016,
OPTSTK,COLPAL,29-Sep-2016,850,PE,0,0,0,8.75,7.55,0,0,0,0,17-AUG-2016,
OPTSTK,COLPAL,29-Sep-2016,860,PE,0,0,0,10.75,9.1,0,0,0,0,17-AUG-2016,
OPTSTK,COLPAL,29-Sep-2016,870,PE,0,0,0,13.2,10.85,0,0,0,0,17-AUG-2016,
OPTSTK,COLPAL,29-Sep-2016,880,PE,0,0,0,15.85,12.85,0,0,0,0,17-AUG-2016,
OPTSTK,COLPAL,29-Sep-2016,890,PE,0,0,0,18.95,15.15,0,0,0,0,17-AUG-2016,
OPTSTK,COLPAL,29-Sep-2016,900,PE,0,0,0,22.45,17.7,0,0,0,0,17-AUG-2016,
OPTSTK,COLPAL,29-Sep-2016,910,PE,0,0,0,26.3,20.5,0,0,0,0,17-AUG-2016,
OPTSTK,COLPAL,29-Sep-2016,920,PE,0,0,0,30.6,23.65,0,0,0,0,17-AUG-2016,
OPTSTK,COLPAL,29-Sep-2016,930,PE,0,0,0,35.3,27.05,0,0,0,0,17-AUG-2016,
OPTSTK,COLPAL,29-Sep-2016,940,PE,0,0,0,40.45,30.8,0,0,0,0,17-AUG-2016,
OPTSTK,COLPAL,29-Sep-2016,950,PE,0,0,0,45.95,34.9,0,0,0,0,17-AUG-2016,
OPTSTK,COLPAL,29-Sep-2016,960,PE,0,0,0,51.85,39.3,0,0,0,0,17-AUG-2016,
OPTSTK,COLPAL,29-Sep-2016,970,PE,0,0,0,58.15,44,0,0,0,0,17-AUG-2016,
OPTSTK,COLPAL,29-Sep-2016,980,PE,0,0,0,64.8,49.05,0,0,0,0,17-AUG-2016,
OPTSTK,COLPAL,29-Sep-2016,990,PE,0,0,0,71.75,54.4,0,0,0,0,17-AUG-2016,
OPTSTK,COLPAL,29-Sep-2016,1000,PE,0,0,0,79.1,60.1,0,0,0,0,17-AUG-2016,
OPTSTK,COLPAL,29-Sep-2016,1010,PE,0,0,0,86.7,66.05,0,0,0,0,17-AUG-2016,
OPTSTK,COLPAL,29-Sep-2016,1020,PE,0,0,0,94.55,72.3,0,0,0,0,17-AUG-2016,
OPTSTK,COLPAL,29-Sep-2016,1030,PE,0,0,0,102.65,78.85,0,0,0,0,17-AUG-2016,
OPTSTK,COLPAL,29-Sep-2016,1040,PE,0,0,0,111,85.7,0,0,0,0,17-AUG-2016,
OPTSTK,COLPAL,29-Sep-2016,1050,PE,0,0,0,119.55,92.8,0,0,0,0,17-AUG-2016,
OPTSTK,COLPAL,29-Sep-2016,1060,PE,0,0,0,128.3,100.15,0,0,0,0,17-AUG-2016,
OPTSTK,COLPAL,29-Sep-2016,1070,PE,0,0,0,137.2,107.75,0,0,0,0,17-AUG-2016,
OPTSTK,COLPAL,29-Sep-2016,1080,PE,0,0,0,146.2,115.5,0,0,0,0,17-AUG-2016,
OPTSTK,COLPAL,29-Sep-2016,1090,PE,0,0,0,155.35,123.5,0,0,0,0,17-AUG-2016,
OPTSTK,COLPAL,29-Sep-2016,1100,PE,0,0,0,164.65,131.7,0,0,0,0,17-AUG-2016,
OPTSTK,COLPAL,29-Sep-2016,1110,PE,0,0,0,174,140.05,0,0,0,0,17-AUG-2016,
OPTSTK,COLPAL,29-Sep-2016,1120,PE,0,0,0,183.4,148.55,0,0,0,0,17-AUG-2016,
OPTSTK,COLPAL,27-Oct-2016,730,CE,0,0,0,214.15,253.9,0,0,0,0,17-AUG-2016,
OPTSTK,COLPAL,27-Oct-2016,740,CE,0,0,0,204.4,244.5,0,0,0,0,17-AUG-2016,
OPTSTK,COLPAL,27-Oct-2016,750,CE,0,0,0,194.7,235.1,0,0,0,0,17-AUG-2016,
OPTSTK,COLPAL,27-Oct-2016,760,CE,0,0,0,185.05,225.85,0,0,0,0,17-AUG-2016,
OPTSTK,COLPAL,27-Oct-2016,770,CE,0,0,0,175.45,216.7,0,0,0,0,17-AUG-2016,
OPTSTK,COLPAL,27-Oct-2016,780,CE,0,0,0,165.95,207.65,0,0,0,0,17-AUG-2016,
OPTSTK,COLPAL,27-Oct-2016,790,CE,0,0,0,156.5,198.7,0,0,0,0,17-AUG-2016,
OPTSTK,COLPAL,27-Oct-2016,800,CE,0,0,0,147.2,189.9,0,0,0,0,17-AUG-2016,
OPTSTK,COLPAL,27-Oct-2016,810,CE,0,0,0,138.05,181.25,0,0,0,0,17-AUG-2016,
OPTSTK,COLPAL,27-Oct-2016,820,CE,0,0,0,129.05,172.75,0,0,0,0,17-AUG-2016,
OPTSTK,COLPAL,27-Oct-2016,830,CE,0,0,0,120.2,164.45,0,0,0,0,17-AUG-2016,
OPTSTK,COLPAL,27-Oct-2016,840,CE,0,0,0,111.6,156.3,0,0,0,0,17-AUG-2016,
OPTSTK,COLPAL,27-Oct-2016,850,CE,0,0,0,103.25,148.35,0,0,0,0,17-AUG-2016,
OPTSTK,COLPAL,27-Oct-2016,860,CE,0,0,0,95.15,140.6,0,0,0,0,17-AUG-2016,
OPTSTK,COLPAL,27-Oct-2016,870,CE,0,0,0,87.4,133.05,0,0,0,0,17-AUG-2016,
OPTSTK,COLPAL,27-Oct-2016,880,CE,0,0,0,79.95,125.8,0,0,0,0,17-AUG-2016,
OPTSTK,COLPAL,27-Oct-2016,890,CE,0,0,0,72.75,118.7,0,0,0,0,17-AUG-2016,
OPTSTK,COLPAL,27-Oct-2016,900,CE,0,0,0,66,111.8,0,0,0,0,17-AUG-2016,
OPTSTK,COLPAL,27-Oct-2016,910,CE,0,0,0,59.6,105.15,0,0,0,0,17-AUG-2016,
OPTSTK,COLPAL,27-Oct-2016,920,CE,0,0,0,53.6,98.8,0,0,0,0,17-AUG-2016,
OPTSTK,COLPAL,27-Oct-2016,930,CE,0,0,0,48,92.65,0,0,0,0,17-AUG-2016,
OPTSTK,COLPAL,27-Oct-2016,940,CE,0,0,0,42.8,86.8,0,0,0,0,17-AUG-2016,
OPTSTK,COLPAL,27-Oct-2016,950,CE,0,0,0,37.95,81.2,0,0,0,0,17-AUG-2016,
OPTSTK,COLPAL,27-Oct-2016,960,CE,0,0,0,33.55,75.8,0,0,0,0,17-AUG-2016,
OPTSTK,COLPAL,27-Oct-2016,970,CE,0,0,0,29.5,70.7,0,0,0,0,17-AUG-2016,
OPTSTK,COLPAL,27-Oct-2016,980,CE,0,0,0,25.85,65.8,0,0,0,0,17-AUG-2016,
OPTSTK,COLPAL,27-Oct-2016,990,CE,0,0,0,22.5,61.2,0,0,0,0,17-AUG-2016,
OPTSTK,COLPAL,27-Oct-2016,1000,CE,0,0,0,19.55,56.8,0,0,0,0,17-AUG-2016,
OPTSTK,COLPAL,27-Oct-2016,1010,CE,0,0,0,16.9,52.65,0,0,0,0,17-AUG-2016,
OPTSTK,COLPAL,27-Oct-2016,1020,CE,0,0,0,14.6,48.75,0,0,0,0,17-AUG-2016,
OPTSTK,COLPAL,27-Oct-2016,1030,CE,0,0,0,12.45,45.05,0,0,0,0,17-AUG-2016,
OPTSTK,COLPAL,27-Oct-2016,1040,CE,0,0,0,10.65,41.6,0,0,0,0,17-AUG-2016,
OPTSTK,COLPAL,27-Oct-2016,1050,CE,0,0,0,9.05,38.35,0,0,0,0,17-AUG-2016,
OPTSTK,COLPAL,27-Oct-2016,1060,CE,0,0,0,7.65,35.3,0,0,0,0,17-AUG-2016,
OPTSTK,COLPAL,27-Oct-2016,1070,CE,0,0,0,6.45,32.45,0,0,0,0,17-AUG-2016,
OPTSTK,COLPAL,27-Oct-2016,1080,CE,0,0,0,5.4,29.8,0,0,0,0,17-AUG-2016,
OPTSTK,COLPAL,27-Oct-2016,1090,CE,0,0,0,4.5,27.35,0,0,0,0,17-AUG-2016,
OPTSTK,COLPAL,27-Oct-2016,1100,CE,0,0,0,3.75,25.05,0,0,0,0,17-AUG-2016,
OPTSTK,COLPAL,27-Oct-2016,1110,CE,0,0,0,3.1,22.95,0,0,0,0,17-AUG-2016,
OPTSTK,COLPAL,27-Oct-2016,1120,CE,0,0,0,2.55,20.9,0,0,0,0,17-AUG-2016,
OPTSTK,COLPAL,27-Oct-2016,730,PE,0,0,0,0.2,1.8,0,0,0,0,17-AUG-2016,
OPTSTK,COLPAL,27-Oct-2016,740,PE,0,0,0,0.3,2.2,0,0,0,0,17-AUG-2016,
OPTSTK,COLPAL,27-Oct-2016,750,PE,0,0,0,0.4,2.7,0,0,0,0,17-AUG-2016,
OPTSTK,COLPAL,27-Oct-2016,760,PE,0,0,0,0.6,3.3,0,0,0,0,17-AUG-2016,
OPTSTK,COLPAL,27-Oct-2016,770,PE,0,0,0,0.8,4,0,0,0,0,17-AUG-2016,
OPTSTK,COLPAL,27-Oct-2016,780,PE,0,0,0,1.15,4.85,0,0,0,0,17-AUG-2016,
OPTSTK,COLPAL,27-Oct-2016,790,PE,0,0,0,1.55,5.75,0,0,0,0,17-AUG-2016,
OPTSTK,COLPAL,27-Oct-2016,800,PE,0,0,0,2.05,6.85,0,0,0,0,17-AUG-2016,
OPTSTK,COLPAL,27-Oct-2016,810,PE,0,0,0,2.7,8.05,0,0,0,0,17-AUG-2016,
OPTSTK,COLPAL,27-Oct-2016,820,PE,0,0,0,3.55,9.45,0,0,0,0,17-AUG-2016,
OPTSTK,COLPAL,27-Oct-2016,830,PE,0,0,0,4.55,11,0,0,0,0,17-AUG-2016,
OPTSTK,COLPAL,27-Oct-2016,840,PE,0,0,0,5.8,12.7,0,0,0,0,17-AUG-2016,
OPTSTK,COLPAL,27-Oct-2016,850,PE,0,0,0,7.25,14.6,0,0,0,0,17-AUG-2016,
OPTSTK,COLPAL,27-Oct-2016,860,PE,0,0,0,9,16.75,0,0,0,0,17-AUG-2016,
OPTSTK,COLPAL,27-Oct-2016,870,PE,0,0,0,11.05,19.05,0,0,0,0,17-AUG-2016,
OPTSTK,COLPAL,27-Oct-2016,880,PE,0,0,0,13.45,21.65,0,0,0,0,17-AUG-2016,
OPTSTK,COLPAL,27-Oct-2016,890,PE,0,0,0,16.1,24.4,0,0,0,0,17-AUG-2016,
OPTSTK,COLPAL,27-Oct-2016,900,PE,0,0,0,19.15,27.4,0,0,0,0,17-AUG-2016,
OPTSTK,COLPAL,27-Oct-2016,910,PE,0,0,0,22.6,30.65,0,0,0,0,17-AUG-2016,
OPTSTK,COLPAL,27-Oct-2016,920,PE,0,0,0,26.4,34.15,0,0,0,0,17-AUG-2016,
OPTSTK,COLPAL,27-Oct-2016,930,PE,0,0,0,30.6,37.9,0,0,0,0,17-AUG-2016,
OPTSTK,COLPAL,27-Oct-2016,940,PE,0,0,0,35.25,41.85,0,0,0,0,17-AUG-2016,
OPTSTK,COLPAL,27-Oct-2016,950,PE,0,0,0,40.25,46.1,0,0,0,0,17-AUG-2016,
OPTSTK,COLPAL,27-Oct-2016,960,PE,0,0,0,45.65,50.6,0,0,0,0,17-AUG-2016,
OPTSTK,COLPAL,27-Oct-2016,970,PE,0,0,0,51.45,55.35,0,0,0,0,17-AUG-2016,
OPTSTK,COLPAL,27-Oct-2016,980,PE,0,0,0,57.6,60.35,0,0,0,0,17-AUG-2016,
OPTSTK,COLPAL,27-Oct-2016,990,PE,0,0,0,64.1,65.6,0,0,0,0,17-AUG-2016,
OPTSTK,COLPAL,27-Oct-2016,1000,PE,0,0,0,70.95,71.05,0,0,0,0,17-AUG-2016,
OPTSTK,COLPAL,27-Oct-2016,1010,PE,0,0,0,78.15,76.8,0,0,0,0,17-AUG-2016,
OPTSTK,COLPAL,27-Oct-2016,1020,PE,0,0,0,85.65,82.75,0,0,0,0,17-AUG-2016,
OPTSTK,COLPAL,27-Oct-2016,1030,PE,0,0,0,93.35,88.9,0,0,0,0,17-AUG-2016,
OPTSTK,COLPAL,27-Oct-2016,1040,PE,0,0,0,101.35,95.3,0,0,0,0,17-AUG-2016,
OPTSTK,COLPAL,27-Oct-2016,1050,PE,0,0,0,109.6,101.95,0,0,0,0,17-AUG-2016,
OPTSTK,COLPAL,27-Oct-2016,1060,PE,0,0,0,118,108.75,0,0,0,0,17-AUG-2016,
OPTSTK,COLPAL,27-Oct-2016,1070,PE,0,0,0,126.65,115.75,0,0,0,0,17-AUG-2016,
OPTSTK,COLPAL,27-Oct-2016,1080,PE,0,0,0,135.45,123,0,0,0,0,17-AUG-2016,
OPTSTK,COLPAL,27-Oct-2016,1090,PE,0,0,0,144.4,130.4,0,0,0,0,17-AUG-2016,
OPTSTK,COLPAL,27-Oct-2016,1100,PE,0,0,0,153.45,138,0,0,0,0,17-AUG-2016,
OPTSTK,COLPAL,27-Oct-2016,1110,PE,0,0,0,162.65,145.75,0,0,0,0,17-AUG-2016,
OPTSTK,COLPAL,27-Oct-2016,1120,PE,0,0,0,171.9,153.6,0,0,0,0,17-AUG-2016,
OPTSTK,CONCOR,25-Aug-2016,850,CE,0,0,0,527.35,561.35,0,0,0,0,17-AUG-2016,
OPTSTK,CONCOR,25-Aug-2016,900,CE,0,0,0,478.35,511.4,0,0,0,0,17-AUG-2016,
OPTSTK,CONCOR,25-Aug-2016,950,CE,0,0,0,429.55,461.5,0,0,0,0,17-AUG-2016,
OPTSTK,CONCOR,25-Aug-2016,1000,CE,0,0,0,381.25,411.55,0,0,0,0,17-AUG-2016,
OPTSTK,CONCOR,25-Aug-2016,1050,CE,0,0,0,333.8,361.65,0,0,0,0,17-AUG-2016,
OPTSTK,CONCOR,25-Aug-2016,1080,CE,0,0,0,363.2,331.7,0,0,0,0,17-AUG-2016,
OPTSTK,CONCOR,25-Aug-2016,1100,CE,0,0,0,287.8,311.7,0,0,0,0,17-AUG-2016,
OPTSTK,CONCOR,25-Aug-2016,1120,CE,0,0,0,324.6,291.75,0,0,0,0,17-AUG-2016,
OPTSTK,CONCOR,25-Aug-2016,1140,CE,0,0,0,305.55,271.8,0,0,0,0,17-AUG-2016,
OPTSTK,CONCOR,25-Aug-2016,1150,CE,0,0,0,243.95,261.8,0,0,0,0,17-AUG-2016,
OPTSTK,CONCOR,25-Aug-2016,1160,CE,0,0,0,286.75,251.8,0,0,0,0,17-AUG-2016,
OPTSTK,CONCOR,25-Aug-2016,1180,CE,0,0,0,268.25,231.85,0,0,0,0,17-AUG-2016,
OPTSTK,CONCOR,25-Aug-2016,1200,CE,0,0,0,203,211.85,0,0,0,0,17-AUG-2016,
OPTSTK,CONCOR,25-Aug-2016,1220,CE,0,0,0,232.35,191.9,0,0,0,0,17-AUG-2016,
OPTSTK,CONCOR,25-Aug-2016,1240,CE,0,0,0,215.05,171.95,0,0,0,0,17-AUG-2016,
OPTSTK,CONCOR,25-Aug-2016,1250,CE,0,0,0,165.7,162,0,0,0,0,17-AUG-2016,
OPTSTK,CONCOR,25-Aug-2016,1260,CE,0,0,0,198.3,152.1,0,0,0,0,17-AUG-2016,
OPTSTK,CONCOR,25-Aug-2016,1280,CE,0,0,0,182.15,132.35,0,0,0,0,17-AUG-2016,
OPTSTK,CONCOR,25-Aug-2016,1300,CE,0,0,0,143,112.9,0,0,2000,0,17-AUG-2016,
OPTSTK,CONCOR,25-Aug-2016,1320,CE,0,0,0,151.85,94.05,0,0,0,0,17-AUG-2016,
OPTSTK,CONCOR,25-Aug-2016,1340,CE,0,0,0,137.65,76.1,0,0,0,0,17-AUG-2016,
OPTSTK,CONCOR,25-Aug-2016,1350,CE,0,0,0,140,67.6,0,0,500,0,17-AUG-2016,
OPTSTK,CONCOR,25-Aug-2016,1360,CE,0,0,0,124.35,59.55,0,0,0,0,17-AUG-2016,
OPTSTK,CONCOR,25-Aug-2016,1380,CE,0,0,0,76,44.8,0,0,500,0,17-AUG-2016,
OPTSTK,CONCOR,25-Aug-2016,1400,CE,0,0,0,24,32.3,0,0,2000,0,17-AUG-2016,
OPTSTK,CONCOR,25-Aug-2016,1420,CE,9.9,9.9,9.9,9.9,9.9,1,7.14,1500,-500,17-AUG-2016,
OPTSTK,CONCOR,25-Aug-2016,1440,CE,0,0,0,5.35,14.55,0,0,3000,0,17-AUG-2016,
OPTSTK,CONCOR,25-Aug-2016,1450,CE,0,0,0,3.2,11.55,0,0,8500,0,17-AUG-2016,
OPTSTK,CONCOR,25-Aug-2016,1460,CE,0,0,0,28,9.05,0,0,1500,0,17-AUG-2016,
OPTSTK,CONCOR,25-Aug-2016,1480,CE,0,0,0,10.6,5.35,0,0,9000,0,17-AUG-2016,
OPTSTK,CONCOR,25-Aug-2016,1500,CE,3,3,1.3,1.4,1.4,4,30.03,34000,-1500,17-AUG-2016,
OPTSTK,CONCOR,25-Aug-2016,1520,CE,0,0,0,3.25,1.6,0,0,2000,0,17-AUG-2016,
OPTSTK,CONCOR,25-Aug-2016,1540,CE,0,0,0,4.25,0.8,0,0,3000,0,17-AUG-2016,
OPTSTK,CONCOR,25-Aug-2016,1550,CE,0,0,0,1.25,0.55,0,0,9500,0,17-AUG-2016,
OPTSTK,CONCOR,25-Aug-2016,1560,CE,0,0,0,4.15,0.4,0,0,1500,0,17-AUG-2016,
OPTSTK,CONCOR,25-Aug-2016,1580,CE,0,0,0,30.5,0.2,0,0,0,0,17-AUG-2016,
OPTSTK,CONCOR,25-Aug-2016,1600,CE,0,0,0,4,0.1,0,0,4000,0,17-AUG-2016,
OPTSTK,CONCOR,25-Aug-2016,1620,CE,0,0,0,22.35,0.05,0,0,0,0,17-AUG-2016,
OPTSTK,CONCOR,25-Aug-2016,1640,CE,0,0,0,19,0.05,0,0,0,0,17-AUG-2016,
OPTSTK,CONCOR,25-Aug-2016,1650,CE,0,0,0,16.1,0.05,0,0,0,0,17-AUG-2016,
OPTSTK,CONCOR,25-Aug-2016,1660,CE,0,0,0,16.1,0,0,0,0,0,17-AUG-2016,
OPTSTK,CONCOR,25-Aug-2016,1680,CE,0,0,0,13.6,0,0,0,0,0,17-AUG-2016,
OPTSTK,CONCOR,25-Aug-2016,1700,CE,0,0,0,11.1,0,0,0,0,0,17-AUG-2016,
OPTSTK,CONCOR,25-Aug-2016,1720,CE,0,0,0,9.6,0,0,0,0,0,17-AUG-2016,
OPTSTK,CONCOR,25-Aug-2016,850,PE,0,0,0,0.05,0,0,0,0,0,17-AUG-2016,
OPTSTK,CONCOR,25-Aug-2016,900,PE,0,0,0,0.2,0,0,0,0,0,17-AUG-2016,
OPTSTK,CONCOR,25-Aug-2016,950,PE,0,0,0,0.5,0,0,0,0,0,17-AUG-2016,
OPTSTK,CONCOR,25-Aug-2016,1000,PE,0,0,0,1.3,0,0,0,0,0,17-AUG-2016,
OPTSTK,CONCOR,25-Aug-2016,1050,PE,0,0,0,2.95,0,0,0,0,0,17-AUG-2016,
OPTSTK,CONCOR,25-Aug-2016,1080,PE,0,0,0,0.85,0,0,0,0,0,17-AUG-2016,
OPTSTK,CONCOR,25-Aug-2016,1100,PE,0,0,0,6.05,0,0,0,0,0,17-AUG-2016,
OPTSTK,CONCOR,25-Aug-2016,1120,PE,0,0,0,1.8,0,0,0,0,0,17-AUG-2016,
OPTSTK,CONCOR,25-Aug-2016,1140,PE,0,0,0,2.55,0,0,0,0,0,17-AUG-2016,
OPTSTK,CONCOR,25-Aug-2016,1150,PE,0,0,0,11.3,0,0,0,0,0,17-AUG-2016,
OPTSTK,CONCOR,25-Aug-2016,1160,PE,0,0,0,3.55,0,0,0,0,0,17-AUG-2016,
OPTSTK,CONCOR,25-Aug-2016,1180,PE,0,0,0,4.85,0,0,0,0,0,17-AUG-2016,
OPTSTK,CONCOR,25-Aug-2016,1200,PE,0,0,0,19.5,0,0,0,0,0,17-AUG-2016,
OPTSTK,CONCOR,25-Aug-2016,1220,PE,0,0,0,8.5,0.05,0,0,0,0,17-AUG-2016,
OPTSTK,CONCOR,25-Aug-2016,1240,PE,0,0,0,11,0.05,0,0,0,0,17-AUG-2016,
OPTSTK,CONCOR,25-Aug-2016,1250,PE,0,0,0,31.3,0.1,0,0,0,0,17-AUG-2016,
OPTSTK,CONCOR,25-Aug-2016,1260,PE,0,0,0,14,0.15,0,0,0,0,17-AUG-2016,
OPTSTK,CONCOR,25-Aug-2016,1280,PE,0,0,0,17.65,0.4,0,0,0,0,17-AUG-2016,
OPTSTK,CONCOR,25-Aug-2016,1300,PE,0,0,0,5.05,0.9,0,0,1000,0,17-AUG-2016,
OPTSTK,CONCOR,25-Aug-2016,1320,PE,0,0,0,26.9,2,0,0,0,0,17-AUG-2016,
OPTSTK,CONCOR,25-Aug-2016,1340,PE,0,0,0,32.5,4.05,0,0,0,0,17-AUG-2016,
OPTSTK,CONCOR,25-Aug-2016,1350,PE,1.2,1.2,1.2,1.2,1.2,1,6.75,1000,500,17-AUG-2016,
OPTSTK,CONCOR,25-Aug-2016,1360,PE,0,0,0,38.95,7.45,0,0,0,0,17-AUG-2016,
OPTSTK,CONCOR,25-Aug-2016,1380,PE,0,0,0,8.75,12.7,0,0,1500,0,17-AUG-2016,
OPTSTK,CONCOR,25-Aug-2016,1400,PE,8.95,12,8.95,12,12,4,28.2,15000,-1000,17-AUG-2016,
OPTSTK,CONCOR,25-Aug-2016,1420,PE,0,0,0,24.8,30.05,0,0,1500,0,17-AUG-2016,
OPTSTK,CONCOR,25-Aug-2016,1440,PE,0,0,0,23,42.35,0,0,3000,0,17-AUG-2016,
OPTSTK,CONCOR,25-Aug-2016,1450,PE,0,0,0,48,49.35,0,0,8500,0,17-AUG-2016,
OPTSTK,CONCOR,25-Aug-2016,1460,PE,0,0,0,30.35,56.85,0,0,500,0,17-AUG-2016,
OPTSTK,CONCOR,25-Aug-2016,1480,PE,0,0,0,58,73.1,0,0,500,0,17-AUG-2016,
OPTSTK,CONCOR,25-Aug-2016,1500,PE,85,85,85,85,85,1,7.92,1500,-500,17-AUG-2016,
OPTSTK,CONCOR,25-Aug-2016,1520,PE,0,0,0,67.2,109.25,0,0,1500,0,17-AUG-2016,
OPTSTK,CONCOR,25-Aug-2016,1540,PE,0,0,0,80.9,128.45,0,0,1500,0,17-AUG-2016,
OPTSTK,CONCOR,25-Aug-2016,1550,PE,0,0,0,192.5,138.2,0,0,0,0,17-AUG-2016,
OPTSTK,CONCOR,25-Aug-2016,1560,PE,0,0,0,65,148,0,0,500,0,17-AUG-2016,
OPTSTK,CONCOR,25-Aug-2016,1580,PE,0,0,0,162.75,167.75,0,0,0,0,17-AUG-2016,
OPTSTK,CONCOR,25-Aug-2016,1600,PE,0,0,0,232.3,187.65,0,0,0,0,17-AUG-2016,
OPTSTK,CONCOR,25-Aug-2016,1620,PE,0,0,0,194.1,207.55,0,0,0,0,17-AUG-2016,
OPTSTK,CONCOR,25-Aug-2016,1640,PE,0,0,0,210.55,227.55,0,0,0,0,17-AUG-2016,
OPTSTK,CONCOR,25-Aug-2016,1650,PE,0,0,0,274.55,237.5,0,0,0,0,17-AUG-2016,
OPTSTK,CONCOR,25-Aug-2016,1660,PE,0,0,0,227.45,247.5,0,0,0,0,17-AUG-2016,
OPTSTK,CONCOR,25-Aug-2016,1680,PE,0,0,0,244.75,267.45,0,0,0,0,17-AUG-2016,
OPTSTK,CONCOR,25-Aug-2016,1700,PE,0,0,0,318.65,287.45,0,0,0,0,17-AUG-2016,
OPTSTK,CONCOR,25-Aug-2016,1720,PE,0,0,0,280.3,307.4,0,0,0,0,17-AUG-2016,
OPTSTK,CONCOR,29-Sep-2016,1040,CE,0,0,0,410.8,378.55,0,0,0,0,17-AUG-2016,
OPTSTK,CONCOR,29-Sep-2016,1060,CE,0,0,0,391.8,358.75,0,0,0,0,17-AUG-2016,
OPTSTK,CONCOR,29-Sep-2016,1080,CE,0,0,0,373,339,0,0,0,0,17-AUG-2016,
OPTSTK,CONCOR,29-Sep-2016,1100,CE,0,0,0,354.4,319.35,0,0,0,0,17-AUG-2016,
OPTSTK,CONCOR,29-Sep-2016,1120,CE,0,0,0,336.05,299.75,0,0,0,0,17-AUG-2016,
OPTSTK,CONCOR,29-Sep-2016,1140,CE,0,0,0,318,280.25,0,0,0,0,17-AUG-2016,
OPTSTK,CONCOR,29-Sep-2016,1160,CE,0,0,0,300.25,260.95,0,0,0,0,17-AUG-2016,
OPTSTK,CONCOR,29-Sep-2016,1180,CE,0,0,0,282.9,241.85,0,0,0,0,17-AUG-2016,
OPTSTK,CONCOR,29-Sep-2016,1200,CE,0,0,0,265.9,223.1,0,0,0,0,17-AUG-2016,
OPTSTK,CONCOR,29-Sep-2016,1220,CE,0,0,0,249.35,204.7,0,0,0,0,17-AUG-2016,
OPTSTK,CONCOR,29-Sep-2016,1240,CE,0,0,0,233.3,186.8,0,0,0,0,17-AUG-2016,
OPTSTK,CONCOR,29-Sep-2016,1260,CE,0,0,0,217.75,169.4,0,0,0,0,17-AUG-2016,
OPTSTK,CONCOR,29-Sep-2016,1280,CE,0,0,0,202.75,152.7,0,0,0,0,17-AUG-2016,
OPTSTK,CONCOR,29-Sep-2016,1300,CE,0,0,0,188.35,136.75,0,0,0,0,17-AUG-2016,
OPTSTK,CONCOR,29-Sep-2016,1320,CE,0,0,0,174.45,121.7,0,0,0,0,17-AUG-2016,
OPTSTK,CONCOR,29-Sep-2016,1340,CE,0,0,0,161.25,107.4,0,0,0,0,17-AUG-2016,
OPTSTK,CONCOR,29-Sep-2016,1360,CE,0,0,0,74,94.2,0,0,500,0,17-AUG-2016,
OPTSTK,CONCOR,29-Sep-2016,1380,CE,0,0,0,136.7,82,0,0,0,0,17-AUG-2016,
OPTSTK,CONCOR,29-Sep-2016,1400,CE,0,0,0,46.45,70.85,0,0,500,0,17-AUG-2016,
OPTSTK,CONCOR,29-Sep-2016,1420,CE,0,0,0,52.5,60.7,0,0,0,0,17-AUG-2016,
OPTSTK,CONCOR,29-Sep-2016,1440,CE,0,0,0,104.8,51.65,0,0,0,0,17-AUG-2016,
OPTSTK,CONCOR,29-Sep-2016,1460,CE,0,0,0,34,43.6,0,0,0,0,17-AUG-2016,
OPTSTK,CONCOR,29-Sep-2016,1480,CE,0,0,0,27.65,36.55,0,0,0,0,17-AUG-2016,
OPTSTK,CONCOR,29-Sep-2016,1500,CE,0,0,0,16.2,30.4,0,0,2000,0,17-AUG-2016,
OPTSTK,CONCOR,29-Sep-2016,1520,CE,0,0,0,71.05,25.1,0,0,0,0,17-AUG-2016,
OPTSTK,CONCOR,29-Sep-2016,1540,CE,0,0,0,64.1,20.55,0,0,0,0,17-AUG-2016,
OPTSTK,CONCOR,29-Sep-2016,1560,CE,0,0,0,57.7,16.7,0,0,0,0,17-AUG-2016,
OPTSTK,CONCOR,29-Sep-2016,1580,CE,0,0,0,51.85,13.5,0,0,0,0,17-AUG-2016,
OPTSTK,CONCOR,29-Sep-2016,1600,CE,0,0,0,46.45,10.8,0,0,0,0,17-AUG-2016,
OPTSTK,CONCOR,29-Sep-2016,1620,CE,0,0,0,41.6,8.6,0,0,0,0,17-AUG-2016,
OPTSTK,CONCOR,29-Sep-2016,1640,CE,0,0,0,37.15,6.8,0,0,0,0,17-AUG-2016,
OPTSTK,CONCOR,29-Sep-2016,1660,CE,0,0,0,33.05,5.3,0,0,0,0,17-AUG-2016,
OPTSTK,CONCOR,29-Sep-2016,1680,CE,0,0,0,29.4,4.15,0,0,0,0,17-AUG-2016,
OPTSTK,CONCOR,29-Sep-2016,1700,CE,0,0,0,26.05,3.2,0,0,0,0,17-AUG-2016,
OPTSTK,CONCOR,29-Sep-2016,1720,CE,0,0,0,23.05,2.45,0,0,0,0,17-AUG-2016,
OPTSTK,CONCOR,29-Sep-2016,1040,PE,0,0,0,1.9,0.1,0,0,0,0,17-AUG-2016,
OPTSTK,CONCOR,29-Sep-2016,1060,PE,0,0,0,2.55,0.15,0,0,0,0,17-AUG-2016,
OPTSTK,CONCOR,29-Sep-2016,1080,PE,0,0,0,3.4,0.25,0,0,0,0,17-AUG-2016,
OPTSTK,CONCOR,29-Sep-2016,1100,PE,0,0,0,4.45,0.4,0,0,0,0,17-AUG-2016,
OPTSTK,CONCOR,29-Sep-2016,1120,PE,0,0,0,5.75,0.6,0,0,0,0,17-AUG-2016,
OPTSTK,CONCOR,29-Sep-2016,1140,PE,0,0,0,7.3,0.95,0,0,0,0,17-AUG-2016,
OPTSTK,CONCOR,29-Sep-2016,1160,PE,0,0,0,9.2,1.5,0,0,0,0,17-AUG-2016,
OPTSTK,CONCOR,29-Sep-2016,1180,PE,0,0,0,11.5,2.25,0,0,0,0,17-AUG-2016,
OPTSTK,CONCOR,29-Sep-2016,1200,PE,0,0,0,14.15,3.35,0,0,0,0,17-AUG-2016,
OPTSTK,CONCOR,29-Sep-2016,1220,PE,0,0,0,17.25,4.8,0,0,0,0,17-AUG-2016,
OPTSTK,CONCOR,29-Sep-2016,1240,PE,0,0,0,20.85,6.7,0,0,0,0,17-AUG-2016,
OPTSTK,CONCOR,29-Sep-2016,1260,PE,0,0,0,24.95,9.15,0,0,0,0,17-AUG-2016,
OPTSTK,CONCOR,29-Sep-2016,1280,PE,0,0,0,29.6,12.3,0,0,0,0,17-AUG-2016,
OPTSTK,CONCOR,29-Sep-2016,1300,PE,0,0,0,34.85,16.2,0,0,0,0,17-AUG-2016,
OPTSTK,CONCOR,29-Sep-2016,1320,PE,0,0,0,40.6,20.95,0,0,0,0,17-AUG-2016,
OPTSTK,CONCOR,29-Sep-2016,1340,PE,0,0,0,47,26.5,0,0,0,0,17-AUG-2016,
OPTSTK,CONCOR,29-Sep-2016,1360,PE,0,0,0,25,33.15,0,0,500,0,17-AUG-2016,
OPTSTK,CONCOR,29-Sep-2016,1380,PE,0,0,0,61.8,40.75,0,0,0,0,17-AUG-2016,
OPTSTK,CONCOR,29-Sep-2016,1400,PE,0,0,0,41.1,49.45,0,0,500,0,17-AUG-2016,
OPTSTK,CONCOR,29-Sep-2016,1420,PE,0,0,0,79.15,59.2,0,0,0,0,17-AUG-2016,
OPTSTK,CONCOR,29-Sep-2016,1440,PE,0,0,0,88.8,69.95,0,0,0,0,17-AUG-2016,
OPTSTK,CONCOR,29-Sep-2016,1460,PE,0,0,0,99.1,81.75,0,0,0,0,17-AUG-2016,
OPTSTK,CONCOR,29-Sep-2016,1480,PE,0,0,0,110,94.5,0,0,0,0,17-AUG-2016,
OPTSTK,CONCOR,29-Sep-2016,1500,PE,0,0,0,121.55,108.2,0,0,0,0,17-AUG-2016,
OPTSTK,CONCOR,29-Sep-2016,1520,PE,0,0,0,133.65,122.75,0,0,0,0,17-AUG-2016,
OPTSTK,CONCOR,29-Sep-2016,1540,PE,0,0,0,146.35,138.05,0,0,0,0,17-AUG-2016,
OPTSTK,CONCOR,29-Sep-2016,1560,PE,0,0,0,159.6,154,0,0,0,0,17-AUG-2016,
OPTSTK,CONCOR,29-Sep-2016,1580,PE,0,0,0,173.35,170.65,0,0,0,0,17-AUG-2016,
OPTSTK,CONCOR,29-Sep-2016,1600,PE,0,0,0,187.65,187.8,0,0,0,0,17-AUG-2016,
OPTSTK,CONCOR,29-Sep-2016,1620,PE,0,0,0,202.45,205.4,0,0,0,0,17-AUG-2016,
OPTSTK,CONCOR,29-Sep-2016,1640,PE,0,0,0,217.65,223.45,0,0,0,0,17-AUG-2016,
OPTSTK,CONCOR,29-Sep-2016,1660,PE,0,0,0,233.15,241.85,0,0,0,0,17-AUG-2016,
OPTSTK,CONCOR,29-Sep-2016,1680,PE,0,0,0,249.15,260.5,0,0,0,0,17-AUG-2016,
OPTSTK,CONCOR,29-Sep-2016,1700,PE,0,0,0,265.5,279.4,0,0,0,0,17-AUG-2016,
OPTSTK,CONCOR,29-Sep-2016,1720,PE,0,0,0,282.15,298.5,0,0,0,0,17-AUG-2016,
OPTSTK,CONCOR,27-Oct-2016,1080,CE,0,0,0,409.35,345.75,0,0,0,0,17-AUG-2016,
OPTSTK,CONCOR,27-Oct-2016,1100,CE,0,0,0,390.05,326.55,0,0,0,0,17-AUG-2016,
OPTSTK,CONCOR,27-Oct-2016,1120,CE,0,0,0,370.9,307.6,0,0,0,0,17-AUG-2016,
OPTSTK,CONCOR,27-Oct-2016,1140,CE,0,0,0,351.85,288.85,0,0,0,0,17-AUG-2016,
OPTSTK,CONCOR,27-Oct-2016,1160,CE,0,0,0,333,270.4,0,0,0,0,17-AUG-2016,
OPTSTK,CONCOR,27-Oct-2016,1180,CE,0,0,0,314.4,252.3,0,0,0,0,17-AUG-2016,
OPTSTK,CONCOR,27-Oct-2016,1200,CE,0,0,0,296.1,234.6,0,0,0,0,17-AUG-2016,
OPTSTK,CONCOR,27-Oct-2016,1220,CE,0,0,0,278.05,217.35,0,0,0,0,17-AUG-2016,
OPTSTK,CONCOR,27-Oct-2016,1240,CE,0,0,0,260.4,200.6,0,0,0,0,17-AUG-2016,
OPTSTK,CONCOR,27-Oct-2016,1260,CE,0,0,0,243.2,184.5,0,0,0,0,17-AUG-2016,
OPTSTK,CONCOR,27-Oct-2016,1280,CE,0,0,0,226.4,168.95,0,0,0,0,17-AUG-2016,
OPTSTK,CONCOR,27-Oct-2016,1300,CE,0,0,0,210.15,154.2,0,0,0,0,17-AUG-2016,
OPTSTK,CONCOR,27-Oct-2016,1320,CE,0,0,0,194.45,140,0,0,0,0,17-AUG-2016,
OPTSTK,CONCOR,27-Oct-2016,1340,CE,0,0,0,179.35,126.7,0,0,0,0,17-AUG-2016,
OPTSTK,CONCOR,27-Oct-2016,1360,CE,0,0,0,164.9,114.15,0,0,0,0,17-AUG-2016,
OPTSTK,CONCOR,27-Oct-2016,1380,CE,0,0,0,151,102.4,0,0,0,0,17-AUG-2016,
OPTSTK,CONCOR,27-Oct-2016,1400,CE,0,0,0,137.9,91.5,0,0,0,0,17-AUG-2016,
OPTSTK,CONCOR,27-Oct-2016,1420,CE,0,0,0,125.5,81.35,0,0,0,0,17-AUG-2016,
OPTSTK,CONCOR,27-Oct-2016,1440,CE,0,0,0,113.85,72.1,0,0,0,0,17-AUG-2016,
OPTSTK,CONCOR,27-Oct-2016,1460,CE,0,0,0,102.95,63.6,0,0,0,0,17-AUG-2016,
OPTSTK,CONCOR,27-Oct-2016,1480,CE,0,0,0,92.75,55.85,0,0,0,0,17-AUG-2016,
OPTSTK,CONCOR,27-Oct-2016,1500,CE,0,0,0,83.25,48.85,0,0,0,0,17-AUG-2016,
OPTSTK,CONCOR,27-Oct-2016,1520,CE,0,0,0,74.5,42.55,0,0,0,0,17-AUG-2016,
OPTSTK,CONCOR,27-Oct-2016,1540,CE,0,0,0,66.45,36.9,0,0,0,0,17-AUG-2016,
OPTSTK,CONCOR,27-Oct-2016,1560,CE,0,0,0,59.1,31.95,0,0,0,0,17-AUG-2016,
OPTSTK,CONCOR,27-Oct-2016,1580,CE,0,0,0,52.35,27.5,0,0,0,0,17-AUG-2016,
OPTSTK,CONCOR,27-Oct-2016,1600,CE,0,0,0,46.25,23.55,0,0,0,0,17-AUG-2016,
OPTSTK,CONCOR,27-Oct-2016,1620,CE,0,0,0,40.7,20.15,0,0,0,0,17-AUG-2016,
OPTSTK,CONCOR,27-Oct-2016,1640,CE,0,0,0,35.8,17.15,0,0,0,0,17-AUG-2016,
OPTSTK,CONCOR,27-Oct-2016,1660,CE,0,0,0,31.35,14.55,0,0,0,0,17-AUG-2016,
OPTSTK,CONCOR,27-Oct-2016,1680,CE,0,0,0,27.3,12.25,0,0,0,0,17-AUG-2016,
OPTSTK,CONCOR,27-Oct-2016,1700,CE,0,0,0,23.75,10.35,0,0,0,0,17-AUG-2016,
OPTSTK,CONCOR,27-Oct-2016,1720,CE,0,0,0,20.6,8.65,0,0,0,0,17-AUG-2016,
OPTSTK,CONCOR,27-Oct-2016,1080,PE,0,0,0,0.8,1.3,0,0,0,0,17-AUG-2016,
OPTSTK,CONCOR,27-Oct-2016,1100,PE,0,0,0,1.15,1.85,0,0,0,0,17-AUG-2016,
OPTSTK,CONCOR,27-Oct-2016,1120,PE,0,0,0,1.65,2.6,0,0,0,0,17-AUG-2016,
OPTSTK,CONCOR,27-Oct-2016,1140,PE,0,0,0,2.25,3.6,0,0,0,0,17-AUG-2016,
OPTSTK,CONCOR,27-Oct-2016,1160,PE,0,0,0,3.1,4.9,0,0,0,0,17-AUG-2016,
OPTSTK,CONCOR,27-Oct-2016,1180,PE,0,0,0,4.15,6.5,0,0,0,0,17-AUG-2016,
OPTSTK,CONCOR,27-Oct-2016,1200,PE,0,0,0,5.45,8.55,0,0,0,0,17-AUG-2016,
OPTSTK,CONCOR,27-Oct-2016,1220,PE,0,0,0,7.1,11.05,0,0,0,0,17-AUG-2016,
OPTSTK,CONCOR,27-Oct-2016,1240,PE,0,0,0,9.1,14.05,0,0,0,0,17-AUG-2016,
OPTSTK,CONCOR,27-Oct-2016,1260,PE,0,0,0,11.55,17.65,0,0,0,0,17-AUG-2016,
OPTSTK,CONCOR,27-Oct-2016,1280,PE,0,0,0,14.4,21.85,0,0,0,0,17-AUG-2016,
OPTSTK,CONCOR,27-Oct-2016,1300,PE,0,0,0,17.8,26.8,0,0,0,0,17-AUG-2016,
OPTSTK,CONCOR,27-Oct-2016,1320,PE,0,0,0,21.75,32.35,0,0,0,0,17-AUG-2016,
OPTSTK,CONCOR,27-Oct-2016,1340,PE,0,0,0,26.3,38.75,0,0,0,0,17-AUG-2016,
OPTSTK,CONCOR,27-Oct-2016,1360,PE,0,0,0,31.55,45.95,0,0,0,0,17-AUG-2016,
OPTSTK,CONCOR,27-Oct-2016,1380,PE,0,0,0,37.3,53.95,0,0,0,0,17-AUG-2016,
OPTSTK,CONCOR,27-Oct-2016,1400,PE,0,0,0,43.85,62.75,0,0,0,0,17-AUG-2016,
OPTSTK,CONCOR,27-Oct-2016,1420,PE,0,0,0,51.1,72.4,0,0,0,0,17-AUG-2016,
OPTSTK,CONCOR,27-Oct-2016,1440,PE,0,0,0,59.1,82.85,0,0,0,0,17-AUG-2016,
OPTSTK,CONCOR,27-Oct-2016,1460,PE,0,0,0,67.85,94.05,0,0,0,0,17-AUG-2016,
OPTSTK,CONCOR,27-Oct-2016,1480,PE,0,0,0,77.3,106.05,0,0,0,0,17-AUG-2016,
OPTSTK,CONCOR,27-Oct-2016,1500,PE,0,0,0,87.5,118.8,0,0,0,0,17-AUG-2016,
OPTSTK,CONCOR,27-Oct-2016,1520,PE,0,0,0,98.4,132.25,0,0,0,0,17-AUG-2016,
OPTSTK,CONCOR,27-Oct-2016,1540,PE,0,0,0,110,146.35,0,0,0,0,17-AUG-2016,
OPTSTK,CONCOR,27-Oct-2016,1560,PE,0,0,0,122.3,161.1,0,0,0,0,17-AUG-2016,
OPTSTK,CONCOR,27-Oct-2016,1580,PE,0,0,0,135.2,176.35,0,0,0,0,17-AUG-2016,
OPTSTK,CONCOR,27-Oct-2016,1600,PE,0,0,0,148.75,192.2,0,0,0,0,17-AUG-2016,
OPTSTK,CONCOR,27-Oct-2016,1620,PE,0,0,0,162.9,208.5,0,0,0,0,17-AUG-2016,
OPTSTK,CONCOR,27-Oct-2016,1640,PE,0,0,0,177.65,225.2,0,0,0,0,17-AUG-2016,
OPTSTK,CONCOR,27-Oct-2016,1660,PE,0,0,0,192.85,242.35,0,0,0,0,17-AUG-2016,
OPTSTK,CONCOR,27-Oct-2016,1680,PE,0,0,0,208.45,259.85,0,0,0,0,17-AUG-2016,
OPTSTK,CONCOR,27-Oct-2016,1700,PE,0,0,0,224.55,277.6,0,0,0,0,17-AUG-2016,
OPTSTK,CONCOR,27-Oct-2016,1720,PE,0,0,0,241.05,295.7,0,0,0,0,17-AUG-2016,
OPTSTK,CROMPGREAV,25-Aug-2016,35,CE,0,0,0,26,51.5,0,0,0,0,17-AUG-2016,
OPTSTK,CROMPGREAV,25-Aug-2016,37.5,CE,0,0,0,23.6,49.05,0,0,0,0,17-AUG-2016,
OPTSTK,CROMPGREAV,25-Aug-2016,40,CE,0,0,0,21.2,46.55,0,0,0,0,17-AUG-2016,
OPTSTK,CROMPGREAV,25-Aug-2016,42.5,CE,0,0,0,18.85,44.05,0,0,0,0,17-AUG-2016,
OPTSTK,CROMPGREAV,25-Aug-2016,45,CE,0,0,0,16.6,41.55,0,0,0,0,17-AUG-2016,
OPTSTK,CROMPGREAV,25-Aug-2016,47.5,CE,0,0,0,14.45,39.05,0,0,0,0,17-AUG-2016,
OPTSTK,CROMPGREAV,25-Aug-2016,50,CE,0,0,0,12.45,36.55,0,0,0,0,17-AUG-2016,
OPTSTK,CROMPGREAV,25-Aug-2016,52.5,CE,0,0,0,10.6,34.05,0,0,0,0,17-AUG-2016,
OPTSTK,CROMPGREAV,25-Aug-2016,55,CE,0,0,0,8.9,31.55,0,0,0,0,17-AUG-2016,
OPTSTK,CROMPGREAV,25-Aug-2016,57.5,CE,0,0,0,7.4,29.05,0,0,0,0,17-AUG-2016,
OPTSTK,CROMPGREAV,25-Aug-2016,60,CE,0,0,0,6.1,26.55,0,0,0,0,17-AUG-2016,
OPTSTK,CROMPGREAV,25-Aug-2016,62.5,CE,0,0,0,4.95,24.05,0,0,0,0,17-AUG-2016,
OPTSTK,CROMPGREAV,25-Aug-2016,65,CE,0,0,0,4,21.55,0,0,0,0,17-AUG-2016,
OPTSTK,CROMPGREAV,25-Aug-2016,67.5,CE,0,0,0,3.2,19.05,0,0,0,0,17-AUG-2016,
OPTSTK,CROMPGREAV,25-Aug-2016,70,CE,0,0,0,2.5,16.6,0,0,0,0,17-AUG-2016,
OPTSTK,CROMPGREAV,25-Aug-2016,72.5,CE,0,0,0,2,14.1,0,0,0,0,17-AUG-2016,
OPTSTK,CROMPGREAV,25-Aug-2016,75,CE,0,0,0,10.95,11.6,0,0,48000,0,17-AUG-2016,
OPTSTK,CROMPGREAV,25-Aug-2016,77.5,CE,0,0,0,4,9.2,0,0,24000,0,17-AUG-2016,
OPTSTK,CROMPGREAV,25-Aug-2016,80,CE,8.1,8.1,7,7,7,6,63.3,300000,-12000,17-AUG-2016,
OPTSTK,CROMPGREAV,25-Aug-2016,82.5,CE,0,0,0,4.8,4.9,0,0,60000,0,17-AUG-2016,
OPTSTK,CROMPGREAV,25-Aug-2016,85,CE,3.8,4,2.7,3.1,3.1,55,584.09,360000,-408000,17-AUG-2016,
OPTSTK,CROMPGREAV,25-Aug-2016,87.5,CE,2.5,2.5,1.5,1.75,1.75,54,579.95,516000,216000,17-AUG-2016,
OPTSTK,CROMPGREAV,25-Aug-2016,90,CE,1.3,1.6,0.95,1,1,71,777.44,972000,132000,17-AUG-2016,
OPTSTK,CROMPGREAV,25-Aug-2016,92.5,CE,0.75,0.75,0.75,0.75,0.75,1,11.19,204000,0,17-AUG-2016,
OPTSTK,CROMPGREAV,25-Aug-2016,95,CE,0.4,0.4,0.35,0.35,0.35,3,34.33,240000,0,17-AUG-2016,
OPTSTK,CROMPGREAV,25-Aug-2016,97.5,CE,0,0,0,3.6,0.1,0,0,0,0,17-AUG-2016,
OPTSTK,CROMPGREAV,25-Aug-2016,100,CE,0,0,0,3.2,0.05,0,0,0,0,17-AUG-2016,
OPTSTK,CROMPGREAV,25-Aug-2016,35,PE,0,0,0,0.05,0,0,0,0,0,17-AUG-2016,
OPTSTK,CROMPGREAV,25-Aug-2016,37.5,PE,0,0,0,0.05,0,0,0,0,0,17-AUG-2016,
OPTSTK,CROMPGREAV,25-Aug-2016,40,PE,0,0,0,0.15,0,0,0,0,0,17-AUG-2016,
OPTSTK,CROMPGREAV,25-Aug-2016,42.5,PE,0,0,0,0.25,0,0,0,0,0,17-AUG-2016,
OPTSTK,CROMPGREAV,25-Aug-2016,45,PE,0,0,0,0.45,0,0,0,0,0,17-AUG-2016,
OPTSTK,CROMPGREAV,25-Aug-2016,47.5,PE,0,0,0,0.75,0,0,0,0,0,17-AUG-2016,
OPTSTK,CROMPGREAV,25-Aug-2016,50,PE,0,0,0,1.2,0,0,0,0,0,17-AUG-2016,
OPTSTK,CROMPGREAV,25-Aug-2016,52.5,PE,0,0,0,1.8,0,0,0,0,0,17-AUG-2016,
OPTSTK,CROMPGREAV,25-Aug-2016,55,PE,0,0,0,2.55,0,0,0,0,0,17-AUG-2016,
OPTSTK,CROMPGREAV,25-Aug-2016,57.5,PE,0,0,0,3.5,0,0,0,0,0,17-AUG-2016,
OPTSTK,CROMPGREAV,25-Aug-2016,60,PE,0,0,0,4.65,0,0,0,0,0,17-AUG-2016,
OPTSTK,CROMPGREAV,25-Aug-2016,62.5,PE,0,0,0,0.25,0,0,0,24000,0,17-AUG-2016,
OPTSTK,CROMPGREAV,25-Aug-2016,65,PE,0,0,0,0.45,0,0,0,72000,0,17-AUG-2016,
OPTSTK,CROMPGREAV,25-Aug-2016,67.5,PE,0,0,0,0.1,0,0,0,24000,0,17-AUG-2016,
OPTSTK,CROMPGREAV,25-Aug-2016,70,PE,0.05,0.05,0.05,0.05,0.05,6,50.43,264000,-72000,17-AUG-2016,
OPTSTK,CROMPGREAV,25-Aug-2016,72.5,PE,0,0,0,0.05,0.05,0,0,108000,0,17-AUG-2016,
OPTSTK,CROMPGREAV,25-Aug-2016,75,PE,0.05,0.05,0.05,0.05,0.05,6,54.03,180000,-36000,17-AUG-2016,
OPTSTK,CROMPGREAV,25-Aug-2016,77.5,PE,0.15,0.15,0.1,0.1,0.1,9,83.85,84000,-72000,17-AUG-2016,
OPTSTK,CROMPGREAV,25-Aug-2016,80,PE,0.2,0.3,0.2,0.25,0.25,16,154.04,420000,24000,17-AUG-2016,
OPTSTK,CROMPGREAV,25-Aug-2016,82.5,PE,0.5,0.6,0.5,0.6,0.6,5,49.81,120000,24000,17-AUG-2016,
OPTSTK,CROMPGREAV,25-Aug-2016,85,PE,1,1.4,0.9,1.25,1.25,22,227.35,120000,72000,17-AUG-2016,
OPTSTK,CROMPGREAV,25-Aug-2016,87.5,PE,1.9,2,1.9,2,2,2,21.46,36000,24000,17-AUG-2016,
OPTSTK,CROMPGREAV,25-Aug-2016,90,PE,4,4,4,4,4,1,11.28,12000,12000,17-AUG-2016,
OPTSTK,CROMPGREAV,25-Aug-2016,92.5,PE,0,0,0,26,6.45,0,0,0,0,17-AUG-2016,
OPTSTK,CROMPGREAV,25-Aug-2016,95,PE,0,0,0,23.4,8.65,0,0,0,0,17-AUG-2016,
OPTSTK,CROMPGREAV,25-Aug-2016,97.5,PE,0,0,0,25.4,11,0,0,0,0,17-AUG-2016,
OPTSTK,CROMPGREAV,25-Aug-2016,100,PE,0,0,0,27.45,13.45,0,0,0,0,17-AUG-2016,
OPTSTK,CROMPGREAV,29-Sep-2016,45,CE,0,0,0,29.7,41.85,0,0,0,0,17-AUG-2016,
OPTSTK,CROMPGREAV,29-Sep-2016,47.5,CE,0,0,0,27.3,39.35,0,0,0,0,17-AUG-2016,
OPTSTK,CROMPGREAV,29-Sep-2016,50,CE,0,0,0,25,36.9,0,0,0,0,17-AUG-2016,
OPTSTK,CROMPGREAV,29-Sep-2016,52.5,CE,0,0,0,22.75,34.4,0,0,0,0,17-AUG-2016,
OPTSTK,CROMPGREAV,29-Sep-2016,55,CE,0,0,0,20.6,31.9,0,0,0,0,17-AUG-2016,
OPTSTK,CROMPGREAV,29-Sep-2016,57.5,CE,0,0,0,18.5,29.45,0,0,0,0,17-AUG-2016,
OPTSTK,CROMPGREAV,29-Sep-2016,60,CE,0,0,0,16.55,27,0,0,0,0,17-AUG-2016,
OPTSTK,CROMPGREAV,29-Sep-2016,62.5,CE,0,0,0,14.7,24.55,0,0,0,0,17-AUG-2016,
OPTSTK,CROMPGREAV,29-Sep-2016,65,CE,0,0,0,13,22.15,0,0,0,0,17-AUG-2016,
OPTSTK,CROMPGREAV,29-Sep-2016,67.5,CE,0,0,0,11.4,19.75,0,0,0,0,17-AUG-2016,
OPTSTK,CROMPGREAV,29-Sep-2016,70,CE,0,0,0,9.95,17.45,0,0,0,0,17-AUG-2016,
OPTSTK,CROMPGREAV,29-Sep-2016,72.5,CE,0,0,0,8.65,15.25,0,0,0,0,17-AUG-2016,
OPTSTK,CROMPGREAV,29-Sep-2016,75,CE,0,0,0,7.5,13.2,0,0,0,0,17-AUG-2016,
OPTSTK,CROMPGREAV,29-Sep-2016,77.5,CE,0,0,0,6.45,11.25,0,0,0,0,17-AUG-2016,
OPTSTK,CROMPGREAV,29-Sep-2016,80,CE,0,0,0,5.5,9.45,0,0,0,0,17-AUG-2016,
OPTSTK,CROMPGREAV,29-Sep-2016,82.5,CE,0,0,0,4.7,7.85,0,0,0,0,17-AUG-2016,
OPTSTK,CROMPGREAV,29-Sep-2016,85,CE,0,0,0,4,6.45,0,0,0,0,17-AUG-2016,
OPTSTK,CROMPGREAV,29-Sep-2016,87.5,CE,0,0,0,3.4,5.2,0,0,0,0,17-AUG-2016,
OPTSTK,CROMPGREAV,29-Sep-2016,90,CE,4.4,4.4,4.1,4.1,4.1,2,22.62,24000,24000,17-AUG-2016,
OPTSTK,CROMPGREAV,29-Sep-2016,92.5,CE,0,0,0,2.4,3.3,0,0,0,0,17-AUG-2016,
OPTSTK,CROMPGREAV,29-Sep-2016,95,CE,0,0,0,2.05,2.55,0,0,12000,0,17-AUG-2016,
OPTSTK,CROMPGREAV,29-Sep-2016,97.5,CE,0,0,0,1.7,2,0,0,0,0,17-AUG-2016,
OPTSTK,CROMPGREAV,29-Sep-2016,100,CE,0,0,0,1.4,1.5,0,0,0,0,17-AUG-2016,
OPTSTK,CROMPGREAV,29-Sep-2016,45,PE,0,0,0,0.15,0,0,0,0,0,17-AUG-2016,
OPTSTK,CROMPGREAV,29-Sep-2016,47.5,PE,0,0,0,0.25,0,0,0,0,0,17-AUG-2016,
OPTSTK,CROMPGREAV,29-Sep-2016,50,PE,0,0,0,0.35,0,0,0,0,0,17-AUG-2016,
OPTSTK,CROMPGREAV,29-Sep-2016,52.5,PE,0,0,0,0.6,0,0,0,0,0,17-AUG-2016,
OPTSTK,CROMPGREAV,29-Sep-2016,55,PE,0,0,0,0.85,0,0,0,0,0,17-AUG-2016,
OPTSTK,CROMPGREAV,29-Sep-2016,57.5,PE,0,0,0,1.25,0.05,0,0,0,0,17-AUG-2016,
OPTSTK,CROMPGREAV,29-Sep-2016,60,PE,0,0,0,1.75,0.05,0,0,0,0,17-AUG-2016,
OPTSTK,CROMPGREAV,29-Sep-2016,62.5,PE,0,0,0,2.35,0.1,0,0,0,0,17-AUG-2016,
OPTSTK,CROMPGREAV,29-Sep-2016,65,PE,0,0,0,3.1,0.15,0,0,0,0,17-AUG-2016,
OPTSTK,CROMPGREAV,29-Sep-2016,67.5,PE,0,0,0,3.95,0.25,0,0,0,0,17-AUG-2016,
OPTSTK,CROMPGREAV,29-Sep-2016,70,PE,0,0,0,5,0.45,0,0,0,0,17-AUG-2016,
OPTSTK,CROMPGREAV,29-Sep-2016,72.5,PE,0,0,0,6.1,0.75,0,0,0,0,17-AUG-2016,
OPTSTK,CROMPGREAV,29-Sep-2016,75,PE,0,0,0,7.4,1.15,0,0,0,0,17-AUG-2016,
OPTSTK,CROMPGREAV,29-Sep-2016,77.5,PE,0,0,0,8.8,1.65,0,0,0,0,17-AUG-2016,
OPTSTK,CROMPGREAV,29-Sep-2016,80,PE,0,0,0,10.35,2.35,0,0,0,0,17-AUG-2016,
OPTSTK,CROMPGREAV,29-Sep-2016,82.5,PE,0,0,0,12,3.25,0,0,0,0,17-AUG-2016,
OPTSTK,CROMPGREAV,29-Sep-2016,85,PE,0,0,0,13.75,4.3,0,0,0,0,17-AUG-2016,
OPTSTK,CROMPGREAV,29-Sep-2016,87.5,PE,0,0,0,15.6,5.55,0,0,0,0,17-AUG-2016,
OPTSTK,CROMPGREAV,29-Sep-2016,90,PE,0,0,0,17.5,7,0,0,0,0,17-AUG-2016,
OPTSTK,CROMPGREAV,29-Sep-2016,92.5,PE,0,0,0,19.5,8.6,0,0,0,0,17-AUG-2016,
OPTSTK,CROMPGREAV,29-Sep-2016,95,PE,0,0,0,21.6,10.35,0,0,0,0,17-AUG-2016,
OPTSTK,CROMPGREAV,29-Sep-2016,97.5,PE,0,0,0,23.7,12.25,0,0,0,0,17-AUG-2016,
OPTSTK,CROMPGREAV,29-Sep-2016,100,PE,0,0,0,25.9,14.25,0,0,0,0,17-AUG-2016,
OPTSTK,CROMPGREAV,27-Oct-2016,47.5,CE,0,0,0,31.5,39.6,0,0,0,0,17-AUG-2016,
OPTSTK,CROMPGREAV,27-Oct-2016,50,CE,0,0,0,29.1,37.15,0,0,0,0,17-AUG-2016,
OPTSTK,CROMPGREAV,27-Oct-2016,52.5,CE,0,0,0,26.7,34.7,0,0,0,0,17-AUG-2016,
OPTSTK,CROMPGREAV,27-Oct-2016,55,CE,0,0,0,24.4,32.25,0,0,0,0,17-AUG-2016,
OPTSTK,CROMPGREAV,27-Oct-2016,57.5,CE,0,0,0,22.1,29.85,0,0,0,0,17-AUG-2016,
OPTSTK,CROMPGREAV,27-Oct-2016,60,CE,0,0,0,19.95,27.45,0,0,0,0,17-AUG-2016,
OPTSTK,CROMPGREAV,27-Oct-2016,62.5,CE,0,0,0,17.85,25.1,0,0,0,0,17-AUG-2016,
OPTSTK,CROMPGREAV,27-Oct-2016,65,CE,0,0,0,15.85,22.8,0,0,0,0,17-AUG-2016,
OPTSTK,CROMPGREAV,27-Oct-2016,67.5,CE,0,0,0,14,20.55,0,0,0,0,17-AUG-2016,
OPTSTK,CROMPGREAV,27-Oct-2016,70,CE,0,0,0,12.3,18.4,0,0,0,0,17-AUG-2016,
OPTSTK,CROMPGREAV,27-Oct-2016,72.5,CE,0,0,0,10.7,16.4,0,0,0,0,17-AUG-2016,
OPTSTK,CROMPGREAV,27-Oct-2016,75,CE,0,0,0,9.25,14.45,0,0,0,0,17-AUG-2016,
OPTSTK,CROMPGREAV,27-Oct-2016,77.5,CE,0,0,0,7.95,12.7,0,0,0,0,17-AUG-2016,
OPTSTK,CROMPGREAV,27-Oct-2016,80,CE,0,0,0,6.8,11.05,0,0,0,0,17-AUG-2016,
OPTSTK,CROMPGREAV,27-Oct-2016,82.5,CE,0,0,0,5.8,9.55,0,0,0,0,17-AUG-2016,
OPTSTK,CROMPGREAV,27-Oct-2016,85,CE,0,0,0,4.9,8.15,0,0,0,0,17-AUG-2016,
OPTSTK,CROMPGREAV,27-Oct-2016,87.5,CE,0,0,0,4.1,6.95,0,0,0,0,17-AUG-2016,
OPTSTK,CROMPGREAV,27-Oct-2016,90,CE,0,0,0,3.45,5.9,0,0,0,0,17-AUG-2016,
OPTSTK,CROMPGREAV,27-Oct-2016,92.5,CE,0,0,0,2.85,4.95,0,0,0,0,17-AUG-2016,
OPTSTK,CROMPGREAV,27-Oct-2016,95,CE,0,0,0,2.35,4.15,0,0,0,0,17-AUG-2016,
OPTSTK,CROMPGREAV,27-Oct-2016,97.5,CE,0,0,0,1.95,3.45,0,0,0,0,17-AUG-2016,
OPTSTK,CROMPGREAV,27-Oct-2016,100,CE,0,0,0,1.6,2.85,0,0,0,0,17-AUG-2016,
OPTSTK,CROMPGREAV,27-Oct-2016,47.5,PE,0,0,0,0.05,0,0,0,0,0,17-AUG-2016,
OPTSTK,CROMPGREAV,27-Oct-2016,50,PE,0,0,0,0.1,0.05,0,0,0,0,17-AUG-2016,
OPTSTK,CROMPGREAV,27-Oct-2016,52.5,PE,0,0,0,0.2,0.05,0,0,0,0,17-AUG-2016,
OPTSTK,CROMPGREAV,27-Oct-2016,55,PE,0,0,0,0.35,0.05,0,0,0,0,17-AUG-2016,
OPTSTK,CROMPGREAV,27-Oct-2016,57.5,PE,0,0,0,0.55,0.1,0,0,0,0,17-AUG-2016,
OPTSTK,CROMPGREAV,27-Oct-2016,60,PE,0,0,0,0.8,0.2,0,0,0,0,17-AUG-2016,
OPTSTK,CROMPGREAV,27-Oct-2016,62.5,PE,0,0,0,1.15,0.3,0,0,0,0,17-AUG-2016,
OPTSTK,CROMPGREAV,27-Oct-2016,65,PE,0,0,0,1.65,0.45,0,0,0,0,17-AUG-2016,
OPTSTK,CROMPGREAV,27-Oct-2016,67.5,PE,0,0,0,2.25,0.7,0,0,0,0,17-AUG-2016,
OPTSTK,CROMPGREAV,27-Oct-2016,70,PE,0,0,0,3,1.05,0,0,0,0,17-AUG-2016,
OPTSTK,CROMPGREAV,27-Oct-2016,72.5,PE,0,0,0,3.85,1.45,0,0,0,0,17-AUG-2016,
OPTSTK,CROMPGREAV,27-Oct-2016,75,PE,0,0,0,4.85,2,0,0,0,0,17-AUG-2016,
OPTSTK,CROMPGREAV,27-Oct-2016,77.5,PE,0,0,0,6.05,2.7,0,0,0,0,17-AUG-2016,
OPTSTK,CROMPGREAV,27-Oct-2016,80,PE,0,0,0,7.35,3.5,0,0,0,0,17-AUG-2016,
OPTSTK,CROMPGREAV,27-Oct-2016,82.5,PE,0,0,0,8.75,4.5,0,0,0,0,17-AUG-2016,
OPTSTK,CROMPGREAV,27-Oct-2016,85,PE,0,0,0,10.3,5.6,0,0,0,0,17-AUG-2016,
OPTSTK,CROMPGREAV,27-Oct-2016,87.5,PE,0,0,0,12,6.85,0,0,0,0,17-AUG-2016,
OPTSTK,CROMPGREAV,27-Oct-2016,90,PE,0,0,0,13.8,8.25,0,0,0,0,17-AUG-2016,
OPTSTK,CROMPGREAV,27-Oct-2016,92.5,PE,0,0,0,15.65,9.75,0,0,0,0,17-AUG-2016,
OPTSTK,CROMPGREAV,27-Oct-2016,95,PE,0,0,0,17.65,11.4,0,0,0,0,17-AUG-2016,
OPTSTK,CROMPGREAV,27-Oct-2016,97.5,PE,0,0,0,19.7,13.2,0,0,0,0,17-AUG-2016,
OPTSTK,CROMPGREAV,27-Oct-2016,100,PE,0,0,0,21.8,15.05,0,0,0,0,17-AUG-2016,
OPTSTK,CUMMINSIND,25-Aug-2016,600,CE,0,0,0,221.9,296.25,0,0,0,0,17-AUG-2016,
OPTSTK,CUMMINSIND,25-Aug-2016,620,CE,0,0,0,203.95,276.3,0,0,0,0,17-AUG-2016,
OPTSTK,CUMMINSIND,25-Aug-2016,640,CE,0,0,0,186.5,256.35,0,0,0,0,17-AUG-2016,
OPTSTK,CUMMINSIND,25-Aug-2016,660,CE,0,0,0,169.7,236.35,0,0,0,0,17-AUG-2016,
OPTSTK,CUMMINSIND,25-Aug-2016,680,CE,0,0,0,153.6,216.4,0,0,0,0,17-AUG-2016,
OPTSTK,CUMMINSIND,25-Aug-2016,700,CE,0,0,0,138.3,196.4,0,0,0,0,17-AUG-2016,
OPTSTK,CUMMINSIND,25-Aug-2016,720,CE,0,0,0,123.9,176.45,0,0,0,0,17-AUG-2016,
OPTSTK,CUMMINSIND,25-Aug-2016,740,CE,0,0,0,110.35,156.5,0,0,0,0,17-AUG-2016,
OPTSTK,CUMMINSIND,25-Aug-2016,760,CE,0,0,0,102.2,136.5,0,0,600,0,17-AUG-2016,
OPTSTK,CUMMINSIND,25-Aug-2016,780,CE,0,0,0,82.9,116.55,0,0,600,0,17-AUG-2016,
OPTSTK,CUMMINSIND,25-Aug-2016,800,CE,0,0,0,105,96.75,0,0,2400,0,17-AUG-2016,
OPTSTK,CUMMINSIND,25-Aug-2016,820,CE,0,0,0,53.15,77.25,0,0,2400,0,17-AUG-2016,
OPTSTK,CUMMINSIND,25-Aug-2016,840,CE,52,52,52,52,52,1,5.35,9600,0,17-AUG-2016,
OPTSTK,CUMMINSIND,25-Aug-2016,860,CE,0,0,0,60,41.7,0,0,4200,0,17-AUG-2016,
OPTSTK,CUMMINSIND,25-Aug-2016,880,CE,20.05,20.05,20.05,20.05,20.05,1,5.4,6000,0,17-AUG-2016,
OPTSTK,CUMMINSIND,25-Aug-2016,900,CE,11.45,15,11.45,12.1,12.1,3,16.43,18000,-600,17-AUG-2016,
OPTSTK,CUMMINSIND,25-Aug-2016,920,CE,6.15,6.15,6.15,6.15,6.15,1,5.55,6600,0,17-AUG-2016,
OPTSTK,CUMMINSIND,25-Aug-2016,940,CE,0,0,0,11.75,4.35,0,0,7200,0,17-AUG-2016,
OPTSTK,CUMMINSIND,25-Aug-2016,960,CE,0,0,0,6.55,1.9,0,0,1800,0,17-AUG-2016,
OPTSTK,CUMMINSIND,25-Aug-2016,980,CE,0,0,0,18.9,0.75,0,0,0,0,17-AUG-2016,
OPTSTK,CUMMINSIND,25-Aug-2016,1000,CE,0,0,0,15.9,0.3,0,0,0,0,17-AUG-2016,
OPTSTK,CUMMINSIND,25-Aug-2016,1020,CE,0,0,0,13.3,0.1,0,0,0,0,17-AUG-2016,
OPTSTK,CUMMINSIND,25-Aug-2016,1040,CE,0,0,0,11.1,0.05,0,0,0,0,17-AUG-2016,
OPTSTK,CUMMINSIND,25-Aug-2016,1060,CE,0,0,0,9.25,0.05,0,0,0,0,17-AUG-2016,
OPTSTK,CUMMINSIND,25-Aug-2016,1080,CE,0,0,0,7.65,0,0,0,0,0,17-AUG-2016,
OPTSTK,CUMMINSIND,25-Aug-2016,600,PE,0,0,0,3.55,0,0,0,0,0,17-AUG-2016,
OPTSTK,CUMMINSIND,25-Aug-2016,620,PE,0,0,0,5.25,0,0,0,0,0,17-AUG-2016,
OPTSTK,CUMMINSIND,25-Aug-2016,640,PE,0,0,0,7.4,0,0,0,0,0,17-AUG-2016,
OPTSTK,CUMMINSIND,25-Aug-2016,660,PE,0,0,0,10.25,0,0,0,0,0,17-AUG-2016,
OPTSTK,CUMMINSIND,25-Aug-2016,680,PE,0,0,0,13.8,0,0,0,0,0,17-AUG-2016,
OPTSTK,CUMMINSIND,25-Aug-2016,700,PE,0,0,0,18.15,0,0,0,0,0,17-AUG-2016,
OPTSTK,CUMMINSIND,25-Aug-2016,720,PE,0,0,0,23.4,0,0,0,0,0,17-AUG-2016,
OPTSTK,CUMMINSIND,25-Aug-2016,740,PE,0,0,0,29.5,0,0,0,0,0,17-AUG-2016,
OPTSTK,CUMMINSIND,25-Aug-2016,760,PE,0,0,0,1.9,0.05,0,0,600,0,17-AUG-2016,
OPTSTK,CUMMINSIND,25-Aug-2016,780,PE,0,0,0,0.2,0.05,0,0,600,0,17-AUG-2016,
OPTSTK,CUMMINSIND,25-Aug-2016,800,PE,0,0,0,0.05,0.2,0,0,4800,0,17-AUG-2016,
OPTSTK,CUMMINSIND,25-Aug-2016,820,PE,0,0,0,0.5,0.7,0,0,7200,0,17-AUG-2016,
OPTSTK,CUMMINSIND,25-Aug-2016,840,PE,0.2,0.3,0.2,0.3,0.3,2,10.08,9600,600,17-AUG-2016,
OPTSTK,CUMMINSIND,25-Aug-2016,860,PE,0,0,0,2.75,5.05,0,0,12000,0,17-AUG-2016,
OPTSTK,CUMMINSIND,25-Aug-2016,880,PE,0,0,0,6.2,10.7,0,0,7800,0,17-AUG-2016,
OPTSTK,CUMMINSIND,25-Aug-2016,900,PE,15.95,15.95,15.95,15.95,15.95,1,5.49,6600,0,17-AUG-2016,
OPTSTK,CUMMINSIND,25-Aug-2016,920,PE,0,0,0,35,32.2,0,0,4800,0,17-AUG-2016,
OPTSTK,CUMMINSIND,25-Aug-2016,940,PE,0,0,0,142.1,47.6,0,0,0,0,17-AUG-2016,
OPTSTK,CUMMINSIND,25-Aug-2016,960,PE,0,0,0,157.65,65.1,0,0,0,0,17-AUG-2016,
OPTSTK,CUMMINSIND,25-Aug-2016,980,PE,0,0,0,172.65,83.95,0,0,600,0,17-AUG-2016,
OPTSTK,CUMMINSIND,25-Aug-2016,1000,PE,0,0,0,190.4,103.45,0,0,0,0,17-AUG-2016,
OPTSTK,CUMMINSIND,25-Aug-2016,1020,PE,0,0,0,207.45,123.2,0,0,0,0,17-AUG-2016,
OPTSTK,CUMMINSIND,25-Aug-2016,1040,PE,0,0,0,224.9,143.15,0,0,0,0,17-AUG-2016,
OPTSTK,CUMMINSIND,25-Aug-2016,1060,PE,0,0,0,242.65,163.1,0,0,0,0,17-AUG-2016,
OPTSTK,CUMMINSIND,25-Aug-2016,1080,PE,0,0,0,260.75,183.05,0,0,0,0,17-AUG-2016,
OPTSTK,CUMMINSIND,29-Sep-2016,600,CE,0,0,0,259.7,300.25,0,0,0,0,17-AUG-2016,
OPTSTK,CUMMINSIND,29-Sep-2016,620,CE,0,0,0,240.2,280.4,0,0,0,0,17-AUG-2016,
OPTSTK,CUMMINSIND,29-Sep-2016,640,CE,0,0,0,220.85,260.6,0,0,0,0,17-AUG-2016,
OPTSTK,CUMMINSIND,29-Sep-2016,660,CE,0,0,0,201.75,240.8,0,0,0,0,17-AUG-2016,
OPTSTK,CUMMINSIND,29-Sep-2016,680,CE,0,0,0,182.95,221.1,0,0,0,0,17-AUG-2016,
OPTSTK,CUMMINSIND,29-Sep-2016,700,CE,0,0,0,164.55,201.5,0,0,0,0,17-AUG-2016,
OPTSTK,CUMMINSIND,29-Sep-2016,720,CE,0,0,0,146.8,182.15,0,0,0,0,17-AUG-2016,
OPTSTK,CUMMINSIND,29-Sep-2016,740,CE,0,0,0,129.75,163.1,0,0,0,0,17-AUG-2016,
OPTSTK,CUMMINSIND,29-Sep-2016,760,CE,0,0,0,113.55,144.5,0,0,0,0,17-AUG-2016,
OPTSTK,CUMMINSIND,29-Sep-2016,780,CE,0,0,0,98.45,126.6,0,0,0,0,17-AUG-2016,
OPTSTK,CUMMINSIND,29-Sep-2016,800,CE,0,0,0,84.4,109.5,0,0,0,0,17-AUG-2016,
OPTSTK,CUMMINSIND,29-Sep-2016,820,CE,0,0,0,71.6,93.5,0,0,0,0,17-AUG-2016,
OPTSTK,CUMMINSIND,29-Sep-2016,840,CE,0,0,0,60.15,78.75,0,0,0,0,17-AUG-2016,
OPTSTK,CUMMINSIND,29-Sep-2016,860,CE,0,0,0,49.95,65.3,0,0,0,0,17-AUG-2016,
OPTSTK,CUMMINSIND,29-Sep-2016,880,CE,0,0,0,41.05,53.35,0,0,0,0,17-AUG-2016,
OPTSTK,CUMMINSIND,29-Sep-2016,900,CE,0,0,0,33.35,42.95,0,0,0,0,17-AUG-2016,
OPTSTK,CUMMINSIND,29-Sep-2016,920,CE,0,0,0,26.85,34,0,0,0,0,17-AUG-2016,
OPTSTK,CUMMINSIND,29-Sep-2016,940,CE,0,0,0,21.45,26.55,0,0,0,0,17-AUG-2016,
OPTSTK,CUMMINSIND,29-Sep-2016,960,CE,0,0,0,16.9,20.4,0,0,0,0,17-AUG-2016,
OPTSTK,CUMMINSIND,29-Sep-2016,980,CE,0,0,0,13.2,15.5,0,0,0,0,17-AUG-2016,
OPTSTK,CUMMINSIND,29-Sep-2016,1000,CE,0,0,0,10.2,11.55,0,0,0,0,17-AUG-2016,
OPTSTK,CUMMINSIND,29-Sep-2016,1020,CE,0,0,0,7.85,8.5,0,0,0,0,17-AUG-2016,
OPTSTK,CUMMINSIND,29-Sep-2016,1040,CE,0,0,0,5.95,6.15,0,0,0,0,17-AUG-2016,
OPTSTK,CUMMINSIND,29-Sep-2016,1060,CE,0,0,0,4.5,4.4,0,0,0,0,17-AUG-2016,
OPTSTK,CUMMINSIND,29-Sep-2016,1080,CE,0,0,0,3.35,3.1,0,0,0,0,17-AUG-2016,
OPTSTK,CUMMINSIND,29-Sep-2016,600,PE,0,0,0,0.2,0,0,0,0,0,17-AUG-2016,
OPTSTK,CUMMINSIND,29-Sep-2016,620,PE,0,0,0,0.35,0.05,0,0,0,0,17-AUG-2016,
OPTSTK,CUMMINSIND,29-Sep-2016,640,PE,0,0,0,0.65,0.05,0,0,0,0,17-AUG-2016,
OPTSTK,CUMMINSIND,29-Sep-2016,660,PE,0,0,0,1.2,0.1,0,0,0,0,17-AUG-2016,
OPTSTK,CUMMINSIND,29-Sep-2016,680,PE,0,0,0,2,0.25,0,0,0,0,17-AUG-2016,
OPTSTK,CUMMINSIND,29-Sep-2016,700,PE,0,0,0,3.3,0.5,0,0,0,0,17-AUG-2016,
OPTSTK,CUMMINSIND,29-Sep-2016,720,PE,0,0,0,5.15,0.95,0,0,0,0,17-AUG-2016,
OPTSTK,CUMMINSIND,29-Sep-2016,740,PE,0,0,0,7.75,1.75,0,0,0,0,17-AUG-2016,
OPTSTK,CUMMINSIND,29-Sep-2016,760,PE,0,0,0,11.25,3,0,0,0,0,17-AUG-2016,
OPTSTK,CUMMINSIND,29-Sep-2016,780,PE,0,0,0,15.75,4.95,0,0,0,0,17-AUG-2016,
OPTSTK,CUMMINSIND,29-Sep-2016,800,PE,0,0,0,21.35,7.7,0,0,0,0,17-AUG-2016,
OPTSTK,CUMMINSIND,29-Sep-2016,820,PE,0,0,0,28.25,11.5,0,0,0,0,17-AUG-2016,
OPTSTK,CUMMINSIND,29-Sep-2016,840,PE,0,0,0,36.4,16.6,0,0,0,0,17-AUG-2016,
OPTSTK,CUMMINSIND,29-Sep-2016,860,PE,0,0,0,45.85,23,0,0,0,0,17-AUG-2016,
OPTSTK,CUMMINSIND,29-Sep-2016,880,PE,0,0,0,56.6,30.9,0,0,0,0,17-AUG-2016,
OPTSTK,CUMMINSIND,29-Sep-2016,900,PE,0,0,0,68.55,40.3,0,0,0,0,17-AUG-2016,
OPTSTK,CUMMINSIND,29-Sep-2016,920,PE,0,0,0,81.7,51.25,0,0,0,0,17-AUG-2016,
OPTSTK,CUMMINSIND,29-Sep-2016,940,PE,0,0,0,95.9,63.6,0,0,0,0,17-AUG-2016,
OPTSTK,CUMMINSIND,29-Sep-2016,960,PE,0,0,0,111.05,77.25,0,0,0,0,17-AUG-2016,
OPTSTK,CUMMINSIND,29-Sep-2016,980,PE,0,0,0,127,92.2,0,0,0,0,17-AUG-2016,
OPTSTK,CUMMINSIND,29-Sep-2016,1000,PE,0,0,0,143.65,108.1,0,0,0,0,17-AUG-2016,
OPTSTK,CUMMINSIND,29-Sep-2016,1020,PE,0,0,0,160.9,124.85,0,0,0,0,17-AUG-2016,
OPTSTK,CUMMINSIND,29-Sep-2016,1040,PE,0,0,0,178.7,142.35,0,0,0,0,17-AUG-2016,
OPTSTK,CUMMINSIND,29-Sep-2016,1060,PE,0,0,0,196.85,160.45,0,0,0,0,17-AUG-2016,
OPTSTK,CUMMINSIND,29-Sep-2016,1080,PE,0,0,0,215.4,179,0,0,0,0,17-AUG-2016,
OPTSTK,CUMMINSIND,27-Oct-2016,600,CE,0,0,0,295.9,303.45,0,0,0,0,17-AUG-2016,
OPTSTK,CUMMINSIND,27-Oct-2016,620,CE,0,0,0,276.3,283.85,0,0,0,0,17-AUG-2016,
OPTSTK,CUMMINSIND,27-Oct-2016,640,CE,0,0,0,256.75,264.3,0,0,0,0,17-AUG-2016,
OPTSTK,CUMMINSIND,27-Oct-2016,660,CE,0,0,0,237.25,244.85,0,0,0,0,17-AUG-2016,
OPTSTK,CUMMINSIND,27-Oct-2016,680,CE,0,0,0,217.9,225.65,0,0,0,0,17-AUG-2016,
OPTSTK,CUMMINSIND,27-Oct-2016,700,CE,0,0,0,198.75,206.7,0,0,0,0,17-AUG-2016,
OPTSTK,CUMMINSIND,27-Oct-2016,720,CE,0,0,0,179.95,188.15,0,0,0,0,17-AUG-2016,
OPTSTK,CUMMINSIND,27-Oct-2016,740,CE,0,0,0,161.6,170.1,0,0,0,0,17-AUG-2016,
OPTSTK,CUMMINSIND,27-Oct-2016,760,CE,0,0,0,143.8,152.65,0,0,0,0,17-AUG-2016,
OPTSTK,CUMMINSIND,27-Oct-2016,780,CE,0,0,0,126.8,135.95,0,0,0,0,17-AUG-2016,
OPTSTK,CUMMINSIND,27-Oct-2016,800,CE,0,0,0,110.65,120.15,0,0,0,0,17-AUG-2016,
OPTSTK,CUMMINSIND,27-Oct-2016,820,CE,0,0,0,95.6,105.3,0,0,0,0,17-AUG-2016,
OPTSTK,CUMMINSIND,27-Oct-2016,840,CE,0,0,0,81.6,91.5,0,0,0,0,17-AUG-2016,
OPTSTK,CUMMINSIND,27-Oct-2016,860,CE,0,0,0,68.95,78.85,0,0,0,0,17-AUG-2016,
OPTSTK,CUMMINSIND,27-Oct-2016,880,CE,0,0,0,57.6,67.35,0,0,0,0,17-AUG-2016,
OPTSTK,CUMMINSIND,27-Oct-2016,900,CE,0,0,0,47.55,57.05,0,0,0,0,17-AUG-2016,
OPTSTK,CUMMINSIND,27-Oct-2016,920,CE,0,0,0,38.8,47.9,0,0,0,0,17-AUG-2016,
OPTSTK,CUMMINSIND,27-Oct-2016,940,CE,0,0,0,31.35,39.9,0,0,0,0,17-AUG-2016,
OPTSTK,CUMMINSIND,27-Oct-2016,960,CE,0,0,0,25,32.95,0,0,0,0,17-AUG-2016,
OPTSTK,CUMMINSIND,27-Oct-2016,980,CE,0,0,0,19.8,27,0,0,0,0,17-AUG-2016,
OPTSTK,CUMMINSIND,27-Oct-2016,1000,CE,0,0,0,15.45,22,0,0,0,0,17-AUG-2016,
OPTSTK,CUMMINSIND,27-Oct-2016,1020,CE,0,0,0,11.95,17.75,0,0,0,0,17-AUG-2016,
OPTSTK,CUMMINSIND,27-Oct-2016,1040,CE,0,0,0,9.15,14.2,0,0,0,0,17-AUG-2016,
OPTSTK,CUMMINSIND,27-Oct-2016,1060,CE,0,0,0,6.95,11.3,0,0,0,0,17-AUG-2016,
OPTSTK,CUMMINSIND,27-Oct-2016,1080,CE,0,0,0,5.2,8.9,0,0,0,0,17-AUG-2016,
OPTSTK,CUMMINSIND,27-Oct-2016,600,PE,0,0,0,0.05,0.1,0,0,0,0,17-AUG-2016,
OPTSTK,CUMMINSIND,27-Oct-2016,620,PE,0,0,0,0.1,0.2,0,0,0,0,17-AUG-2016,
OPTSTK,CUMMINSIND,27-Oct-2016,640,PE,0,0,0,0.2,0.4,0,0,0,0,17-AUG-2016,
OPTSTK,CUMMINSIND,27-Oct-2016,660,PE,0,0,0,0.35,0.7,0,0,0,0,17-AUG-2016,
OPTSTK,CUMMINSIND,27-Oct-2016,680,PE,0,0,0,0.65,1.25,0,0,0,0,17-AUG-2016,
OPTSTK,CUMMINSIND,27-Oct-2016,700,PE,0,0,0,1.2,2,0,0,0,0,17-AUG-2016,
OPTSTK,CUMMINSIND,27-Oct-2016,720,PE,0,0,0,2.05,3.2,0,0,0,0,17-AUG-2016,
OPTSTK,CUMMINSIND,27-Oct-2016,740,PE,0,0,0,3.35,4.85,0,0,0,0,17-AUG-2016,
OPTSTK,CUMMINSIND,27-Oct-2016,760,PE,0,0,0,5.2,7.15,0,0,0,0,17-AUG-2016,
OPTSTK,CUMMINSIND,27-Oct-2016,780,PE,0,0,0,7.85,10.2,0,0,0,0,17-AUG-2016,
OPTSTK,CUMMINSIND,27-Oct-2016,800,PE,0,0,0,11.35,14.1,0,0,0,0,17-AUG-2016,
OPTSTK,CUMMINSIND,27-Oct-2016,820,PE,0,0,0,15.95,19.05,0,0,0,0,17-AUG-2016,
OPTSTK,CUMMINSIND,27-Oct-2016,840,PE,0,0,0,21.6,24.95,0,0,0,0,17-AUG-2016,
OPTSTK,CUMMINSIND,27-Oct-2016,860,PE,0,0,0,28.6,32,0,0,0,0,17-AUG-2016,
OPTSTK,CUMMINSIND,27-Oct-2016,880,PE,0,0,0,36.9,40.25,0,0,0,0,17-AUG-2016,
OPTSTK,CUMMINSIND,27-Oct-2016,900,PE,0,0,0,46.55,49.7,0,0,0,0,17-AUG-2016,
OPTSTK,CUMMINSIND,27-Oct-2016,920,PE,0,0,0,57.45,60.3,0,0,0,0,17-AUG-2016,
OPTSTK,CUMMINSIND,27-Oct-2016,940,PE,0,0,0,69.65,72.05,0,0,0,0,17-AUG-2016,
OPTSTK,CUMMINSIND,27-Oct-2016,960,PE,0,0,0,82.95,84.8,0,0,0,0,17-AUG-2016,
OPTSTK,CUMMINSIND,27-Oct-2016,980,PE,0,0,0,97.4,98.6,0,0,0,0,17-AUG-2016,
OPTSTK,CUMMINSIND,27-Oct-2016,1000,PE,0,0,0,112.7,113.3,0,0,0,0,17-AUG-2016,
OPTSTK,CUMMINSIND,27-Oct-2016,1020,PE,0,0,0,128.9,128.8,0,0,0,0,17-AUG-2016,
OPTSTK,CUMMINSIND,27-Oct-2016,1040,PE,0,0,0,145.75,145,0,0,0,0,17-AUG-2016,
OPTSTK,CUMMINSIND,27-Oct-2016,1060,PE,0,0,0,163.2,161.8,0,0,0,0,17-AUG-2016,
OPTSTK,CUMMINSIND,27-Oct-2016,1080,PE,0,0,0,181.1,179.15,0,0,0,0,17-AUG-2016,
OPTSTK,DABUR,25-Aug-2016,195,CE,0,0,0,103.05,108.75,0,0,0,0,17-AUG-2016,
OPTSTK,DABUR,25-Aug-2016,200,CE,0,0,0,98.2,103.75,0,0,0,0,17-AUG-2016,
OPTSTK,DABUR,25-Aug-2016,205,CE,0,0,0,93.4,98.8,0,0,0,0,17-AUG-2016,
OPTSTK,DABUR,25-Aug-2016,210,CE,0,0,0,88.65,93.8,0,0,0,0,17-AUG-2016,
OPTSTK,DABUR,25-Aug-2016,215,CE,0,0,0,83.95,88.8,0,0,0,0,17-AUG-2016,
OPTSTK,DABUR,25-Aug-2016,220,CE,0,0,0,79.3,83.8,0,0,0,0,17-AUG-2016,
OPTSTK,DABUR,25-Aug-2016,225,CE,0,0,0,74.7,78.8,0,0,0,0,17-AUG-2016,
OPTSTK,DABUR,25-Aug-2016,230,CE,0,0,0,70.2,73.8,0,0,0,0,17-AUG-2016,
OPTSTK,DABUR,25-Aug-2016,235,CE,0,0,0,65.8,68.8,0,0,0,0,17-AUG-2016,
OPTSTK,DABUR,25-Aug-2016,240,CE,0,0,0,61.5,63.85,0,0,0,0,17-AUG-2016,
OPTSTK,DABUR,25-Aug-2016,245,CE,0,0,0,57.3,58.85,0,0,0,0,17-AUG-2016,
OPTSTK,DABUR,25-Aug-2016,250,CE,0,0,0,53.25,53.85,0,0,0,0,17-AUG-2016,
OPTSTK,DABUR,25-Aug-2016,255,CE,0,0,0,49.35,48.85,0,0,0,0,17-AUG-2016,
OPTSTK,DABUR,25-Aug-2016,260,CE,0,0,0,45.6,43.85,0,0,0,0,17-AUG-2016,
OPTSTK,DABUR,25-Aug-2016,265,CE,0,0,0,42,38.85,0,0,0,0,17-AUG-2016,
OPTSTK,DABUR,25-Aug-2016,270,CE,0,0,0,37,33.9,0,0,2500,0,17-AUG-2016,
OPTSTK,DABUR,25-Aug-2016,275,CE,0,0,0,35.3,28.9,0,0,0,0,17-AUG-2016,
OPTSTK,DABUR,25-Aug-2016,280,CE,0,0,0,12.65,23.95,0,0,17500,0,17-AUG-2016,
OPTSTK,DABUR,25-Aug-2016,285,CE,0,0,0,8.9,19.05,0,0,2500,0,17-AUG-2016,
OPTSTK,DABUR,25-Aug-2016,290,CE,12.05,12.5,12.05,12.5,12.5,3,22.66,50000,0,17-AUG-2016,
OPTSTK,DABUR,25-Aug-2016,295,CE,8.5,9.5,8.5,9.5,9.5,2,15.2,27500,0,17-AUG-2016,
OPTSTK,DABUR,25-Aug-2016,300,CE,5.05,6,4.65,5.8,5.8,76,580.18,147500,-35000,17-AUG-2016,
OPTSTK,DABUR,25-Aug-2016,305,CE,3.3,3.7,3,3.45,3.45,27,208.13,45000,17500,17-AUG-2016,
OPTSTK,DABUR,25-Aug-2016,310,CE,1.7,2,1.6,1.9,1.9,33,257.21,205000,0,17-AUG-2016,
OPTSTK,DABUR,25-Aug-2016,315,CE,1.2,1.2,1.2,1.2,1.2,1,7.9,45000,-2500,17-AUG-2016,
OPTSTK,DABUR,25-Aug-2016,320,CE,0.6,0.75,0.55,0.7,0.7,8,64.12,127500,0,17-AUG-2016,
OPTSTK,DABUR,25-Aug-2016,325,CE,0,0,0,1.65,0.15,0,0,12500,0,17-AUG-2016,
OPTSTK,DABUR,25-Aug-2016,330,CE,0,0,0,0.3,0.05,0,0,17500,0,17-AUG-2016,
OPTSTK,DABUR,25-Aug-2016,335,CE,0,0,0,9.85,0.05,0,0,0,0,17-AUG-2016,
OPTSTK,DABUR,25-Aug-2016,340,CE,0,0,0,0.7,0,0,0,20000,0,17-AUG-2016,
OPTSTK,DABUR,25-Aug-2016,345,CE,0,0,0,7.65,0,0,0,0,0,17-AUG-2016,
OPTSTK,DABUR,25-Aug-2016,350,CE,0,0,0,1,0,0,0,2500,0,17-AUG-2016,
OPTSTK,DABUR,25-Aug-2016,355,CE,0,0,0,5.9,0,0,0,0,0,17-AUG-2016,
OPTSTK,DABUR,25-Aug-2016,360,CE,0,0,0,5.2,0,0,0,0,0,17-AUG-2016,
OPTSTK,DABUR,25-Aug-2016,365,CE,0,0,0,4.55,0,0,0,0,0,17-AUG-2016,
OPTSTK,DABUR,25-Aug-2016,370,CE,0,0,0,3.95,0,0,0,0,0,17-AUG-2016,
OPTSTK,DABUR,25-Aug-2016,380,CE,0,0,0,3,0,0,0,0,0,17-AUG-2016,
OPTSTK,DABUR,25-Aug-2016,390,CE,0,0,0,2.25,0,0,0,0,0,17-AUG-2016,
OPTSTK,DABUR,25-Aug-2016,195,PE,0,0,0,0.2,0,0,0,0,0,17-AUG-2016,
OPTSTK,DABUR,25-Aug-2016,200,PE,0,0,0,0.25,0,0,0,0,0,17-AUG-2016,
OPTSTK,DABUR,25-Aug-2016,205,PE,0,0,0,0.35,0,0,0,0,0,17-AUG-2016,
OPTSTK,DABUR,25-Aug-2016,210,PE,0,0,0,0.5,0,0,0,0,0,17-AUG-2016,
OPTSTK,DABUR,25-Aug-2016,215,PE,0,0,0,0.7,0,0,0,0,0,17-AUG-2016,
OPTSTK,DABUR,25-Aug-2016,220,PE,0,0,0,0.95,0,0,0,0,0,17-AUG-2016,
OPTSTK,DABUR,25-Aug-2016,225,PE,0,0,0,1.3,0,0,0,0,0,17-AUG-2016,
OPTSTK,DABUR,25-Aug-2016,230,PE,0,0,0,1.7,0,0,0,0,0,17-AUG-2016,
OPTSTK,DABUR,25-Aug-2016,235,PE,0,0,0,2.2,0,0,0,0,0,17-AUG-2016,
OPTSTK,DABUR,25-Aug-2016,240,PE,0,0,0,2.8,0,0,0,0,0,17-AUG-2016,
OPTSTK,DABUR,25-Aug-2016,245,PE,0,0,0,3.55,0,0,0,0,0,17-AUG-2016,
OPTSTK,DABUR,25-Aug-2016,250,PE,0,0,0,4.4,0,0,0,0,0,17-AUG-2016,
OPTSTK,DABUR,25-Aug-2016,255,PE,0,0,0,5.4,0,0,0,0,0,17-AUG-2016,
OPTSTK,DABUR,25-Aug-2016,260,PE,0,0,0,0.5,0,0,0,5000,0,17-AUG-2016,
OPTSTK,DABUR,25-Aug-2016,265,PE,0,0,0,7.85,0,0,0,0,0,17-AUG-2016,
OPTSTK,DABUR,25-Aug-2016,270,PE,0,0,0,9.35,0,0,0,0,0,17-AUG-2016,
OPTSTK,DABUR,25-Aug-2016,275,PE,0,0,0,11,0.05,0,0,0,0,17-AUG-2016,
OPTSTK,DABUR,25-Aug-2016,280,PE,0.25,0.25,0.25,0.25,0.25,1,7,57500,-2500,17-AUG-2016,
OPTSTK,DABUR,25-Aug-2016,285,PE,0.3,0.3,0.3,0.3,0.3,2,14.26,72500,-2500,17-AUG-2016,
OPTSTK,DABUR,25-Aug-2016,290,PE,0.8,0.9,0.5,0.5,0.5,10,72.67,107500,-5000,17-AUG-2016,
OPTSTK,DABUR,25-Aug-2016,295,PE,2.45,2.45,1.05,1.05,1.05,5,37.08,22500,2500,17-AUG-2016,
OPTSTK,DABUR,25-Aug-2016,300,PE,4.5,4.5,2.4,2.5,2.5,12,90.92,72500,-2500,17-AUG-2016,
OPTSTK,DABUR,25-Aug-2016,305,PE,6.25,6.25,6,6,6,5,38.88,15000,-5000,17-AUG-2016,
OPTSTK,DABUR,25-Aug-2016,310,PE,10,11,9.5,9.5,9.5,3,24.01,20000,-2500,17-AUG-2016,
OPTSTK,DABUR,25-Aug-2016,315,PE,0,0,0,13.5,12.05,0,0,7500,0,17-AUG-2016,
OPTSTK,DABUR,25-Aug-2016,320,PE,0,0,0,33.9,16.5,0,0,0,0,17-AUG-2016,
OPTSTK,DABUR,25-Aug-2016,325,PE,0,0,0,37.3,21.2,0,0,0,0,17-AUG-2016,
OPTSTK,DABUR,25-Aug-2016,330,PE,0,0,0,40.8,26.1,0,0,0,0,17-AUG-2016,
OPTSTK,DABUR,25-Aug-2016,335,PE,0,0,0,44.45,31.1,0,0,0,0,17-AUG-2016,
OPTSTK,DABUR,25-Aug-2016,340,PE,0,0,0,48.25,36.05,0,0,0,0,17-AUG-2016,
OPTSTK,DABUR,25-Aug-2016,345,PE,0,0,0,52.1,41.05,0,0,0,0,17-AUG-2016,
OPTSTK,DABUR,25-Aug-2016,350,PE,0,0,0,56.1,46.05,0,0,0,0,17-AUG-2016,
OPTSTK,DABUR,25-Aug-2016,355,PE,0,0,0,60.2,51.05,0,0,0,0,17-AUG-2016,
OPTSTK,DABUR,25-Aug-2016,360,PE,0,0,0,64.35,56.05,0,0,0,0,17-AUG-2016,
OPTSTK,DABUR,25-Aug-2016,365,PE,0,0,0,68.6,61,0,0,0,0,17-AUG-2016,
OPTSTK,DABUR,25-Aug-2016,370,PE,0,0,0,72.95,66,0,0,0,0,17-AUG-2016,
OPTSTK,DABUR,25-Aug-2016,380,PE,0,0,0,81.8,76,0,0,0,0,17-AUG-2016,
OPTSTK,DABUR,25-Aug-2016,390,PE,0,0,0,90.9,86,0,0,0,0,17-AUG-2016,
OPTSTK,DABUR,29-Sep-2016,200,CE,0,0,0,112.2,105.1,0,0,0,0,17-AUG-2016,
OPTSTK,DABUR,29-Sep-2016,210,CE,0,0,0,102.45,95.15,0,0,0,0,17-AUG-2016,
OPTSTK,DABUR,29-Sep-2016,220,CE,0,0,0,92.7,85.25,0,0,0,0,17-AUG-2016,
OPTSTK,DABUR,29-Sep-2016,230,CE,0,0,0,83.05,75.35,0,0,0,0,17-AUG-2016,
OPTSTK,DABUR,29-Sep-2016,240,CE,0,0,0,73.6,65.45,0,0,0,0,17-AUG-2016,
OPTSTK,DABUR,29-Sep-2016,250,CE,0,0,0,64.4,55.55,0,0,0,0,17-AUG-2016,
OPTSTK,DABUR,29-Sep-2016,260,CE,0,0,0,55.6,45.8,0,0,0,0,17-AUG-2016,
OPTSTK,DABUR,29-Sep-2016,270,CE,0,0,0,47.3,36.35,0,0,0,0,17-AUG-2016,
OPTSTK,DABUR,29-Sep-2016,280,CE,0,0,0,39.6,27.55,0,0,0,0,17-AUG-2016,
OPTSTK,DABUR,29-Sep-2016,290,CE,0,0,0,32.6,19.75,0,0,0,0,17-AUG-2016,
OPTSTK,DABUR,29-Sep-2016,300,CE,0,0,0,6,13.25,0,0,5000,0,17-AUG-2016,
OPTSTK,DABUR,29-Sep-2016,310,CE,5.9,5.9,5.9,5.9,5.9,2,15.79,5000,5000,17-AUG-2016,
OPTSTK,DABUR,29-Sep-2016,320,CE,0,0,0,16.5,4.85,0,0,0,0,17-AUG-2016,
OPTSTK,DABUR,29-Sep-2016,330,CE,0,0,0,12.75,2.65,0,0,0,0,17-AUG-2016,
OPTSTK,DABUR,29-Sep-2016,340,CE,0,0,0,9.7,1.35,0,0,0,0,17-AUG-2016,
OPTSTK,DABUR,29-Sep-2016,350,CE,0,0,0,7.25,0.65,0,0,0,0,17-AUG-2016,
OPTSTK,DABUR,29-Sep-2016,360,CE,0,0,0,5.35,0.3,0,0,0,0,17-AUG-2016,
OPTSTK,DABUR,29-Sep-2016,370,CE,0,0,0,3.9,0.15,0,0,0,0,17-AUG-2016,
OPTSTK,DABUR,29-Sep-2016,380,CE,0,0,0,2.8,0.05,0,0,0,0,17-AUG-2016,
OPTSTK,DABUR,29-Sep-2016,390,CE,0,0,0,2,0.05,0,0,0,0,17-AUG-2016,
OPTSTK,DABUR,29-Sep-2016,200,PE,0,0,0,0.05,0,0,0,0,0,17-AUG-2016,
OPTSTK,DABUR,29-Sep-2016,210,PE,0,0,0,0.1,0,0,0,0,0,17-AUG-2016,
OPTSTK,DABUR,29-Sep-2016,220,PE,0,0,0,0.15,0,0,0,0,0,17-AUG-2016,
OPTSTK,DABUR,29-Sep-2016,230,PE,0,0,0,0.35,0,0,0,0,0,17-AUG-2016,
OPTSTK,DABUR,29-Sep-2016,240,PE,0,0,0,0.7,0.05,0,0,0,0,17-AUG-2016,
OPTSTK,DABUR,29-Sep-2016,250,PE,0,0,0,1.35,0.1,0,0,0,0,17-AUG-2016,
OPTSTK,DABUR,29-Sep-2016,260,PE,0,0,0,2.35,0.25,0,0,0,0,17-AUG-2016,
OPTSTK,DABUR,29-Sep-2016,270,PE,0,0,0,3.85,0.75,0,0,0,0,17-AUG-2016,
OPTSTK,DABUR,29-Sep-2016,280,PE,0,0,0,2.55,1.85,0,0,2500,0,17-AUG-2016,
OPTSTK,DABUR,29-Sep-2016,290,PE,0,0,0,6,3.95,0,0,2500,0,17-AUG-2016,
OPTSTK,DABUR,29-Sep-2016,300,PE,0,0,0,12.5,7.4,0,0,0,0,17-AUG-2016,
OPTSTK,DABUR,29-Sep-2016,310,PE,0,0,0,16.95,12.35,0,0,0,0,17-AUG-2016,
OPTSTK,DABUR,29-Sep-2016,320,PE,0,0,0,22.2,18.85,0,0,0,0,17-AUG-2016,
OPTSTK,DABUR,29-Sep-2016,330,PE,0,0,0,28.25,26.55,0,0,0,0,17-AUG-2016,
OPTSTK,DABUR,29-Sep-2016,340,PE,0,0,0,35.05,35.15,0,0,0,0,17-AUG-2016,
OPTSTK,DABUR,29-Sep-2016,350,PE,0,0,0,42.45,44.35,0,0,0,0,17-AUG-2016,
OPTSTK,DABUR,29-Sep-2016,360,PE,0,0,0,50.35,53.95,0,0,0,0,17-AUG-2016,
OPTSTK,DABUR,29-Sep-2016,370,PE,0,0,0,58.7,63.7,0,0,0,0,17-AUG-2016,
OPTSTK,DABUR,29-Sep-2016,380,PE,0,0,0,67.45,73.55,0,0,0,0,17-AUG-2016,
OPTSTK,DABUR,29-Sep-2016,390,PE,0,0,0,76.45,83.45,0,0,0,0,17-AUG-2016,
OPTSTK,DABUR,27-Oct-2016,200,CE,0,0,0,111.05,106.15,0,0,0,0,17-AUG-2016,
OPTSTK,DABUR,27-Oct-2016,210,CE,0,0,0,101.25,96.25,0,0,0,0,17-AUG-2016,
OPTSTK,DABUR,27-Oct-2016,220,CE,0,0,0,91.4,86.4,0,0,0,0,17-AUG-2016,
OPTSTK,DABUR,27-Oct-2016,230,CE,0,0,0,81.6,76.55,0,0,0,0,17-AUG-2016,
OPTSTK,DABUR,27-Oct-2016,240,CE,0,0,0,71.9,66.75,0,0,0,0,17-AUG-2016,
OPTSTK,DABUR,27-Oct-2016,250,CE,0,0,0,62.3,57.1,0,0,0,0,17-AUG-2016,
OPTSTK,DABUR,27-Oct-2016,260,CE,0,0,0,52.95,47.7,0,0,0,0,17-AUG-2016,
OPTSTK,DABUR,27-Oct-2016,270,CE,0,0,0,44,38.75,0,0,0,0,17-AUG-2016,
OPTSTK,DABUR,27-Oct-2016,280,CE,0,0,0,35.7,30.5,0,0,0,0,17-AUG-2016,
OPTSTK,DABUR,27-Oct-2016,290,CE,0,0,0,28.2,23.15,0,0,0,0,17-AUG-2016,
OPTSTK,DABUR,27-Oct-2016,300,CE,0,0,0,21.6,16.95,0,0,0,0,17-AUG-2016,
OPTSTK,DABUR,27-Oct-2016,310,CE,0,0,0,16.05,11.9,0,0,0,0,17-AUG-2016,
OPTSTK,DABUR,27-Oct-2016,320,CE,0,0,0,11.6,8.05,0,0,0,0,17-AUG-2016,
OPTSTK,DABUR,27-Oct-2016,330,CE,0,0,0,8.1,5.25,0,0,0,0,17-AUG-2016,
OPTSTK,DABUR,27-Oct-2016,340,CE,0,0,0,5.55,3.3,0,0,0,0,17-AUG-2016,
OPTSTK,DABUR,27-Oct-2016,350,CE,0,0,0,3.65,2,0,0,0,0,17-AUG-2016,
OPTSTK,DABUR,27-Oct-2016,360,CE,0,0,0,2.35,1.15,0,0,0,0,17-AUG-2016,
OPTSTK,DABUR,27-Oct-2016,370,CE,0,0,0,1.45,0.65,0,0,0,0,17-AUG-2016,
OPTSTK,DABUR,27-Oct-2016,380,CE,0,0,0,0.9,0.35,0,0,0,0,17-AUG-2016,
OPTSTK,DABUR,27-Oct-2016,390,CE,0,0,0,0.55,0.2,0,0,0,0,17-AUG-2016,
OPTSTK,DABUR,27-Oct-2016,200,PE,0,0,0,0.05,0,0,0,0,0,17-AUG-2016,
OPTSTK,DABUR,27-Oct-2016,210,PE,0,0,0,0.05,0,0,0,0,0,17-AUG-2016,
OPTSTK,DABUR,27-Oct-2016,220,PE,0,0,0,0.05,0.05,0,0,0,0,17-AUG-2016,
OPTSTK,DABUR,27-Oct-2016,230,PE,0,0,0,0.05,0.05,0,0,0,0,17-AUG-2016,
OPTSTK,DABUR,27-Oct-2016,240,PE,0,0,0,0.15,0.1,0,0,0,0,17-AUG-2016,
OPTSTK,DABUR,27-Oct-2016,250,PE,0,0,0,0.4,0.35,0,0,0,0,17-AUG-2016,
OPTSTK,DABUR,27-Oct-2016,260,PE,0,0,0,0.9,0.8,0,0,0,0,17-AUG-2016,
OPTSTK,DABUR,27-Oct-2016,270,PE,0,0,0,1.8,1.7,0,0,0,0,17-AUG-2016,
OPTSTK,DABUR,27-Oct-2016,280,PE,0,0,0,3.3,3.3,0,0,0,0,17-AUG-2016,
OPTSTK,DABUR,27-Oct-2016,290,PE,0,0,0,5.6,5.85,0,0,0,0,17-AUG-2016,
OPTSTK,DABUR,27-Oct-2016,300,PE,0,0,0,8.85,9.5,0,0,0,0,17-AUG-2016,
OPTSTK,DABUR,27-Oct-2016,310,PE,0,0,0,13.15,14.35,0,0,0,0,17-AUG-2016,
OPTSTK,DABUR,27-Oct-2016,320,PE,0,0,0,18.5,20.35,0,0,0,0,17-AUG-2016,
OPTSTK,DABUR,27-Oct-2016,330,PE,0,0,0,24.85,27.4,0,0,0,0,17-AUG-2016,
OPTSTK,DABUR,27-Oct-2016,340,PE,0,0,0,32.1,35.3,0,0,0,0,17-AUG-2016,
OPTSTK,DABUR,27-Oct-2016,350,PE,0,0,0,40.05,43.85,0,0,0,0,17-AUG-2016,
OPTSTK,DABUR,27-Oct-2016,360,PE,0,0,0,48.55,52.9,0,0,0,0,17-AUG-2016,
OPTSTK,DABUR,27-Oct-2016,370,PE,0,0,0,57.5,62.25,0,0,0,0,17-AUG-2016,
OPTSTK,DABUR,27-Oct-2016,380,PE,0,0,0,66.75,71.85,0,0,0,0,17-AUG-2016,
OPTSTK,DABUR,27-Oct-2016,390,PE,0,0,0,76.25,81.55,0,0,0,0,17-AUG-2016,
OPTSTK,DHFL,25-Aug-2016,100,CE,0,0,0,96.55,164.2,0,0,0,0,17-AUG-2016,
OPTSTK,DHFL,25-Aug-2016,110,CE,0,0,0,86.8,154.25,0,0,0,0,17-AUG-2016,
OPTSTK,DHFL,25-Aug-2016,120,CE,0,0,0,77.1,144.25,0,0,0,0,17-AUG-2016,
OPTSTK,DHFL,25-Aug-2016,130,CE,0,0,0,67.6,134.25,0,0,0,0,17-AUG-2016,
OPTSTK,DHFL,25-Aug-2016,135,CE,0,0,0,70.2,129.25,0,0,0,0,17-AUG-2016,
OPTSTK,DHFL,25-Aug-2016,140,CE,0,0,0,58.35,124.3,0,0,0,0,17-AUG-2016,
OPTSTK,DHFL,25-Aug-2016,145,CE,0,0,0,60.35,119.3,0,0,0,0,17-AUG-2016,
OPTSTK,DHFL,25-Aug-2016,150,CE,0,0,0,49.6,114.3,0,0,0,0,17-AUG-2016,
OPTSTK,DHFL,25-Aug-2016,155,CE,0,0,0,50.65,109.3,0,0,0,0,17-AUG-2016,
OPTSTK,DHFL,25-Aug-2016,160,CE,0,0,0,41.45,104.3,0,0,0,0,17-AUG-2016,
OPTSTK,DHFL,25-Aug-2016,165,CE,0,0,0,41.25,99.3,0,0,0,0,17-AUG-2016,
OPTSTK,DHFL,25-Aug-2016,170,CE,0,0,0,34.1,94.3,0,0,0,0,17-AUG-2016,
OPTSTK,DHFL,25-Aug-2016,175,CE,0,0,0,32.4,89.35,0,0,0,0,17-AUG-2016,
OPTSTK,DHFL,25-Aug-2016,180,CE,0,0,0,27.55,84.35,0,0,0,0,17-AUG-2016,
OPTSTK,DHFL,25-Aug-2016,185,CE,0,0,0,24.45,79.35,0,0,0,0,17-AUG-2016,
OPTSTK,DHFL,25-Aug-2016,190,CE,0,0,0,21.95,74.35,0,0,0,0,17-AUG-2016,
OPTSTK,DHFL,25-Aug-2016,195,CE,0,0,0,17.7,69.35,0,0,0,0,17-AUG-2016,
OPTSTK,DHFL,25-Aug-2016,200,CE,0,0,0,60.5,64.35,0,0,0,0,17-AUG-2016,
OPTSTK,DHFL,25-Aug-2016,205,CE,0,0,0,12.2,59.4,0,0,0,0,17-AUG-2016,
OPTSTK,DHFL,25-Aug-2016,210,CE,0,0,0,48.65,54.4,0,0,24000,0,17-AUG-2016,
OPTSTK,DHFL,25-Aug-2016,215,CE,0,0,0,29.1,49.4,0,0,3000,0,17-AUG-2016,
OPTSTK,DHFL,25-Aug-2016,220,CE,0,0,0,38.65,44.4,0,0,72000,0,17-AUG-2016,
OPTSTK,DHFL,25-Aug-2016,225,CE,0,0,0,39.2,39.4,0,0,24000,0,17-AUG-2016,
OPTSTK,DHFL,25-Aug-2016,230,CE,32.5,35.2,32.5,34.95,34.95,31,245.83,237000,-60000,17-AUG-2016,
OPTSTK,DHFL,25-Aug-2016,235,CE,29.4,29.4,29.4,29.4,29.4,1,7.93,63000,0,17-AUG-2016,
OPTSTK,DHFL,25-Aug-2016,240,CE,22.8,26.25,22.8,25.25,25.25,99,787.07,372000,-273000,17-AUG-2016,
OPTSTK,DHFL,25-Aug-2016,245,CE,20.8,20.8,20.8,20.8,20.8,1,7.97,63000,0,17-AUG-2016,
OPTSTK,DHFL,25-Aug-2016,250,CE,14.15,17.6,13.5,17.1,17.1,131,1047.91,492000,315000,17-AUG-2016,
OPTSTK,DHFL,25-Aug-2016,255,CE,9.6,13,9.6,12.5,12.5,5,40,75000,-6000,17-AUG-2016,
OPTSTK,DHFL,25-Aug-2016,260,CE,8.25,9.75,6.55,9.1,9.1,185,1487.82,567000,33000,17-AUG-2016,
OPTSTK,DHFL,25-Aug-2016,265,CE,5.3,6.75,4.35,6.15,6.15,123,998.33,249000,72000,17-AUG-2016,
OPTSTK,DHFL,25-Aug-2016,270,CE,4,4.55,2.65,4,4,215,1764.91,585000,48000,17-AUG-2016,
OPTSTK,DHFL,25-Aug-2016,275,CE,1.9,2.9,1.7,2.5,2.5,26,216.27,84000,9000,17-AUG-2016,
OPTSTK,DHFL,25-Aug-2016,280,CE,1.05,2,1.05,1.5,1.5,35,295.61,219000,12000,17-AUG-2016,
OPTSTK,DHFL,25-Aug-2016,285,CE,1.1,1.15,0.8,0.8,0.8,3,25.74,18000,3000,17-AUG-2016,
OPTSTK,DHFL,25-Aug-2016,290,CE,0.5,0.75,0.4,0.4,0.4,6,52.29,39000,-6000,17-AUG-2016,
OPTSTK,DHFL,25-Aug-2016,295,CE,0,0,0,0.1,0.15,0,0,0,0,17-AUG-2016,
OPTSTK,DHFL,25-Aug-2016,300,CE,0.35,0.35,0.35,0.35,0.35,2,18.02,12000,6000,17-AUG-2016,
OPTSTK,DHFL,25-Aug-2016,305,CE,0,0,0,0.05,0.05,0,0,0,0,17-AUG-2016,
OPTSTK,DHFL,25-Aug-2016,310,CE,0,0,0,0.8,0.05,0,0,0,0,17-AUG-2016,
OPTSTK,DHFL,25-Aug-2016,100,PE,0,0,0,0.05,0,0,0,0,0,17-AUG-2016,
OPTSTK,DHFL,25-Aug-2016,110,PE,0,0,0,0.1,0,0,0,0,0,17-AUG-2016,
OPTSTK,DHFL,25-Aug-2016,120,PE,0,0,0,0.2,0,0,0,0,0,17-AUG-2016,
OPTSTK,DHFL,25-Aug-2016,130,PE,0,0,0,0.5,0,0,0,0,0,17-AUG-2016,
OPTSTK,DHFL,25-Aug-2016,135,PE,0,0,0,0.05,0,0,0,0,0,17-AUG-2016,
OPTSTK,DHFL,25-Aug-2016,140,PE,0,0,0,1.1,0,0,0,0,0,17-AUG-2016,
OPTSTK,DHFL,25-Aug-2016,145,PE,0,0,0,0.1,0,0,0,0,0,17-AUG-2016,
OPTSTK,DHFL,25-Aug-2016,150,PE,0,0,0,2.2,0,0,0,0,0,17-AUG-2016,
OPTSTK,DHFL,25-Aug-2016,155,PE,0,0,0,0.25,0,0,0,0,0,17-AUG-2016,
OPTSTK,DHFL,25-Aug-2016,160,PE,0,0,0,3.85,0,0,0,0,0,17-AUG-2016,
OPTSTK,DHFL,25-Aug-2016,165,PE,0,0,0,0.75,0,0,0,0,0,17-AUG-2016,
OPTSTK,DHFL,25-Aug-2016,170,PE,0,0,0,6.3,0,0,0,0,0,17-AUG-2016,
OPTSTK,DHFL,25-Aug-2016,175,PE,0,0,0,1.8,0,0,0,0,0,17-AUG-2016,
OPTSTK,DHFL,25-Aug-2016,180,PE,0,0,0,9.6,0,0,0,0,0,17-AUG-2016,
OPTSTK,DHFL,25-Aug-2016,185,PE,0,0,0,3.75,0,0,0,0,0,17-AUG-2016,
OPTSTK,DHFL,25-Aug-2016,190,PE,0,0,0,0.2,0,0,0,6000,0,17-AUG-2016,
OPTSTK,DHFL,25-Aug-2016,195,PE,0,0,0,6.85,0,0,0,0,0,17-AUG-2016,
OPTSTK,DHFL,25-Aug-2016,200,PE,0,0,0,0.05,0,0,0,12000,0,17-AUG-2016,
OPTSTK,DHFL,25-Aug-2016,205,PE,0,0,0,0.05,0,0,0,12000,0,17-AUG-2016,
OPTSTK,DHFL,25-Aug-2016,210,PE,0.05,0.05,0.05,0.05,0.05,7,44.11,93000,-18000,17-AUG-2016,
OPTSTK,DHFL,25-Aug-2016,215,PE,0,0,0,0.15,0,0,0,33000,0,17-AUG-2016,
OPTSTK,DHFL,25-Aug-2016,220,PE,0.1,0.1,0.1,0.1,0.1,1,6.6,177000,-3000,17-AUG-2016,
OPTSTK,DHFL,25-Aug-2016,225,PE,0,0,0,0.4,0,0,0,42000,0,17-AUG-2016,
OPTSTK,DHFL,25-Aug-2016,230,PE,0.25,0.4,0.05,0.1,0.1,20,138.09,147000,0,17-AUG-2016,
OPTSTK,DHFL,25-Aug-2016,235,PE,0.4,0.4,0.35,0.35,0.35,2,14.12,57000,0,17-AUG-2016,
OPTSTK,DHFL,25-Aug-2016,240,PE,0.9,1,0.3,0.45,0.45,67,483.47,162000,-24000,17-AUG-2016,
OPTSTK,DHFL,25-Aug-2016,245,PE,1,1.5,0.85,1.15,1.15,10,73.82,75000,12000,17-AUG-2016,
OPTSTK,DHFL,25-Aug-2016,250,PE,2.1,2.65,1.3,2.05,2.05,123,929.23,327000,99000,17-AUG-2016,
OPTSTK,DHFL,25-Aug-2016,255,PE,3.4,3.9,2.05,2.6,2.6,34,262.93,72000,30000,17-AUG-2016,
OPTSTK,DHFL,25-Aug-2016,260,PE,5.6,5.85,3.9,4.4,4.4,44,349.15,180000,30000,17-AUG-2016,
OPTSTK,DHFL,25-Aug-2016,265,PE,6.3,6.3,5.75,5.95,5.95,7,56.9,45000,15000,17-AUG-2016,
OPTSTK,DHFL,25-Aug-2016,270,PE,0,0,0,11.1,8.9,0,0,36000,0,17-AUG-2016,
OPTSTK,DHFL,25-Aug-2016,275,PE,0,0,0,19.05,12.5,0,0,6000,0,17-AUG-2016,
OPTSTK,DHFL,25-Aug-2016,280,PE,0,0,0,22.4,16.6,0,0,3000,0,17-AUG-2016,
OPTSTK,DHFL,25-Aug-2016,285,PE,0,0,0,26.95,21.1,0,0,3000,0,17-AUG-2016,
OPTSTK,DHFL,25-Aug-2016,290,PE,0,0,0,32.05,25.8,0,0,3000,0,17-AUG-2016,
OPTSTK,DHFL,25-Aug-2016,295,PE,0,0,0,88.2,30.65,0,0,0,0,17-AUG-2016,
OPTSTK,DHFL,25-Aug-2016,300,PE,0,0,0,98.1,35.55,0,0,0,0,17-AUG-2016,
OPTSTK,DHFL,25-Aug-2016,305,PE,0,0,0,89.7,40.55,0,0,0,0,17-AUG-2016,
OPTSTK,DHFL,25-Aug-2016,310,PE,0,0,0,94.15,45.5,0,0,0,0,17-AUG-2016,
OPTSTK,DHFL,29-Sep-2016,115,CE,0,0,0,90.75,150,0,0,0,0,17-AUG-2016,
OPTSTK,DHFL,29-Sep-2016,120,CE,0,0,0,85.85,145.05,0,0,0,0,17-AUG-2016,
OPTSTK,DHFL,29-Sep-2016,125,CE,0,0,0,80.95,140.1,0,0,0,0,17-AUG-2016,
OPTSTK,DHFL,29-Sep-2016,130,CE,0,0,0,76.05,135.1,0,0,0,0,17-AUG-2016,
OPTSTK,DHFL,29-Sep-2016,135,CE,0,0,0,71.2,130.15,0,0,0,0,17-AUG-2016,
OPTSTK,DHFL,29-Sep-2016,140,CE,0,0,0,66.4,125.2,0,0,0,0,17-AUG-2016,
OPTSTK,DHFL,29-Sep-2016,145,CE,0,0,0,61.6,120.25,0,0,0,0,17-AUG-2016,
OPTSTK,DHFL,29-Sep-2016,150,CE,0,0,0,56.9,115.3,0,0,0,0,17-AUG-2016,
OPTSTK,DHFL,29-Sep-2016,155,CE,0,0,0,52.25,110.3,0,0,0,0,17-AUG-2016,
OPTSTK,DHFL,29-Sep-2016,160,CE,0,0,0,47.75,105.35,0,0,0,0,17-AUG-2016,
OPTSTK,DHFL,29-Sep-2016,165,CE,0,0,0,43.35,100.4,0,0,0,0,17-AUG-2016,
OPTSTK,DHFL,29-Sep-2016,170,CE,0,0,0,39.15,95.45,0,0,0,0,17-AUG-2016,
OPTSTK,DHFL,29-Sep-2016,175,CE,0,0,0,35.15,90.5,0,0,0,0,17-AUG-2016,
OPTSTK,DHFL,29-Sep-2016,180,CE,0,0,0,31.35,85.55,0,0,0,0,17-AUG-2016,
OPTSTK,DHFL,29-Sep-2016,185,CE,0,0,0,27.8,80.6,0,0,0,0,17-AUG-2016,
OPTSTK,DHFL,29-Sep-2016,190,CE,0,0,0,24.45,75.65,0,0,0,0,17-AUG-2016,
OPTSTK,DHFL,29-Sep-2016,195,CE,0,0,0,21.4,70.7,0,0,0,0,17-AUG-2016,
OPTSTK,DHFL,29-Sep-2016,200,CE,0,0,0,18.6,65.8,0,0,0,0,17-AUG-2016,
OPTSTK,DHFL,29-Sep-2016,205,CE,0,0,0,16.1,60.9,0,0,0,0,17-AUG-2016,
OPTSTK,DHFL,29-Sep-2016,210,CE,0,0,0,13.85,56.1,0,0,0,0,17-AUG-2016,
OPTSTK,DHFL,29-Sep-2016,215,CE,0,0,0,11.8,51.3,0,0,0,0,17-AUG-2016,
OPTSTK,DHFL,29-Sep-2016,220,CE,0,0,0,10,46.65,0,0,0,0,17-AUG-2016,
OPTSTK,DHFL,29-Sep-2016,225,CE,0,0,0,8.45,42.1,0,0,0,0,17-AUG-2016,
OPTSTK,DHFL,29-Sep-2016,230,CE,0,0,0,18.8,37.7,0,0,3000,0,17-AUG-2016,
OPTSTK,DHFL,29-Sep-2016,235,CE,0,0,0,5.95,33.5,0,0,0,0,17-AUG-2016,
OPTSTK,DHFL,29-Sep-2016,240,CE,0,0,0,4.95,29.55,0,0,0,0,17-AUG-2016,
OPTSTK,DHFL,29-Sep-2016,245,CE,0,0,0,4.1,25.8,0,0,0,0,17-AUG-2016,
OPTSTK,DHFL,29-Sep-2016,250,CE,0,0,0,3.35,22.3,0,0,0,0,17-AUG-2016,
OPTSTK,DHFL,29-Sep-2016,255,CE,0,0,0,2.75,19.15,0,0,0,0,17-AUG-2016,
OPTSTK,DHFL,29-Sep-2016,260,CE,0,0,0,15,16.25,0,0,12000,0,17-AUG-2016,
OPTSTK,DHFL,29-Sep-2016,265,CE,0,0,0,1.85,13.65,0,0,0,0,17-AUG-2016,
OPTSTK,DHFL,29-Sep-2016,270,CE,0,0,0,13.7,11.4,0,0,3000,0,17-AUG-2016,
OPTSTK,DHFL,29-Sep-2016,275,CE,0,0,0,1.2,9.4,0,0,0,0,17-AUG-2016,
OPTSTK,DHFL,29-Sep-2016,280,CE,5.5,5.5,5.5,5.5,5.5,1,8.56,12000,0,17-AUG-2016,
OPTSTK,DHFL,29-Sep-2016,285,CE,0,0,0,0.8,6.2,0,0,0,0,17-AUG-2016,
OPTSTK,DHFL,29-Sep-2016,290,CE,0,0,0,0.65,5,0,0,0,0,17-AUG-2016,
OPTSTK,DHFL,29-Sep-2016,295,CE,0,0,0,0.5,3.95,0,0,0,0,17-AUG-2016,
OPTSTK,DHFL,29-Sep-2016,300,CE,0,0,0,0.5,3.15,0,0,0,0,17-AUG-2016,
OPTSTK,DHFL,29-Sep-2016,305,CE,0,0,0,0.3,2.45,0,0,0,0,17-AUG-2016,
OPTSTK,DHFL,29-Sep-2016,310,CE,0,0,0,0.1,1.9,0,0,0,0,17-AUG-2016,
OPTSTK,DHFL,29-Sep-2016,115,PE,0,0,0,0.05,0,0,0,0,0,17-AUG-2016,
OPTSTK,DHFL,29-Sep-2016,120,PE,0,0,0,0.05,0,0,0,0,0,17-AUG-2016,
OPTSTK,DHFL,29-Sep-2016,125,PE,0,0,0,0.05,0,0,0,0,0,17-AUG-2016,
OPTSTK,DHFL,29-Sep-2016,130,PE,0,0,0,0.05,0,0,0,0,0,17-AUG-2016,
OPTSTK,DHFL,29-Sep-2016,135,PE,0,0,0,0.1,0,0,0,0,0,17-AUG-2016,
OPTSTK,DHFL,29-Sep-2016,140,PE,0,0,0,0.2,0,0,0,0,0,17-AUG-2016,
OPTSTK,DHFL,29-Sep-2016,145,PE,0,0,0,0.35,0,0,0,0,0,17-AUG-2016,
OPTSTK,DHFL,29-Sep-2016,150,PE,0,0,0,0.55,0,0,0,0,0,17-AUG-2016,
OPTSTK,DHFL,29-Sep-2016,155,PE,0,0,0,0.8,0,0,0,0,0,17-AUG-2016,
OPTSTK,DHFL,29-Sep-2016,160,PE,0,0,0,1.2,0,0,0,0,0,17-AUG-2016,
OPTSTK,DHFL,29-Sep-2016,165,PE,0,0,0,1.75,0,0,0,0,0,17-AUG-2016,
OPTSTK,DHFL,29-Sep-2016,170,PE,0,0,0,2.45,0,0,0,0,0,17-AUG-2016,
OPTSTK,DHFL,29-Sep-2016,175,PE,0,0,0,3.35,0,0,0,0,0,17-AUG-2016,
OPTSTK,DHFL,29-Sep-2016,180,PE,0,0,0,4.5,0.05,0,0,0,0,17-AUG-2016,
OPTSTK,DHFL,29-Sep-2016,185,PE,0,0,0,5.85,0.05,0,0,0,0,17-AUG-2016,
OPTSTK,DHFL,29-Sep-2016,190,PE,0,0,0,7.4,0.05,0,0,0,0,17-AUG-2016,
OPTSTK,DHFL,29-Sep-2016,195,PE,0,0,0,9.25,0.1,0,0,0,0,17-AUG-2016,
OPTSTK,DHFL,29-Sep-2016,200,PE,0,0,0,11.4,0.1,0,0,0,0,17-AUG-2016,
OPTSTK,DHFL,29-Sep-2016,205,PE,0,0,0,13.75,0.2,0,0,0,0,17-AUG-2016,
OPTSTK,DHFL,29-Sep-2016,210,PE,0,0,0,16.4,0.35,0,0,0,0,17-AUG-2016,
OPTSTK,DHFL,29-Sep-2016,215,PE,0,0,0,19.3,0.55,0,0,0,0,17-AUG-2016,
OPTSTK,DHFL,29-Sep-2016,220,PE,0,0,0,22.45,0.85,0,0,0,0,17-AUG-2016,
OPTSTK,DHFL,29-Sep-2016,225,PE,0,0,0,25.8,1.25,0,0,0,0,17-AUG-2016,
OPTSTK,DHFL,29-Sep-2016,230,PE,0,0,0,29.35,1.8,0,0,0,0,17-AUG-2016,
OPTSTK,DHFL,29-Sep-2016,235,PE,0,0,0,33.1,2.55,0,0,0,0,17-AUG-2016,
OPTSTK,DHFL,29-Sep-2016,240,PE,4,4,4,4,4,1,7.32,3000,3000,17-AUG-2016,
OPTSTK,DHFL,29-Sep-2016,245,PE,0,0,0,41.05,4.75,0,0,0,0,17-AUG-2016,
OPTSTK,DHFL,29-Sep-2016,250,PE,0,0,0,45.25,6.25,0,0,0,0,17-AUG-2016,
OPTSTK,DHFL,29-Sep-2016,255,PE,0,0,0,49.55,8,0,0,0,0,17-AUG-2016,
OPTSTK,DHFL,29-Sep-2016,260,PE,0,0,0,53.95,10.1,0,0,0,0,17-AUG-2016,
OPTSTK,DHFL,29-Sep-2016,265,PE,0,0,0,58.45,12.45,0,0,0,0,17-AUG-2016,
OPTSTK,DHFL,29-Sep-2016,270,PE,0,0,0,63,15.15,0,0,0,0,17-AUG-2016,
OPTSTK,DHFL,29-Sep-2016,275,PE,0,0,0,67.65,18.1,0,0,0,0,17-AUG-2016,
OPTSTK,DHFL,29-Sep-2016,280,PE,0,0,0,72.3,21.35,0,0,0,0,17-AUG-2016,
OPTSTK,DHFL,29-Sep-2016,285,PE,0,0,0,77.05,24.85,0,0,0,0,17-AUG-2016,
OPTSTK,DHFL,29-Sep-2016,290,PE,0,0,0,81.8,28.6,0,0,0,0,17-AUG-2016,
OPTSTK,DHFL,29-Sep-2016,295,PE,0,0,0,86.6,32.55,0,0,0,0,17-AUG-2016,
OPTSTK,DHFL,29-Sep-2016,300,PE,0,0,0,87.45,36.65,0,0,0,0,17-AUG-2016,
OPTSTK,DHFL,29-Sep-2016,305,PE,0,0,0,87.9,40.95,0,0,0,0,17-AUG-2016,
OPTSTK,DHFL,29-Sep-2016,310,PE,0,0,0,86.15,45.35,0,0,0,0,17-AUG-2016,
OPTSTK,DHFL,27-Oct-2016,135,CE,0,0,0,91.1,130.85,0,0,0,0,17-AUG-2016,
OPTSTK,DHFL,27-Oct-2016,140,CE,0,0,0,86.2,125.95,0,0,0,0,17-AUG-2016,
OPTSTK,DHFL,27-Oct-2016,145,CE,0,0,0,81.25,121,0,0,0,0,17-AUG-2016,
OPTSTK,DHFL,27-Oct-2016,150,CE,0,0,0,76.35,116.05,0,0,0,0,17-AUG-2016,
OPTSTK,DHFL,27-Oct-2016,155,CE,0,0,0,71.45,111.15,0,0,0,0,17-AUG-2016,
OPTSTK,DHFL,27-Oct-2016,160,CE,0,0,0,66.55,106.2,0,0,0,0,17-AUG-2016,
OPTSTK,DHFL,27-Oct-2016,165,CE,0,0,0,61.7,101.3,0,0,0,0,17-AUG-2016,
OPTSTK,DHFL,27-Oct-2016,170,CE,0,0,0,56.85,96.35,0,0,0,0,17-AUG-2016,
OPTSTK,DHFL,27-Oct-2016,175,CE,0,0,0,52.1,91.45,0,0,0,0,17-AUG-2016,
OPTSTK,DHFL,27-Oct-2016,180,CE,0,0,0,47.4,86.55,0,0,0,0,17-AUG-2016,
OPTSTK,DHFL,27-Oct-2016,185,CE,0,0,0,42.8,81.65,0,0,0,0,17-AUG-2016,
OPTSTK,DHFL,27-Oct-2016,190,CE,0,0,0,38.3,76.8,0,0,0,0,17-AUG-2016,
OPTSTK,DHFL,27-Oct-2016,195,CE,0,0,0,34.05,72,0,0,0,0,17-AUG-2016,
OPTSTK,DHFL,27-Oct-2016,200,CE,0,0,0,29.95,67.2,0,0,0,0,17-AUG-2016,
OPTSTK,DHFL,27-Oct-2016,205,CE,0,0,0,26.15,62.55,0,0,0,0,17-AUG-2016,
OPTSTK,DHFL,27-Oct-2016,210,CE,0,0,0,22.55,57.9,0,0,0,0,17-AUG-2016,
OPTSTK,DHFL,27-Oct-2016,215,CE,0,0,0,19.3,53.4,0,0,0,0,17-AUG-2016,
OPTSTK,DHFL,27-Oct-2016,220,CE,0,0,0,16.35,49.05,0,0,0,0,17-AUG-2016,
OPTSTK,DHFL,27-Oct-2016,225,CE,0,0,0,13.7,44.8,0,0,0,0,17-AUG-2016,
OPTSTK,DHFL,27-Oct-2016,230,CE,0,0,0,11.35,40.7,0,0,0,0,17-AUG-2016,
OPTSTK,DHFL,27-Oct-2016,235,CE,0,0,0,9.3,36.8,0,0,0,0,17-AUG-2016,
OPTSTK,DHFL,27-Oct-2016,240,CE,0,0,0,7.6,33.15,0,0,0,0,17-AUG-2016,
OPTSTK,DHFL,27-Oct-2016,245,CE,0,0,0,6.1,29.65,0,0,0,0,17-AUG-2016,
OPTSTK,DHFL,27-Oct-2016,250,CE,0,0,0,4.9,26.4,0,0,0,0,17-AUG-2016,
OPTSTK,DHFL,27-Oct-2016,255,CE,0,0,0,3.85,23.4,0,0,0,0,17-AUG-2016,
OPTSTK,DHFL,27-Oct-2016,260,CE,0,0,0,3,20.6,0,0,0,0,17-AUG-2016,
OPTSTK,DHFL,27-Oct-2016,265,CE,0,0,0,2.35,18.05,0,0,0,0,17-AUG-2016,
OPTSTK,DHFL,27-Oct-2016,270,CE,0,0,0,1.8,15.75,0,0,0,0,17-AUG-2016,
OPTSTK,DHFL,27-Oct-2016,275,CE,0,0,0,1.4,13.65,0,0,0,0,17-AUG-2016,
OPTSTK,DHFL,27-Oct-2016,280,CE,0,0,0,1.05,11.75,0,0,0,0,17-AUG-2016,
OPTSTK,DHFL,27-Oct-2016,285,CE,0,0,0,0.8,10.1,0,0,0,0,17-AUG-2016,
OPTSTK,DHFL,27-Oct-2016,290,CE,0,0,0,0.6,8.65,0,0,0,0,17-AUG-2016,
OPTSTK,DHFL,27-Oct-2016,295,CE,0,0,0,0.45,7.35,0,0,0,0,17-AUG-2016,
OPTSTK,DHFL,27-Oct-2016,300,CE,0,0,0,0.35,6.2,0,0,0,0,17-AUG-2016,
OPTSTK,DHFL,27-Oct-2016,305,CE,0,0,0,0.25,5.25,0,0,0,0,17-AUG-2016,
OPTSTK,DHFL,27-Oct-2016,310,CE,0,0,0,0.2,4.4,0,0,0,0,17-AUG-2016,
OPTSTK,DHFL,27-Oct-2016,135,PE,0,0,0,0.05,0,0,0,0,0,17-AUG-2016,
OPTSTK,DHFL,27-Oct-2016,140,PE,0,0,0,0.05,0,0,0,0,0,17-AUG-2016,
OPTSTK,DHFL,27-Oct-2016,145,PE,0,0,0,0.05,0,0,0,0,0,17-AUG-2016,
OPTSTK,DHFL,27-Oct-2016,150,PE,0,0,0,0.05,0,0,0,0,0,17-AUG-2016,
OPTSTK,DHFL,27-Oct-2016,155,PE,0,0,0,0.05,0,0,0,0,0,17-AUG-2016,
OPTSTK,DHFL,27-Oct-2016,160,PE,0,0,0,0.05,0.05,0,0,0,0,17-AUG-2016,
OPTSTK,DHFL,27-Oct-2016,165,PE,0,0,0,0.1,0.05,0,0,0,0,17-AUG-2016,
OPTSTK,DHFL,27-Oct-2016,170,PE,0,0,0,0.2,0.05,0,0,0,0,17-AUG-2016,
OPTSTK,DHFL,27-Oct-2016,175,PE,0,0,0,0.35,0.05,0,0,0,0,17-AUG-2016,
OPTSTK,DHFL,27-Oct-2016,180,PE,0,0,0,0.55,0.1,0,0,0,0,17-AUG-2016,
OPTSTK,DHFL,27-Oct-2016,185,PE,0,0,0,0.85,0.15,0,0,0,0,17-AUG-2016,
OPTSTK,DHFL,27-Oct-2016,190,PE,0,0,0,1.3,0.2,0,0,0,0,17-AUG-2016,
OPTSTK,DHFL,27-Oct-2016,195,PE,0,0,0,1.95,0.35,0,0,0,0,17-AUG-2016,
OPTSTK,DHFL,27-Oct-2016,200,PE,0,0,0,2.75,0.5,0,0,0,0,17-AUG-2016,
OPTSTK,DHFL,27-Oct-2016,205,PE,0,0,0,3.85,0.75,0,0,0,0,17-AUG-2016,
OPTSTK,DHFL,27-Oct-2016,210,PE,0,0,0,5.2,1.05,0,0,0,0,17-AUG-2016,
OPTSTK,DHFL,27-Oct-2016,215,PE,0,0,0,6.85,1.5,0,0,0,0,17-AUG-2016,
OPTSTK,DHFL,27-Oct-2016,220,PE,0,0,0,8.8,2.05,0,0,0,0,17-AUG-2016,
OPTSTK,DHFL,27-Oct-2016,225,PE,0,0,0,11.05,2.75,0,0,0,0,17-AUG-2016,
OPTSTK,DHFL,27-Oct-2016,230,PE,0,0,0,13.65,3.6,0,0,0,0,17-AUG-2016,
OPTSTK,DHFL,27-Oct-2016,235,PE,0,0,0,16.55,4.65,0,0,0,0,17-AUG-2016,
OPTSTK,DHFL,27-Oct-2016,240,PE,0,0,0,19.7,5.9,0,0,0,0,17-AUG-2016,
OPTSTK,DHFL,27-Oct-2016,245,PE,0,0,0,23.15,7.35,0,0,0,0,17-AUG-2016,
OPTSTK,DHFL,27-Oct-2016,250,PE,0,0,0,26.85,9,0,0,0,0,17-AUG-2016,
OPTSTK,DHFL,27-Oct-2016,255,PE,0,0,0,30.75,10.95,0,0,0,0,17-AUG-2016,
OPTSTK,DHFL,27-Oct-2016,260,PE,0,0,0,34.8,13.1,0,0,0,0,17-AUG-2016,
OPTSTK,DHFL,27-Oct-2016,265,PE,0,0,0,39.05,15.45,0,0,0,0,17-AUG-2016,
OPTSTK,DHFL,27-Oct-2016,270,PE,0,0,0,43.45,18.1,0,0,0,0,17-AUG-2016,
OPTSTK,DHFL,27-Oct-2016,275,PE,0,0,0,47.9,20.9,0,0,0,0,17-AUG-2016,
OPTSTK,DHFL,27-Oct-2016,280,PE,0,0,0,52.5,24,0,0,0,0,17-AUG-2016,
OPTSTK,DHFL,27-Oct-2016,285,PE,0,0,0,57.15,27.25,0,0,0,0,17-AUG-2016,
OPTSTK,DHFL,27-Oct-2016,290,PE,0,0,0,61.85,30.7,0,0,0,0,17-AUG-2016,
OPTSTK,DHFL,27-Oct-2016,295,PE,0,0,0,66.65,34.35,0,0,0,0,17-AUG-2016,
OPTSTK,DHFL,27-Oct-2016,300,PE,0,0,0,71.45,38.15,0,0,0,0,17-AUG-2016,
OPTSTK,DHFL,27-Oct-2016,305,PE,0,0,0,76.25,42.1,0,0,0,0,17-AUG-2016,
OPTSTK,DHFL,27-Oct-2016,310,PE,0,0,0,81.1,46.2,0,0,0,0,17-AUG-2016,
OPTSTK,DISHTV,25-Aug-2016,55,CE,0,0,0,31.95,37.5,0,0,0,0,17-AUG-2016,
OPTSTK,DISHTV,25-Aug-2016,57.5,CE,0,0,0,29.7,35,0,0,0,0,17-AUG-2016,
OPTSTK,DISHTV,25-Aug-2016,60,CE,0,0,0,27.45,32.5,0,0,0,0,17-AUG-2016,
OPTSTK,DISHTV,25-Aug-2016,62.5,CE,0,0,0,25.3,30,0,0,0,0,17-AUG-2016,
OPTSTK,DISHTV,25-Aug-2016,65,CE,0,0,0,23.2,27.5,0,0,0,0,17-AUG-2016,
OPTSTK,DISHTV,25-Aug-2016,67.5,CE,0,0,0,21.2,25,0,0,0,0,17-AUG-2016,
OPTSTK,DISHTV,25-Aug-2016,70,CE,0,0,0,19.3,22.55,0,0,0,0,17-AUG-2016,
OPTSTK,DISHTV,25-Aug-2016,72.5,CE,0,0,0,17.5,20.05,0,0,0,0,17-AUG-2016,
OPTSTK,DISHTV,25-Aug-2016,75,CE,0,0,0,15.8,17.55,0,0,0,0,17-AUG-2016,
OPTSTK,DISHTV,25-Aug-2016,77.5,CE,0,0,0,14.25,15.1,0,0,0,0,17-AUG-2016,
OPTSTK,DISHTV,25-Aug-2016,80,CE,0,0,0,19.65,12.65,0,0,7000,0,17-AUG-2016,
OPTSTK,DISHTV,25-Aug-2016,82.5,CE,0,0,0,11.4,10.3,0,0,0,0,17-AUG-2016,
OPTSTK,DISHTV,25-Aug-2016,85,CE,0,0,0,10.15,8.15,0,0,0,0,17-AUG-2016,
OPTSTK,DISHTV,25-Aug-2016,87.5,CE,0,0,0,9.05,6.2,0,0,0,0,17-AUG-2016,
OPTSTK,DISHTV,25-Aug-2016,90,CE,5.75,5.8,5.05,5.05,5.05,5,33.42,147000,-35000,17-AUG-2016,
OPTSTK,DISHTV,25-Aug-2016,92.5,CE,2.3,2.3,2.3,2.3,2.3,1,6.63,42000,7000,17-AUG-2016,
OPTSTK,DISHTV,25-Aug-2016,95,CE,1.75,3.15,1.25,1.5,1.5,48,326.67,952000,-56000,17-AUG-2016,
OPTSTK,DISHTV,25-Aug-2016,97.5,CE,0.9,1.6,0.9,1.1,1.1,6,41.49,357000,-14000,17-AUG-2016,
OPTSTK,DISHTV,25-Aug-2016,100,CE,0.7,1.35,0.6,0.7,0.7,107,756.37,3031000,-112000,17-AUG-2016,
OPTSTK,DISHTV,25-Aug-2016,102.5,CE,0.75,1,0.6,0.6,0.6,8,57.84,812000,-14000,17-AUG-2016,
OPTSTK,DISHTV,25-Aug-2016,105,CE,0.3,0.7,0.3,0.45,0.45,45,332.36,3066000,-70000,17-AUG-2016,
OPTSTK,DISHTV,25-Aug-2016,107.5,CE,0.2,0.45,0.2,0.25,0.25,6,45.26,574000,-14000,17-AUG-2016,
OPTSTK,DISHTV,25-Aug-2016,110,CE,0.15,0.4,0.15,0.2,0.2,33,254.67,3598000,-112000,17-AUG-2016,
OPTSTK,DISHTV,25-Aug-2016,112.5,CE,0.2,0.2,0.2,0.2,0.2,1,7.88,294000,0,17-AUG-2016,
OPTSTK,DISHTV,25-Aug-2016,115,CE,0.15,0.3,0.15,0.25,0.25,22,177.41,2114000,-28000,17-AUG-2016,
OPTSTK,DISHTV,25-Aug-2016,117.5,CE,0.15,0.15,0.15,0.15,0.15,2,16.47,112000,-7000,17-AUG-2016,
OPTSTK,DISHTV,25-Aug-2016,120,CE,0.1,0.15,0.05,0.1,0.1,10,84.07,1351000,-56000,17-AUG-2016,
OPTSTK,DISHTV,25-Aug-2016,122.5,CE,0.1,0.2,0.1,0.2,0.2,2,17.17,28000,-7000,17-AUG-2016,
OPTSTK,DISHTV,25-Aug-2016,125,CE,0.1,0.1,0.1,0.1,0.1,2,17.51,210000,-14000,17-AUG-2016,
OPTSTK,DISHTV,25-Aug-2016,55,PE,0,0,0,0.35,0,0,0,0,0,17-AUG-2016,
OPTSTK,DISHTV,25-Aug-2016,57.5,PE,0,0,0,0.5,0,0,0,0,0,17-AUG-2016,
OPTSTK,DISHTV,25-Aug-2016,60,PE,0,0,0,0.75,0,0,0,0,0,17-AUG-2016,
OPTSTK,DISHTV,25-Aug-2016,62.5,PE,0,0,0,1,0,0,0,0,0,17-AUG-2016,
OPTSTK,DISHTV,25-Aug-2016,65,PE,0.05,0.05,0.05,0.05,0.05,15,68.3,182000,-105000,17-AUG-2016,
OPTSTK,DISHTV,25-Aug-2016,67.5,PE,0,0,0,1.85,0,0,0,0,0,17-AUG-2016,
OPTSTK,DISHTV,25-Aug-2016,70,PE,0.05,0.05,0.05,0.05,0.05,3,14.71,70000,-21000,17-AUG-2016,
OPTSTK,DISHTV,25-Aug-2016,72.5,PE,0.05,0.05,0.05,0.05,0.05,3,15.23,189000,-21000,17-AUG-2016,
OPTSTK,DISHTV,25-Aug-2016,75,PE,0.05,0.05,0.05,0.05,0.05,3,15.76,189000,-21000,17-AUG-2016,
OPTSTK,DISHTV,25-Aug-2016,77.5,PE,0,0,0,0.15,0.05,0,0,14000,0,17-AUG-2016,
OPTSTK,DISHTV,25-Aug-2016,80,PE,0.15,0.15,0.15,0.15,0.15,1,5.61,56000,-7000,17-AUG-2016,
OPTSTK,DISHTV,25-Aug-2016,82.5,PE,0.15,0.15,0.15,0.15,0.15,1,5.78,35000,0,17-AUG-2016,
OPTSTK,DISHTV,25-Aug-2016,85,PE,0.25,0.3,0.2,0.25,0.25,14,83.54,350000,-77000,17-AUG-2016,
OPTSTK,DISHTV,25-Aug-2016,87.5,PE,0.4,0.5,0.3,0.5,0.5,10,61.49,112000,-56000,17-AUG-2016,
OPTSTK,DISHTV,25-Aug-2016,90,PE,1.15,1.3,0.7,1.25,1.25,83,528.54,1148000,-231000,17-AUG-2016,
OPTSTK,DISHTV,25-Aug-2016,92.5,PE,2,2.5,1.45,2.5,2.5,8,52.83,413000,7000,17-AUG-2016,
OPTSTK,DISHTV,25-Aug-2016,95,PE,2.5,3.9,2.2,3.9,3.9,18,123.5,1134000,14000,17-AUG-2016,
OPTSTK,DISHTV,25-Aug-2016,97.5,PE,4.95,4.95,4.95,4.95,4.95,1,7.17,315000,0,17-AUG-2016,
OPTSTK,DISHTV,25-Aug-2016,100,PE,7,7,6.3,6.3,6.3,4,29.83,714000,-21000,17-AUG-2016,
OPTSTK,DISHTV,25-Aug-2016,102.5,PE,0,0,0,7.95,10.4,0,0,42000,0,17-AUG-2016,
OPTSTK,DISHTV,25-Aug-2016,105,PE,0,0,0,16.65,12.7,0,0,224000,0,17-AUG-2016,
OPTSTK,DISHTV,25-Aug-2016,107.5,PE,0,0,0,17.8,15.1,0,0,56000,0,17-AUG-2016,
OPTSTK,DISHTV,25-Aug-2016,110,PE,0,0,0,11,17.5,0,0,28000,0,17-AUG-2016,
OPTSTK,DISHTV,25-Aug-2016,112.5,PE,0,0,0,27.25,20,0,0,0,0,17-AUG-2016,
OPTSTK,DISHTV,25-Aug-2016,115,PE,0,0,0,29.4,22.45,0,0,0,0,17-AUG-2016,
OPTSTK,DISHTV,25-Aug-2016,117.5,PE,0,0,0,31.55,24.95,0,0,0,0,17-AUG-2016,
OPTSTK,DISHTV,25-Aug-2016,120,PE,0,0,0,33.75,27.45,0,0,0,0,17-AUG-2016,
OPTSTK,DISHTV,25-Aug-2016,122.5,PE,0,0,0,34.95,29.95,0,0,0,0,17-AUG-2016,
OPTSTK,DISHTV,25-Aug-2016,125,PE,0,0,0,35.05,32.45,0,0,0,0,17-AUG-2016,
OPTSTK,DISHTV,29-Sep-2016,57.5,CE,0,0,0,41.25,35.4,0,0,0,0,17-AUG-2016,
OPTSTK,DISHTV,29-Sep-2016,60,CE,0,0,0,38.8,32.95,0,0,0,0,17-AUG-2016,
OPTSTK,DISHTV,29-Sep-2016,62.5,CE,0,0,0,36.35,30.55,0,0,0,0,17-AUG-2016,
OPTSTK,DISHTV,29-Sep-2016,65,CE,0,0,0,33.9,28.15,0,0,0,0,17-AUG-2016,
OPTSTK,DISHTV,29-Sep-2016,67.5,CE,0,0,0,31.45,25.75,0,0,0,0,17-AUG-2016,
OPTSTK,DISHTV,29-Sep-2016,70,CE,0,0,0,29.05,23.45,0,0,0,0,17-AUG-2016,
OPTSTK,DISHTV,29-Sep-2016,72.5,CE,0,0,0,26.7,21.25,0,0,0,0,17-AUG-2016,
OPTSTK,DISHTV,29-Sep-2016,75,CE,0,0,0,24.35,19.1,0,0,0,0,17-AUG-2016,
OPTSTK,DISHTV,29-Sep-2016,77.5,CE,0,0,0,22.1,17.05,0,0,0,0,17-AUG-2016,
OPTSTK,DISHTV,29-Sep-2016,80,CE,0,0,0,19.9,15.1,0,0,0,0,17-AUG-2016,
OPTSTK,DISHTV,29-Sep-2016,82.5,CE,0,0,0,17.75,13.3,0,0,0,0,17-AUG-2016,
OPTSTK,DISHTV,29-Sep-2016,85,CE,0,0,0,15.75,11.6,0,0,0,0,17-AUG-2016,
OPTSTK,DISHTV,29-Sep-2016,87.5,CE,0,0,0,13.85,10.1,0,0,0,0,17-AUG-2016,
OPTSTK,DISHTV,29-Sep-2016,90,CE,0,0,0,12.1,8.7,0,0,0,0,17-AUG-2016,
OPTSTK,DISHTV,29-Sep-2016,92.5,CE,0,0,0,7.15,7.45,0,0,7000,0,17-AUG-2016,
OPTSTK,DISHTV,29-Sep-2016,95,CE,0,0,0,9,6.35,0,0,0,0,17-AUG-2016,
OPTSTK,DISHTV,29-Sep-2016,97.5,CE,0,0,0,7.65,5.35,0,0,0,0,17-AUG-2016,
OPTSTK,DISHTV,29-Sep-2016,100,CE,0,0,0,6.5,4.5,0,0,0,0,17-AUG-2016,
OPTSTK,DISHTV,29-Sep-2016,102.5,CE,0,0,0,5.45,3.75,0,0,0,0,17-AUG-2016,
OPTSTK,DISHTV,29-Sep-2016,105,CE,0,0,0,3.5,3.1,0,0,7000,0,17-AUG-2016,
OPTSTK,DISHTV,29-Sep-2016,107.5,CE,0,0,0,3.75,2.6,0,0,0,0,17-AUG-2016,
OPTSTK,DISHTV,29-Sep-2016,110,CE,0,0,0,2,2.1,0,0,7000,0,17-AUG-2016,
OPTSTK,DISHTV,29-Sep-2016,112.5,CE,0,0,0,2.5,1.75,0,0,0,0,17-AUG-2016,
OPTSTK,DISHTV,29-Sep-2016,115,CE,0,0,0,2.05,1.4,0,0,0,0,17-AUG-2016,
OPTSTK,DISHTV,29-Sep-2016,117.5,CE,0,0,0,1.65,1.15,0,0,0,0,17-AUG-2016,
OPTSTK,DISHTV,29-Sep-2016,120,CE,0,0,0,1.3,0.9,0,0,0,0,17-AUG-2016,
OPTSTK,DISHTV,29-Sep-2016,122.5,CE,0,0,0,1.05,0.75,0,0,0,0,17-AUG-2016,
OPTSTK,DISHTV,29-Sep-2016,125,CE,0,0,0,0.85,0.6,0,0,0,0,17-AUG-2016,
OPTSTK,DISHTV,29-Sep-2016,57.5,PE,0,0,0,0.05,0.05,0,0,0,0,17-AUG-2016,
OPTSTK,DISHTV,29-Sep-2016,60,PE,0,0,0,0.05,0.1,0,0,0,0,17-AUG-2016,
OPTSTK,DISHTV,29-Sep-2016,62.5,PE,0,0,0,0.05,0.1,0,0,0,0,17-AUG-2016,
OPTSTK,DISHTV,29-Sep-2016,65,PE,0,0,0,0.05,0.2,0,0,0,0,17-AUG-2016,
OPTSTK,DISHTV,29-Sep-2016,67.5,PE,0,0,0,0.1,0.3,0,0,0,0,17-AUG-2016,
OPTSTK,DISHTV,29-Sep-2016,70,PE,0,0,0,0.15,0.5,0,0,0,0,17-AUG-2016,
OPTSTK,DISHTV,29-Sep-2016,72.5,PE,0,0,0,0.2,0.75,0,0,0,0,17-AUG-2016,
OPTSTK,DISHTV,29-Sep-2016,75,PE,0,0,0,0.35,1.05,0,0,0,0,17-AUG-2016,
OPTSTK,DISHTV,29-Sep-2016,77.5,PE,0,0,0,0.5,1.5,0,0,0,0,17-AUG-2016,
OPTSTK,DISHTV,29-Sep-2016,80,PE,0,0,0,0.75,2.05,0,0,0,0,17-AUG-2016,
OPTSTK,DISHTV,29-Sep-2016,82.5,PE,0,0,0,1.1,2.7,0,0,0,0,17-AUG-2016,
OPTSTK,DISHTV,29-Sep-2016,85,PE,1.6,1.6,1.6,1.6,1.6,1,6.06,7000,7000,17-AUG-2016,
OPTSTK,DISHTV,29-Sep-2016,87.5,PE,0,0,0,2.1,4.45,0,0,0,0,17-AUG-2016,
OPTSTK,DISHTV,29-Sep-2016,90,PE,0,0,0,2.8,5.55,0,0,0,0,17-AUG-2016,
OPTSTK,DISHTV,29-Sep-2016,92.5,PE,0,0,0,3.65,6.8,0,0,7000,0,17-AUG-2016,
OPTSTK,DISHTV,29-Sep-2016,95,PE,0,0,0,4.6,8.15,0,0,0,0,17-AUG-2016,
OPTSTK,DISHTV,29-Sep-2016,97.5,PE,0,0,0,5.75,9.65,0,0,0,0,17-AUG-2016,
OPTSTK,DISHTV,29-Sep-2016,100,PE,0,0,0,7,11.3,0,0,0,0,17-AUG-2016,
OPTSTK,DISHTV,29-Sep-2016,102.5,PE,0,0,0,8.45,13,0,0,0,0,17-AUG-2016,
OPTSTK,DISHTV,29-Sep-2016,105,PE,0,0,0,10,14.85,0,0,0,0,17-AUG-2016,
OPTSTK,DISHTV,29-Sep-2016,107.5,PE,0,0,0,11.65,16.8,0,0,0,0,17-AUG-2016,
OPTSTK,DISHTV,29-Sep-2016,110,PE,0,0,0,13.45,18.8,0,0,0,0,17-AUG-2016,
OPTSTK,DISHTV,29-Sep-2016,112.5,PE,0,0,0,15.35,20.9,0,0,0,0,17-AUG-2016,
OPTSTK,DISHTV,29-Sep-2016,115,PE,0,0,0,17.3,23.1,0,0,0,0,17-AUG-2016,
OPTSTK,DISHTV,29-Sep-2016,117.5,PE,0,0,0,19.35,25.3,0,0,0,0,17-AUG-2016,
OPTSTK,DISHTV,29-Sep-2016,120,PE,0,0,0,21.5,27.55,0,0,0,0,17-AUG-2016,
OPTSTK,DISHTV,29-Sep-2016,122.5,PE,0,0,0,23.7,29.85,0,0,0,0,17-AUG-2016,
OPTSTK,DISHTV,29-Sep-2016,125,PE,0,0,0,25.95,32.2,0,0,0,0,17-AUG-2016,
OPTSTK,DISHTV,27-Oct-2016,57.5,CE,0,0,0,37.4,35.85,0,0,0,0,17-AUG-2016,
OPTSTK,DISHTV,27-Oct-2016,60,CE,0,0,0,34.95,33.5,0,0,0,0,17-AUG-2016,
OPTSTK,DISHTV,27-Oct-2016,62.5,CE,0,0,0,32.55,31.15,0,0,0,0,17-AUG-2016,
OPTSTK,DISHTV,27-Oct-2016,65,CE,0,0,0,30.1,28.9,0,0,0,0,17-AUG-2016,
OPTSTK,DISHTV,27-Oct-2016,67.5,CE,0,0,0,27.7,26.65,0,0,0,0,17-AUG-2016,
OPTSTK,DISHTV,27-Oct-2016,70,CE,0,0,0,25.35,24.55,0,0,0,0,17-AUG-2016,
OPTSTK,DISHTV,27-Oct-2016,72.5,CE,0,0,0,23.05,22.45,0,0,0,0,17-AUG-2016,
OPTSTK,DISHTV,27-Oct-2016,75,CE,0,0,0,20.8,20.5,0,0,0,0,17-AUG-2016,
OPTSTK,DISHTV,27-Oct-2016,77.5,CE,0,0,0,18.65,18.65,0,0,0,0,17-AUG-2016,
OPTSTK,DISHTV,27-Oct-2016,80,CE,0,0,0,16.6,16.85,0,0,0,0,17-AUG-2016,
OPTSTK,DISHTV,27-Oct-2016,82.5,CE,0,0,0,14.65,15.2,0,0,0,0,17-AUG-2016,
OPTSTK,DISHTV,27-Oct-2016,85,CE,0,0,0,12.85,13.65,0,0,0,0,17-AUG-2016,
OPTSTK,DISHTV,27-Oct-2016,87.5,CE,0,0,0,11.15,12.2,0,0,0,0,17-AUG-2016,
OPTSTK,DISHTV,27-Oct-2016,90,CE,0,0,0,9.65,10.9,0,0,0,0,17-AUG-2016,
OPTSTK,DISHTV,27-Oct-2016,92.5,CE,0,0,0,8.25,9.65,0,0,0,0,17-AUG-2016,
OPTSTK,DISHTV,27-Oct-2016,95,CE,0,0,0,7,8.55,0,0,0,0,17-AUG-2016,
OPTSTK,DISHTV,27-Oct-2016,97.5,CE,0,0,0,5.9,7.55,0,0,0,0,17-AUG-2016,
OPTSTK,DISHTV,27-Oct-2016,100,CE,0,0,0,4.95,6.65,0,0,0,0,17-AUG-2016,
OPTSTK,DISHTV,27-Oct-2016,102.5,CE,0,0,0,4.1,5.85,0,0,0,0,17-AUG-2016,
OPTSTK,DISHTV,27-Oct-2016,105,CE,0,0,0,3.4,5.1,0,0,0,0,17-AUG-2016,
OPTSTK,DISHTV,27-Oct-2016,107.5,CE,0,0,0,2.75,4.45,0,0,0,0,17-AUG-2016,
OPTSTK,DISHTV,27-Oct-2016,110,CE,0,0,0,2.25,3.9,0,0,0,0,17-AUG-2016,
OPTSTK,DISHTV,27-Oct-2016,112.5,CE,0,0,0,1.85,3.4,0,0,0,0,17-AUG-2016,
OPTSTK,DISHTV,27-Oct-2016,115,CE,0,0,0,1.45,2.95,0,0,0,0,17-AUG-2016,
OPTSTK,DISHTV,27-Oct-2016,117.5,CE,0,0,0,1.2,2.55,0,0,0,0,17-AUG-2016,
OPTSTK,DISHTV,27-Oct-2016,120,CE,0,0,0,0.95,2.2,0,0,0,0,17-AUG-2016,
OPTSTK,DISHTV,27-Oct-2016,122.5,CE,0,0,0,0.75,1.9,0,0,0,0,17-AUG-2016,
OPTSTK,DISHTV,27-Oct-2016,125,CE,0,0,0,0.6,1.6,0,0,0,0,17-AUG-2016,
OPTSTK,DISHTV,27-Oct-2016,57.5,PE,0,0,0,0.05,0.2,0,0,0,0,17-AUG-2016,
OPTSTK,DISHTV,27-Oct-2016,60,PE,0,0,0,0.05,0.3,0,0,0,0,17-AUG-2016,
OPTSTK,DISHTV,27-Oct-2016,62.5,PE,0,0,0,0.05,0.45,0,0,0,0,17-AUG-2016,
OPTSTK,DISHTV,27-Oct-2016,65,PE,0,0,0,0.1,0.6,0,0,0,0,17-AUG-2016,
OPTSTK,DISHTV,27-Oct-2016,67.5,PE,0,0,0,0.15,0.85,0,0,0,0,17-AUG-2016,
OPTSTK,DISHTV,27-Oct-2016,70,PE,0,0,0,0.25,1.2,0,0,0,0,17-AUG-2016,
OPTSTK,DISHTV,27-Oct-2016,72.5,PE,0,0,0,0.4,1.6,0,0,0,0,17-AUG-2016,
OPTSTK,DISHTV,27-Oct-2016,75,PE,0,0,0,0.65,2.1,0,0,0,0,17-AUG-2016,
OPTSTK,DISHTV,27-Oct-2016,77.5,PE,0,0,0,0.95,2.7,0,0,0,0,17-AUG-2016,
OPTSTK,DISHTV,27-Oct-2016,80,PE,0,0,0,1.35,3.4,0,0,0,0,17-AUG-2016,
OPTSTK,DISHTV,27-Oct-2016,82.5,PE,0,0,0,1.85,4.2,0,0,0,0,17-AUG-2016,
OPTSTK,DISHTV,27-Oct-2016,85,PE,0,0,0,2.5,5.1,0,0,0,0,17-AUG-2016,
OPTSTK,DISHTV,27-Oct-2016,87.5,PE,0,0,0,3.25,6.15,0,0,0,0,17-AUG-2016,
OPTSTK,DISHTV,27-Oct-2016,90,PE,0,0,0,4.2,7.3,0,0,0,0,17-AUG-2016,
OPTSTK,DISHTV,27-Oct-2016,92.5,PE,0,0,0,5.25,8.55,0,0,0,0,17-AUG-2016,
OPTSTK,DISHTV,27-Oct-2016,95,PE,0,0,0,6.45,9.9,0,0,0,0,17-AUG-2016,
OPTSTK,DISHTV,27-Oct-2016,97.5,PE,0,0,0,7.8,11.35,0,0,0,0,17-AUG-2016,
OPTSTK,DISHTV,27-Oct-2016,100,PE,0,0,0,9.3,12.9,0,0,0,0,17-AUG-2016,
OPTSTK,DISHTV,27-Oct-2016,102.5,PE,0,0,0,10.95,14.55,0,0,0,0,17-AUG-2016,
OPTSTK,DISHTV,27-Oct-2016,105,PE,0,0,0,12.65,16.3,0,0,0,0,17-AUG-2016,
OPTSTK,DISHTV,27-Oct-2016,107.5,PE,0,0,0,14.55,18.15,0,0,0,0,17-AUG-2016,
OPTSTK,DISHTV,27-Oct-2016,110,PE,0,0,0,16.45,20,0,0,0,0,17-AUG-2016,
OPTSTK,DISHTV,27-Oct-2016,112.5,PE,0,0,0,18.5,22,0,0,0,0,17-AUG-2016,
OPTSTK,DISHTV,27-Oct-2016,115,PE,0,0,0,20.6,24,0,0,0,0,17-AUG-2016,
OPTSTK,DISHTV,27-Oct-2016,117.5,PE,0,0,0,22.75,26.05,0,0,0,0,17-AUG-2016,
OPTSTK,DISHTV,27-Oct-2016,120,PE,0,0,0,25,28.2,0,0,0,0,17-AUG-2016,
OPTSTK,DISHTV,27-Oct-2016,122.5,PE,0,0,0,27.25,30.35,0,0,0,0,17-AUG-2016,
OPTSTK,DISHTV,27-Oct-2016,125,PE,0,0,0,29.55,32.55,0,0,0,0,17-AUG-2016,
OPTSTK,DIVISLAB,25-Aug-2016,740,CE,0,0,0,314.95,535.3,0,0,0,0,17-AUG-2016,
OPTSTK,DIVISLAB,25-Aug-2016,760,CE,0,0,0,295.45,515.3,0,0,0,0,17-AUG-2016,
OPTSTK,DIVISLAB,25-Aug-2016,780,CE,0,0,0,276.1,495.35,0,0,0,0,17-AUG-2016,
OPTSTK,DIVISLAB,25-Aug-2016,800,CE,0,0,0,256.85,475.35,0,0,0,0,17-AUG-2016,
OPTSTK,DIVISLAB,25-Aug-2016,820,CE,0,0,0,237.9,455.4,0,0,0,0,17-AUG-2016,
OPTSTK,DIVISLAB,25-Aug-2016,840,CE,0,0,0,219.2,435.45,0,0,0,0,17-AUG-2016,
OPTSTK,DIVISLAB,25-Aug-2016,860,CE,0,0,0,200.85,415.45,0,0,0,0,17-AUG-2016,
OPTSTK,DIVISLAB,25-Aug-2016,880,CE,0,0,0,183,395.5,0,0,0,0,17-AUG-2016,
OPTSTK,DIVISLAB,25-Aug-2016,900,CE,0,0,0,165.75,375.5,0,0,0,0,17-AUG-2016,
OPTSTK,DIVISLAB,25-Aug-2016,920,CE,0,0,0,149.15,355.55,0,0,0,0,17-AUG-2016,
OPTSTK,DIVISLAB,25-Aug-2016,940,CE,0,0,0,133.35,335.6,0,0,0,0,17-AUG-2016,
OPTSTK,DIVISLAB,25-Aug-2016,960,CE,0,0,0,118.4,315.6,0,0,0,0,17-AUG-2016,
OPTSTK,DIVISLAB,25-Aug-2016,980,CE,0,0,0,104.35,295.65,0,0,0,0,17-AUG-2016,
OPTSTK,DIVISLAB,25-Aug-2016,1000,CE,0,0,0,91.35,275.65,0,0,0,0,17-AUG-2016,
OPTSTK,DIVISLAB,25-Aug-2016,1020,CE,0,0,0,79.4,255.7,0,0,0,0,17-AUG-2016,
OPTSTK,DIVISLAB,25-Aug-2016,1040,CE,0,0,0,68.5,235.75,0,0,0,0,17-AUG-2016,
OPTSTK,DIVISLAB,25-Aug-2016,1060,CE,0,0,0,58.7,215.75,0,0,0,0,17-AUG-2016,
OPTSTK,DIVISLAB,25-Aug-2016,1080,CE,0,0,0,49.9,195.8,0,0,0,0,17-AUG-2016,
OPTSTK,DIVISLAB,25-Aug-2016,1100,CE,0,0,0,42.15,175.85,0,0,0,0,17-AUG-2016,
OPTSTK,DIVISLAB,25-Aug-2016,1120,CE,0,0,0,35.35,155.95,0,0,0,0,17-AUG-2016,
OPTSTK,DIVISLAB,25-Aug-2016,1140,CE,0,0,0,29.45,136.2,0,0,0,0,17-AUG-2016,
OPTSTK,DIVISLAB,25-Aug-2016,1160,CE,0,0,0,108.55,116.75,0,0,600,0,17-AUG-2016,
OPTSTK,DIVISLAB,25-Aug-2016,1180,CE,0,0,0,87.85,97.85,0,0,1200,0,17-AUG-2016,
OPTSTK,DIVISLAB,25-Aug-2016,1200,CE,74,74,74,74,74,1,7.64,6600,0,17-AUG-2016,
OPTSTK,DIVISLAB,25-Aug-2016,1220,CE,58.7,62.4,58.7,62.4,62.4,4,30.74,5400,-600,17-AUG-2016,
OPTSTK,DIVISLAB,25-Aug-2016,1240,CE,33.9,47.2,33.5,38,38,41,314.53,9000,-2400,17-AUG-2016,
OPTSTK,DIVISLAB,25-Aug-2016,1260,CE,20.6,31.4,18,20.25,20.25,139,1072.47,15600,-11400,17-AUG-2016,
OPTSTK,DIVISLAB,25-Aug-2016,1280,CE,14,19.3,9,10.05,10.05,63,489.37,19200,18600,17-AUG-2016,
OPTSTK,DIVISLAB,25-Aug-2016,1300,CE,10,10,4.2,4.45,4.45,36,282.53,15600,14400,17-AUG-2016,
OPTSTK,DIVISLAB,25-Aug-2016,1320,CE,3,3,3,3,3,1,7.93,1200,600,17-AUG-2016,
OPTSTK,DIVISLAB,25-Aug-2016,1340,CE,0,0,0,3.35,6.45,0,0,0,0,17-AUG-2016,
OPTSTK,DIVISLAB,25-Aug-2016,1360,CE,0,0,0,2.6,3.75,0,0,0,0,17-AUG-2016,
OPTSTK,DIVISLAB,25-Aug-2016,1380,CE,0,0,0,2,2.05,0,0,0,0,17-AUG-2016,
OPTSTK,DIVISLAB,25-Aug-2016,1400,CE,0,0,0,3,1.1,0,0,0,0,17-AUG-2016,
OPTSTK,DIVISLAB,25-Aug-2016,1420,CE,0,0,0,1.2,0.55,0,0,0,0,17-AUG-2016,
OPTSTK,DIVISLAB,25-Aug-2016,1440,CE,0,0,0,0.95,0.25,0,0,0,0,17-AUG-2016,
OPTSTK,DIVISLAB,25-Aug-2016,1460,CE,0,0,0,3.65,0.15,0,0,0,0,17-AUG-2016,
OPTSTK,DIVISLAB,25-Aug-2016,740,PE,0,0,0,0.25,0,0,0,0,0,17-AUG-2016,
OPTSTK,DIVISLAB,25-Aug-2016,760,PE,0,0,0,0.4,0,0,0,0,0,17-AUG-2016,
OPTSTK,DIVISLAB,25-Aug-2016,780,PE,0,0,0,0.65,0,0,0,0,0,17-AUG-2016,
OPTSTK,DIVISLAB,25-Aug-2016,800,PE,0,0,0,1.1,0,0,0,0,0,17-AUG-2016,
OPTSTK,DIVISLAB,25-Aug-2016,820,PE,0,0,0,1.75,0,0,0,0,0,17-AUG-2016,
OPTSTK,DIVISLAB,25-Aug-2016,840,PE,0,0,0,2.7,0,0,0,0,0,17-AUG-2016,
OPTSTK,DIVISLAB,25-Aug-2016,860,PE,0,0,0,4,0,0,0,0,0,17-AUG-2016,
OPTSTK,DIVISLAB,25-Aug-2016,880,PE,0,0,0,5.8,0,0,0,0,0,17-AUG-2016,
OPTSTK,DIVISLAB,25-Aug-2016,900,PE,0,0,0,8.2,0,0,0,0,0,17-AUG-2016,
OPTSTK,DIVISLAB,25-Aug-2016,920,PE,0,0,0,11.25,0,0,0,0,0,17-AUG-2016,
OPTSTK,DIVISLAB,25-Aug-2016,940,PE,0,0,0,15.05,0,0,0,0,0,17-AUG-2016,
OPTSTK,DIVISLAB,25-Aug-2016,960,PE,0,0,0,19.8,0,0,0,0,0,17-AUG-2016,
OPTSTK,DIVISLAB,25-Aug-2016,980,PE,0,0,0,25.35,0,0,0,0,0,17-AUG-2016,
OPTSTK,DIVISLAB,25-Aug-2016,1000,PE,0,0,0,32,0,0,0,0,0,17-AUG-2016,
OPTSTK,DIVISLAB,25-Aug-2016,1020,PE,0,0,0,39.7,0,0,0,0,0,17-AUG-2016,
OPTSTK,DIVISLAB,25-Aug-2016,1040,PE,0,0,0,48.45,0,0,0,0,0,17-AUG-2016,
OPTSTK,DIVISLAB,25-Aug-2016,1060,PE,0,0,0,58.3,0,0,0,0,0,17-AUG-2016,
OPTSTK,DIVISLAB,25-Aug-2016,1080,PE,0,0,0,69.15,0.05,0,0,0,0,17-AUG-2016,
OPTSTK,DIVISLAB,25-Aug-2016,1100,PE,0,0,0,81.05,0.05,0,0,0,0,17-AUG-2016,
OPTSTK,DIVISLAB,25-Aug-2016,1120,PE,0,0,0,11.15,0.15,0,0,1200,0,17-AUG-2016,
OPTSTK,DIVISLAB,25-Aug-2016,1140,PE,2.5,2.5,1.05,1.05,1.05,3,20.55,3000,1200,17-AUG-2016,
OPTSTK,DIVISLAB,25-Aug-2016,1160,PE,0,0,0,27.35,0.9,0,0,3600,0,17-AUG-2016,
OPTSTK,DIVISLAB,25-Aug-2016,1180,PE,0,0,0,3,1.9,0,0,2400,0,17-AUG-2016,
OPTSTK,DIVISLAB,25-Aug-2016,1200,PE,2.3,4.8,2.3,2.45,2.45,10,72.17,13800,2400,17-AUG-2016,
OPTSTK,DIVISLAB,25-Aug-2016,1220,PE,3.75,3.75,2.5,2.5,2.5,4,29.35,2400,1800,17-AUG-2016,
OPTSTK,DIVISLAB,25-Aug-2016,1240,PE,9.85,9.85,5,5.25,5.25,40,299.16,11400,-8400,17-AUG-2016,
OPTSTK,DIVISLAB,25-Aug-2016,1260,PE,13.85,14,8.05,8.2,8.2,29,221.11,18600,0,17-AUG-2016,
OPTSTK,DIVISLAB,25-Aug-2016,1280,PE,18,22.8,15.3,22.8,22.8,19,147.92,9000,9000,17-AUG-2016,
OPTSTK,DIVISLAB,25-Aug-2016,1300,PE,0,0,0,35,40.45,0,0,600,0,17-AUG-2016,
OPTSTK,DIVISLAB,25-Aug-2016,1320,PE,0,0,0,259.2,54.5,0,0,0,0,17-AUG-2016,
OPTSTK,DIVISLAB,25-Aug-2016,1340,PE,0,0,0,277.95,70.3,0,0,0,0,17-AUG-2016,
OPTSTK,DIVISLAB,25-Aug-2016,1360,PE,0,0,0,296.85,87.55,0,0,0,0,17-AUG-2016,
OPTSTK,DIVISLAB,25-Aug-2016,1380,PE,0,0,0,315.9,105.85,0,0,0,0,17-AUG-2016,
OPTSTK,DIVISLAB,25-Aug-2016,1400,PE,0,0,0,335.1,124.85,0,0,0,0,17-AUG-2016,
OPTSTK,DIVISLAB,25-Aug-2016,1420,PE,0,0,0,354.35,144.3,0,0,0,0,17-AUG-2016,
OPTSTK,DIVISLAB,25-Aug-2016,1440,PE,0,0,0,373.75,163.95,0,0,0,0,17-AUG-2016,
OPTSTK,DIVISLAB,25-Aug-2016,1460,PE,0,0,0,353.7,183.8,0,0,0,0,17-AUG-2016,
OPTSTK,DIVISLAB,29-Sep-2016,740,CE,0,0,0,382.75,540.15,0,0,0,0,17-AUG-2016,
OPTSTK,DIVISLAB,29-Sep-2016,760,CE,0,0,0,363.1,520.3,0,0,0,0,17-AUG-2016,
OPTSTK,DIVISLAB,29-Sep-2016,780,CE,0,0,0,343.45,500.5,0,0,0,0,17-AUG-2016,
OPTSTK,DIVISLAB,29-Sep-2016,800,CE,0,0,0,323.8,480.65,0,0,0,0,17-AUG-2016,
OPTSTK,DIVISLAB,29-Sep-2016,820,CE,0,0,0,304.2,460.8,0,0,0,0,17-AUG-2016,
OPTSTK,DIVISLAB,29-Sep-2016,840,CE,0,0,0,284.6,441,0,0,0,0,17-AUG-2016,
OPTSTK,DIVISLAB,29-Sep-2016,860,CE,0,0,0,265.05,421.15,0,0,0,0,17-AUG-2016,
OPTSTK,DIVISLAB,29-Sep-2016,880,CE,0,0,0,245.6,401.35,0,0,0,0,17-AUG-2016,
OPTSTK,DIVISLAB,29-Sep-2016,900,CE,0,0,0,226.25,381.5,0,0,0,0,17-AUG-2016,
OPTSTK,DIVISLAB,29-Sep-2016,920,CE,0,0,0,207.15,361.75,0,0,0,0,17-AUG-2016,
OPTSTK,DIVISLAB,29-Sep-2016,940,CE,0,0,0,188.3,342,0,0,0,0,17-AUG-2016,
OPTSTK,DIVISLAB,29-Sep-2016,960,CE,0,0,0,169.85,322.3,0,0,0,0,17-AUG-2016,
OPTSTK,DIVISLAB,29-Sep-2016,980,CE,0,0,0,151.95,302.7,0,0,0,0,17-AUG-2016,
OPTSTK,DIVISLAB,29-Sep-2016,1000,CE,0,0,0,134.7,283.25,0,0,0,0,17-AUG-2016,
OPTSTK,DIVISLAB,29-Sep-2016,1020,CE,0,0,0,118.25,263.95,0,0,0,0,17-AUG-2016,
OPTSTK,DIVISLAB,29-Sep-2016,1040,CE,0,0,0,102.8,244.9,0,0,0,0,17-AUG-2016,
OPTSTK,DIVISLAB,29-Sep-2016,1060,CE,0,0,0,88.35,226.15,0,0,0,0,17-AUG-2016,
OPTSTK,DIVISLAB,29-Sep-2016,1080,CE,0,0,0,75.15,207.75,0,0,0,0,17-AUG-2016,
OPTSTK,DIVISLAB,29-Sep-2016,1100,CE,0,0,0,63.2,189.9,0,0,0,0,17-AUG-2016,
OPTSTK,DIVISLAB,29-Sep-2016,1120,CE,0,0,0,52.5,172.55,0,0,0,0,17-AUG-2016,
OPTSTK,DIVISLAB,29-Sep-2016,1140,CE,0,0,0,43.15,155.9,0,0,0,0,17-AUG-2016,
OPTSTK,DIVISLAB,29-Sep-2016,1160,CE,0,0,0,35,139.95,0,0,0,0,17-AUG-2016,
OPTSTK,DIVISLAB,29-Sep-2016,1180,CE,0,0,0,28.1,124.9,0,0,0,0,17-AUG-2016,
OPTSTK,DIVISLAB,29-Sep-2016,1200,CE,0,0,0,22.25,110.6,0,0,0,0,17-AUG-2016,
OPTSTK,DIVISLAB,29-Sep-2016,1220,CE,0,0,0,17.5,97.4,0,0,0,0,17-AUG-2016,
OPTSTK,DIVISLAB,29-Sep-2016,1240,CE,0,0,0,13.55,85.15,0,0,0,0,17-AUG-2016,
OPTSTK,DIVISLAB,29-Sep-2016,1260,CE,0,0,0,43.95,73.95,0,0,2400,0,17-AUG-2016,
OPTSTK,DIVISLAB,29-Sep-2016,1280,CE,0,0,0,7.85,63.75,0,0,0,0,17-AUG-2016,
OPTSTK,DIVISLAB,29-Sep-2016,1300,CE,0,0,0,5.9,54.6,0,0,0,0,17-AUG-2016,
OPTSTK,DIVISLAB,29-Sep-2016,1320,CE,0,0,0,4.4,46.4,0,0,0,0,17-AUG-2016,
OPTSTK,DIVISLAB,29-Sep-2016,1340,CE,0,0,0,3.2,39.2,0,0,0,0,17-AUG-2016,
OPTSTK,DIVISLAB,29-Sep-2016,1360,CE,0,0,0,2.35,32.85,0,0,0,0,17-AUG-2016,
OPTSTK,DIVISLAB,29-Sep-2016,1380,CE,0,0,0,1.7,27.35,0,0,0,0,17-AUG-2016,
OPTSTK,DIVISLAB,29-Sep-2016,1400,CE,0,0,0,1.2,22.7,0,0,0,0,17-AUG-2016,
OPTSTK,DIVISLAB,29-Sep-2016,1420,CE,0,0,0,0.85,18.6,0,0,0,0,17-AUG-2016,
OPTSTK,DIVISLAB,29-Sep-2016,1440,CE,0,0,0,0.6,15.2,0,0,0,0,17-AUG-2016,
OPTSTK,DIVISLAB,29-Sep-2016,1460,CE,0,0,0,0.4,12.35,0,0,0,0,17-AUG-2016,
OPTSTK,DIVISLAB,29-Sep-2016,740,PE,0,0,0,0.05,0,0,0,0,0,17-AUG-2016,
OPTSTK,DIVISLAB,29-Sep-2016,760,PE,0,0,0,0.05,0,0,0,0,0,17-AUG-2016,
OPTSTK,DIVISLAB,29-Sep-2016,780,PE,0,0,0,0.05,0,0,0,0,0,17-AUG-2016,
OPTSTK,DIVISLAB,29-Sep-2016,800,PE,0,0,0,0.05,0,0,0,0,0,17-AUG-2016,
OPTSTK,DIVISLAB,29-Sep-2016,820,PE,0,0,0,0.05,0,0,0,0,0,17-AUG-2016,
OPTSTK,DIVISLAB,29-Sep-2016,840,PE,0,0,0,0.1,0.05,0,0,0,0,17-AUG-2016,
OPTSTK,DIVISLAB,29-Sep-2016,860,PE,0,0,0,0.2,0.05,0,0,0,0,17-AUG-2016,
OPTSTK,DIVISLAB,29-Sep-2016,880,PE,0,0,0,0.4,0.05,0,0,0,0,17-AUG-2016,
OPTSTK,DIVISLAB,29-Sep-2016,900,PE,0,0,0,0.7,0.1,0,0,0,0,17-AUG-2016,
OPTSTK,DIVISLAB,29-Sep-2016,920,PE,0,0,0,1.25,0.15,0,0,0,0,17-AUG-2016,
OPTSTK,DIVISLAB,29-Sep-2016,940,PE,0,0,0,2.05,0.25,0,0,0,0,17-AUG-2016,
OPTSTK,DIVISLAB,29-Sep-2016,960,PE,0,0,0,3.25,0.4,0,0,0,0,17-AUG-2016,
OPTSTK,DIVISLAB,29-Sep-2016,980,PE,0,0,0,4.95,0.6,0,0,0,0,17-AUG-2016,
OPTSTK,DIVISLAB,29-Sep-2016,1000,PE,0,0,0,7.35,1,0,0,0,0,17-AUG-2016,
OPTSTK,DIVISLAB,29-Sep-2016,1020,PE,0,0,0,10.6,1.55,0,0,0,0,17-AUG-2016,
OPTSTK,DIVISLAB,29-Sep-2016,1040,PE,0,0,0,14.75,2.3,0,0,0,0,17-AUG-2016,
OPTSTK,DIVISLAB,29-Sep-2016,1060,PE,0,0,0,20,3.4,0,0,0,0,17-AUG-2016,
OPTSTK,DIVISLAB,29-Sep-2016,1080,PE,0,0,0,26.4,4.9,0,0,0,0,17-AUG-2016,
OPTSTK,DIVISLAB,29-Sep-2016,1100,PE,0,0,0,34.1,6.8,0,0,0,0,17-AUG-2016,
OPTSTK,DIVISLAB,29-Sep-2016,1120,PE,0,0,0,43.1,9.35,0,0,0,0,17-AUG-2016,
OPTSTK,DIVISLAB,29-Sep-2016,1140,PE,0,0,0,53.35,12.5,0,0,0,0,17-AUG-2016,
OPTSTK,DIVISLAB,29-Sep-2016,1160,PE,0,0,0,64.9,16.4,0,0,0,0,17-AUG-2016,
OPTSTK,DIVISLAB,29-Sep-2016,1180,PE,0,0,0,77.6,21.2,0,0,0,0,17-AUG-2016,
OPTSTK,DIVISLAB,29-Sep-2016,1200,PE,0,0,0,91.4,26.75,0,0,0,0,17-AUG-2016,
OPTSTK,DIVISLAB,29-Sep-2016,1220,PE,0,0,0,106.3,33.35,0,0,0,0,17-AUG-2016,
OPTSTK,DIVISLAB,29-Sep-2016,1240,PE,0,0,0,122,40.95,0,0,0,0,17-AUG-2016,
OPTSTK,DIVISLAB,29-Sep-2016,1260,PE,0,0,0,37.6,49.6,0,0,1200,0,17-AUG-2016,
OPTSTK,DIVISLAB,29-Sep-2016,1280,PE,0,0,0,155.6,59.25,0,0,0,0,17-AUG-2016,
OPTSTK,DIVISLAB,29-Sep-2016,1300,PE,0,0,0,173.3,69.9,0,0,0,0,17-AUG-2016,
OPTSTK,DIVISLAB,29-Sep-2016,1320,PE,0,0,0,191.4,81.55,0,0,0,0,17-AUG-2016,
OPTSTK,DIVISLAB,29-Sep-2016,1340,PE,0,0,0,209.9,94.2,0,0,0,0,17-AUG-2016,
OPTSTK,DIVISLAB,29-Sep-2016,1360,PE,0,0,0,228.65,107.7,0,0,0,0,17-AUG-2016,
OPTSTK,DIVISLAB,29-Sep-2016,1380,PE,0,0,0,247.65,122.05,0,0,0,0,17-AUG-2016,
OPTSTK,DIVISLAB,29-Sep-2016,1400,PE,0,0,0,266.8,137.2,0,0,0,0,17-AUG-2016,
OPTSTK,DIVISLAB,29-Sep-2016,1420,PE,0,0,0,286.1,152.95,0,0,0,0,17-AUG-2016,
OPTSTK,DIVISLAB,29-Sep-2016,1440,PE,0,0,0,305.5,169.4,0,0,0,0,17-AUG-2016,
OPTSTK,DIVISLAB,29-Sep-2016,1460,PE,0,0,0,325,186.35,0,0,0,0,17-AUG-2016,
OPTSTK,DIVISLAB,27-Oct-2016,800,CE,0,0,0,409.25,484.9,0,0,0,0,17-AUG-2016,
OPTSTK,DIVISLAB,27-Oct-2016,820,CE,0,0,0,389.6,465.2,0,0,0,0,17-AUG-2016,
OPTSTK,DIVISLAB,27-Oct-2016,840,CE,0,0,0,369.95,445.5,0,0,0,0,17-AUG-2016,
OPTSTK,DIVISLAB,27-Oct-2016,860,CE,0,0,0,350.3,425.85,0,0,0,0,17-AUG-2016,
OPTSTK,DIVISLAB,27-Oct-2016,880,CE,0,0,0,330.7,406.25,0,0,0,0,17-AUG-2016,
OPTSTK,DIVISLAB,27-Oct-2016,900,CE,0,0,0,311.05,386.75,0,0,0,0,17-AUG-2016,
OPTSTK,DIVISLAB,27-Oct-2016,920,CE,0,0,0,291.5,367.3,0,0,0,0,17-AUG-2016,
OPTSTK,DIVISLAB,27-Oct-2016,940,CE,0,0,0,272,348,0,0,0,0,17-AUG-2016,
OPTSTK,DIVISLAB,27-Oct-2016,960,CE,0,0,0,252.6,328.85,0,0,0,0,17-AUG-2016,
OPTSTK,DIVISLAB,27-Oct-2016,980,CE,0,0,0,233.35,309.9,0,0,0,0,17-AUG-2016,
OPTSTK,DIVISLAB,27-Oct-2016,1000,CE,0,0,0,214.3,291.2,0,0,0,0,17-AUG-2016,
OPTSTK,DIVISLAB,27-Oct-2016,1020,CE,0,0,0,195.6,272.75,0,0,0,0,17-AUG-2016,
OPTSTK,DIVISLAB,27-Oct-2016,1040,CE,0,0,0,177.25,254.7,0,0,0,0,17-AUG-2016,
OPTSTK,DIVISLAB,27-Oct-2016,1060,CE,0,0,0,159.5,237.05,0,0,0,0,17-AUG-2016,
OPTSTK,DIVISLAB,27-Oct-2016,1080,CE,0,0,0,142.35,219.9,0,0,0,0,17-AUG-2016,
OPTSTK,DIVISLAB,27-Oct-2016,1100,CE,0,0,0,126,203.25,0,0,0,0,17-AUG-2016,
OPTSTK,DIVISLAB,27-Oct-2016,1120,CE,0,0,0,110.55,187.15,0,0,0,0,17-AUG-2016,
OPTSTK,DIVISLAB,27-Oct-2016,1140,CE,0,0,0,96.05,171.75,0,0,0,0,17-AUG-2016,
OPTSTK,DIVISLAB,27-Oct-2016,1160,CE,0,0,0,82.7,157.05,0,0,0,0,17-AUG-2016,
OPTSTK,DIVISLAB,27-Oct-2016,1180,CE,0,0,0,70.5,142.95,0,0,0,0,17-AUG-2016,
OPTSTK,DIVISLAB,27-Oct-2016,1200,CE,0,0,0,59.5,129.65,0,0,0,0,17-AUG-2016,
OPTSTK,DIVISLAB,27-Oct-2016,1220,CE,0,0,0,49.7,117.15,0,0,0,0,17-AUG-2016,
OPTSTK,DIVISLAB,27-Oct-2016,1240,CE,0,0,0,41.1,105.45,0,0,0,0,17-AUG-2016,
OPTSTK,DIVISLAB,27-Oct-2016,1260,CE,0,0,0,33.65,94.55,0,0,0,0,17-AUG-2016,
OPTSTK,DIVISLAB,27-Oct-2016,1280,CE,0,0,0,27.25,84.45,0,0,0,0,17-AUG-2016,
OPTSTK,DIVISLAB,27-Oct-2016,1300,CE,0,0,0,21.9,75.15,0,0,0,0,17-AUG-2016,
OPTSTK,DIVISLAB,27-Oct-2016,1320,CE,0,0,0,17.35,66.6,0,0,0,0,17-AUG-2016,
OPTSTK,DIVISLAB,27-Oct-2016,1340,CE,0,0,0,13.65,58.85,0,0,0,0,17-AUG-2016,
OPTSTK,DIVISLAB,27-Oct-2016,1360,CE,0,0,0,10.65,51.75,0,0,0,0,17-AUG-2016,
OPTSTK,DIVISLAB,27-Oct-2016,1380,CE,0,0,0,8.2,45.35,0,0,0,0,17-AUG-2016,
OPTSTK,DIVISLAB,27-Oct-2016,1400,CE,0,0,0,6.25,39.6,0,0,0,0,17-AUG-2016,
OPTSTK,DIVISLAB,27-Oct-2016,1420,CE,0,0,0,4.75,34.55,0,0,0,0,17-AUG-2016,
OPTSTK,DIVISLAB,27-Oct-2016,1440,CE,0,0,0,3.55,30,0,0,0,0,17-AUG-2016,
OPTSTK,DIVISLAB,27-Oct-2016,1460,CE,0,0,0,2.65,25.9,0,0,0,0,17-AUG-2016,
OPTSTK,DIVISLAB,27-Oct-2016,800,PE,0,0,0,0.05,0.05,0,0,0,0,17-AUG-2016,
OPTSTK,DIVISLAB,27-Oct-2016,820,PE,0,0,0,0.05,0.1,0,0,0,0,17-AUG-2016,
OPTSTK,DIVISLAB,27-Oct-2016,840,PE,0,0,0,0.05,0.15,0,0,0,0,17-AUG-2016,
OPTSTK,DIVISLAB,27-Oct-2016,860,PE,0,0,0,0.05,0.25,0,0,0,0,17-AUG-2016,
OPTSTK,DIVISLAB,27-Oct-2016,880,PE,0,0,0,0.05,0.4,0,0,0,0,17-AUG-2016,
OPTSTK,DIVISLAB,27-Oct-2016,900,PE,0,0,0,0.1,0.6,0,0,0,0,17-AUG-2016,
OPTSTK,DIVISLAB,27-Oct-2016,920,PE,0,0,0,0.2,0.9,0,0,0,0,17-AUG-2016,
OPTSTK,DIVISLAB,27-Oct-2016,940,PE,0,0,0,0.35,1.3,0,0,0,0,17-AUG-2016,
OPTSTK,DIVISLAB,27-Oct-2016,960,PE,0,0,0,0.6,1.9,0,0,0,0,17-AUG-2016,
OPTSTK,DIVISLAB,27-Oct-2016,980,PE,0,0,0,1,2.65,0,0,0,0,17-AUG-2016,
OPTSTK,DIVISLAB,27-Oct-2016,1000,PE,0,0,0,1.6,3.7,0,0,0,0,17-AUG-2016,
OPTSTK,DIVISLAB,27-Oct-2016,1020,PE,0,0,0,2.55,5,0,0,0,0,17-AUG-2016,
OPTSTK,DIVISLAB,27-Oct-2016,1040,PE,0,0,0,3.9,6.7,0,0,0,0,17-AUG-2016,
OPTSTK,DIVISLAB,27-Oct-2016,1060,PE,0,0,0,5.8,8.8,0,0,0,0,17-AUG-2016,
OPTSTK,DIVISLAB,27-Oct-2016,1080,PE,0,0,0,8.3,11.35,0,0,0,0,17-AUG-2016,
OPTSTK,DIVISLAB,27-Oct-2016,1100,PE,0,0,0,11.6,14.45,0,0,0,0,17-AUG-2016,
OPTSTK,DIVISLAB,27-Oct-2016,1120,PE,0,0,0,15.8,18.1,0,0,0,0,17-AUG-2016,
OPTSTK,DIVISLAB,27-Oct-2016,1140,PE,0,0,0,20.95,22.4,0,0,0,0,17-AUG-2016,
OPTSTK,DIVISLAB,27-Oct-2016,1160,PE,0,0,0,27.25,27.4,0,0,0,0,17-AUG-2016,
OPTSTK,DIVISLAB,27-Oct-2016,1180,PE,0,0,0,34.75,33.05,0,0,0,0,17-AUG-2016,
OPTSTK,DIVISLAB,27-Oct-2016,1200,PE,0,0,0,43.4,39.5,0,0,0,0,17-AUG-2016,
OPTSTK,DIVISLAB,27-Oct-2016,1220,PE,0,0,0,53.25,46.75,0,0,0,0,17-AUG-2016,
OPTSTK,DIVISLAB,27-Oct-2016,1240,PE,0,0,0,64.3,54.8,0,0,0,0,17-AUG-2016,
OPTSTK,DIVISLAB,27-Oct-2016,1260,PE,0,0,0,76.5,63.6,0,0,0,0,17-AUG-2016,
OPTSTK,DIVISLAB,27-Oct-2016,1280,PE,0,0,0,89.75,73.25,0,0,0,0,17-AUG-2016,
OPTSTK,DIVISLAB,27-Oct-2016,1300,PE,0,0,0,104.1,83.65,0,0,0,0,17-AUG-2016,
OPTSTK,DIVISLAB,27-Oct-2016,1320,PE,0,0,0,119.2,94.85,0,0,0,0,17-AUG-2016,
OPTSTK,DIVISLAB,27-Oct-2016,1340,PE,0,0,0,135.15,106.8,0,0,0,0,17-AUG-2016,
OPTSTK,DIVISLAB,27-Oct-2016,1360,PE,0,0,0,151.75,119.45,0,0,0,0,17-AUG-2016,
OPTSTK,DIVISLAB,27-Oct-2016,1380,PE,0,0,0,169,132.8,0,0,0,0,17-AUG-2016,
OPTSTK,DIVISLAB,27-Oct-2016,1400,PE,0,0,0,186.7,146.8,0,0,0,0,17-AUG-2016,
OPTSTK,DIVISLAB,27-Oct-2016,1420,PE,0,0,0,204.85,161.45,0,0,0,0,17-AUG-2016,
OPTSTK,DIVISLAB,27-Oct-2016,1440,PE,0,0,0,223.3,176.65,0,0,0,0,17-AUG-2016,
OPTSTK,DIVISLAB,27-Oct-2016,1460,PE,0,0,0,242.05,192.3,0,0,0,0,17-AUG-2016,
OPTSTK,DLF,25-Aug-2016,80,CE,0,0,0,49.7,85.9,0,0,0,0,17-AUG-2016,
OPTSTK,DLF,25-Aug-2016,85,CE,0,0,0,45,80.9,0,0,0,0,17-AUG-2016,
OPTSTK,DLF,25-Aug-2016,90,CE,0,0,0,40.45,75.9,0,0,0,0,17-AUG-2016,
OPTSTK,DLF,25-Aug-2016,95,CE,0,0,0,36.05,70.9,0,0,0,0,17-AUG-2016,
OPTSTK,DLF,25-Aug-2016,100,CE,0,0,0,60.05,65.9,0,0,5000,0,17-AUG-2016,
OPTSTK,DLF,25-Aug-2016,105,CE,0,0,0,28,60.95,0,0,0,0,17-AUG-2016,
OPTSTK,DLF,25-Aug-2016,110,CE,0,0,0,50.2,55.95,0,0,10000,0,17-AUG-2016,
OPTSTK,DLF,25-Aug-2016,115,CE,0,0,0,21,50.95,0,0,0,0,17-AUG-2016,
OPTSTK,DLF,25-Aug-2016,120,CE,0,0,0,18,45.95,0,0,0,0,17-AUG-2016,
OPTSTK,DLF,25-Aug-2016,125,CE,0,0,0,15.3,40.95,0,0,0,0,17-AUG-2016,
OPTSTK,DLF,25-Aug-2016,130,CE,0,0,0,31.7,35.95,0,0,40000,0,17-AUG-2016,
OPTSTK,DLF,25-Aug-2016,135,CE,0,0,0,10.85,30.95,0,0,0,0,17-AUG-2016,
OPTSTK,DLF,25-Aug-2016,140,CE,0,0,0,26.75,26,0,0,70000,0,17-AUG-2016,
OPTSTK,DLF,25-Aug-2016,145,CE,0,0,0,19.45,21,0,0,5000,0,17-AUG-2016,
OPTSTK,DLF,25-Aug-2016,150,CE,17,18,16.5,16.6,16.6,7,58.39,195000,-15000,17-AUG-2016,
OPTSTK,DLF,25-Aug-2016,155,CE,12.45,13.6,12.45,13.6,13.6,3,25.19,160000,-10000,17-AUG-2016,
OPTSTK,DLF,25-Aug-2016,160,CE,7.05,9.5,6.95,7.75,7.75,156,1308.95,1020000,-190000,17-AUG-2016,
OPTSTK,DLF,25-Aug-2016,165,CE,4.25,6,3.9,4.55,4.55,592,5027.52,1545000,20000,17-AUG-2016,
OPTSTK,DLF,25-Aug-2016,170,CE,2.25,3.5,2.1,2.45,2.45,940,8118.82,3600000,445000,17-AUG-2016,
OPTSTK,DLF,25-Aug-2016,175,CE,1.35,1.75,1.05,1.2,1.2,404,3562.21,1690000,160000,17-AUG-2016,
OPTSTK,DLF,25-Aug-2016,180,CE,0.5,0.9,0.5,0.6,0.6,241,2177.09,1495000,150000,17-AUG-2016,
OPTSTK,DLF,25-Aug-2016,185,CE,0.25,0.45,0.25,0.3,0.3,77,713.47,540000,-10000,17-AUG-2016,
OPTSTK,DLF,25-Aug-2016,190,CE,0.15,0.2,0.1,0.2,0.2,8,76.07,435000,-10000,17-AUG-2016,
OPTSTK,DLF,25-Aug-2016,195,CE,0.05,0.15,0.05,0.1,0.1,9,87.79,150000,-10000,17-AUG-2016,
OPTSTK,DLF,25-Aug-2016,80,PE,0,0,0,0.25,0,0,0,0,0,17-AUG-2016,
OPTSTK,DLF,25-Aug-2016,85,PE,0,0,0,0.1,0,0,0,5000,0,17-AUG-2016,
OPTSTK,DLF,25-Aug-2016,90,PE,0,0,0,0.85,0,0,0,0,0,17-AUG-2016,
OPTSTK,DLF,25-Aug-2016,95,PE,0,0,0,1.35,0,0,0,0,0,17-AUG-2016,
OPTSTK,DLF,25-Aug-2016,100,PE,0,0,0,2.1,0,0,0,0,0,17-AUG-2016,
OPTSTK,DLF,25-Aug-2016,105,PE,0,0,0,3.1,0,0,0,0,0,17-AUG-2016,
OPTSTK,DLF,25-Aug-2016,110,PE,0,0,0,4.4,0,0,0,0,0,17-AUG-2016,
OPTSTK,DLF,25-Aug-2016,115,PE,0,0,0,0.25,0,0,0,5000,0,17-AUG-2016,
OPTSTK,DLF,25-Aug-2016,120,PE,0,0,0,0.1,0,0,0,25000,0,17-AUG-2016,
OPTSTK,DLF,25-Aug-2016,125,PE,0,0,0,0.2,0,0,0,20000,0,17-AUG-2016,
OPTSTK,DLF,25-Aug-2016,130,PE,0.1,0.1,0.1,0.1,0.1,1,6.5,165000,0,17-AUG-2016,
OPTSTK,DLF,25-Aug-2016,135,PE,0,0,0,0.3,0,0,0,75000,0,17-AUG-2016,
OPTSTK,DLF,25-Aug-2016,140,PE,0.25,0.25,0.15,0.15,0.15,6,42.05,710000,-15000,17-AUG-2016,
OPTSTK,DLF,25-Aug-2016,145,PE,0.25,0.25,0.2,0.2,0.2,17,123.44,500000,0,17-AUG-2016,
OPTSTK,DLF,25-Aug-2016,150,PE,0.6,0.6,0.4,0.45,0.45,140,1053.08,1640000,105000,17-AUG-2016,
OPTSTK,DLF,25-Aug-2016,155,PE,0.95,1.1,0.65,0.8,0.8,191,1488.34,1045000,30000,17-AUG-2016,
OPTSTK,DLF,25-Aug-2016,160,PE,2,2.3,1.3,1.65,1.65,623,5037.06,1920000,105000,17-AUG-2016,
OPTSTK,DLF,25-Aug-2016,165,PE,3.75,4.45,2.55,3.45,3.45,525,4418.66,1045000,95000,17-AUG-2016,
OPTSTK,DLF,25-Aug-2016,170,PE,6.75,7.25,4.95,6.2,6.2,84,739.43,365000,45000,17-AUG-2016,
OPTSTK,DLF,25-Aug-2016,175,PE,10,10,9,9.25,9.25,4,36.9,55000,5000,17-AUG-2016,
OPTSTK,DLF,25-Aug-2016,180,PE,0,0,0,13.65,14.4,0,0,35000,0,17-AUG-2016,
OPTSTK,DLF,25-Aug-2016,185,PE,0,0,0,50.35,19.15,0,0,0,0,17-AUG-2016,
OPTSTK,DLF,25-Aug-2016,190,PE,0,0,0,22,24.05,0,0,5000,0,17-AUG-2016,
OPTSTK,DLF,25-Aug-2016,195,PE,0,0,0,50.35,29,0,0,0,0,17-AUG-2016,
OPTSTK,DLF,29-Sep-2016,90,CE,0,0,0,61.85,76.5,0,0,0,0,17-AUG-2016,
OPTSTK,DLF,29-Sep-2016,95,CE,0,0,0,57.15,71.55,0,0,0,0,17-AUG-2016,
OPTSTK,DLF,29-Sep-2016,100,CE,0,0,0,52.55,66.6,0,0,0,0,17-AUG-2016,
OPTSTK,DLF,29-Sep-2016,105,CE,0,0,0,48.1,61.6,0,0,0,0,17-AUG-2016,
OPTSTK,DLF,29-Sep-2016,110,CE,0,0,0,43.75,56.65,0,0,0,0,17-AUG-2016,
OPTSTK,DLF,29-Sep-2016,115,CE,0,0,0,39.65,51.7,0,0,0,0,17-AUG-2016,
OPTSTK,DLF,29-Sep-2016,120,CE,0,0,0,35.7,46.8,0,0,0,0,17-AUG-2016,
OPTSTK,DLF,29-Sep-2016,125,CE,0,0,0,32,41.9,0,0,0,0,17-AUG-2016,
OPTSTK,DLF,29-Sep-2016,130,CE,0,0,0,28.55,37.1,0,0,0,0,17-AUG-2016,
OPTSTK,DLF,29-Sep-2016,135,CE,0,0,0,25.35,32.4,0,0,0,0,17-AUG-2016,
OPTSTK,DLF,29-Sep-2016,140,CE,0,0,0,22.4,27.85,0,0,0,0,17-AUG-2016,
OPTSTK,DLF,29-Sep-2016,145,CE,0,0,0,19.7,23.6,0,0,0,0,17-AUG-2016,
OPTSTK,DLF,29-Sep-2016,150,CE,0,0,0,17.25,19.65,0,0,0,0,17-AUG-2016,
OPTSTK,DLF,29-Sep-2016,155,CE,0,0,0,15.05,16.05,0,0,0,0,17-AUG-2016,
OPTSTK,DLF,29-Sep-2016,160,CE,13.85,13.85,13.85,13.85,13.85,1,8.69,20000,0,17-AUG-2016,
OPTSTK,DLF,29-Sep-2016,165,CE,10.15,10.5,10.15,10.5,10.5,2,17.53,45000,10000,17-AUG-2016,
OPTSTK,DLF,29-Sep-2016,170,CE,8.8,9.75,8.5,9.3,9.3,19,170.15,140000,55000,17-AUG-2016,
OPTSTK,DLF,29-Sep-2016,175,CE,6.5,7.75,6.5,6.55,6.55,75,683.87,275000,140000,17-AUG-2016,
OPTSTK,DLF,29-Sep-2016,180,CE,4.9,5.65,4.4,5.25,5.25,17,157.27,90000,40000,17-AUG-2016,
OPTSTK,DLF,29-Sep-2016,185,CE,0,0,0,6.2,3.2,0,0,0,0,17-AUG-2016,
OPTSTK,DLF,29-Sep-2016,190,CE,2.6,3.2,2.6,3.2,3.2,7,67.5,125000,20000,17-AUG-2016,
OPTSTK,DLF,29-Sep-2016,195,CE,1.85,2.65,1.85,2.2,2.2,19,187.39,95000,65000,17-AUG-2016,
OPTSTK,DLF,29-Sep-2016,90,PE,0,0,0,0.3,0,0,0,0,0,17-AUG-2016,
OPTSTK,DLF,29-Sep-2016,95,PE,0,0,0,0.5,0,0,0,0,0,17-AUG-2016,
OPTSTK,DLF,29-Sep-2016,100,PE,0,0,0,0.85,0,0,0,0,0,17-AUG-2016,
OPTSTK,DLF,29-Sep-2016,105,PE,0,0,0,1.25,0,0,0,0,0,17-AUG-2016,
OPTSTK,DLF,29-Sep-2016,110,PE,0,0,0,1.85,0.05,0,0,0,0,17-AUG-2016,
OPTSTK,DLF,29-Sep-2016,115,PE,0,0,0,2.65,0.05,0,0,0,0,17-AUG-2016,
OPTSTK,DLF,29-Sep-2016,120,PE,0,0,0,3.65,0.05,0,0,0,0,17-AUG-2016,
OPTSTK,DLF,29-Sep-2016,125,PE,0,0,0,4.85,0.15,0,0,0,0,17-AUG-2016,
OPTSTK,DLF,29-Sep-2016,130,PE,0,0,0,6.3,0.3,0,0,0,0,17-AUG-2016,
OPTSTK,DLF,29-Sep-2016,135,PE,0,0,0,8,0.55,0,0,0,0,17-AUG-2016,
OPTSTK,DLF,29-Sep-2016,140,PE,0,0,0,2,1,0,0,5000,0,17-AUG-2016,
OPTSTK,DLF,29-Sep-2016,145,PE,2,2.25,2,2.25,2.25,4,29.42,45000,-20000,17-AUG-2016,
OPTSTK,DLF,29-Sep-2016,150,PE,3.3,3.3,2.75,3,3,12,91.79,85000,20000,17-AUG-2016,
OPTSTK,DLF,29-Sep-2016,155,PE,4.1,4.65,4.1,4.65,4.65,5,39.84,45000,0,17-AUG-2016,
OPTSTK,DLF,29-Sep-2016,160,PE,6.2,6.45,5.5,6.45,6.45,71,589.12,615000,245000,17-AUG-2016,
OPTSTK,DLF,29-Sep-2016,165,PE,7.5,7.5,7.5,7.5,7.5,1,8.62,5000,5000,17-AUG-2016,
OPTSTK,DLF,29-Sep-2016,170,PE,10.1,11.2,10.1,11.2,11.2,7,63.26,25000,25000,17-AUG-2016,
OPTSTK,DLF,29-Sep-2016,175,PE,0,0,0,30.4,13.75,0,0,0,0,17-AUG-2016,
OPTSTK,DLF,29-Sep-2016,180,PE,0,0,0,34.1,17.15,0,0,0,0,17-AUG-2016,
OPTSTK,DLF,29-Sep-2016,185,PE,0,0,0,38,20.95,0,0,0,0,17-AUG-2016,
OPTSTK,DLF,29-Sep-2016,190,PE,0,0,0,42,25,0,0,0,0,17-AUG-2016,
OPTSTK,DLF,29-Sep-2016,195,PE,0,0,0,46.1,29.3,0,0,0,0,17-AUG-2016,
OPTSTK,DLF,27-Oct-2016,100,CE,0,0,0,63.7,67.1,0,0,0,0,17-AUG-2016,
OPTSTK,DLF,27-Oct-2016,105,CE,0,0,0,58.9,62.2,0,0,0,0,17-AUG-2016,
OPTSTK,DLF,27-Oct-2016,110,CE,0,0,0,54.15,57.3,0,0,0,0,17-AUG-2016,
OPTSTK,DLF,27-Oct-2016,115,CE,0,0,0,49.55,52.45,0,0,0,0,17-AUG-2016,
OPTSTK,DLF,27-Oct-2016,120,CE,0,0,0,45,47.65,0,0,0,0,17-AUG-2016,
OPTSTK,DLF,27-Oct-2016,125,CE,0,0,0,40.65,42.9,0,0,0,0,17-AUG-2016,
OPTSTK,DLF,27-Oct-2016,130,CE,0,0,0,36.5,38.35,0,0,0,0,17-AUG-2016,
OPTSTK,DLF,27-Oct-2016,135,CE,0,0,0,32.55,33.9,0,0,0,0,17-AUG-2016,
OPTSTK,DLF,27-Oct-2016,140,CE,0,0,0,28.8,29.7,0,0,0,0,17-AUG-2016,
OPTSTK,DLF,27-Oct-2016,145,CE,0,0,0,25.35,25.75,0,0,0,0,17-AUG-2016,
OPTSTK,DLF,27-Oct-2016,150,CE,0,0,0,22.15,22.1,0,0,0,0,17-AUG-2016,
OPTSTK,DLF,27-Oct-2016,155,CE,0,0,0,19.25,18.75,0,0,0,0,17-AUG-2016,
OPTSTK,DLF,27-Oct-2016,160,CE,0,0,0,16.6,15.75,0,0,0,0,17-AUG-2016,
OPTSTK,DLF,27-Oct-2016,165,CE,0,0,0,14.25,13.1,0,0,0,0,17-AUG-2016,
OPTSTK,DLF,27-Oct-2016,170,CE,0,0,0,12.15,10.75,0,0,0,0,17-AUG-2016,
OPTSTK,DLF,27-Oct-2016,175,CE,0,0,0,10.35,8.75,0,0,0,0,17-AUG-2016,
OPTSTK,DLF,27-Oct-2016,180,CE,0,0,0,8.7,7.05,0,0,0,0,17-AUG-2016,
OPTSTK,DLF,27-Oct-2016,185,CE,0,0,0,7.35,5.65,0,0,0,0,17-AUG-2016,
OPTSTK,DLF,27-Oct-2016,190,CE,0,0,0,6.15,4.45,0,0,0,0,17-AUG-2016,
OPTSTK,DLF,27-Oct-2016,195,CE,0,0,0,5.1,3.5,0,0,0,0,17-AUG-2016,
OPTSTK,DLF,27-Oct-2016,100,PE,0,0,0,0.15,0.05,0,0,0,0,17-AUG-2016,
OPTSTK,DLF,27-Oct-2016,105,PE,0,0,0,0.25,0.05,0,0,0,0,17-AUG-2016,
OPTSTK,DLF,27-Oct-2016,110,PE,0,0,0,0.45,0.1,0,0,0,0,17-AUG-2016,
OPTSTK,DLF,27-Oct-2016,115,PE,0,0,0,0.7,0.15,0,0,0,0,17-AUG-2016,
OPTSTK,DLF,27-Oct-2016,120,PE,0,0,0,1.1,0.3,0,0,0,0,17-AUG-2016,
OPTSTK,DLF,27-Oct-2016,125,PE,0,0,0,1.65,0.5,0,0,0,0,17-AUG-2016,
OPTSTK,DLF,27-Oct-2016,130,PE,0,0,0,2.4,0.85,0,0,0,0,17-AUG-2016,
OPTSTK,DLF,27-Oct-2016,135,PE,0,0,0,3.35,1.35,0,0,0,0,17-AUG-2016,
OPTSTK,DLF,27-Oct-2016,140,PE,0,0,0,4.55,2.1,0,0,0,0,17-AUG-2016,
OPTSTK,DLF,27-Oct-2016,145,PE,0,0,0,6,3.1,0,0,0,0,17-AUG-2016,
OPTSTK,DLF,27-Oct-2016,150,PE,0,0,0,7.75,4.35,0,0,0,0,17-AUG-2016,
OPTSTK,DLF,27-Oct-2016,155,PE,0,0,0,9.75,5.95,0,0,0,0,17-AUG-2016,
OPTSTK,DLF,27-Oct-2016,160,PE,0,0,0,12,7.85,0,0,0,0,17-AUG-2016,
OPTSTK,DLF,27-Oct-2016,165,PE,0,0,0,14.6,10.15,0,0,0,0,17-AUG-2016,
OPTSTK,DLF,27-Oct-2016,170,PE,0,0,0,17.4,12.75,0,0,0,0,17-AUG-2016,
OPTSTK,DLF,27-Oct-2016,175,PE,0,0,0,20.45,15.65,0,0,0,0,17-AUG-2016,
OPTSTK,DLF,27-Oct-2016,180,PE,0,0,0,23.8,18.9,0,0,0,0,17-AUG-2016,
OPTSTK,DLF,27-Oct-2016,185,PE,0,0,0,27.3,22.4,0,0,0,0,17-AUG-2016,
OPTSTK,DLF,27-Oct-2016,190,PE,0,0,0,31,26.2,0,0,0,0,17-AUG-2016,
OPTSTK,DLF,27-Oct-2016,195,PE,0,0,0,34.9,30.15,0,0,0,0,17-AUG-2016,
OPTSTK,DRREDDY,25-Aug-2016,2250,CE,0,0,0,882.05,758.05,0,0,0,0,17-AUG-2016,
OPTSTK,DRREDDY,25-Aug-2016,2300,CE,0,0,0,833.65,708.1,0,0,0,0,17-AUG-2016,
OPTSTK,DRREDDY,25-Aug-2016,2350,CE,0,0,0,785.55,658.2,0,0,0,0,17-AUG-2016,
OPTSTK,DRREDDY,25-Aug-2016,2400,CE,0,0,0,737.9,608.25,0,0,0,0,17-AUG-2016,
OPTSTK,DRREDDY,25-Aug-2016,2450,CE,0,0,0,517,558.35,0,0,400,0,17-AUG-2016,
OPTSTK,DRREDDY,25-Aug-2016,2500,CE,0,0,0,644.3,508.5,0,0,0,0,17-AUG-2016,
OPTSTK,DRREDDY,25-Aug-2016,2550,CE,0,0,0,598.75,458.7,0,0,0,0,17-AUG-2016,
OPTSTK,DRREDDY,25-Aug-2016,2600,CE,0,0,0,554.15,409.1,0,0,0,0,17-AUG-2016,
OPTSTK,DRREDDY,25-Aug-2016,2650,CE,0,0,0,510.75,359.95,0,0,0,0,17-AUG-2016,
OPTSTK,DRREDDY,25-Aug-2016,2700,CE,0,0,0,310,311.65,0,0,0,0,17-AUG-2016,
OPTSTK,DRREDDY,25-Aug-2016,2750,CE,0,0,0,428.2,264.7,0,0,0,0,17-AUG-2016,
OPTSTK,DRREDDY,25-Aug-2016,2800,CE,0,0,0,250,219.95,0,0,600,0,17-AUG-2016,
OPTSTK,DRREDDY,25-Aug-2016,2850,CE,0,0,0,352.55,178.2,0,0,0,0,17-AUG-2016,
OPTSTK,DRREDDY,25-Aug-2016,2900,CE,0,0,0,132.7,140.3,0,0,19800,0,17-AUG-2016,
OPTSTK,DRREDDY,25-Aug-2016,2950,CE,85,98,85,88,88,5,30.39,13600,-600,17-AUG-2016,
OPTSTK,DRREDDY,25-Aug-2016,3000,CE,56.95,67,52,55.65,55.65,280,1713.97,105000,-600,17-AUG-2016,
OPTSTK,DRREDDY,25-Aug-2016,3050,CE,37,44.5,34,35.6,35.6,268,1655.62,67000,14000,17-AUG-2016,
OPTSTK,DRREDDY,25-Aug-2016,3100,CE,24.95,27.3,19.5,20.7,20.7,435,2717.01,147400,2000,17-AUG-2016,
OPTSTK,DRREDDY,25-Aug-2016,3150,CE,15.85,16.5,11.75,12.25,12.25,68,430.26,54200,1000,17-AUG-2016,
OPTSTK,DRREDDY,25-Aug-2016,3200,CE,8.5,10.8,7.9,8.35,8.35,386,2477.37,265200,-14600,17-AUG-2016,
OPTSTK,DRREDDY,25-Aug-2016,3250,CE,7,7.45,5.3,5.6,5.6,44,286.55,37400,-800,17-AUG-2016,
OPTSTK,DRREDDY,25-Aug-2016,3300,CE,5.05,5.3,4.05,4.4,4.4,204,1348.28,168000,-7000,17-AUG-2016,
OPTSTK,DRREDDY,25-Aug-2016,3350,CE,3.2,4,3.2,3.55,3.55,21,140.84,36000,-3200,17-AUG-2016,
OPTSTK,DRREDDY,25-Aug-2016,3400,CE,2.85,3,2.5,2.8,2.8,110,748.6,87000,-14600,17-AUG-2016,
OPTSTK,DRREDDY,25-Aug-2016,3450,CE,2.35,2.4,2.15,2.15,2.15,11,75.95,10600,0,17-AUG-2016,
OPTSTK,DRREDDY,25-Aug-2016,3500,CE,2.1,3,1.75,2.3,2.3,110,770.46,112000,-14800,17-AUG-2016,
OPTSTK,DRREDDY,25-Aug-2016,3550,CE,2.1,2.5,1.9,1.9,1.9,10,71.04,31200,-400,17-AUG-2016,
OPTSTK,DRREDDY,25-Aug-2016,3600,CE,1.45,1.65,1.4,1.65,1.65,41,295.32,73600,-400,17-AUG-2016,
OPTSTK,DRREDDY,25-Aug-2016,3650,CE,0,0,0,1.85,0.05,0,0,8600,0,17-AUG-2016,
OPTSTK,DRREDDY,25-Aug-2016,3700,CE,1.25,1.25,1,1,1,3,22.2,18600,-400,17-AUG-2016,
OPTSTK,DRREDDY,25-Aug-2016,3750,CE,0,0,0,1.25,0.05,0,0,3600,0,17-AUG-2016,
OPTSTK,DRREDDY,25-Aug-2016,3800,CE,0,0,0,0.8,0,0,0,15600,0,17-AUG-2016,
OPTSTK,DRREDDY,25-Aug-2016,3850,CE,0,0,0,17.6,0,0,0,0,0,17-AUG-2016,
OPTSTK,DRREDDY,25-Aug-2016,3900,CE,0,0,0,14.5,0,0,0,0,0,17-AUG-2016,
OPTSTK,DRREDDY,25-Aug-2016,3950,CE,0,0,0,11.85,0,0,0,0,0,17-AUG-2016,
OPTSTK,DRREDDY,25-Aug-2016,4000,CE,0.4,1,0.4,1,1,3,24,9400,-200,17-AUG-2016,
OPTSTK,DRREDDY,25-Aug-2016,4050,CE,0,0,0,7.9,0,0,0,0,0,17-AUG-2016,
OPTSTK,DRREDDY,25-Aug-2016,4100,CE,0,0,0,19.75,0,0,0,400,0,17-AUG-2016,
OPTSTK,DRREDDY,25-Aug-2016,4150,CE,0,0,0,6.75,0,0,0,0,0,17-AUG-2016,
OPTSTK,DRREDDY,25-Aug-2016,4200,CE,0,0,0,4.8,0,0,0,0,0,17-AUG-2016,
OPTSTK,DRREDDY,25-Aug-2016,2250,PE,0,0,0,1.2,0,0,0,0,0,17-AUG-2016,
OPTSTK,DRREDDY,25-Aug-2016,2300,PE,0,0,0,3,0,0,0,2200,0,17-AUG-2016,
OPTSTK,DRREDDY,25-Aug-2016,2350,PE,0,0,0,2.95,0,0,0,0,0,17-AUG-2016,
OPTSTK,DRREDDY,25-Aug-2016,2400,PE,0,0,0,0.05,0.05,0,0,800,0,17-AUG-2016,
OPTSTK,DRREDDY,25-Aug-2016,2450,PE,0,0,0,4.8,0.05,0,0,200,0,17-AUG-2016,
OPTSTK,DRREDDY,25-Aug-2016,2500,PE,0,0,0,1,0.1,0,0,3200,0,17-AUG-2016,
OPTSTK,DRREDDY,25-Aug-2016,2550,PE,0,0,0,0.8,0.25,0,0,0,0,17-AUG-2016,
OPTSTK,DRREDDY,25-Aug-2016,2600,PE,0.95,0.95,0.95,0.95,0.95,1,5.2,6800,-200,17-AUG-2016,
OPTSTK,DRREDDY,25-Aug-2016,2650,PE,0,0,0,8,1.35,0,0,1400,0,17-AUG-2016,
OPTSTK,DRREDDY,25-Aug-2016,2700,PE,1.75,2,1.6,1.7,1.7,22,118.87,18200,-3600,17-AUG-2016,
OPTSTK,DRREDDY,25-Aug-2016,2750,PE,4,7,2.7,7,7,20,110.12,4600,-800,17-AUG-2016,
OPTSTK,DRREDDY,25-Aug-2016,2800,PE,6.95,7,4.4,5.05,5.05,115,645.22,52600,-7400,17-AUG-2016,
OPTSTK,DRREDDY,25-Aug-2016,2850,PE,10.1,10.1,7.35,8.75,8.75,13,74.32,19200,-400,17-AUG-2016,
OPTSTK,DRREDDY,25-Aug-2016,2900,PE,18.05,18.25,13,15.7,15.7,162,944.69,67600,-3400,17-AUG-2016,
OPTSTK,DRREDDY,25-Aug-2016,2950,PE,29.1,30.5,23.05,27.45,27.45,102,607.35,16400,-2400,17-AUG-2016,
OPTSTK,DRREDDY,25-Aug-2016,3000,PE,50.25,50.25,39,46.85,46.85,148,901.41,66800,600,17-AUG-2016,
OPTSTK,DRREDDY,25-Aug-2016,3050,PE,0,0,0,90,97.3,0,0,4400,0,17-AUG-2016,
OPTSTK,DRREDDY,25-Aug-2016,3100,PE,101.75,101.75,101.75,101.75,101.75,1,6.4,4600,-200,17-AUG-2016,
OPTSTK,DRREDDY,25-Aug-2016,3150,PE,138,138,137.25,137.25,137.25,3,19.72,2000,600,17-AUG-2016,
OPTSTK,DRREDDY,25-Aug-2016,3200,PE,0,0,0,196.6,207.05,0,0,6200,0,17-AUG-2016,
OPTSTK,DRREDDY,25-Aug-2016,3250,PE,0,0,0,268,250.65,0,0,200,0,17-AUG-2016,
OPTSTK,DRREDDY,25-Aug-2016,3300,PE,0,0,0,294.45,296.45,0,0,12000,0,17-AUG-2016,
OPTSTK,DRREDDY,25-Aug-2016,3350,PE,0,0,0,320,343.8,0,0,2400,0,17-AUG-2016,
OPTSTK,DRREDDY,25-Aug-2016,3400,PE,0,0,0,397,392.15,0,0,7600,0,17-AUG-2016,
OPTSTK,DRREDDY,25-Aug-2016,3450,PE,0,0,0,466,441.2,0,0,2000,0,17-AUG-2016,
OPTSTK,DRREDDY,25-Aug-2016,3500,PE,0,0,0,504,490.65,0,0,10200,0,17-AUG-2016,
OPTSTK,DRREDDY,25-Aug-2016,3550,PE,0,0,0,587,540.3,0,0,400,0,17-AUG-2016,
OPTSTK,DRREDDY,25-Aug-2016,3600,PE,0,0,0,610,590.1,0,0,1200,0,17-AUG-2016,
OPTSTK,DRREDDY,25-Aug-2016,3650,PE,0,0,0,665,639.95,0,0,0,0,17-AUG-2016,
OPTSTK,DRREDDY,25-Aug-2016,3700,PE,0,0,0,730,689.85,0,0,0,0,17-AUG-2016,
OPTSTK,DRREDDY,25-Aug-2016,3750,PE,0,0,0,712.55,739.75,0,0,800,0,17-AUG-2016,
OPTSTK,DRREDDY,25-Aug-2016,3800,PE,0,0,0,662.85,789.7,0,0,0,0,17-AUG-2016,
OPTSTK,DRREDDY,25-Aug-2016,3850,PE,0,0,0,708.2,839.6,0,0,0,0,17-AUG-2016,
OPTSTK,DRREDDY,25-Aug-2016,3900,PE,0,0,0,754.2,889.55,0,0,0,0,17-AUG-2016,
OPTSTK,DRREDDY,25-Aug-2016,3950,PE,0,0,0,800.7,939.45,0,0,0,0,17-AUG-2016,
OPTSTK,DRREDDY,25-Aug-2016,4000,PE,0,0,0,510,989.4,0,0,800,0,17-AUG-2016,
OPTSTK,DRREDDY,25-Aug-2016,4050,PE,0,0,0,894.95,1039.3,0,0,0,0,17-AUG-2016,
OPTSTK,DRREDDY,25-Aug-2016,4100,PE,0,0,0,942.55,1089.25,0,0,0,0,17-AUG-2016,
OPTSTK,DRREDDY,25-Aug-2016,4150,PE,0,0,0,915.6,1139.15,0,0,0,0,17-AUG-2016,
OPTSTK,DRREDDY,25-Aug-2016,4200,PE,0,0,0,950.75,1189.1,0,0,0,0,17-AUG-2016,
OPTSTK,DRREDDY,29-Sep-2016,2400,CE,0,0,0,1025.05,632.85,0,0,0,0,17-AUG-2016,
OPTSTK,DRREDDY,29-Sep-2016,2450,CE,0,0,0,976.45,586.8,0,0,0,0,17-AUG-2016,
OPTSTK,DRREDDY,29-Sep-2016,2500,CE,0,0,0,928.05,541.75,0,0,0,0,17-AUG-2016,
OPTSTK,DRREDDY,29-Sep-2016,2550,CE,0,0,0,879.95,498,0,0,0,0,17-AUG-2016,
OPTSTK,DRREDDY,29-Sep-2016,2600,CE,0,0,0,832.25,455.7,0,0,0,0,17-AUG-2016,
OPTSTK,DRREDDY,29-Sep-2016,2650,CE,0,0,0,784.95,414.95,0,0,0,0,17-AUG-2016,
OPTSTK,DRREDDY,29-Sep-2016,2700,CE,0,0,0,738.3,376.05,0,0,0,0,17-AUG-2016,
OPTSTK,DRREDDY,29-Sep-2016,2750,CE,0,0,0,692.35,339.15,0,0,0,0,17-AUG-2016,
OPTSTK,DRREDDY,29-Sep-2016,2800,CE,0,0,0,647.2,304.1,0,0,0,0,17-AUG-2016,
OPTSTK,DRREDDY,29-Sep-2016,2850,CE,0,0,0,603.1,271.4,0,0,0,0,17-AUG-2016,
OPTSTK,DRREDDY,29-Sep-2016,2900,CE,0,0,0,560.05,240.95,0,0,0,0,17-AUG-2016,
OPTSTK,DRREDDY,29-Sep-2016,2950,CE,0,0,0,518.3,212.8,0,0,0,0,17-AUG-2016,
OPTSTK,DRREDDY,29-Sep-2016,3000,CE,127.65,127.65,123,123,123,2,12.5,3200,200,17-AUG-2016,
OPTSTK,DRREDDY,29-Sep-2016,3050,CE,107.75,107.75,107.75,107.75,107.75,1,6.31,200,200,17-AUG-2016,
OPTSTK,DRREDDY,29-Sep-2016,3100,CE,0,0,0,73.7,142.05,0,0,400,0,17-AUG-2016,
OPTSTK,DRREDDY,29-Sep-2016,3150,CE,0,0,0,366.5,122.85,0,0,0,0,17-AUG-2016,
OPTSTK,DRREDDY,29-Sep-2016,3200,CE,0,0,0,332.75,105.7,0,0,0,0,17-AUG-2016,
OPTSTK,DRREDDY,29-Sep-2016,3250,CE,0,0,0,301.05,90.5,0,0,0,0,17-AUG-2016,
OPTSTK,DRREDDY,29-Sep-2016,3300,CE,0,0,0,33.9,77.25,0,0,400,0,17-AUG-2016,
OPTSTK,DRREDDY,29-Sep-2016,3350,CE,0,0,0,243.55,65.6,0,0,0,0,17-AUG-2016,
OPTSTK,DRREDDY,29-Sep-2016,3400,CE,0,0,0,12.9,55.25,0,0,400,0,17-AUG-2016,
OPTSTK,DRREDDY,29-Sep-2016,3450,CE,0,0,0,193.95,46.45,0,0,0,0,17-AUG-2016,
OPTSTK,DRREDDY,29-Sep-2016,3500,CE,0,0,0,172.1,38.85,0,0,0,0,17-AUG-2016,
OPTSTK,DRREDDY,29-Sep-2016,3550,CE,0,0,0,152.1,32.35,0,0,0,0,17-AUG-2016,
OPTSTK,DRREDDY,29-Sep-2016,3600,CE,0,0,0,133.9,26.8,0,0,0,0,17-AUG-2016,
OPTSTK,DRREDDY,29-Sep-2016,3650,CE,0,0,0,117.45,22.15,0,0,0,0,17-AUG-2016,
OPTSTK,DRREDDY,29-Sep-2016,3700,CE,0,0,0,102.6,18.2,0,0,0,0,17-AUG-2016,
OPTSTK,DRREDDY,29-Sep-2016,3750,CE,0,0,0,89.35,14.9,0,0,0,0,17-AUG-2016,
OPTSTK,DRREDDY,29-Sep-2016,3800,CE,0,0,0,77.7,12.15,0,0,0,0,17-AUG-2016,
OPTSTK,DRREDDY,29-Sep-2016,3850,CE,0,0,0,67.1,9.85,0,0,0,0,17-AUG-2016,
OPTSTK,DRREDDY,29-Sep-2016,3900,CE,0,0,0,57.8,8,0,0,0,0,17-AUG-2016,
OPTSTK,DRREDDY,29-Sep-2016,3950,CE,0,0,0,49.6,6.45,0,0,0,0,17-AUG-2016,
OPTSTK,DRREDDY,29-Sep-2016,4000,CE,0,0,0,42.45,5.2,0,0,0,0,17-AUG-2016,
OPTSTK,DRREDDY,29-Sep-2016,4050,CE,0,0,0,36.2,4.15,0,0,0,0,17-AUG-2016,
OPTSTK,DRREDDY,29-Sep-2016,4100,CE,0,0,0,30.8,3.3,0,0,0,0,17-AUG-2016,
OPTSTK,DRREDDY,29-Sep-2016,4150,CE,0,0,0,26.1,2.65,0,0,0,0,17-AUG-2016,
OPTSTK,DRREDDY,29-Sep-2016,4200,CE,0,0,0,22.05,2.1,0,0,0,0,17-AUG-2016,
OPTSTK,DRREDDY,29-Sep-2016,2400,PE,0,0,0,0.95,8.75,0,0,0,0,17-AUG-2016,
OPTSTK,DRREDDY,29-Sep-2016,2450,PE,0,0,0,1.45,12.3,0,0,0,0,17-AUG-2016,
OPTSTK,DRREDDY,29-Sep-2016,2500,PE,0,0,0,2.2,16.9,0,0,0,0,17-AUG-2016,
OPTSTK,DRREDDY,29-Sep-2016,2550,PE,0,0,0,3.2,22.7,0,0,0,0,17-AUG-2016,
OPTSTK,DRREDDY,29-Sep-2016,2600,PE,15,16,15,16,16,2,10.46,1200,0,17-AUG-2016,
OPTSTK,DRREDDY,29-Sep-2016,2650,PE,20,20,20,20,20,2,10.68,600,0,17-AUG-2016,
OPTSTK,DRREDDY,29-Sep-2016,2700,PE,19.4,19.4,19.4,19.4,19.4,1,5.43,800,0,17-AUG-2016,
OPTSTK,DRREDDY,29-Sep-2016,2750,PE,0,0,0,34.3,62.25,0,0,400,0,17-AUG-2016,
OPTSTK,DRREDDY,29-Sep-2016,2800,PE,0,0,0,30.9,76.75,0,0,200,0,17-AUG-2016,
OPTSTK,DRREDDY,29-Sep-2016,2850,PE,40,40,40,40,40,1,5.78,400,200,17-AUG-2016,
OPTSTK,DRREDDY,29-Sep-2016,2900,PE,0,0,0,55.5,112.8,0,0,800,0,17-AUG-2016,
OPTSTK,DRREDDY,29-Sep-2016,2950,PE,0,0,0,34.45,134.25,0,0,0,0,17-AUG-2016,
OPTSTK,DRREDDY,29-Sep-2016,3000,PE,0,0,0,108.8,158,0,0,400,0,17-AUG-2016,
OPTSTK,DRREDDY,29-Sep-2016,3050,PE,0,0,0,53.5,184.05,0,0,0,0,17-AUG-2016,
OPTSTK,DRREDDY,29-Sep-2016,3100,PE,0,0,0,65.5,212.3,0,0,0,0,17-AUG-2016,
OPTSTK,DRREDDY,29-Sep-2016,3150,PE,0,0,0,79.15,242.7,0,0,0,0,17-AUG-2016,
OPTSTK,DRREDDY,29-Sep-2016,3200,PE,0,0,0,94.5,275.15,0,0,0,0,17-AUG-2016,
OPTSTK,DRREDDY,29-Sep-2016,3250,PE,0,0,0,111.95,309.55,0,0,0,0,17-AUG-2016,
OPTSTK,DRREDDY,29-Sep-2016,3300,PE,0,0,0,131.3,345.9,0,0,0,0,17-AUG-2016,
OPTSTK,DRREDDY,29-Sep-2016,3350,PE,0,0,0,152.7,383.8,0,0,0,0,17-AUG-2016,
OPTSTK,DRREDDY,29-Sep-2016,3400,PE,0,0,0,370,423.1,0,0,400,0,17-AUG-2016,
OPTSTK,DRREDDY,29-Sep-2016,3450,PE,0,0,0,201.3,463.85,0,0,0,0,17-AUG-2016,
OPTSTK,DRREDDY,29-Sep-2016,3500,PE,0,0,0,228.55,505.85,0,0,0,0,17-AUG-2016,
OPTSTK,DRREDDY,29-Sep-2016,3550,PE,0,0,0,257.65,548.95,0,0,0,0,17-AUG-2016,
OPTSTK,DRREDDY,29-Sep-2016,3600,PE,0,0,0,288.6,593,0,0,0,0,17-AUG-2016,
OPTSTK,DRREDDY,29-Sep-2016,3650,PE,0,0,0,321.25,637.95,0,0,0,0,17-AUG-2016,
OPTSTK,DRREDDY,29-Sep-2016,3700,PE,0,0,0,355.55,683.6,0,0,0,0,17-AUG-2016,
OPTSTK,DRREDDY,29-Sep-2016,3750,PE,0,0,0,391.4,729.9,0,0,0,0,17-AUG-2016,
OPTSTK,DRREDDY,29-Sep-2016,3800,PE,0,0,0,428.85,776.75,0,0,0,0,17-AUG-2016,
OPTSTK,DRREDDY,29-Sep-2016,3850,PE,0,0,0,467.35,824.05,0,0,0,0,17-AUG-2016,
OPTSTK,DRREDDY,29-Sep-2016,3900,PE,0,0,0,507.2,871.75,0,0,0,0,17-AUG-2016,
OPTSTK,DRREDDY,29-Sep-2016,3950,PE,0,0,0,548.15,919.8,0,0,0,0,17-AUG-2016,
OPTSTK,DRREDDY,29-Sep-2016,4000,PE,0,0,0,590.1,968.15,0,0,0,0,17-AUG-2016,
OPTSTK,DRREDDY,29-Sep-2016,4050,PE,0,0,0,632.95,1016.7,0,0,0,0,17-AUG-2016,
OPTSTK,DRREDDY,29-Sep-2016,4100,PE,0,0,0,676.65,1065.5,0,0,0,0,17-AUG-2016,
OPTSTK,DRREDDY,29-Sep-2016,4150,PE,0,0,0,721.05,1114.4,0,0,0,0,17-AUG-2016,
OPTSTK,DRREDDY,29-Sep-2016,4200,PE,0,0,0,766.15,1163.45,0,0,0,0,17-AUG-2016,
OPTSTK,DRREDDY,27-Oct-2016,2400,CE,0,0,0,704.4,660,0,0,0,0,17-AUG-2016,
OPTSTK,DRREDDY,27-Oct-2016,2450,CE,0,0,0,669.25,617,0,0,0,0,17-AUG-2016,
OPTSTK,DRREDDY,27-Oct-2016,2500,CE,0,0,0,635.25,575.25,0,0,0,0,17-AUG-2016,
OPTSTK,DRREDDY,27-Oct-2016,2550,CE,0,0,0,602.4,534.75,0,0,0,0,17-AUG-2016,
OPTSTK,DRREDDY,27-Oct-2016,2600,CE,0,0,0,570.6,495.7,0,0,0,0,17-AUG-2016,
OPTSTK,DRREDDY,27-Oct-2016,2650,CE,0,0,0,540.15,458.3,0,0,0,0,17-AUG-2016,
OPTSTK,DRREDDY,27-Oct-2016,2700,CE,0,0,0,510.85,422.35,0,0,0,0,17-AUG-2016,
OPTSTK,DRREDDY,27-Oct-2016,2750,CE,0,0,0,482.75,388,0,0,0,0,17-AUG-2016,
OPTSTK,DRREDDY,27-Oct-2016,2800,CE,0,0,0,455.85,355.5,0,0,0,0,17-AUG-2016,
OPTSTK,DRREDDY,27-Oct-2016,2850,CE,0,0,0,430.05,324.8,0,0,0,0,17-AUG-2016,
OPTSTK,DRREDDY,27-Oct-2016,2900,CE,0,0,0,405.4,295.9,0,0,0,0,17-AUG-2016,
OPTSTK,DRREDDY,27-Oct-2016,2950,CE,0,0,0,381.9,268.8,0,0,0,0,17-AUG-2016,
OPTSTK,DRREDDY,27-Oct-2016,3000,CE,0,0,0,359.45,243.45,0,0,0,0,17-AUG-2016,
OPTSTK,DRREDDY,27-Oct-2016,3050,CE,0,0,0,338.15,219.9,0,0,0,0,17-AUG-2016,
OPTSTK,DRREDDY,27-Oct-2016,3100,CE,0,0,0,317.85,198.05,0,0,0,0,17-AUG-2016,
OPTSTK,DRREDDY,27-Oct-2016,3150,CE,0,0,0,298.55,177.95,0,0,0,0,17-AUG-2016,
OPTSTK,DRREDDY,27-Oct-2016,3200,CE,0,0,0,280.25,159.4,0,0,0,0,17-AUG-2016,
OPTSTK,DRREDDY,27-Oct-2016,3250,CE,0,0,0,262.95,142.45,0,0,0,0,17-AUG-2016,
OPTSTK,DRREDDY,27-Oct-2016,3300,CE,0,0,0,246.55,126.95,0,0,0,0,17-AUG-2016,
OPTSTK,DRREDDY,27-Oct-2016,3350,CE,0,0,0,231,112.85,0,0,0,0,17-AUG-2016,
OPTSTK,DRREDDY,27-Oct-2016,3400,CE,0,0,0,216.35,100.25,0,0,0,0,17-AUG-2016,
OPTSTK,DRREDDY,27-Oct-2016,3450,CE,0,0,0,202.5,88.75,0,0,0,0,17-AUG-2016,
OPTSTK,DRREDDY,27-Oct-2016,3500,CE,0,0,0,189.45,78.4,0,0,0,0,17-AUG-2016,
OPTSTK,DRREDDY,27-Oct-2016,3550,CE,0,0,0,177.3,68.95,0,0,0,0,17-AUG-2016,
OPTSTK,DRREDDY,27-Oct-2016,3600,CE,0,0,0,165.7,60.6,0,0,0,0,17-AUG-2016,
OPTSTK,DRREDDY,27-Oct-2016,3650,CE,0,0,0,154.85,53.15,0,0,0,0,17-AUG-2016,
OPTSTK,DRREDDY,27-Oct-2016,3700,CE,0,0,0,144.65,46.55,0,0,0,0,17-AUG-2016,
OPTSTK,DRREDDY,27-Oct-2016,3750,CE,0,0,0,135.05,40.65,0,0,0,0,17-AUG-2016,
OPTSTK,DRREDDY,27-Oct-2016,3800,CE,0,0,0,126,35.4,0,0,0,0,17-AUG-2016,
OPTSTK,DRREDDY,27-Oct-2016,3850,CE,0,0,0,117.45,30.8,0,0,0,0,17-AUG-2016,
OPTSTK,DRREDDY,27-Oct-2016,3900,CE,0,0,0,109.5,26.75,0,0,0,0,17-AUG-2016,
OPTSTK,DRREDDY,27-Oct-2016,3950,CE,0,0,0,102.05,23.2,0,0,0,0,17-AUG-2016,
OPTSTK,DRREDDY,27-Oct-2016,2400,PE,0,0,0,103.45,23.35,0,0,0,0,17-AUG-2016,
OPTSTK,DRREDDY,27-Oct-2016,2450,PE,0,0,0,117.4,29.7,0,0,0,0,17-AUG-2016,
OPTSTK,DRREDDY,27-Oct-2016,2500,PE,0,0,0,132.55,37.25,0,0,0,0,17-AUG-2016,
OPTSTK,DRREDDY,27-Oct-2016,2550,PE,0,0,0,148.85,46.1,0,0,0,0,17-AUG-2016,
OPTSTK,DRREDDY,27-Oct-2016,2600,PE,0,0,0,166.2,56.4,0,0,0,0,17-AUG-2016,
OPTSTK,DRREDDY,27-Oct-2016,2650,PE,0,0,0,184.85,68.35,0,0,0,0,17-AUG-2016,
OPTSTK,DRREDDY,27-Oct-2016,2700,PE,0,0,0,204.75,81.7,0,0,0,0,17-AUG-2016,
OPTSTK,DRREDDY,27-Oct-2016,2750,PE,0,0,0,225.75,96.65,0,0,0,0,17-AUG-2016,
OPTSTK,DRREDDY,27-Oct-2016,2800,PE,0,0,0,248,113.5,0,0,0,0,17-AUG-2016,
OPTSTK,DRREDDY,27-Oct-2016,2850,PE,0,0,0,271.35,132.15,0,0,0,0,17-AUG-2016,
OPTSTK,DRREDDY,27-Oct-2016,2900,PE,0,0,0,295.85,152.55,0,0,0,0,17-AUG-2016,
OPTSTK,DRREDDY,27-Oct-2016,2950,PE,0,0,0,321.45,174.8,0,0,0,0,17-AUG-2016,
OPTSTK,DRREDDY,27-Oct-2016,3000,PE,0,0,0,348.2,198.8,0,0,0,0,17-AUG-2016,
OPTSTK,DRREDDY,27-Oct-2016,3050,PE,0,0,0,376,224.6,0,0,0,0,17-AUG-2016,
OPTSTK,DRREDDY,27-Oct-2016,3100,PE,0,0,0,404.85,252.1,0,0,0,0,17-AUG-2016,
OPTSTK,DRREDDY,27-Oct-2016,3150,PE,0,0,0,434.7,281.3,0,0,0,0,17-AUG-2016,
OPTSTK,DRREDDY,27-Oct-2016,3200,PE,0,0,0,465.55,312.1,0,0,0,0,17-AUG-2016,
OPTSTK,DRREDDY,27-Oct-2016,3250,PE,0,0,0,497.35,344.45,0,0,0,0,17-AUG-2016,
OPTSTK,DRREDDY,27-Oct-2016,3300,PE,0,0,0,530.1,378.3,0,0,0,0,17-AUG-2016,
OPTSTK,DRREDDY,27-Oct-2016,3350,PE,0,0,0,563.7,413.55,0,0,0,0,17-AUG-2016,
OPTSTK,DRREDDY,27-Oct-2016,3400,PE,0,0,0,598.2,450.25,0,0,0,0,17-AUG-2016,
OPTSTK,DRREDDY,27-Oct-2016,3450,PE,0,0,0,633.45,488.1,0,0,0,0,17-AUG-2016,
OPTSTK,DRREDDY,27-Oct-2016,3500,PE,0,0,0,669.55,527.1,0,0,0,0,17-AUG-2016,
OPTSTK,DRREDDY,27-Oct-2016,3550,PE,0,0,0,706.55,567,0,0,0,0,17-AUG-2016,
OPTSTK,DRREDDY,27-Oct-2016,3600,PE,0,0,0,744.15,607.95,0,0,0,0,17-AUG-2016,
OPTSTK,DRREDDY,27-Oct-2016,3650,PE,0,0,0,782.4,649.85,0,0,0,0,17-AUG-2016,
OPTSTK,DRREDDY,27-Oct-2016,3700,PE,0,0,0,821.3,692.55,0,0,0,0,17-AUG-2016,
OPTSTK,DRREDDY,27-Oct-2016,3750,PE,0,0,0,860.85,736,0,0,0,0,17-AUG-2016,
OPTSTK,DRREDDY,27-Oct-2016,3800,PE,0,0,0,901,780.1,0,0,0,0,17-AUG-2016,
OPTSTK,DRREDDY,27-Oct-2016,3850,PE,0,0,0,941.55,824.85,0,0,0,0,17-AUG-2016,
OPTSTK,DRREDDY,27-Oct-2016,3900,PE,0,0,0,982.75,870.1,0,0,0,0,17-AUG-2016,
OPTSTK,DRREDDY,27-Oct-2016,3950,PE,0,0,0,1024.45,915.9,0,0,0,0,17-AUG-2016,
OPTSTK,EICHERMOT,25-Aug-2016,17700,CE,0,0,0,1671.85,4674.55,0,0,0,0,17-AUG-2016,
OPTSTK,EICHERMOT,25-Aug-2016,17750,CE,0,0,0,1641.85,4624.6,0,0,0,0,17-AUG-2016,
OPTSTK,EICHERMOT,25-Aug-2016,17800,CE,0,0,0,1612.2,4574.7,0,0,0,0,17-AUG-2016,
OPTSTK,EICHERMOT,25-Aug-2016,17850,CE,0,0,0,1582.85,4524.75,0,0,0,0,17-AUG-2016,
OPTSTK,EICHERMOT,25-Aug-2016,17900,CE,0,0,0,1553.9,4474.85,0,0,0,0,17-AUG-2016,
OPTSTK,EICHERMOT,25-Aug-2016,17950,CE,0,0,0,1525.25,4424.9,0,0,0,0,17-AUG-2016,
OPTSTK,EICHERMOT,25-Aug-2016,18000,CE,0,0,0,1497,4375,0,0,0,0,17-AUG-2016,
OPTSTK,EICHERMOT,25-Aug-2016,18050,CE,0,0,0,1469.05,4325.05,0,0,0,0,17-AUG-2016,
OPTSTK,EICHERMOT,25-Aug-2016,18100,CE,0,0,0,1441.5,4275.15,0,0,0,0,17-AUG-2016,
OPTSTK,EICHERMOT,25-Aug-2016,18150,CE,0,0,0,1414.25,4225.25,0,0,0,0,17-AUG-2016,
OPTSTK,EICHERMOT,25-Aug-2016,18200,CE,0,0,0,1387.4,4175.3,0,0,0,0,17-AUG-2016,
OPTSTK,EICHERMOT,25-Aug-2016,18250,CE,0,0,0,1360.85,4125.4,0,0,0,0,17-AUG-2016,
OPTSTK,EICHERMOT,25-Aug-2016,18300,CE,0,0,0,1334.7,4075.45,0,0,0,0,17-AUG-2016,
OPTSTK,EICHERMOT,25-Aug-2016,18350,CE,0,0,0,1308.85,4025.55,0,0,0,0,17-AUG-2016,
OPTSTK,EICHERMOT,25-Aug-2016,18400,CE,0,0,0,1283.35,3975.6,0,0,0,0,17-AUG-2016,
OPTSTK,EICHERMOT,25-Aug-2016,18450,CE,0,0,0,1258.25,3925.7,0,0,0,0,17-AUG-2016,
OPTSTK,EICHERMOT,25-Aug-2016,18500,CE,0,0,0,1233.45,3875.75,0,0,0,0,17-AUG-2016,
OPTSTK,EICHERMOT,25-Aug-2016,18550,CE,0,0,0,1208.9,3825.85,0,0,0,0,17-AUG-2016,
OPTSTK,EICHERMOT,25-Aug-2016,18600,CE,0,0,0,1184.8,3775.95,0,0,0,0,17-AUG-2016,
OPTSTK,EICHERMOT,25-Aug-2016,18650,CE,0,0,0,1161.05,3726,0,0,0,0,17-AUG-2016,
OPTSTK,EICHERMOT,25-Aug-2016,18700,CE,0,0,0,1137.65,3676.1,0,0,0,0,17-AUG-2016,
OPTSTK,EICHERMOT,25-Aug-2016,18750,CE,0,0,0,1114.55,3626.2,0,0,0,0,17-AUG-2016,
OPTSTK,EICHERMOT,25-Aug-2016,18800,CE,0,0,0,1091.85,3576.3,0,0,0,0,17-AUG-2016,
OPTSTK,EICHERMOT,25-Aug-2016,18850,CE,0,0,0,1069.45,3526.4,0,0,0,0,17-AUG-2016,
OPTSTK,EICHERMOT,25-Aug-2016,18900,CE,0,0,0,1047.35,3476.5,0,0,0,0,17-AUG-2016,
OPTSTK,EICHERMOT,25-Aug-2016,18950,CE,0,0,0,1025.65,3426.6,0,0,0,0,17-AUG-2016,
OPTSTK,EICHERMOT,25-Aug-2016,19000,CE,0,0,0,2275,3376.7,0,0,300,0,17-AUG-2016,
OPTSTK,EICHERMOT,25-Aug-2016,19050,CE,0,0,0,983.2,3326.8,0,0,0,0,17-AUG-2016,
OPTSTK,EICHERMOT,25-Aug-2016,19100,CE,0,0,0,962.45,3276.95,0,0,0,0,17-AUG-2016,
OPTSTK,EICHERMOT,25-Aug-2016,19150,CE,0,0,0,942.05,3227.1,0,0,0,0,17-AUG-2016,
OPTSTK,EICHERMOT,25-Aug-2016,19200,CE,0,0,0,921.95,3177.25,0,0,0,0,17-AUG-2016,
OPTSTK,EICHERMOT,25-Aug-2016,19250,CE,0,0,0,902.2,3127.4,0,0,0,0,17-AUG-2016,
OPTSTK,EICHERMOT,25-Aug-2016,19300,CE,0,0,0,882.75,3077.6,0,0,0,0,17-AUG-2016,
OPTSTK,EICHERMOT,25-Aug-2016,19350,CE,0,0,0,863.65,3027.75,0,0,0,0,17-AUG-2016,
OPTSTK,EICHERMOT,25-Aug-2016,19400,CE,0,0,0,844.85,2978,0,0,0,0,17-AUG-2016,
OPTSTK,EICHERMOT,25-Aug-2016,19450,CE,0,0,0,974.25,2928.2,0,0,0,0,17-AUG-2016,
OPTSTK,EICHERMOT,25-Aug-2016,19500,CE,0,0,0,2410,2878.5,0,0,200,0,17-AUG-2016,
OPTSTK,EICHERMOT,25-Aug-2016,19550,CE,0,0,0,933.75,2828.8,0,0,0,0,17-AUG-2016,
OPTSTK,EICHERMOT,25-Aug-2016,19600,CE,0,0,0,913.95,2779.1,0,0,0,0,17-AUG-2016,
OPTSTK,EICHERMOT,25-Aug-2016,19650,CE,0,0,0,894.5,2729.45,0,0,0,0,17-AUG-2016,
OPTSTK,EICHERMOT,25-Aug-2016,19700,CE,0,0,0,875.35,2679.9,0,0,0,0,17-AUG-2016,
OPTSTK,EICHERMOT,25-Aug-2016,19750,CE,0,0,0,856.5,2630.35,0,0,0,0,17-AUG-2016,
OPTSTK,EICHERMOT,25-Aug-2016,19800,CE,0,0,0,779.85,2580.85,0,0,0,0,17-AUG-2016,
OPTSTK,EICHERMOT,25-Aug-2016,19850,CE,0,0,0,740.75,2531.45,0,0,0,0,17-AUG-2016,
OPTSTK,EICHERMOT,25-Aug-2016,19900,CE,0,0,0,721.85,2482.05,0,0,0,0,17-AUG-2016,
OPTSTK,EICHERMOT,25-Aug-2016,19950,CE,0,0,0,703.25,2432.8,0,0,0,0,17-AUG-2016,
OPTSTK,EICHERMOT,25-Aug-2016,20000,CE,0,0,0,1900,2383.6,0,0,450,0,17-AUG-2016,
OPTSTK,EICHERMOT,25-Aug-2016,20050,CE,0,0,0,420.9,2334.5,0,0,0,0,17-AUG-2016,
OPTSTK,EICHERMOT,25-Aug-2016,20100,CE,0,0,0,404.45,2285.5,0,0,0,0,17-AUG-2016,
OPTSTK,EICHERMOT,25-Aug-2016,20150,CE,0,0,0,535.2,2236.65,0,0,100,0,17-AUG-2016,
OPTSTK,EICHERMOT,25-Aug-2016,20200,CE,0,0,0,346.65,2187.9,0,0,0,0,17-AUG-2016,
OPTSTK,EICHERMOT,25-Aug-2016,20250,CE,0,0,0,409.35,2139.25,0,0,0,0,17-AUG-2016,
OPTSTK,EICHERMOT,25-Aug-2016,20300,CE,0,0,0,392.2,2090.8,0,0,0,0,17-AUG-2016,
OPTSTK,EICHERMOT,25-Aug-2016,20350,CE,0,0,0,375.65,2042.5,0,0,0,0,17-AUG-2016,
OPTSTK,EICHERMOT,25-Aug-2016,20400,CE,0,0,0,359.6,1994.4,0,0,0,0,17-AUG-2016,
OPTSTK,EICHERMOT,25-Aug-2016,20450,CE,0,0,0,344.1,1946.5,0,0,0,0,17-AUG-2016,
OPTSTK,EICHERMOT,25-Aug-2016,20500,CE,0,0,0,1750,1898.8,0,0,650,0,17-AUG-2016,
OPTSTK,EICHERMOT,25-Aug-2016,20550,CE,0,0,0,303.45,1851.35,0,0,0,0,17-AUG-2016,
OPTSTK,EICHERMOT,25-Aug-2016,20600,CE,0,0,0,289.1,1804.1,0,0,0,0,17-AUG-2016,
OPTSTK,EICHERMOT,25-Aug-2016,20650,CE,0,0,0,238.4,1757.15,0,0,0,0,17-AUG-2016,
OPTSTK,EICHERMOT,25-Aug-2016,20700,CE,0,0,0,225.35,1710.5,0,0,0,0,17-AUG-2016,
OPTSTK,EICHERMOT,25-Aug-2016,20750,CE,0,0,0,201.9,1664.15,0,0,0,0,17-AUG-2016,
OPTSTK,EICHERMOT,25-Aug-2016,20800,CE,0,0,0,189.85,1618.15,0,0,0,0,17-AUG-2016,
OPTSTK,EICHERMOT,25-Aug-2016,20850,CE,0,0,0,214.1,1572.45,0,0,0,0,17-AUG-2016,
OPTSTK,EICHERMOT,25-Aug-2016,20900,CE,0,0,0,201.2,1527.15,0,0,0,0,17-AUG-2016,
OPTSTK,EICHERMOT,25-Aug-2016,20950,CE,0,0,0,189.9,1482.25,0,0,0,0,17-AUG-2016,
OPTSTK,EICHERMOT,25-Aug-2016,21000,CE,0,0,0,1384.1,1437.75,0,0,400,0,17-AUG-2016,
OPTSTK,EICHERMOT,25-Aug-2016,21050,CE,0,0,0,129.3,1393.7,0,0,0,0,17-AUG-2016,
OPTSTK,EICHERMOT,25-Aug-2016,21100,CE,0,0,0,119.25,1350.15,0,0,0,0,17-AUG-2016,
OPTSTK,EICHERMOT,25-Aug-2016,21150,CE,0,0,0,160.65,1307.05,0,0,0,0,17-AUG-2016,
OPTSTK,EICHERMOT,25-Aug-2016,21200,CE,0,0,0,148.05,1264.45,0,0,0,0,17-AUG-2016,
OPTSTK,EICHERMOT,25-Aug-2016,21250,CE,0,0,0,136.9,1222.4,0,0,0,0,17-AUG-2016,
OPTSTK,EICHERMOT,25-Aug-2016,21300,CE,0,0,0,126.45,1180.95,0,0,0,0,17-AUG-2016,
OPTSTK,EICHERMOT,25-Aug-2016,21350,CE,0,0,0,116.65,1140.05,0,0,0,0,17-AUG-2016,
OPTSTK,EICHERMOT,25-Aug-2016,21400,CE,0,0,0,484.05,1099.75,0,0,0,0,17-AUG-2016,
OPTSTK,EICHERMOT,25-Aug-2016,21450,CE,0,0,0,462.8,1060.1,0,0,0,0,17-AUG-2016,
OPTSTK,EICHERMOT,25-Aug-2016,21500,CE,0,0,0,1110,1021.05,0,0,300,0,17-AUG-2016,
OPTSTK,EICHERMOT,25-Aug-2016,21550,CE,0,0,0,422.25,982.75,0,0,0,0,17-AUG-2016,
OPTSTK,EICHERMOT,25-Aug-2016,21600,CE,0,0,0,510.45,945.1,0,0,50,0,17-AUG-2016,
OPTSTK,EICHERMOT,25-Aug-2016,21650,CE,0,0,0,384.3,908.9,0,0,0,0,17-AUG-2016,
OPTSTK,EICHERMOT,25-Aug-2016,21700,CE,0,0,0,366.3,871.8,0,0,0,0,17-AUG-2016,
OPTSTK,EICHERMOT,25-Aug-2016,21750,CE,0,0,0,348.95,836.4,0,0,0,0,17-AUG-2016,
OPTSTK,EICHERMOT,25-Aug-2016,21800,CE,0,0,0,332.2,801.75,0,0,0,0,17-AUG-2016,
OPTSTK,EICHERMOT,25-Aug-2016,21850,CE,0,0,0,316.05,767.85,0,0,0,0,17-AUG-2016,
OPTSTK,EICHERMOT,25-Aug-2016,21900,CE,0,0,0,300.5,734.8,0,0,0,0,17-AUG-2016,
OPTSTK,EICHERMOT,25-Aug-2016,21950,CE,0,0,0,285.55,702.55,0,0,0,0,17-AUG-2016,
OPTSTK,EICHERMOT,25-Aug-2016,22000,CE,547.6,581,525,525,525,3,33.82,2500,0,17-AUG-2016,
OPTSTK,EICHERMOT,25-Aug-2016,22050,CE,0,0,0,257.35,640.55,0,0,0,0,17-AUG-2016,
OPTSTK,EICHERMOT,25-Aug-2016,22100,CE,0,0,0,244.05,610.85,0,0,0,0,17-AUG-2016,
OPTSTK,EICHERMOT,25-Aug-2016,22150,CE,0,0,0,1097.95,581.95,0,0,0,0,17-AUG-2016,
OPTSTK,EICHERMOT,25-Aug-2016,22200,CE,0,0,0,1070.5,553.95,0,0,0,0,17-AUG-2016,
OPTSTK,EICHERMOT,25-Aug-2016,22250,CE,0,0,0,1043.55,526.8,0,0,0,0,17-AUG-2016,
OPTSTK,EICHERMOT,25-Aug-2016,22300,CE,0,0,0,1017.05,500.5,0,0,0,0,17-AUG-2016,
OPTSTK,EICHERMOT,25-Aug-2016,22350,CE,0,0,0,990.95,475.05,0,0,0,0,17-AUG-2016,
OPTSTK,EICHERMOT,25-Aug-2016,22400,CE,0,0,0,965.35,450.4,0,0,0,0,17-AUG-2016,
OPTSTK,EICHERMOT,25-Aug-2016,22450,CE,0,0,0,940.2,426.7,0,0,0,0,17-AUG-2016,
OPTSTK,EICHERMOT,25-Aug-2016,22500,CE,300.2,300.2,230,284.15,284.15,20,227.58,3450,100,17-AUG-2016,
OPTSTK,EICHERMOT,25-Aug-2016,22550,CE,0,0,0,891.1,381.9,0,0,0,0,17-AUG-2016,
OPTSTK,EICHERMOT,25-Aug-2016,22600,CE,0,0,0,867.25,360.75,0,0,50,0,17-AUG-2016,
OPTSTK,EICHERMOT,25-Aug-2016,22650,CE,0,0,0,843.9,340.4,0,0,0,0,17-AUG-2016,
OPTSTK,EICHERMOT,25-Aug-2016,22700,CE,0,0,0,820.95,320.95,0,0,0,0,17-AUG-2016,
OPTSTK,EICHERMOT,25-Aug-2016,22750,CE,0,0,0,798.45,302.25,0,0,0,0,17-AUG-2016,
OPTSTK,EICHERMOT,25-Aug-2016,22800,CE,0,0,0,776.4,284.4,0,0,0,0,17-AUG-2016,
OPTSTK,EICHERMOT,25-Aug-2016,22850,CE,0,0,0,100,267.3,0,0,150,0,17-AUG-2016,
OPTSTK,EICHERMOT,25-Aug-2016,22900,CE,0,0,0,733.55,251,0,0,0,0,17-AUG-2016,
OPTSTK,EICHERMOT,25-Aug-2016,22950,CE,0,0,0,712.8,235.45,0,0,0,0,17-AUG-2016,
OPTSTK,EICHERMOT,25-Aug-2016,23000,CE,147.35,147.35,90,111,111,26,300.35,6250,0,17-AUG-2016,
OPTSTK,EICHERMOT,25-Aug-2016,23050,CE,0,0,0,672.55,206.55,0,0,0,0,17-AUG-2016,
OPTSTK,EICHERMOT,25-Aug-2016,23100,CE,0,0,0,653.1,193.15,0,0,0,0,17-AUG-2016,
OPTSTK,EICHERMOT,25-Aug-2016,23150,CE,0,0,0,200,181.45,0,0,500,0,17-AUG-2016,
OPTSTK,EICHERMOT,25-Aug-2016,17700,PE,0,0,0,661.75,0,0,0,0,0,17-AUG-2016,
OPTSTK,EICHERMOT,25-Aug-2016,17750,PE,0,0,0,680.85,0,0,0,0,0,17-AUG-2016,
OPTSTK,EICHERMOT,25-Aug-2016,17800,PE,0,0,0,700.3,0,0,0,0,0,17-AUG-2016,
OPTSTK,EICHERMOT,25-Aug-2016,17850,PE,0,0,0,720.1,0,0,0,0,0,17-AUG-2016,
OPTSTK,EICHERMOT,25-Aug-2016,17900,PE,0,0,0,740.2,0,0,0,0,0,17-AUG-2016,
OPTSTK,EICHERMOT,25-Aug-2016,17950,PE,0,0,0,760.7,0,0,0,0,0,17-AUG-2016,
OPTSTK,EICHERMOT,25-Aug-2016,18000,PE,0,0,0,781.55,0,0,0,0,0,17-AUG-2016,
OPTSTK,EICHERMOT,25-Aug-2016,18050,PE,0,0,0,802.7,0,0,0,0,0,17-AUG-2016,
OPTSTK,EICHERMOT,25-Aug-2016,18100,PE,0,0,0,824.25,0,0,0,0,0,17-AUG-2016,
OPTSTK,EICHERMOT,25-Aug-2016,18150,PE,0,0,0,846.15,0.05,0,0,0,0,17-AUG-2016,
OPTSTK,EICHERMOT,25-Aug-2016,18200,PE,0,0,0,868.35,0.05,0,0,0,0,17-AUG-2016,
OPTSTK,EICHERMOT,25-Aug-2016,18250,PE,0,0,0,890.95,0.05,0,0,0,0,17-AUG-2016,
OPTSTK,EICHERMOT,25-Aug-2016,18300,PE,0,0,0,913.85,0.05,0,0,0,0,17-AUG-2016,
OPTSTK,EICHERMOT,25-Aug-2016,18350,PE,0,0,0,937.15,0.05,0,0,0,0,17-AUG-2016,
OPTSTK,EICHERMOT,25-Aug-2016,18400,PE,0,0,0,960.75,0.05,0,0,0,0,17-AUG-2016,
OPTSTK,EICHERMOT,25-Aug-2016,18450,PE,0,0,0,984.75,0.05,0,0,0,0,17-AUG-2016,
OPTSTK,EICHERMOT,25-Aug-2016,18500,PE,0,0,0,1009.05,0.05,0,0,0,0,17-AUG-2016,
OPTSTK,EICHERMOT,25-Aug-2016,18550,PE,0,0,0,1033.65,0.05,0,0,0,0,17-AUG-2016,
OPTSTK,EICHERMOT,25-Aug-2016,18600,PE,0,0,0,1058.65,0.05,0,0,0,0,17-AUG-2016,
OPTSTK,EICHERMOT,25-Aug-2016,18650,PE,0,0,0,1084,0.05,0,0,0,0,17-AUG-2016,
OPTSTK,EICHERMOT,25-Aug-2016,18700,PE,0,0,0,1109.7,0.1,0,0,0,0,17-AUG-2016,
OPTSTK,EICHERMOT,25-Aug-2016,18750,PE,0,0,0,1135.7,0.1,0,0,0,0,17-AUG-2016,
OPTSTK,EICHERMOT,25-Aug-2016,18800,PE,0,0,0,1162.1,0.1,0,0,0,0,17-AUG-2016,
OPTSTK,EICHERMOT,25-Aug-2016,18850,PE,0,0,0,1188.8,0.15,0,0,0,0,17-AUG-2016,
OPTSTK,EICHERMOT,25-Aug-2016,18900,PE,0,0,0,1215.85,0.15,0,0,0,0,17-AUG-2016,
OPTSTK,EICHERMOT,25-Aug-2016,18950,PE,0,0,0,1243.25,0.2,0,0,0,0,17-AUG-2016,
OPTSTK,EICHERMOT,25-Aug-2016,19000,PE,0,0,0,19.95,0.25,0,0,1750,0,17-AUG-2016,
OPTSTK,EICHERMOT,25-Aug-2016,19050,PE,0,0,0,1299,0.3,0,0,0,0,17-AUG-2016,
OPTSTK,EICHERMOT,25-Aug-2016,19100,PE,0,0,0,1327.35,0.35,0,0,0,0,17-AUG-2016,
OPTSTK,EICHERMOT,25-Aug-2016,19150,PE,0,0,0,1356.05,0.4,0,0,0,0,17-AUG-2016,
OPTSTK,EICHERMOT,25-Aug-2016,19200,PE,0,0,0,1385.1,0.45,0,0,0,0,17-AUG-2016,
OPTSTK,EICHERMOT,25-Aug-2016,19250,PE,0,0,0,1414.45,0.55,0,0,0,0,17-AUG-2016,
OPTSTK,EICHERMOT,25-Aug-2016,19300,PE,0,0,0,1444.1,0.65,0,0,0,0,17-AUG-2016,
OPTSTK,EICHERMOT,25-Aug-2016,19350,PE,0,0,0,1474.1,0.75,0,0,0,0,17-AUG-2016,
OPTSTK,EICHERMOT,25-Aug-2016,19400,PE,0,0,0,1504.4,0.9,0,0,0,0,17-AUG-2016,
OPTSTK,EICHERMOT,25-Aug-2016,19450,PE,0,0,0,1344.95,1.1,0,0,0,0,17-AUG-2016,
OPTSTK,EICHERMOT,25-Aug-2016,19500,PE,0,0,0,33.8,1.25,0,0,450,0,17-AUG-2016,
OPTSTK,EICHERMOT,25-Aug-2016,19550,PE,0,0,0,1402.7,1.5,0,0,0,0,17-AUG-2016,
OPTSTK,EICHERMOT,25-Aug-2016,19600,PE,0,0,0,1432.05,1.75,0,0,0,0,17-AUG-2016,
OPTSTK,EICHERMOT,25-Aug-2016,19650,PE,0,0,0,1461.7,2.05,0,0,0,0,17-AUG-2016,
OPTSTK,EICHERMOT,25-Aug-2016,19700,PE,0,0,0,606.5,2.35,0,0,50,0,17-AUG-2016,
OPTSTK,EICHERMOT,25-Aug-2016,19750,PE,0,0,0,1522,2.75,0,0,0,0,17-AUG-2016,
OPTSTK,EICHERMOT,25-Aug-2016,19800,PE,0,0,0,1446.7,3.2,0,0,0,0,17-AUG-2016,
OPTSTK,EICHERMOT,25-Aug-2016,19850,PE,0,0,0,1284.15,3.7,0,0,0,0,17-AUG-2016,
OPTSTK,EICHERMOT,25-Aug-2016,19900,PE,0,0,0,1314.45,4.25,0,0,0,0,17-AUG-2016,
OPTSTK,EICHERMOT,25-Aug-2016,19950,PE,0,0,0,1345.1,4.9,0,0,0,0,17-AUG-2016,
OPTSTK,EICHERMOT,25-Aug-2016,20000,PE,8,12,8,12,12,12,120.07,6000,-50,17-AUG-2016,
OPTSTK,EICHERMOT,25-Aug-2016,20050,PE,0,0,0,1078.65,6.45,0,0,0,0,17-AUG-2016,
OPTSTK,EICHERMOT,25-Aug-2016,20100,PE,0,0,0,1111.65,7.4,0,0,0,0,17-AUG-2016,
OPTSTK,EICHERMOT,25-Aug-2016,20150,PE,0,0,0,1145.15,8.45,0,0,0,0,17-AUG-2016,
OPTSTK,EICHERMOT,25-Aug-2016,20200,PE,0,0,0,1103.85,9.6,0,0,0,0,17-AUG-2016,
OPTSTK,EICHERMOT,25-Aug-2016,20250,PE,0,0,0,963.9,10.95,0,0,0,0,17-AUG-2016,
OPTSTK,EICHERMOT,25-Aug-2016,20300,PE,0,0,0,996.3,12.4,0,0,0,0,17-AUG-2016,
OPTSTK,EICHERMOT,25-Aug-2016,20350,PE,0,0,0,1029.2,14.05,0,0,0,0,17-AUG-2016,
OPTSTK,EICHERMOT,25-Aug-2016,20400,PE,0,0,0,1062.65,15.85,0,0,0,0,17-AUG-2016,
OPTSTK,EICHERMOT,25-Aug-2016,20450,PE,0,0,0,1096.65,17.85,0,0,0,0,17-AUG-2016,
OPTSTK,EICHERMOT,25-Aug-2016,20500,PE,0,0,0,40,20.1,0,0,1750,0,17-AUG-2016,
OPTSTK,EICHERMOT,25-Aug-2016,20550,PE,0,0,0,1067.05,22.55,0,0,0,0,17-AUG-2016,
OPTSTK,EICHERMOT,25-Aug-2016,20600,PE,0,0,0,1102.25,25.25,0,0,0,0,17-AUG-2016,
OPTSTK,EICHERMOT,25-Aug-2016,20650,PE,0,0,0,1038.25,28.25,0,0,0,0,17-AUG-2016,
OPTSTK,EICHERMOT,25-Aug-2016,20700,PE,0,0,0,1074.8,31.5,0,0,0,0,17-AUG-2016,
OPTSTK,EICHERMOT,25-Aug-2016,20750,PE,0,0,0,1017.1,35.05,0,0,0,0,17-AUG-2016,
OPTSTK,EICHERMOT,25-Aug-2016,20800,PE,0,0,0,1054.7,38.95,0,0,0,0,17-AUG-2016,
OPTSTK,EICHERMOT,25-Aug-2016,20850,PE,0,0,0,958.95,43.2,0,0,0,0,17-AUG-2016,
OPTSTK,EICHERMOT,25-Aug-2016,20900,PE,0,0,0,995.65,47.85,0,0,0,0,17-AUG-2016,
OPTSTK,EICHERMOT,25-Aug-2016,20950,PE,0,0,0,1034,52.85,0,0,0,0,17-AUG-2016,
OPTSTK,EICHERMOT,25-Aug-2016,21000,PE,0,0,0,60,58.3,0,0,3000,0,17-AUG-2016,
OPTSTK,EICHERMOT,25-Aug-2016,21050,PE,0,0,0,949.3,64.15,0,0,0,0,17-AUG-2016,
OPTSTK,EICHERMOT,25-Aug-2016,21100,PE,0,0,0,988.95,70.5,0,0,0,0,17-AUG-2016,
OPTSTK,EICHERMOT,25-Aug-2016,21150,PE,0,0,0,856.45,77.35,0,0,0,0,17-AUG-2016,
OPTSTK,EICHERMOT,25-Aug-2016,21200,PE,0,0,0,893.6,84.7,0,0,0,0,17-AUG-2016,
OPTSTK,EICHERMOT,25-Aug-2016,21250,PE,0,0,0,932.15,92.6,0,0,0,0,17-AUG-2016,
OPTSTK,EICHERMOT,25-Aug-2016,21300,PE,0,0,0,971.45,101,0,0,0,0,17-AUG-2016,
OPTSTK,EICHERMOT,25-Aug-2016,21350,PE,0,0,0,1011.35,110.05,0,0,0,0,17-AUG-2016,
OPTSTK,EICHERMOT,25-Aug-2016,21400,PE,0,0,0,672.45,119.7,0,0,0,0,17-AUG-2016,
OPTSTK,EICHERMOT,25-Aug-2016,21450,PE,0,0,0,700.9,129.95,0,0,0,0,17-AUG-2016,
OPTSTK,EICHERMOT,25-Aug-2016,21500,PE,70,70,70,70,70,1,10.78,2000,0,17-AUG-2016,
OPTSTK,EICHERMOT,25-Aug-2016,21550,PE,0,0,0,759.85,152.45,0,0,0,0,17-AUG-2016,
OPTSTK,EICHERMOT,25-Aug-2016,21600,PE,0,0,0,790.3,164.75,0,0,0,0,17-AUG-2016,
OPTSTK,EICHERMOT,25-Aug-2016,21650,PE,0,0,0,821.4,178.5,0,0,0,0,17-AUG-2016,
OPTSTK,EICHERMOT,25-Aug-2016,21700,PE,0,0,0,853.1,191.3,0,0,0,0,17-AUG-2016,
OPTSTK,EICHERMOT,25-Aug-2016,21750,PE,0,0,0,885.5,205.8,0,0,0,0,17-AUG-2016,
OPTSTK,EICHERMOT,25-Aug-2016,21800,PE,0,0,0,918.45,221.05,0,0,0,0,17-AUG-2016,
OPTSTK,EICHERMOT,25-Aug-2016,21850,PE,0,0,0,952.05,237.15,0,0,0,0,17-AUG-2016,
OPTSTK,EICHERMOT,25-Aug-2016,21900,PE,0,0,0,986.25,254,0,0,0,0,17-AUG-2016,
OPTSTK,EICHERMOT,25-Aug-2016,21950,PE,0,0,0,1021.05,271.7,0,0,0,0,17-AUG-2016,
OPTSTK,EICHERMOT,25-Aug-2016,22000,PE,200,200,200,200,200,2,22.2,2000,50,17-AUG-2016,
OPTSTK,EICHERMOT,25-Aug-2016,22050,PE,0,0,0,1092.3,309.55,0,0,0,0,17-AUG-2016,
OPTSTK,EICHERMOT,25-Aug-2016,22100,PE,0,0,0,1128.8,329.75,0,0,0,0,17-AUG-2016,
OPTSTK,EICHERMOT,25-Aug-2016,22150,PE,0,0,0,683.55,350.8,0,0,0,0,17-AUG-2016,
OPTSTK,EICHERMOT,25-Aug-2016,22200,PE,0,0,0,705.9,372.7,0,0,0,0,17-AUG-2016,
OPTSTK,EICHERMOT,25-Aug-2016,22250,PE,0,0,0,728.7,395.45,0,0,0,0,17-AUG-2016,
OPTSTK,EICHERMOT,25-Aug-2016,22300,PE,0,0,0,751.95,419.1,0,0,0,0,17-AUG-2016,
OPTSTK,EICHERMOT,25-Aug-2016,22350,PE,0,0,0,775.65,443.6,0,0,0,0,17-AUG-2016,
OPTSTK,EICHERMOT,25-Aug-2016,22400,PE,0,0,0,799.8,468.85,0,0,0,0,17-AUG-2016,
OPTSTK,EICHERMOT,25-Aug-2016,22450,PE,0,0,0,824.4,495.1,0,0,0,0,17-AUG-2016,
OPTSTK,EICHERMOT,25-Aug-2016,22500,PE,494.5,494.5,412.2,467.1,467.1,3,34.45,300,100,17-AUG-2016,
OPTSTK,EICHERMOT,25-Aug-2016,22550,PE,0,0,0,874.85,550.1,0,0,0,0,17-AUG-2016,
OPTSTK,EICHERMOT,25-Aug-2016,22600,PE,0,0,0,900.8,578.9,0,0,0,0,17-AUG-2016,
OPTSTK,EICHERMOT,25-Aug-2016,22650,PE,0,0,0,927.15,608.5,0,0,0,0,17-AUG-2016,
OPTSTK,EICHERMOT,25-Aug-2016,22700,PE,0,0,0,954,638.95,0,0,0,0,17-AUG-2016,
OPTSTK,EICHERMOT,25-Aug-2016,22750,PE,0,0,0,981.25,670.2,0,0,0,0,17-AUG-2016,
OPTSTK,EICHERMOT,25-Aug-2016,22800,PE,0,0,0,1008.95,702.25,0,0,0,0,17-AUG-2016,
OPTSTK,EICHERMOT,25-Aug-2016,22850,PE,0,0,0,1037.1,735.1,0,0,0,0,17-AUG-2016,
OPTSTK,EICHERMOT,25-Aug-2016,22900,PE,0,0,0,1065.7,768.7,0,0,0,0,17-AUG-2016,
OPTSTK,EICHERMOT,25-Aug-2016,22950,PE,0,0,0,1094.7,803.05,0,0,0,0,17-AUG-2016,
OPTSTK,EICHERMOT,25-Aug-2016,23000,PE,0,0,0,800,838.15,0,0,50,0,17-AUG-2016,
OPTSTK,EICHERMOT,25-Aug-2016,23050,PE,0,0,0,1154,874,0,0,0,0,17-AUG-2016,
OPTSTK,EICHERMOT,25-Aug-2016,23100,PE,0,0,0,1184.25,910.55,0,0,0,0,17-AUG-2016,
OPTSTK,EICHERMOT,25-Aug-2016,23150,PE,0,0,0,1214.95,948.75,0,0,0,0,17-AUG-2016,
OPTSTK,EICHERMOT,29-Sep-2016,18200,CE,0,0,0,1640.1,4331,0,0,0,0,17-AUG-2016,
OPTSTK,EICHERMOT,29-Sep-2016,18250,CE,0,0,0,1604.2,4283.55,0,0,0,0,17-AUG-2016,
OPTSTK,EICHERMOT,29-Sep-2016,18300,CE,0,0,0,1568.75,4236.2,0,0,0,0,17-AUG-2016,
OPTSTK,EICHERMOT,29-Sep-2016,18350,CE,0,0,0,1532.95,4188.95,0,0,0,0,17-AUG-2016,
OPTSTK,EICHERMOT,29-Sep-2016,18400,CE,0,0,0,1498.4,4141.85,0,0,0,0,17-AUG-2016,
OPTSTK,EICHERMOT,29-Sep-2016,18450,CE,0,0,0,1464.3,4094.85,0,0,0,0,17-AUG-2016,
OPTSTK,EICHERMOT,29-Sep-2016,18500,CE,0,0,0,1430.65,4048,0,0,0,0,17-AUG-2016,
OPTSTK,EICHERMOT,29-Sep-2016,18550,CE,0,0,0,1397.4,4001.25,0,0,0,0,17-AUG-2016,
OPTSTK,EICHERMOT,29-Sep-2016,18600,CE,0,0,0,1364.65,3954.6,0,0,0,0,17-AUG-2016,
OPTSTK,EICHERMOT,29-Sep-2016,18650,CE,0,0,0,1332.3,3908.15,0,0,0,0,17-AUG-2016,
OPTSTK,EICHERMOT,29-Sep-2016,18700,CE,0,0,0,1300.45,3861.8,0,0,0,0,17-AUG-2016,
OPTSTK,EICHERMOT,29-Sep-2016,18750,CE,0,0,0,1269.05,3815.6,0,0,0,0,17-AUG-2016,
OPTSTK,EICHERMOT,29-Sep-2016,18800,CE,0,0,0,1238.1,3769.55,0,0,0,0,17-AUG-2016,
OPTSTK,EICHERMOT,29-Sep-2016,18850,CE,0,0,0,1207.6,3723.65,0,0,0,0,17-AUG-2016,
OPTSTK,EICHERMOT,29-Sep-2016,18900,CE,0,0,0,1177.55,3677.9,0,0,0,0,17-AUG-2016,
OPTSTK,EICHERMOT,29-Sep-2016,18950,CE,0,0,0,1148,3632.35,0,0,0,0,17-AUG-2016,
OPTSTK,EICHERMOT,29-Sep-2016,19000,CE,0,0,0,1118.9,3586.95,0,0,0,0,17-AUG-2016,
OPTSTK,EICHERMOT,29-Sep-2016,19050,CE,0,0,0,1090.25,3541.7,0,0,0,0,17-AUG-2016,
OPTSTK,EICHERMOT,29-Sep-2016,19100,CE,0,0,0,1062.1,3496.65,0,0,0,0,17-AUG-2016,
OPTSTK,EICHERMOT,29-Sep-2016,19150,CE,0,0,0,1034.45,3451.75,0,0,0,0,17-AUG-2016,
OPTSTK,EICHERMOT,29-Sep-2016,19200,CE,0,0,0,1007.2,3407.05,0,0,0,0,17-AUG-2016,
OPTSTK,EICHERMOT,29-Sep-2016,19250,CE,0,0,0,980.5,3362.55,0,0,0,0,17-AUG-2016,
OPTSTK,EICHERMOT,29-Sep-2016,19300,CE,0,0,0,954.2,3318.25,0,0,0,0,17-AUG-2016,
OPTSTK,EICHERMOT,29-Sep-2016,19350,CE,0,0,0,928.4,3274.15,0,0,0,0,17-AUG-2016,
OPTSTK,EICHERMOT,29-Sep-2016,19400,CE,0,0,0,903.1,3230.2,0,0,0,0,17-AUG-2016,
OPTSTK,EICHERMOT,29-Sep-2016,19450,CE,0,0,0,878.25,3186.55,0,0,0,0,17-AUG-2016,
OPTSTK,EICHERMOT,29-Sep-2016,19500,CE,0,0,0,853.8,3143.05,0,0,0,0,17-AUG-2016,
OPTSTK,EICHERMOT,29-Sep-2016,19550,CE,0,0,0,829.9,3099.8,0,0,0,0,17-AUG-2016,
OPTSTK,EICHERMOT,29-Sep-2016,19600,CE,0,0,0,806.45,3056.75,0,0,0,0,17-AUG-2016,
OPTSTK,EICHERMOT,29-Sep-2016,19650,CE,0,0,0,783.45,3013.9,0,0,0,0,17-AUG-2016,
OPTSTK,EICHERMOT,29-Sep-2016,19700,CE,0,0,0,760.95,2971.35,0,0,0,0,17-AUG-2016,
OPTSTK,EICHERMOT,29-Sep-2016,19750,CE,0,0,0,738.9,2929,0,0,0,0,17-AUG-2016,
OPTSTK,EICHERMOT,29-Sep-2016,19800,CE,0,0,0,717.3,2886.9,0,0,0,0,17-AUG-2016,
OPTSTK,EICHERMOT,29-Sep-2016,19850,CE,0,0,0,696.15,2845.05,0,0,0,0,17-AUG-2016,
OPTSTK,EICHERMOT,29-Sep-2016,19900,CE,0,0,0,675.45,2803.45,0,0,0,0,17-AUG-2016,
OPTSTK,EICHERMOT,29-Sep-2016,19950,CE,0,0,0,655.2,2762.1,0,0,0,0,17-AUG-2016,
OPTSTK,EICHERMOT,29-Sep-2016,20000,CE,0,0,0,635.4,2721.05,0,0,0,0,17-AUG-2016,
OPTSTK,EICHERMOT,29-Sep-2016,20050,CE,0,0,0,616.05,2680.2,0,0,0,0,17-AUG-2016,
OPTSTK,EICHERMOT,29-Sep-2016,20100,CE,0,0,0,597.15,2639.65,0,0,0,0,17-AUG-2016,
OPTSTK,EICHERMOT,29-Sep-2016,20150,CE,0,0,0,578.7,2599.4,0,0,0,0,17-AUG-2016,
OPTSTK,EICHERMOT,29-Sep-2016,20200,CE,0,0,0,560.65,2559.4,0,0,0,0,17-AUG-2016,
OPTSTK,EICHERMOT,29-Sep-2016,20250,CE,0,0,0,644,2519.7,0,0,0,0,17-AUG-2016,
OPTSTK,EICHERMOT,29-Sep-2016,20300,CE,0,0,0,624.55,2480.3,0,0,0,0,17-AUG-2016,
OPTSTK,EICHERMOT,29-Sep-2016,20350,CE,0,0,0,605.5,2441.15,0,0,0,0,17-AUG-2016,
OPTSTK,EICHERMOT,29-Sep-2016,20400,CE,0,0,0,586.95,2402.35,0,0,0,0,17-AUG-2016,
OPTSTK,EICHERMOT,29-Sep-2016,20450,CE,0,0,0,568.75,2363.8,0,0,0,0,17-AUG-2016,
OPTSTK,EICHERMOT,29-Sep-2016,20500,CE,0,0,0,551.05,2325.6,0,0,0,0,17-AUG-2016,
OPTSTK,EICHERMOT,29-Sep-2016,20550,CE,0,0,0,522.5,2287.65,0,0,0,0,17-AUG-2016,
OPTSTK,EICHERMOT,29-Sep-2016,20600,CE,0,0,0,505.15,2250.05,0,0,0,0,17-AUG-2016,
OPTSTK,EICHERMOT,29-Sep-2016,20650,CE,0,0,0,447.3,2212.75,0,0,0,0,17-AUG-2016,
OPTSTK,EICHERMOT,29-Sep-2016,20700,CE,0,0,0,430.7,2176.6,0,0,0,0,17-AUG-2016,
OPTSTK,EICHERMOT,29-Sep-2016,20750,CE,0,0,0,410,2139.9,0,0,0,0,17-AUG-2016,
OPTSTK,EICHERMOT,29-Sep-2016,20800,CE,0,0,0,393.85,2103.5,0,0,0,0,17-AUG-2016,
OPTSTK,EICHERMOT,29-Sep-2016,20850,CE,0,0,0,430.4,2067.45,0,0,0,0,17-AUG-2016,
OPTSTK,EICHERMOT,29-Sep-2016,20900,CE,0,0,0,413.55,2031.75,0,0,0,0,17-AUG-2016,
OPTSTK,EICHERMOT,29-Sep-2016,20950,CE,0,0,0,397.15,1996.4,0,0,0,0,17-AUG-2016,
OPTSTK,EICHERMOT,29-Sep-2016,21000,CE,0,0,0,347.15,1960.5,0,0,0,0,17-AUG-2016,
OPTSTK,EICHERMOT,29-Sep-2016,21050,CE,0,0,0,331.25,1925.85,0,0,0,0,17-AUG-2016,
OPTSTK,EICHERMOT,29-Sep-2016,21100,CE,0,0,0,315.95,1891.55,0,0,0,0,17-AUG-2016,
OPTSTK,EICHERMOT,29-Sep-2016,21150,CE,0,0,0,382.15,1857.65,0,0,0,0,17-AUG-2016,
OPTSTK,EICHERMOT,29-Sep-2016,21200,CE,0,0,0,365.3,1824.05,0,0,0,0,17-AUG-2016,
OPTSTK,EICHERMOT,29-Sep-2016,21250,CE,0,0,0,349,1790.85,0,0,0,0,17-AUG-2016,
OPTSTK,EICHERMOT,29-Sep-2016,21300,CE,0,0,0,333.3,1757.95,0,0,0,0,17-AUG-2016,
OPTSTK,EICHERMOT,29-Sep-2016,21350,CE,0,0,0,318.1,1725.45,0,0,0,0,17-AUG-2016,
OPTSTK,EICHERMOT,29-Sep-2016,21400,CE,0,0,0,834.65,1693.3,0,0,0,0,17-AUG-2016,
OPTSTK,EICHERMOT,29-Sep-2016,21450,CE,0,0,0,811.6,1661.5,0,0,0,0,17-AUG-2016,
OPTSTK,EICHERMOT,29-Sep-2016,21500,CE,0,0,0,788.95,1630.05,0,0,0,0,17-AUG-2016,
OPTSTK,EICHERMOT,29-Sep-2016,21550,CE,0,0,0,766.8,1599,0,0,0,0,17-AUG-2016,
OPTSTK,EICHERMOT,29-Sep-2016,21600,CE,0,0,0,745.1,1568.3,0,0,0,0,17-AUG-2016,
OPTSTK,EICHERMOT,29-Sep-2016,21650,CE,0,0,0,723.8,1537.95,0,0,0,0,17-AUG-2016,
OPTSTK,EICHERMOT,29-Sep-2016,21700,CE,0,0,0,702.95,1508,0,0,0,0,17-AUG-2016,
OPTSTK,EICHERMOT,29-Sep-2016,21750,CE,0,0,0,682.55,1478.4,0,0,0,0,17-AUG-2016,
OPTSTK,EICHERMOT,29-Sep-2016,21800,CE,0,0,0,662.6,1449.2,0,0,0,0,17-AUG-2016,
OPTSTK,EICHERMOT,29-Sep-2016,21850,CE,0,0,0,643.05,1420.3,0,0,0,0,17-AUG-2016,
OPTSTK,EICHERMOT,29-Sep-2016,21900,CE,0,0,0,623.95,1391.85,0,0,0,0,17-AUG-2016,
OPTSTK,EICHERMOT,29-Sep-2016,21950,CE,0,0,0,605.25,1363.75,0,0,0,0,17-AUG-2016,
OPTSTK,EICHERMOT,29-Sep-2016,22000,CE,0,0,0,587,1336,0,0,0,0,17-AUG-2016,
OPTSTK,EICHERMOT,29-Sep-2016,22050,CE,0,0,0,569.15,1308.6,0,0,0,0,17-AUG-2016,
OPTSTK,EICHERMOT,29-Sep-2016,22100,CE,0,0,0,551.7,1281.65,0,0,0,0,17-AUG-2016,
OPTSTK,EICHERMOT,29-Sep-2016,22150,CE,0,0,0,1650.3,1255,0,0,0,0,17-AUG-2016,
OPTSTK,EICHERMOT,29-Sep-2016,22200,CE,0,0,0,1624,1228.75,0,0,0,0,17-AUG-2016,
OPTSTK,EICHERMOT,29-Sep-2016,22250,CE,0,0,0,1597.95,1202.9,0,0,0,0,17-AUG-2016,
OPTSTK,EICHERMOT,29-Sep-2016,22300,CE,0,0,0,1572.2,1177.4,0,0,0,0,17-AUG-2016,
OPTSTK,EICHERMOT,29-Sep-2016,22350,CE,0,0,0,1546.7,1152.25,0,0,0,0,17-AUG-2016,
OPTSTK,EICHERMOT,29-Sep-2016,22400,CE,0,0,0,1521.55,1127.4,0,0,0,0,17-AUG-2016,
OPTSTK,EICHERMOT,29-Sep-2016,22450,CE,0,0,0,1496.65,1103,0,0,0,0,17-AUG-2016,
OPTSTK,EICHERMOT,29-Sep-2016,22500,CE,0,0,0,1471.95,1079,0,0,0,0,17-AUG-2016,
OPTSTK,EICHERMOT,29-Sep-2016,22550,CE,0,0,0,1447.65,1055.35,0,0,0,0,17-AUG-2016,
OPTSTK,EICHERMOT,29-Sep-2016,22600,CE,0,0,0,1423.6,1032.05,0,0,0,0,17-AUG-2016,
OPTSTK,EICHERMOT,29-Sep-2016,22650,CE,0,0,0,1399.85,1009.1,0,0,0,0,17-AUG-2016,
OPTSTK,EICHERMOT,29-Sep-2016,22700,CE,0,0,0,1376.4,986.55,0,0,0,0,17-AUG-2016,
OPTSTK,EICHERMOT,29-Sep-2016,22750,CE,0,0,0,1353.25,964.35,0,0,0,0,17-AUG-2016,
OPTSTK,EICHERMOT,29-Sep-2016,22800,CE,0,0,0,1330.35,942.5,0,0,0,0,17-AUG-2016,
OPTSTK,EICHERMOT,29-Sep-2016,22850,CE,0,0,0,1307.7,921.05,0,0,0,0,17-AUG-2016,
OPTSTK,EICHERMOT,29-Sep-2016,22900,CE,0,0,0,1285.4,899.9,0,0,0,0,17-AUG-2016,
OPTSTK,EICHERMOT,29-Sep-2016,22950,CE,0,0,0,1263.35,879.15,0,0,0,0,17-AUG-2016,
OPTSTK,EICHERMOT,29-Sep-2016,23000,CE,0,0,0,1241.55,858.7,0,0,0,0,17-AUG-2016,
OPTSTK,EICHERMOT,29-Sep-2016,23050,CE,0,0,0,1220.05,838.65,0,0,0,0,17-AUG-2016,
OPTSTK,EICHERMOT,29-Sep-2016,23100,CE,0,0,0,1198.85,818.95,0,0,0,0,17-AUG-2016,
OPTSTK,EICHERMOT,29-Sep-2016,23150,CE,0,0,0,1177.9,799.55,0,0,0,0,17-AUG-2016,
OPTSTK,EICHERMOT,29-Sep-2016,18200,PE,0,0,0,296.15,35.6,0,0,0,0,17-AUG-2016,
OPTSTK,EICHERMOT,29-Sep-2016,18250,PE,0,0,0,309.35,37.75,0,0,0,0,17-AUG-2016,
OPTSTK,EICHERMOT,29-Sep-2016,18300,PE,0,0,0,323,40,0,0,0,0,17-AUG-2016,
OPTSTK,EICHERMOT,29-Sep-2016,18350,PE,0,0,0,336.35,42.35,0,0,0,0,17-AUG-2016,
OPTSTK,EICHERMOT,29-Sep-2016,18400,PE,0,0,0,350.9,44.85,0,0,0,0,17-AUG-2016,
OPTSTK,EICHERMOT,29-Sep-2016,18450,PE,0,0,0,365.95,47.45,0,0,0,0,17-AUG-2016,
OPTSTK,EICHERMOT,29-Sep-2016,18500,PE,0,0,0,381.4,50.15,0,0,0,0,17-AUG-2016,
OPTSTK,EICHERMOT,29-Sep-2016,18550,PE,0,0,0,397.3,53,0,0,0,0,17-AUG-2016,
OPTSTK,EICHERMOT,29-Sep-2016,18600,PE,0,0,0,413.6,56,0,0,0,0,17-AUG-2016,
OPTSTK,EICHERMOT,29-Sep-2016,18650,PE,0,0,0,430.4,59.1,0,0,0,0,17-AUG-2016,
OPTSTK,EICHERMOT,29-Sep-2016,18700,PE,0,0,0,447.65,62.35,0,0,0,0,17-AUG-2016,
OPTSTK,EICHERMOT,29-Sep-2016,18750,PE,0,0,0,465.35,65.75,0,0,0,0,17-AUG-2016,
OPTSTK,EICHERMOT,29-Sep-2016,18800,PE,0,0,0,483.5,69.3,0,0,0,0,17-AUG-2016,
OPTSTK,EICHERMOT,29-Sep-2016,18850,PE,0,0,0,502.15,73,0,0,0,0,17-AUG-2016,
OPTSTK,EICHERMOT,29-Sep-2016,18900,PE,0,0,0,521.2,76.85,0,0,0,0,17-AUG-2016,
OPTSTK,EICHERMOT,29-Sep-2016,18950,PE,0,0,0,540.8,80.9,0,0,0,0,17-AUG-2016,
OPTSTK,EICHERMOT,29-Sep-2016,19000,PE,0,0,0,560.8,85.05,0,0,0,0,17-AUG-2016,
OPTSTK,EICHERMOT,29-Sep-2016,19050,PE,0,0,0,581.3,89.4,0,0,0,0,17-AUG-2016,
OPTSTK,EICHERMOT,29-Sep-2016,19100,PE,0,0,0,602.25,93.95,0,0,0,0,17-AUG-2016,
OPTSTK,EICHERMOT,29-Sep-2016,19150,PE,0,0,0,623.7,98.65,0,0,0,0,17-AUG-2016,
OPTSTK,EICHERMOT,29-Sep-2016,19200,PE,0,0,0,645.6,103.55,0,0,0,0,17-AUG-2016,
OPTSTK,EICHERMOT,29-Sep-2016,19250,PE,0,0,0,667.95,108.65,0,0,0,0,17-AUG-2016,
OPTSTK,EICHERMOT,29-Sep-2016,19300,PE,0,0,0,690.8,113.95,0,0,0,0,17-AUG-2016,
OPTSTK,EICHERMOT,29-Sep-2016,19350,PE,0,0,0,714.15,119.45,0,0,0,0,17-AUG-2016,
OPTSTK,EICHERMOT,29-Sep-2016,19400,PE,0,0,0,737.95,125.1,0,0,0,0,17-AUG-2016,
OPTSTK,EICHERMOT,29-Sep-2016,19450,PE,0,0,0,762.2,131,0,0,0,0,17-AUG-2016,
OPTSTK,EICHERMOT,29-Sep-2016,19500,PE,0,0,0,786.85,137.1,0,0,0,0,17-AUG-2016,
OPTSTK,EICHERMOT,29-Sep-2016,19550,PE,0,0,0,812.05,143.45,0,0,0,0,17-AUG-2016,
OPTSTK,EICHERMOT,29-Sep-2016,19600,PE,0,0,0,837.75,150,0,0,0,0,17-AUG-2016,
OPTSTK,EICHERMOT,29-Sep-2016,19650,PE,0,0,0,863.85,156.8,0,0,0,0,17-AUG-2016,
OPTSTK,EICHERMOT,29-Sep-2016,19700,PE,0,0,0,890.45,163.8,0,0,0,0,17-AUG-2016,
OPTSTK,EICHERMOT,29-Sep-2016,19750,PE,0,0,0,917.55,171.05,0,0,0,0,17-AUG-2016,
OPTSTK,EICHERMOT,29-Sep-2016,19800,PE,0,0,0,945.05,178.55,0,0,0,0,17-AUG-2016,
OPTSTK,EICHERMOT,29-Sep-2016,19850,PE,0,0,0,973.05,186.3,0,0,0,0,17-AUG-2016,
OPTSTK,EICHERMOT,29-Sep-2016,19900,PE,0,0,0,1001.45,194.3,0,0,0,0,17-AUG-2016,
OPTSTK,EICHERMOT,29-Sep-2016,19950,PE,0,0,0,1030.35,202.55,0,0,0,0,17-AUG-2016,
OPTSTK,EICHERMOT,29-Sep-2016,20000,PE,0,0,0,1059.65,211.05,0,0,0,0,17-AUG-2016,
OPTSTK,EICHERMOT,29-Sep-2016,20050,PE,0,0,0,1089.4,219.85,0,0,0,0,17-AUG-2016,
OPTSTK,EICHERMOT,29-Sep-2016,20100,PE,0,0,0,1119.65,228.9,0,0,0,0,17-AUG-2016,
OPTSTK,EICHERMOT,29-Sep-2016,20150,PE,0,0,0,1150.25,238.2,0,0,0,0,17-AUG-2016,
OPTSTK,EICHERMOT,29-Sep-2016,20200,PE,0,0,0,1181.35,247.85,0,0,0,0,17-AUG-2016,
OPTSTK,EICHERMOT,29-Sep-2016,20250,PE,0,0,0,1062.9,257.7,0,0,0,0,17-AUG-2016,
OPTSTK,EICHERMOT,29-Sep-2016,20300,PE,0,0,0,1092.65,267.9,0,0,0,0,17-AUG-2016,
OPTSTK,EICHERMOT,29-Sep-2016,20350,PE,0,0,0,1122.8,278.35,0,0,0,0,17-AUG-2016,
OPTSTK,EICHERMOT,29-Sep-2016,20400,PE,0,0,0,1153.35,289.15,0,0,0,0,17-AUG-2016,
OPTSTK,EICHERMOT,29-Sep-2016,20450,PE,0,0,0,1184.35,300.2,0,0,0,0,17-AUG-2016,
OPTSTK,EICHERMOT,29-Sep-2016,20500,PE,0,0,0,1215.8,311.55,0,0,0,0,17-AUG-2016,
OPTSTK,EICHERMOT,29-Sep-2016,20550,PE,0,0,0,1149.15,323.25,0,0,0,0,17-AUG-2016,
OPTSTK,EICHERMOT,29-Sep-2016,20600,PE,0,0,0,1180.95,335.25,0,0,0,0,17-AUG-2016,
OPTSTK,EICHERMOT,29-Sep-2016,20650,PE,0,0,0,1110.55,347.55,0,0,0,0,17-AUG-2016,
OPTSTK,EICHERMOT,29-Sep-2016,20700,PE,0,0,0,1143.25,360.95,0,0,0,0,17-AUG-2016,
OPTSTK,EICHERMOT,29-Sep-2016,20750,PE,0,0,0,1088.2,373.85,0,0,0,0,17-AUG-2016,
OPTSTK,EICHERMOT,29-Sep-2016,20800,PE,0,0,0,1121.35,387.05,0,0,0,0,17-AUG-2016,
OPTSTK,EICHERMOT,29-Sep-2016,20850,PE,0,0,0,1037.15,400.6,0,0,0,0,17-AUG-2016,
OPTSTK,EICHERMOT,29-Sep-2016,20900,PE,0,0,0,1069.6,414.5,0,0,0,0,17-AUG-2016,
OPTSTK,EICHERMOT,29-Sep-2016,20950,PE,0,0,0,1102.55,428.7,0,0,0,0,17-AUG-2016,
OPTSTK,EICHERMOT,29-Sep-2016,21000,PE,0,0,0,976.25,442.4,0,0,0,0,17-AUG-2016,
OPTSTK,EICHERMOT,29-Sep-2016,21050,PE,0,0,0,1009.8,457.4,0,0,0,0,17-AUG-2016,
OPTSTK,EICHERMOT,29-Sep-2016,21100,PE,0,0,0,1043.85,472.7,0,0,0,0,17-AUG-2016,
OPTSTK,EICHERMOT,29-Sep-2016,21150,PE,0,0,0,935.85,488.35,0,0,0,0,17-AUG-2016,
OPTSTK,EICHERMOT,29-Sep-2016,21200,PE,0,0,0,968.4,504.4,0,0,0,0,17-AUG-2016,
OPTSTK,EICHERMOT,29-Sep-2016,21250,PE,0,0,0,1001.5,520.75,0,0,0,0,17-AUG-2016,
OPTSTK,EICHERMOT,29-Sep-2016,21300,PE,0,0,0,1035.2,537.45,0,0,0,0,17-AUG-2016,
OPTSTK,EICHERMOT,29-Sep-2016,21350,PE,0,0,0,1069.4,554.55,0,0,0,0,17-AUG-2016,
OPTSTK,EICHERMOT,29-Sep-2016,21400,PE,0,0,0,879.65,572,0,0,0,0,17-AUG-2016,
OPTSTK,EICHERMOT,29-Sep-2016,21450,PE,0,0,0,906,589.8,0,0,0,0,17-AUG-2016,
OPTSTK,EICHERMOT,29-Sep-2016,21500,PE,0,0,0,932.8,607.95,0,0,0,0,17-AUG-2016,
OPTSTK,EICHERMOT,29-Sep-2016,21550,PE,0,0,0,960.05,626.5,0,0,0,0,17-AUG-2016,
OPTSTK,EICHERMOT,29-Sep-2016,21600,PE,0,0,0,987.7,645.4,0,0,0,0,17-AUG-2016,
OPTSTK,EICHERMOT,29-Sep-2016,21650,PE,0,0,0,1015.85,664.65,0,0,0,0,17-AUG-2016,
OPTSTK,EICHERMOT,29-Sep-2016,21700,PE,0,0,0,1044.4,684.25,0,0,0,0,17-AUG-2016,
OPTSTK,EICHERMOT,29-Sep-2016,21750,PE,0,0,0,1073.4,704.25,0,0,0,0,17-AUG-2016,
OPTSTK,EICHERMOT,29-Sep-2016,21800,PE,0,0,0,1102.85,724.65,0,0,0,0,17-AUG-2016,
OPTSTK,EICHERMOT,29-Sep-2016,21850,PE,0,0,0,1132.7,745.4,0,0,0,0,17-AUG-2016,
OPTSTK,EICHERMOT,29-Sep-2016,21900,PE,0,0,0,1163,766.5,0,0,0,0,17-AUG-2016,
OPTSTK,EICHERMOT,29-Sep-2016,21950,PE,0,0,0,1193.75,787.95,0,0,0,0,17-AUG-2016,
OPTSTK,EICHERMOT,29-Sep-2016,22000,PE,0,0,0,1224.85,809.85,0,0,0,0,17-AUG-2016,
OPTSTK,EICHERMOT,29-Sep-2016,22050,PE,0,0,0,1256.4,832.05,0,0,0,0,17-AUG-2016,
OPTSTK,EICHERMOT,29-Sep-2016,22100,PE,0,0,0,1288.4,854.65,0,0,0,0,17-AUG-2016,
OPTSTK,EICHERMOT,29-Sep-2016,22150,PE,0,0,0,1087.85,877.65,0,0,0,0,17-AUG-2016,
OPTSTK,EICHERMOT,29-Sep-2016,22200,PE,0,0,0,1110.95,901,0,0,0,0,17-AUG-2016,
OPTSTK,EICHERMOT,29-Sep-2016,22250,PE,0,0,0,1134.35,924.7,0,0,0,0,17-AUG-2016,
OPTSTK,EICHERMOT,29-Sep-2016,22300,PE,0,0,0,1158,948.8,0,0,0,0,17-AUG-2016,
OPTSTK,EICHERMOT,29-Sep-2016,22350,PE,0,0,0,1182,973.25,0,0,0,0,17-AUG-2016,
OPTSTK,EICHERMOT,29-Sep-2016,22400,PE,0,0,0,1206.25,998,0,0,0,0,17-AUG-2016,
OPTSTK,EICHERMOT,29-Sep-2016,22450,PE,0,0,0,1230.8,1023.2,0,0,0,0,17-AUG-2016,
OPTSTK,EICHERMOT,29-Sep-2016,22500,PE,0,0,0,1255.5,1048.8,0,0,0,0,17-AUG-2016,
OPTSTK,EICHERMOT,29-Sep-2016,22550,PE,0,0,0,1280.65,1074.7,0,0,0,0,17-AUG-2016,
OPTSTK,EICHERMOT,29-Sep-2016,22600,PE,0,0,0,1306.05,1101,0,0,0,0,17-AUG-2016,
OPTSTK,EICHERMOT,29-Sep-2016,22650,PE,0,0,0,1331.7,1127.7,0,0,0,0,17-AUG-2016,
OPTSTK,EICHERMOT,29-Sep-2016,22700,PE,0,0,0,1357.7,1154.7,0,0,0,0,17-AUG-2016,
OPTSTK,EICHERMOT,29-Sep-2016,22750,PE,0,0,0,1383.95,1182.1,0,0,0,0,17-AUG-2016,
OPTSTK,EICHERMOT,29-Sep-2016,22800,PE,0,0,0,1410.5,1209.9,0,0,0,0,17-AUG-2016,
OPTSTK,EICHERMOT,29-Sep-2016,22850,PE,0,0,0,1437.3,1238,0,0,0,0,17-AUG-2016,
OPTSTK,EICHERMOT,29-Sep-2016,22900,PE,0,0,0,1464.4,1266.45,0,0,0,0,17-AUG-2016,
OPTSTK,EICHERMOT,29-Sep-2016,22950,PE,0,0,0,1491.8,1295.3,0,0,0,0,17-AUG-2016,
OPTSTK,EICHERMOT,29-Sep-2016,23000,PE,0,0,0,1519.45,1324.45,0,0,0,0,17-AUG-2016,
OPTSTK,EICHERMOT,29-Sep-2016,23050,PE,0,0,0,1547.4,1354,0,0,0,0,17-AUG-2016,
OPTSTK,EICHERMOT,29-Sep-2016,23100,PE,0,0,0,1575.6,1383.85,0,0,0,0,17-AUG-2016,
OPTSTK,EICHERMOT,29-Sep-2016,23150,PE,0,0,0,1604.1,1414.1,0,0,0,0,17-AUG-2016,
OPTSTK,EICHERMOT,27-Oct-2016,20100,CE,0,0,0,1809.35,2919.85,0,0,0,0,17-AUG-2016,
OPTSTK,EICHERMOT,27-Oct-2016,20150,CE,0,0,0,1775.95,2882.55,0,0,0,0,17-AUG-2016,
OPTSTK,EICHERMOT,27-Oct-2016,20200,CE,0,0,0,1742.9,2845.5,0,0,0,0,17-AUG-2016,
OPTSTK,EICHERMOT,27-Oct-2016,20250,CE,0,0,0,1710.2,2809.5,0,0,0,0,17-AUG-2016,
OPTSTK,EICHERMOT,27-Oct-2016,20300,CE,0,0,0,1677.9,2772.9,0,0,0,0,17-AUG-2016,
OPTSTK,EICHERMOT,27-Oct-2016,20350,CE,0,0,0,1645.95,2736.6,0,0,0,0,17-AUG-2016,
OPTSTK,EICHERMOT,27-Oct-2016,20400,CE,0,0,0,1614.35,2700.5,0,0,0,0,17-AUG-2016,
OPTSTK,EICHERMOT,27-Oct-2016,20450,CE,0,0,0,1583.1,2664.7,0,0,0,0,17-AUG-2016,
OPTSTK,EICHERMOT,27-Oct-2016,20500,CE,0,0,0,1552.25,2629.2,0,0,0,0,17-AUG-2016,
OPTSTK,EICHERMOT,27-Oct-2016,20550,CE,0,0,0,1521.75,2593.9,0,0,0,0,17-AUG-2016,
OPTSTK,EICHERMOT,27-Oct-2016,20600,CE,0,0,0,1491.65,2558.9,0,0,0,0,17-AUG-2016,
OPTSTK,EICHERMOT,27-Oct-2016,20650,CE,0,0,0,1461.9,2524.15,0,0,0,0,17-AUG-2016,
OPTSTK,EICHERMOT,27-Oct-2016,20700,CE,0,0,0,1432.55,2489.7,0,0,0,0,17-AUG-2016,
OPTSTK,EICHERMOT,27-Oct-2016,20750,CE,0,0,0,1403.55,2454.65,0,0,0,0,17-AUG-2016,
OPTSTK,EICHERMOT,27-Oct-2016,20800,CE,0,0,0,1374.95,2420.75,0,0,0,0,17-AUG-2016,
OPTSTK,EICHERMOT,27-Oct-2016,20850,CE,0,0,0,1346.75,2387.15,0,0,0,0,17-AUG-2016,
OPTSTK,EICHERMOT,27-Oct-2016,20900,CE,0,0,0,1318.9,2353.85,0,0,0,0,17-AUG-2016,
OPTSTK,EICHERMOT,27-Oct-2016,20950,CE,0,0,0,1291.4,2320.8,0,0,0,0,17-AUG-2016,
OPTSTK,EICHERMOT,27-Oct-2016,21000,CE,0,0,0,1264.3,2288.05,0,0,0,0,17-AUG-2016,
OPTSTK,EICHERMOT,27-Oct-2016,21050,CE,0,0,0,1237.6,2255.55,0,0,0,0,17-AUG-2016,
OPTSTK,EICHERMOT,27-Oct-2016,21100,CE,0,0,0,1211.25,2223.35,0,0,0,0,17-AUG-2016,
OPTSTK,EICHERMOT,27-Oct-2016,21150,CE,0,0,0,1185.3,2191.45,0,0,0,0,17-AUG-2016,
OPTSTK,EICHERMOT,27-Oct-2016,21200,CE,0,0,0,1159.75,2159.8,0,0,0,0,17-AUG-2016,
OPTSTK,EICHERMOT,27-Oct-2016,21250,CE,0,0,0,1134.55,2128.45,0,0,0,0,17-AUG-2016,
OPTSTK,EICHERMOT,27-Oct-2016,21300,CE,0,0,0,1109.7,2097.4,0,0,0,0,17-AUG-2016,
OPTSTK,EICHERMOT,27-Oct-2016,21350,CE,0,0,0,1085.15,2066.6,0,0,0,0,17-AUG-2016,
OPTSTK,EICHERMOT,27-Oct-2016,21400,CE,0,0,0,1061.1,2036.1,0,0,0,0,17-AUG-2016,
OPTSTK,EICHERMOT,27-Oct-2016,21450,CE,0,0,0,1037.4,2005.9,0,0,0,0,17-AUG-2016,
OPTSTK,EICHERMOT,27-Oct-2016,21500,CE,0,0,0,1014.05,1976,0,0,0,0,17-AUG-2016,
OPTSTK,EICHERMOT,27-Oct-2016,21550,CE,0,0,0,991.1,1946.35,0,0,0,0,17-AUG-2016,
OPTSTK,EICHERMOT,27-Oct-2016,21600,CE,0,0,0,968.55,1917,0,0,0,0,17-AUG-2016,
OPTSTK,EICHERMOT,27-Oct-2016,21650,CE,0,0,0,946.3,1887.95,0,0,0,0,17-AUG-2016,
OPTSTK,EICHERMOT,27-Oct-2016,21700,CE,0,0,0,924.5,1859.2,0,0,0,0,17-AUG-2016,
OPTSTK,EICHERMOT,27-Oct-2016,21750,CE,0,0,0,903,1830.7,0,0,0,0,17-AUG-2016,
OPTSTK,EICHERMOT,27-Oct-2016,21800,CE,0,0,0,881.9,1802.5,0,0,0,0,17-AUG-2016,
OPTSTK,EICHERMOT,27-Oct-2016,21850,CE,0,0,0,861.1,1774.6,0,0,0,0,17-AUG-2016,
OPTSTK,EICHERMOT,27-Oct-2016,21900,CE,0,0,0,840.7,1747,0,0,0,0,17-AUG-2016,
OPTSTK,EICHERMOT,27-Oct-2016,21950,CE,0,0,0,820.7,1719.7,0,0,0,0,17-AUG-2016,
OPTSTK,EICHERMOT,27-Oct-2016,22000,CE,0,0,0,801,1692.65,0,0,0,0,17-AUG-2016,
OPTSTK,EICHERMOT,27-Oct-2016,22050,CE,0,0,0,781.65,1665.9,0,0,0,0,17-AUG-2016,
OPTSTK,EICHERMOT,27-Oct-2016,22100,CE,0,0,0,762.7,1639.45,0,0,0,0,17-AUG-2016,
OPTSTK,EICHERMOT,27-Oct-2016,22150,CE,0,0,0,1992.3,1613.3,0,0,0,0,17-AUG-2016,
OPTSTK,EICHERMOT,27-Oct-2016,22200,CE,0,0,0,1966.4,1587.45,0,0,0,0,17-AUG-2016,
OPTSTK,EICHERMOT,27-Oct-2016,22250,CE,0,0,0,1940.75,1561.85,0,0,0,0,17-AUG-2016,
OPTSTK,EICHERMOT,27-Oct-2016,22300,CE,0,0,0,1915.3,1536.55,0,0,0,0,17-AUG-2016,
OPTSTK,EICHERMOT,27-Oct-2016,22350,CE,0,0,0,1890.1,1511.55,0,0,0,0,17-AUG-2016,
OPTSTK,EICHERMOT,27-Oct-2016,22400,CE,0,0,0,1865.15,1486.75,0,0,0,0,17-AUG-2016,
OPTSTK,EICHERMOT,27-Oct-2016,22450,CE,0,0,0,1840.45,1462.3,0,0,0,0,17-AUG-2016,
OPTSTK,EICHERMOT,27-Oct-2016,22500,CE,0,0,0,1815.85,1438.15,0,0,0,0,17-AUG-2016,
OPTSTK,EICHERMOT,27-Oct-2016,22550,CE,0,0,0,1791.65,1414.3,0,0,0,0,17-AUG-2016,
OPTSTK,EICHERMOT,27-Oct-2016,22600,CE,0,0,0,1767.6,1390.7,0,0,0,0,17-AUG-2016,
OPTSTK,EICHERMOT,27-Oct-2016,22650,CE,0,0,0,1743.85,1367.4,0,0,0,0,17-AUG-2016,
OPTSTK,EICHERMOT,27-Oct-2016,22700,CE,0,0,0,1720.3,1344.4,0,0,0,0,17-AUG-2016,
OPTSTK,EICHERMOT,27-Oct-2016,22750,CE,0,0,0,1697,1321.65,0,0,0,0,17-AUG-2016,
OPTSTK,EICHERMOT,27-Oct-2016,22800,CE,0,0,0,1673.9,1299.2,0,0,0,0,17-AUG-2016,
OPTSTK,EICHERMOT,27-Oct-2016,22850,CE,0,0,0,1651.1,1277.05,0,0,0,0,17-AUG-2016,
OPTSTK,EICHERMOT,27-Oct-2016,22900,CE,0,0,0,1628.45,1255.15,0,0,0,0,17-AUG-2016,
OPTSTK,EICHERMOT,27-Oct-2016,22950,CE,0,0,0,1606.1,1233.5,0,0,0,0,17-AUG-2016,
OPTSTK,EICHERMOT,27-Oct-2016,23000,CE,0,0,0,1583.95,1212.15,0,0,0,0,17-AUG-2016,
OPTSTK,EICHERMOT,27-Oct-2016,23050,CE,0,0,0,1562,1191.1,0,0,0,0,17-AUG-2016,
OPTSTK,EICHERMOT,27-Oct-2016,23100,CE,0,0,0,1540.3,1170.3,0,0,0,0,17-AUG-2016,
OPTSTK,EICHERMOT,27-Oct-2016,23150,CE,0,0,0,1518.85,1149.75,0,0,0,0,17-AUG-2016,
OPTSTK,EICHERMOT,27-Oct-2016,20100,PE,0,0,0,464.3,403.8,0,0,0,0,17-AUG-2016,
OPTSTK,EICHERMOT,27-Oct-2016,20150,PE,0,0,0,480,415.85,0,0,0,0,17-AUG-2016,
OPTSTK,EICHERMOT,27-Oct-2016,20200,PE,0,0,0,496.1,428.15,0,0,0,0,17-AUG-2016,
OPTSTK,EICHERMOT,27-Oct-2016,20250,PE,0,0,0,512.55,441.45,0,0,0,0,17-AUG-2016,
OPTSTK,EICHERMOT,27-Oct-2016,20300,PE,0,0,0,529.35,454.2,0,0,0,0,17-AUG-2016,
OPTSTK,EICHERMOT,27-Oct-2016,20350,PE,0,0,0,546.55,467.25,0,0,0,0,17-AUG-2016,
OPTSTK,EICHERMOT,27-Oct-2016,20400,PE,0,0,0,564.1,480.5,0,0,0,0,17-AUG-2016,
OPTSTK,EICHERMOT,27-Oct-2016,20450,PE,0,0,0,582,494,0,0,0,0,17-AUG-2016,
OPTSTK,EICHERMOT,27-Oct-2016,20500,PE,0,0,0,600.3,507.8,0,0,0,0,17-AUG-2016,
OPTSTK,EICHERMOT,27-Oct-2016,20550,PE,0,0,0,618.95,521.85,0,0,0,0,17-AUG-2016,
OPTSTK,EICHERMOT,27-Oct-2016,20600,PE,0,0,0,638,536.2,0,0,0,0,17-AUG-2016,
OPTSTK,EICHERMOT,27-Oct-2016,20650,PE,0,0,0,657.4,550.8,0,0,0,0,17-AUG-2016,
OPTSTK,EICHERMOT,27-Oct-2016,20700,PE,0,0,0,677.15,565.65,0,0,0,0,17-AUG-2016,
OPTSTK,EICHERMOT,27-Oct-2016,20750,PE,0,0,0,697.3,579.95,0,0,0,0,17-AUG-2016,
OPTSTK,EICHERMOT,27-Oct-2016,20800,PE,0,0,0,717.85,595.4,0,0,0,0,17-AUG-2016,
OPTSTK,EICHERMOT,27-Oct-2016,20850,PE,0,0,0,738.75,611.15,0,0,0,0,17-AUG-2016,
OPTSTK,EICHERMOT,27-Oct-2016,20900,PE,0,0,0,760.05,627.15,0,0,0,0,17-AUG-2016,
OPTSTK,EICHERMOT,27-Oct-2016,20950,PE,0,0,0,781.7,643.45,0,0,0,0,17-AUG-2016,
OPTSTK,EICHERMOT,27-Oct-2016,21000,PE,0,0,0,803.75,660,0,0,0,0,17-AUG-2016,
OPTSTK,EICHERMOT,27-Oct-2016,21050,PE,0,0,0,826.2,676.85,0,0,0,0,17-AUG-2016,
OPTSTK,EICHERMOT,27-Oct-2016,21100,PE,0,0,0,849,694,0,0,0,0,17-AUG-2016,
OPTSTK,EICHERMOT,27-Oct-2016,21150,PE,0,0,0,872.2,711.4,0,0,0,0,17-AUG-2016,
OPTSTK,EICHERMOT,27-Oct-2016,21200,PE,0,0,0,895.75,729.1,0,0,0,0,17-AUG-2016,
OPTSTK,EICHERMOT,27-Oct-2016,21250,PE,0,0,0,919.7,747.1,0,0,0,0,17-AUG-2016,
OPTSTK,EICHERMOT,27-Oct-2016,21300,PE,0,0,0,944,765.35,0,0,0,0,17-AUG-2016,
OPTSTK,EICHERMOT,27-Oct-2016,21350,PE,0,0,0,968.6,783.9,0,0,0,0,17-AUG-2016,
OPTSTK,EICHERMOT,27-Oct-2016,21400,PE,0,0,0,993.7,802.75,0,0,0,0,17-AUG-2016,
OPTSTK,EICHERMOT,27-Oct-2016,21450,PE,0,0,0,1019.15,821.85,0,0,0,0,17-AUG-2016,
OPTSTK,EICHERMOT,27-Oct-2016,21500,PE,0,0,0,1044.95,841.3,0,0,0,0,17-AUG-2016,
OPTSTK,EICHERMOT,27-Oct-2016,21550,PE,0,0,0,1071.15,861,0,0,0,0,17-AUG-2016,
OPTSTK,EICHERMOT,27-Oct-2016,21600,PE,0,0,0,1097.7,881,0,0,0,0,17-AUG-2016,
OPTSTK,EICHERMOT,27-Oct-2016,21650,PE,0,0,0,1124.6,901.25,0,0,0,0,17-AUG-2016,
OPTSTK,EICHERMOT,27-Oct-2016,21700,PE,0,0,0,1151.9,921.8,0,0,0,0,17-AUG-2016,
OPTSTK,EICHERMOT,27-Oct-2016,21750,PE,0,0,0,1179.55,942.7,0,0,0,0,17-AUG-2016,
OPTSTK,EICHERMOT,27-Oct-2016,21800,PE,0,0,0,1207.6,963.8,0,0,0,0,17-AUG-2016,
OPTSTK,EICHERMOT,27-Oct-2016,21850,PE,0,0,0,1236,985.25,0,0,0,0,17-AUG-2016,
OPTSTK,EICHERMOT,27-Oct-2016,21900,PE,0,0,0,1264.7,1007,0,0,0,0,17-AUG-2016,
OPTSTK,EICHERMOT,27-Oct-2016,21950,PE,0,0,0,1293.8,1029,0,0,0,0,17-AUG-2016,
OPTSTK,EICHERMOT,27-Oct-2016,22000,PE,0,0,0,1323.3,1051.3,0,0,0,0,17-AUG-2016,
OPTSTK,EICHERMOT,27-Oct-2016,22050,PE,0,0,0,1353.1,1073.9,0,0,0,0,17-AUG-2016,
OPTSTK,EICHERMOT,27-Oct-2016,22100,PE,0,0,0,1383.25,1096.8,0,0,0,0,17-AUG-2016,
OPTSTK,EICHERMOT,27-Oct-2016,22150,PE,0,0,0,1313.4,1119.95,0,0,0,0,17-AUG-2016,
OPTSTK,EICHERMOT,27-Oct-2016,22200,PE,0,0,0,1336.65,1143.4,0,0,0,0,17-AUG-2016,
OPTSTK,EICHERMOT,27-Oct-2016,22250,PE,0,0,0,1360.15,1167.15,0,0,0,0,17-AUG-2016,
OPTSTK,EICHERMOT,27-Oct-2016,22300,PE,0,0,0,1383.9,1191.2,0,0,0,0,17-AUG-2016,
OPTSTK,EICHERMOT,27-Oct-2016,22350,PE,0,0,0,1407.9,1215.55,0,0,0,0,17-AUG-2016,
OPTSTK,EICHERMOT,27-Oct-2016,22400,PE,0,0,0,1432.1,1240.05,0,0,0,0,17-AUG-2016,
OPTSTK,EICHERMOT,27-Oct-2016,22450,PE,0,0,0,1456.55,1264.95,0,0,0,0,17-AUG-2016,
OPTSTK,EICHERMOT,27-Oct-2016,22500,PE,0,0,0,1481.15,1290.15,0,0,0,0,17-AUG-2016,
OPTSTK,EICHERMOT,27-Oct-2016,22550,PE,0,0,0,1506.1,1315.6,0,0,0,0,17-AUG-2016,
OPTSTK,EICHERMOT,27-Oct-2016,22600,PE,0,0,0,1531.25,1341.35,0,0,0,0,17-AUG-2016,
OPTSTK,EICHERMOT,27-Oct-2016,22650,PE,0,0,0,1556.65,1367.4,0,0,0,0,17-AUG-2016,
OPTSTK,EICHERMOT,27-Oct-2016,22700,PE,0,0,0,1582.25,1393.7,0,0,0,0,17-AUG-2016,
OPTSTK,EICHERMOT,27-Oct-2016,22750,PE,0,0,0,1608.1,1420.3,0,0,0,0,17-AUG-2016,
OPTSTK,EICHERMOT,27-Oct-2016,22800,PE,0,0,0,1634.2,1447.2,0,0,0,0,17-AUG-2016,
OPTSTK,EICHERMOT,27-Oct-2016,22850,PE,0,0,0,1660.55,1474.35,0,0,0,0,17-AUG-2016,
OPTSTK,EICHERMOT,27-Oct-2016,22900,PE,0,0,0,1687.1,1501.75,0,0,0,0,17-AUG-2016,
OPTSTK,EICHERMOT,27-Oct-2016,22950,PE,0,0,0,1713.9,1529.5,0,0,0,0,17-AUG-2016,
OPTSTK,EICHERMOT,27-Oct-2016,23000,PE,0,0,0,1740.9,1557.45,0,0,0,0,17-AUG-2016,
OPTSTK,EICHERMOT,27-Oct-2016,23050,PE,0,0,0,1768.15,1585.75,0,0,0,0,17-AUG-2016,
OPTSTK,EICHERMOT,27-Oct-2016,23100,PE,0,0,0,1795.6,1614.25,0,0,0,0,17-AUG-2016,
OPTSTK,EICHERMOT,27-Oct-2016,23150,PE,0,0,0,1823.3,1643.05,0,0,0,0,17-AUG-2016,
OPTSTK,ENGINERSIN,25-Aug-2016,110,CE,0,0,0,74.1,118.3,0,0,0,0,17-AUG-2016,
OPTSTK,ENGINERSIN,25-Aug-2016,115,CE,0,0,0,69.2,113.3,0,0,0,0,17-AUG-2016,
OPTSTK,ENGINERSIN,25-Aug-2016,120,CE,0,0,0,64.35,108.3,0,0,0,0,17-AUG-2016,
OPTSTK,ENGINERSIN,25-Aug-2016,125,CE,0,0,0,59.55,103.3,0,0,0,0,17-AUG-2016,
OPTSTK,ENGINERSIN,25-Aug-2016,130,CE,0,0,0,54.75,98.3,0,0,0,0,17-AUG-2016,
OPTSTK,ENGINERSIN,25-Aug-2016,135,CE,0,0,0,50.05,93.3,0,0,0,0,17-AUG-2016,
OPTSTK,ENGINERSIN,25-Aug-2016,140,CE,0,0,0,45.5,88.35,0,0,0,0,17-AUG-2016,
OPTSTK,ENGINERSIN,25-Aug-2016,145,CE,0,0,0,41.05,83.35,0,0,0,0,17-AUG-2016,
OPTSTK,ENGINERSIN,25-Aug-2016,150,CE,0,0,0,36.8,78.35,0,0,0,0,17-AUG-2016,
OPTSTK,ENGINERSIN,25-Aug-2016,155,CE,0,0,0,32.7,73.35,0,0,0,0,17-AUG-2016,
OPTSTK,ENGINERSIN,25-Aug-2016,160,CE,0,0,0,28.9,68.35,0,0,0,0,17-AUG-2016,
OPTSTK,ENGINERSIN,25-Aug-2016,165,CE,0,0,0,25.3,63.35,0,0,0,0,17-AUG-2016,
OPTSTK,ENGINERSIN,25-Aug-2016,170,CE,0,0,0,22,58.35,0,0,0,0,17-AUG-2016,
OPTSTK,ENGINERSIN,25-Aug-2016,175,CE,0,0,0,18.95,53.4,0,0,0,0,17-AUG-2016,
OPTSTK,ENGINERSIN,25-Aug-2016,180,CE,0,0,0,16.25,48.4,0,0,0,0,17-AUG-2016,
OPTSTK,ENGINERSIN,25-Aug-2016,185,CE,0,0,0,13.8,43.4,0,0,0,0,17-AUG-2016,
OPTSTK,ENGINERSIN,25-Aug-2016,190,CE,0,0,0,11.65,38.4,0,0,0,0,17-AUG-2016,
OPTSTK,ENGINERSIN,25-Aug-2016,195,CE,0,0,0,9.75,33.45,0,0,0,0,17-AUG-2016,
OPTSTK,ENGINERSIN,25-Aug-2016,200,CE,0,0,0,23,28.5,0,0,10500,0,17-AUG-2016,
OPTSTK,ENGINERSIN,25-Aug-2016,205,CE,0,0,0,6.7,23.6,0,0,0,0,17-AUG-2016,
OPTSTK,ENGINERSIN,25-Aug-2016,210,CE,0,0,0,21,18.9,0,0,0,0,17-AUG-2016,
OPTSTK,ENGINERSIN,25-Aug-2016,215,CE,0,0,0,4.5,14.5,0,0,0,0,17-AUG-2016,
OPTSTK,ENGINERSIN,25-Aug-2016,220,CE,9.5,10.45,8.5,10.3,10.3,15,120.46,66500,-7000,17-AUG-2016,
OPTSTK,ENGINERSIN,25-Aug-2016,225,CE,6.7,8.15,6.7,7.5,7.5,6,48.81,66500,-7000,17-AUG-2016,
OPTSTK,ENGINERSIN,25-Aug-2016,230,CE,2.95,5.45,2.95,4.6,4.6,43,352.51,126000,14000,17-AUG-2016,
OPTSTK,ENGINERSIN,25-Aug-2016,235,CE,2.6,2.75,2.5,2.65,2.65,5,41.58,42000,3500,17-AUG-2016,
OPTSTK,ENGINERSIN,25-Aug-2016,240,CE,0.95,2,0.85,1.75,1.75,43,363.19,119000,-59500,17-AUG-2016,
OPTSTK,ENGINERSIN,25-Aug-2016,245,CE,1,1,0.9,0.95,0.95,3,25.82,35000,-3500,17-AUG-2016,
OPTSTK,ENGINERSIN,25-Aug-2016,250,CE,0.5,0.65,0.5,0.6,0.6,5,43.84,52500,-3500,17-AUG-2016,
OPTSTK,ENGINERSIN,25-Aug-2016,255,CE,0,0,0,0.7,0.2,0,0,7000,0,17-AUG-2016,
OPTSTK,ENGINERSIN,25-Aug-2016,260,CE,0.3,0.3,0.3,0.3,0.3,1,9.11,3500,-3500,17-AUG-2016,
OPTSTK,ENGINERSIN,25-Aug-2016,265,CE,0,0,0,0.75,0.05,0,0,0,0,17-AUG-2016,
OPTSTK,ENGINERSIN,25-Aug-2016,270,CE,0,0,0,0.85,0.05,0,0,3500,0,17-AUG-2016,
OPTSTK,ENGINERSIN,25-Aug-2016,110,PE,0,0,0,0.05,0,0,0,0,0,17-AUG-2016,
OPTSTK,ENGINERSIN,25-Aug-2016,115,PE,0,0,0,0.05,0,0,0,0,0,17-AUG-2016,
OPTSTK,ENGINERSIN,25-Aug-2016,120,PE,0,0,0,0.1,0,0,0,0,0,17-AUG-2016,
OPTSTK,ENGINERSIN,25-Aug-2016,125,PE,0,0,0,0.2,0,0,0,0,0,17-AUG-2016,
OPTSTK,ENGINERSIN,25-Aug-2016,130,PE,0,0,0,0.35,0,0,0,0,0,17-AUG-2016,
OPTSTK,ENGINERSIN,25-Aug-2016,135,PE,0,0,0,0.55,0,0,0,0,0,17-AUG-2016,
OPTSTK,ENGINERSIN,25-Aug-2016,140,PE,0,0,0,0.9,0,0,0,0,0,17-AUG-2016,
OPTSTK,ENGINERSIN,25-Aug-2016,145,PE,0,0,0,1.35,0,0,0,0,0,17-AUG-2016,
OPTSTK,ENGINERSIN,25-Aug-2016,150,PE,0,0,0,2,0,0,0,0,0,17-AUG-2016,
OPTSTK,ENGINERSIN,25-Aug-2016,155,PE,0,0,0,2.85,0,0,0,0,0,17-AUG-2016,
OPTSTK,ENGINERSIN,25-Aug-2016,160,PE,0,0,0,3.95,0,0,0,0,0,17-AUG-2016,
OPTSTK,ENGINERSIN,25-Aug-2016,165,PE,0,0,0,5.25,0,0,0,0,0,17-AUG-2016,
OPTSTK,ENGINERSIN,25-Aug-2016,170,PE,0,0,0,0.6,0,0,0,7000,0,17-AUG-2016,
OPTSTK,ENGINERSIN,25-Aug-2016,175,PE,0,0,0,0.45,0,0,0,7000,0,17-AUG-2016,
OPTSTK,ENGINERSIN,25-Aug-2016,180,PE,0,0,0,0.6,0,0,0,7000,0,17-AUG-2016,
OPTSTK,ENGINERSIN,25-Aug-2016,185,PE,0,0,0,13.4,0,0,0,0,0,17-AUG-2016,
OPTSTK,ENGINERSIN,25-Aug-2016,190,PE,0,0,0,0.8,0,0,0,3500,0,17-AUG-2016,
OPTSTK,ENGINERSIN,25-Aug-2016,195,PE,0,0,0,1,0.05,0,0,17500,0,17-AUG-2016,
OPTSTK,ENGINERSIN,25-Aug-2016,200,PE,0,0,0,0.5,0.1,0,0,0,0,17-AUG-2016,
OPTSTK,ENGINERSIN,25-Aug-2016,205,PE,0,0,0,0.8,0.2,0,0,17500,0,17-AUG-2016,
OPTSTK,ENGINERSIN,25-Aug-2016,210,PE,0.65,0.65,0.5,0.5,0.5,2,14.74,49000,0,17-AUG-2016,
OPTSTK,ENGINERSIN,25-Aug-2016,215,PE,1,1,1,1,1,1,7.56,7000,0,17-AUG-2016,
OPTSTK,ENGINERSIN,25-Aug-2016,220,PE,2,2.8,1.55,2.05,2.05,13,101.1,56000,10500,17-AUG-2016,
OPTSTK,ENGINERSIN,25-Aug-2016,225,PE,4,4,3,3.2,3.2,8,64.03,35000,14000,17-AUG-2016,
OPTSTK,ENGINERSIN,25-Aug-2016,230,PE,6.6,7,5.6,6.1,6.1,5,41.38,21000,7000,17-AUG-2016,
OPTSTK,ENGINERSIN,25-Aug-2016,235,PE,0,0,0,13.15,9.4,0,0,10500,0,17-AUG-2016,
OPTSTK,ENGINERSIN,25-Aug-2016,240,PE,0,0,0,55.15,13.15,0,0,0,0,17-AUG-2016,
OPTSTK,ENGINERSIN,25-Aug-2016,245,PE,0,0,0,59.75,17.4,0,0,0,0,17-AUG-2016,
OPTSTK,ENGINERSIN,25-Aug-2016,250,PE,0,0,0,64.4,21.95,0,0,0,0,17-AUG-2016,
OPTSTK,ENGINERSIN,25-Aug-2016,255,PE,0,0,0,68.05,26.7,0,0,0,0,17-AUG-2016,
OPTSTK,ENGINERSIN,25-Aug-2016,260,PE,0,0,0,61.4,31.6,0,0,0,0,17-AUG-2016,
OPTSTK,ENGINERSIN,25-Aug-2016,265,PE,0,0,0,66.1,36.55,0,0,0,0,17-AUG-2016,
OPTSTK,ENGINERSIN,25-Aug-2016,270,PE,0,0,0,66.3,41.55,0,0,0,0,17-AUG-2016,
OPTSTK,ENGINERSIN,29-Sep-2016,125,CE,0,0,0,80.95,104.15,0,0,0,0,17-AUG-2016,
OPTSTK,ENGINERSIN,29-Sep-2016,130,CE,0,0,0,76,99.15,0,0,0,0,17-AUG-2016,
OPTSTK,ENGINERSIN,29-Sep-2016,135,CE,0,0,0,71.1,94.2,0,0,0,0,17-AUG-2016,
OPTSTK,ENGINERSIN,29-Sep-2016,140,CE,0,0,0,66.25,89.25,0,0,0,0,17-AUG-2016,
OPTSTK,ENGINERSIN,29-Sep-2016,145,CE,0,0,0,61.35,84.3,0,0,0,0,17-AUG-2016,
OPTSTK,ENGINERSIN,29-Sep-2016,150,CE,0,0,0,56.5,79.35,0,0,0,0,17-AUG-2016,
OPTSTK,ENGINERSIN,29-Sep-2016,155,CE,0,0,0,51.75,74.4,0,0,0,0,17-AUG-2016,
OPTSTK,ENGINERSIN,29-Sep-2016,160,CE,0,0,0,47,69.45,0,0,0,0,17-AUG-2016,
OPTSTK,ENGINERSIN,29-Sep-2016,165,CE,0,0,0,42.4,64.55,0,0,0,0,17-AUG-2016,
OPTSTK,ENGINERSIN,29-Sep-2016,170,CE,0,0,0,37.95,59.65,0,0,0,0,17-AUG-2016,
OPTSTK,ENGINERSIN,29-Sep-2016,175,CE,0,0,0,33.65,54.8,0,0,0,0,17-AUG-2016,
OPTSTK,ENGINERSIN,29-Sep-2016,180,CE,0,0,0,29.55,50,0,0,0,0,17-AUG-2016,
OPTSTK,ENGINERSIN,29-Sep-2016,185,CE,0,0,0,25.75,45.3,0,0,0,0,17-AUG-2016,
OPTSTK,ENGINERSIN,29-Sep-2016,190,CE,0,0,0,22.2,40.75,0,0,0,0,17-AUG-2016,
OPTSTK,ENGINERSIN,29-Sep-2016,195,CE,0,0,0,18.9,36.35,0,0,0,0,17-AUG-2016,
OPTSTK,ENGINERSIN,29-Sep-2016,200,CE,0,0,0,16,32.1,0,0,0,0,17-AUG-2016,
OPTSTK,ENGINERSIN,29-Sep-2016,205,CE,0,0,0,13.35,28.15,0,0,0,0,17-AUG-2016,
OPTSTK,ENGINERSIN,29-Sep-2016,210,CE,0,0,0,11.05,24.4,0,0,0,0,17-AUG-2016,
OPTSTK,ENGINERSIN,29-Sep-2016,215,CE,0,0,0,9.05,20.95,0,0,0,0,17-AUG-2016,
OPTSTK,ENGINERSIN,29-Sep-2016,220,CE,0,0,0,7.35,17.85,0,0,0,0,17-AUG-2016,
OPTSTK,ENGINERSIN,29-Sep-2016,225,CE,0,0,0,5.9,15,0,0,0,0,17-AUG-2016,
OPTSTK,ENGINERSIN,29-Sep-2016,230,CE,0,0,0,3.85,12.55,0,0,7000,0,17-AUG-2016,
OPTSTK,ENGINERSIN,29-Sep-2016,235,CE,0,0,0,5,10.35,0,0,7000,0,17-AUG-2016,
OPTSTK,ENGINERSIN,29-Sep-2016,240,CE,0,0,0,4.35,8.45,0,0,3500,0,17-AUG-2016,
OPTSTK,ENGINERSIN,29-Sep-2016,245,CE,0,0,0,2.25,6.85,0,0,0,0,17-AUG-2016,
OPTSTK,ENGINERSIN,29-Sep-2016,250,CE,0,0,0,1.75,5.5,0,0,0,0,17-AUG-2016,
OPTSTK,ENGINERSIN,29-Sep-2016,255,CE,0,0,0,1.35,4.35,0,0,0,0,17-AUG-2016,
OPTSTK,ENGINERSIN,29-Sep-2016,260,CE,0,0,0,1,3.45,0,0,0,0,17-AUG-2016,
OPTSTK,ENGINERSIN,29-Sep-2016,265,CE,0,0,0,0.75,2.7,0,0,0,0,17-AUG-2016,
OPTSTK,ENGINERSIN,29-Sep-2016,270,CE,0,0,0,0.6,2.05,0,0,0,0,17-AUG-2016,
OPTSTK,ENGINERSIN,29-Sep-2016,125,PE,0,0,0,0.05,0,0,0,0,0,17-AUG-2016,
OPTSTK,ENGINERSIN,29-Sep-2016,130,PE,0,0,0,0.05,0,0,0,0,0,17-AUG-2016,
OPTSTK,ENGINERSIN,29-Sep-2016,135,PE,0,0,0,0.05,0,0,0,0,0,17-AUG-2016,
OPTSTK,ENGINERSIN,29-Sep-2016,140,PE,0,0,0,0.05,0,0,0,0,0,17-AUG-2016,
OPTSTK,ENGINERSIN,29-Sep-2016,145,PE,0,0,0,0.1,0,0,0,0,0,17-AUG-2016,
OPTSTK,ENGINERSIN,29-Sep-2016,150,PE,0,0,0,0.15,0.05,0,0,0,0,17-AUG-2016,
OPTSTK,ENGINERSIN,29-Sep-2016,155,PE,0,0,0,0.3,0.05,0,0,0,0,17-AUG-2016,
OPTSTK,ENGINERSIN,29-Sep-2016,160,PE,0,0,0,0.5,0.05,0,0,0,0,17-AUG-2016,
OPTSTK,ENGINERSIN,29-Sep-2016,165,PE,0,0,0,0.8,0.1,0,0,0,0,17-AUG-2016,
OPTSTK,ENGINERSIN,29-Sep-2016,170,PE,0,0,0,1.25,0.15,0,0,0,0,17-AUG-2016,
OPTSTK,ENGINERSIN,29-Sep-2016,175,PE,0,0,0,1.85,0.25,0,0,0,0,17-AUG-2016,
OPTSTK,ENGINERSIN,29-Sep-2016,180,PE,0,0,0,2.7,0.45,0,0,0,0,17-AUG-2016,
OPTSTK,ENGINERSIN,29-Sep-2016,185,PE,0,0,0,3.75,0.7,0,0,0,0,17-AUG-2016,
OPTSTK,ENGINERSIN,29-Sep-2016,190,PE,0,0,0,5.1,1.1,0,0,0,0,17-AUG-2016,
OPTSTK,ENGINERSIN,29-Sep-2016,195,PE,0,0,0,6.8,1.65,0,0,0,0,17-AUG-2016,
OPTSTK,ENGINERSIN,29-Sep-2016,200,PE,0,0,0,8.75,2.4,0,0,0,0,17-AUG-2016,
OPTSTK,ENGINERSIN,29-Sep-2016,205,PE,0,0,0,11.05,3.4,0,0,0,0,17-AUG-2016,
OPTSTK,ENGINERSIN,29-Sep-2016,210,PE,0,0,0,13.65,4.6,0,0,0,0,17-AUG-2016,
OPTSTK,ENGINERSIN,29-Sep-2016,215,PE,0,0,0,16.55,6.15,0,0,0,0,17-AUG-2016,
OPTSTK,ENGINERSIN,29-Sep-2016,220,PE,0,0,0,19.8,7.95,0,0,0,0,17-AUG-2016,
OPTSTK,ENGINERSIN,29-Sep-2016,225,PE,0,0,0,23.25,10.1,0,0,0,0,17-AUG-2016,
OPTSTK,ENGINERSIN,29-Sep-2016,230,PE,0,0,0,26.95,12.55,0,0,0,0,17-AUG-2016,
OPTSTK,ENGINERSIN,29-Sep-2016,235,PE,0,0,0,30.9,15.35,0,0,0,0,17-AUG-2016,
OPTSTK,ENGINERSIN,29-Sep-2016,240,PE,0,0,0,35,18.4,0,0,0,0,17-AUG-2016,
OPTSTK,ENGINERSIN,29-Sep-2016,245,PE,0,0,0,39.25,21.75,0,0,0,0,17-AUG-2016,
OPTSTK,ENGINERSIN,29-Sep-2016,250,PE,0,0,0,43.65,25.35,0,0,0,0,17-AUG-2016,
OPTSTK,ENGINERSIN,29-Sep-2016,255,PE,0,0,0,48.15,29.2,0,0,0,0,17-AUG-2016,
OPTSTK,ENGINERSIN,29-Sep-2016,260,PE,0,0,0,52.75,33.25,0,0,0,0,17-AUG-2016,
OPTSTK,ENGINERSIN,29-Sep-2016,265,PE,0,0,0,57.4,37.45,0,0,0,0,17-AUG-2016,
OPTSTK,ENGINERSIN,29-Sep-2016,270,PE,0,0,0,62.1,41.8,0,0,0,0,17-AUG-2016,
OPTSTK,ENGINERSIN,27-Oct-2016,145,CE,0,0,0,82.95,85.1,0,0,0,0,17-AUG-2016,
OPTSTK,ENGINERSIN,27-Oct-2016,150,CE,0,0,0,78.15,80.2,0,0,0,0,17-AUG-2016,
OPTSTK,ENGINERSIN,27-Oct-2016,155,CE,0,0,0,73.4,75.3,0,0,0,0,17-AUG-2016,
OPTSTK,ENGINERSIN,27-Oct-2016,160,CE,0,0,0,68.7,70.5,0,0,0,0,17-AUG-2016,
OPTSTK,ENGINERSIN,27-Oct-2016,165,CE,0,0,0,64.05,65.7,0,0,0,0,17-AUG-2016,
OPTSTK,ENGINERSIN,27-Oct-2016,170,CE,0,0,0,59.5,60.95,0,0,0,0,17-AUG-2016,
OPTSTK,ENGINERSIN,27-Oct-2016,175,CE,0,0,0,55.1,56.3,0,0,0,0,17-AUG-2016,
OPTSTK,ENGINERSIN,27-Oct-2016,180,CE,0,0,0,50.8,51.8,0,0,0,0,17-AUG-2016,
OPTSTK,ENGINERSIN,27-Oct-2016,185,CE,0,0,0,46.65,47.4,0,0,0,0,17-AUG-2016,
OPTSTK,ENGINERSIN,27-Oct-2016,190,CE,0,0,0,42.65,43.1,0,0,0,0,17-AUG-2016,
OPTSTK,ENGINERSIN,27-Oct-2016,195,CE,0,0,0,38.85,39.05,0,0,0,0,17-AUG-2016,
OPTSTK,ENGINERSIN,27-Oct-2016,200,CE,0,0,0,35.25,35.15,0,0,0,0,17-AUG-2016,
OPTSTK,ENGINERSIN,27-Oct-2016,205,CE,0,0,0,31.8,31.5,0,0,0,0,17-AUG-2016,
OPTSTK,ENGINERSIN,27-Oct-2016,210,CE,0,0,0,28.65,28,0,0,0,0,17-AUG-2016,
OPTSTK,ENGINERSIN,27-Oct-2016,215,CE,0,0,0,25.65,24.8,0,0,0,0,17-AUG-2016,
OPTSTK,ENGINERSIN,27-Oct-2016,220,CE,0,0,0,22.9,21.85,0,0,0,0,17-AUG-2016,
OPTSTK,ENGINERSIN,27-Oct-2016,225,CE,0,0,0,20.35,19.15,0,0,0,0,17-AUG-2016,
OPTSTK,ENGINERSIN,27-Oct-2016,230,CE,0,0,0,18,16.65,0,0,0,0,17-AUG-2016,
OPTSTK,ENGINERSIN,27-Oct-2016,235,CE,0,0,0,15.9,14.4,0,0,0,0,17-AUG-2016,
OPTSTK,ENGINERSIN,27-Oct-2016,240,CE,0,0,0,13.95,12.45,0,0,0,0,17-AUG-2016,
OPTSTK,ENGINERSIN,27-Oct-2016,245,CE,0,0,0,12.25,10.65,0,0,0,0,17-AUG-2016,
OPTSTK,ENGINERSIN,27-Oct-2016,250,CE,0,0,0,10.7,9.1,0,0,0,0,17-AUG-2016,
OPTSTK,ENGINERSIN,27-Oct-2016,255,CE,0,0,0,9.3,7.7,0,0,0,0,17-AUG-2016,
OPTSTK,ENGINERSIN,27-Oct-2016,260,CE,0,0,0,8.05,6.5,0,0,0,0,17-AUG-2016,
OPTSTK,ENGINERSIN,27-Oct-2016,265,CE,0,0,0,7,5.5,0,0,0,0,17-AUG-2016,
OPTSTK,ENGINERSIN,27-Oct-2016,270,CE,0,0,0,6,4.6,0,0,0,0,17-AUG-2016,
OPTSTK,ENGINERSIN,27-Oct-2016,145,PE,0,0,0,0.2,0.05,0,0,0,0,17-AUG-2016,
OPTSTK,ENGINERSIN,27-Oct-2016,150,PE,0,0,0,0.3,0.1,0,0,0,0,17-AUG-2016,
OPTSTK,ENGINERSIN,27-Oct-2016,155,PE,0,0,0,0.4,0.15,0,0,0,0,17-AUG-2016,
OPTSTK,ENGINERSIN,27-Oct-2016,160,PE,0,0,0,0.65,0.25,0,0,0,0,17-AUG-2016,
OPTSTK,ENGINERSIN,27-Oct-2016,165,PE,0,0,0,0.9,0.4,0,0,0,0,17-AUG-2016,
OPTSTK,ENGINERSIN,27-Oct-2016,170,PE,0,0,0,1.3,0.6,0,0,0,0,17-AUG-2016,
OPTSTK,ENGINERSIN,27-Oct-2016,175,PE,0,0,0,1.75,0.9,0,0,0,0,17-AUG-2016,
OPTSTK,ENGINERSIN,27-Oct-2016,180,PE,0,0,0,2.4,1.3,0,0,0,0,17-AUG-2016,
OPTSTK,ENGINERSIN,27-Oct-2016,185,PE,0,0,0,3.15,1.8,0,0,0,0,17-AUG-2016,
OPTSTK,ENGINERSIN,27-Oct-2016,190,PE,0,0,0,4.1,2.5,0,0,0,0,17-AUG-2016,
OPTSTK,ENGINERSIN,27-Oct-2016,195,PE,0,0,0,5.2,3.35,0,0,0,0,17-AUG-2016,
OPTSTK,ENGINERSIN,27-Oct-2016,200,PE,0,0,0,6.5,4.4,0,0,0,0,17-AUG-2016,
OPTSTK,ENGINERSIN,27-Oct-2016,205,PE,0,0,0,8,5.65,0,0,0,0,17-AUG-2016,
OPTSTK,ENGINERSIN,27-Oct-2016,210,PE,0,0,0,9.7,7.1,0,0,0,0,17-AUG-2016,
OPTSTK,ENGINERSIN,27-Oct-2016,215,PE,0,0,0,11.65,8.85,0,0,0,0,17-AUG-2016,
OPTSTK,ENGINERSIN,27-Oct-2016,220,PE,0,0,0,13.8,10.8,0,0,0,0,17-AUG-2016,
OPTSTK,ENGINERSIN,27-Oct-2016,225,PE,0,0,0,16.2,13.05,0,0,0,0,17-AUG-2016,
OPTSTK,ENGINERSIN,27-Oct-2016,230,PE,0,0,0,18.75,15.5,0,0,0,0,17-AUG-2016,
OPTSTK,ENGINERSIN,27-Oct-2016,235,PE,0,0,0,21.55,18.2,0,0,0,0,17-AUG-2016,
OPTSTK,ENGINERSIN,27-Oct-2016,240,PE,0,0,0,24.55,21.15,0,0,0,0,17-AUG-2016,
OPTSTK,ENGINERSIN,27-Oct-2016,245,PE,0,0,0,27.7,24.3,0,0,0,0,17-AUG-2016,
OPTSTK,ENGINERSIN,27-Oct-2016,250,PE,0,0,0,31.1,27.65,0,0,0,0,17-AUG-2016,
OPTSTK,ENGINERSIN,27-Oct-2016,255,PE,0,0,0,34.6,31.2,0,0,0,0,17-AUG-2016,
OPTSTK,ENGINERSIN,27-Oct-2016,260,PE,0,0,0,38.3,34.95,0,0,0,0,17-AUG-2016,
OPTSTK,ENGINERSIN,27-Oct-2016,265,PE,0,0,0,42.15,38.85,0,0,0,0,17-AUG-2016,
OPTSTK,ENGINERSIN,27-Oct-2016,270,PE,0,0,0,46.05,42.9,0,0,0,0,17-AUG-2016,
OPTSTK,EXIDEIND,25-Aug-2016,95,CE,0,0,0,62.75,81.15,0,0,0,0,17-AUG-2016,
OPTSTK,EXIDEIND,25-Aug-2016,100,CE,0,0,0,57.85,76.15,0,0,0,0,17-AUG-2016,
OPTSTK,EXIDEIND,25-Aug-2016,105,CE,0,0,0,52.95,71.2,0,0,0,0,17-AUG-2016,
OPTSTK,EXIDEIND,25-Aug-2016,110,CE,0,0,0,48.1,66.2,0,0,0,0,17-AUG-2016,
OPTSTK,EXIDEIND,25-Aug-2016,115,CE,0,0,0,43.3,61.2,0,0,0,0,17-AUG-2016,
OPTSTK,EXIDEIND,25-Aug-2016,120,CE,0,0,0,38.55,56.2,0,0,0,0,17-AUG-2016,
OPTSTK,EXIDEIND,25-Aug-2016,125,CE,0,0,0,33.95,51.2,0,0,0,0,17-AUG-2016,
OPTSTK,EXIDEIND,25-Aug-2016,130,CE,0,0,0,29.5,46.2,0,0,0,0,17-AUG-2016,
OPTSTK,EXIDEIND,25-Aug-2016,135,CE,0,0,0,25.3,41.2,0,0,0,0,17-AUG-2016,
OPTSTK,EXIDEIND,25-Aug-2016,140,CE,0,0,0,39.05,36.25,0,0,4000,0,17-AUG-2016,
OPTSTK,EXIDEIND,25-Aug-2016,145,CE,0,0,0,28.5,31.25,0,0,12000,0,17-AUG-2016,
OPTSTK,EXIDEIND,25-Aug-2016,150,CE,0,0,0,23,26.25,0,0,4000,0,17-AUG-2016,
OPTSTK,EXIDEIND,25-Aug-2016,155,CE,21,21,21,21,21,1,7.04,0,-4000,17-AUG-2016,
OPTSTK,EXIDEIND,25-Aug-2016,160,CE,0,0,0,9.4,16.3,0,0,0,0,17-AUG-2016,
OPTSTK,EXIDEIND,25-Aug-2016,165,CE,0,0,0,10.2,11.45,0,0,8000,0,17-AUG-2016,
OPTSTK,EXIDEIND,25-Aug-2016,170,CE,7.9,8,7.9,7.95,7.95,2,14.23,32000,-4000,17-AUG-2016,
OPTSTK,EXIDEIND,25-Aug-2016,175,CE,3.95,5.25,3.95,4.95,4.95,62,445.41,408000,0,17-AUG-2016,
OPTSTK,EXIDEIND,25-Aug-2016,180,CE,2.15,3,2,2.8,2.8,244,1781.75,1312000,104000,17-AUG-2016,
OPTSTK,EXIDEIND,25-Aug-2016,185,CE,1.3,1.6,1,1.45,1.45,49,365.12,528000,12000,17-AUG-2016,
OPTSTK,EXIDEIND,25-Aug-2016,190,CE,0.55,0.85,0.5,0.7,0.7,50,381.32,624000,-48000,17-AUG-2016,
OPTSTK,EXIDEIND,25-Aug-2016,195,CE,0.4,0.5,0.35,0.4,0.4,4,31.26,80000,-4000,17-AUG-2016,
OPTSTK,EXIDEIND,25-Aug-2016,200,CE,0.25,0.35,0.2,0.2,0.2,11,88.11,204000,-4000,17-AUG-2016,
OPTSTK,EXIDEIND,25-Aug-2016,205,CE,0,0,0,0.6,0,0,0,0,0,17-AUG-2016,
OPTSTK,EXIDEIND,25-Aug-2016,210,CE,0,0,0,0.2,0,0,0,40000,0,17-AUG-2016,
OPTSTK,EXIDEIND,25-Aug-2016,215,CE,0,0,0,0.2,0,0,0,20000,0,17-AUG-2016,
OPTSTK,EXIDEIND,25-Aug-2016,95,PE,0,0,0,0.05,0,0,0,0,0,17-AUG-2016,
OPTSTK,EXIDEIND,25-Aug-2016,100,PE,0,0,0,0.05,0,0,0,0,0,17-AUG-2016,
OPTSTK,EXIDEIND,25-Aug-2016,105,PE,0,0,0,0.05,0,0,0,0,0,17-AUG-2016,
OPTSTK,EXIDEIND,25-Aug-2016,110,PE,0,0,0,0.1,0,0,0,0,0,17-AUG-2016,
OPTSTK,EXIDEIND,25-Aug-2016,115,PE,0,0,0,0.2,0,0,0,0,0,17-AUG-2016,
OPTSTK,EXIDEIND,25-Aug-2016,120,PE,0,0,0,0.35,0,0,0,0,0,17-AUG-2016,
OPTSTK,EXIDEIND,25-Aug-2016,125,PE,0,0,0,0.65,0,0,0,0,0,17-AUG-2016,
OPTSTK,EXIDEIND,25-Aug-2016,130,PE,0,0,0,1.15,0,0,0,0,0,17-AUG-2016,
OPTSTK,EXIDEIND,25-Aug-2016,135,PE,0,0,0,1.85,0,0,0,0,0,17-AUG-2016,
OPTSTK,EXIDEIND,25-Aug-2016,140,PE,0,0,0,2.85,0,0,0,0,0,17-AUG-2016,
OPTSTK,EXIDEIND,25-Aug-2016,145,PE,0,0,0,0.2,0,0,0,20000,0,17-AUG-2016,
OPTSTK,EXIDEIND,25-Aug-2016,150,PE,0,0,0,0.1,0,0,0,16000,0,17-AUG-2016,
OPTSTK,EXIDEIND,25-Aug-2016,155,PE,0,0,0,8,0,0,0,0,0,17-AUG-2016,
OPTSTK,EXIDEIND,25-Aug-2016,160,PE,0.15,0.15,0.1,0.15,0.15,3,19.21,96000,-4000,17-AUG-2016,
OPTSTK,EXIDEIND,25-Aug-2016,165,PE,0.6,0.7,0.3,0.4,0.4,16,105.93,244000,-4000,17-AUG-2016,
OPTSTK,EXIDEIND,25-Aug-2016,170,PE,1.35,1.8,1.15,1.25,1.25,48,329.22,428000,64000,17-AUG-2016,
OPTSTK,EXIDEIND,25-Aug-2016,175,PE,3.75,3.75,2.9,3.1,3.1,11,78.42,120000,-8000,17-AUG-2016,
OPTSTK,EXIDEIND,25-Aug-2016,180,PE,6,6,5.7,5.85,5.85,4,29.73,124000,-8000,17-AUG-2016,
OPTSTK,EXIDEIND,25-Aug-2016,185,PE,0,0,0,11.7,9.2,0,0,12000,0,17-AUG-2016,
OPTSTK,EXIDEIND,25-Aug-2016,190,PE,0,0,0,14.7,13.85,0,0,20000,0,17-AUG-2016,
OPTSTK,EXIDEIND,25-Aug-2016,195,PE,0,0,0,22.7,18.75,0,0,8000,0,17-AUG-2016,
OPTSTK,EXIDEIND,25-Aug-2016,200,PE,0,0,0,22.9,23.7,0,0,4000,0,17-AUG-2016,
OPTSTK,EXIDEIND,25-Aug-2016,205,PE,0,0,0,45.95,28.7,0,0,0,0,17-AUG-2016,
OPTSTK,EXIDEIND,25-Aug-2016,210,PE,0,0,0,50.7,33.7,0,0,0,0,17-AUG-2016,
OPTSTK,EXIDEIND,25-Aug-2016,215,PE,0,0,0,42.05,38.7,0,0,16000,0,17-AUG-2016,
OPTSTK,EXIDEIND,29-Sep-2016,100,CE,0,0,0,71.1,76.85,0,0,0,0,17-AUG-2016,
OPTSTK,EXIDEIND,29-Sep-2016,105,CE,0,0,0,66.2,71.85,0,0,0,0,17-AUG-2016,
OPTSTK,EXIDEIND,29-Sep-2016,110,CE,0,0,0,61.25,66.9,0,0,0,0,17-AUG-2016,
OPTSTK,EXIDEIND,29-Sep-2016,115,CE,0,0,0,56.35,61.95,0,0,0,0,17-AUG-2016,
OPTSTK,EXIDEIND,29-Sep-2016,120,CE,0,0,0,51.5,57,0,0,0,0,17-AUG-2016,
OPTSTK,EXIDEIND,29-Sep-2016,125,CE,0,0,0,46.6,52.05,0,0,0,0,17-AUG-2016,
OPTSTK,EXIDEIND,29-Sep-2016,130,CE,0,0,0,41.8,47.05,0,0,0,0,17-AUG-2016,
OPTSTK,EXIDEIND,29-Sep-2016,135,CE,0,0,0,37.1,42.1,0,0,0,0,17-AUG-2016,
OPTSTK,EXIDEIND,29-Sep-2016,140,CE,0,0,0,32.5,37.2,0,0,0,0,17-AUG-2016,
OPTSTK,EXIDEIND,29-Sep-2016,145,CE,0,0,0,28.1,32.3,0,0,0,0,17-AUG-2016,
OPTSTK,EXIDEIND,29-Sep-2016,150,CE,0,0,0,25,27.5,0,0,4000,0,17-AUG-2016,
OPTSTK,EXIDEIND,29-Sep-2016,155,CE,23,23,23,23,23,2,14.24,12000,8000,17-AUG-2016,
OPTSTK,EXIDEIND,29-Sep-2016,160,CE,0,0,0,16.65,18.5,0,0,0,0,17-AUG-2016,
OPTSTK,EXIDEIND,29-Sep-2016,165,CE,0,0,0,13.55,14.5,0,0,0,0,17-AUG-2016,
OPTSTK,EXIDEIND,29-Sep-2016,170,CE,0,0,0,12,11,0,0,4000,0,17-AUG-2016,
OPTSTK,EXIDEIND,29-Sep-2016,175,CE,0,0,0,8.55,8.05,0,0,0,0,17-AUG-2016,
OPTSTK,EXIDEIND,29-Sep-2016,180,CE,6.25,6.5,6.25,6.5,6.5,2,14.91,8000,8000,17-AUG-2016,
OPTSTK,EXIDEIND,29-Sep-2016,185,CE,0,0,0,5.05,3.8,0,0,0,0,17-AUG-2016,
OPTSTK,EXIDEIND,29-Sep-2016,190,CE,3.5,3.5,3.5,3.5,3.5,1,7.74,4000,4000,17-AUG-2016,
OPTSTK,EXIDEIND,29-Sep-2016,195,CE,0,0,0,2.8,1.55,0,0,0,0,17-AUG-2016,
OPTSTK,EXIDEIND,29-Sep-2016,200,CE,0,0,0,2.05,0.95,0,0,0,0,17-AUG-2016,
OPTSTK,EXIDEIND,29-Sep-2016,205,CE,0,0,0,1.5,0.55,0,0,0,0,17-AUG-2016,
OPTSTK,EXIDEIND,29-Sep-2016,210,CE,0,0,0,1.05,0.3,0,0,0,0,17-AUG-2016,
OPTSTK,EXIDEIND,29-Sep-2016,215,CE,0,0,0,0.75,0.2,0,0,0,0,17-AUG-2016,
OPTSTK,EXIDEIND,29-Sep-2016,100,PE,0,0,0,0.05,0,0,0,0,0,17-AUG-2016,
OPTSTK,EXIDEIND,29-Sep-2016,105,PE,0,0,0,0.05,0,0,0,0,0,17-AUG-2016,
OPTSTK,EXIDEIND,29-Sep-2016,110,PE,0,0,0,0.05,0,0,0,0,0,17-AUG-2016,
OPTSTK,EXIDEIND,29-Sep-2016,115,PE,0,0,0,0.05,0,0,0,0,0,17-AUG-2016,
OPTSTK,EXIDEIND,29-Sep-2016,120,PE,0,0,0,0.05,0,0,0,0,0,17-AUG-2016,
OPTSTK,EXIDEIND,29-Sep-2016,125,PE,0,0,0,0.1,0,0,0,0,0,17-AUG-2016,
OPTSTK,EXIDEIND,29-Sep-2016,130,PE,0,0,0,0.2,0,0,0,0,0,17-AUG-2016,
OPTSTK,EXIDEIND,29-Sep-2016,135,PE,0,0,0,0.4,0.05,0,0,0,0,17-AUG-2016,
OPTSTK,EXIDEIND,29-Sep-2016,140,PE,0,0,0,0.75,0.05,0,0,0,0,17-AUG-2016,
OPTSTK,EXIDEIND,29-Sep-2016,145,PE,0,0,0,1.25,0.1,0,0,0,0,17-AUG-2016,
OPTSTK,EXIDEIND,29-Sep-2016,150,PE,0,0,0,2.05,0.3,0,0,0,0,17-AUG-2016,
OPTSTK,EXIDEIND,29-Sep-2016,155,PE,0,0,0,0.95,0.6,0,0,8000,0,17-AUG-2016,
OPTSTK,EXIDEIND,29-Sep-2016,160,PE,0,0,0,3,1.2,0,0,8000,0,17-AUG-2016,
OPTSTK,EXIDEIND,29-Sep-2016,165,PE,3,3,3,3,3,2,13.44,12000,8000,17-AUG-2016,
OPTSTK,EXIDEIND,29-Sep-2016,170,PE,0,0,0,8.55,3.6,0,0,0,0,17-AUG-2016,
OPTSTK,EXIDEIND,29-Sep-2016,175,PE,0,0,0,11.15,5.6,0,0,0,0,17-AUG-2016,
OPTSTK,EXIDEIND,29-Sep-2016,180,PE,0,0,0,9.9,8.2,0,0,4000,0,17-AUG-2016,
OPTSTK,EXIDEIND,29-Sep-2016,185,PE,0,0,0,17.45,11.35,0,0,0,0,17-AUG-2016,
OPTSTK,EXIDEIND,29-Sep-2016,190,PE,0,0,0,21.15,14.95,0,0,0,0,17-AUG-2016,
OPTSTK,EXIDEIND,29-Sep-2016,195,PE,0,0,0,25.05,19,0,0,0,0,17-AUG-2016,
OPTSTK,EXIDEIND,29-Sep-2016,200,PE,0,0,0,29.2,23.35,0,0,0,0,17-AUG-2016,
OPTSTK,EXIDEIND,29-Sep-2016,205,PE,0,0,0,33.55,27.9,0,0,0,0,17-AUG-2016,
OPTSTK,EXIDEIND,29-Sep-2016,210,PE,0,0,0,38.05,32.6,0,0,0,0,17-AUG-2016,
OPTSTK,EXIDEIND,29-Sep-2016,215,PE,0,0,0,42.65,37.45,0,0,0,0,17-AUG-2016,
OPTSTK,EXIDEIND,27-Oct-2016,105,CE,0,0,0,73.55,72.4,0,0,0,0,17-AUG-2016,
OPTSTK,EXIDEIND,27-Oct-2016,110,CE,0,0,0,68.6,67.5,0,0,0,0,17-AUG-2016,
OPTSTK,EXIDEIND,27-Oct-2016,115,CE,0,0,0,63.75,62.55,0,0,0,0,17-AUG-2016,
OPTSTK,EXIDEIND,27-Oct-2016,120,CE,0,0,0,58.85,57.6,0,0,0,0,17-AUG-2016,
OPTSTK,EXIDEIND,27-Oct-2016,125,CE,0,0,0,54.05,52.7,0,0,0,0,17-AUG-2016,
OPTSTK,EXIDEIND,27-Oct-2016,130,CE,0,0,0,49.25,47.8,0,0,0,0,17-AUG-2016,
OPTSTK,EXIDEIND,27-Oct-2016,135,CE,0,0,0,44.55,42.9,0,0,0,0,17-AUG-2016,
OPTSTK,EXIDEIND,27-Oct-2016,140,CE,0,0,0,40,38.05,0,0,0,0,17-AUG-2016,
OPTSTK,EXIDEIND,27-Oct-2016,145,CE,0,0,0,35.6,33.35,0,0,0,0,17-AUG-2016,
OPTSTK,EXIDEIND,27-Oct-2016,150,CE,0,0,0,31.4,28.75,0,0,0,0,17-AUG-2016,
OPTSTK,EXIDEIND,27-Oct-2016,155,CE,0,0,0,27.4,24.4,0,0,0,0,17-AUG-2016,
OPTSTK,EXIDEIND,27-Oct-2016,160,CE,0,0,0,23.7,20.3,0,0,0,0,17-AUG-2016,
OPTSTK,EXIDEIND,27-Oct-2016,165,CE,0,0,0,20.3,16.6,0,0,0,0,17-AUG-2016,
OPTSTK,EXIDEIND,27-Oct-2016,170,CE,0,0,0,17.25,13.3,0,0,0,0,17-AUG-2016,
OPTSTK,EXIDEIND,27-Oct-2016,175,CE,0,0,0,14.45,10.4,0,0,0,0,17-AUG-2016,
OPTSTK,EXIDEIND,27-Oct-2016,180,CE,0,0,0,12.05,8,0,0,0,0,17-AUG-2016,
OPTSTK,EXIDEIND,27-Oct-2016,185,CE,0,0,0,9.9,6,0,0,0,0,17-AUG-2016,
OPTSTK,EXIDEIND,27-Oct-2016,190,CE,0,0,0,8.1,4.4,0,0,0,0,17-AUG-2016,
OPTSTK,EXIDEIND,27-Oct-2016,195,CE,0,0,0,6.55,3.2,0,0,0,0,17-AUG-2016,
OPTSTK,EXIDEIND,27-Oct-2016,200,CE,0,0,0,5.25,2.25,0,0,0,0,17-AUG-2016,
OPTSTK,EXIDEIND,27-Oct-2016,205,CE,0,0,0,4.2,1.55,0,0,0,0,17-AUG-2016,
OPTSTK,EXIDEIND,27-Oct-2016,210,CE,0,0,0,3.3,1.05,0,0,0,0,17-AUG-2016,
OPTSTK,EXIDEIND,27-Oct-2016,215,CE,0,0,0,2.6,0.7,0,0,0,0,17-AUG-2016,
OPTSTK,EXIDEIND,27-Oct-2016,105,PE,0,0,0,0.05,0,0,0,0,0,17-AUG-2016,
OPTSTK,EXIDEIND,27-Oct-2016,110,PE,0,0,0,0.05,0,0,0,0,0,17-AUG-2016,
OPTSTK,EXIDEIND,27-Oct-2016,115,PE,0,0,0,0.05,0,0,0,0,0,17-AUG-2016,
OPTSTK,EXIDEIND,27-Oct-2016,120,PE,0,0,0,0.1,0,0,0,0,0,17-AUG-2016,
OPTSTK,EXIDEIND,27-Oct-2016,125,PE,0,0,0,0.2,0.05,0,0,0,0,17-AUG-2016,
OPTSTK,EXIDEIND,27-Oct-2016,130,PE,0,0,0,0.3,0.05,0,0,0,0,17-AUG-2016,
OPTSTK,EXIDEIND,27-Oct-2016,135,PE,0,0,0,0.55,0.1,0,0,0,0,17-AUG-2016,
OPTSTK,EXIDEIND,27-Oct-2016,140,PE,0,0,0,0.9,0.2,0,0,0,0,17-AUG-2016,
OPTSTK,EXIDEIND,27-Oct-2016,145,PE,0,0,0,1.4,0.4,0,0,0,0,17-AUG-2016,
OPTSTK,EXIDEIND,27-Oct-2016,150,PE,0,0,0,2.1,0.75,0,0,0,0,17-AUG-2016,
OPTSTK,EXIDEIND,27-Oct-2016,155,PE,0,0,0,3.05,1.35,0,0,0,0,17-AUG-2016,
OPTSTK,EXIDEIND,27-Oct-2016,160,PE,0,0,0,4.25,2.2,0,0,0,0,17-AUG-2016,
OPTSTK,EXIDEIND,27-Oct-2016,165,PE,0,0,0,5.8,3.4,0,0,0,0,17-AUG-2016,
OPTSTK,EXIDEIND,27-Oct-2016,170,PE,0,0,0,7.6,5,0,0,0,0,17-AUG-2016,
OPTSTK,EXIDEIND,27-Oct-2016,175,PE,0,0,0,9.75,7.1,0,0,0,0,17-AUG-2016,
OPTSTK,EXIDEIND,27-Oct-2016,180,PE,0,0,0,12.25,9.6,0,0,0,0,17-AUG-2016,
OPTSTK,EXIDEIND,27-Oct-2016,185,PE,0,0,0,15.05,12.55,0,0,0,0,17-AUG-2016,
OPTSTK,EXIDEIND,27-Oct-2016,190,PE,0,0,0,18.15,15.9,0,0,0,0,17-AUG-2016,
OPTSTK,EXIDEIND,27-Oct-2016,195,PE,0,0,0,21.5,19.6,0,0,0,0,17-AUG-2016,
OPTSTK,EXIDEIND,27-Oct-2016,200,PE,0,0,0,25.1,23.6,0,0,0,0,17-AUG-2016,
OPTSTK,EXIDEIND,27-Oct-2016,205,PE,0,0,0,28.95,27.85,0,0,0,0,17-AUG-2016,
OPTSTK,EXIDEIND,27-Oct-2016,210,PE,0,0,0,33,32.25,0,0,0,0,17-AUG-2016,
OPTSTK,EXIDEIND,27-Oct-2016,215,PE,0,0,0,37.2,36.85,0,0,0,0,17-AUG-2016,
OPTSTK,FEDERALBNK,25-Aug-2016,30,CE,0,0,0,23.3,34.3,0,0,0,0,17-AUG-2016,
OPTSTK,FEDERALBNK,25-Aug-2016,32.5,CE,0,0,0,20.85,31.8,0,0,0,0,17-AUG-2016,
OPTSTK,FEDERALBNK,25-Aug-2016,35,CE,0,0,0,18.45,29.3,0,0,0,0,17-AUG-2016,
OPTSTK,FEDERALBNK,25-Aug-2016,37.5,CE,0,0,0,16.05,26.85,0,0,0,0,17-AUG-2016,
OPTSTK,FEDERALBNK,25-Aug-2016,40,CE,0,0,0,13.75,24.35,0,0,0,0,17-AUG-2016,
OPTSTK,FEDERALBNK,25-Aug-2016,42.5,CE,0,0,0,11.55,21.85,0,0,0,0,17-AUG-2016,
OPTSTK,FEDERALBNK,25-Aug-2016,45,CE,0,0,0,9.55,19.35,0,0,0,0,17-AUG-2016,
OPTSTK,FEDERALBNK,25-Aug-2016,47.5,CE,0,0,0,7.7,16.85,0,0,0,0,17-AUG-2016,
OPTSTK,FEDERALBNK,25-Aug-2016,50,CE,0,0,0,6.1,14.35,0,0,0,0,17-AUG-2016,
OPTSTK,FEDERALBNK,25-Aug-2016,52.5,CE,0,0,0,4.75,11.85,0,0,0,0,17-AUG-2016,
OPTSTK,FEDERALBNK,25-Aug-2016,55,CE,0,0,0,3.6,9.35,0,0,0,0,17-AUG-2016,
OPTSTK,FEDERALBNK,25-Aug-2016,57.5,CE,0,0,0,2.7,6.9,0,0,0,0,17-AUG-2016,
OPTSTK,FEDERALBNK,25-Aug-2016,60,CE,0,0,0,4.75,4.5,0,0,88000,0,17-AUG-2016,
OPTSTK,FEDERALBNK,25-Aug-2016,62.5,CE,3,3,2.45,2.45,2.45,5,35.88,352000,-22000,17-AUG-2016,
OPTSTK,FEDERALBNK,25-Aug-2016,65,CE,1.6,1.6,0.95,1.1,1.1,72,524.94,1375000,154000,17-AUG-2016,
OPTSTK,FEDERALBNK,25-Aug-2016,67.5,CE,0.65,0.75,0.45,0.5,0.5,51,381.87,858000,99000,17-AUG-2016,
OPTSTK,FEDERALBNK,25-Aug-2016,70,CE,0.35,0.4,0.2,0.2,0.2,31,239.68,2101000,-88000,17-AUG-2016,
OPTSTK,FEDERALBNK,25-Aug-2016,72.5,CE,0,0,0,0.2,0.05,0,0,154000,0,17-AUG-2016,
OPTSTK,FEDERALBNK,25-Aug-2016,75,CE,0.05,0.1,0.05,0.05,0.05,9,74.31,825000,-55000,17-AUG-2016,
OPTSTK,FEDERALBNK,25-Aug-2016,77.5,CE,0,0,0,0.05,0,0,0,154000,0,17-AUG-2016,
OPTSTK,FEDERALBNK,25-Aug-2016,30,PE,0,0,0,0.05,0,0,0,0,0,17-AUG-2016,
OPTSTK,FEDERALBNK,25-Aug-2016,32.5,PE,0,0,0,0.05,0,0,0,0,0,17-AUG-2016,
OPTSTK,FEDERALBNK,25-Aug-2016,35,PE,0,0,0,0.05,0,0,0,0,0,17-AUG-2016,
OPTSTK,FEDERALBNK,25-Aug-2016,37.5,PE,0,0,0,0.15,0,0,0,0,0,17-AUG-2016,
OPTSTK,FEDERALBNK,25-Aug-2016,40,PE,0,0,0,0.25,0,0,0,22000,0,17-AUG-2016,
OPTSTK,FEDERALBNK,25-Aug-2016,42.5,PE,0,0,0,0.55,0,0,0,0,0,17-AUG-2016,
OPTSTK,FEDERALBNK,25-Aug-2016,45,PE,0,0,0,1,0,0,0,0,0,17-AUG-2016,
OPTSTK,FEDERALBNK,25-Aug-2016,47.5,PE,0,0,0,1.6,0,0,0,0,0,17-AUG-2016,
OPTSTK,FEDERALBNK,25-Aug-2016,50,PE,0,0,0,0.3,0,0,0,33000,0,17-AUG-2016,
OPTSTK,FEDERALBNK,25-Aug-2016,52.5,PE,0,0,0,1.6,0,0,0,22000,0,17-AUG-2016,
OPTSTK,FEDERALBNK,25-Aug-2016,55,PE,0.05,0.05,0.05,0.05,0.05,4,24.22,220000,-44000,17-AUG-2016,
OPTSTK,FEDERALBNK,25-Aug-2016,57.5,PE,0.1,0.15,0.1,0.15,0.15,5,31.69,825000,-55000,17-AUG-2016,
OPTSTK,FEDERALBNK,25-Aug-2016,60,PE,0.2,0.25,0.2,0.2,0.2,16,106.01,902000,0,17-AUG-2016,
OPTSTK,FEDERALBNK,25-Aug-2016,62.5,PE,0.5,0.7,0.5,0.6,0.6,18,124.87,550000,11000,17-AUG-2016,
OPTSTK,FEDERALBNK,25-Aug-2016,65,PE,1.7,1.7,1.5,1.55,1.55,22,160.97,286000,-88000,17-AUG-2016,
OPTSTK,FEDERALBNK,25-Aug-2016,67.5,PE,3.2,3.75,3.2,3.4,3.4,5,39.02,55000,22000,17-AUG-2016,
OPTSTK,FEDERALBNK,25-Aug-2016,70,PE,0,0,0,6.5,5.75,0,0,77000,0,17-AUG-2016,
OPTSTK,FEDERALBNK,25-Aug-2016,72.5,PE,0,0,0,18.8,8.2,0,0,0,0,17-AUG-2016,
OPTSTK,FEDERALBNK,25-Aug-2016,75,PE,0,0,0,11.2,10.65,0,0,330000,0,17-AUG-2016,
OPTSTK,FEDERALBNK,25-Aug-2016,77.5,PE,0,0,0,23.55,13.15,0,0,0,0,17-AUG-2016,
OPTSTK,FEDERALBNK,29-Sep-2016,32.5,CE,0,0,0,25.7,32.05,0,0,0,0,17-AUG-2016,
OPTSTK,FEDERALBNK,29-Sep-2016,35,CE,0,0,0,23.25,29.55,0,0,0,0,17-AUG-2016,
OPTSTK,FEDERALBNK,29-Sep-2016,37.5,CE,0,0,0,20.8,27.05,0,0,0,0,17-AUG-2016,
OPTSTK,FEDERALBNK,29-Sep-2016,40,CE,0,0,0,18.4,24.6,0,0,0,0,17-AUG-2016,
OPTSTK,FEDERALBNK,29-Sep-2016,42.5,CE,0,0,0,16.05,22.1,0,0,0,0,17-AUG-2016,
OPTSTK,FEDERALBNK,29-Sep-2016,45,CE,0,0,0,13.75,19.65,0,0,0,0,17-AUG-2016,
OPTSTK,FEDERALBNK,29-Sep-2016,47.5,CE,0,0,0,11.6,17.15,0,0,0,0,17-AUG-2016,
OPTSTK,FEDERALBNK,29-Sep-2016,50,CE,0,0,0,9.6,14.75,0,0,0,0,17-AUG-2016,
OPTSTK,FEDERALBNK,29-Sep-2016,52.5,CE,0,0,0,7.8,12.35,0,0,0,0,17-AUG-2016,
OPTSTK,FEDERALBNK,29-Sep-2016,55,CE,0,0,0,6.2,10.05,0,0,0,0,17-AUG-2016,
OPTSTK,FEDERALBNK,29-Sep-2016,57.5,CE,0,0,0,4.85,7.95,0,0,0,0,17-AUG-2016,
OPTSTK,FEDERALBNK,29-Sep-2016,60,CE,0,0,0,3.75,6.05,0,0,0,0,17-AUG-2016,
OPTSTK,FEDERALBNK,29-Sep-2016,62.5,CE,0,0,0,2.8,4.45,0,0,0,0,17-AUG-2016,
OPTSTK,FEDERALBNK,29-Sep-2016,65,CE,2.8,2.8,2.8,2.8,2.8,2,14.91,88000,22000,17-AUG-2016,
OPTSTK,FEDERALBNK,29-Sep-2016,67.5,CE,2.4,2.4,2.15,2.15,2.15,2,15.35,55000,11000,17-AUG-2016,
OPTSTK,FEDERALBNK,29-Sep-2016,70,CE,1.35,1.35,1.2,1.2,1.2,4,31.35,66000,44000,17-AUG-2016,
OPTSTK,FEDERALBNK,29-Sep-2016,72.5,CE,0,0,0,0.8,0.9,0,0,0,0,17-AUG-2016,
OPTSTK,FEDERALBNK,29-Sep-2016,75,CE,0.5,0.5,0.5,0.5,0.5,1,8.3,11000,11000,17-AUG-2016,
OPTSTK,FEDERALBNK,29-Sep-2016,77.5,CE,0,0,0,0.4,0.35,0,0,0,0,17-AUG-2016,
OPTSTK,FEDERALBNK,29-Sep-2016,32.5,PE,0,0,0,0.05,0,0,0,0,0,17-AUG-2016,
OPTSTK,FEDERALBNK,29-Sep-2016,35,PE,0,0,0,0.05,0,0,0,0,0,17-AUG-2016,
OPTSTK,FEDERALBNK,29-Sep-2016,37.5,PE,0,0,0,0.05,0,0,0,0,0,17-AUG-2016,
OPTSTK,FEDERALBNK,29-Sep-2016,40,PE,0,0,0,0.1,0,0,0,0,0,17-AUG-2016,
OPTSTK,FEDERALBNK,29-Sep-2016,42.5,PE,0,0,0,0.2,0,0,0,0,0,17-AUG-2016,
OPTSTK,FEDERALBNK,29-Sep-2016,45,PE,0,0,0,0.35,0,0,0,0,0,17-AUG-2016,
OPTSTK,FEDERALBNK,29-Sep-2016,47.5,PE,0,0,0,0.65,0.05,0,0,0,0,17-AUG-2016,
OPTSTK,FEDERALBNK,29-Sep-2016,50,PE,0,0,0,1.1,0.05,0,0,0,0,17-AUG-2016,
OPTSTK,FEDERALBNK,29-Sep-2016,52.5,PE,0,0,0,1.75,0.15,0,0,0,0,17-AUG-2016,
OPTSTK,FEDERALBNK,29-Sep-2016,55,PE,0,0,0,0.55,0.35,0,0,22000,0,17-AUG-2016,
OPTSTK,FEDERALBNK,29-Sep-2016,57.5,PE,0.7,0.7,0.7,0.7,0.7,2,12.8,66000,22000,17-AUG-2016,
OPTSTK,FEDERALBNK,29-Sep-2016,60,PE,1.05,1.2,1.05,1.2,1.2,7,47.06,88000,77000,17-AUG-2016,
OPTSTK,FEDERALBNK,29-Sep-2016,62.5,PE,2.1,2.1,2.1,2.1,2.1,1,7.1,22000,11000,17-AUG-2016,
OPTSTK,FEDERALBNK,29-Sep-2016,65,PE,0,0,0,3.5,3.4,0,0,11000,0,17-AUG-2016,
OPTSTK,FEDERALBNK,29-Sep-2016,67.5,PE,0,0,0,10.25,4.85,0,0,0,0,17-AUG-2016,
OPTSTK,FEDERALBNK,29-Sep-2016,70,PE,0,0,0,12.25,6.6,0,0,0,0,17-AUG-2016,
OPTSTK,FEDERALBNK,29-Sep-2016,72.5,PE,0,0,0,14.4,8.55,0,0,0,0,17-AUG-2016,
OPTSTK,FEDERALBNK,29-Sep-2016,75,PE,0,0,0,16.65,10.7,0,0,0,0,17-AUG-2016,
OPTSTK,FEDERALBNK,29-Sep-2016,77.5,PE,0,0,0,18.9,12.95,0,0,0,0,17-AUG-2016,
OPTSTK,FEDERALBNK,27-Oct-2016,40,CE,0,0,0,25.55,24.8,0,0,0,0,17-AUG-2016,
OPTSTK,FEDERALBNK,27-Oct-2016,42.5,CE,0,0,0,23.15,22.35,0,0,0,0,17-AUG-2016,
OPTSTK,FEDERALBNK,27-Oct-2016,45,CE,0,0,0,20.8,19.9,0,0,0,0,17-AUG-2016,
OPTSTK,FEDERALBNK,27-Oct-2016,47.5,CE,0,0,0,18.5,17.5,0,0,0,0,17-AUG-2016,
OPTSTK,FEDERALBNK,27-Oct-2016,50,CE,0,0,0,16.35,15.15,0,0,0,0,17-AUG-2016,
OPTSTK,FEDERALBNK,27-Oct-2016,52.5,CE,0,0,0,14.25,12.9,0,0,0,0,17-AUG-2016,
OPTSTK,FEDERALBNK,27-Oct-2016,55,CE,0,0,0,12.3,10.75,0,0,0,0,17-AUG-2016,
OPTSTK,FEDERALBNK,27-Oct-2016,57.5,CE,0,0,0,10.55,8.8,0,0,0,0,17-AUG-2016,
OPTSTK,FEDERALBNK,27-Oct-2016,60,CE,0,0,0,8.9,7.05,0,0,0,0,17-AUG-2016,
OPTSTK,FEDERALBNK,27-Oct-2016,62.5,CE,0,0,0,7.5,5.55,0,0,0,0,17-AUG-2016,
OPTSTK,FEDERALBNK,27-Oct-2016,65,CE,0,0,0,6.2,4.25,0,0,0,0,17-AUG-2016,
OPTSTK,FEDERALBNK,27-Oct-2016,67.5,CE,0,0,0,5.1,3.2,0,0,0,0,17-AUG-2016,
OPTSTK,FEDERALBNK,27-Oct-2016,70,CE,0,0,0,4.15,2.35,0,0,0,0,17-AUG-2016,
OPTSTK,FEDERALBNK,27-Oct-2016,72.5,CE,0,0,0,3.4,1.7,0,0,0,0,17-AUG-2016,
OPTSTK,FEDERALBNK,27-Oct-2016,75,CE,0,0,0,2.7,1.2,0,0,0,0,17-AUG-2016,
OPTSTK,FEDERALBNK,27-Oct-2016,77.5,CE,0,0,0,2.15,0.85,0,0,0,0,17-AUG-2016,
OPTSTK,FEDERALBNK,27-Oct-2016,40,PE,0,0,0,0.05,0,0,0,0,0,17-AUG-2016,
OPTSTK,FEDERALBNK,27-Oct-2016,42.5,PE,0,0,0,0.15,0.05,0,0,0,0,17-AUG-2016,
OPTSTK,FEDERALBNK,27-Oct-2016,45,PE,0,0,0,0.25,0.05,0,0,0,0,17-AUG-2016,
OPTSTK,FEDERALBNK,27-Oct-2016,47.5,PE,0,0,0,0.4,0.1,0,0,0,0,17-AUG-2016,
OPTSTK,FEDERALBNK,27-Oct-2016,50,PE,0,0,0,0.65,0.2,0,0,0,0,17-AUG-2016,
OPTSTK,FEDERALBNK,27-Oct-2016,52.5,PE,0,0,0,1.05,0.45,0,0,0,0,17-AUG-2016,
OPTSTK,FEDERALBNK,27-Oct-2016,55,PE,0,0,0,1.55,0.75,0,0,0,0,17-AUG-2016,
OPTSTK,FEDERALBNK,27-Oct-2016,57.5,PE,0,0,0,2.25,1.3,0,0,0,0,17-AUG-2016,
OPTSTK,FEDERALBNK,27-Oct-2016,60,PE,0,0,0,3.1,2,0,0,0,0,17-AUG-2016,
OPTSTK,FEDERALBNK,27-Oct-2016,62.5,PE,0,0,0,4.1,2.95,0,0,0,0,17-AUG-2016,
OPTSTK,FEDERALBNK,27-Oct-2016,65,PE,0,0,0,5.3,4.15,0,0,0,0,17-AUG-2016,
OPTSTK,FEDERALBNK,27-Oct-2016,67.5,PE,0,0,0,6.65,5.55,0,0,0,0,17-AUG-2016,
OPTSTK,FEDERALBNK,27-Oct-2016,70,PE,0,0,0,8.15,7.2,0,0,0,0,17-AUG-2016,
OPTSTK,FEDERALBNK,27-Oct-2016,72.5,PE,0,0,0,9.85,9,0,0,0,0,17-AUG-2016,
OPTSTK,FEDERALBNK,27-Oct-2016,75,PE,0,0,0,11.65,10.95,0,0,0,0,17-AUG-2016,
OPTSTK,FEDERALBNK,27-Oct-2016,77.5,PE,0,0,0,13.55,13.05,0,0,0,0,17-AUG-2016,
OPTSTK,GAIL,25-Aug-2016,240,CE,0,0,0,144.55,128.5,0,0,0,0,17-AUG-2016,
OPTSTK,GAIL,25-Aug-2016,250,CE,0,0,0,134.75,118.5,0,0,0,0,17-AUG-2016,
OPTSTK,GAIL,25-Aug-2016,260,CE,0,0,0,125,108.5,0,0,0,0,17-AUG-2016,
OPTSTK,GAIL,25-Aug-2016,270,CE,0,0,0,115.35,98.5,0,0,0,0,17-AUG-2016,
OPTSTK,GAIL,25-Aug-2016,280,CE,0,0,0,105.8,88.55,0,0,0,0,17-AUG-2016,
OPTSTK,GAIL,25-Aug-2016,290,CE,0,0,0,96.35,78.55,0,0,0,0,17-AUG-2016,
OPTSTK,GAIL,25-Aug-2016,300,CE,0,0,0,87.15,68.55,0,0,0,0,17-AUG-2016,
OPTSTK,GAIL,25-Aug-2016,310,CE,0,0,0,78.25,58.6,0,0,0,0,17-AUG-2016,
OPTSTK,GAIL,25-Aug-2016,320,CE,0,0,0,69.7,48.6,0,0,0,0,17-AUG-2016,
OPTSTK,GAIL,25-Aug-2016,330,CE,0,0,0,61.55,38.6,0,0,0,0,17-AUG-2016,
OPTSTK,GAIL,25-Aug-2016,340,CE,0,0,0,53.85,28.65,0,0,0,0,17-AUG-2016,
OPTSTK,GAIL,25-Aug-2016,350,CE,0,0,0,33,19,0,0,1500,0,17-AUG-2016,
OPTSTK,GAIL,25-Aug-2016,360,CE,13,13,13,13,13,1,5.59,4500,1500,17-AUG-2016,
OPTSTK,GAIL,25-Aug-2016,370,CE,8.05,8.1,7,7,7,18,101.93,36000,13500,17-AUG-2016,
OPTSTK,GAIL,25-Aug-2016,380,CE,4.5,4.5,3,3.3,3.3,56,322.3,124500,9000,17-AUG-2016,
OPTSTK,GAIL,25-Aug-2016,390,CE,2,2.3,1.5,1.6,1.6,17,99.9,115500,6000,17-AUG-2016,
OPTSTK,GAIL,25-Aug-2016,400,CE,1.85,1.85,0.85,1,1,45,270.7,295500,-12000,17-AUG-2016,
OPTSTK,GAIL,25-Aug-2016,410,CE,0.8,0.8,0.8,0.8,0.8,1,6.16,75000,1500,17-AUG-2016,
OPTSTK,GAIL,25-Aug-2016,420,CE,0,0,0,1,0,0,0,55500,0,17-AUG-2016,
OPTSTK,GAIL,25-Aug-2016,430,CE,0,0,0,1.3,0,0,0,21000,0,17-AUG-2016,
OPTSTK,GAIL,25-Aug-2016,440,CE,0,0,0,2,0,0,0,15000,0,17-AUG-2016,
OPTSTK,GAIL,25-Aug-2016,450,CE,0,0,0,4.1,0,0,0,1500,0,17-AUG-2016,
OPTSTK,GAIL,25-Aug-2016,460,CE,0,0,0,5.55,0,0,0,0,0,17-AUG-2016,
OPTSTK,GAIL,25-Aug-2016,470,CE,0,0,0,4.4,0,0,0,0,0,17-AUG-2016,
OPTSTK,GAIL,25-Aug-2016,480,CE,0,0,0,3.45,0,0,0,0,0,17-AUG-2016,
OPTSTK,GAIL,25-Aug-2016,240,PE,0,0,0,0.05,0,0,0,0,0,17-AUG-2016,
OPTSTK,GAIL,25-Aug-2016,250,PE,0,0,0,0.1,0,0,0,0,0,17-AUG-2016,
OPTSTK,GAIL,25-Aug-2016,260,PE,0,0,0,0.2,0,0,0,0,0,17-AUG-2016,
OPTSTK,GAIL,25-Aug-2016,270,PE,0,0,0,0.35,0,0,0,0,0,17-AUG-2016,
OPTSTK,GAIL,25-Aug-2016,280,PE,0,0,0,0.6,0,0,0,0,0,17-AUG-2016,
OPTSTK,GAIL,25-Aug-2016,290,PE,0,0,0,1,0,0,0,0,0,17-AUG-2016,
OPTSTK,GAIL,25-Aug-2016,300,PE,0,0,0,1.6,0,0,0,0,0,17-AUG-2016,
OPTSTK,GAIL,25-Aug-2016,310,PE,0,0,0,2.55,0,0,0,0,0,17-AUG-2016,
OPTSTK,GAIL,25-Aug-2016,320,PE,0,0,0,3.8,0,0,0,0,0,17-AUG-2016,
OPTSTK,GAIL,25-Aug-2016,330,PE,0,0,0,5.45,0,0,0,0,0,17-AUG-2016,
OPTSTK,GAIL,25-Aug-2016,340,PE,0,0,0,0.7,0.05,0,0,12000,0,17-AUG-2016,
OPTSTK,GAIL,25-Aug-2016,350,PE,1.2,1.25,1.2,1.2,1.2,7,36.87,39000,10500,17-AUG-2016,
OPTSTK,GAIL,25-Aug-2016,360,PE,3.15,3.6,2.9,3.55,3.55,11,59.92,66000,-4500,17-AUG-2016,
OPTSTK,GAIL,25-Aug-2016,370,PE,7.85,8,7.8,7.8,7.8,3,17,69000,4500,17-AUG-2016,
OPTSTK,GAIL,25-Aug-2016,380,PE,0,0,0,13.9,12.7,0,0,49500,0,17-AUG-2016,
OPTSTK,GAIL,25-Aug-2016,390,PE,0,0,0,21.65,21.6,0,0,9000,0,17-AUG-2016,
OPTSTK,GAIL,25-Aug-2016,400,PE,32,32,31,31,31,2,12.94,34500,0,17-AUG-2016,
OPTSTK,GAIL,25-Aug-2016,410,PE,0,0,0,39.05,41.3,0,0,0,0,17-AUG-2016,
OPTSTK,GAIL,25-Aug-2016,420,PE,0,0,0,37.35,51.3,0,0,6000,0,17-AUG-2016,
OPTSTK,GAIL,25-Aug-2016,430,PE,0,0,0,53.1,61.3,0,0,0,0,17-AUG-2016,
OPTSTK,GAIL,25-Aug-2016,440,PE,0,0,0,53.9,71.25,0,0,15000,0,17-AUG-2016,
OPTSTK,GAIL,25-Aug-2016,450,PE,0,0,0,68.8,81.25,0,0,0,0,17-AUG-2016,
OPTSTK,GAIL,25-Aug-2016,460,PE,0,0,0,77.15,91.25,0,0,0,0,17-AUG-2016,
OPTSTK,GAIL,25-Aug-2016,470,PE,0,0,0,85.8,101.2,0,0,0,0,17-AUG-2016,
OPTSTK,GAIL,25-Aug-2016,480,PE,0,0,0,94.65,111.2,0,0,0,0,17-AUG-2016,
OPTSTK,GAIL,29-Sep-2016,240,CE,0,0,0,149.4,130.05,0,0,0,0,17-AUG-2016,
OPTSTK,GAIL,29-Sep-2016,250,CE,0,0,0,139.6,120.15,0,0,0,0,17-AUG-2016,
OPTSTK,GAIL,29-Sep-2016,260,CE,0,0,0,129.75,110.2,0,0,0,0,17-AUG-2016,
OPTSTK,GAIL,29-Sep-2016,270,CE,0,0,0,119.95,100.3,0,0,0,0,17-AUG-2016,
OPTSTK,GAIL,29-Sep-2016,280,CE,0,0,0,110.15,90.4,0,0,0,0,17-AUG-2016,
OPTSTK,GAIL,29-Sep-2016,290,CE,0,0,0,100.4,80.5,0,0,0,0,17-AUG-2016,
OPTSTK,GAIL,29-Sep-2016,300,CE,0,0,0,90.7,70.6,0,0,0,0,17-AUG-2016,
OPTSTK,GAIL,29-Sep-2016,310,CE,0,0,0,81.1,60.75,0,0,0,0,17-AUG-2016,
OPTSTK,GAIL,29-Sep-2016,320,CE,0,0,0,71.7,51.05,0,0,0,0,17-AUG-2016,
OPTSTK,GAIL,29-Sep-2016,330,CE,0,0,0,62.6,41.65,0,0,0,0,17-AUG-2016,
OPTSTK,GAIL,29-Sep-2016,340,CE,0,0,0,53.85,32.85,0,0,0,0,17-AUG-2016,
OPTSTK,GAIL,29-Sep-2016,350,CE,0,0,0,45.65,24.85,0,0,0,0,17-AUG-2016,
OPTSTK,GAIL,29-Sep-2016,360,CE,0,0,0,38.05,17.9,0,0,0,0,17-AUG-2016,
OPTSTK,GAIL,29-Sep-2016,370,CE,0,0,0,31.2,12.3,0,0,0,0,17-AUG-2016,
OPTSTK,GAIL,29-Sep-2016,380,CE,12,12,12,12,12,1,5.88,6000,0,17-AUG-2016,
OPTSTK,GAIL,29-Sep-2016,390,CE,0,0,0,8.5,4.95,0,0,4500,0,17-AUG-2016,
OPTSTK,GAIL,29-Sep-2016,400,CE,0,0,0,15.4,2.9,0,0,0,0,17-AUG-2016,
OPTSTK,GAIL,29-Sep-2016,410,CE,0,0,0,11.75,1.6,0,0,0,0,17-AUG-2016,
OPTSTK,GAIL,29-Sep-2016,420,CE,0,0,0,8.8,0.85,0,0,0,0,17-AUG-2016,
OPTSTK,GAIL,29-Sep-2016,430,CE,0,0,0,6.5,0.45,0,0,0,0,17-AUG-2016,
OPTSTK,GAIL,29-Sep-2016,440,CE,0,0,0,4.7,0.2,0,0,0,0,17-AUG-2016,
OPTSTK,GAIL,29-Sep-2016,450,CE,0,0,0,3.35,0.1,0,0,0,0,17-AUG-2016,
OPTSTK,GAIL,29-Sep-2016,460,CE,0,0,0,2.35,0.05,0,0,0,0,17-AUG-2016,
OPTSTK,GAIL,29-Sep-2016,470,CE,0,0,0,1.6,0.05,0,0,0,0,17-AUG-2016,
OPTSTK,GAIL,29-Sep-2016,480,CE,0,0,0,1.1,0.05,0,0,0,0,17-AUG-2016,
OPTSTK,GAIL,29-Sep-2016,240,PE,0,0,0,0.05,0,0,0,0,0,17-AUG-2016,
OPTSTK,GAIL,29-Sep-2016,250,PE,0,0,0,0.05,0,0,0,0,0,17-AUG-2016,
OPTSTK,GAIL,29-Sep-2016,260,PE,0,0,0,0.05,0,0,0,0,0,17-AUG-2016,
OPTSTK,GAIL,29-Sep-2016,270,PE,0,0,0,0.05,0,0,0,0,0,17-AUG-2016,
OPTSTK,GAIL,29-Sep-2016,280,PE,0,0,0,0.05,0,0,0,0,0,17-AUG-2016,
OPTSTK,GAIL,29-Sep-2016,290,PE,0,0,0,0.1,0.05,0,0,0,0,17-AUG-2016,
OPTSTK,GAIL,29-Sep-2016,300,PE,0,0,0,0.25,0.05,0,0,0,0,17-AUG-2016,
OPTSTK,GAIL,29-Sep-2016,310,PE,0,0,0,0.45,0.15,0,0,0,0,17-AUG-2016,
OPTSTK,GAIL,29-Sep-2016,320,PE,0,0,0,0.9,0.35,0,0,0,0,17-AUG-2016,
OPTSTK,GAIL,29-Sep-2016,330,PE,0,0,0,1.6,0.9,0,0,0,0,17-AUG-2016,
OPTSTK,GAIL,29-Sep-2016,340,PE,0,0,0,2.7,2,0,0,0,0,17-AUG-2016,
OPTSTK,GAIL,29-Sep-2016,350,PE,0,0,0,4.3,3.9,0,0,0,0,17-AUG-2016,
OPTSTK,GAIL,29-Sep-2016,360,PE,7.45,11,7.45,11,11,4,22.17,4500,4500,17-AUG-2016,
OPTSTK,GAIL,29-Sep-2016,370,PE,0,0,0,15,11.2,0,0,3000,0,17-AUG-2016,
OPTSTK,GAIL,29-Sep-2016,380,PE,0,0,0,15.35,16.85,0,0,1500,0,17-AUG-2016,
OPTSTK,GAIL,29-Sep-2016,390,PE,0,0,0,17.8,23.7,0,0,0,0,17-AUG-2016,
OPTSTK,GAIL,29-Sep-2016,400,PE,0,0,0,35.35,31.55,0,0,1500,0,17-AUG-2016,
OPTSTK,GAIL,29-Sep-2016,410,PE,0,0,0,29.35,40.2,0,0,0,0,17-AUG-2016,
OPTSTK,GAIL,29-Sep-2016,420,PE,0,0,0,36.25,49.35,0,0,0,0,17-AUG-2016,
OPTSTK,GAIL,29-Sep-2016,430,PE,0,0,0,43.75,58.85,0,0,0,0,17-AUG-2016,
OPTSTK,GAIL,29-Sep-2016,440,PE,0,0,0,51.8,68.55,0,0,0,0,17-AUG-2016,
OPTSTK,GAIL,29-Sep-2016,450,PE,0,0,0,60.25,78.35,0,0,0,0,17-AUG-2016,
OPTSTK,GAIL,29-Sep-2016,460,PE,0,0,0,69.05,88.25,0,0,0,0,17-AUG-2016,
OPTSTK,GAIL,29-Sep-2016,470,PE,0,0,0,78.15,98.15,0,0,0,0,17-AUG-2016,
OPTSTK,GAIL,29-Sep-2016,480,PE,0,0,0,87.5,108.05,0,0,0,0,17-AUG-2016,
OPTSTK,GAIL,27-Oct-2016,240,CE,0,0,0,147.95,131.3,0,0,0,0,17-AUG-2016,
OPTSTK,GAIL,27-Oct-2016,250,CE,0,0,0,138.1,121.45,0,0,0,0,17-AUG-2016,
OPTSTK,GAIL,27-Oct-2016,260,CE,0,0,0,128.3,111.6,0,0,0,0,17-AUG-2016,
OPTSTK,GAIL,27-Oct-2016,270,CE,0,0,0,118.5,101.75,0,0,0,0,17-AUG-2016,
OPTSTK,GAIL,27-Oct-2016,280,CE,0,0,0,108.75,91.9,0,0,0,0,17-AUG-2016,
OPTSTK,GAIL,27-Oct-2016,290,CE,0,0,0,99.05,82.05,0,0,0,0,17-AUG-2016,
OPTSTK,GAIL,27-Oct-2016,300,CE,0,0,0,89.45,72.35,0,0,0,0,17-AUG-2016,
OPTSTK,GAIL,27-Oct-2016,310,CE,0,0,0,80.05,62.75,0,0,0,0,17-AUG-2016,
OPTSTK,GAIL,27-Oct-2016,320,CE,0,0,0,70.9,53.45,0,0,0,0,17-AUG-2016,
OPTSTK,GAIL,27-Oct-2016,330,CE,0,0,0,62.05,44.55,0,0,0,0,17-AUG-2016,
OPTSTK,GAIL,27-Oct-2016,340,CE,0,0,0,53.7,36.25,0,0,0,0,17-AUG-2016,
OPTSTK,GAIL,27-Oct-2016,350,CE,0,0,0,45.85,28.75,0,0,0,0,17-AUG-2016,
OPTSTK,GAIL,27-Oct-2016,360,CE,0,0,0,38.65,22.15,0,0,0,0,17-AUG-2016,
OPTSTK,GAIL,27-Oct-2016,370,CE,0,0,0,32.1,16.6,0,0,0,0,17-AUG-2016,
OPTSTK,GAIL,27-Oct-2016,380,CE,0,0,0,26.3,12.05,0,0,0,0,17-AUG-2016,
OPTSTK,GAIL,27-Oct-2016,390,CE,0,0,0,21.25,8.5,0,0,0,0,17-AUG-2016,
OPTSTK,GAIL,27-Oct-2016,400,CE,0,0,0,16.95,5.85,0,0,0,0,17-AUG-2016,
OPTSTK,GAIL,27-Oct-2016,410,CE,0,0,0,13.3,3.85,0,0,0,0,17-AUG-2016,
OPTSTK,GAIL,27-Oct-2016,420,CE,0,0,0,10.3,2.5,0,0,0,0,17-AUG-2016,
OPTSTK,GAIL,27-Oct-2016,430,CE,0,0,0,7.9,1.55,0,0,0,0,17-AUG-2016,
OPTSTK,GAIL,27-Oct-2016,440,CE,0,0,0,5.95,0.95,0,0,0,0,17-AUG-2016,
OPTSTK,GAIL,27-Oct-2016,450,CE,0,0,0,4.45,0.6,0,0,0,0,17-AUG-2016,
OPTSTK,GAIL,27-Oct-2016,460,CE,0,0,0,3.3,0.35,0,0,0,0,17-AUG-2016,
OPTSTK,GAIL,27-Oct-2016,470,CE,0,0,0,2.4,0.2,0,0,0,0,17-AUG-2016,
OPTSTK,GAIL,27-Oct-2016,480,CE,0,0,0,1.7,0.1,0,0,0,0,17-AUG-2016,
OPTSTK,GAIL,27-Oct-2016,240,PE,0,0,0,0.05,0,0,0,0,0,17-AUG-2016,
OPTSTK,GAIL,27-Oct-2016,250,PE,0,0,0,0.05,0,0,0,0,0,17-AUG-2016,
OPTSTK,GAIL,27-Oct-2016,260,PE,0,0,0,0.05,0,0,0,0,0,17-AUG-2016,
OPTSTK,GAIL,27-Oct-2016,270,PE,0,0,0,0.05,0.05,0,0,0,0,17-AUG-2016,
OPTSTK,GAIL,27-Oct-2016,280,PE,0,0,0,0.15,0.05,0,0,0,0,17-AUG-2016,
OPTSTK,GAIL,27-Oct-2016,290,PE,0,0,0,0.25,0.1,0,0,0,0,17-AUG-2016,
OPTSTK,GAIL,27-Oct-2016,300,PE,0,0,0,0.5,0.25,0,0,0,0,17-AUG-2016,
OPTSTK,GAIL,27-Oct-2016,310,PE,0,0,0,0.9,0.5,0,0,0,0,17-AUG-2016,
OPTSTK,GAIL,27-Oct-2016,320,PE,0,0,0,1.6,1.05,0,0,0,0,17-AUG-2016,
OPTSTK,GAIL,27-Oct-2016,330,PE,0,0,0,2.6,2.05,0,0,0,0,17-AUG-2016,
OPTSTK,GAIL,27-Oct-2016,340,PE,0,0,0,4.05,3.65,0,0,0,0,17-AUG-2016,
OPTSTK,GAIL,27-Oct-2016,350,PE,0,0,0,6.05,6,0,0,0,0,17-AUG-2016,
OPTSTK,GAIL,27-Oct-2016,360,PE,0,0,0,8.65,9.25,0,0,0,0,17-AUG-2016,
OPTSTK,GAIL,27-Oct-2016,370,PE,0,0,0,11.95,13.6,0,0,0,0,17-AUG-2016,
OPTSTK,GAIL,27-Oct-2016,380,PE,0,0,0,16,18.9,0,0,0,0,17-AUG-2016,
OPTSTK,GAIL,27-Oct-2016,390,PE,0,0,0,20.75,25.2,0,0,0,0,17-AUG-2016,
OPTSTK,GAIL,27-Oct-2016,400,PE,0,0,0,26.25,32.4,0,0,0,0,17-AUG-2016,
OPTSTK,GAIL,27-Oct-2016,410,PE,0,0,0,32.45,40.3,0,0,0,0,17-AUG-2016,
OPTSTK,GAIL,27-Oct-2016,420,PE,0,0,0,39.3,48.8,0,0,0,0,17-AUG-2016,
OPTSTK,GAIL,27-Oct-2016,430,PE,0,0,0,46.7,57.75,0,0,0,0,17-AUG-2016,
OPTSTK,GAIL,27-Oct-2016,440,PE,0,0,0,54.6,67,0,0,0,0,17-AUG-2016,
OPTSTK,GAIL,27-Oct-2016,450,PE,0,0,0,62.9,76.5,0,0,0,0,17-AUG-2016,
OPTSTK,GAIL,27-Oct-2016,460,PE,0,0,0,71.6,86.1,0,0,0,0,17-AUG-2016,
OPTSTK,GAIL,27-Oct-2016,470,PE,0,0,0,80.5,95.85,0,0,0,0,17-AUG-2016,
OPTSTK,GAIL,27-Oct-2016,480,PE,0,0,0,89.7,105.6,0,0,0,0,17-AUG-2016,
OPTSTK,GLENMARK,25-Aug-2016,520,CE,0,0,0,354.45,343.25,0,0,0,0,17-AUG-2016,
OPTSTK,GLENMARK,25-Aug-2016,540,CE,0,0,0,334.8,323.3,0,0,0,0,17-AUG-2016,
OPTSTK,GLENMARK,25-Aug-2016,560,CE,0,0,0,315.15,303.3,0,0,0,0,17-AUG-2016,
OPTSTK,GLENMARK,25-Aug-2016,580,CE,0,0,0,295.5,283.35,0,0,0,0,17-AUG-2016,
OPTSTK,GLENMARK,25-Aug-2016,600,CE,0,0,0,275.9,263.35,0,0,0,0,17-AUG-2016,
OPTSTK,GLENMARK,25-Aug-2016,620,CE,0,0,0,256.25,243.4,0,0,0,0,17-AUG-2016,
OPTSTK,GLENMARK,25-Aug-2016,640,CE,0,0,0,236.65,223.45,0,0,0,0,17-AUG-2016,
OPTSTK,GLENMARK,25-Aug-2016,660,CE,0,0,0,217.15,203.45,0,0,0,0,17-AUG-2016,
OPTSTK,GLENMARK,25-Aug-2016,680,CE,0,0,0,197.7,183.5,0,0,0,0,17-AUG-2016,
OPTSTK,GLENMARK,25-Aug-2016,700,CE,0,0,0,178.5,163.5,0,0,0,0,17-AUG-2016,
OPTSTK,GLENMARK,25-Aug-2016,720,CE,0,0,0,159.55,143.55,0,0,0,0,17-AUG-2016,
OPTSTK,GLENMARK,25-Aug-2016,740,CE,0,0,0,141.1,123.6,0,0,0,0,17-AUG-2016,
OPTSTK,GLENMARK,25-Aug-2016,760,CE,0,0,0,123.3,103.6,0,0,0,0,17-AUG-2016,
OPTSTK,GLENMARK,25-Aug-2016,780,CE,0,0,0,106.35,83.7,0,0,0,0,17-AUG-2016,
OPTSTK,GLENMARK,25-Aug-2016,800,CE,0,0,0,64.55,64.1,0,0,700,0,17-AUG-2016,
OPTSTK,GLENMARK,25-Aug-2016,820,CE,0,0,0,39,45.45,0,0,2800,0,17-AUG-2016,
OPTSTK,GLENMARK,25-Aug-2016,840,CE,36,36.5,31,31,31,4,24.48,8400,-1400,17-AUG-2016,
OPTSTK,GLENMARK,25-Aug-2016,860,CE,17.05,24,16.2,18.85,18.85,74,455.66,56000,-9100,17-AUG-2016,
OPTSTK,GLENMARK,25-Aug-2016,880,CE,11.35,14.8,9.05,10.75,10.75,174,1086.91,80500,16100,17-AUG-2016,
OPTSTK,GLENMARK,25-Aug-2016,900,CE,5.35,7.8,4.25,5.3,5.3,68,431.23,103600,-4900,17-AUG-2016,
OPTSTK,GLENMARK,25-Aug-2016,920,CE,1.9,3.55,1.8,2.15,2.15,9,58.1,21700,-700,17-AUG-2016,
OPTSTK,GLENMARK,25-Aug-2016,940,CE,1,1.45,1,1.35,1.35,4,26.35,9800,-700,17-AUG-2016,
OPTSTK,GLENMARK,25-Aug-2016,960,CE,0,0,0,0.6,0.1,0,0,0,0,17-AUG-2016,
OPTSTK,GLENMARK,25-Aug-2016,980,CE,0,0,0,10.4,0.05,0,0,0,0,17-AUG-2016,
OPTSTK,GLENMARK,25-Aug-2016,1000,CE,0,0,0,2,0,0,0,700,0,17-AUG-2016,
OPTSTK,GLENMARK,25-Aug-2016,1020,CE,0,0,0,5.4,0,0,0,0,0,17-AUG-2016,
OPTSTK,GLENMARK,25-Aug-2016,1040,CE,0,0,0,3.8,0,0,0,0,0,17-AUG-2016,
OPTSTK,GLENMARK,25-Aug-2016,1060,CE,0,0,0,2.65,0,0,0,0,0,17-AUG-2016,
OPTSTK,GLENMARK,25-Aug-2016,1080,CE,0,0,0,1.85,0,0,0,0,0,17-AUG-2016,
OPTSTK,GLENMARK,25-Aug-2016,1100,CE,0,0,0,1.25,0,0,0,0,0,17-AUG-2016,
OPTSTK,GLENMARK,25-Aug-2016,520,PE,0,0,0,0.05,0,0,0,0,0,17-AUG-2016,
OPTSTK,GLENMARK,25-Aug-2016,540,PE,0,0,0,0.05,0,0,0,0,0,17-AUG-2016,
OPTSTK,GLENMARK,25-Aug-2016,560,PE,0,0,0,0.05,0,0,0,0,0,17-AUG-2016,
OPTSTK,GLENMARK,25-Aug-2016,580,PE,0,0,0,0.05,0,0,0,0,0,17-AUG-2016,
OPTSTK,GLENMARK,25-Aug-2016,600,PE,0,0,0,0.05,0,0,0,0,0,17-AUG-2016,
OPTSTK,GLENMARK,25-Aug-2016,620,PE,0,0,0,0.05,0,0,0,0,0,17-AUG-2016,
OPTSTK,GLENMARK,25-Aug-2016,640,PE,0,0,0,0.1,0,0,0,0,0,17-AUG-2016,
OPTSTK,GLENMARK,25-Aug-2016,660,PE,0,0,0,0.2,0,0,0,0,0,17-AUG-2016,
OPTSTK,GLENMARK,25-Aug-2016,680,PE,0,0,0,2.2,0,0,0,1400,0,17-AUG-2016,
OPTSTK,GLENMARK,25-Aug-2016,700,PE,0,0,0,0.85,0,0,0,0,0,17-AUG-2016,
OPTSTK,GLENMARK,25-Aug-2016,720,PE,0,0,0,2.45,0,0,0,700,0,17-AUG-2016,
OPTSTK,GLENMARK,25-Aug-2016,740,PE,0,0,0,2.75,0,0,0,0,0,17-AUG-2016,
OPTSTK,GLENMARK,25-Aug-2016,760,PE,0,0,0,2.5,0.05,0,0,700,0,17-AUG-2016,
OPTSTK,GLENMARK,25-Aug-2016,780,PE,0,0,0,2.2,0.1,0,0,2800,0,17-AUG-2016,
OPTSTK,GLENMARK,25-Aug-2016,800,PE,3,3,2.25,2.75,2.75,14,78.66,121800,0,17-AUG-2016,
OPTSTK,GLENMARK,25-Aug-2016,820,PE,4.6,4.8,3.05,4,4,7,40.37,44100,-2100,17-AUG-2016,
OPTSTK,GLENMARK,25-Aug-2016,840,PE,9,9,6,8.35,8.35,15,89.02,15400,-5600,17-AUG-2016,
OPTSTK,GLENMARK,25-Aug-2016,860,PE,17.15,17.15,12.8,12.8,12.8,12,73.52,19600,700,17-AUG-2016,
OPTSTK,GLENMARK,25-Aug-2016,880,PE,0,0,0,35,23.95,0,0,7700,0,17-AUG-2016,
OPTSTK,GLENMARK,25-Aug-2016,900,PE,0,0,0,65,39.3,0,0,700,0,17-AUG-2016,
OPTSTK,GLENMARK,25-Aug-2016,920,PE,0,0,0,63.1,57.2,0,0,0,0,17-AUG-2016,
OPTSTK,GLENMARK,25-Aug-2016,940,PE,0,0,0,76.85,76.45,0,0,0,0,17-AUG-2016,
OPTSTK,GLENMARK,25-Aug-2016,960,PE,0,0,0,91.8,96.2,0,0,0,0,17-AUG-2016,
OPTSTK,GLENMARK,25-Aug-2016,980,PE,0,0,0,107.75,116.1,0,0,0,0,17-AUG-2016,
OPTSTK,GLENMARK,25-Aug-2016,1000,PE,0,0,0,124.55,136.1,0,0,0,0,17-AUG-2016,
OPTSTK,GLENMARK,25-Aug-2016,1020,PE,0,0,0,142.05,156.05,0,0,0,0,17-AUG-2016,
OPTSTK,GLENMARK,25-Aug-2016,1040,PE,0,0,0,190,176,0,0,700,0,17-AUG-2016,
OPTSTK,GLENMARK,25-Aug-2016,1060,PE,0,0,0,178.6,196,0,0,0,0,17-AUG-2016,
OPTSTK,GLENMARK,25-Aug-2016,1080,PE,0,0,0,197.4,215.95,0,0,0,0,17-AUG-2016,
OPTSTK,GLENMARK,25-Aug-2016,1100,PE,0,0,0,216.45,235.9,0,0,0,0,17-AUG-2016,
OPTSTK,GLENMARK,29-Sep-2016,520,CE,0,0,0,288.25,346.7,0,0,0,0,17-AUG-2016,
OPTSTK,GLENMARK,29-Sep-2016,540,CE,0,0,0,268.65,326.85,0,0,0,0,17-AUG-2016,
OPTSTK,GLENMARK,29-Sep-2016,560,CE,0,0,0,249,307,0,0,0,0,17-AUG-2016,
OPTSTK,GLENMARK,29-Sep-2016,580,CE,0,0,0,229.45,287.15,0,0,0,0,17-AUG-2016,
OPTSTK,GLENMARK,29-Sep-2016,600,CE,0,0,0,210,267.35,0,0,0,0,17-AUG-2016,
OPTSTK,GLENMARK,29-Sep-2016,620,CE,0,0,0,190.65,247.5,0,0,0,0,17-AUG-2016,
OPTSTK,GLENMARK,29-Sep-2016,640,CE,0,0,0,171.6,227.65,0,0,0,0,17-AUG-2016,
OPTSTK,GLENMARK,29-Sep-2016,660,CE,0,0,0,152.95,207.85,0,0,0,0,17-AUG-2016,
OPTSTK,GLENMARK,29-Sep-2016,680,CE,0,0,0,134.85,188.1,0,0,0,0,17-AUG-2016,
OPTSTK,GLENMARK,29-Sep-2016,700,CE,0,0,0,117.5,168.45,0,0,0,0,17-AUG-2016,
OPTSTK,GLENMARK,29-Sep-2016,720,CE,0,0,0,101.1,149,0,0,0,0,17-AUG-2016,
OPTSTK,GLENMARK,29-Sep-2016,740,CE,0,0,0,85.9,129.95,0,0,0,0,17-AUG-2016,
OPTSTK,GLENMARK,29-Sep-2016,760,CE,0,0,0,71.9,111.45,0,0,0,0,17-AUG-2016,
OPTSTK,GLENMARK,29-Sep-2016,780,CE,0,0,0,59.35,93.85,0,0,0,0,17-AUG-2016,
OPTSTK,GLENMARK,29-Sep-2016,800,CE,0,0,0,48.3,77.4,0,0,0,0,17-AUG-2016,
OPTSTK,GLENMARK,29-Sep-2016,820,CE,0,0,0,38.75,62.4,0,0,0,0,17-AUG-2016,
OPTSTK,GLENMARK,29-Sep-2016,840,CE,0,0,0,30.6,49.15,0,0,0,0,17-AUG-2016,
OPTSTK,GLENMARK,29-Sep-2016,860,CE,0,0,0,23.85,37.75,0,0,0,0,17-AUG-2016,
OPTSTK,GLENMARK,29-Sep-2016,880,CE,0,0,0,18.35,28.25,0,0,0,0,17-AUG-2016,
OPTSTK,GLENMARK,29-Sep-2016,900,CE,0,0,0,20,20.6,0,0,700,0,17-AUG-2016,
OPTSTK,GLENMARK,29-Sep-2016,920,CE,0,0,0,17.5,14.65,0,0,700,0,17-AUG-2016,
OPTSTK,GLENMARK,29-Sep-2016,940,CE,0,0,0,20,10.15,0,0,1400,0,17-AUG-2016,
OPTSTK,GLENMARK,29-Sep-2016,960,CE,0,0,0,5.6,6.85,0,0,0,0,17-AUG-2016,
OPTSTK,GLENMARK,29-Sep-2016,980,CE,0,0,0,4.05,4.5,0,0,0,0,17-AUG-2016,
OPTSTK,GLENMARK,29-Sep-2016,1000,CE,0,0,0,2.85,2.9,0,0,0,0,17-AUG-2016,
OPTSTK,GLENMARK,29-Sep-2016,1020,CE,0,0,0,2,1.8,0,0,0,0,17-AUG-2016,
OPTSTK,GLENMARK,29-Sep-2016,1040,CE,0,0,0,1.4,1.1,0,0,0,0,17-AUG-2016,
OPTSTK,GLENMARK,29-Sep-2016,1060,CE,0,0,0,1,0.65,0,0,0,0,17-AUG-2016,
OPTSTK,GLENMARK,29-Sep-2016,1080,CE,0,0,0,0.65,0.4,0,0,0,0,17-AUG-2016,
OPTSTK,GLENMARK,29-Sep-2016,1100,CE,0,0,0,0.45,0.25,0,0,0,0,17-AUG-2016,
OPTSTK,GLENMARK,29-Sep-2016,520,PE,0,0,0,0.05,0,0,0,0,0,17-AUG-2016,
OPTSTK,GLENMARK,29-Sep-2016,540,PE,0,0,0,0.05,0,0,0,0,0,17-AUG-2016,
OPTSTK,GLENMARK,29-Sep-2016,560,PE,0,0,0,0.1,0,0,0,0,0,17-AUG-2016,
OPTSTK,GLENMARK,29-Sep-2016,580,PE,0,0,0,0.15,0,0,0,0,0,17-AUG-2016,
OPTSTK,GLENMARK,29-Sep-2016,600,PE,0,0,0,0.35,0,0,0,0,0,17-AUG-2016,
OPTSTK,GLENMARK,29-Sep-2016,620,PE,0,0,0,0.65,0,0,0,0,0,17-AUG-2016,
OPTSTK,GLENMARK,29-Sep-2016,640,PE,0,0,0,1.25,0.05,0,0,0,0,17-AUG-2016,
OPTSTK,GLENMARK,29-Sep-2016,660,PE,0,0,0,2.25,0.05,0,0,0,0,17-AUG-2016,
OPTSTK,GLENMARK,29-Sep-2016,680,PE,0,0,0,3.8,0.15,0,0,0,0,17-AUG-2016,
OPTSTK,GLENMARK,29-Sep-2016,700,PE,0,0,0,6.1,0.35,0,0,0,0,17-AUG-2016,
OPTSTK,GLENMARK,29-Sep-2016,720,PE,0,0,0,9.35,0.7,0,0,0,0,17-AUG-2016,
OPTSTK,GLENMARK,29-Sep-2016,740,PE,0,0,0,13.75,1.5,0,0,0,0,17-AUG-2016,
OPTSTK,GLENMARK,29-Sep-2016,760,PE,0,0,0,15,2.85,0,0,700,0,17-AUG-2016,
OPTSTK,GLENMARK,29-Sep-2016,780,PE,0,0,0,17,5.1,0,0,1400,0,17-AUG-2016,
OPTSTK,GLENMARK,29-Sep-2016,800,PE,0,0,0,35.1,8.5,0,0,0,0,17-AUG-2016,
OPTSTK,GLENMARK,29-Sep-2016,820,PE,0,0,0,26.5,13.35,0,0,700,0,17-AUG-2016,
OPTSTK,GLENMARK,29-Sep-2016,840,PE,0,0,0,28.25,19.9,0,0,700,0,17-AUG-2016,
OPTSTK,GLENMARK,29-Sep-2016,860,PE,0,0,0,69.6,28.35,0,0,0,0,17-AUG-2016,
OPTSTK,GLENMARK,29-Sep-2016,880,PE,0,0,0,83.75,38.7,0,0,0,0,17-AUG-2016,
OPTSTK,GLENMARK,29-Sep-2016,900,PE,56,56,56,56,56,1,6.69,700,700,17-AUG-2016,
OPTSTK,GLENMARK,29-Sep-2016,920,PE,0,0,0,115.1,64.75,0,0,0,0,17-AUG-2016,
OPTSTK,GLENMARK,29-Sep-2016,940,PE,0,0,0,132,80.1,0,0,0,0,17-AUG-2016,
OPTSTK,GLENMARK,29-Sep-2016,960,PE,0,0,0,149.6,96.6,0,0,0,0,17-AUG-2016,
OPTSTK,GLENMARK,29-Sep-2016,980,PE,0,0,0,167.65,114.1,0,0,0,0,17-AUG-2016,
OPTSTK,GLENMARK,29-Sep-2016,1000,PE,0,0,0,186.15,132.35,0,0,0,0,17-AUG-2016,
OPTSTK,GLENMARK,29-Sep-2016,1020,PE,0,0,0,204.95,151.1,0,0,0,0,17-AUG-2016,
OPTSTK,GLENMARK,29-Sep-2016,1040,PE,0,0,0,224,170.25,0,0,0,0,17-AUG-2016,
OPTSTK,GLENMARK,29-Sep-2016,1060,PE,0,0,0,243.2,189.65,0,0,0,0,17-AUG-2016,
OPTSTK,GLENMARK,29-Sep-2016,1080,PE,0,0,0,262.55,209.2,0,0,0,0,17-AUG-2016,
OPTSTK,GLENMARK,29-Sep-2016,1100,PE,0,0,0,281.95,228.9,0,0,0,0,17-AUG-2016,
OPTSTK,GLENMARK,27-Oct-2016,540,CE,0,0,0,320.75,329.65,0,0,0,0,17-AUG-2016,
OPTSTK,GLENMARK,27-Oct-2016,560,CE,0,0,0,301.1,309.95,0,0,0,0,17-AUG-2016,
OPTSTK,GLENMARK,27-Oct-2016,580,CE,0,0,0,281.45,290.2,0,0,0,0,17-AUG-2016,
OPTSTK,GLENMARK,27-Oct-2016,600,CE,0,0,0,261.85,270.5,0,0,0,0,17-AUG-2016,
OPTSTK,GLENMARK,27-Oct-2016,620,CE,0,0,0,242.25,250.8,0,0,0,0,17-AUG-2016,
OPTSTK,GLENMARK,27-Oct-2016,640,CE,0,0,0,222.75,231.15,0,0,0,0,17-AUG-2016,
OPTSTK,GLENMARK,27-Oct-2016,660,CE,0,0,0,203.4,211.65,0,0,0,0,17-AUG-2016,
OPTSTK,GLENMARK,27-Oct-2016,680,CE,0,0,0,184.3,192.25,0,0,0,0,17-AUG-2016,
OPTSTK,GLENMARK,27-Oct-2016,700,CE,0,0,0,165.5,173.15,0,0,0,0,17-AUG-2016,
OPTSTK,GLENMARK,27-Oct-2016,720,CE,0,0,0,147.25,154.45,0,0,0,0,17-AUG-2016,
OPTSTK,GLENMARK,27-Oct-2016,740,CE,0,0,0,129.6,136.35,0,0,0,0,17-AUG-2016,
OPTSTK,GLENMARK,27-Oct-2016,760,CE,0,0,0,112.8,118.95,0,0,0,0,17-AUG-2016,
OPTSTK,GLENMARK,27-Oct-2016,780,CE,0,0,0,97.05,102.55,0,0,0,0,17-AUG-2016,
OPTSTK,GLENMARK,27-Oct-2016,800,CE,0,0,0,82.45,87.25,0,0,0,0,17-AUG-2016,
OPTSTK,GLENMARK,27-Oct-2016,820,CE,0,0,0,69.15,73.2,0,0,0,0,17-AUG-2016,
OPTSTK,GLENMARK,27-Oct-2016,840,CE,0,0,0,57.25,60.55,0,0,0,0,17-AUG-2016,
OPTSTK,GLENMARK,27-Oct-2016,860,CE,0,0,0,46.75,49.4,0,0,0,0,17-AUG-2016,
OPTSTK,GLENMARK,27-Oct-2016,880,CE,0,0,0,37.7,39.7,0,0,0,0,17-AUG-2016,
OPTSTK,GLENMARK,27-Oct-2016,900,CE,0,0,0,29.95,31.45,0,0,0,0,17-AUG-2016,
OPTSTK,GLENMARK,27-Oct-2016,920,CE,0,0,0,23.5,24.55,0,0,0,0,17-AUG-2016,
OPTSTK,GLENMARK,27-Oct-2016,940,CE,0,0,0,18.25,18.9,0,0,0,0,17-AUG-2016,
OPTSTK,GLENMARK,27-Oct-2016,960,CE,0,0,0,13.95,14.4,0,0,0,0,17-AUG-2016,
OPTSTK,GLENMARK,27-Oct-2016,980,CE,0,0,0,10.55,10.8,0,0,0,0,17-AUG-2016,
OPTSTK,GLENMARK,27-Oct-2016,1000,CE,0,0,0,7.9,7.95,0,0,0,0,17-AUG-2016,
OPTSTK,GLENMARK,27-Oct-2016,1020,CE,0,0,0,5.85,5.8,0,0,0,0,17-AUG-2016,
OPTSTK,GLENMARK,27-Oct-2016,1040,CE,0,0,0,4.25,4.2,0,0,0,0,17-AUG-2016,
OPTSTK,GLENMARK,27-Oct-2016,1060,CE,0,0,0,3.1,3,0,0,0,0,17-AUG-2016,
OPTSTK,GLENMARK,27-Oct-2016,1080,CE,0,0,0,2.2,2.1,0,0,0,0,17-AUG-2016,
OPTSTK,GLENMARK,27-Oct-2016,1100,CE,0,0,0,1.55,1.45,0,0,0,0,17-AUG-2016,
OPTSTK,GLENMARK,27-Oct-2016,540,PE,0,0,0,0.05,0,0,0,0,0,17-AUG-2016,
OPTSTK,GLENMARK,27-Oct-2016,560,PE,0,0,0,0.05,0,0,0,0,0,17-AUG-2016,
OPTSTK,GLENMARK,27-Oct-2016,580,PE,0,0,0,0.05,0.05,0,0,0,0,17-AUG-2016,
OPTSTK,GLENMARK,27-Oct-2016,600,PE,0,0,0,0.1,0.05,0,0,0,0,17-AUG-2016,
OPTSTK,GLENMARK,27-Oct-2016,620,PE,0,0,0,0.15,0.1,0,0,0,0,17-AUG-2016,
OPTSTK,GLENMARK,27-Oct-2016,640,PE,0,0,0,0.3,0.2,0,0,0,0,17-AUG-2016,
OPTSTK,GLENMARK,27-Oct-2016,660,PE,0,0,0,0.6,0.4,0,0,0,0,17-AUG-2016,
OPTSTK,GLENMARK,27-Oct-2016,680,PE,0,0,0,1.15,0.75,0,0,0,0,17-AUG-2016,
OPTSTK,GLENMARK,27-Oct-2016,700,PE,0,0,0,2.05,1.4,0,0,0,0,17-AUG-2016,
OPTSTK,GLENMARK,27-Oct-2016,720,PE,0,0,0,3.4,2.4,0,0,0,0,17-AUG-2016,
OPTSTK,GLENMARK,27-Oct-2016,740,PE,0,0,0,5.45,4,0,0,0,0,17-AUG-2016,
OPTSTK,GLENMARK,27-Oct-2016,760,PE,0,0,0,8.3,6.4,0,0,0,0,17-AUG-2016,
OPTSTK,GLENMARK,27-Oct-2016,780,PE,0,0,0,12.2,9.7,0,0,0,0,17-AUG-2016,
OPTSTK,GLENMARK,27-Oct-2016,800,PE,0,0,0,17.3,14.15,0,0,0,0,17-AUG-2016,
OPTSTK,GLENMARK,27-Oct-2016,820,PE,0,0,0,23.6,19.8,0,0,0,0,17-AUG-2016,
OPTSTK,GLENMARK,27-Oct-2016,840,PE,0,0,0,31.35,26.9,0,0,0,0,17-AUG-2016,
OPTSTK,GLENMARK,27-Oct-2016,860,PE,0,0,0,40.55,35.5,0,0,0,0,17-AUG-2016,
OPTSTK,GLENMARK,27-Oct-2016,880,PE,0,0,0,51.1,45.5,0,0,0,0,17-AUG-2016,
OPTSTK,GLENMARK,27-Oct-2016,900,PE,0,0,0,63.05,57,0,0,0,0,17-AUG-2016,
OPTSTK,GLENMARK,27-Oct-2016,920,PE,0,0,0,76.25,69.85,0,0,0,0,17-AUG-2016,
OPTSTK,GLENMARK,27-Oct-2016,940,PE,0,0,0,90.65,83.95,0,0,0,0,17-AUG-2016,
OPTSTK,GLENMARK,27-Oct-2016,960,PE,0,0,0,106.05,99.15,0,0,0,0,17-AUG-2016,
OPTSTK,GLENMARK,27-Oct-2016,980,PE,0,0,0,122.3,115.25,0,0,0,0,17-AUG-2016,
OPTSTK,GLENMARK,27-Oct-2016,1000,PE,0,0,0,139.25,132.2,0,0,0,0,17-AUG-2016,
OPTSTK,GLENMARK,27-Oct-2016,1020,PE,0,0,0,156.85,149.75,0,0,0,0,17-AUG-2016,
OPTSTK,GLENMARK,27-Oct-2016,1040,PE,0,0,0,174.95,167.9,0,0,0,0,17-AUG-2016,
OPTSTK,GLENMARK,27-Oct-2016,1060,PE,0,0,0,193.4,186.4,0,0,0,0,17-AUG-2016,
OPTSTK,GLENMARK,27-Oct-2016,1080,PE,0,0,0,212.2,205.25,0,0,0,0,17-AUG-2016,
OPTSTK,GLENMARK,27-Oct-2016,1100,PE,0,0,0,231.2,224.35,0,0,0,0,17-AUG-2016,
OPTSTK,GMRINFRA,25-Aug-2016,2.5,CE,0,0,0,8.9,10.45,0,0,0,0,17-AUG-2016,
OPTSTK,GMRINFRA,25-Aug-2016,5,CE,0,0,0,6.45,8,0,0,0,0,17-AUG-2016,
OPTSTK,GMRINFRA,25-Aug-2016,7.5,CE,0,0,0,4,5.5,0,0,0,0,17-AUG-2016,
OPTSTK,GMRINFRA,25-Aug-2016,10,CE,0,0,0,2.9,3,0,0,1710000,0,17-AUG-2016,
OPTSTK,GMRINFRA,25-Aug-2016,12.5,CE,0.65,0.8,0.65,0.7,0.7,24,142.87,2340000,0,17-AUG-2016,
OPTSTK,GMRINFRA,25-Aug-2016,15,CE,0.05,0.1,0.05,0.1,0.1,51,346.43,14805000,-360000,17-AUG-2016,
OPTSTK,GMRINFRA,25-Aug-2016,17.5,CE,0,0,0,0.05,0,0,0,12240000,0,17-AUG-2016,
OPTSTK,GMRINFRA,25-Aug-2016,20,CE,0,0,0,0.05,0,0,0,2430000,0,17-AUG-2016,
OPTSTK,GMRINFRA,25-Aug-2016,22.5,CE,0,0,0,0.05,0,0,0,0,0,17-AUG-2016,
OPTSTK,GMRINFRA,25-Aug-2016,25,CE,0,0,0,0.05,0,0,0,0,0,17-AUG-2016,
OPTSTK,GMRINFRA,25-Aug-2016,27.5,CE,0,0,0,0.05,0,0,0,0,0,17-AUG-2016,
OPTSTK,GMRINFRA,25-Aug-2016,30,CE,0,0,0,0.05,0,0,0,0,0,17-AUG-2016,
OPTSTK,GMRINFRA,25-Aug-2016,32.5,CE,0,0,0,0.05,0,0,0,45000,0,17-AUG-2016,
OPTSTK,GMRINFRA,25-Aug-2016,35,CE,0,0,0,0.05,0,0,0,0,0,17-AUG-2016,
OPTSTK,GMRINFRA,25-Aug-2016,2.5,PE,0,0,0,0.05,0,0,0,0,0,17-AUG-2016,
OPTSTK,GMRINFRA,25-Aug-2016,5,PE,0,0,0,0.05,0,0,0,0,0,17-AUG-2016,
OPTSTK,GMRINFRA,25-Aug-2016,7.5,PE,0,0,0,0.05,0,0,0,0,0,17-AUG-2016,
OPTSTK,GMRINFRA,25-Aug-2016,10,PE,0,0,0,0.05,0,0,0,1800000,0,17-AUG-2016,
OPTSTK,GMRINFRA,25-Aug-2016,12.5,PE,0.2,0.2,0.2,0.2,0.2,10,57.15,5445000,90000,17-AUG-2016,
OPTSTK,GMRINFRA,25-Aug-2016,15,PE,2.15,2.15,1.9,2,2,6,45.94,2970000,-90000,17-AUG-2016,
OPTSTK,GMRINFRA,25-Aug-2016,17.5,PE,0,0,0,4.3,4.55,0,0,1080000,0,17-AUG-2016,
OPTSTK,GMRINFRA,25-Aug-2016,20,PE,0,0,0,8.3,7.05,0,0,0,0,17-AUG-2016,
OPTSTK,GMRINFRA,25-Aug-2016,22.5,PE,0,0,0,10.75,9.55,0,0,0,0,17-AUG-2016,
OPTSTK,GMRINFRA,25-Aug-2016,25,PE,0,0,0,13.2,12.05,0,0,0,0,17-AUG-2016,
OPTSTK,GMRINFRA,25-Aug-2016,27.5,PE,0,0,0,15.7,14.55,0,0,0,0,17-AUG-2016,
OPTSTK,GMRINFRA,25-Aug-2016,30,PE,0,0,0,18.15,17.05,0,0,0,0,17-AUG-2016,
OPTSTK,GMRINFRA,25-Aug-2016,32.5,PE,0,0,0,20.6,19.5,0,0,0,0,17-AUG-2016,
OPTSTK,GMRINFRA,25-Aug-2016,35,PE,0,0,0,23.05,22,0,0,0,0,17-AUG-2016,
OPTSTK,GMRINFRA,29-Sep-2016,2.5,CE,0,0,0,10.9,10.5,0,0,0,0,17-AUG-2016,
OPTSTK,GMRINFRA,29-Sep-2016,5,CE,0,0,0,8.45,8,0,0,0,0,17-AUG-2016,
OPTSTK,GMRINFRA,29-Sep-2016,7.5,CE,0,0,0,6,5.55,0,0,0,0,17-AUG-2016,
OPTSTK,GMRINFRA,29-Sep-2016,10,CE,0,0,0,3.65,3.1,0,0,0,0,17-AUG-2016,
OPTSTK,GMRINFRA,29-Sep-2016,12.5,CE,0,0,0,1.25,1.1,0,0,270000,0,17-AUG-2016,
OPTSTK,GMRINFRA,29-Sep-2016,15,CE,0.3,0.4,0.3,0.35,0.35,8,55.28,810000,45000,17-AUG-2016,
OPTSTK,GMRINFRA,29-Sep-2016,17.5,CE,0,0,0,0.3,0.05,0,0,180000,0,17-AUG-2016,
OPTSTK,GMRINFRA,29-Sep-2016,20,CE,0,0,0,0.1,0,0,0,0,0,17-AUG-2016,
OPTSTK,GMRINFRA,29-Sep-2016,22.5,CE,0,0,0,0.05,0,0,0,0,0,17-AUG-2016,
OPTSTK,GMRINFRA,29-Sep-2016,25,CE,0,0,0,0.05,0,0,0,0,0,17-AUG-2016,
OPTSTK,GMRINFRA,29-Sep-2016,27.5,CE,0,0,0,0.05,0,0,0,0,0,17-AUG-2016,
OPTSTK,GMRINFRA,29-Sep-2016,30,CE,0,0,0,0.05,0,0,0,0,0,17-AUG-2016,
OPTSTK,GMRINFRA,29-Sep-2016,32.5,CE,0,0,0,0.05,0,0,0,0,0,17-AUG-2016,
OPTSTK,GMRINFRA,29-Sep-2016,35,CE,0,0,0,0.05,0,0,0,0,0,17-AUG-2016,
OPTSTK,GMRINFRA,29-Sep-2016,2.5,PE,0,0,0,0.05,0,0,0,0,0,17-AUG-2016,
OPTSTK,GMRINFRA,29-Sep-2016,5,PE,0,0,0,0.05,0,0,0,0,0,17-AUG-2016,
OPTSTK,GMRINFRA,29-Sep-2016,7.5,PE,0,0,0,0.05,0,0,0,0,0,17-AUG-2016,
OPTSTK,GMRINFRA,29-Sep-2016,10,PE,0,0,0,0.1,0.05,0,0,135000,0,17-AUG-2016,
OPTSTK,GMRINFRA,29-Sep-2016,12.5,PE,0,0,0,0.6,0.55,0,0,1035000,0,17-AUG-2016,
OPTSTK,GMRINFRA,29-Sep-2016,15,PE,0,0,0,1.8,2.15,0,0,180000,0,17-AUG-2016,
OPTSTK,GMRINFRA,29-Sep-2016,17.5,PE,0,0,0,4.1,4.45,0,0,0,0,17-AUG-2016,
OPTSTK,GMRINFRA,29-Sep-2016,20,PE,0,0,0,6.4,6.9,0,0,0,0,17-AUG-2016,
OPTSTK,GMRINFRA,29-Sep-2016,22.5,PE,0,0,0,8.8,9.4,0,0,0,0,17-AUG-2016,
OPTSTK,GMRINFRA,29-Sep-2016,25,PE,0,0,0,11.25,11.85,0,0,0,0,17-AUG-2016,
OPTSTK,GMRINFRA,29-Sep-2016,27.5,PE,0,0,0,13.7,14.35,0,0,0,0,17-AUG-2016,
OPTSTK,GMRINFRA,29-Sep-2016,30,PE,0,0,0,16.15,16.85,0,0,0,0,17-AUG-2016,
OPTSTK,GMRINFRA,29-Sep-2016,32.5,PE,0,0,0,18.6,19.3,0,0,0,0,17-AUG-2016,
OPTSTK,GMRINFRA,29-Sep-2016,35,PE,0,0,0,21.05,21.8,0,0,0,0,17-AUG-2016,
OPTSTK,GMRINFRA,27-Oct-2016,2.5,CE,0,0,0,12.15,10.5,0,0,0,0,17-AUG-2016,
OPTSTK,GMRINFRA,27-Oct-2016,5,CE,0,0,0,9.7,8.05,0,0,0,0,17-AUG-2016,
OPTSTK,GMRINFRA,27-Oct-2016,7.5,CE,0,0,0,7.25,5.55,0,0,0,0,17-AUG-2016,
OPTSTK,GMRINFRA,27-Oct-2016,10,CE,0,0,0,4.8,3.2,0,0,0,0,17-AUG-2016,
OPTSTK,GMRINFRA,27-Oct-2016,12.5,CE,0,0,0,2.65,1.35,0,0,0,0,17-AUG-2016,
OPTSTK,GMRINFRA,27-Oct-2016,15,CE,0,0,0,1.2,0.45,0,0,0,0,17-AUG-2016,
OPTSTK,GMRINFRA,27-Oct-2016,17.5,CE,0,0,0,0.45,0.1,0,0,0,0,17-AUG-2016,
OPTSTK,GMRINFRA,27-Oct-2016,20,CE,0,0,0,0.15,0.05,0,0,0,0,17-AUG-2016,
OPTSTK,GMRINFRA,27-Oct-2016,22.5,CE,0,0,0,0.05,0,0,0,0,0,17-AUG-2016,
OPTSTK,GMRINFRA,27-Oct-2016,25,CE,0,0,0,0.05,0,0,0,0,0,17-AUG-2016,
OPTSTK,GMRINFRA,27-Oct-2016,27.5,CE,0,0,0,0.05,0,0,0,0,0,17-AUG-2016,
OPTSTK,GMRINFRA,27-Oct-2016,30,CE,0,0,0,0.05,0,0,0,0,0,17-AUG-2016,
OPTSTK,GMRINFRA,27-Oct-2016,32.5,CE,0,0,0,0.05,0,0,0,0,0,17-AUG-2016,
OPTSTK,GMRINFRA,27-Oct-2016,35,CE,0,0,0,0.05,0,0,0,0,0,17-AUG-2016,
OPTSTK,GMRINFRA,27-Oct-2016,2.5,PE,0,0,0,0.05,0,0,0,0,0,17-AUG-2016,
OPTSTK,GMRINFRA,27-Oct-2016,5,PE,0,0,0,0.05,0,0,0,0,0,17-AUG-2016,
OPTSTK,GMRINFRA,27-Oct-2016,7.5,PE,0,0,0,0.05,0,0,0,0,0,17-AUG-2016,
OPTSTK,GMRINFRA,27-Oct-2016,10,PE,0.1,0.1,0.1,0.1,0.1,1,4.54,90000,45000,17-AUG-2016,
OPTSTK,GMRINFRA,27-Oct-2016,12.5,PE,0,0,0,0.35,0.75,0,0,0,0,17-AUG-2016,
OPTSTK,GMRINFRA,27-Oct-2016,15,PE,0,0,0,1.3,2.3,0,0,0,0,17-AUG-2016,
OPTSTK,GMRINFRA,27-Oct-2016,17.5,PE,0,0,0,3.05,4.45,0,0,0,0,17-AUG-2016,
OPTSTK,GMRINFRA,27-Oct-2016,20,PE,0,0,0,5.2,6.8,0,0,0,0,17-AUG-2016,
OPTSTK,GMRINFRA,27-Oct-2016,22.5,PE,0,0,0,7.55,9.25,0,0,0,0,17-AUG-2016,
OPTSTK,GMRINFRA,27-Oct-2016,25,PE,0,0,0,10,11.75,0,0,0,0,17-AUG-2016,
OPTSTK,GMRINFRA,27-Oct-2016,27.5,PE,0,0,0,12.45,14.2,0,0,0,0,17-AUG-2016,
OPTSTK,GMRINFRA,27-Oct-2016,30,PE,0,0,0,14.9,16.65,0,0,0,0,17-AUG-2016,
OPTSTK,GMRINFRA,27-Oct-2016,32.5,PE,0,0,0,17.35,19.15,0,0,0,0,17-AUG-2016,
OPTSTK,GMRINFRA,27-Oct-2016,35,PE,0,0,0,19.8,21.6,0,0,0,0,17-AUG-2016,
OPTSTK,GODREJCP,25-Aug-2016,1000,CE,0,0,0,503.85,527.1,0,0,0,0,17-AUG-2016,
OPTSTK,GODREJCP,25-Aug-2016,1050,CE,0,0,0,456.2,477.2,0,0,0,0,17-AUG-2016,
OPTSTK,GODREJCP,25-Aug-2016,1100,CE,0,0,0,409.6,427.25,0,0,0,0,17-AUG-2016,
OPTSTK,GODREJCP,25-Aug-2016,1150,CE,0,0,0,364.4,377.35,0,0,0,0,17-AUG-2016,
OPTSTK,GODREJCP,25-Aug-2016,1200,CE,0,0,0,321.05,327.4,0,0,0,0,17-AUG-2016,
OPTSTK,GODREJCP,25-Aug-2016,1250,CE,0,0,0,280.05,277.5,0,0,0,0,17-AUG-2016,
OPTSTK,GODREJCP,25-Aug-2016,1300,CE,0,0,0,241.75,227.55,0,0,0,0,17-AUG-2016,
OPTSTK,GODREJCP,25-Aug-2016,1350,CE,0,0,0,206.55,177.7,0,0,0,0,17-AUG-2016,
OPTSTK,GODREJCP,25-Aug-2016,1400,CE,0,0,0,174.55,128.55,0,0,0,0,17-AUG-2016,
OPTSTK,GODREJCP,25-Aug-2016,1450,CE,0,0,0,146.05,82.4,0,0,0,0,17-AUG-2016,
OPTSTK,GODREJCP,25-Aug-2016,1500,CE,0,0,0,47.5,44.3,0,0,1600,0,17-AUG-2016,
OPTSTK,GODREJCP,25-Aug-2016,1550,CE,0,0,0,25,18.95,0,0,800,0,17-AUG-2016,
OPTSTK,GODREJCP,25-Aug-2016,1600,CE,0,0,0,9,6.25,0,0,5600,0,17-AUG-2016,
OPTSTK,GODREJCP,25-Aug-2016,1650,CE,0,0,0,3,1.55,0,0,3200,0,17-AUG-2016,
OPTSTK,GODREJCP,25-Aug-2016,1700,CE,0,0,0,5.05,0.3,0,0,2800,0,17-AUG-2016,
OPTSTK,GODREJCP,25-Aug-2016,1750,CE,0,0,0,6,0.05,0,0,1600,0,17-AUG-2016,
OPTSTK,GODREJCP,25-Aug-2016,1800,CE,0,0,0,32.2,0,0,0,0,0,17-AUG-2016,
OPTSTK,GODREJCP,25-Aug-2016,1850,CE,0,0,0,25.1,0,0,0,0,0,17-AUG-2016,
OPTSTK,GODREJCP,25-Aug-2016,1900,CE,0,0,0,19.45,0,0,0,0,0,17-AUG-2016,
OPTSTK,GODREJCP,25-Aug-2016,1950,CE,0,0,0,14.95,0,0,0,0,0,17-AUG-2016,
OPTSTK,GODREJCP,25-Aug-2016,1000,PE,0,0,0,1.5,0,0,0,0,0,17-AUG-2016,
OPTSTK,GODREJCP,25-Aug-2016,1050,PE,0,0,0,2.95,0,0,0,0,0,17-AUG-2016,
OPTSTK,GODREJCP,25-Aug-2016,1100,PE,0,0,0,5.45,0,0,0,0,0,17-AUG-2016,
OPTSTK,GODREJCP,25-Aug-2016,1150,PE,0,0,0,9.35,0,0,0,0,0,17-AUG-2016,
OPTSTK,GODREJCP,25-Aug-2016,1200,PE,0,0,0,15.15,0,0,0,0,0,17-AUG-2016,
OPTSTK,GODREJCP,25-Aug-2016,1250,PE,0,0,0,23.25,0,0,0,0,0,17-AUG-2016,
OPTSTK,GODREJCP,25-Aug-2016,1300,PE,0,0,0,34.05,0,0,0,0,0,17-AUG-2016,
OPTSTK,GODREJCP,25-Aug-2016,1350,PE,0,0,0,47.95,0.1,0,0,0,0,17-AUG-2016,
OPTSTK,GODREJCP,25-Aug-2016,1400,PE,0,0,0,65.05,0.85,0,0,0,0,17-AUG-2016,
OPTSTK,GODREJCP,25-Aug-2016,1450,PE,0,0,0,8,4.6,0,0,1600,0,17-AUG-2016,
OPTSTK,GODREJCP,25-Aug-2016,1500,PE,10.05,10.05,10.05,10.05,10.05,1,6.04,3200,400,17-AUG-2016,
OPTSTK,GODREJCP,25-Aug-2016,1550,PE,0,0,0,59.85,41.05,0,0,2800,0,17-AUG-2016,
OPTSTK,GODREJCP,25-Aug-2016,1600,PE,0,0,0,100,78.25,0,0,1200,0,17-AUG-2016,
OPTSTK,GODREJCP,25-Aug-2016,1650,PE,0,0,0,200.9,123.5,0,0,0,0,17-AUG-2016,
OPTSTK,GODREJCP,25-Aug-2016,1700,PE,0,0,0,237,172.15,0,0,0,0,17-AUG-2016,
OPTSTK,GODREJCP,25-Aug-2016,1750,PE,0,0,0,275.35,221.85,0,0,0,0,17-AUG-2016,
OPTSTK,GODREJCP,25-Aug-2016,1800,PE,0,0,0,315.6,271.75,0,0,0,0,17-AUG-2016,
OPTSTK,GODREJCP,25-Aug-2016,1850,PE,0,0,0,357.6,321.65,0,0,0,0,17-AUG-2016,
OPTSTK,GODREJCP,25-Aug-2016,1900,PE,0,0,0,401.05,371.6,0,0,0,0,17-AUG-2016,
OPTSTK,GODREJCP,25-Aug-2016,1950,PE,0,0,0,445.65,421.5,0,0,0,0,17-AUG-2016,
OPTSTK,GODREJCP,29-Sep-2016,1000,CE,0,0,0,625.1,533.7,0,0,0,0,17-AUG-2016,
OPTSTK,GODREJCP,29-Sep-2016,1050,CE,0,0,0,576.25,484.15,0,0,0,0,17-AUG-2016,
OPTSTK,GODREJCP,29-Sep-2016,1100,CE,0,0,0,527.7,434.55,0,0,0,0,17-AUG-2016,
OPTSTK,GODREJCP,29-Sep-2016,1150,CE,0,0,0,479.65,385.1,0,0,0,0,17-AUG-2016,
OPTSTK,GODREJCP,29-Sep-2016,1200,CE,0,0,0,432.35,335.9,0,0,0,0,17-AUG-2016,
OPTSTK,GODREJCP,29-Sep-2016,1250,CE,0,0,0,386.25,287.35,0,0,0,0,17-AUG-2016,
OPTSTK,GODREJCP,29-Sep-2016,1300,CE,0,0,0,341.7,240.1,0,0,0,0,17-AUG-2016,
OPTSTK,GODREJCP,29-Sep-2016,1350,CE,0,0,0,299.2,195.2,0,0,0,0,17-AUG-2016,
OPTSTK,GODREJCP,29-Sep-2016,1400,CE,0,0,0,259.2,153.75,0,0,0,0,17-AUG-2016,
OPTSTK,GODREJCP,29-Sep-2016,1450,CE,0,0,0,222.1,116.95,0,0,0,0,17-AUG-2016,
OPTSTK,GODREJCP,29-Sep-2016,1500,CE,0,0,0,188.05,85.75,0,0,0,0,17-AUG-2016,
OPTSTK,GODREJCP,29-Sep-2016,1550,CE,0,0,0,157.55,60.45,0,0,0,0,17-AUG-2016,
OPTSTK,GODREJCP,29-Sep-2016,1600,CE,0,0,0,130.5,40.95,0,0,0,0,17-AUG-2016,
OPTSTK,GODREJCP,29-Sep-2016,1650,CE,0,0,0,106.9,26.75,0,0,0,0,17-AUG-2016,
OPTSTK,GODREJCP,29-Sep-2016,1700,CE,0,0,0,86.6,16.75,0,0,0,0,17-AUG-2016,
OPTSTK,GODREJCP,29-Sep-2016,1750,CE,0,0,0,69.45,10.1,0,0,0,0,17-AUG-2016,
OPTSTK,GODREJCP,29-Sep-2016,1800,CE,0,0,0,55.15,5.9,0,0,0,0,17-AUG-2016,
OPTSTK,GODREJCP,29-Sep-2016,1850,CE,0,0,0,43.45,3.3,0,0,0,0,17-AUG-2016,
OPTSTK,GODREJCP,29-Sep-2016,1900,CE,0,0,0,33.85,1.8,0,0,0,0,17-AUG-2016,
OPTSTK,GODREJCP,29-Sep-2016,1950,CE,0,0,0,26.15,0.95,0,0,0,0,17-AUG-2016,
OPTSTK,GODREJCP,29-Sep-2016,1000,PE,0,0,0,0.2,0,0,0,0,0,17-AUG-2016,
OPTSTK,GODREJCP,29-Sep-2016,1050,PE,0,0,0,0.45,0.05,0,0,0,0,17-AUG-2016,
OPTSTK,GODREJCP,29-Sep-2016,1100,PE,0,0,0,1,0.05,0,0,0,0,17-AUG-2016,
OPTSTK,GODREJCP,29-Sep-2016,1150,PE,0,0,0,2.05,0.2,0,0,0,0,17-AUG-2016,
OPTSTK,GODREJCP,29-Sep-2016,1200,PE,0,0,0,3.9,0.55,0,0,0,0,17-AUG-2016,
OPTSTK,GODREJCP,29-Sep-2016,1250,PE,0,0,0,6.9,1.6,0,0,0,0,17-AUG-2016,
OPTSTK,GODREJCP,29-Sep-2016,1300,PE,0,0,0,11.5,4,0,0,0,0,17-AUG-2016,
OPTSTK,GODREJCP,29-Sep-2016,1350,PE,0,0,0,18.1,8.65,0,0,0,0,17-AUG-2016,
OPTSTK,GODREJCP,29-Sep-2016,1400,PE,0,0,0,27.2,16.85,0,0,0,0,17-AUG-2016,
OPTSTK,GODREJCP,29-Sep-2016,1450,PE,0,0,0,39.25,29.6,0,0,0,0,17-AUG-2016,
OPTSTK,GODREJCP,29-Sep-2016,1500,PE,0,0,0,54.3,48,0,0,0,0,17-AUG-2016,
OPTSTK,GODREJCP,29-Sep-2016,1550,PE,0,0,0,72.9,72.3,0,0,0,0,17-AUG-2016,
OPTSTK,GODREJCP,29-Sep-2016,1600,PE,0,0,0,94.95,102.4,0,0,0,0,17-AUG-2016,
OPTSTK,GODREJCP,29-Sep-2016,1650,PE,0,0,0,120.5,137.8,0,0,0,0,17-AUG-2016,
OPTSTK,GODREJCP,29-Sep-2016,1700,PE,0,0,0,149.35,177.4,0,0,0,0,17-AUG-2016,
OPTSTK,GODREJCP,29-Sep-2016,1750,PE,0,0,0,181.3,220.35,0,0,0,0,17-AUG-2016,
OPTSTK,GODREJCP,29-Sep-2016,1800,PE,0,0,0,216.1,265.7,0,0,0,0,17-AUG-2016,
OPTSTK,GODREJCP,29-Sep-2016,1850,PE,0,0,0,253.5,312.75,0,0,0,0,17-AUG-2016,
OPTSTK,GODREJCP,29-Sep-2016,1900,PE,0,0,0,293,360.8,0,0,0,0,17-AUG-2016,
OPTSTK,GODREJCP,29-Sep-2016,1950,PE,0,0,0,334.45,409.55,0,0,0,0,17-AUG-2016,
OPTSTK,GODREJCP,27-Oct-2016,1050,CE,0,0,0,603.5,489.75,0,0,0,0,17-AUG-2016,
OPTSTK,GODREJCP,27-Oct-2016,1100,CE,0,0,0,554.6,440.7,0,0,0,0,17-AUG-2016,
OPTSTK,GODREJCP,27-Oct-2016,1150,CE,0,0,0,506,392.05,0,0,0,0,17-AUG-2016,
OPTSTK,GODREJCP,27-Oct-2016,1200,CE,0,0,0,457.9,344.15,0,0,0,0,17-AUG-2016,
OPTSTK,GODREJCP,27-Oct-2016,1250,CE,0,0,0,410.6,297.55,0,0,0,0,17-AUG-2016,
OPTSTK,GODREJCP,27-Oct-2016,1300,CE,0,0,0,364.5,252.9,0,0,0,0,17-AUG-2016,
OPTSTK,GODREJCP,27-Oct-2016,1350,CE,0,0,0,320.1,211,0,0,0,0,17-AUG-2016,
OPTSTK,GODREJCP,27-Oct-2016,1400,CE,0,0,0,277.85,172.55,0,0,0,0,17-AUG-2016,
OPTSTK,GODREJCP,27-Oct-2016,1450,CE,0,0,0,238.25,138.1,0,0,0,0,17-AUG-2016,
OPTSTK,GODREJCP,27-Oct-2016,1500,CE,0,0,0,201.75,108.2,0,0,0,0,17-AUG-2016,
OPTSTK,GODREJCP,27-Oct-2016,1550,CE,0,0,0,168.55,82.95,0,0,0,0,17-AUG-2016,
OPTSTK,GODREJCP,27-Oct-2016,1600,CE,0,0,0,139.1,62.2,0,0,0,0,17-AUG-2016,
OPTSTK,GODREJCP,27-Oct-2016,1650,CE,0,0,0,113.3,45.65,0,0,0,0,17-AUG-2016,
OPTSTK,GODREJCP,27-Oct-2016,1700,CE,0,0,0,91.1,32.9,0,0,0,0,17-AUG-2016,
OPTSTK,GODREJCP,27-Oct-2016,1750,CE,0,0,0,72.35,23.2,0,0,0,0,17-AUG-2016,
OPTSTK,GODREJCP,27-Oct-2016,1800,CE,0,0,0,56.8,16.05,0,0,0,0,17-AUG-2016,
OPTSTK,GODREJCP,27-Oct-2016,1850,CE,0,0,0,44.1,10.9,0,0,0,0,17-AUG-2016,
OPTSTK,GODREJCP,27-Oct-2016,1900,CE,0,0,0,33.8,7.25,0,0,0,0,17-AUG-2016,
OPTSTK,GODREJCP,27-Oct-2016,1950,CE,0,0,0,25.65,4.75,0,0,0,0,17-AUG-2016,
OPTSTK,GODREJCP,27-Oct-2016,1050,PE,0,0,0,0.2,0.15,0,0,0,0,17-AUG-2016,
OPTSTK,GODREJCP,27-Oct-2016,1100,PE,0,0,0,0.4,0.45,0,0,0,0,17-AUG-2016,
OPTSTK,GODREJCP,27-Oct-2016,1150,PE,0,0,0,0.95,1.15,0,0,0,0,17-AUG-2016,
OPTSTK,GODREJCP,27-Oct-2016,1200,PE,0,0,0,2,2.55,0,0,0,0,17-AUG-2016,
OPTSTK,GODREJCP,27-Oct-2016,1250,PE,0,0,0,3.8,5.3,0,0,0,0,17-AUG-2016,
OPTSTK,GODREJCP,27-Oct-2016,1300,PE,0,0,0,6.85,10,0,0,0,0,17-AUG-2016,
OPTSTK,GODREJCP,27-Oct-2016,1350,PE,0,0,0,11.6,17.4,0,0,0,0,17-AUG-2016,
OPTSTK,GODREJCP,27-Oct-2016,1400,PE,0,0,0,18.5,28.3,0,0,0,0,17-AUG-2016,
OPTSTK,GODREJCP,27-Oct-2016,1450,PE,0,0,0,28.05,43.15,0,0,0,0,17-AUG-2016,
OPTSTK,GODREJCP,27-Oct-2016,1500,PE,0,0,0,40.7,62.6,0,0,0,0,17-AUG-2016,
OPTSTK,GODREJCP,27-Oct-2016,1550,PE,0,0,0,56.65,86.65,0,0,0,0,17-AUG-2016,
OPTSTK,GODREJCP,27-Oct-2016,1600,PE,0,0,0,76.3,115.3,0,0,0,0,17-AUG-2016,
OPTSTK,GODREJCP,27-Oct-2016,1650,PE,0,0,0,99.65,148.05,0,0,0,0,17-AUG-2016,
OPTSTK,GODREJCP,27-Oct-2016,1700,PE,0,0,0,126.6,184.65,0,0,0,0,17-AUG-2016,
OPTSTK,GODREJCP,27-Oct-2016,1750,PE,0,0,0,157,224.25,0,0,0,0,17-AUG-2016,
OPTSTK,GODREJCP,27-Oct-2016,1800,PE,0,0,0,190.55,266.45,0,0,0,0,17-AUG-2016,
OPTSTK,GODREJCP,27-Oct-2016,1850,PE,0,0,0,227.05,310.6,0,0,0,0,17-AUG-2016,
OPTSTK,GODREJCP,27-Oct-2016,1900,PE,0,0,0,265.9,356.35,0,0,0,0,17-AUG-2016,
OPTSTK,GODREJCP,27-Oct-2016,1950,PE,0,0,0,306.85,403.15,0,0,0,0,17-AUG-2016,
OPTSTK,GODREJIND,25-Aug-2016,220,CE,0,0,0,127.8,190.5,0,0,0,0,17-AUG-2016,
OPTSTK,GODREJIND,25-Aug-2016,230,CE,0,0,0,118,180.5,0,0,0,0,17-AUG-2016,
OPTSTK,GODREJIND,25-Aug-2016,240,CE,0,0,0,108.2,170.55,0,0,0,0,17-AUG-2016,
OPTSTK,GODREJIND,25-Aug-2016,250,CE,0,0,0,98.4,160.55,0,0,0,0,17-AUG-2016,
OPTSTK,GODREJIND,25-Aug-2016,260,CE,0,0,0,88.7,150.55,0,0,0,0,17-AUG-2016,
OPTSTK,GODREJIND,25-Aug-2016,270,CE,0,0,0,79.1,140.55,0,0,0,0,17-AUG-2016,
OPTSTK,GODREJIND,25-Aug-2016,280,CE,0,0,0,69.65,130.6,0,0,0,0,17-AUG-2016,
OPTSTK,GODREJIND,25-Aug-2016,290,CE,0,0,0,60.55,120.6,0,0,0,0,17-AUG-2016,
OPTSTK,GODREJIND,25-Aug-2016,300,CE,0,0,0,51.8,110.6,0,0,0,0,17-AUG-2016,
OPTSTK,GODREJIND,25-Aug-2016,310,CE,0,0,0,43.6,100.65,0,0,0,0,17-AUG-2016,
OPTSTK,GODREJIND,25-Aug-2016,320,CE,0,0,0,36.1,90.65,0,0,0,0,17-AUG-2016,
OPTSTK,GODREJIND,25-Aug-2016,330,CE,0,0,0,29.35,80.65,0,0,0,0,17-AUG-2016,
OPTSTK,GODREJIND,25-Aug-2016,340,CE,0,0,0,23.4,70.7,0,0,0,0,17-AUG-2016,
OPTSTK,GODREJIND,25-Aug-2016,350,CE,0,0,0,18.3,60.7,0,0,0,0,17-AUG-2016,
OPTSTK,GODREJIND,25-Aug-2016,360,CE,0,0,0,14.05,50.75,0,0,0,0,17-AUG-2016,
OPTSTK,GODREJIND,25-Aug-2016,370,CE,0,0,0,30.6,40.85,0,0,1500,0,17-AUG-2016,
OPTSTK,GODREJIND,25-Aug-2016,380,CE,0,0,0,7.85,31.25,0,0,0,0,17-AUG-2016,
OPTSTK,GODREJIND,25-Aug-2016,390,CE,0,0,0,19.95,22.3,0,0,7500,0,17-AUG-2016,
OPTSTK,GODREJIND,25-Aug-2016,400,CE,11.05,15,9.15,15,15,6,37.1,27000,-4500,17-AUG-2016,
OPTSTK,GODREJIND,25-Aug-2016,410,CE,9.8,9.8,6.45,7.15,7.15,25,156.8,52500,1500,17-AUG-2016,
OPTSTK,GODREJIND,25-Aug-2016,420,CE,3.5,4.9,2.95,4.9,4.9,4,25.43,60000,0,17-AUG-2016,
OPTSTK,GODREJIND,25-Aug-2016,430,CE,2.3,2.3,0.75,0.75,0.75,2,12.94,9000,0,17-AUG-2016,
OPTSTK,GODREJIND,25-Aug-2016,440,CE,0,0,0,1,0.85,0,0,25500,0,17-AUG-2016,
OPTSTK,GODREJIND,25-Aug-2016,450,CE,0,0,0,0.55,0.3,0,0,15000,0,17-AUG-2016,
OPTSTK,GODREJIND,25-Aug-2016,460,CE,0,0,0,4.05,0.1,0,0,4500,0,17-AUG-2016,
OPTSTK,GODREJIND,25-Aug-2016,470,CE,0,0,0,4.5,0.05,0,0,4500,0,17-AUG-2016,
OPTSTK,GODREJIND,25-Aug-2016,480,CE,0,0,0,3.95,0.05,0,0,4500,0,17-AUG-2016,
OPTSTK,GODREJIND,25-Aug-2016,490,CE,0,0,0,1.95,0,0,0,3000,0,17-AUG-2016,
OPTSTK,GODREJIND,25-Aug-2016,500,CE,0,0,0,0.1,0,0,0,0,0,17-AUG-2016,
OPTSTK,GODREJIND,25-Aug-2016,510,CE,0,0,0,0.25,0,0,0,0,0,17-AUG-2016,
OPTSTK,GODREJIND,25-Aug-2016,520,CE,0,0,0,0.1,0,0,0,0,0,17-AUG-2016,
OPTSTK,GODREJIND,25-Aug-2016,530,CE,0,0,0,0.2,0,0,0,0,0,17-AUG-2016,
OPTSTK,GODREJIND,25-Aug-2016,220,PE,0,0,0,0.05,0,0,0,0,0,17-AUG-2016,
OPTSTK,GODREJIND,25-Aug-2016,230,PE,0,0,0,0.05,0,0,0,0,0,17-AUG-2016,
OPTSTK,GODREJIND,25-Aug-2016,240,PE,0,0,0,0.05,0,0,0,0,0,17-AUG-2016,
OPTSTK,GODREJIND,25-Aug-2016,250,PE,0,0,0,0.1,0,0,0,0,0,17-AUG-2016,
OPTSTK,GODREJIND,25-Aug-2016,260,PE,0,0,0,0.2,0,0,0,0,0,17-AUG-2016,
OPTSTK,GODREJIND,25-Aug-2016,270,PE,0,0,0,0.4,0,0,0,0,0,17-AUG-2016,
OPTSTK,GODREJIND,25-Aug-2016,280,PE,0,0,0,0.8,0,0,0,0,0,17-AUG-2016,
OPTSTK,GODREJIND,25-Aug-2016,290,PE,0,0,0,1.5,0,0,0,0,0,17-AUG-2016,
OPTSTK,GODREJIND,25-Aug-2016,300,PE,0,0,0,2.6,0,0,0,0,0,17-AUG-2016,
OPTSTK,GODREJIND,25-Aug-2016,310,PE,0,0,0,4.25,0,0,0,0,0,17-AUG-2016,
OPTSTK,GODREJIND,25-Aug-2016,320,PE,0,0,0,6.55,0,0,0,0,0,17-AUG-2016,
OPTSTK,GODREJIND,25-Aug-2016,330,PE,0,0,0,9.6,0,0,0,0,0,17-AUG-2016,
OPTSTK,GODREJIND,25-Aug-2016,340,PE,0,0,0,13.5,0,0,0,0,0,17-AUG-2016,
OPTSTK,GODREJIND,25-Aug-2016,350,PE,0,0,0,18.2,0,0,0,0,0,17-AUG-2016,
OPTSTK,GODREJIND,25-Aug-2016,360,PE,0,0,0,1.6,0.05,0,0,0,0,17-AUG-2016,
OPTSTK,GODREJIND,25-Aug-2016,370,PE,0,0,0,30.15,0.15,0,0,0,0,17-AUG-2016,
OPTSTK,GODREJIND,25-Aug-2016,380,PE,0,0,0,0.4,0.5,0,0,13500,0,17-AUG-2016,
OPTSTK,GODREJIND,25-Aug-2016,390,PE,0,0,0,1.8,1.55,0,0,18000,0,17-AUG-2016,
OPTSTK,GODREJIND,25-Aug-2016,400,PE,3.45,3.45,2.05,2.35,2.35,6,36.21,114000,0,17-AUG-2016,
OPTSTK,GODREJIND,25-Aug-2016,410,PE,12.4,12.4,12.4,12.4,12.4,1,6.33,10500,1500,17-AUG-2016,
OPTSTK,GODREJIND,25-Aug-2016,420,PE,13,13,13,13,13,1,6.49,25500,0,17-AUG-2016,
OPTSTK,GODREJIND,25-Aug-2016,430,PE,0,0,0,19.2,21.25,0,0,9000,0,17-AUG-2016,
OPTSTK,GODREJIND,25-Aug-2016,440,PE,0,0,0,42.9,30.05,0,0,16500,0,17-AUG-2016,
OPTSTK,GODREJIND,25-Aug-2016,450,PE,0,0,0,52.75,39.5,0,0,3000,0,17-AUG-2016,
OPTSTK,GODREJIND,25-Aug-2016,460,PE,0,0,0,108.35,49.25,0,0,0,0,17-AUG-2016,
OPTSTK,GODREJIND,25-Aug-2016,470,PE,0,0,0,118.05,59.2,0,0,0,0,17-AUG-2016,
OPTSTK,GODREJIND,25-Aug-2016,480,PE,0,0,0,127.75,69.15,0,0,0,0,17-AUG-2016,
OPTSTK,GODREJIND,25-Aug-2016,490,PE,0,0,0,133.8,79.15,0,0,0,0,17-AUG-2016,
OPTSTK,GODREJIND,25-Aug-2016,500,PE,0,0,0,136.05,89.1,0,0,0,0,17-AUG-2016,
OPTSTK,GODREJIND,25-Aug-2016,510,PE,0,0,0,134.35,99.1,0,0,0,0,17-AUG-2016,
OPTSTK,GODREJIND,25-Aug-2016,520,PE,0,0,0,135.9,109.1,0,0,0,0,17-AUG-2016,
OPTSTK,GODREJIND,25-Aug-2016,530,PE,0,0,0,129.85,119.1,0,0,0,0,17-AUG-2016,
OPTSTK,GODREJIND,29-Sep-2016,240,CE,0,0,0,161.3,172.1,0,0,0,0,17-AUG-2016,
OPTSTK,GODREJIND,29-Sep-2016,250,CE,0,0,0,151.5,162.2,0,0,0,0,17-AUG-2016,
OPTSTK,GODREJIND,29-Sep-2016,260,CE,0,0,0,141.75,152.3,0,0,0,0,17-AUG-2016,
OPTSTK,GODREJIND,29-Sep-2016,270,CE,0,0,0,132.05,142.35,0,0,0,0,17-AUG-2016,
OPTSTK,GODREJIND,29-Sep-2016,280,CE,0,0,0,122.45,132.45,0,0,0,0,17-AUG-2016,
OPTSTK,GODREJIND,29-Sep-2016,290,CE,0,0,0,113,122.55,0,0,0,0,17-AUG-2016,
OPTSTK,GODREJIND,29-Sep-2016,300,CE,0,0,0,103.65,112.65,0,0,0,0,17-AUG-2016,
OPTSTK,GODREJIND,29-Sep-2016,310,CE,0,0,0,94.6,102.75,0,0,0,0,17-AUG-2016,
OPTSTK,GODREJIND,29-Sep-2016,320,CE,0,0,0,85.75,92.95,0,0,0,0,17-AUG-2016,
OPTSTK,GODREJIND,29-Sep-2016,330,CE,0,0,0,77.25,83.25,0,0,0,0,17-AUG-2016,
OPTSTK,GODREJIND,29-Sep-2016,340,CE,0,0,0,69.15,73.75,0,0,0,0,17-AUG-2016,
OPTSTK,GODREJIND,29-Sep-2016,350,CE,0,0,0,61.5,64.45,0,0,0,0,17-AUG-2016,
OPTSTK,GODREJIND,29-Sep-2016,360,CE,0,0,0,54.3,55.6,0,0,0,0,17-AUG-2016,
OPTSTK,GODREJIND,29-Sep-2016,370,CE,0,0,0,47.6,47.2,0,0,0,0,17-AUG-2016,
OPTSTK,GODREJIND,29-Sep-2016,380,CE,0,0,0,41.5,39.4,0,0,0,0,17-AUG-2016,
OPTSTK,GODREJIND,29-Sep-2016,390,CE,0,0,0,35.9,32.35,0,0,0,0,17-AUG-2016,
OPTSTK,GODREJIND,29-Sep-2016,400,CE,0,0,0,30.85,26.05,0,0,0,0,17-AUG-2016,
OPTSTK,GODREJIND,29-Sep-2016,410,CE,0,0,0,26.35,20.65,0,0,0,0,17-AUG-2016,
OPTSTK,GODREJIND,29-Sep-2016,420,CE,0,0,0,22.35,16,0,0,0,0,17-AUG-2016,
OPTSTK,GODREJIND,29-Sep-2016,430,CE,0,0,0,18.85,12.2,0,0,0,0,17-AUG-2016,
OPTSTK,GODREJIND,29-Sep-2016,440,CE,0,0,0,15.8,9.15,0,0,0,0,17-AUG-2016,
OPTSTK,GODREJIND,29-Sep-2016,450,CE,0,0,0,13.15,6.7,0,0,0,0,17-AUG-2016,
OPTSTK,GODREJIND,29-Sep-2016,460,CE,0,0,0,10.9,4.85,0,0,0,0,17-AUG-2016,
OPTSTK,GODREJIND,29-Sep-2016,470,CE,0,0,0,9,3.45,0,0,0,0,17-AUG-2016,
OPTSTK,GODREJIND,29-Sep-2016,480,CE,0,0,0,7.35,2.4,0,0,0,0,17-AUG-2016,
OPTSTK,GODREJIND,29-Sep-2016,490,CE,0,0,0,6,1.65,0,0,0,0,17-AUG-2016,
OPTSTK,GODREJIND,29-Sep-2016,500,CE,0,0,0,1.4,1.1,0,0,1500,0,17-AUG-2016,
OPTSTK,GODREJIND,29-Sep-2016,510,CE,0,0,0,3.95,0.75,0,0,0,0,17-AUG-2016,
OPTSTK,GODREJIND,29-Sep-2016,520,CE,0,0,0,3.2,0.5,0,0,0,0,17-AUG-2016,
OPTSTK,GODREJIND,29-Sep-2016,530,CE,0,0,0,2.55,0.35,0,0,0,0,17-AUG-2016,
OPTSTK,GODREJIND,29-Sep-2016,240,PE,0,0,0,0.05,0,0,0,0,0,17-AUG-2016,
OPTSTK,GODREJIND,29-Sep-2016,250,PE,0,0,0,0.1,0,0,0,0,0,17-AUG-2016,
OPTSTK,GODREJIND,29-Sep-2016,260,PE,0,0,0,0.15,0,0,0,0,0,17-AUG-2016,
OPTSTK,GODREJIND,29-Sep-2016,270,PE,0,0,0,0.3,0,0,0,0,0,17-AUG-2016,
OPTSTK,GODREJIND,29-Sep-2016,280,PE,0,0,0,0.5,0,0,0,0,0,17-AUG-2016,
OPTSTK,GODREJIND,29-Sep-2016,290,PE,0,0,0,0.85,0.05,0,0,0,0,17-AUG-2016,
OPTSTK,GODREJIND,29-Sep-2016,300,PE,0,0,0,1.35,0.05,0,0,0,0,17-AUG-2016,
OPTSTK,GODREJIND,29-Sep-2016,310,PE,0,0,0,2.1,0.1,0,0,0,0,17-AUG-2016,
OPTSTK,GODREJIND,29-Sep-2016,320,PE,0,0,0,3.1,0.2,0,0,0,0,17-AUG-2016,
OPTSTK,GODREJIND,29-Sep-2016,330,PE,0,0,0,4.45,0.45,0,0,0,0,17-AUG-2016,
OPTSTK,GODREJIND,29-Sep-2016,340,PE,0,0,0,6.15,0.8,0,0,0,0,17-AUG-2016,
OPTSTK,GODREJIND,29-Sep-2016,350,PE,0,0,0,8.3,1.5,0,0,0,0,17-AUG-2016,
OPTSTK,GODREJIND,29-Sep-2016,360,PE,0,0,0,10.95,2.5,0,0,0,0,17-AUG-2016,
OPTSTK,GODREJIND,29-Sep-2016,370,PE,0,0,0,14.1,4.05,0,0,0,0,17-AUG-2016,
OPTSTK,GODREJIND,29-Sep-2016,380,PE,0,0,0,17.75,6.2,0,0,0,0,17-AUG-2016,
OPTSTK,GODREJIND,29-Sep-2016,390,PE,0,0,0,22,9.05,0,0,0,0,17-AUG-2016,
OPTSTK,GODREJIND,29-Sep-2016,400,PE,12.35,12.35,12.35,12.35,12.35,1,6.18,0,-1500,17-AUG-2016,
OPTSTK,GODREJIND,29-Sep-2016,410,PE,0,0,0,32.1,17.15,0,0,0,0,17-AUG-2016,
OPTSTK,GODREJIND,29-Sep-2016,420,PE,0,0,0,37.9,22.45,0,0,0,0,17-AUG-2016,
OPTSTK,GODREJIND,29-Sep-2016,430,PE,0,0,0,44.25,28.6,0,0,0,0,17-AUG-2016,
OPTSTK,GODREJIND,29-Sep-2016,440,PE,0,0,0,51,35.4,0,0,0,0,17-AUG-2016,
OPTSTK,GODREJIND,29-Sep-2016,450,PE,0,0,0,58.2,42.9,0,0,0,0,17-AUG-2016,
OPTSTK,GODREJIND,29-Sep-2016,460,PE,0,0,0,65.8,51,0,0,0,0,17-AUG-2016,
OPTSTK,GODREJIND,29-Sep-2016,470,PE,0,0,0,73.7,59.5,0,0,0,0,17-AUG-2016,
OPTSTK,GODREJIND,29-Sep-2016,480,PE,0,0,0,81.9,68.35,0,0,0,0,17-AUG-2016,
OPTSTK,GODREJIND,29-Sep-2016,490,PE,0,0,0,90.35,77.55,0,0,0,0,17-AUG-2016,
OPTSTK,GODREJIND,29-Sep-2016,500,PE,0,0,0,99.05,86.9,0,0,0,0,17-AUG-2016,
OPTSTK,GODREJIND,29-Sep-2016,510,PE,0,0,0,107.95,96.45,0,0,0,0,17-AUG-2016,
OPTSTK,GODREJIND,29-Sep-2016,520,PE,0,0,0,117,106.15,0,0,0,0,17-AUG-2016,
OPTSTK,GODREJIND,29-Sep-2016,530,PE,0,0,0,126.2,115.9,0,0,0,0,17-AUG-2016,
OPTSTK,GODREJIND,27-Oct-2016,280,CE,0,0,0,162.7,133.95,0,0,0,0,17-AUG-2016,
OPTSTK,GODREJIND,27-Oct-2016,290,CE,0,0,0,152.95,124.15,0,0,0,0,17-AUG-2016,
OPTSTK,GODREJIND,27-Oct-2016,300,CE,0,0,0,143.2,114.45,0,0,0,0,17-AUG-2016,
OPTSTK,GODREJIND,27-Oct-2016,310,CE,0,0,0,133.5,104.8,0,0,0,0,17-AUG-2016,
OPTSTK,GODREJIND,27-Oct-2016,320,CE,0,0,0,123.9,95.3,0,0,0,0,17-AUG-2016,
OPTSTK,GODREJIND,27-Oct-2016,330,CE,0,0,0,114.4,86,0,0,0,0,17-AUG-2016,
OPTSTK,GODREJIND,27-Oct-2016,340,CE,0,0,0,105.1,76.95,0,0,0,0,17-AUG-2016,
OPTSTK,GODREJIND,27-Oct-2016,350,CE,0,0,0,96,68.25,0,0,0,0,17-AUG-2016,
OPTSTK,GODREJIND,27-Oct-2016,360,CE,0,0,0,87.15,60,0,0,0,0,17-AUG-2016,
OPTSTK,GODREJIND,27-Oct-2016,370,CE,0,0,0,78.6,52.2,0,0,0,0,17-AUG-2016,
OPTSTK,GODREJIND,27-Oct-2016,380,CE,0,0,0,70.45,45,0,0,0,0,17-AUG-2016,
OPTSTK,GODREJIND,27-Oct-2016,390,CE,0,0,0,62.7,38.35,0,0,0,0,17-AUG-2016,
OPTSTK,GODREJIND,27-Oct-2016,400,CE,0,0,0,55.45,32.4,0,0,0,0,17-AUG-2016,
OPTSTK,GODREJIND,27-Oct-2016,410,CE,0,0,0,48.65,27.05,0,0,0,0,17-AUG-2016,
OPTSTK,GODREJIND,27-Oct-2016,420,CE,0,0,0,42.45,22.35,0,0,0,0,17-AUG-2016,
OPTSTK,GODREJIND,27-Oct-2016,430,CE,0,0,0,36.75,18.3,0,0,0,0,17-AUG-2016,
OPTSTK,GODREJIND,27-Oct-2016,440,CE,0,0,0,31.6,14.8,0,0,0,0,17-AUG-2016,
OPTSTK,GODREJIND,27-Oct-2016,450,CE,0,0,0,26.95,11.9,0,0,0,0,17-AUG-2016,
OPTSTK,GODREJIND,27-Oct-2016,460,CE,0,0,0,22.85,9.45,0,0,0,0,17-AUG-2016,
OPTSTK,GODREJIND,27-Oct-2016,470,CE,0,0,0,19.25,7.45,0,0,0,0,17-AUG-2016,
OPTSTK,GODREJIND,27-Oct-2016,480,CE,0,0,0,16.15,5.8,0,0,0,0,17-AUG-2016,
OPTSTK,GODREJIND,27-Oct-2016,490,CE,0,0,0,13.4,4.5,0,0,0,0,17-AUG-2016,
OPTSTK,GODREJIND,27-Oct-2016,500,CE,0,0,0,11.1,3.45,0,0,0,0,17-AUG-2016,
OPTSTK,GODREJIND,27-Oct-2016,510,CE,0,0,0,9.1,2.65,0,0,0,0,17-AUG-2016,
OPTSTK,GODREJIND,27-Oct-2016,520,CE,0,0,0,7.45,2,0,0,0,0,17-AUG-2016,
OPTSTK,GODREJIND,27-Oct-2016,530,CE,0,0,0,6.05,1.5,0,0,0,0,17-AUG-2016,
OPTSTK,GODREJIND,27-Oct-2016,280,PE,0,0,0,0.05,0.1,0,0,0,0,17-AUG-2016,
OPTSTK,GODREJIND,27-Oct-2016,290,PE,0,0,0,0.1,0.15,0,0,0,0,17-AUG-2016,
OPTSTK,GODREJIND,27-Oct-2016,300,PE,0,0,0,0.2,0.3,0,0,0,0,17-AUG-2016,
OPTSTK,GODREJIND,27-Oct-2016,310,PE,0,0,0,0.35,0.5,0,0,0,0,17-AUG-2016,
OPTSTK,GODREJIND,27-Oct-2016,320,PE,0,0,0,0.55,0.85,0,0,0,0,17-AUG-2016,
OPTSTK,GODREJIND,27-Oct-2016,330,PE,0,0,0,0.9,1.45,0,0,0,0,17-AUG-2016,
OPTSTK,GODREJIND,27-Oct-2016,340,PE,0,0,0,1.4,2.25,0,0,0,0,17-AUG-2016,
OPTSTK,GODREJIND,27-Oct-2016,350,PE,0,0,0,2.1,3.45,0,0,0,0,17-AUG-2016,
OPTSTK,GODREJIND,27-Oct-2016,360,PE,0,0,0,3.1,5.05,0,0,0,0,17-AUG-2016,
OPTSTK,GODREJIND,27-Oct-2016,370,PE,0,0,0,4.4,7.15,0,0,0,0,17-AUG-2016,
OPTSTK,GODREJIND,27-Oct-2016,380,PE,0,0,0,6.05,9.8,0,0,0,0,17-AUG-2016,
OPTSTK,GODREJIND,27-Oct-2016,390,PE,0,0,0,8.15,13,0,0,0,0,17-AUG-2016,
OPTSTK,GODREJIND,27-Oct-2016,400,PE,0,0,0,10.75,16.9,0,0,0,0,17-AUG-2016,
OPTSTK,GODREJIND,27-Oct-2016,410,PE,0,0,0,13.8,21.45,0,0,0,0,17-AUG-2016,
OPTSTK,GODREJIND,27-Oct-2016,420,PE,0,0,0,17.35,26.6,0,0,0,0,17-AUG-2016,
OPTSTK,GODREJIND,27-Oct-2016,430,PE,0,0,0,21.5,32.4,0,0,0,0,17-AUG-2016,
OPTSTK,GODREJIND,27-Oct-2016,440,PE,0,0,0,26.2,38.8,0,0,0,0,17-AUG-2016,
OPTSTK,GODREJIND,27-Oct-2016,450,PE,0,0,0,31.4,45.75,0,0,0,0,17-AUG-2016,
OPTSTK,GODREJIND,27-Oct-2016,460,PE,0,0,0,37.1,53.2,0,0,0,0,17-AUG-2016,
OPTSTK,GODREJIND,27-Oct-2016,470,PE,0,0,0,43.35,61.05,0,0,0,0,17-AUG-2016,
OPTSTK,GODREJIND,27-Oct-2016,480,PE,0,0,0,50.05,69.25,0,0,0,0,17-AUG-2016,
OPTSTK,GODREJIND,27-Oct-2016,490,PE,0,0,0,57.15,77.8,0,0,0,0,17-AUG-2016,
OPTSTK,GODREJIND,27-Oct-2016,500,PE,0,0,0,64.7,86.65,0,0,0,0,17-AUG-2016,
OPTSTK,GODREJIND,27-Oct-2016,510,PE,0,0,0,72.5,95.7,0,0,0,0,17-AUG-2016,
OPTSTK,GODREJIND,27-Oct-2016,520,PE,0,0,0,80.7,104.9,0,0,0,0,17-AUG-2016,
OPTSTK,GODREJIND,27-Oct-2016,530,PE,0,0,0,89.1,114.3,0,0,0,0,17-AUG-2016,
OPTSTK,GRANULES,25-Aug-2016,85,CE,0,0,0,44.6,47.4,0,0,0,0,17-AUG-2016,
OPTSTK,GRANULES,25-Aug-2016,90,CE,0,0,0,39.7,42.4,0,0,0,0,17-AUG-2016,
OPTSTK,GRANULES,25-Aug-2016,92.5,CE,0,0,0,46.7,39.9,0,0,0,0,17-AUG-2016,
OPTSTK,GRANULES,25-Aug-2016,95,CE,0,0,0,34.85,37.4,0,0,0,0,17-AUG-2016,
OPTSTK,GRANULES,25-Aug-2016,97.5,CE,0,0,0,41.75,34.9,0,0,0,0,17-AUG-2016,
OPTSTK,GRANULES,25-Aug-2016,100,CE,0,0,0,30.05,32.4,0,0,0,0,17-AUG-2016,
OPTSTK,GRANULES,25-Aug-2016,102.5,CE,0,0,0,36.8,29.9,0,0,0,0,17-AUG-2016,
OPTSTK,GRANULES,25-Aug-2016,105,CE,0,0,0,25.4,27.45,0,0,0,0,17-AUG-2016,
OPTSTK,GRANULES,25-Aug-2016,107.5,CE,0,0,0,31.9,24.95,0,0,0,0,17-AUG-2016,
OPTSTK,GRANULES,25-Aug-2016,110,CE,0,0,0,21,22.45,0,0,0,0,17-AUG-2016,
OPTSTK,GRANULES,25-Aug-2016,112.5,CE,0,0,0,27.05,19.95,0,0,0,0,17-AUG-2016,
OPTSTK,GRANULES,25-Aug-2016,115,CE,0,0,0,16.9,17.45,0,0,0,0,17-AUG-2016,
OPTSTK,GRANULES,25-Aug-2016,117.5,CE,0,0,0,22.4,14.95,0,0,0,0,17-AUG-2016,
OPTSTK,GRANULES,25-Aug-2016,120,CE,0,0,0,13.25,12.45,0,0,0,0,17-AUG-2016,
OPTSTK,GRANULES,25-Aug-2016,122.5,CE,0,0,0,17.95,10.05,0,0,0,0,17-AUG-2016,
OPTSTK,GRANULES,25-Aug-2016,125,CE,0,0,0,10.1,7.7,0,0,0,0,17-AUG-2016,
OPTSTK,GRANULES,25-Aug-2016,127.5,CE,0,0,0,13.95,5.6,0,0,0,0,17-AUG-2016,
OPTSTK,GRANULES,25-Aug-2016,130,CE,0,0,0,7.45,3.75,0,0,0,0,17-AUG-2016,
OPTSTK,GRANULES,25-Aug-2016,132.5,CE,0,0,0,10.4,2.35,0,0,0,0,17-AUG-2016,
OPTSTK,GRANULES,25-Aug-2016,135,CE,1.15,1.5,1.1,1.15,1.15,12,81.76,145000,40000,17-AUG-2016,
OPTSTK,GRANULES,25-Aug-2016,137.5,CE,0,0,0,7.45,0.7,0,0,0,0,17-AUG-2016,
OPTSTK,GRANULES,25-Aug-2016,140,CE,0.75,0.75,0.4,0.4,0.4,4,28.11,355000,10000,17-AUG-2016,
OPTSTK,GRANULES,25-Aug-2016,142.5,CE,0,0,0,1.15,0.15,0,0,5000,0,17-AUG-2016,
OPTSTK,GRANULES,25-Aug-2016,145,CE,0.25,0.25,0.25,0.25,0.25,2,14.52,275000,-10000,17-AUG-2016,
OPTSTK,GRANULES,25-Aug-2016,147.5,CE,0,0,0,3.8,0.05,0,0,5000,0,17-AUG-2016,
OPTSTK,GRANULES,25-Aug-2016,150,CE,0.1,0.15,0.1,0.15,0.15,2,15.01,425000,0,17-AUG-2016,
OPTSTK,GRANULES,25-Aug-2016,152.5,CE,0,0,0,2.15,0,0,0,0,0,17-AUG-2016,
OPTSTK,GRANULES,25-Aug-2016,155,CE,0.1,0.1,0.1,0.1,0.1,2,15.51,20000,0,17-AUG-2016,
OPTSTK,GRANULES,25-Aug-2016,157.5,CE,0,0,0,1.35,0,0,0,0,0,17-AUG-2016,
OPTSTK,GRANULES,25-Aug-2016,160,CE,0,0,0,0.6,0,0,0,20000,0,17-AUG-2016,
OPTSTK,GRANULES,25-Aug-2016,162.5,CE,0,0,0,0.8,0,0,0,0,0,17-AUG-2016,
OPTSTK,GRANULES,25-Aug-2016,165,CE,0,0,0,0.45,0,0,0,0,0,17-AUG-2016,
OPTSTK,GRANULES,25-Aug-2016,167.5,CE,0,0,0,0.45,0,0,0,0,0,17-AUG-2016,
OPTSTK,GRANULES,25-Aug-2016,170,CE,0,0,0,0.3,0,0,0,0,0,17-AUG-2016,
OPTSTK,GRANULES,25-Aug-2016,172.5,CE,0,0,0,0.25,0,0,0,0,0,17-AUG-2016,
OPTSTK,GRANULES,25-Aug-2016,175,CE,0,0,0,0.15,0,0,0,0,0,17-AUG-2016,
OPTSTK,GRANULES,25-Aug-2016,85,PE,0,0,0,0.05,0,0,0,0,0,17-AUG-2016,
OPTSTK,GRANULES,25-Aug-2016,90,PE,0,0,0,0.05,0,0,0,0,0,17-AUG-2016,
OPTSTK,GRANULES,25-Aug-2016,92.5,PE,0,0,0,0.05,0,0,0,0,0,17-AUG-2016,
OPTSTK,GRANULES,25-Aug-2016,95,PE,0,0,0,0.1,0,0,0,0,0,17-AUG-2016,
OPTSTK,GRANULES,25-Aug-2016,97.5,PE,0,0,0,0.05,0,0,0,0,0,17-AUG-2016,
OPTSTK,GRANULES,25-Aug-2016,100,PE,0,0,0,0.2,0,0,0,0,0,17-AUG-2016,
OPTSTK,GRANULES,25-Aug-2016,102.5,PE,0,0,0,0.05,0,0,0,0,0,17-AUG-2016,
OPTSTK,GRANULES,25-Aug-2016,105,PE,0,0,0,0.5,0,0,0,0,0,17-AUG-2016,
OPTSTK,GRANULES,25-Aug-2016,107.5,PE,0,0,0,0.1,0,0,0,0,0,17-AUG-2016,
OPTSTK,GRANULES,25-Aug-2016,110,PE,0,0,0,1,0,0,0,0,0,17-AUG-2016,
OPTSTK,GRANULES,25-Aug-2016,112.5,PE,0,0,0,0.2,0,0,0,0,0,17-AUG-2016,
OPTSTK,GRANULES,25-Aug-2016,115,PE,0,0,0,1.8,0,0,0,0,0,17-AUG-2016,
OPTSTK,GRANULES,25-Aug-2016,117.5,PE,0.05,2.95,0.05,2.95,2.95,2,11.9,5000,5000,17-AUG-2016,
OPTSTK,GRANULES,25-Aug-2016,120,PE,0,0,0,3.05,0.05,0,0,0,0,17-AUG-2016,
OPTSTK,GRANULES,25-Aug-2016,122.5,PE,0,0,0,1,0.1,0,0,0,0,17-AUG-2016,
OPTSTK,GRANULES,25-Aug-2016,125,PE,0,0,0,1.2,0.3,0,0,20000,0,17-AUG-2016,
OPTSTK,GRANULES,25-Aug-2016,127.5,PE,0,0,0,1.9,0.65,0,0,0,0,17-AUG-2016,
OPTSTK,GRANULES,25-Aug-2016,130,PE,1,1.9,1,1.2,1.2,5,32.84,120000,-10000,17-AUG-2016,
OPTSTK,GRANULES,25-Aug-2016,132.5,PE,0,0,0,2.25,2.4,0,0,10000,0,17-AUG-2016,
OPTSTK,GRANULES,25-Aug-2016,135,PE,0,0,0,3.1,3.85,0,0,85000,0,17-AUG-2016,
OPTSTK,GRANULES,25-Aug-2016,137.5,PE,0,0,0,5.3,5.75,0,0,0,0,17-AUG-2016,
OPTSTK,GRANULES,25-Aug-2016,140,PE,0,0,0,7.25,7.85,0,0,85000,0,17-AUG-2016,
OPTSTK,GRANULES,25-Aug-2016,142.5,PE,0,0,0,5.7,10.2,0,0,5000,0,17-AUG-2016,
OPTSTK,GRANULES,25-Aug-2016,145,PE,0,0,0,5.5,12.6,0,0,5000,0,17-AUG-2016,
OPTSTK,GRANULES,25-Aug-2016,147.5,PE,0,0,0,11.15,15.05,0,0,0,0,17-AUG-2016,
OPTSTK,GRANULES,25-Aug-2016,150,PE,0,0,0,8.75,17.55,0,0,5000,0,17-AUG-2016,
OPTSTK,GRANULES,25-Aug-2016,152.5,PE,0,0,0,14.85,20.05,0,0,0,0,17-AUG-2016,
OPTSTK,GRANULES,25-Aug-2016,155,PE,0,0,0,25.3,22.55,0,0,0,0,17-AUG-2016,
OPTSTK,GRANULES,25-Aug-2016,157.5,PE,0,0,0,18.95,25.05,0,0,0,0,17-AUG-2016,
OPTSTK,GRANULES,25-Aug-2016,160,PE,0,0,0,29.8,27.55,0,0,0,0,17-AUG-2016,
OPTSTK,GRANULES,25-Aug-2016,162.5,PE,0,0,0,23.35,30.05,0,0,0,0,17-AUG-2016,
OPTSTK,GRANULES,25-Aug-2016,165,PE,0,0,0,34.45,32.5,0,0,0,0,17-AUG-2016,
OPTSTK,GRANULES,25-Aug-2016,167.5,PE,0,0,0,28,35,0,0,0,0,17-AUG-2016,
OPTSTK,GRANULES,25-Aug-2016,170,PE,0,0,0,39.2,37.5,0,0,0,0,17-AUG-2016,
OPTSTK,GRANULES,25-Aug-2016,172.5,PE,0,0,0,32.7,40,0,0,0,0,17-AUG-2016,
OPTSTK,GRANULES,25-Aug-2016,175,PE,0,0,0,44,42.5,0,0,0,0,17-AUG-2016,
OPTSTK,GRANULES,29-Sep-2016,87.5,CE,0,0,0,52.2,45.5,0,0,0,0,17-AUG-2016,
OPTSTK,GRANULES,29-Sep-2016,90,CE,0,0,0,49.75,43,0,0,0,0,17-AUG-2016,
OPTSTK,GRANULES,29-Sep-2016,92.5,CE,0,0,0,47.3,40.5,0,0,0,0,17-AUG-2016,
OPTSTK,GRANULES,29-Sep-2016,95,CE,0,0,0,44.85,38.05,0,0,0,0,17-AUG-2016,
OPTSTK,GRANULES,29-Sep-2016,97.5,CE,0,0,0,42.45,35.55,0,0,0,0,17-AUG-2016,
OPTSTK,GRANULES,29-Sep-2016,100,CE,0,0,0,40,33.1,0,0,0,0,17-AUG-2016,
OPTSTK,GRANULES,29-Sep-2016,102.5,CE,0,0,0,37.6,30.6,0,0,0,0,17-AUG-2016,
OPTSTK,GRANULES,29-Sep-2016,105,CE,0,0,0,35.2,28.15,0,0,0,0,17-AUG-2016,
OPTSTK,GRANULES,29-Sep-2016,107.5,CE,0,0,0,32.8,25.7,0,0,0,0,17-AUG-2016,
OPTSTK,GRANULES,29-Sep-2016,110,CE,0,0,0,30.45,23.3,0,0,0,0,17-AUG-2016,
OPTSTK,GRANULES,29-Sep-2016,112.5,CE,0,0,0,28.15,20.95,0,0,0,0,17-AUG-2016,
OPTSTK,GRANULES,29-Sep-2016,115,CE,0,0,0,25.95,18.65,0,0,0,0,17-AUG-2016,
OPTSTK,GRANULES,29-Sep-2016,117.5,CE,0,0,0,23.75,16.4,0,0,0,0,17-AUG-2016,
OPTSTK,GRANULES,29-Sep-2016,120,CE,0,0,0,21.65,14.25,0,0,0,0,17-AUG-2016,
OPTSTK,GRANULES,29-Sep-2016,122.5,CE,0,0,0,19.6,12.25,0,0,0,0,17-AUG-2016,
OPTSTK,GRANULES,29-Sep-2016,125,CE,0,0,0,17.7,10.4,0,0,0,0,17-AUG-2016,
OPTSTK,GRANULES,29-Sep-2016,127.5,CE,0,0,0,15.85,8.7,0,0,0,0,17-AUG-2016,
OPTSTK,GRANULES,29-Sep-2016,130,CE,0,0,0,14.15,7.2,0,0,0,0,17-AUG-2016,
OPTSTK,GRANULES,29-Sep-2016,132.5,CE,0,0,0,12.5,5.85,0,0,0,0,17-AUG-2016,
OPTSTK,GRANULES,29-Sep-2016,135,CE,4,4,4,4,4,1,6.95,5000,5000,17-AUG-2016,
OPTSTK,GRANULES,29-Sep-2016,137.5,CE,0,0,0,9.65,3.7,0,0,0,0,17-AUG-2016,
OPTSTK,GRANULES,29-Sep-2016,140,CE,0,0,0,8.4,2.9,0,0,0,0,17-AUG-2016,
OPTSTK,GRANULES,29-Sep-2016,142.5,CE,0,0,0,7.3,2.2,0,0,0,0,17-AUG-2016,
OPTSTK,GRANULES,29-Sep-2016,145,CE,0,0,0,6.3,1.65,0,0,0,0,17-AUG-2016,
OPTSTK,GRANULES,29-Sep-2016,147.5,CE,0,0,0,5.4,1.25,0,0,0,0,17-AUG-2016,
OPTSTK,GRANULES,29-Sep-2016,150,CE,0,0,0,4.6,0.9,0,0,0,0,17-AUG-2016,
OPTSTK,GRANULES,29-Sep-2016,152.5,CE,0,0,0,3.9,0.65,0,0,0,0,17-AUG-2016,
OPTSTK,GRANULES,29-Sep-2016,155,CE,0,0,0,3.3,0.5,0,0,0,0,17-AUG-2016,
OPTSTK,GRANULES,29-Sep-2016,157.5,CE,0,0,0,2.75,0.35,0,0,0,0,17-AUG-2016,
OPTSTK,GRANULES,29-Sep-2016,160,CE,0,0,0,2.3,0.25,0,0,0,0,17-AUG-2016,
OPTSTK,GRANULES,29-Sep-2016,162.5,CE,0,0,0,1.9,0.2,0,0,0,0,17-AUG-2016,
OPTSTK,GRANULES,29-Sep-2016,165,CE,0,0,0,1.6,0.15,0,0,0,0,17-AUG-2016,
OPTSTK,GRANULES,29-Sep-2016,167.5,CE,0,0,0,1.3,0.1,0,0,0,0,17-AUG-2016,
OPTSTK,GRANULES,29-Sep-2016,170,CE,0,0,0,1.05,0.05,0,0,0,0,17-AUG-2016,
OPTSTK,GRANULES,29-Sep-2016,172.5,CE,0,0,0,0.85,0.05,0,0,0,0,17-AUG-2016,
OPTSTK,GRANULES,29-Sep-2016,175,CE,0,0,0,0.7,0.05,0,0,0,0,17-AUG-2016,
OPTSTK,GRANULES,29-Sep-2016,87.5,PE,0,0,0,0.05,0,0,0,0,0,17-AUG-2016,
OPTSTK,GRANULES,29-Sep-2016,90,PE,0,0,0,0.05,0,0,0,0,0,17-AUG-2016,
OPTSTK,GRANULES,29-Sep-2016,92.5,PE,0,0,0,0.05,0,0,0,0,0,17-AUG-2016,
OPTSTK,GRANULES,29-Sep-2016,95,PE,0,0,0,0.05,0,0,0,0,0,17-AUG-2016,
OPTSTK,GRANULES,29-Sep-2016,97.5,PE,0,0,0,0.05,0,0,0,0,0,17-AUG-2016,
OPTSTK,GRANULES,29-Sep-2016,100,PE,0,0,0,0.1,0.05,0,0,0,0,17-AUG-2016,
OPTSTK,GRANULES,29-Sep-2016,102.5,PE,0,0,0,0.1,0.05,0,0,0,0,17-AUG-2016,
OPTSTK,GRANULES,29-Sep-2016,105,PE,0,0,0,0.2,0.05,0,0,0,0,17-AUG-2016,
OPTSTK,GRANULES,29-Sep-2016,107.5,PE,0,0,0,0.25,0.1,0,0,0,0,17-AUG-2016,
OPTSTK,GRANULES,29-Sep-2016,110,PE,0,0,0,0.4,0.15,0,0,0,0,17-AUG-2016,
OPTSTK,GRANULES,29-Sep-2016,112.5,PE,0,0,0,0.55,0.3,0,0,0,0,17-AUG-2016,
OPTSTK,GRANULES,29-Sep-2016,115,PE,0,0,0,0.75,0.45,0,0,0,0,17-AUG-2016,
OPTSTK,GRANULES,29-Sep-2016,117.5,PE,0,0,0,1,0.7,0,0,0,0,17-AUG-2016,
OPTSTK,GRANULES,29-Sep-2016,120,PE,0,0,0,1.35,1.05,0,0,0,0,17-AUG-2016,
OPTSTK,GRANULES,29-Sep-2016,122.5,PE,0,0,0,1.8,1.5,0,0,0,0,17-AUG-2016,
OPTSTK,GRANULES,29-Sep-2016,125,PE,0,0,0,2.3,2.15,0,0,0,0,17-AUG-2016,
OPTSTK,GRANULES,29-Sep-2016,127.5,PE,0,0,0,2.95,2.9,0,0,0,0,17-AUG-2016,
OPTSTK,GRANULES,29-Sep-2016,130,PE,0,0,0,4,3.9,0,0,5000,0,17-AUG-2016,
OPTSTK,GRANULES,29-Sep-2016,132.5,PE,0,0,0,4.55,5,0,0,0,0,17-AUG-2016,
OPTSTK,GRANULES,29-Sep-2016,135,PE,0,0,0,5.5,6.35,0,0,0,0,17-AUG-2016,
OPTSTK,GRANULES,29-Sep-2016,137.5,PE,0,0,0,6.6,7.85,0,0,0,0,17-AUG-2016,
OPTSTK,GRANULES,29-Sep-2016,140,PE,0,0,0,7.8,9.5,0,0,0,0,17-AUG-2016,
OPTSTK,GRANULES,29-Sep-2016,142.5,PE,0,0,0,9.15,11.3,0,0,0,0,17-AUG-2016,
OPTSTK,GRANULES,29-Sep-2016,145,PE,0,0,0,10.55,13.25,0,0,0,0,17-AUG-2016,
OPTSTK,GRANULES,29-Sep-2016,147.5,PE,0,0,0,12.15,15.3,0,0,0,0,17-AUG-2016,
OPTSTK,GRANULES,29-Sep-2016,150,PE,0,0,0,13.8,17.45,0,0,0,0,17-AUG-2016,
OPTSTK,GRANULES,29-Sep-2016,152.5,PE,0,0,0,15.55,19.7,0,0,0,0,17-AUG-2016,
OPTSTK,GRANULES,29-Sep-2016,155,PE,0,0,0,17.4,22,0,0,0,0,17-AUG-2016,
OPTSTK,GRANULES,29-Sep-2016,157.5,PE,0,0,0,19.3,24.3,0,0,0,0,17-AUG-2016,
OPTSTK,GRANULES,29-Sep-2016,160,PE,0,0,0,21.3,26.7,0,0,0,0,17-AUG-2016,
OPTSTK,GRANULES,29-Sep-2016,162.5,PE,0,0,0,23.4,29.1,0,0,0,0,17-AUG-2016,
OPTSTK,GRANULES,29-Sep-2016,165,PE,0,0,0,25.5,31.55,0,0,0,0,17-AUG-2016,
OPTSTK,GRANULES,29-Sep-2016,167.5,PE,0,0,0,27.7,34,0,0,0,0,17-AUG-2016,
OPTSTK,GRANULES,29-Sep-2016,170,PE,0,0,0,29.9,36.45,0,0,0,0,17-AUG-2016,
OPTSTK,GRANULES,29-Sep-2016,172.5,PE,0,0,0,32.15,38.9,0,0,0,0,17-AUG-2016,
OPTSTK,GRANULES,29-Sep-2016,175,PE,0,0,0,34.45,41.35,0,0,0,0,17-AUG-2016,
OPTSTK,GRANULES,27-Oct-2016,92.5,CE,0,0,0,50.9,41,0,0,0,0,17-AUG-2016,
OPTSTK,GRANULES,27-Oct-2016,95,CE,0,0,0,48.45,38.55,0,0,0,0,17-AUG-2016,
OPTSTK,GRANULES,27-Oct-2016,97.5,CE,0,0,0,46.05,36.1,0,0,0,0,17-AUG-2016,
OPTSTK,GRANULES,27-Oct-2016,100,CE,0,0,0,43.6,33.65,0,0,0,0,17-AUG-2016,
OPTSTK,GRANULES,27-Oct-2016,102.5,CE,0,0,0,41.15,31.25,0,0,0,0,17-AUG-2016,
OPTSTK,GRANULES,27-Oct-2016,105,CE,0,0,0,38.75,28.85,0,0,0,0,17-AUG-2016,
OPTSTK,GRANULES,27-Oct-2016,107.5,CE,0,0,0,36.4,26.5,0,0,0,0,17-AUG-2016,
OPTSTK,GRANULES,27-Oct-2016,110,CE,0,0,0,34,24.2,0,0,0,0,17-AUG-2016,
OPTSTK,GRANULES,27-Oct-2016,112.5,CE,0,0,0,31.7,21.95,0,0,0,0,17-AUG-2016,
OPTSTK,GRANULES,27-Oct-2016,115,CE,0,0,0,29.4,19.8,0,0,0,0,17-AUG-2016,
OPTSTK,GRANULES,27-Oct-2016,117.5,CE,0,0,0,27.2,17.7,0,0,0,0,17-AUG-2016,
OPTSTK,GRANULES,27-Oct-2016,120,CE,0,0,0,25.05,15.75,0,0,0,0,17-AUG-2016,
OPTSTK,GRANULES,27-Oct-2016,122.5,CE,0,0,0,22.95,13.85,0,0,0,0,17-AUG-2016,
OPTSTK,GRANULES,27-Oct-2016,125,CE,0,0,0,20.95,12.1,0,0,0,0,17-AUG-2016,
OPTSTK,GRANULES,27-Oct-2016,127.5,CE,0,0,0,19,10.5,0,0,0,0,17-AUG-2016,
OPTSTK,GRANULES,27-Oct-2016,130,CE,0,0,0,17.2,9.05,0,0,0,0,17-AUG-2016,
OPTSTK,GRANULES,27-Oct-2016,132.5,CE,0,0,0,15.45,7.7,0,0,0,0,17-AUG-2016,
OPTSTK,GRANULES,27-Oct-2016,135,CE,0,0,0,13.8,6.55,0,0,0,0,17-AUG-2016,
OPTSTK,GRANULES,27-Oct-2016,137.5,CE,0,0,0,12.3,5.5,0,0,0,0,17-AUG-2016,
OPTSTK,GRANULES,27-Oct-2016,140,CE,0,0,0,10.9,4.6,0,0,0,0,17-AUG-2016,
OPTSTK,GRANULES,27-Oct-2016,142.5,CE,0,0,0,9.6,3.8,0,0,0,0,17-AUG-2016,
OPTSTK,GRANULES,27-Oct-2016,145,CE,0,0,0,8.45,3.1,0,0,0,0,17-AUG-2016,
OPTSTK,GRANULES,27-Oct-2016,147.5,CE,0,0,0,7.4,2.55,0,0,0,0,17-AUG-2016,
OPTSTK,GRANULES,27-Oct-2016,150,CE,0,0,0,6.4,2.05,0,0,0,0,17-AUG-2016,
OPTSTK,GRANULES,27-Oct-2016,152.5,CE,0,0,0,5.55,1.65,0,0,0,0,17-AUG-2016,
OPTSTK,GRANULES,27-Oct-2016,155,CE,0,0,0,4.8,1.3,0,0,0,0,17-AUG-2016,
OPTSTK,GRANULES,27-Oct-2016,157.5,CE,0,0,0,4.1,1.05,0,0,0,0,17-AUG-2016,
OPTSTK,GRANULES,27-Oct-2016,160,CE,0,0,0,3.5,0.8,0,0,0,0,17-AUG-2016,
OPTSTK,GRANULES,27-Oct-2016,162.5,CE,0,0,0,3,0.65,0,0,0,0,17-AUG-2016,
OPTSTK,GRANULES,27-Oct-2016,165,CE,0,0,0,2.55,0.5,0,0,0,0,17-AUG-2016,
OPTSTK,GRANULES,27-Oct-2016,167.5,CE,0,0,0,2.15,0.4,0,0,0,0,17-AUG-2016,
OPTSTK,GRANULES,27-Oct-2016,170,CE,0,0,0,1.8,0.3,0,0,0,0,17-AUG-2016,
OPTSTK,GRANULES,27-Oct-2016,172.5,CE,0,0,0,1.5,0.25,0,0,0,0,17-AUG-2016,
OPTSTK,GRANULES,27-Oct-2016,175,CE,0,0,0,1.25,0.2,0,0,0,0,17-AUG-2016,
OPTSTK,GRANULES,27-Oct-2016,92.5,PE,0,0,0,0.05,0.05,0,0,0,0,17-AUG-2016,
OPTSTK,GRANULES,27-Oct-2016,95,PE,0,0,0,0.05,0.05,0,0,0,0,17-AUG-2016,
OPTSTK,GRANULES,27-Oct-2016,97.5,PE,0,0,0,0.05,0.05,0,0,0,0,17-AUG-2016,
OPTSTK,GRANULES,27-Oct-2016,100,PE,0,0,0,0.1,0.1,0,0,0,0,17-AUG-2016,
OPTSTK,GRANULES,27-Oct-2016,102.5,PE,0,0,0,0.1,0.15,0,0,0,0,17-AUG-2016,
OPTSTK,GRANULES,27-Oct-2016,105,PE,0,0,0,0.15,0.2,0,0,0,0,17-AUG-2016,
OPTSTK,GRANULES,27-Oct-2016,107.5,PE,0,0,0,0.25,0.35,0,0,0,0,17-AUG-2016,
OPTSTK,GRANULES,27-Oct-2016,110,PE,0,0,0,0.35,0.5,0,0,0,0,17-AUG-2016,
OPTSTK,GRANULES,27-Oct-2016,112.5,PE,0,0,0,0.45,0.7,0,0,0,0,17-AUG-2016,
OPTSTK,GRANULES,27-Oct-2016,115,PE,0,0,0,0.65,1,0,0,0,0,17-AUG-2016,
OPTSTK,GRANULES,27-Oct-2016,117.5,PE,0,0,0,0.9,1.4,0,0,0,0,17-AUG-2016,
OPTSTK,GRANULES,27-Oct-2016,120,PE,0,0,0,1.15,1.9,0,0,0,0,17-AUG-2016,
OPTSTK,GRANULES,27-Oct-2016,122.5,PE,0,0,0,1.55,2.5,0,0,0,0,17-AUG-2016,
OPTSTK,GRANULES,27-Oct-2016,125,PE,0,0,0,2,3.2,0,0,0,0,17-AUG-2016,
OPTSTK,GRANULES,27-Oct-2016,127.5,PE,0,0,0,2.5,4.05,0,0,0,0,17-AUG-2016,
OPTSTK,GRANULES,27-Oct-2016,130,PE,0,0,0,3.15,5.05,0,0,0,0,17-AUG-2016,
OPTSTK,GRANULES,27-Oct-2016,132.5,PE,0,0,0,3.85,6.2,0,0,0,0,17-AUG-2016,
OPTSTK,GRANULES,27-Oct-2016,135,PE,0,0,0,4.7,7.5,0,0,0,0,17-AUG-2016,
OPTSTK,GRANULES,27-Oct-2016,137.5,PE,0,0,0,5.65,8.9,0,0,0,0,17-AUG-2016,
OPTSTK,GRANULES,27-Oct-2016,140,PE,0,0,0,6.7,10.45,0,0,0,0,17-AUG-2016,
OPTSTK,GRANULES,27-Oct-2016,142.5,PE,0,0,0,7.9,12.15,0,0,0,0,17-AUG-2016,
OPTSTK,GRANULES,27-Oct-2016,145,PE,0,0,0,9.15,13.9,0,0,0,0,17-AUG-2016,
OPTSTK,GRANULES,27-Oct-2016,147.5,PE,0,0,0,10.55,15.8,0,0,0,0,17-AUG-2016,
OPTSTK,GRANULES,27-Oct-2016,150,PE,0,0,0,12.05,17.8,0,0,0,0,17-AUG-2016,
OPTSTK,GRANULES,27-Oct-2016,152.5,PE,0,0,0,13.65,19.85,0,0,0,0,17-AUG-2016,
OPTSTK,GRANULES,27-Oct-2016,155,PE,0,0,0,15.3,22,0,0,0,0,17-AUG-2016,
OPTSTK,GRANULES,27-Oct-2016,157.5,PE,0,0,0,17.1,24.2,0,0,0,0,17-AUG-2016,
OPTSTK,GRANULES,27-Oct-2016,160,PE,0,0,0,18.95,26.45,0,0,0,0,17-AUG-2016,
OPTSTK,GRANULES,27-Oct-2016,162.5,PE,0,0,0,20.9,28.7,0,0,0,0,17-AUG-2016,
OPTSTK,GRANULES,27-Oct-2016,165,PE,0,0,0,22.9,31.05,0,0,0,0,17-AUG-2016,
OPTSTK,GRANULES,27-Oct-2016,167.5,PE,0,0,0,24.95,33.4,0,0,0,0,17-AUG-2016,
OPTSTK,GRANULES,27-Oct-2016,170,PE,0,0,0,27.1,35.8,0,0,0,0,17-AUG-2016,
OPTSTK,GRANULES,27-Oct-2016,172.5,PE,0,0,0,29.25,38.2,0,0,0,0,17-AUG-2016,
OPTSTK,GRANULES,27-Oct-2016,175,PE,0,0,0,31.45,40.6,0,0,0,0,17-AUG-2016,
OPTSTK,GRASIM,25-Aug-2016,3350,CE,0,0,0,1040.95,1175.2,0,0,0,0,17-AUG-2016,
OPTSTK,GRASIM,25-Aug-2016,3400,CE,0,0,0,991.95,1125.25,0,0,0,0,17-AUG-2016,
OPTSTK,GRASIM,25-Aug-2016,3450,CE,0,0,0,943.05,1075.35,0,0,0,0,17-AUG-2016,
OPTSTK,GRASIM,25-Aug-2016,3500,CE,0,0,0,894.2,1025.4,0,0,0,0,17-AUG-2016,
OPTSTK,GRASIM,25-Aug-2016,3550,CE,0,0,0,845.55,975.5,0,0,0,0,17-AUG-2016,
OPTSTK,GRASIM,25-Aug-2016,3600,CE,0,0,0,797.15,925.6,0,0,0,0,17-AUG-2016,
OPTSTK,GRASIM,25-Aug-2016,3650,CE,0,0,0,749,875.75,0,0,0,0,17-AUG-2016,
OPTSTK,GRASIM,25-Aug-2016,3700,CE,0,0,0,701.25,825.95,0,0,0,0,17-AUG-2016,
OPTSTK,GRASIM,25-Aug-2016,3750,CE,0,0,0,654.05,776.2,0,0,0,0,17-AUG-2016,
OPTSTK,GRASIM,25-Aug-2016,3800,CE,0,0,0,607.55,726.6,0,0,0,0,17-AUG-2016,
OPTSTK,GRASIM,25-Aug-2016,3850,CE,0,0,0,561.85,677.2,0,0,0,0,17-AUG-2016,
OPTSTK,GRASIM,25-Aug-2016,3900,CE,0,0,0,517.15,628.15,0,0,0,0,17-AUG-2016,
OPTSTK,GRASIM,25-Aug-2016,3950,CE,0,0,0,473.7,579.5,0,0,0,0,17-AUG-2016,
OPTSTK,GRASIM,25-Aug-2016,4000,CE,0,0,0,411.85,531.55,0,0,150,0,17-AUG-2016,
OPTSTK,GRASIM,25-Aug-2016,4050,CE,0,0,0,391.1,484.4,0,0,0,0,17-AUG-2016,
OPTSTK,GRASIM,25-Aug-2016,4100,CE,0,0,0,352.35,438.35,0,0,0,0,17-AUG-2016,
OPTSTK,GRASIM,25-Aug-2016,4150,CE,0,0,0,315.7,393.65,0,0,0,0,17-AUG-2016,
OPTSTK,GRASIM,25-Aug-2016,4200,CE,0,0,0,390,350.7,0,0,0,0,17-AUG-2016,
OPTSTK,GRASIM,25-Aug-2016,4250,CE,0,0,0,335,309.65,0,0,300,0,17-AUG-2016,
OPTSTK,GRASIM,25-Aug-2016,4300,CE,245,249.25,242.2,249.25,249.25,4,27.27,2700,-450,17-AUG-2016,
OPTSTK,GRASIM,25-Aug-2016,4350,CE,0,0,0,190.6,234.7,0,0,0,0,17-AUG-2016,
OPTSTK,GRASIM,25-Aug-2016,4400,CE,139.75,198,139.75,160.85,160.85,12,82.21,4650,-600,17-AUG-2016,
OPTSTK,GRASIM,25-Aug-2016,4450,CE,137.4,160.45,133.65,133.65,133.65,3,20.67,750,-300,17-AUG-2016,
OPTSTK,GRASIM,25-Aug-2016,4500,CE,78.15,148.45,78.15,94.25,94.25,275,1903.96,32250,-4200,17-AUG-2016,
OPTSTK,GRASIM,25-Aug-2016,4550,CE,79.5,110.25,68.65,71.85,71.85,75,522.21,4650,450,17-AUG-2016,
OPTSTK,GRASIM,25-Aug-2016,4600,CE,45.05,93,45,54.2,54.2,1060,7428.34,82650,27150,17-AUG-2016,
OPTSTK,GRASIM,25-Aug-2016,4650,CE,40,70,38.65,40.35,40.35,82,578.63,7350,-450,17-AUG-2016,
OPTSTK,GRASIM,25-Aug-2016,4700,CE,30,55.95,29.75,31.85,31.85,462,3286.36,50850,8550,17-AUG-2016,
OPTSTK,GRASIM,25-Aug-2016,4750,CE,27.75,39.9,21,21,21,32,229.44,3000,0,17-AUG-2016,
OPTSTK,GRASIM,25-Aug-2016,4800,CE,19.55,32.95,15.15,17.25,17.25,390,2820.51,90450,-10500,17-AUG-2016,
OPTSTK,GRASIM,25-Aug-2016,4850,CE,16,20,10.15,10.6,10.6,14,102.15,24000,0,17-AUG-2016,
OPTSTK,GRASIM,25-Aug-2016,4900,CE,13,20,8.2,9.7,9.7,72,530.58,27000,-1050,17-AUG-2016,
OPTSTK,GRASIM,25-Aug-2016,4950,CE,0,0,0,8.9,17.65,0,0,2700,0,17-AUG-2016,
OPTSTK,GRASIM,25-Aug-2016,5000,CE,11.3,13,6.8,7.55,7.55,373,2802.82,129150,-3750,17-AUG-2016,
OPTSTK,GRASIM,25-Aug-2016,5050,CE,5,5,5,5,5,1,7.58,3450,0,17-AUG-2016,
OPTSTK,GRASIM,25-Aug-2016,5100,CE,7.5,8,3.6,3.6,3.6,8,61.26,9600,150,17-AUG-2016,
OPTSTK,GRASIM,25-Aug-2016,5150,CE,1.05,1.05,1.05,1.05,1.05,1,7.72,2100,-150,17-AUG-2016,
OPTSTK,GRASIM,25-Aug-2016,5200,CE,6.95,6.95,3,3,3,12,93.67,19350,-750,17-AUG-2016,
OPTSTK,GRASIM,25-Aug-2016,5250,CE,0,0,0,28.9,2.6,0,0,900,0,17-AUG-2016,
OPTSTK,GRASIM,25-Aug-2016,5300,CE,2.95,3.7,2.95,3.7,3.7,7,55.68,14250,-600,17-AUG-2016,
OPTSTK,GRASIM,25-Aug-2016,5350,CE,0,0,0,11,1.25,0,0,2250,0,17-AUG-2016,
OPTSTK,GRASIM,25-Aug-2016,5400,CE,0,0,0,6,0.85,0,0,2400,0,17-AUG-2016,
OPTSTK,GRASIM,25-Aug-2016,5450,CE,0,0,0,10,0.6,0,0,450,0,17-AUG-2016,
OPTSTK,GRASIM,25-Aug-2016,5500,CE,0,0,0,2.25,0.4,0,0,900,0,17-AUG-2016,
OPTSTK,GRASIM,25-Aug-2016,5550,CE,0,0,0,11.5,0.25,0,0,0,0,17-AUG-2016,
OPTSTK,GRASIM,25-Aug-2016,5600,CE,0,0,0,20,0.2,0,0,300,0,17-AUG-2016,
OPTSTK,GRASIM,25-Aug-2016,5650,CE,0,0,0,7.5,0.15,0,0,0,0,17-AUG-2016,
OPTSTK,GRASIM,25-Aug-2016,5700,CE,0,0,0,4.05,0.1,0,0,0,0,17-AUG-2016,
OPTSTK,GRASIM,25-Aug-2016,5750,CE,0,0,0,3.1,0.05,0,0,0,0,17-AUG-2016,
OPTSTK,GRASIM,25-Aug-2016,5800,CE,0,0,0,2.7,0.05,0,0,0,0,17-AUG-2016,
OPTSTK,GRASIM,25-Aug-2016,3350,PE,0,0,0,0.2,0,0,0,0,0,17-AUG-2016,
OPTSTK,GRASIM,25-Aug-2016,3400,PE,0,0,0,0.3,0,0,0,0,0,17-AUG-2016,
OPTSTK,GRASIM,25-Aug-2016,3450,PE,0,0,0,0.5,0.05,0,0,0,0,17-AUG-2016,
OPTSTK,GRASIM,25-Aug-2016,3500,PE,0,0,0,0.8,0.05,0,0,0,0,17-AUG-2016,
OPTSTK,GRASIM,25-Aug-2016,3550,PE,0,0,0,1.25,0.05,0,0,0,0,17-AUG-2016,
OPTSTK,GRASIM,25-Aug-2016,3600,PE,0,0,0,1.9,0.1,0,0,0,0,17-AUG-2016,
OPTSTK,GRASIM,25-Aug-2016,3650,PE,0,0,0,2.9,0.15,0,0,0,0,17-AUG-2016,
OPTSTK,GRASIM,25-Aug-2016,3700,PE,0,0,0,12,0.25,0,0,300,0,17-AUG-2016,
OPTSTK,GRASIM,25-Aug-2016,3750,PE,0,0,0,6.2,0.45,0,0,0,0,17-AUG-2016,
OPTSTK,GRASIM,25-Aug-2016,3800,PE,0,0,0,6.35,0.75,0,0,1350,0,17-AUG-2016,
OPTSTK,GRASIM,25-Aug-2016,3850,PE,0,0,0,12.15,1.3,0,0,0,0,17-AUG-2016,
OPTSTK,GRASIM,25-Aug-2016,3900,PE,0,0,0,11,2.15,0,0,600,0,17-AUG-2016,
OPTSTK,GRASIM,25-Aug-2016,3950,PE,0,0,0,22.2,3.45,0,0,0,0,17-AUG-2016,
OPTSTK,GRASIM,25-Aug-2016,4000,PE,7,7,3.1,4.05,4.05,17,102.09,18900,-2100,17-AUG-2016,
OPTSTK,GRASIM,25-Aug-2016,4050,PE,6,6,6,6,6,1,6.08,0,-150,17-AUG-2016,
OPTSTK,GRASIM,25-Aug-2016,4100,PE,6,7,5.1,6,6,13,80.06,7950,-1200,17-AUG-2016,
OPTSTK,GRASIM,25-Aug-2016,4150,PE,0,0,0,20,17.3,0,0,150,0,17-AUG-2016,
OPTSTK,GRASIM,25-Aug-2016,4200,PE,16.55,16.55,6.5,8.55,8.55,86,543.01,22200,-1500,17-AUG-2016,
OPTSTK,GRASIM,25-Aug-2016,4250,PE,0,0,0,23,33.15,0,0,450,0,17-AUG-2016,
OPTSTK,GRASIM,25-Aug-2016,4300,PE,26,26,11,17.3,17.3,167,1081.15,17550,-7500,17-AUG-2016,
OPTSTK,GRASIM,25-Aug-2016,4350,PE,25.65,25.65,21,21,21,2,13.11,450,150,17-AUG-2016,
OPTSTK,GRASIM,25-Aug-2016,4400,PE,40.7,41,24.4,32.9,32.9,339,2252.94,28500,7500,17-AUG-2016,
OPTSTK,GRASIM,25-Aug-2016,4450,PE,64.6,64.6,37.2,45.35,45.35,31,209.07,3750,1950,17-AUG-2016,
OPTSTK,GRASIM,25-Aug-2016,4500,PE,71.95,79.05,47.15,68.6,68.6,245,1675.47,37650,1800,17-AUG-2016,
OPTSTK,GRASIM,25-Aug-2016,4550,PE,70,99,70,97.95,97.95,18,125.06,1950,-300,17-AUG-2016,
OPTSTK,GRASIM,25-Aug-2016,4600,PE,130,133,97,130.45,130.45,20,141.48,10050,-450,17-AUG-2016,
OPTSTK,GRASIM,25-Aug-2016,4650,PE,0,0,0,219.75,202.1,0,0,1950,0,17-AUG-2016,
OPTSTK,GRASIM,25-Aug-2016,4700,PE,160,206.65,160,206.65,206.65,7,51.27,16200,-450,17-AUG-2016,
OPTSTK,GRASIM,25-Aug-2016,4750,PE,0,0,0,270,273.25,0,0,3450,0,17-AUG-2016,
OPTSTK,GRASIM,25-Aug-2016,4800,PE,277.15,277.15,270,270,270,2,15.22,22950,-300,17-AUG-2016,
OPTSTK,GRASIM,25-Aug-2016,4850,PE,0,0,0,325,353.1,0,0,20400,0,17-AUG-2016,
OPTSTK,GRASIM,25-Aug-2016,4900,PE,0,0,0,381.45,395.85,0,0,5100,0,17-AUG-2016,
OPTSTK,GRASIM,25-Aug-2016,4950,PE,0,0,0,330,440.1,0,0,750,0,17-AUG-2016,
OPTSTK,GRASIM,25-Aug-2016,5000,PE,0,0,0,484.9,485.55,0,0,3750,0,17-AUG-2016,
OPTSTK,GRASIM,25-Aug-2016,5050,PE,0,0,0,202.5,532,0,0,1950,0,17-AUG-2016,
OPTSTK,GRASIM,25-Aug-2016,5100,PE,550,550,550,550,550,1,8.47,2550,0,17-AUG-2016,
OPTSTK,GRASIM,25-Aug-2016,5150,PE,0,0,0,600,627.25,0,0,150,0,17-AUG-2016,
OPTSTK,GRASIM,25-Aug-2016,5200,PE,631.15,631.15,631.15,631.15,631.15,1,8.74,1650,-150,17-AUG-2016,
OPTSTK,GRASIM,25-Aug-2016,5250,PE,0,0,0,725,724.6,0,0,300,0,17-AUG-2016,
OPTSTK,GRASIM,25-Aug-2016,5300,PE,0,0,0,160,773.7,0,0,600,0,17-AUG-2016,
OPTSTK,GRASIM,25-Aug-2016,5350,PE,0,0,0,926.65,823.1,0,0,0,0,17-AUG-2016,
OPTSTK,GRASIM,25-Aug-2016,5400,PE,0,0,0,180,872.65,0,0,0,0,17-AUG-2016,
OPTSTK,GRASIM,25-Aug-2016,5450,PE,0,0,0,929.95,922.3,0,0,0,0,17-AUG-2016,
OPTSTK,GRASIM,25-Aug-2016,5500,PE,0,0,0,788.45,972,0,0,0,0,17-AUG-2016,
OPTSTK,GRASIM,25-Aug-2016,5550,PE,0,0,0,835.3,1021.8,0,0,0,0,17-AUG-2016,
OPTSTK,GRASIM,25-Aug-2016,5600,PE,0,0,0,882.55,1071.65,0,0,0,0,17-AUG-2016,
OPTSTK,GRASIM,25-Aug-2016,5650,PE,0,0,0,930.25,1121.5,0,0,0,0,17-AUG-2016,
OPTSTK,GRASIM,25-Aug-2016,5700,PE,0,0,0,897.85,1171.4,0,0,0,0,17-AUG-2016,
OPTSTK,GRASIM,25-Aug-2016,5750,PE,0,0,0,946.5,1221.3,0,0,0,0,17-AUG-2016,
OPTSTK,GRASIM,25-Aug-2016,5800,PE,0,0,0,938.1,1271.2,0,0,0,0,17-AUG-2016,
OPTSTK,GRASIM,29-Sep-2016,3650,CE,0,0,0,1084.05,928.65,0,0,0,0,17-AUG-2016,
OPTSTK,GRASIM,29-Sep-2016,3700,CE,0,0,0,1036.25,884.75,0,0,0,0,17-AUG-2016,
OPTSTK,GRASIM,29-Sep-2016,3750,CE,0,0,0,988.8,841.65,0,0,0,0,17-AUG-2016,
OPTSTK,GRASIM,29-Sep-2016,3800,CE,0,0,0,941.75,799.4,0,0,0,0,17-AUG-2016,
OPTSTK,GRASIM,29-Sep-2016,3850,CE,0,0,0,895.2,758.1,0,0,0,0,17-AUG-2016,
OPTSTK,GRASIM,29-Sep-2016,3900,CE,0,0,0,849.25,717.8,0,0,0,0,17-AUG-2016,
OPTSTK,GRASIM,29-Sep-2016,3950,CE,0,0,0,804,678.6,0,0,0,0,17-AUG-2016,
OPTSTK,GRASIM,29-Sep-2016,4000,CE,0,0,0,759.45,640.45,0,0,0,0,17-AUG-2016,
OPTSTK,GRASIM,29-Sep-2016,4050,CE,0,0,0,715.75,603.6,0,0,0,0,17-AUG-2016,
OPTSTK,GRASIM,29-Sep-2016,4100,CE,0,0,0,673,567.8,0,0,0,0,17-AUG-2016,
OPTSTK,GRASIM,29-Sep-2016,4150,CE,0,0,0,631.3,533.05,0,0,0,0,17-AUG-2016,
OPTSTK,GRASIM,29-Sep-2016,4200,CE,0,0,0,590.7,499.8,0,0,0,0,17-AUG-2016,
OPTSTK,GRASIM,29-Sep-2016,4250,CE,0,0,0,551.3,467.85,0,0,0,0,17-AUG-2016,
OPTSTK,GRASIM,29-Sep-2016,4300,CE,0,0,0,513.25,437.25,0,0,0,0,17-AUG-2016,
OPTSTK,GRASIM,29-Sep-2016,4350,CE,0,0,0,476.7,407.95,0,0,0,0,17-AUG-2016,
OPTSTK,GRASIM,29-Sep-2016,4400,CE,0,0,0,300,380,0,0,150,0,17-AUG-2016,
OPTSTK,GRASIM,29-Sep-2016,4450,CE,0,0,0,407.45,353.35,0,0,0,0,17-AUG-2016,
OPTSTK,GRASIM,29-Sep-2016,4500,CE,0,0,0,375.25,328.05,0,0,0,0,17-AUG-2016,
OPTSTK,GRASIM,29-Sep-2016,4550,CE,0,0,0,344.65,304.05,0,0,0,0,17-AUG-2016,
OPTSTK,GRASIM,29-Sep-2016,4600,CE,0,0,0,315.7,281.35,0,0,0,0,17-AUG-2016,
OPTSTK,GRASIM,29-Sep-2016,4650,CE,0,0,0,288.35,259.95,0,0,0,0,17-AUG-2016,
OPTSTK,GRASIM,29-Sep-2016,4700,CE,0,0,0,90,239.8,0,0,1200,0,17-AUG-2016,
OPTSTK,GRASIM,29-Sep-2016,4750,CE,0,0,0,96,220.85,0,0,150,0,17-AUG-2016,
OPTSTK,GRASIM,29-Sep-2016,4800,CE,0,0,0,66.1,203.1,0,0,1500,0,17-AUG-2016,
OPTSTK,GRASIM,29-Sep-2016,4850,CE,0,0,0,64,186.45,0,0,150,0,17-AUG-2016,
OPTSTK,GRASIM,29-Sep-2016,4900,CE,0,0,0,70,170.95,0,0,150,0,17-AUG-2016,
OPTSTK,GRASIM,29-Sep-2016,4950,CE,0,0,0,157.8,156.45,0,0,0,0,17-AUG-2016,
OPTSTK,GRASIM,29-Sep-2016,5000,CE,0,0,0,141.35,143,0,0,0,0,17-AUG-2016,
OPTSTK,GRASIM,29-Sep-2016,5050,CE,0,0,0,126.25,130.75,0,0,0,0,17-AUG-2016,
OPTSTK,GRASIM,29-Sep-2016,5100,CE,0,0,0,295,119.25,0,0,0,0,17-AUG-2016,
OPTSTK,GRASIM,29-Sep-2016,5150,CE,0,0,0,100.15,108.6,0,0,0,0,17-AUG-2016,
OPTSTK,GRASIM,29-Sep-2016,5200,CE,0,0,0,88.8,98.55,0,0,0,0,17-AUG-2016,
OPTSTK,GRASIM,29-Sep-2016,5250,CE,0,0,0,78.35,89.45,0,0,0,0,17-AUG-2016,
OPTSTK,GRASIM,29-Sep-2016,5300,CE,0,0,0,69.05,81.1,0,0,0,0,17-AUG-2016,
OPTSTK,GRASIM,29-Sep-2016,5350,CE,0,0,0,60.7,73.4,0,0,0,0,17-AUG-2016,
OPTSTK,GRASIM,29-Sep-2016,5400,CE,0,0,0,10.5,66.4,0,0,150,0,17-AUG-2016,
OPTSTK,GRASIM,29-Sep-2016,5450,CE,0,0,0,46.6,59.95,0,0,0,0,17-AUG-2016,
OPTSTK,GRASIM,29-Sep-2016,5500,CE,0,0,0,20,54.05,0,0,150,0,17-AUG-2016,
OPTSTK,GRASIM,29-Sep-2016,5550,CE,0,0,0,35.4,48.7,0,0,0,0,17-AUG-2016,
OPTSTK,GRASIM,29-Sep-2016,5600,CE,0,0,0,30.75,43.8,0,0,0,0,17-AUG-2016,
OPTSTK,GRASIM,29-Sep-2016,5650,CE,0,0,0,26.6,39.35,0,0,0,0,17-AUG-2016,
OPTSTK,GRASIM,29-Sep-2016,5700,CE,0,0,0,22,35.35,0,0,0,0,17-AUG-2016,
OPTSTK,GRASIM,29-Sep-2016,5750,CE,0,0,0,18.75,31.65,0,0,0,0,17-AUG-2016,
OPTSTK,GRASIM,29-Sep-2016,5800,CE,0,0,0,18.35,28.35,0,0,0,0,17-AUG-2016,
OPTSTK,GRASIM,29-Sep-2016,3650,PE,0,0,0,3.9,28.95,0,0,0,0,17-AUG-2016,
OPTSTK,GRASIM,29-Sep-2016,3700,PE,0,0,0,5.2,34.65,0,0,0,0,17-AUG-2016,
OPTSTK,GRASIM,29-Sep-2016,3750,PE,0,0,0,6.9,41.1,0,0,0,0,17-AUG-2016,
OPTSTK,GRASIM,29-Sep-2016,3800,PE,0,0,0,8.95,48.5,0,0,0,0,17-AUG-2016,
OPTSTK,GRASIM,29-Sep-2016,3850,PE,0,0,0,11.55,56.8,0,0,0,0,17-AUG-2016,
OPTSTK,GRASIM,29-Sep-2016,3900,PE,0,0,0,14.7,66.1,0,0,0,0,17-AUG-2016,
OPTSTK,GRASIM,29-Sep-2016,3950,PE,0,0,0,18.55,76.45,0,0,0,0,17-AUG-2016,
OPTSTK,GRASIM,29-Sep-2016,4000,PE,14,14,13,13,13,2,12.04,300,-150,17-AUG-2016,
OPTSTK,GRASIM,29-Sep-2016,4050,PE,0,0,0,28.55,100.65,0,0,0,0,17-AUG-2016,
OPTSTK,GRASIM,29-Sep-2016,4100,PE,0,0,0,34.9,114.45,0,0,0,0,17-AUG-2016,
OPTSTK,GRASIM,29-Sep-2016,4150,PE,0,0,0,42.3,129.3,0,0,0,0,17-AUG-2016,
OPTSTK,GRASIM,29-Sep-2016,4200,PE,0,0,0,50.85,145.65,0,0,0,0,17-AUG-2016,
OPTSTK,GRASIM,29-Sep-2016,4250,PE,0,0,0,60.6,163.3,0,0,0,0,17-AUG-2016,
OPTSTK,GRASIM,29-Sep-2016,4300,PE,0,0,0,71.6,182.3,0,0,0,0,17-AUG-2016,
OPTSTK,GRASIM,29-Sep-2016,4350,PE,0,0,0,84.2,202.6,0,0,0,0,17-AUG-2016,
OPTSTK,GRASIM,29-Sep-2016,4400,PE,0,0,0,97.8,224.2,0,0,0,0,17-AUG-2016,
OPTSTK,GRASIM,29-Sep-2016,4450,PE,0,0,0,113.15,247.2,0,0,0,0,17-AUG-2016,
OPTSTK,GRASIM,29-Sep-2016,4500,PE,0,0,0,125,271.45,0,0,2100,0,17-AUG-2016,
OPTSTK,GRASIM,29-Sep-2016,4550,PE,0,0,0,148.6,297.05,0,0,0,0,17-AUG-2016,
OPTSTK,GRASIM,29-Sep-2016,4600,PE,185,185,185,185,185,1,7.17,150,0,17-AUG-2016,
OPTSTK,GRASIM,29-Sep-2016,4650,PE,0,0,0,190.5,352.15,0,0,0,0,17-AUG-2016,
OPTSTK,GRASIM,29-Sep-2016,4700,PE,0,0,0,213.9,381.6,0,0,0,0,17-AUG-2016,
OPTSTK,GRASIM,29-Sep-2016,4750,PE,0,0,0,238.95,412.25,0,0,0,0,17-AUG-2016,
OPTSTK,GRASIM,29-Sep-2016,4800,PE,0,0,0,265.55,444.1,0,0,0,0,17-AUG-2016,
OPTSTK,GRASIM,29-Sep-2016,4850,PE,0,0,0,293.75,477.05,0,0,0,0,17-AUG-2016,
OPTSTK,GRASIM,29-Sep-2016,4900,PE,0,0,0,323.5,511.1,0,0,0,0,17-AUG-2016,
OPTSTK,GRASIM,29-Sep-2016,4950,PE,0,0,0,354.7,546.25,0,0,0,0,17-AUG-2016,
OPTSTK,GRASIM,29-Sep-2016,5000,PE,0,0,0,387.35,582.4,0,0,0,0,17-AUG-2016,
OPTSTK,GRASIM,29-Sep-2016,5050,PE,0,0,0,421.35,619.7,0,0,0,0,17-AUG-2016,
OPTSTK,GRASIM,29-Sep-2016,5100,PE,0,0,0,456.7,657.8,0,0,0,0,17-AUG-2016,
OPTSTK,GRASIM,29-Sep-2016,5150,PE,0,0,0,493.5,696.75,0,0,0,0,17-AUG-2016,
OPTSTK,GRASIM,29-Sep-2016,5200,PE,0,0,0,531.25,736.3,0,0,0,0,17-AUG-2016,
OPTSTK,GRASIM,29-Sep-2016,5250,PE,0,0,0,569.9,776.8,0,0,0,0,17-AUG-2016,
OPTSTK,GRASIM,29-Sep-2016,5300,PE,0,0,0,609.75,818.05,0,0,0,0,17-AUG-2016,
OPTSTK,GRASIM,29-Sep-2016,5350,PE,0,0,0,650.55,859.95,0,0,0,0,17-AUG-2016,
OPTSTK,GRASIM,29-Sep-2016,5400,PE,0,0,0,225,902.5,0,0,150,0,17-AUG-2016,
OPTSTK,GRASIM,29-Sep-2016,5450,PE,0,0,0,734.65,945.65,0,0,0,0,17-AUG-2016,
OPTSTK,GRASIM,29-Sep-2016,5500,PE,0,0,0,777.85,989.4,0,0,0,0,17-AUG-2016,
OPTSTK,GRASIM,29-Sep-2016,5550,PE,0,0,0,821.7,1033.6,0,0,0,0,17-AUG-2016,
OPTSTK,GRASIM,29-Sep-2016,5600,PE,0,0,0,866.15,1078.3,0,0,0,0,17-AUG-2016,
OPTSTK,GRASIM,29-Sep-2016,5650,PE,0,0,0,911.15,1123.45,0,0,0,0,17-AUG-2016,
OPTSTK,GRASIM,29-Sep-2016,5700,PE,0,0,0,878.2,1169.05,0,0,0,0,17-AUG-2016,
OPTSTK,GRASIM,29-Sep-2016,5750,PE,0,0,0,924.2,1214.95,0,0,0,0,17-AUG-2016,
OPTSTK,GRASIM,29-Sep-2016,5800,PE,0,0,0,915.5,1261.25,0,0,0,0,17-AUG-2016,
OPTSTK,GRASIM,27-Oct-2016,3850,CE,0,0,0,1055.7,826.25,0,0,0,0,17-AUG-2016,
OPTSTK,GRASIM,27-Oct-2016,3900,CE,0,0,0,1007.35,789.4,0,0,0,0,17-AUG-2016,
OPTSTK,GRASIM,27-Oct-2016,3950,CE,0,0,0,959.25,753.35,0,0,0,0,17-AUG-2016,
OPTSTK,GRASIM,27-Oct-2016,4000,CE,0,0,0,911.45,718.25,0,0,0,0,17-AUG-2016,
OPTSTK,GRASIM,27-Oct-2016,4050,CE,0,0,0,864.1,684.2,0,0,0,0,17-AUG-2016,
OPTSTK,GRASIM,27-Oct-2016,4100,CE,0,0,0,817.25,650.95,0,0,0,0,17-AUG-2016,
OPTSTK,GRASIM,27-Oct-2016,4150,CE,0,0,0,770.95,618.95,0,0,0,0,17-AUG-2016,
OPTSTK,GRASIM,27-Oct-2016,4200,CE,0,0,0,725.35,588,0,0,0,0,17-AUG-2016,
OPTSTK,GRASIM,27-Oct-2016,4250,CE,0,0,0,680.55,558.1,0,0,0,0,17-AUG-2016,
OPTSTK,GRASIM,27-Oct-2016,4300,CE,0,0,0,636.65,529.2,0,0,0,0,17-AUG-2016,
OPTSTK,GRASIM,27-Oct-2016,4350,CE,0,0,0,593.8,501.4,0,0,0,0,17-AUG-2016,
OPTSTK,GRASIM,27-Oct-2016,4400,CE,0,0,0,552.1,474.65,0,0,0,0,17-AUG-2016,
OPTSTK,GRASIM,27-Oct-2016,4450,CE,0,0,0,511.65,448.9,0,0,0,0,17-AUG-2016,
OPTSTK,GRASIM,27-Oct-2016,4500,CE,0,0,0,472.6,424.15,0,0,0,0,17-AUG-2016,
OPTSTK,GRASIM,27-Oct-2016,4550,CE,0,0,0,435,400.5,0,0,0,0,17-AUG-2016,
OPTSTK,GRASIM,27-Oct-2016,4600,CE,0,0,0,399.15,377.8,0,0,0,0,17-AUG-2016,
OPTSTK,GRASIM,27-Oct-2016,4650,CE,0,0,0,364.6,356.1,0,0,0,0,17-AUG-2016,
OPTSTK,GRASIM,27-Oct-2016,4700,CE,0,0,0,332.05,335.35,0,0,0,0,17-AUG-2016,
OPTSTK,GRASIM,27-Oct-2016,4750,CE,0,0,0,301.25,315.6,0,0,0,0,17-AUG-2016,
OPTSTK,GRASIM,27-Oct-2016,4800,CE,0,0,0,272.3,296.75,0,0,0,0,17-AUG-2016,
OPTSTK,GRASIM,27-Oct-2016,4850,CE,0,0,0,245.2,278.8,0,0,0,0,17-AUG-2016,
OPTSTK,GRASIM,27-Oct-2016,4900,CE,0,0,0,219.95,261.75,0,0,0,0,17-AUG-2016,
OPTSTK,GRASIM,27-Oct-2016,4950,CE,0,0,0,196.55,245.55,0,0,0,0,17-AUG-2016,
OPTSTK,GRASIM,27-Oct-2016,5000,CE,0,0,0,174.95,230.2,0,0,0,0,17-AUG-2016,
OPTSTK,GRASIM,27-Oct-2016,5050,CE,0,0,0,155.1,215.65,0,0,0,0,17-AUG-2016,
OPTSTK,GRASIM,27-Oct-2016,5100,CE,0,0,0,137,201.85,0,0,0,0,17-AUG-2016,
OPTSTK,GRASIM,27-Oct-2016,5150,CE,0,0,0,120.55,188.8,0,0,0,0,17-AUG-2016,
OPTSTK,GRASIM,27-Oct-2016,5200,CE,0,0,0,105.65,176.7,0,0,0,0,17-AUG-2016,
OPTSTK,GRASIM,27-Oct-2016,5250,CE,0,0,0,92.25,165.1,0,0,0,0,17-AUG-2016,
OPTSTK,GRASIM,27-Oct-2016,5300,CE,0,0,0,80.5,154.2,0,0,0,0,17-AUG-2016,
OPTSTK,GRASIM,27-Oct-2016,5350,CE,0,0,0,69.65,143.9,0,0,0,0,17-AUG-2016,
OPTSTK,GRASIM,27-Oct-2016,5400,CE,0,0,0,60.1,134.2,0,0,0,0,17-AUG-2016,
OPTSTK,GRASIM,27-Oct-2016,5450,CE,0,0,0,51.75,124.9,0,0,0,0,17-AUG-2016,
OPTSTK,GRASIM,27-Oct-2016,5500,CE,0,0,0,44.35,116.3,0,0,0,0,17-AUG-2016,
OPTSTK,GRASIM,27-Oct-2016,5550,CE,0,0,0,37.85,108.25,0,0,0,0,17-AUG-2016,
OPTSTK,GRASIM,27-Oct-2016,5600,CE,0,0,0,32.2,100.7,0,0,0,0,17-AUG-2016,
OPTSTK,GRASIM,27-Oct-2016,5650,CE,0,0,0,27.3,93.6,0,0,0,0,17-AUG-2016,
OPTSTK,GRASIM,27-Oct-2016,5700,CE,0,0,0,23.1,86.95,0,0,0,0,17-AUG-2016,
OPTSTK,GRASIM,27-Oct-2016,5750,CE,0,0,0,19.45,80.75,0,0,0,0,17-AUG-2016,
OPTSTK,GRASIM,27-Oct-2016,5800,CE,0,0,0,16.3,74.95,0,0,0,0,17-AUG-2016,
OPTSTK,GRASIM,27-Oct-2016,3850,PE,0,0,0,1.9,104.75,0,0,0,0,17-AUG-2016,
OPTSTK,GRASIM,27-Oct-2016,3900,PE,0,0,0,2.7,117.25,0,0,0,0,17-AUG-2016,
OPTSTK,GRASIM,27-Oct-2016,3950,PE,0,0,0,3.75,130.55,0,0,0,0,17-AUG-2016,
OPTSTK,GRASIM,27-Oct-2016,4000,PE,0,0,0,5.1,144.8,0,0,0,0,17-AUG-2016,
OPTSTK,GRASIM,27-Oct-2016,4050,PE,0,0,0,6.9,160.05,0,0,0,0,17-AUG-2016,
OPTSTK,GRASIM,27-Oct-2016,4100,PE,0,0,0,9.15,176.15,0,0,0,0,17-AUG-2016,
OPTSTK,GRASIM,27-Oct-2016,4150,PE,0,0,0,12,193.5,0,0,0,0,17-AUG-2016,
OPTSTK,GRASIM,27-Oct-2016,4200,PE,0,0,0,15.55,211.85,0,0,0,0,17-AUG-2016,
OPTSTK,GRASIM,27-Oct-2016,4250,PE,0,0,0,19.9,231.3,0,0,0,0,17-AUG-2016,
OPTSTK,GRASIM,27-Oct-2016,4300,PE,0,0,0,25.15,251.75,0,0,0,0,17-AUG-2016,
OPTSTK,GRASIM,27-Oct-2016,4350,PE,0,0,0,31.45,273.25,0,0,0,0,17-AUG-2016,
OPTSTK,GRASIM,27-Oct-2016,4400,PE,0,0,0,38.85,295.8,0,0,0,0,17-AUG-2016,
OPTSTK,GRASIM,27-Oct-2016,4450,PE,0,0,0,47.55,319.4,0,0,0,0,17-AUG-2016,
OPTSTK,GRASIM,27-Oct-2016,4500,PE,0,0,0,57.65,344,0,0,0,0,17-AUG-2016,
OPTSTK,GRASIM,27-Oct-2016,4550,PE,0,0,0,69.2,369.65,0,0,0,0,17-AUG-2016,
OPTSTK,GRASIM,27-Oct-2016,4600,PE,0,0,0,82.5,396.3,0,0,0,0,17-AUG-2016,
OPTSTK,GRASIM,27-Oct-2016,4650,PE,0,0,0,97.1,423.95,0,0,0,0,17-AUG-2016,
OPTSTK,GRASIM,27-Oct-2016,4700,PE,0,0,0,113.65,452.55,0,0,0,0,17-AUG-2016,
OPTSTK,GRASIM,27-Oct-2016,4750,PE,0,0,0,132,482.1,0,0,0,0,17-AUG-2016,
OPTSTK,GRASIM,27-Oct-2016,4800,PE,0,0,0,152.2,512.6,0,0,0,0,17-AUG-2016,
OPTSTK,GRASIM,27-Oct-2016,4850,PE,0,0,0,174.25,544,0,0,0,0,17-AUG-2016,
OPTSTK,GRASIM,27-Oct-2016,4900,PE,0,0,0,198.1,576.3,0,0,0,0,17-AUG-2016,
OPTSTK,GRASIM,27-Oct-2016,4950,PE,0,0,0,223.85,609.4,0,0,0,0,17-AUG-2016,
OPTSTK,GRASIM,27-Oct-2016,5000,PE,0,0,0,251.4,643.4,0,0,0,0,17-AUG-2016,
OPTSTK,GRASIM,27-Oct-2016,5050,PE,0,0,0,280.7,678.15,0,0,0,0,17-AUG-2016,
OPTSTK,GRASIM,27-Oct-2016,5100,PE,0,0,0,311.75,713.7,0,0,0,0,17-AUG-2016,
OPTSTK,GRASIM,27-Oct-2016,5150,PE,0,0,0,344.45,750,0,0,0,0,17-AUG-2016,
OPTSTK,GRASIM,27-Oct-2016,5200,PE,0,0,0,378.7,787.25,0,0,0,0,17-AUG-2016,
OPTSTK,GRASIM,27-Oct-2016,5250,PE,0,0,0,414.4,825,0,0,0,0,17-AUG-2016,
OPTSTK,GRASIM,27-Oct-2016,5300,PE,0,0,0,451.8,863.4,0,0,0,0,17-AUG-2016,
OPTSTK,GRASIM,27-Oct-2016,5350,PE,0,0,0,490.05,902.4,0,0,0,0,17-AUG-2016,
OPTSTK,GRASIM,27-Oct-2016,5400,PE,0,0,0,529.7,942.05,0,0,0,0,17-AUG-2016,
OPTSTK,GRASIM,27-Oct-2016,5450,PE,0,0,0,570.45,982.1,0,0,0,0,17-AUG-2016,
OPTSTK,GRASIM,27-Oct-2016,5500,PE,0,0,0,612.2,1022.85,0,0,0,0,17-AUG-2016,
OPTSTK,GRASIM,27-Oct-2016,5550,PE,0,0,0,654.85,1064.1,0,0,0,0,17-AUG-2016,
OPTSTK,GRASIM,27-Oct-2016,5600,PE,0,0,0,698.35,1105.85,0,0,0,0,17-AUG-2016,
OPTSTK,GRASIM,27-Oct-2016,5650,PE,0,0,0,742.6,1148.1,0,0,0,0,17-AUG-2016,
OPTSTK,GRASIM,27-Oct-2016,5700,PE,0,0,0,787.5,1190.8,0,0,0,0,17-AUG-2016,
OPTSTK,GRASIM,27-Oct-2016,5750,PE,0,0,0,833,1233.95,0,0,0,0,17-AUG-2016,
OPTSTK,GRASIM,27-Oct-2016,5800,PE,0,0,0,879,1277.45,0,0,0,0,17-AUG-2016,
OPTSTK,HAVELLS,25-Aug-2016,260,CE,0,0,0,121.75,155.9,0,0,0,0,17-AUG-2016,
OPTSTK,HAVELLS,25-Aug-2016,270,CE,0,0,0,112.15,145.9,0,0,0,0,17-AUG-2016,
OPTSTK,HAVELLS,25-Aug-2016,280,CE,0,0,0,102.7,135.95,0,0,0,0,17-AUG-2016,
OPTSTK,HAVELLS,25-Aug-2016,290,CE,0,0,0,93.45,125.95,0,0,0,0,17-AUG-2016,
OPTSTK,HAVELLS,25-Aug-2016,300,CE,0,0,0,84.4,115.95,0,0,0,0,17-AUG-2016,
OPTSTK,HAVELLS,25-Aug-2016,310,CE,0,0,0,69.5,106,0,0,2000,0,17-AUG-2016,
OPTSTK,HAVELLS,25-Aug-2016,320,CE,0,0,0,65,96,0,0,2000,0,17-AUG-2016,
OPTSTK,HAVELLS,25-Aug-2016,330,CE,0,0,0,59.45,86,0,0,0,0,17-AUG-2016,
OPTSTK,HAVELLS,25-Aug-2016,340,CE,0,0,0,43,76.05,0,0,8000,0,17-AUG-2016,
OPTSTK,HAVELLS,25-Aug-2016,350,CE,0,0,0,45.25,66.05,0,0,0,0,17-AUG-2016,
OPTSTK,HAVELLS,25-Aug-2016,360,CE,0,0,0,23.6,56.1,0,0,4000,0,17-AUG-2016,
OPTSTK,HAVELLS,25-Aug-2016,370,CE,0,0,0,23.8,46.15,0,0,8000,0,17-AUG-2016,
OPTSTK,HAVELLS,25-Aug-2016,380,CE,0,0,0,30,36.45,0,0,70000,0,17-AUG-2016,
OPTSTK,HAVELLS,25-Aug-2016,390,CE,27.2,27.2,27.2,27.2,27.2,1,8.34,46000,-2000,17-AUG-2016,
OPTSTK,HAVELLS,25-Aug-2016,400,CE,16.5,18.5,14.25,17.75,17.75,13,108.49,106000,-16000,17-AUG-2016,
OPTSTK,HAVELLS,25-Aug-2016,410,CE,10.85,13,7.95,11.5,11.5,123,1036.91,114000,-30000,17-AUG-2016,
OPTSTK,HAVELLS,25-Aug-2016,420,CE,5.5,8.1,4.1,6.75,6.75,682,5820.86,460000,194000,17-AUG-2016,
OPTSTK,HAVELLS,25-Aug-2016,430,CE,3.25,4.55,2,3.5,3.5,139,1205.07,190000,26000,17-AUG-2016,
OPTSTK,HAVELLS,25-Aug-2016,440,CE,1.5,2.25,1.05,1.6,1.6,23,203.17,114000,-2000,17-AUG-2016,
OPTSTK,HAVELLS,25-Aug-2016,450,CE,1,1,0.4,0.65,0.65,15,135.23,40000,16000,17-AUG-2016,
OPTSTK,HAVELLS,25-Aug-2016,460,CE,0,0,0,0.2,0.3,0,0,4000,0,17-AUG-2016,
OPTSTK,HAVELLS,25-Aug-2016,470,CE,0,0,0,0.7,0.1,0,0,2000,0,17-AUG-2016,
OPTSTK,HAVELLS,25-Aug-2016,480,CE,0,0,0,3.65,0.05,0,0,0,0,17-AUG-2016,
OPTSTK,HAVELLS,25-Aug-2016,490,CE,0,0,0,2.85,0.05,0,0,0,0,17-AUG-2016,
OPTSTK,HAVELLS,25-Aug-2016,260,PE,0,0,0,0.3,0,0,0,0,0,17-AUG-2016,
OPTSTK,HAVELLS,25-Aug-2016,270,PE,0,0,0,0.5,0,0,0,0,0,17-AUG-2016,
OPTSTK,HAVELLS,25-Aug-2016,280,PE,0,0,0,0.85,0,0,0,0,0,17-AUG-2016,
OPTSTK,HAVELLS,25-Aug-2016,290,PE,0,0,0,1.4,0,0,0,0,0,17-AUG-2016,
OPTSTK,HAVELLS,25-Aug-2016,300,PE,0,0,0,2.2,0,0,0,0,0,17-AUG-2016,
OPTSTK,HAVELLS,25-Aug-2016,310,PE,0,0,0,3.3,0,0,0,0,0,17-AUG-2016,
OPTSTK,HAVELLS,25-Aug-2016,320,PE,0,0,0,0.4,0,0,0,18000,0,17-AUG-2016,
OPTSTK,HAVELLS,25-Aug-2016,330,PE,0,0,0,0.25,0,0,0,14000,0,17-AUG-2016,
OPTSTK,HAVELLS,25-Aug-2016,340,PE,0,0,0,0.35,0,0,0,14000,0,17-AUG-2016,
OPTSTK,HAVELLS,25-Aug-2016,350,PE,0.25,0.45,0.25,0.45,0.45,5,35.03,140000,6000,17-AUG-2016,
OPTSTK,HAVELLS,25-Aug-2016,360,PE,0,0,0,0.2,0.05,0,0,214000,0,17-AUG-2016,
OPTSTK,HAVELLS,25-Aug-2016,370,PE,0.3,0.5,0.3,0.5,0.5,4,29.63,46000,0,17-AUG-2016,
OPTSTK,HAVELLS,25-Aug-2016,380,PE,0.5,1.05,0.4,0.65,0.65,27,205.54,96000,18000,17-AUG-2016,
OPTSTK,HAVELLS,25-Aug-2016,390,PE,1.5,1.75,1.2,1.35,1.35,16,125.26,52000,4000,17-AUG-2016,
OPTSTK,HAVELLS,25-Aug-2016,400,PE,3,4.3,2.95,3,3,28,225.91,96000,24000,17-AUG-2016,
OPTSTK,HAVELLS,25-Aug-2016,410,PE,8,8.3,6.1,7.2,7.2,9,75.09,26000,6000,17-AUG-2016,
OPTSTK,HAVELLS,25-Aug-2016,420,PE,10.7,12.7,10.7,12.6,12.6,5,43.21,24000,2000,17-AUG-2016,
OPTSTK,HAVELLS,25-Aug-2016,430,PE,0,0,0,56.5,17.5,0,0,0,0,17-AUG-2016,
OPTSTK,HAVELLS,25-Aug-2016,440,PE,0,0,0,64.25,25.55,0,0,0,0,17-AUG-2016,
OPTSTK,HAVELLS,25-Aug-2016,450,PE,0,0,0,72.3,34.55,0,0,0,0,17-AUG-2016,
OPTSTK,HAVELLS,25-Aug-2016,460,PE,0,0,0,80.7,44.1,0,0,0,0,17-AUG-2016,
OPTSTK,HAVELLS,25-Aug-2016,470,PE,0,0,0,89.35,53.9,0,0,0,0,17-AUG-2016,
OPTSTK,HAVELLS,25-Aug-2016,480,PE,0,0,0,98.2,63.85,0,0,0,0,17-AUG-2016,
OPTSTK,HAVELLS,25-Aug-2016,490,PE,0,0,0,107.25,73.8,0,0,0,0,17-AUG-2016,
OPTSTK,HAVELLS,29-Sep-2016,260,CE,0,0,0,104.55,157.65,0,0,0,0,17-AUG-2016,
OPTSTK,HAVELLS,29-Sep-2016,270,CE,0,0,0,94.75,147.7,0,0,0,0,17-AUG-2016,
OPTSTK,HAVELLS,29-Sep-2016,280,CE,0,0,0,85,137.8,0,0,0,0,17-AUG-2016,
OPTSTK,HAVELLS,29-Sep-2016,290,CE,0,0,0,75.35,127.9,0,0,0,0,17-AUG-2016,
OPTSTK,HAVELLS,29-Sep-2016,300,CE,0,0,0,65.85,118,0,0,0,0,17-AUG-2016,
OPTSTK,HAVELLS,29-Sep-2016,310,CE,0,0,0,56.65,108.15,0,0,0,0,17-AUG-2016,
OPTSTK,HAVELLS,29-Sep-2016,320,CE,0,0,0,47.9,98.35,0,0,0,0,17-AUG-2016,
OPTSTK,HAVELLS,29-Sep-2016,330,CE,0,0,0,39.7,88.65,0,0,0,0,17-AUG-2016,
OPTSTK,HAVELLS,29-Sep-2016,340,CE,0,0,0,32.2,79.1,0,0,0,0,17-AUG-2016,
OPTSTK,HAVELLS,29-Sep-2016,350,CE,0,0,0,25.55,69.8,0,0,0,0,17-AUG-2016,
OPTSTK,HAVELLS,29-Sep-2016,360,CE,0,0,0,19.8,60.9,0,0,0,0,17-AUG-2016,
OPTSTK,HAVELLS,29-Sep-2016,370,CE,0,0,0,15,52.4,0,0,0,0,17-AUG-2016,
OPTSTK,HAVELLS,29-Sep-2016,380,CE,0,0,0,11.05,44.45,0,0,0,0,17-AUG-2016,
OPTSTK,HAVELLS,29-Sep-2016,390,CE,0,0,0,8,37.15,0,0,0,0,17-AUG-2016,
OPTSTK,HAVELLS,29-Sep-2016,400,CE,0,0,0,5.65,30.6,0,0,0,0,17-AUG-2016,
OPTSTK,HAVELLS,29-Sep-2016,410,CE,0,0,0,18,24.8,0,0,2000,0,17-AUG-2016,
OPTSTK,HAVELLS,29-Sep-2016,420,CE,0,0,0,13,19.75,0,0,2000,0,17-AUG-2016,
OPTSTK,HAVELLS,29-Sep-2016,430,CE,0,0,0,1.75,15.5,0,0,0,0,17-AUG-2016,
OPTSTK,HAVELLS,29-Sep-2016,440,CE,0,0,0,9.5,11.95,0,0,0,0,17-AUG-2016,
OPTSTK,HAVELLS,29-Sep-2016,450,CE,0,0,0,0.7,9.1,0,0,0,0,17-AUG-2016,
OPTSTK,HAVELLS,29-Sep-2016,460,CE,0,0,0,0.45,6.8,0,0,0,0,17-AUG-2016,
OPTSTK,HAVELLS,29-Sep-2016,470,CE,0,0,0,0.3,5.05,0,0,0,0,17-AUG-2016,
OPTSTK,HAVELLS,29-Sep-2016,480,CE,0,0,0,0.2,3.65,0,0,0,0,17-AUG-2016,
OPTSTK,HAVELLS,29-Sep-2016,490,CE,0,0,0,0.1,2.6,0,0,0,0,17-AUG-2016,
OPTSTK,HAVELLS,29-Sep-2016,260,PE,0,0,0,0.05,0,0,0,0,0,17-AUG-2016,
OPTSTK,HAVELLS,29-Sep-2016,270,PE,0,0,0,0.05,0,0,0,0,0,17-AUG-2016,
OPTSTK,HAVELLS,29-Sep-2016,280,PE,0,0,0,0.15,0.05,0,0,0,0,17-AUG-2016,
OPTSTK,HAVELLS,29-Sep-2016,290,PE,0,0,0,0.3,0.05,0,0,0,0,17-AUG-2016,
OPTSTK,HAVELLS,29-Sep-2016,300,PE,0,0,0,0.65,0.05,0,0,0,0,17-AUG-2016,
OPTSTK,HAVELLS,29-Sep-2016,310,PE,0,0,0,1.3,0.1,0,0,0,0,17-AUG-2016,
OPTSTK,HAVELLS,29-Sep-2016,320,PE,0,0,0,2.35,0.25,0,0,0,0,17-AUG-2016,
OPTSTK,HAVELLS,29-Sep-2016,330,PE,0,0,0,3.95,0.45,0,0,0,0,17-AUG-2016,
OPTSTK,HAVELLS,29-Sep-2016,340,PE,0,0,0,6.3,0.85,0,0,0,0,17-AUG-2016,
OPTSTK,HAVELLS,29-Sep-2016,350,PE,0,0,0,9.45,1.5,0,0,0,0,17-AUG-2016,
OPTSTK,HAVELLS,29-Sep-2016,360,PE,0,0,0,13.55,2.45,0,0,0,0,17-AUG-2016,
OPTSTK,HAVELLS,29-Sep-2016,370,PE,0,0,0,18.55,3.9,0,0,0,0,17-AUG-2016,
OPTSTK,HAVELLS,29-Sep-2016,380,PE,5.2,5.2,5.2,5.2,5.2,1,7.7,2000,2000,17-AUG-2016,
OPTSTK,HAVELLS,29-Sep-2016,390,PE,7.5,7.5,7.5,7.5,7.5,1,7.95,2000,2000,17-AUG-2016,
OPTSTK,HAVELLS,29-Sep-2016,400,PE,0,0,0,12,11.85,0,0,2000,0,17-AUG-2016,
OPTSTK,HAVELLS,29-Sep-2016,410,PE,0,0,0,46.75,15.95,0,0,0,0,17-AUG-2016,
OPTSTK,HAVELLS,29-Sep-2016,420,PE,0,0,0,55.3,20.85,0,0,0,0,17-AUG-2016,
OPTSTK,HAVELLS,29-Sep-2016,430,PE,0,0,0,64.25,26.5,0,0,0,0,17-AUG-2016,
OPTSTK,HAVELLS,29-Sep-2016,440,PE,0,0,0,73.45,32.9,0,0,0,0,17-AUG-2016,
OPTSTK,HAVELLS,29-Sep-2016,450,PE,0,0,0,82.85,39.95,0,0,0,0,17-AUG-2016,
OPTSTK,HAVELLS,29-Sep-2016,460,PE,0,0,0,92.45,47.6,0,0,0,0,17-AUG-2016,
OPTSTK,HAVELLS,29-Sep-2016,470,PE,0,0,0,102.1,55.75,0,0,0,0,17-AUG-2016,
OPTSTK,HAVELLS,29-Sep-2016,480,PE,0,0,0,111.8,64.25,0,0,0,0,17-AUG-2016,
OPTSTK,HAVELLS,29-Sep-2016,490,PE,0,0,0,121.55,73.15,0,0,0,0,17-AUG-2016,
OPTSTK,HAVELLS,27-Oct-2016,260,CE,0,0,0,125,159,0,0,0,0,17-AUG-2016,
OPTSTK,HAVELLS,27-Oct-2016,270,CE,0,0,0,115.2,149.15,0,0,0,0,17-AUG-2016,
OPTSTK,HAVELLS,27-Oct-2016,280,CE,0,0,0,105.45,139.35,0,0,0,0,17-AUG-2016,
OPTSTK,HAVELLS,27-Oct-2016,290,CE,0,0,0,95.8,129.55,0,0,0,0,17-AUG-2016,
OPTSTK,HAVELLS,27-Oct-2016,300,CE,0,0,0,86.25,119.8,0,0,0,0,17-AUG-2016,
OPTSTK,HAVELLS,27-Oct-2016,310,CE,0,0,0,76.9,110.2,0,0,0,0,17-AUG-2016,
OPTSTK,HAVELLS,27-Oct-2016,320,CE,0,0,0,67.8,100.7,0,0,0,0,17-AUG-2016,
OPTSTK,HAVELLS,27-Oct-2016,330,CE,0,0,0,59.15,91.45,0,0,0,0,17-AUG-2016,
OPTSTK,HAVELLS,27-Oct-2016,340,CE,0,0,0,50.9,82.4,0,0,0,0,17-AUG-2016,
OPTSTK,HAVELLS,27-Oct-2016,350,CE,0,0,0,43.25,73.7,0,0,0,0,17-AUG-2016,
OPTSTK,HAVELLS,27-Oct-2016,360,CE,0,0,0,36.25,65.35,0,0,0,0,17-AUG-2016,
OPTSTK,HAVELLS,27-Oct-2016,370,CE,0,0,0,29.95,57.5,0,0,0,0,17-AUG-2016,
OPTSTK,HAVELLS,27-Oct-2016,380,CE,0,0,0,24.4,50.15,0,0,0,0,17-AUG-2016,
OPTSTK,HAVELLS,27-Oct-2016,390,CE,0,0,0,19.6,43.35,0,0,0,0,17-AUG-2016,
OPTSTK,HAVELLS,27-Oct-2016,400,CE,0,0,0,15.5,37.15,0,0,0,0,17-AUG-2016,
OPTSTK,HAVELLS,27-Oct-2016,410,CE,0,0,0,12.1,31.55,0,0,0,0,17-AUG-2016,
OPTSTK,HAVELLS,27-Oct-2016,420,CE,0,0,0,9.3,26.55,0,0,0,0,17-AUG-2016,
OPTSTK,HAVELLS,27-Oct-2016,430,CE,0,0,0,7.1,22.15,0,0,0,0,17-AUG-2016,
OPTSTK,HAVELLS,27-Oct-2016,440,CE,0,0,0,5.3,18.35,0,0,0,0,17-AUG-2016,
OPTSTK,HAVELLS,27-Oct-2016,450,CE,0,0,0,3.95,15.05,0,0,0,0,17-AUG-2016,
OPTSTK,HAVELLS,27-Oct-2016,460,CE,0,0,0,2.9,12.25,0,0,0,0,17-AUG-2016,
OPTSTK,HAVELLS,27-Oct-2016,470,CE,0,0,0,2.1,9.9,0,0,0,0,17-AUG-2016,
OPTSTK,HAVELLS,27-Oct-2016,480,CE,0,0,0,1.5,7.9,0,0,0,0,17-AUG-2016,
OPTSTK,HAVELLS,27-Oct-2016,490,CE,0,0,0,1.05,6.3,0,0,0,0,17-AUG-2016,
OPTSTK,HAVELLS,27-Oct-2016,260,PE,0,0,0,0.05,0.05,0,0,0,0,17-AUG-2016,
OPTSTK,HAVELLS,27-Oct-2016,270,PE,0,0,0,0.1,0.05,0,0,0,0,17-AUG-2016,
OPTSTK,HAVELLS,27-Oct-2016,280,PE,0,0,0,0.15,0.1,0,0,0,0,17-AUG-2016,
OPTSTK,HAVELLS,27-Oct-2016,290,PE,0,0,0,0.3,0.2,0,0,0,0,17-AUG-2016,
OPTSTK,HAVELLS,27-Oct-2016,300,PE,0,0,0,0.6,0.3,0,0,0,0,17-AUG-2016,
OPTSTK,HAVELLS,27-Oct-2016,310,PE,0,0,0,1.05,0.55,0,0,0,0,17-AUG-2016,
OPTSTK,HAVELLS,27-Oct-2016,320,PE,0,0,0,1.85,0.95,0,0,0,0,17-AUG-2016,
OPTSTK,HAVELLS,27-Oct-2016,330,PE,0,0,0,2.95,1.55,0,0,0,0,17-AUG-2016,
OPTSTK,HAVELLS,27-Oct-2016,340,PE,0,0,0,4.55,2.35,0,0,0,0,17-AUG-2016,
OPTSTK,HAVELLS,27-Oct-2016,350,PE,0,0,0,6.75,3.5,0,0,0,0,17-AUG-2016,
OPTSTK,HAVELLS,27-Oct-2016,360,PE,0,0,0,9.55,5.05,0,0,0,0,17-AUG-2016,
OPTSTK,HAVELLS,27-Oct-2016,370,PE,0,0,0,13.1,7.1,0,0,0,0,17-AUG-2016,
OPTSTK,HAVELLS,27-Oct-2016,380,PE,0,0,0,17.35,9.6,0,0,0,0,17-AUG-2016,
OPTSTK,HAVELLS,27-Oct-2016,390,PE,0,0,0,22.4,12.65,0,0,0,0,17-AUG-2016,
OPTSTK,HAVELLS,27-Oct-2016,400,PE,0,0,0,28.15,16.3,0,0,0,0,17-AUG-2016,
OPTSTK,HAVELLS,27-Oct-2016,410,PE,0,0,0,34.55,20.6,0,0,0,0,17-AUG-2016,
OPTSTK,HAVELLS,27-Oct-2016,420,PE,0,0,0,41.6,25.45,0,0,0,0,17-AUG-2016,
OPTSTK,HAVELLS,27-Oct-2016,430,PE,0,0,0,49.2,30.95,0,0,0,0,17-AUG-2016,
OPTSTK,HAVELLS,27-Oct-2016,440,PE,0,0,0,57.25,36.95,0,0,0,0,17-AUG-2016,
OPTSTK,HAVELLS,27-Oct-2016,450,PE,0,0,0,65.7,43.55,0,0,0,0,17-AUG-2016,
OPTSTK,HAVELLS,27-Oct-2016,460,PE,0,0,0,74.5,50.6,0,0,0,0,17-AUG-2016,
OPTSTK,HAVELLS,27-Oct-2016,470,PE,0,0,0,83.5,58.15,0,0,0,0,17-AUG-2016,
OPTSTK,HAVELLS,27-Oct-2016,480,PE,0,0,0,92.75,66,0,0,0,0,17-AUG-2016,
OPTSTK,HAVELLS,27-Oct-2016,490,PE,0,0,0,102.15,74.25,0,0,0,0,17-AUG-2016,
OPTSTK,HCLTECH,25-Aug-2016,520,CE,0,0,0,230.4,265.35,0,0,0,0,17-AUG-2016,
OPTSTK,HCLTECH,25-Aug-2016,540,CE,0,0,0,210.95,245.4,0,0,0,0,17-AUG-2016,
OPTSTK,HCLTECH,25-Aug-2016,550,CE,0,0,0,186.6,235.4,0,0,0,0,17-AUG-2016,
OPTSTK,HCLTECH,25-Aug-2016,560,CE,0,0,0,191.7,225.4,0,0,0,0,17-AUG-2016,
OPTSTK,HCLTECH,25-Aug-2016,570,CE,0,0,0,167.05,215.4,0,0,0,0,17-AUG-2016,
OPTSTK,HCLTECH,25-Aug-2016,580,CE,0,0,0,172.75,205.45,0,0,0,0,17-AUG-2016,
OPTSTK,HCLTECH,25-Aug-2016,590,CE,0,0,0,147.75,195.45,0,0,0,0,17-AUG-2016,
OPTSTK,HCLTECH,25-Aug-2016,600,CE,0,0,0,154.25,185.45,0,0,0,0,17-AUG-2016,
OPTSTK,HCLTECH,25-Aug-2016,610,CE,0,0,0,128.85,175.5,0,0,0,0,17-AUG-2016,
OPTSTK,HCLTECH,25-Aug-2016,620,CE,0,0,0,136.3,165.5,0,0,0,0,17-AUG-2016,
OPTSTK,HCLTECH,25-Aug-2016,630,CE,0,0,0,110.6,155.5,0,0,0,0,17-AUG-2016,
OPTSTK,HCLTECH,25-Aug-2016,640,CE,0,0,0,119.2,145.55,0,0,0,0,17-AUG-2016,
OPTSTK,HCLTECH,25-Aug-2016,650,CE,0,0,0,93.3,135.55,0,0,0,0,17-AUG-2016,
OPTSTK,HCLTECH,25-Aug-2016,660,CE,0,0,0,67.45,125.55,0,0,4200,0,17-AUG-2016,
OPTSTK,HCLTECH,25-Aug-2016,670,CE,0,0,0,66.95,115.55,0,0,2100,0,17-AUG-2016,
OPTSTK,HCLTECH,25-Aug-2016,680,CE,0,0,0,102,105.6,0,0,9100,0,17-AUG-2016,
OPTSTK,HCLTECH,25-Aug-2016,690,CE,0,0,0,62.55,95.6,0,0,0,0,17-AUG-2016,
OPTSTK,HCLTECH,25-Aug-2016,700,CE,0,0,0,125,85.65,0,0,2100,0,17-AUG-2016,
OPTSTK,HCLTECH,25-Aug-2016,710,CE,0,0,0,116,75.75,0,0,2100,0,17-AUG-2016,
OPTSTK,HCLTECH,25-Aug-2016,720,CE,0,0,0,100,65.9,0,0,18200,0,17-AUG-2016,
OPTSTK,HCLTECH,25-Aug-2016,730,CE,0,0,0,95,56.25,0,0,6300,0,17-AUG-2016,
OPTSTK,HCLTECH,25-Aug-2016,740,CE,0,0,0,66,46.9,0,0,30100,0,17-AUG-2016,
OPTSTK,HCLTECH,25-Aug-2016,750,CE,0,0,0,83.5,38.05,0,0,32200,0,17-AUG-2016,
OPTSTK,HCLTECH,25-Aug-2016,760,CE,36.05,36.05,27.7,28.5,28.5,7,38.75,49000,-3500,17-AUG-2016,
OPTSTK,HCLTECH,25-Aug-2016,770,CE,23.7,24.95,20.25,20.25,20.25,11,61.1,18200,-2100,17-AUG-2016,
OPTSTK,HCLTECH,25-Aug-2016,780,CE,23.1,23.1,13.25,14.75,14.75,40,222.96,58800,-4200,17-AUG-2016,
OPTSTK,HCLTECH,25-Aug-2016,790,CE,17,17,9.4,10,10,107,600.35,49000,24500,17-AUG-2016,
OPTSTK,HCLTECH,25-Aug-2016,800,CE,10.8,14,5.8,6.4,6.4,393,2224.63,283500,59500,17-AUG-2016,
OPTSTK,HCLTECH,25-Aug-2016,810,CE,7.25,8.35,3.7,4,4,97,553.77,102200,16100,17-AUG-2016,
OPTSTK,HCLTECH,25-Aug-2016,820,CE,5.3,5.8,2.6,2.8,2.8,265,1528.02,319900,28700,17-AUG-2016,
OPTSTK,HCLTECH,25-Aug-2016,830,CE,4.05,4.05,1.95,2.05,2.05,100,582.86,156100,-4900,17-AUG-2016,
OPTSTK,HCLTECH,25-Aug-2016,840,CE,2.8,2.85,1.45,1.55,1.55,180,1061.03,301000,-6300,17-AUG-2016,
OPTSTK,HCLTECH,25-Aug-2016,850,CE,1.95,2.25,1.1,1.15,1.15,116,691.48,395500,-7700,17-AUG-2016,
OPTSTK,HCLTECH,25-Aug-2016,860,CE,1.8,1.8,0.8,0.85,0.85,65,391.78,244300,7700,17-AUG-2016,
OPTSTK,HCLTECH,25-Aug-2016,870,CE,0,0,0,1.2,0.1,0,0,99400,0,17-AUG-2016,
OPTSTK,HCLTECH,25-Aug-2016,880,CE,1,1,0.55,0.65,0.65,25,154.11,146300,0,17-AUG-2016,
OPTSTK,HCLTECH,25-Aug-2016,890,CE,0.6,0.6,0.55,0.55,0.55,3,18.7,30100,-700,17-AUG-2016,
OPTSTK,HCLTECH,25-Aug-2016,900,CE,0.5,0.6,0.4,0.45,0.45,24,151.28,185500,-4200,17-AUG-2016,
OPTSTK,HCLTECH,25-Aug-2016,910,CE,0.35,0.35,0.3,0.3,0.3,6,38.23,6300,-4200,17-AUG-2016,
OPTSTK,HCLTECH,25-Aug-2016,920,CE,0.65,0.65,0.5,0.5,0.5,2,12.88,13300,-700,17-AUG-2016,
OPTSTK,HCLTECH,25-Aug-2016,930,CE,0.2,0.2,0.2,0.2,0.2,1,6.51,12600,-700,17-AUG-2016,
OPTSTK,HCLTECH,25-Aug-2016,940,CE,0,0,0,0.4,0,0,0,700,0,17-AUG-2016,
OPTSTK,HCLTECH,25-Aug-2016,950,CE,0,0,0,0.35,0,0,0,4200,0,17-AUG-2016,
OPTSTK,HCLTECH,25-Aug-2016,960,CE,0,0,0,1.05,0,0,0,700,0,17-AUG-2016,
OPTSTK,HCLTECH,25-Aug-2016,980,CE,0,0,0,2,0,0,0,0,0,17-AUG-2016,
OPTSTK,HCLTECH,25-Aug-2016,1000,CE,0,0,0,1.4,0,0,0,0,0,17-AUG-2016,
OPTSTK,HCLTECH,25-Aug-2016,1020,CE,0,0,0,1,0,0,0,0,0,17-AUG-2016,
OPTSTK,HCLTECH,25-Aug-2016,1040,CE,0,0,0,0.7,0,0,0,0,0,17-AUG-2016,
OPTSTK,HCLTECH,25-Aug-2016,1060,CE,0,0,0,0.5,0,0,0,0,0,17-AUG-2016,
OPTSTK,HCLTECH,25-Aug-2016,1080,CE,0,0,0,0.35,0,0,0,0,0,17-AUG-2016,
OPTSTK,HCLTECH,25-Aug-2016,1100,CE,0,0,0,0.25,0,0,0,0,0,17-AUG-2016,
OPTSTK,HCLTECH,25-Aug-2016,520,PE,0,0,0,0.2,0,0,0,0,0,17-AUG-2016,
OPTSTK,HCLTECH,25-Aug-2016,540,PE,0,0,0,0.4,0,0,0,0,0,17-AUG-2016,
OPTSTK,HCLTECH,25-Aug-2016,550,PE,0,0,0,0.15,0,0,0,0,0,17-AUG-2016,
OPTSTK,HCLTECH,25-Aug-2016,560,PE,0,0,0,0.8,0,0,0,0,0,17-AUG-2016,
OPTSTK,HCLTECH,25-Aug-2016,570,PE,0,0,0,0.4,0,0,0,0,0,17-AUG-2016,
OPTSTK,HCLTECH,25-Aug-2016,580,PE,0,0,0,1.5,0,0,0,0,0,17-AUG-2016,
OPTSTK,HCLTECH,25-Aug-2016,590,PE,0,0,0,0.85,0,0,0,0,0,17-AUG-2016,
OPTSTK,HCLTECH,25-Aug-2016,600,PE,0,0,0,2.65,0,0,0,0,0,17-AUG-2016,
OPTSTK,HCLTECH,25-Aug-2016,610,PE,0,0,0,1.75,0,0,0,0,0,17-AUG-2016,
OPTSTK,HCLTECH,25-Aug-2016,620,PE,0,0,0,4.35,0,0,0,0,0,17-AUG-2016,
OPTSTK,HCLTECH,25-Aug-2016,630,PE,0,0,0,3.3,0,0,0,0,0,17-AUG-2016,
OPTSTK,HCLTECH,25-Aug-2016,640,PE,0,0,0,0.1,0,0,0,17500,0,17-AUG-2016,
OPTSTK,HCLTECH,25-Aug-2016,650,PE,0,0,0,2.95,0,0,0,16100,0,17-AUG-2016,
OPTSTK,HCLTECH,25-Aug-2016,660,PE,0,0,0,0.25,0,0,0,45500,0,17-AUG-2016,
OPTSTK,HCLTECH,25-Aug-2016,670,PE,0,0,0,3.5,0,0,0,9100,0,17-AUG-2016,
OPTSTK,HCLTECH,25-Aug-2016,680,PE,0.1,0.1,0.1,0.1,0.1,2,9.52,137900,0,17-AUG-2016,
OPTSTK,HCLTECH,25-Aug-2016,690,PE,0,0,0,0.5,0.05,0,0,7000,0,17-AUG-2016,
OPTSTK,HCLTECH,25-Aug-2016,700,PE,0.25,0.25,0.2,0.2,0.2,3,14.7,102900,-1400,17-AUG-2016,
OPTSTK,HCLTECH,25-Aug-2016,710,PE,0,0,0,0.4,0.1,0,0,10500,0,17-AUG-2016,
OPTSTK,HCLTECH,25-Aug-2016,720,PE,0.65,0.75,0.65,0.75,0.75,2,10.08,85400,0,17-AUG-2016,
OPTSTK,HCLTECH,25-Aug-2016,730,PE,0.85,1.05,0.7,1.05,1.05,4,20.46,51800,0,17-AUG-2016,
OPTSTK,HCLTECH,25-Aug-2016,740,PE,1.2,1.5,1.2,1.45,1.45,18,93.4,75600,-3500,17-AUG-2016,
OPTSTK,HCLTECH,25-Aug-2016,750,PE,1.75,2.4,1.75,2.15,2.15,41,215.85,175700,-2800,17-AUG-2016,
OPTSTK,HCLTECH,25-Aug-2016,760,PE,1.85,3.65,1.85,3.2,3.2,68,363.15,143500,2100,17-AUG-2016,
OPTSTK,HCLTECH,25-Aug-2016,770,PE,3.4,5.8,3,5.3,5.3,64,346.81,66500,-2800,17-AUG-2016,
OPTSTK,HCLTECH,25-Aug-2016,780,PE,5.35,9.4,4.7,8.7,8.7,211,1162.13,114100,-16800,17-AUG-2016,
OPTSTK,HCLTECH,25-Aug-2016,790,PE,7.9,14.2,7.9,13.1,13.1,52,291.51,94500,-6300,17-AUG-2016,
OPTSTK,HCLTECH,25-Aug-2016,800,PE,12.85,21.45,11.3,19.7,19.7,89,508.56,204400,-15400,17-AUG-2016,
OPTSTK,HCLTECH,25-Aug-2016,810,PE,18.85,28.65,18.5,28.65,28.65,29,169.14,152600,-11200,17-AUG-2016,
OPTSTK,HCLTECH,25-Aug-2016,820,PE,26.65,37.5,24.15,37.25,37.25,48,286.25,134400,-15400,17-AUG-2016,
OPTSTK,HCLTECH,25-Aug-2016,830,PE,43.65,43.65,43.65,43.65,43.65,2,12.23,16100,0,17-AUG-2016,
OPTSTK,HCLTECH,25-Aug-2016,840,PE,43.75,56,43.75,56,56,13,80.94,40600,-4200,17-AUG-2016,
OPTSTK,HCLTECH,25-Aug-2016,850,PE,53.75,53.75,53.75,53.75,53.75,1,6.32,14000,0,17-AUG-2016,
OPTSTK,HCLTECH,25-Aug-2016,860,PE,74.95,74.95,74.95,74.95,74.95,1,6.54,5600,-700,17-AUG-2016,
OPTSTK,HCLTECH,25-Aug-2016,870,PE,0,0,0,133.55,84.25,0,0,0,0,17-AUG-2016,
OPTSTK,HCLTECH,25-Aug-2016,880,PE,0,0,0,69.25,94.2,0,0,1400,0,17-AUG-2016,
OPTSTK,HCLTECH,25-Aug-2016,890,PE,0,0,0,152.15,104.15,0,0,0,0,17-AUG-2016,
OPTSTK,HCLTECH,25-Aug-2016,900,PE,0,0,0,149.95,114.15,0,0,0,0,17-AUG-2016,
OPTSTK,HCLTECH,25-Aug-2016,910,PE,0,0,0,171.1,124.1,0,0,0,0,17-AUG-2016,
OPTSTK,HCLTECH,25-Aug-2016,920,PE,0,0,0,103,134.1,0,0,700,0,17-AUG-2016,
OPTSTK,HCLTECH,25-Aug-2016,930,PE,0,0,0,190.35,144.1,0,0,0,0,17-AUG-2016,
OPTSTK,HCLTECH,25-Aug-2016,940,PE,0,0,0,186.1,154.05,0,0,0,0,17-AUG-2016,
OPTSTK,HCLTECH,25-Aug-2016,950,PE,0,0,0,192.95,164.05,0,0,0,0,17-AUG-2016,
OPTSTK,HCLTECH,25-Aug-2016,960,PE,0,0,0,204.7,174.05,0,0,0,0,17-AUG-2016,
OPTSTK,HCLTECH,25-Aug-2016,980,PE,0,0,0,223.6,194,0,0,0,0,17-AUG-2016,
OPTSTK,HCLTECH,25-Aug-2016,1000,PE,0,0,0,242.7,213.95,0,0,0,0,17-AUG-2016,
OPTSTK,HCLTECH,25-Aug-2016,1020,PE,0,0,0,261.9,233.95,0,0,0,0,17-AUG-2016,
OPTSTK,HCLTECH,25-Aug-2016,1040,PE,0,0,0,281.25,253.9,0,0,0,0,17-AUG-2016,
OPTSTK,HCLTECH,25-Aug-2016,1060,PE,0,0,0,300.7,273.9,0,0,0,0,17-AUG-2016,
OPTSTK,HCLTECH,25-Aug-2016,1080,PE,0,0,0,320.2,293.85,0,0,0,0,17-AUG-2016,
OPTSTK,HCLTECH,25-Aug-2016,1100,PE,0,0,0,339.75,313.8,0,0,0,0,17-AUG-2016,
OPTSTK,HCLTECH,29-Sep-2016,530,CE,0,0,0,210.2,258.85,0,0,0,0,17-AUG-2016,
OPTSTK,HCLTECH,29-Sep-2016,540,CE,0,0,0,200.55,248.95,0,0,0,0,17-AUG-2016,
OPTSTK,HCLTECH,29-Sep-2016,550,CE,0,0,0,190.95,239,0,0,0,0,17-AUG-2016,
OPTSTK,HCLTECH,29-Sep-2016,560,CE,0,0,0,181.45,229.1,0,0,0,0,17-AUG-2016,
OPTSTK,HCLTECH,29-Sep-2016,570,CE,0,0,0,172,219.2,0,0,0,0,17-AUG-2016,
OPTSTK,HCLTECH,29-Sep-2016,580,CE,0,0,0,162.7,209.3,0,0,0,0,17-AUG-2016,
OPTSTK,HCLTECH,29-Sep-2016,590,CE,0,0,0,153.5,199.4,0,0,0,0,17-AUG-2016,
OPTSTK,HCLTECH,29-Sep-2016,600,CE,0,0,0,144.45,189.5,0,0,0,0,17-AUG-2016,
OPTSTK,HCLTECH,29-Sep-2016,610,CE,0,0,0,135.6,179.6,0,0,0,0,17-AUG-2016,
OPTSTK,HCLTECH,29-Sep-2016,620,CE,0,0,0,126.9,169.75,0,0,0,0,17-AUG-2016,
OPTSTK,HCLTECH,29-Sep-2016,630,CE,0,0,0,118.45,159.95,0,0,0,0,17-AUG-2016,
OPTSTK,HCLTECH,29-Sep-2016,640,CE,0,0,0,110.25,150.15,0,0,0,0,17-AUG-2016,
OPTSTK,HCLTECH,29-Sep-2016,650,CE,0,0,0,102.3,140.5,0,0,0,0,17-AUG-2016,
OPTSTK,HCLTECH,29-Sep-2016,660,CE,0,0,0,94.65,130.9,0,0,0,0,17-AUG-2016,
OPTSTK,HCLTECH,29-Sep-2016,670,CE,0,0,0,87.35,121.4,0,0,0,0,17-AUG-2016,
OPTSTK,HCLTECH,29-Sep-2016,680,CE,0,0,0,80.3,112.1,0,0,0,0,17-AUG-2016,
OPTSTK,HCLTECH,29-Sep-2016,690,CE,0,0,0,73.55,103,0,0,0,0,17-AUG-2016,
OPTSTK,HCLTECH,29-Sep-2016,700,CE,0,0,0,67.2,94.15,0,0,0,0,17-AUG-2016,
OPTSTK,HCLTECH,29-Sep-2016,710,CE,0,0,0,61.2,85.55,0,0,0,0,17-AUG-2016,
OPTSTK,HCLTECH,29-Sep-2016,720,CE,0,0,0,55.6,77.3,0,0,0,0,17-AUG-2016,
OPTSTK,HCLTECH,29-Sep-2016,730,CE,0,0,0,50.3,69.4,0,0,0,0,17-AUG-2016,
OPTSTK,HCLTECH,29-Sep-2016,740,CE,66,66,66,66,66,1,5.64,700,700,17-AUG-2016,
OPTSTK,HCLTECH,29-Sep-2016,750,CE,55,55,55,55,55,1,5.63,2100,0,17-AUG-2016,
OPTSTK,HCLTECH,29-Sep-2016,760,CE,0,0,0,36.6,48.3,0,0,0,0,17-AUG-2016,
OPTSTK,HCLTECH,29-Sep-2016,770,CE,0,0,0,32.7,42.25,0,0,0,0,17-AUG-2016,
OPTSTK,HCLTECH,29-Sep-2016,780,CE,0,0,0,38,36.65,0,0,1400,0,17-AUG-2016,
OPTSTK,HCLTECH,29-Sep-2016,790,CE,0,0,0,25.9,31.6,0,0,0,0,17-AUG-2016,
OPTSTK,HCLTECH,29-Sep-2016,800,CE,25,25,23,23,23,4,23.08,5600,700,17-AUG-2016,
OPTSTK,HCLTECH,29-Sep-2016,810,CE,20,20,19,19,19,5,29.03,10500,3500,17-AUG-2016,
OPTSTK,HCLTECH,29-Sep-2016,820,CE,0,0,0,20.55,19.35,0,0,15400,0,17-AUG-2016,
OPTSTK,HCLTECH,29-Sep-2016,830,CE,14,14,13.05,13.05,13.05,8,47.25,13300,4900,17-AUG-2016,
OPTSTK,HCLTECH,29-Sep-2016,840,CE,8.1,8.35,8.1,8.35,8.35,2,11.87,2800,1400,17-AUG-2016,
OPTSTK,HCLTECH,29-Sep-2016,850,CE,0,0,0,12,11.15,0,0,0,0,17-AUG-2016,
OPTSTK,HCLTECH,29-Sep-2016,860,CE,6,6,6,6,6,1,6.06,2100,0,17-AUG-2016,
OPTSTK,HCLTECH,29-Sep-2016,870,CE,0,0,0,9.05,7.45,0,0,0,0,17-AUG-2016,
OPTSTK,HCLTECH,29-Sep-2016,880,CE,0,0,0,7.85,6,0,0,0,0,17-AUG-2016,
OPTSTK,HCLTECH,29-Sep-2016,890,CE,0,0,0,6.8,4.8,0,0,0,0,17-AUG-2016,
OPTSTK,HCLTECH,29-Sep-2016,900,CE,0,0,0,5.85,3.85,0,0,0,0,17-AUG-2016,
OPTSTK,HCLTECH,29-Sep-2016,910,CE,0,0,0,5.05,3.05,0,0,0,0,17-AUG-2016,
OPTSTK,HCLTECH,29-Sep-2016,920,CE,0,0,0,4.3,2.4,0,0,0,0,17-AUG-2016,
OPTSTK,HCLTECH,29-Sep-2016,930,CE,0,0,0,3.7,1.85,0,0,0,0,17-AUG-2016,
OPTSTK,HCLTECH,29-Sep-2016,530,PE,0,0,0,0.4,0,0,0,0,0,17-AUG-2016,
OPTSTK,HCLTECH,29-Sep-2016,540,PE,0,0,0,0.55,0,0,0,0,0,17-AUG-2016,
OPTSTK,HCLTECH,29-Sep-2016,550,PE,0,0,0,0.8,0,0,0,0,0,17-AUG-2016,
OPTSTK,HCLTECH,29-Sep-2016,560,PE,0,0,0,1.1,0,0,0,0,0,17-AUG-2016,
OPTSTK,HCLTECH,29-Sep-2016,570,PE,0,0,0,1.5,0.05,0,0,0,0,17-AUG-2016,
OPTSTK,HCLTECH,29-Sep-2016,580,PE,0,0,0,2,0.05,0,0,0,0,17-AUG-2016,
OPTSTK,HCLTECH,29-Sep-2016,590,PE,0,0,0,2.6,0.05,0,0,0,0,17-AUG-2016,
OPTSTK,HCLTECH,29-Sep-2016,600,PE,0,0,0,3.4,0.1,0,0,0,0,17-AUG-2016,
OPTSTK,HCLTECH,29-Sep-2016,610,PE,0,0,0,4.35,0.1,0,0,0,0,17-AUG-2016,
OPTSTK,HCLTECH,29-Sep-2016,620,PE,0,0,0,5.5,0.2,0,0,0,0,17-AUG-2016,
OPTSTK,HCLTECH,29-Sep-2016,630,PE,0,0,0,6.9,0.3,0,0,0,0,17-AUG-2016,
OPTSTK,HCLTECH,29-Sep-2016,640,PE,0,0,0,8.5,0.45,0,0,0,0,17-AUG-2016,
OPTSTK,HCLTECH,29-Sep-2016,650,PE,0,0,0,10.4,0.65,0,0,0,0,17-AUG-2016,
OPTSTK,HCLTECH,29-Sep-2016,660,PE,0,0,0,12.55,1,0,0,0,0,17-AUG-2016,
OPTSTK,HCLTECH,29-Sep-2016,670,PE,0,0,0,15.05,1.45,0,0,0,0,17-AUG-2016,
OPTSTK,HCLTECH,29-Sep-2016,680,PE,0,0,0,17.85,2.05,0,0,0,0,17-AUG-2016,
OPTSTK,HCLTECH,29-Sep-2016,690,PE,0,0,0,20.9,2.85,0,0,0,0,17-AUG-2016,
OPTSTK,HCLTECH,29-Sep-2016,700,PE,0,0,0,24.4,3.9,0,0,0,0,17-AUG-2016,
OPTSTK,HCLTECH,29-Sep-2016,710,PE,0,0,0,28.25,5.25,0,0,0,0,17-AUG-2016,
OPTSTK,HCLTECH,29-Sep-2016,720,PE,0,0,0,32.4,6.9,0,0,0,0,17-AUG-2016,
OPTSTK,HCLTECH,29-Sep-2016,730,PE,7,7,7,7,7,11,56.74,8400,7700,17-AUG-2016,
OPTSTK,HCLTECH,29-Sep-2016,740,PE,9,9.5,9,9.5,9.5,7,36.71,7000,0,17-AUG-2016,
OPTSTK,HCLTECH,29-Sep-2016,750,PE,11.5,11.5,11.5,11.5,11.5,3,15.99,18900,2100,17-AUG-2016,
OPTSTK,HCLTECH,29-Sep-2016,760,PE,14.4,14.4,14.4,14.4,14.4,1,5.42,17500,700,17-AUG-2016,
OPTSTK,HCLTECH,29-Sep-2016,770,PE,0,0,0,12,21.45,0,0,4200,0,17-AUG-2016,
OPTSTK,HCLTECH,29-Sep-2016,780,PE,19.5,20.5,19.5,20.5,20.5,2,11.2,5600,1400,17-AUG-2016,
OPTSTK,HCLTECH,29-Sep-2016,790,PE,24,24,24,24,24,1,5.69,700,700,17-AUG-2016,
OPTSTK,HCLTECH,29-Sep-2016,800,PE,26,28,26,28,28,2,11.57,14000,1400,17-AUG-2016,
OPTSTK,HCLTECH,29-Sep-2016,810,PE,0,0,0,85.5,41.85,0,0,0,0,17-AUG-2016,
OPTSTK,HCLTECH,29-Sep-2016,820,PE,0,0,0,24,48.2,0,0,1400,0,17-AUG-2016,
OPTSTK,HCLTECH,29-Sep-2016,830,PE,0,0,0,100.6,54.95,0,0,0,0,17-AUG-2016,
OPTSTK,HCLTECH,29-Sep-2016,840,PE,0,0,0,108.45,62.15,0,0,0,0,17-AUG-2016,
OPTSTK,HCLTECH,29-Sep-2016,850,PE,0,0,0,116.5,69.7,0,0,0,0,17-AUG-2016,
OPTSTK,HCLTECH,29-Sep-2016,860,PE,0,0,0,124.8,77.6,0,0,0,0,17-AUG-2016,
OPTSTK,HCLTECH,29-Sep-2016,870,PE,0,0,0,133.25,85.85,0,0,0,0,17-AUG-2016,
OPTSTK,HCLTECH,29-Sep-2016,880,PE,0,0,0,141.85,94.35,0,0,0,0,17-AUG-2016,
OPTSTK,HCLTECH,29-Sep-2016,890,PE,0,0,0,150.6,103.05,0,0,0,0,17-AUG-2016,
OPTSTK,HCLTECH,29-Sep-2016,900,PE,0,0,0,159.5,112,0,0,0,0,17-AUG-2016,
OPTSTK,HCLTECH,29-Sep-2016,910,PE,0,0,0,168.5,121.1,0,0,0,0,17-AUG-2016,
OPTSTK,HCLTECH,29-Sep-2016,920,PE,0,0,0,177.6,130.4,0,0,0,0,17-AUG-2016,
OPTSTK,HCLTECH,29-Sep-2016,930,PE,0,0,0,186.8,139.8,0,0,0,0,17-AUG-2016,
OPTSTK,HCLTECH,27-Oct-2016,550,CE,0,0,0,210.35,241.95,0,0,0,0,17-AUG-2016,
OPTSTK,HCLTECH,27-Oct-2016,560,CE,0,0,0,200.55,232.1,0,0,0,0,17-AUG-2016,
OPTSTK,HCLTECH,27-Oct-2016,570,CE,0,0,0,190.8,222.3,0,0,0,0,17-AUG-2016,
OPTSTK,HCLTECH,27-Oct-2016,580,CE,0,0,0,181.1,212.5,0,0,0,0,17-AUG-2016,
OPTSTK,HCLTECH,27-Oct-2016,590,CE,0,0,0,171.4,202.7,0,0,0,0,17-AUG-2016,
OPTSTK,HCLTECH,27-Oct-2016,600,CE,0,0,0,161.8,193,0,0,0,0,17-AUG-2016,
OPTSTK,HCLTECH,27-Oct-2016,610,CE,0,0,0,152.3,183.3,0,0,0,0,17-AUG-2016,
OPTSTK,HCLTECH,27-Oct-2016,620,CE,0,0,0,142.9,173.7,0,0,0,0,17-AUG-2016,
OPTSTK,HCLTECH,27-Oct-2016,630,CE,0,0,0,133.6,164.2,0,0,0,0,17-AUG-2016,
OPTSTK,HCLTECH,27-Oct-2016,640,CE,0,0,0,124.45,154.75,0,0,0,0,17-AUG-2016,
OPTSTK,HCLTECH,27-Oct-2016,650,CE,0,0,0,115.55,145.45,0,0,0,0,17-AUG-2016,
OPTSTK,HCLTECH,27-Oct-2016,660,CE,0,0,0,106.8,136.35,0,0,0,0,17-AUG-2016,
OPTSTK,HCLTECH,27-Oct-2016,670,CE,0,0,0,98.35,127.35,0,0,0,0,17-AUG-2016,
OPTSTK,HCLTECH,27-Oct-2016,680,CE,0,0,0,90.2,118.6,0,0,0,0,17-AUG-2016,
OPTSTK,HCLTECH,27-Oct-2016,690,CE,0,0,0,82.3,110.05,0,0,0,0,17-AUG-2016,
OPTSTK,HCLTECH,27-Oct-2016,700,CE,0,0,0,74.85,101.8,0,0,0,0,17-AUG-2016,
OPTSTK,HCLTECH,27-Oct-2016,710,CE,0,0,0,67.65,93.8,0,0,0,0,17-AUG-2016,
OPTSTK,HCLTECH,27-Oct-2016,720,CE,0,0,0,60.9,86.15,0,0,0,0,17-AUG-2016,
OPTSTK,HCLTECH,27-Oct-2016,730,CE,0,0,0,54.55,78.8,0,0,0,0,17-AUG-2016,
OPTSTK,HCLTECH,27-Oct-2016,740,CE,0,0,0,48.65,71.75,0,0,0,0,17-AUG-2016,
OPTSTK,HCLTECH,27-Oct-2016,750,CE,0,0,0,43.15,65.15,0,0,0,0,17-AUG-2016,
OPTSTK,HCLTECH,27-Oct-2016,760,CE,0,0,0,38.1,58.9,0,0,0,0,17-AUG-2016,
OPTSTK,HCLTECH,27-Oct-2016,770,CE,0,0,0,33.45,53,0,0,0,0,17-AUG-2016,
OPTSTK,HCLTECH,27-Oct-2016,780,CE,0,0,0,29.25,47.55,0,0,0,0,17-AUG-2016,
OPTSTK,HCLTECH,27-Oct-2016,790,CE,0,0,0,25.45,42.45,0,0,0,0,17-AUG-2016,
OPTSTK,HCLTECH,27-Oct-2016,800,CE,0,0,0,22,37.8,0,0,0,0,17-AUG-2016,
OPTSTK,HCLTECH,27-Oct-2016,810,CE,0,0,0,18.95,33.5,0,0,0,0,17-AUG-2016,
OPTSTK,HCLTECH,27-Oct-2016,820,CE,0,0,0,16.25,29.55,0,0,0,0,17-AUG-2016,
OPTSTK,HCLTECH,27-Oct-2016,830,CE,0,0,0,13.9,25.95,0,0,0,0,17-AUG-2016,
OPTSTK,HCLTECH,27-Oct-2016,840,CE,0,0,0,11.8,22.75,0,0,0,0,17-AUG-2016,
OPTSTK,HCLTECH,27-Oct-2016,850,CE,0,0,0,9.95,19.85,0,0,0,0,17-AUG-2016,
OPTSTK,HCLTECH,27-Oct-2016,860,CE,0,0,0,8.35,17.25,0,0,0,0,17-AUG-2016,
OPTSTK,HCLTECH,27-Oct-2016,870,CE,0,0,0,7,14.95,0,0,0,0,17-AUG-2016,
OPTSTK,HCLTECH,27-Oct-2016,880,CE,0,0,0,5.85,12.85,0,0,0,0,17-AUG-2016,
OPTSTK,HCLTECH,27-Oct-2016,890,CE,0,0,0,4.85,11.05,0,0,0,0,17-AUG-2016,
OPTSTK,HCLTECH,27-Oct-2016,900,CE,0,0,0,4,9.45,0,0,0,0,17-AUG-2016,
OPTSTK,HCLTECH,27-Oct-2016,910,CE,0,0,0,3.3,8.05,0,0,0,0,17-AUG-2016,
OPTSTK,HCLTECH,27-Oct-2016,920,CE,0,0,0,2.7,6.85,0,0,0,0,17-AUG-2016,
OPTSTK,HCLTECH,27-Oct-2016,930,CE,0,0,0,2.2,5.8,0,0,0,0,17-AUG-2016,
OPTSTK,HCLTECH,27-Oct-2016,550,PE,0,0,0,0.1,0.05,0,0,0,0,17-AUG-2016,
OPTSTK,HCLTECH,27-Oct-2016,560,PE,0,0,0,0.15,0.1,0,0,0,0,17-AUG-2016,
OPTSTK,HCLTECH,27-Oct-2016,570,PE,0,0,0,0.2,0.15,0,0,0,0,17-AUG-2016,
OPTSTK,HCLTECH,27-Oct-2016,580,PE,0,0,0,0.35,0.2,0,0,0,0,17-AUG-2016,
OPTSTK,HCLTECH,27-Oct-2016,590,PE,0,0,0,0.5,0.3,0,0,0,0,17-AUG-2016,
OPTSTK,HCLTECH,27-Oct-2016,600,PE,0,0,0,0.7,0.45,0,0,0,0,17-AUG-2016,
OPTSTK,HCLTECH,27-Oct-2016,610,PE,0,0,0,1,0.65,0,0,0,0,17-AUG-2016,
OPTSTK,HCLTECH,27-Oct-2016,620,PE,0,0,0,1.45,0.9,0,0,0,0,17-AUG-2016,
OPTSTK,HCLTECH,27-Oct-2016,630,PE,0,0,0,1.95,1.25,0,0,0,0,17-AUG-2016,
OPTSTK,HCLTECH,27-Oct-2016,640,PE,0,0,0,2.65,1.7,0,0,0,0,17-AUG-2016,
OPTSTK,HCLTECH,27-Oct-2016,650,PE,0,0,0,3.55,2.25,0,0,0,0,17-AUG-2016,
OPTSTK,HCLTECH,27-Oct-2016,660,PE,0,0,0,4.7,3,0,0,0,0,17-AUG-2016,
OPTSTK,HCLTECH,27-Oct-2016,670,PE,0,0,0,6.05,3.9,0,0,0,0,17-AUG-2016,
OPTSTK,HCLTECH,27-Oct-2016,680,PE,0,0,0,7.7,5,0,0,0,0,17-AUG-2016,
OPTSTK,HCLTECH,27-Oct-2016,690,PE,0,0,0,9.65,6.3,0,0,0,0,17-AUG-2016,
OPTSTK,HCLTECH,27-Oct-2016,700,PE,0,0,0,12,7.9,0,0,0,0,17-AUG-2016,
OPTSTK,HCLTECH,27-Oct-2016,710,PE,0,0,0,14.7,9.8,0,0,0,0,17-AUG-2016,
OPTSTK,HCLTECH,27-Oct-2016,720,PE,0,0,0,17.7,12,0,0,0,0,17-AUG-2016,
OPTSTK,HCLTECH,27-Oct-2016,730,PE,0,0,0,21.2,14.5,0,0,0,0,17-AUG-2016,
OPTSTK,HCLTECH,27-Oct-2016,740,PE,0,0,0,25.1,17.35,0,0,0,0,17-AUG-2016,
OPTSTK,HCLTECH,27-Oct-2016,750,PE,0,0,0,29.45,20.6,0,0,0,0,17-AUG-2016,
OPTSTK,HCLTECH,27-Oct-2016,760,PE,0,0,0,34.25,24.2,0,0,0,0,17-AUG-2016,
OPTSTK,HCLTECH,27-Oct-2016,770,PE,0,0,0,39.45,28.2,0,0,0,0,17-AUG-2016,
OPTSTK,HCLTECH,27-Oct-2016,780,PE,0,0,0,45.05,32.6,0,0,0,0,17-AUG-2016,
OPTSTK,HCLTECH,27-Oct-2016,790,PE,0,0,0,51.05,37.4,0,0,0,0,17-AUG-2016,
OPTSTK,HCLTECH,27-Oct-2016,800,PE,0,0,0,57.45,42.55,0,0,0,0,17-AUG-2016,
OPTSTK,HCLTECH,27-Oct-2016,810,PE,0,0,0,64.25,48.15,0,0,0,0,17-AUG-2016,
OPTSTK,HCLTECH,27-Oct-2016,820,PE,0,0,0,71.35,54.05,0,0,0,0,17-AUG-2016,
OPTSTK,HCLTECH,27-Oct-2016,830,PE,0,0,0,78.85,60.35,0,0,0,0,17-AUG-2016,
OPTSTK,HCLTECH,27-Oct-2016,840,PE,0,0,0,86.55,67,0,0,0,0,17-AUG-2016,
OPTSTK,HCLTECH,27-Oct-2016,850,PE,0,0,0,94.55,73.95,0,0,0,0,17-AUG-2016,
OPTSTK,HCLTECH,27-Oct-2016,860,PE,0,0,0,102.8,81.25,0,0,0,0,17-AUG-2016,
OPTSTK,HCLTECH,27-Oct-2016,870,PE,0,0,0,111.25,88.8,0,0,0,0,17-AUG-2016,
OPTSTK,HCLTECH,27-Oct-2016,880,PE,0,0,0,119.95,96.6,0,0,0,0,17-AUG-2016,
OPTSTK,HCLTECH,27-Oct-2016,890,PE,0,0,0,128.75,104.65,0,0,0,0,17-AUG-2016,
OPTSTK,HCLTECH,27-Oct-2016,900,PE,0,0,0,137.75,112.9,0,0,0,0,17-AUG-2016,
OPTSTK,HCLTECH,27-Oct-2016,910,PE,0,0,0,146.85,121.4,0,0,0,0,17-AUG-2016,
OPTSTK,HCLTECH,27-Oct-2016,920,PE,0,0,0,156.1,130.05,0,0,0,0,17-AUG-2016,
OPTSTK,HCLTECH,27-Oct-2016,930,PE,0,0,0,165.45,138.85,0,0,0,0,17-AUG-2016,
OPTSTK,HDFC,25-Aug-2016,820,CE,0,0,0,423.3,548.15,0,0,0,0,17-AUG-2016,
OPTSTK,HDFC,25-Aug-2016,840,CE,0,0,0,403.9,528.2,0,0,0,0,17-AUG-2016,
OPTSTK,HDFC,25-Aug-2016,860,CE,0,0,0,384.55,508.2,0,0,0,0,17-AUG-2016,
OPTSTK,HDFC,25-Aug-2016,880,CE,0,0,0,365.35,488.25,0,0,0,0,17-AUG-2016,
OPTSTK,HDFC,25-Aug-2016,900,CE,0,0,0,346.3,468.25,0,0,0,0,17-AUG-2016,
OPTSTK,HDFC,25-Aug-2016,920,CE,0,0,0,327.45,448.3,0,0,0,0,17-AUG-2016,
OPTSTK,HDFC,25-Aug-2016,940,CE,0,0,0,308.85,428.35,0,0,0,0,17-AUG-2016,
OPTSTK,HDFC,25-Aug-2016,960,CE,0,0,0,290.5,408.35,0,0,0,0,17-AUG-2016,
OPTSTK,HDFC,25-Aug-2016,980,CE,0,0,0,272.5,388.4,0,0,0,0,17-AUG-2016,
OPTSTK,HDFC,25-Aug-2016,1000,CE,0,0,0,254.9,368.4,0,0,0,0,17-AUG-2016,
OPTSTK,HDFC,25-Aug-2016,1020,CE,0,0,0,237.7,348.45,0,0,0,0,17-AUG-2016,
OPTSTK,HDFC,25-Aug-2016,1040,CE,0,0,0,221.05,328.5,0,0,0,0,17-AUG-2016,
OPTSTK,HDFC,25-Aug-2016,1060,CE,0,0,0,204.9,308.5,0,0,0,0,17-AUG-2016,
OPTSTK,HDFC,25-Aug-2016,1080,CE,0,0,0,189.3,288.55,0,0,0,0,17-AUG-2016,
OPTSTK,HDFC,25-Aug-2016,1100,CE,0,0,0,174.4,268.55,0,0,0,0,17-AUG-2016,
OPTSTK,HDFC,25-Aug-2016,1120,CE,0,0,0,160.1,248.6,0,0,0,0,17-AUG-2016,
OPTSTK,HDFC,25-Aug-2016,1140,CE,0,0,0,146.5,228.65,0,0,0,0,17-AUG-2016,
OPTSTK,HDFC,25-Aug-2016,1160,CE,0,0,0,133.6,208.65,0,0,0,0,17-AUG-2016,
OPTSTK,HDFC,25-Aug-2016,1180,CE,0,0,0,121.5,188.7,0,0,0,0,17-AUG-2016,
OPTSTK,HDFC,25-Aug-2016,1200,CE,0,0,0,135,168.75,0,0,2500,0,17-AUG-2016,
OPTSTK,HDFC,25-Aug-2016,1220,CE,0,0,0,175,148.8,0,0,500,0,17-AUG-2016,
OPTSTK,HDFC,25-Aug-2016,1240,CE,0,0,0,127,128.95,0,0,1000,0,17-AUG-2016,
OPTSTK,HDFC,25-Aug-2016,1260,CE,103.75,103.75,103.75,103.75,103.75,2,13.63,2500,-500,17-AUG-2016,
OPTSTK,HDFC,25-Aug-2016,1280,CE,0,0,0,70,90.05,0,0,1000,0,17-AUG-2016,
OPTSTK,HDFC,25-Aug-2016,1300,CE,0,0,0,74,71.65,0,0,17500,0,17-AUG-2016,
OPTSTK,HDFC,25-Aug-2016,1320,CE,53.7,55.75,49.3,49.35,49.35,9,61.75,21500,-500,17-AUG-2016,
OPTSTK,HDFC,25-Aug-2016,1340,CE,36.4,37.4,27.8,35.4,35.4,54,370.23,68500,-8000,17-AUG-2016,
OPTSTK,HDFC,25-Aug-2016,1360,CE,22.3,25.55,16.2,21.2,21.2,307,2120.9,169000,-23000,17-AUG-2016,
OPTSTK,HDFC,25-Aug-2016,1380,CE,13.15,15.35,8.7,12.25,12.25,613,4266.63,207500,11500,17-AUG-2016,
OPTSTK,HDFC,25-Aug-2016,1400,CE,6.55,8.5,4.5,6.2,6.2,355,2497.23,386000,3000,17-AUG-2016,
OPTSTK,HDFC,25-Aug-2016,1420,CE,3.8,4.5,2.45,3.25,3.25,101,718.87,93000,-8500,17-AUG-2016,
OPTSTK,HDFC,25-Aug-2016,1440,CE,2,2,1.2,1.55,1.55,19,136.97,111500,2500,17-AUG-2016,
OPTSTK,HDFC,25-Aug-2016,1460,CE,1.1,1.1,0.8,0.9,0.9,12,87.65,71000,-6000,17-AUG-2016,
OPTSTK,HDFC,25-Aug-2016,1480,CE,0.95,0.95,0.7,0.7,0.7,4,29.61,14000,-2000,17-AUG-2016,
OPTSTK,HDFC,25-Aug-2016,1500,CE,0,0,0,0.35,0.3,0,0,26500,0,17-AUG-2016,
OPTSTK,HDFC,25-Aug-2016,1520,CE,0,0,0,15.2,0.15,0,0,0,0,17-AUG-2016,
OPTSTK,HDFC,25-Aug-2016,1540,CE,0,0,0,13.15,0.05,0,0,0,0,17-AUG-2016,
OPTSTK,HDFC,25-Aug-2016,1560,CE,0,0,0,11.35,0.05,0,0,0,0,17-AUG-2016,
OPTSTK,HDFC,25-Aug-2016,1580,CE,0,0,0,9.75,0,0,0,0,0,17-AUG-2016,
OPTSTK,HDFC,25-Aug-2016,1600,CE,0,0,0,8.35,0,0,0,0,0,17-AUG-2016,
OPTSTK,HDFC,25-Aug-2016,820,PE,0,0,0,0.45,0,0,0,0,0,17-AUG-2016,
OPTSTK,HDFC,25-Aug-2016,840,PE,0,0,0,0.65,0,0,0,0,0,17-AUG-2016,
OPTSTK,HDFC,25-Aug-2016,860,PE,0,0,0,0.95,0,0,0,0,0,17-AUG-2016,
OPTSTK,HDFC,25-Aug-2016,880,PE,0,0,0,1.4,0,0,0,0,0,17-AUG-2016,
OPTSTK,HDFC,25-Aug-2016,900,PE,0,0,0,2,0,0,0,0,0,17-AUG-2016,
OPTSTK,HDFC,25-Aug-2016,920,PE,0,0,0,2.8,0,0,0,0,0,17-AUG-2016,
OPTSTK,HDFC,25-Aug-2016,940,PE,0,0,0,3.8,0,0,0,0,0,17-AUG-2016,
OPTSTK,HDFC,25-Aug-2016,960,PE,0,0,0,5.15,0,0,0,0,0,17-AUG-2016,
OPTSTK,HDFC,25-Aug-2016,980,PE,0,0,0,6.8,0,0,0,0,0,17-AUG-2016,
OPTSTK,HDFC,25-Aug-2016,1000,PE,0,0,0,8.8,0,0,0,0,0,17-AUG-2016,
OPTSTK,HDFC,25-Aug-2016,1020,PE,0,0,0,11.25,0,0,0,0,0,17-AUG-2016,
OPTSTK,HDFC,25-Aug-2016,1040,PE,0,0,0,14.25,0,0,0,0,0,17-AUG-2016,
OPTSTK,HDFC,25-Aug-2016,1060,PE,0,0,0,17.7,0,0,0,0,0,17-AUG-2016,
OPTSTK,HDFC,25-Aug-2016,1080,PE,0,0,0,21.8,0,0,0,0,0,17-AUG-2016,
OPTSTK,HDFC,25-Aug-2016,1100,PE,0,0,0,26.55,0,0,0,0,0,17-AUG-2016,
OPTSTK,HDFC,25-Aug-2016,1120,PE,0,0,0,31.9,0,0,0,0,0,17-AUG-2016,
OPTSTK,HDFC,25-Aug-2016,1140,PE,0,0,0,37.9,0,0,0,0,0,17-AUG-2016,
OPTSTK,HDFC,25-Aug-2016,1160,PE,0,0,0,44.65,0,0,0,0,0,17-AUG-2016,
OPTSTK,HDFC,25-Aug-2016,1180,PE,0,0,0,2,0,0,0,500,0,17-AUG-2016,
OPTSTK,HDFC,25-Aug-2016,1200,PE,0,0,0,1,0.05,0,0,28500,0,17-AUG-2016,
OPTSTK,HDFC,25-Aug-2016,1220,PE,1.95,1.95,1.95,1.95,1.95,1,6.1,21500,0,17-AUG-2016,
OPTSTK,HDFC,25-Aug-2016,1240,PE,0,0,0,0.7,0.15,0,0,10000,0,17-AUG-2016,
OPTSTK,HDFC,25-Aug-2016,1260,PE,0,0,0,0.85,0.5,0,0,39500,0,17-AUG-2016,
OPTSTK,HDFC,25-Aug-2016,1280,PE,1.85,1.85,1.3,1.3,1.3,24,153.79,26000,0,17-AUG-2016,
OPTSTK,HDFC,25-Aug-2016,1300,PE,2.9,3.4,1.9,2.2,2.2,76,494.93,103000,-2500,17-AUG-2016,
OPTSTK,HDFC,25-Aug-2016,1320,PE,5.15,5.85,3.7,4.2,4.2,96,635.88,101500,3500,17-AUG-2016,
OPTSTK,HDFC,25-Aug-2016,1340,PE,10.2,11.3,6.6,7.75,7.75,806,5435.99,115500,-10500,17-AUG-2016,
OPTSTK,HDFC,25-Aug-2016,1360,PE,16.3,20.4,12.7,14.25,14.25,271,1863.87,77000,-6000,17-AUG-2016,
OPTSTK,HDFC,25-Aug-2016,1380,PE,26.05,32.2,22,24.3,24.3,84,590.39,37000,500,17-AUG-2016,
OPTSTK,HDFC,25-Aug-2016,1400,PE,37,46.4,35.7,39.8,39.8,13,93.58,28000,0,17-AUG-2016,
OPTSTK,HDFC,25-Aug-2016,1420,PE,0,0,0,88.15,56.95,0,0,1500,0,17-AUG-2016,
OPTSTK,HDFC,25-Aug-2016,1440,PE,0,0,0,113,74.1,0,0,3500,0,17-AUG-2016,
OPTSTK,HDFC,25-Aug-2016,1460,PE,0,0,0,125.35,92.45,0,0,6000,0,17-AUG-2016,
OPTSTK,HDFC,25-Aug-2016,1480,PE,0,0,0,108.35,111.6,0,0,2000,0,17-AUG-2016,
OPTSTK,HDFC,25-Aug-2016,1500,PE,0,0,0,108,131.15,0,0,500,0,17-AUG-2016,
OPTSTK,HDFC,25-Aug-2016,1520,PE,0,0,0,279.85,150.95,0,0,0,0,17-AUG-2016,
OPTSTK,HDFC,25-Aug-2016,1540,PE,0,0,0,297.4,170.85,0,0,0,0,17-AUG-2016,
OPTSTK,HDFC,25-Aug-2016,1560,PE,0,0,0,315.25,190.8,0,0,0,0,17-AUG-2016,
OPTSTK,HDFC,25-Aug-2016,1580,PE,0,0,0,333.3,210.75,0,0,0,0,17-AUG-2016,
OPTSTK,HDFC,25-Aug-2016,1600,PE,0,0,0,351.55,230.75,0,0,0,0,17-AUG-2016,
OPTSTK,HDFC,29-Sep-2016,860,CE,0,0,0,408.85,513.9,0,0,0,0,17-AUG-2016,
OPTSTK,HDFC,29-Sep-2016,880,CE,0,0,0,389.2,494.05,0,0,0,0,17-AUG-2016,
OPTSTK,HDFC,29-Sep-2016,900,CE,0,0,0,369.65,474.2,0,0,0,0,17-AUG-2016,
OPTSTK,HDFC,29-Sep-2016,920,CE,0,0,0,350.05,454.35,0,0,0,0,17-AUG-2016,
OPTSTK,HDFC,29-Sep-2016,940,CE,0,0,0,330.55,434.55,0,0,0,0,17-AUG-2016,
OPTSTK,HDFC,29-Sep-2016,960,CE,0,0,0,311.1,414.7,0,0,0,0,17-AUG-2016,
OPTSTK,HDFC,29-Sep-2016,980,CE,0,0,0,291.8,394.85,0,0,0,0,17-AUG-2016,
OPTSTK,HDFC,29-Sep-2016,1000,CE,0,0,0,272.65,375.05,0,0,0,0,17-AUG-2016,
OPTSTK,HDFC,29-Sep-2016,1020,CE,0,0,0,253.7,355.2,0,0,0,0,17-AUG-2016,
OPTSTK,HDFC,29-Sep-2016,1040,CE,0,0,0,235.05,335.4,0,0,0,0,17-AUG-2016,
OPTSTK,HDFC,29-Sep-2016,1060,CE,0,0,0,216.7,315.6,0,0,0,0,17-AUG-2016,
OPTSTK,HDFC,29-Sep-2016,1080,CE,0,0,0,198.85,295.85,0,0,0,0,17-AUG-2016,
OPTSTK,HDFC,29-Sep-2016,1100,CE,0,0,0,181.45,276.2,0,0,0,0,17-AUG-2016,
OPTSTK,HDFC,29-Sep-2016,1120,CE,0,0,0,164.7,256.65,0,0,0,0,17-AUG-2016,
OPTSTK,HDFC,29-Sep-2016,1140,CE,0,0,0,148.65,237.25,0,0,0,0,17-AUG-2016,
OPTSTK,HDFC,29-Sep-2016,1160,CE,0,0,0,133.35,218.05,0,0,0,0,17-AUG-2016,
OPTSTK,HDFC,29-Sep-2016,1180,CE,0,0,0,118.9,199.2,0,0,0,0,17-AUG-2016,
OPTSTK,HDFC,29-Sep-2016,1200,CE,0,0,0,105.3,180.75,0,0,0,0,17-AUG-2016,
OPTSTK,HDFC,29-Sep-2016,1220,CE,0,0,0,92.7,162.8,0,0,0,0,17-AUG-2016,
OPTSTK,HDFC,29-Sep-2016,1240,CE,0,0,0,81.05,145.5,0,0,0,0,17-AUG-2016,
OPTSTK,HDFC,29-Sep-2016,1260,CE,0,0,0,70.45,128.95,0,0,0,0,17-AUG-2016,
OPTSTK,HDFC,29-Sep-2016,1280,CE,0,0,0,60.8,113.3,0,0,0,0,17-AUG-2016,
OPTSTK,HDFC,29-Sep-2016,1300,CE,95,95,90,90,90,2,13.92,1500,1000,17-AUG-2016,
OPTSTK,HDFC,29-Sep-2016,1320,CE,0,0,0,44.4,85.05,0,0,0,0,17-AUG-2016,
OPTSTK,HDFC,29-Sep-2016,1340,CE,0,0,0,64.5,72.65,0,0,0,0,17-AUG-2016,
OPTSTK,HDFC,29-Sep-2016,1360,CE,52,52,45,45,45,3,21.11,1500,1500,17-AUG-2016,
OPTSTK,HDFC,29-Sep-2016,1380,CE,0,0,0,40.6,51.35,0,0,500,0,17-AUG-2016,
OPTSTK,HDFC,29-Sep-2016,1400,CE,31,32.65,28,28,28,8,57.24,55500,2000,17-AUG-2016,
OPTSTK,HDFC,29-Sep-2016,1420,CE,25,25.8,22.5,25,25,14,101.02,32500,7000,17-AUG-2016,
OPTSTK,HDFC,29-Sep-2016,1440,CE,19,19,18.5,18.5,18.5,2,14.58,11500,1000,17-AUG-2016,
OPTSTK,HDFC,29-Sep-2016,1460,CE,14,14,14,14,14,2,14.74,1500,1000,17-AUG-2016,
OPTSTK,HDFC,29-Sep-2016,1480,CE,10,10,10,10,10,12,89.4,9000,6000,17-AUG-2016,
OPTSTK,HDFC,29-Sep-2016,1500,CE,0,0,0,8,14.15,0,0,500,0,17-AUG-2016,
OPTSTK,HDFC,29-Sep-2016,1520,CE,0,0,0,6.35,11.05,0,0,0,0,17-AUG-2016,
OPTSTK,HDFC,29-Sep-2016,1540,CE,0,0,0,5.05,8.5,0,0,0,0,17-AUG-2016,
OPTSTK,HDFC,29-Sep-2016,1560,CE,0,0,0,4,6.5,0,0,0,0,17-AUG-2016,
OPTSTK,HDFC,29-Sep-2016,1580,CE,0,0,0,3.15,4.9,0,0,0,0,17-AUG-2016,
OPTSTK,HDFC,29-Sep-2016,1600,CE,0,0,0,2.5,3.65,0,0,0,0,17-AUG-2016,
OPTSTK,HDFC,29-Sep-2016,860,PE,0,0,0,0.05,0,0,0,0,0,17-AUG-2016,
OPTSTK,HDFC,29-Sep-2016,880,PE,0,0,0,0.1,0,0,0,0,0,17-AUG-2016,
OPTSTK,HDFC,29-Sep-2016,900,PE,0,0,0,0.1,0,0,0,0,0,17-AUG-2016,
OPTSTK,HDFC,29-Sep-2016,920,PE,0,0,0,0.2,0,0,0,0,0,17-AUG-2016,
OPTSTK,HDFC,29-Sep-2016,940,PE,0,0,0,0.35,0,0,0,0,0,17-AUG-2016,
OPTSTK,HDFC,29-Sep-2016,960,PE,0,0,0,0.55,0,0,0,0,0,17-AUG-2016,
OPTSTK,HDFC,29-Sep-2016,980,PE,0,0,0,0.9,0.05,0,0,0,0,17-AUG-2016,
OPTSTK,HDFC,29-Sep-2016,1000,PE,0,0,0,1.4,0.05,0,0,0,0,17-AUG-2016,
OPTSTK,HDFC,29-Sep-2016,1020,PE,0,0,0,2.1,0.05,0,0,0,0,17-AUG-2016,
OPTSTK,HDFC,29-Sep-2016,1040,PE,0,0,0,3.05,0.05,0,0,0,0,17-AUG-2016,
OPTSTK,HDFC,29-Sep-2016,1060,PE,0,0,0,4.4,0.15,0,0,0,0,17-AUG-2016,
OPTSTK,HDFC,29-Sep-2016,1080,PE,0,0,0,6.15,0.25,0,0,0,0,17-AUG-2016,
OPTSTK,HDFC,29-Sep-2016,1100,PE,0,0,0,8.45,0.4,0,0,0,0,17-AUG-2016,
OPTSTK,HDFC,29-Sep-2016,1120,PE,0,0,0,11.3,0.65,0,0,0,0,17-AUG-2016,
OPTSTK,HDFC,29-Sep-2016,1140,PE,0,0,0,14.9,1.1,0,0,0,0,17-AUG-2016,
OPTSTK,HDFC,29-Sep-2016,1160,PE,0,0,0,19.25,1.75,0,0,0,0,17-AUG-2016,
OPTSTK,HDFC,29-Sep-2016,1180,PE,0,0,0,24.45,2.75,0,0,0,0,17-AUG-2016,
OPTSTK,HDFC,29-Sep-2016,1200,PE,0,0,0,30.5,4.1,0,0,0,0,17-AUG-2016,
OPTSTK,HDFC,29-Sep-2016,1220,PE,0,0,0,8.75,6,0,0,1000,0,17-AUG-2016,
OPTSTK,HDFC,29-Sep-2016,1240,PE,0,0,0,45.55,8.55,0,0,0,0,17-AUG-2016,
OPTSTK,HDFC,29-Sep-2016,1260,PE,10,11,9,10,10,10,63.5,18000,3500,17-AUG-2016,
OPTSTK,HDFC,29-Sep-2016,1280,PE,12,12,12,12,12,1,6.46,2500,500,17-AUG-2016,
OPTSTK,HDFC,29-Sep-2016,1300,PE,16,18,16,16,16,9,59.26,6000,4500,17-AUG-2016,
OPTSTK,HDFC,29-Sep-2016,1320,PE,19.8,21,19.8,21,21,44,295,23500,22000,17-AUG-2016,
OPTSTK,HDFC,29-Sep-2016,1340,PE,0,0,0,38.5,34.9,0,0,1500,0,17-AUG-2016,
OPTSTK,HDFC,29-Sep-2016,1360,PE,0,0,0,114,43.5,0,0,0,0,17-AUG-2016,
OPTSTK,HDFC,29-Sep-2016,1380,PE,0,0,0,52,53.3,0,0,500,0,17-AUG-2016,
OPTSTK,HDFC,29-Sep-2016,1400,PE,0,0,0,58,64.3,0,0,1000,0,17-AUG-2016,
OPTSTK,HDFC,29-Sep-2016,1420,PE,0,0,0,159.45,76.45,0,0,0,0,17-AUG-2016,
OPTSTK,HDFC,29-Sep-2016,1440,PE,0,0,0,175.85,89.7,0,0,0,0,17-AUG-2016,
OPTSTK,HDFC,29-Sep-2016,1460,PE,0,0,0,192.75,103.95,0,0,0,0,17-AUG-2016,
OPTSTK,HDFC,29-Sep-2016,1480,PE,0,0,0,210.1,119.15,0,0,0,0,17-AUG-2016,
OPTSTK,HDFC,29-Sep-2016,1500,PE,0,0,0,227.85,135.15,0,0,0,0,17-AUG-2016,
OPTSTK,HDFC,29-Sep-2016,1520,PE,0,0,0,245.9,151.8,0,0,0,0,17-AUG-2016,
OPTSTK,HDFC,29-Sep-2016,1540,PE,0,0,0,264.25,169.15,0,0,0,0,17-AUG-2016,
OPTSTK,HDFC,29-Sep-2016,1560,PE,0,0,0,282.85,186.95,0,0,0,0,17-AUG-2016,
OPTSTK,HDFC,29-Sep-2016,1580,PE,0,0,0,301.65,205.2,0,0,0,0,17-AUG-2016,
OPTSTK,HDFC,29-Sep-2016,1600,PE,0,0,0,320.6,223.8,0,0,0,0,17-AUG-2016,
OPTSTK,HDFC,27-Oct-2016,1000,CE,0,0,0,419.5,380.45,0,0,0,0,17-AUG-2016,
OPTSTK,HDFC,27-Oct-2016,1020,CE,0,0,0,399.95,360.8,0,0,0,0,17-AUG-2016,
OPTSTK,HDFC,27-Oct-2016,1040,CE,0,0,0,380.45,341.3,0,0,0,0,17-AUG-2016,
OPTSTK,HDFC,27-Oct-2016,1060,CE,0,0,0,361,321.85,0,0,0,0,17-AUG-2016,
OPTSTK,HDFC,27-Oct-2016,1080,CE,0,0,0,341.65,302.5,0,0,0,0,17-AUG-2016,
OPTSTK,HDFC,27-Oct-2016,1100,CE,0,0,0,322.45,283.4,0,0,0,0,17-AUG-2016,
OPTSTK,HDFC,27-Oct-2016,1120,CE,0,0,0,303.4,264.45,0,0,0,0,17-AUG-2016,
OPTSTK,HDFC,27-Oct-2016,1140,CE,0,0,0,284.6,245.85,0,0,0,0,17-AUG-2016,
OPTSTK,HDFC,27-Oct-2016,1160,CE,0,0,0,266.05,227.55,0,0,0,0,17-AUG-2016,
OPTSTK,HDFC,27-Oct-2016,1180,CE,0,0,0,247.8,209.7,0,0,0,0,17-AUG-2016,
OPTSTK,HDFC,27-Oct-2016,1200,CE,0,0,0,229.95,192.35,0,0,0,0,17-AUG-2016,
OPTSTK,HDFC,27-Oct-2016,1220,CE,0,0,0,212.6,175.6,0,0,0,0,17-AUG-2016,
OPTSTK,HDFC,27-Oct-2016,1240,CE,0,0,0,195.7,159.5,0,0,0,0,17-AUG-2016,
OPTSTK,HDFC,27-Oct-2016,1260,CE,0,0,0,179.45,144.1,0,0,0,0,17-AUG-2016,
OPTSTK,HDFC,27-Oct-2016,1280,CE,0,0,0,163.8,129.5,0,0,0,0,17-AUG-2016,
OPTSTK,HDFC,27-Oct-2016,1300,CE,0,0,0,148.9,115.7,0,0,0,0,17-AUG-2016,
OPTSTK,HDFC,27-Oct-2016,1320,CE,0,0,0,134.6,102.8,0,0,0,0,17-AUG-2016,
OPTSTK,HDFC,27-Oct-2016,1340,CE,0,0,0,121.2,90.85,0,0,0,0,17-AUG-2016,
OPTSTK,HDFC,27-Oct-2016,1360,CE,0,0,0,108.6,79.8,0,0,0,0,17-AUG-2016,
OPTSTK,HDFC,27-Oct-2016,1380,CE,0,0,0,96.85,69.7,0,0,0,0,17-AUG-2016,
OPTSTK,HDFC,27-Oct-2016,1400,CE,0,0,0,86,60.55,0,0,0,0,17-AUG-2016,
OPTSTK,HDFC,27-Oct-2016,1420,CE,0,0,0,75.95,52.3,0,0,0,0,17-AUG-2016,
OPTSTK,HDFC,27-Oct-2016,1440,CE,0,0,0,66.8,44.9,0,0,0,0,17-AUG-2016,
OPTSTK,HDFC,27-Oct-2016,1460,CE,0,0,0,58.45,38.3,0,0,0,0,17-AUG-2016,
OPTSTK,HDFC,27-Oct-2016,1480,CE,0,0,0,50.9,32.5,0,0,0,0,17-AUG-2016,
OPTSTK,HDFC,27-Oct-2016,1500,CE,0,0,0,44.1,27.5,0,0,0,0,17-AUG-2016,
OPTSTK,HDFC,27-Oct-2016,1520,CE,0,0,0,38.05,23.05,0,0,0,0,17-AUG-2016,
OPTSTK,HDFC,27-Oct-2016,1540,CE,0,0,0,32.65,19.25,0,0,0,0,17-AUG-2016,
OPTSTK,HDFC,27-Oct-2016,1560,CE,0,0,0,28,16,0,0,0,0,17-AUG-2016,
OPTSTK,HDFC,27-Oct-2016,1580,CE,0,0,0,23.8,13.2,0,0,0,0,17-AUG-2016,
OPTSTK,HDFC,27-Oct-2016,1600,CE,0,0,0,20.15,10.85,0,0,0,0,17-AUG-2016,
OPTSTK,HDFC,27-Oct-2016,1000,PE,0,0,0,0.15,0.2,0,0,0,0,17-AUG-2016,
OPTSTK,HDFC,27-Oct-2016,1020,PE,0,0,0,0.25,0.3,0,0,0,0,17-AUG-2016,
OPTSTK,HDFC,27-Oct-2016,1040,PE,0,0,0,0.4,0.5,0,0,0,0,17-AUG-2016,
OPTSTK,HDFC,27-Oct-2016,1060,PE,0,0,0,0.65,0.8,0,0,0,0,17-AUG-2016,
OPTSTK,HDFC,27-Oct-2016,1080,PE,0,0,0,0.95,1.2,0,0,0,0,17-AUG-2016,
OPTSTK,HDFC,27-Oct-2016,1100,PE,0,0,0,1.4,1.8,0,0,0,0,17-AUG-2016,
OPTSTK,HDFC,27-Oct-2016,1120,PE,0,0,0,2,2.65,0,0,0,0,17-AUG-2016,
OPTSTK,HDFC,27-Oct-2016,1140,PE,0,0,0,2.85,3.75,0,0,0,0,17-AUG-2016,
OPTSTK,HDFC,27-Oct-2016,1160,PE,0,0,0,3.95,5.2,0,0,0,0,17-AUG-2016,
OPTSTK,HDFC,27-Oct-2016,1180,PE,0,0,0,5.4,7.1,0,0,0,0,17-AUG-2016,
OPTSTK,HDFC,27-Oct-2016,1200,PE,0,0,0,7.2,9.45,0,0,0,0,17-AUG-2016,
OPTSTK,HDFC,27-Oct-2016,1220,PE,0,0,0,9.5,12.45,0,0,0,0,17-AUG-2016,
OPTSTK,HDFC,27-Oct-2016,1240,PE,0,0,0,12.25,16.05,0,0,0,0,17-AUG-2016,
OPTSTK,HDFC,27-Oct-2016,1260,PE,0,0,0,15.65,20.4,0,0,0,0,17-AUG-2016,
OPTSTK,HDFC,27-Oct-2016,1280,PE,0,0,0,19.65,25.55,0,0,0,0,17-AUG-2016,
OPTSTK,HDFC,27-Oct-2016,1300,PE,0,0,0,24.4,31.45,0,0,0,0,17-AUG-2016,
OPTSTK,HDFC,27-Oct-2016,1320,PE,0,0,0,29.75,38.3,0,0,0,0,17-AUG-2016,
OPTSTK,HDFC,27-Oct-2016,1340,PE,0,0,0,36,46.1,0,0,0,0,17-AUG-2016,
OPTSTK,HDFC,27-Oct-2016,1360,PE,0,0,0,43.1,54.8,0,0,0,0,17-AUG-2016,
OPTSTK,HDFC,27-Oct-2016,1380,PE,0,0,0,51,64.4,0,0,0,0,17-AUG-2016,
OPTSTK,HDFC,27-Oct-2016,1400,PE,0,0,0,59.8,75,0,0,0,0,17-AUG-2016,
OPTSTK,HDFC,27-Oct-2016,1420,PE,0,0,0,69.4,86.45,0,0,0,0,17-AUG-2016,
OPTSTK,HDFC,27-Oct-2016,1440,PE,0,0,0,79.9,98.8,0,0,0,0,17-AUG-2016,
OPTSTK,HDFC,27-Oct-2016,1460,PE,0,0,0,91.2,111.95,0,0,0,0,17-AUG-2016,
OPTSTK,HDFC,27-Oct-2016,1480,PE,0,0,0,103.3,125.9,0,0,0,0,17-AUG-2016,
OPTSTK,HDFC,27-Oct-2016,1500,PE,0,0,0,116.2,140.6,0,0,0,0,17-AUG-2016,
OPTSTK,HDFC,27-Oct-2016,1520,PE,0,0,0,129.8,155.9,0,0,0,0,17-AUG-2016,
OPTSTK,HDFC,27-Oct-2016,1540,PE,0,0,0,144.05,171.85,0,0,0,0,17-AUG-2016,
OPTSTK,HDFC,27-Oct-2016,1560,PE,0,0,0,159.05,188.3,0,0,0,0,17-AUG-2016,
OPTSTK,HDFC,27-Oct-2016,1580,PE,0,0,0,174.5,205.25,0,0,0,0,17-AUG-2016,
OPTSTK,HDFC,27-Oct-2016,1600,PE,0,0,0,190.5,222.65,0,0,0,0,17-AUG-2016,
OPTSTK,HDFCBANK,25-Aug-2016,780,CE,0,0,0,417.2,456.1,0,0,0,0,17-AUG-2016,
OPTSTK,HDFCBANK,25-Aug-2016,800,CE,0,0,0,397.55,436.1,0,0,0,0,17-AUG-2016,
OPTSTK,HDFCBANK,25-Aug-2016,820,CE,0,0,0,377.9,416.15,0,0,0,0,17-AUG-2016,
OPTSTK,HDFCBANK,25-Aug-2016,840,CE,0,0,0,358.25,396.2,0,0,0,0,17-AUG-2016,
OPTSTK,HDFCBANK,25-Aug-2016,860,CE,0,0,0,338.65,376.2,0,0,0,0,17-AUG-2016,
OPTSTK,HDFCBANK,25-Aug-2016,880,CE,0,0,0,319.05,356.25,0,0,0,0,17-AUG-2016,
OPTSTK,HDFCBANK,25-Aug-2016,900,CE,0,0,0,299.45,336.25,0,0,0,0,17-AUG-2016,
OPTSTK,HDFCBANK,25-Aug-2016,920,CE,0,0,0,279.9,316.3,0,0,0,0,17-AUG-2016,
OPTSTK,HDFCBANK,25-Aug-2016,940,CE,0,0,0,260.5,296.35,0,0,0,0,17-AUG-2016,
OPTSTK,HDFCBANK,25-Aug-2016,960,CE,0,0,0,241.15,276.35,0,0,0,0,17-AUG-2016,
OPTSTK,HDFCBANK,25-Aug-2016,980,CE,0,0,0,222.05,256.4,0,0,0,0,17-AUG-2016,
OPTSTK,HDFCBANK,25-Aug-2016,1000,CE,0,0,0,203.2,236.4,0,0,0,0,17-AUG-2016,
OPTSTK,HDFCBANK,25-Aug-2016,1020,CE,0,0,0,184.7,216.45,0,0,0,0,17-AUG-2016,
OPTSTK,HDFCBANK,25-Aug-2016,1040,CE,0,0,0,213.5,196.5,0,0,5500,0,17-AUG-2016,
OPTSTK,HDFCBANK,25-Aug-2016,1050,CE,0,0,0,139.25,186.5,0,0,0,0,17-AUG-2016,
OPTSTK,HDFCBANK,25-Aug-2016,1060,CE,0,0,0,183,176.5,0,0,5000,0,17-AUG-2016,
OPTSTK,HDFCBANK,25-Aug-2016,1070,CE,0,0,0,120.65,166.5,0,0,0,0,17-AUG-2016,
OPTSTK,HDFCBANK,25-Aug-2016,1080,CE,0,0,0,162.4,156.55,0,0,2000,0,17-AUG-2016,
OPTSTK,HDFCBANK,25-Aug-2016,1090,CE,0,0,0,174.55,146.55,0,0,500,0,17-AUG-2016,
OPTSTK,HDFCBANK,25-Aug-2016,1100,CE,0,0,0,143,136.55,0,0,1500,0,17-AUG-2016,
OPTSTK,HDFCBANK,25-Aug-2016,1110,CE,0,0,0,85.9,126.6,0,0,0,0,17-AUG-2016,
OPTSTK,HDFCBANK,25-Aug-2016,1120,CE,0,0,0,132.5,116.6,0,0,1000,0,17-AUG-2016,
OPTSTK,HDFCBANK,25-Aug-2016,1130,CE,0,0,0,70.3,106.6,0,0,0,0,17-AUG-2016,
OPTSTK,HDFCBANK,25-Aug-2016,1140,CE,0,0,0,115,96.65,0,0,1500,0,17-AUG-2016,
OPTSTK,HDFCBANK,25-Aug-2016,1150,CE,0,0,0,92,86.65,0,0,500,0,17-AUG-2016,
OPTSTK,HDFCBANK,25-Aug-2016,1160,CE,0,0,0,101,76.65,0,0,4000,0,17-AUG-2016,
OPTSTK,HDFCBANK,25-Aug-2016,1170,CE,0,0,0,66.55,66.7,0,0,500,0,17-AUG-2016,
OPTSTK,HDFCBANK,25-Aug-2016,1180,CE,43.25,50,43.25,50,50,6,36.86,3500,-500,17-AUG-2016,
OPTSTK,HDFCBANK,25-Aug-2016,1190,CE,0,0,0,50,47.05,0,0,1000,0,17-AUG-2016,
OPTSTK,HDFCBANK,25-Aug-2016,1200,CE,0,0,0,30.15,37.65,0,0,28500,0,17-AUG-2016,
OPTSTK,HDFCBANK,25-Aug-2016,1210,CE,0,0,0,22.55,28.8,0,0,2000,0,17-AUG-2016,
OPTSTK,HDFCBANK,25-Aug-2016,1220,CE,19.55,22.5,17,21.15,21.15,101,625.95,23500,-2500,17-AUG-2016,
OPTSTK,HDFCBANK,25-Aug-2016,1230,CE,13.1,16.25,11,14.95,14.95,332,2064.45,82500,-14500,17-AUG-2016,
OPTSTK,HDFCBANK,25-Aug-2016,1240,CE,8.65,11.15,7,9.8,9.8,298,1861.26,245000,17000,17-AUG-2016,
OPTSTK,HDFCBANK,25-Aug-2016,1250,CE,5.75,6.9,4.85,6.3,6.3,108,678.22,141500,-6000,17-AUG-2016,
OPTSTK,HDFCBANK,25-Aug-2016,1260,CE,3.9,4.45,3.05,4.05,4.05,172,1086.87,302000,-1500,17-AUG-2016,
OPTSTK,HDFCBANK,25-Aug-2016,1270,CE,2.65,2.95,2.45,2.65,2.65,86,547.24,118500,-2500,17-AUG-2016,
OPTSTK,HDFCBANK,25-Aug-2016,1280,CE,1.95,2.05,1.55,1.9,1.9,59,378.15,153000,-8000,17-AUG-2016,
OPTSTK,HDFCBANK,25-Aug-2016,1290,CE,1.5,1.55,1.45,1.55,1.55,11,71.03,66000,-2500,17-AUG-2016,
OPTSTK,HDFCBANK,25-Aug-2016,1300,CE,1,1.5,1,1.35,1.35,10,65.06,98000,2000,17-AUG-2016,
OPTSTK,HDFCBANK,25-Aug-2016,1310,CE,0,0,0,2.55,0.05,0,0,9500,0,17-AUG-2016,
OPTSTK,HDFCBANK,25-Aug-2016,1320,CE,0,0,0,1.1,0.05,0,0,47500,0,17-AUG-2016,
OPTSTK,HDFCBANK,25-Aug-2016,1330,CE,0,0,0,2.5,0,0,0,2000,0,17-AUG-2016,
OPTSTK,HDFCBANK,25-Aug-2016,1340,CE,0,0,0,0.65,0,0,0,4000,0,17-AUG-2016,
OPTSTK,HDFCBANK,25-Aug-2016,1350,CE,0,0,0,0.75,0,0,0,68500,0,17-AUG-2016,
OPTSTK,HDFCBANK,25-Aug-2016,1360,CE,0,0,0,9.1,0,0,0,0,0,17-AUG-2016,
OPTSTK,HDFCBANK,25-Aug-2016,1370,CE,0,0,0,0.85,0,0,0,0,0,17-AUG-2016,
OPTSTK,HDFCBANK,25-Aug-2016,1380,CE,0,0,0,7,0,0,0,0,0,17-AUG-2016,
OPTSTK,HDFCBANK,25-Aug-2016,1390,CE,0,0,0,0.4,0,0,0,0,0,17-AUG-2016,
OPTSTK,HDFCBANK,25-Aug-2016,1400,CE,0,0,0,5.3,0,0,0,0,0,17-AUG-2016,
OPTSTK,HDFCBANK,25-Aug-2016,780,PE,0,0,0,0.05,0,0,0,0,0,17-AUG-2016,
OPTSTK,HDFCBANK,25-Aug-2016,800,PE,0,0,0,0.05,0,0,0,0,0,17-AUG-2016,
OPTSTK,HDFCBANK,25-Aug-2016,820,PE,0,0,0,0.05,0,0,0,0,0,17-AUG-2016,
OPTSTK,HDFCBANK,25-Aug-2016,840,PE,0,0,0,0.05,0,0,0,0,0,17-AUG-2016,
OPTSTK,HDFCBANK,25-Aug-2016,860,PE,0,0,0,0.05,0,0,0,0,0,17-AUG-2016,
OPTSTK,HDFCBANK,25-Aug-2016,880,PE,0,0,0,0.1,0,0,0,0,0,17-AUG-2016,
OPTSTK,HDFCBANK,25-Aug-2016,900,PE,0,0,0,0.15,0,0,0,0,0,17-AUG-2016,
OPTSTK,HDFCBANK,25-Aug-2016,920,PE,0,0,0,0.25,0,0,0,0,0,17-AUG-2016,
OPTSTK,HDFCBANK,25-Aug-2016,940,PE,0,0,0,0.45,0,0,0,0,0,17-AUG-2016,
OPTSTK,HDFCBANK,25-Aug-2016,960,PE,0,0,0,0.8,0,0,0,0,0,17-AUG-2016,
OPTSTK,HDFCBANK,25-Aug-2016,980,PE,0,0,0,1.3,0,0,0,0,0,17-AUG-2016,
OPTSTK,HDFCBANK,25-Aug-2016,1000,PE,0,0,0,2.1,0,0,0,0,0,17-AUG-2016,
OPTSTK,HDFCBANK,25-Aug-2016,1020,PE,0,0,0,3.25,0,0,0,0,0,17-AUG-2016,
OPTSTK,HDFCBANK,25-Aug-2016,1040,PE,0,0,0,4.9,0,0,0,0,0,17-AUG-2016,
OPTSTK,HDFCBANK,25-Aug-2016,1050,PE,0,0,0,1.35,0,0,0,0,0,17-AUG-2016,
OPTSTK,HDFCBANK,25-Aug-2016,1060,PE,0,0,0,7.1,0,0,0,0,0,17-AUG-2016,
OPTSTK,HDFCBANK,25-Aug-2016,1070,PE,0,0,0,2.5,0,0,0,0,0,17-AUG-2016,
OPTSTK,HDFCBANK,25-Aug-2016,1080,PE,0,0,0,10.05,0,0,0,0,0,17-AUG-2016,
OPTSTK,HDFCBANK,25-Aug-2016,1090,PE,0,0,0,4.4,0,0,0,0,0,17-AUG-2016,
OPTSTK,HDFCBANK,25-Aug-2016,1100,PE,0,0,0,1,0,0,0,2000,0,17-AUG-2016,
OPTSTK,HDFCBANK,25-Aug-2016,1110,PE,0,0,0,7.35,0,0,0,0,0,17-AUG-2016,
OPTSTK,HDFCBANK,25-Aug-2016,1120,PE,0,0,0,1.5,0,0,0,1000,0,17-AUG-2016,
OPTSTK,HDFCBANK,25-Aug-2016,1130,PE,0,0,0,11.5,0,0,0,0,0,17-AUG-2016,
OPTSTK,HDFCBANK,25-Aug-2016,1140,PE,0,0,0,1.95,0,0,0,1500,0,17-AUG-2016,
OPTSTK,HDFCBANK,25-Aug-2016,1150,PE,0,0,0,3.4,0,0,0,2000,0,17-AUG-2016,
OPTSTK,HDFCBANK,25-Aug-2016,1160,PE,0,0,0,1.95,0.05,0,0,10000,0,17-AUG-2016,
OPTSTK,HDFCBANK,25-Aug-2016,1170,PE,0,0,0,1.9,0.05,0,0,6500,0,17-AUG-2016,
OPTSTK,HDFCBANK,25-Aug-2016,1180,PE,0.85,1.8,0.85,1.25,1.25,10,59.07,40000,500,17-AUG-2016,
OPTSTK,HDFCBANK,25-Aug-2016,1190,PE,2.1,2.1,2.1,2.1,2.1,4,23.84,13000,-1000,17-AUG-2016,
OPTSTK,HDFCBANK,25-Aug-2016,1200,PE,3.7,3.75,2.35,2.45,2.45,51,306.76,57500,-4500,17-AUG-2016,
OPTSTK,HDFCBANK,25-Aug-2016,1210,PE,5.7,5.7,3.55,3.8,3.8,26,157.88,77500,1000,17-AUG-2016,
OPTSTK,HDFCBANK,25-Aug-2016,1220,PE,7.8,8.6,5.5,6.05,6.05,74,454.04,111500,6000,17-AUG-2016,
OPTSTK,HDFCBANK,25-Aug-2016,1230,PE,12.2,12.45,7.85,9,9,72,446.66,70500,11500,17-AUG-2016,
OPTSTK,HDFCBANK,25-Aug-2016,1240,PE,16.4,17.9,12.5,13.2,13.2,15,94.15,98500,-1000,17-AUG-2016,
OPTSTK,HDFCBANK,25-Aug-2016,1250,PE,22,22,21,21,21,3,19.07,50000,0,17-AUG-2016,
OPTSTK,HDFCBANK,25-Aug-2016,1260,PE,0,0,0,35.6,26.05,0,0,121000,0,17-AUG-2016,
OPTSTK,HDFCBANK,25-Aug-2016,1270,PE,0,0,0,31.25,34.6,0,0,4000,0,17-AUG-2016,
OPTSTK,HDFCBANK,25-Aug-2016,1280,PE,0,0,0,29.6,43.8,0,0,3500,0,17-AUG-2016,
OPTSTK,HDFCBANK,25-Aug-2016,1290,PE,54,55,53,54.15,54.15,8,53.76,3000,-2000,17-AUG-2016,
OPTSTK,HDFCBANK,25-Aug-2016,1300,PE,71.15,71.15,65,65,65,2,13.68,13000,-500,17-AUG-2016,
OPTSTK,HDFCBANK,25-Aug-2016,1310,PE,0,0,0,122.95,73.2,0,0,0,0,17-AUG-2016,
OPTSTK,HDFCBANK,25-Aug-2016,1320,PE,0,0,0,128.25,83.15,0,0,0,0,17-AUG-2016,
OPTSTK,HDFCBANK,25-Aug-2016,1330,PE,0,0,0,141.35,93.15,0,0,0,0,17-AUG-2016,
OPTSTK,HDFCBANK,25-Aug-2016,1340,PE,0,0,0,144.6,103.1,0,0,0,0,17-AUG-2016,
OPTSTK,HDFCBANK,25-Aug-2016,1350,PE,0,0,0,160.25,113.1,0,0,0,0,17-AUG-2016,
OPTSTK,HDFCBANK,25-Aug-2016,1360,PE,0,0,0,161.6,123.1,0,0,0,0,17-AUG-2016,
OPTSTK,HDFCBANK,25-Aug-2016,1370,PE,0,0,0,179.45,133.05,0,0,0,0,17-AUG-2016,
OPTSTK,HDFCBANK,25-Aug-2016,1380,PE,0,0,0,179.1,143.05,0,0,0,0,17-AUG-2016,
OPTSTK,HDFCBANK,25-Aug-2016,1390,PE,0,0,0,191.7,153.05,0,0,0,0,17-AUG-2016,
OPTSTK,HDFCBANK,25-Aug-2016,1400,PE,0,0,0,197.1,163.05,0,0,0,0,17-AUG-2016,
OPTSTK,HDFCBANK,29-Sep-2016,980,CE,0,0,0,214.3,262.85,0,0,0,0,17-AUG-2016,
OPTSTK,HDFCBANK,29-Sep-2016,990,CE,0,0,0,204.65,252.95,0,0,0,0,17-AUG-2016,
OPTSTK,HDFCBANK,29-Sep-2016,1000,CE,0,0,0,195.05,243,0,0,0,0,17-AUG-2016,
OPTSTK,HDFCBANK,29-Sep-2016,1010,CE,0,0,0,185.55,233.1,0,0,0,0,17-AUG-2016,
OPTSTK,HDFCBANK,29-Sep-2016,1020,CE,0,0,0,176.1,223.2,0,0,0,0,17-AUG-2016,
OPTSTK,HDFCBANK,29-Sep-2016,1030,CE,0,0,0,166.75,213.25,0,0,0,0,17-AUG-2016,
OPTSTK,HDFCBANK,29-Sep-2016,1040,CE,0,0,0,157.55,203.35,0,0,0,0,17-AUG-2016,
OPTSTK,HDFCBANK,29-Sep-2016,1050,CE,0,0,0,148.45,193.4,0,0,0,0,17-AUG-2016,
OPTSTK,HDFCBANK,29-Sep-2016,1060,CE,0,0,0,139.5,183.5,0,0,0,0,17-AUG-2016,
OPTSTK,HDFCBANK,29-Sep-2016,1070,CE,0,0,0,130.75,173.6,0,0,0,0,17-AUG-2016,
OPTSTK,HDFCBANK,29-Sep-2016,1080,CE,0,0,0,122.2,163.7,0,0,0,0,17-AUG-2016,
OPTSTK,HDFCBANK,29-Sep-2016,1090,CE,0,0,0,113.85,153.8,0,0,0,0,17-AUG-2016,
OPTSTK,HDFCBANK,29-Sep-2016,1100,CE,0,0,0,105.75,143.95,0,0,0,0,17-AUG-2016,
OPTSTK,HDFCBANK,29-Sep-2016,1110,CE,0,0,0,97.9,134.1,0,0,0,0,17-AUG-2016,
OPTSTK,HDFCBANK,29-Sep-2016,1120,CE,0,0,0,90.35,124.35,0,0,0,0,17-AUG-2016,
OPTSTK,HDFCBANK,29-Sep-2016,1130,CE,0,0,0,83.15,114.6,0,0,0,0,17-AUG-2016,
OPTSTK,HDFCBANK,29-Sep-2016,1140,CE,0,0,0,76.15,105.05,0,0,0,0,17-AUG-2016,
OPTSTK,HDFCBANK,29-Sep-2016,1150,CE,0,0,0,69.55,95.6,0,0,0,0,17-AUG-2016,
OPTSTK,HDFCBANK,29-Sep-2016,1160,CE,0,0,0,63.3,86.35,0,0,0,0,17-AUG-2016,
OPTSTK,HDFCBANK,29-Sep-2016,1170,CE,0,0,0,57.4,77.35,0,0,0,0,17-AUG-2016,
OPTSTK,HDFCBANK,29-Sep-2016,1180,CE,0,0,0,73,68.7,0,0,500,0,17-AUG-2016,
OPTSTK,HDFCBANK,29-Sep-2016,1190,CE,0,0,0,46.65,60.4,0,0,0,0,17-AUG-2016,
OPTSTK,HDFCBANK,29-Sep-2016,1200,CE,0,0,0,55.1,52.6,0,0,500,0,17-AUG-2016,
OPTSTK,HDFCBANK,29-Sep-2016,1210,CE,46,46,46,46,46,1,6.28,500,500,17-AUG-2016,
OPTSTK,HDFCBANK,29-Sep-2016,1220,CE,0,0,0,33.25,38.5,0,0,0,0,17-AUG-2016,
OPTSTK,HDFCBANK,29-Sep-2016,1230,CE,0,0,0,29.45,32.4,0,0,0,0,17-AUG-2016,
OPTSTK,HDFCBANK,29-Sep-2016,1240,CE,28.75,28.75,28.75,28.75,28.75,6,38.06,3000,3000,17-AUG-2016,
OPTSTK,HDFCBANK,29-Sep-2016,1250,CE,20,20,20,20,20,1,6.35,2500,500,17-AUG-2016,
OPTSTK,HDFCBANK,29-Sep-2016,1260,CE,19.5,19.5,19.4,19.5,19.5,56,358.25,29000,17000,17-AUG-2016,
OPTSTK,HDFCBANK,29-Sep-2016,1270,CE,14.1,15.85,14.1,15.7,15.7,209,1343.16,105000,91000,17-AUG-2016,
OPTSTK,HDFCBANK,29-Sep-2016,1280,CE,11.1,12.5,11.1,12.35,12.35,90,581.51,43000,42000,17-AUG-2016,
OPTSTK,HDFCBANK,29-Sep-2016,1290,CE,0,0,0,9.1,8.65,0,0,1000,0,17-AUG-2016,
OPTSTK,HDFCBANK,29-Sep-2016,1300,CE,0,0,0,11.4,6.6,0,0,0,0,17-AUG-2016,
OPTSTK,HDFCBANK,29-Sep-2016,1310,CE,0,0,0,9.8,4.95,0,0,0,0,17-AUG-2016,
OPTSTK,HDFCBANK,29-Sep-2016,1320,CE,0,0,0,8.4,3.7,0,0,0,0,17-AUG-2016,
OPTSTK,HDFCBANK,29-Sep-2016,1330,CE,0,0,0,7.15,2.7,0,0,0,0,17-AUG-2016,
OPTSTK,HDFCBANK,29-Sep-2016,1340,CE,0,0,0,6.05,1.95,0,0,0,0,17-AUG-2016,
OPTSTK,HDFCBANK,29-Sep-2016,1350,CE,0,0,0,5.15,1.4,0,0,0,0,17-AUG-2016,
OPTSTK,HDFCBANK,29-Sep-2016,1360,CE,0,0,0,4.35,0.95,0,0,0,0,17-AUG-2016,
OPTSTK,HDFCBANK,29-Sep-2016,1370,CE,0,0,0,3.65,0.65,0,0,0,0,17-AUG-2016,
OPTSTK,HDFCBANK,29-Sep-2016,1380,CE,0,0,0,3.05,0.45,0,0,0,0,17-AUG-2016,
OPTSTK,HDFCBANK,29-Sep-2016,980,PE,0,0,0,0.5,0,0,0,0,0,17-AUG-2016,
OPTSTK,HDFCBANK,29-Sep-2016,990,PE,0,0,0,0.7,0,0,0,0,0,17-AUG-2016,
OPTSTK,HDFCBANK,29-Sep-2016,1000,PE,0,0,0,0.95,0,0,0,0,0,17-AUG-2016,
OPTSTK,HDFCBANK,29-Sep-2016,1010,PE,0,0,0,1.25,0,0,0,0,0,17-AUG-2016,
OPTSTK,HDFCBANK,29-Sep-2016,1020,PE,0,0,0,1.6,0,0,0,0,0,17-AUG-2016,
OPTSTK,HDFCBANK,29-Sep-2016,1030,PE,0,0,0,2,0,0,0,500,0,17-AUG-2016,
OPTSTK,HDFCBANK,29-Sep-2016,1040,PE,0,0,0,2.7,0,0,0,0,0,17-AUG-2016,
OPTSTK,HDFCBANK,29-Sep-2016,1050,PE,0,0,0,3.45,0,0,0,0,0,17-AUG-2016,
OPTSTK,HDFCBANK,29-Sep-2016,1060,PE,0,0,0,4.35,0.05,0,0,0,0,17-AUG-2016,
OPTSTK,HDFCBANK,29-Sep-2016,1070,PE,0,0,0,5.4,0.05,0,0,0,0,17-AUG-2016,
OPTSTK,HDFCBANK,29-Sep-2016,1080,PE,0,0,0,6.65,0.05,0,0,0,0,17-AUG-2016,
OPTSTK,HDFCBANK,29-Sep-2016,1090,PE,0,0,0,8.15,0.1,0,0,0,0,17-AUG-2016,
OPTSTK,HDFCBANK,29-Sep-2016,1100,PE,0,0,0,9.85,0.15,0,0,0,0,17-AUG-2016,
OPTSTK,HDFCBANK,29-Sep-2016,1110,PE,0,0,0,11.85,0.2,0,0,0,0,17-AUG-2016,
OPTSTK,HDFCBANK,29-Sep-2016,1120,PE,0,0,0,14.1,0.35,0,0,0,0,17-AUG-2016,
OPTSTK,HDFCBANK,29-Sep-2016,1130,PE,0,0,0,16.75,0.55,0,0,0,0,17-AUG-2016,
OPTSTK,HDFCBANK,29-Sep-2016,1140,PE,0,0,0,19.55,0.9,0,0,0,0,17-AUG-2016,
OPTSTK,HDFCBANK,29-Sep-2016,1150,PE,0,0,0,22.8,1.4,0,0,0,0,17-AUG-2016,
OPTSTK,HDFCBANK,29-Sep-2016,1160,PE,0,0,0,26.35,2.05,0,0,0,0,17-AUG-2016,
OPTSTK,HDFCBANK,29-Sep-2016,1170,PE,0,0,0,30.3,3,0,0,0,0,17-AUG-2016,
OPTSTK,HDFCBANK,29-Sep-2016,1180,PE,0,0,0,10,4.25,0,0,3500,0,17-AUG-2016,
OPTSTK,HDFCBANK,29-Sep-2016,1190,PE,10,10,9.5,9.5,9.5,2,11.99,16000,1000,17-AUG-2016,
OPTSTK,HDFCBANK,29-Sep-2016,1200,PE,13,13,11.9,12.45,12.45,17,103.08,13000,8500,17-AUG-2016,
OPTSTK,HDFCBANK,29-Sep-2016,1210,PE,14.25,14.25,14.25,14.25,14.25,1,6.12,500,500,17-AUG-2016,
OPTSTK,HDFCBANK,29-Sep-2016,1220,PE,18,18.5,18,18.5,18.5,2,12.38,1500,1000,17-AUG-2016,
OPTSTK,HDFCBANK,29-Sep-2016,1230,PE,0,0,0,61.3,17.55,0,0,0,0,17-AUG-2016,
OPTSTK,HDFCBANK,29-Sep-2016,1240,PE,26.45,26.45,26.45,26.45,26.45,6,37.99,3000,2500,17-AUG-2016,
OPTSTK,HDFCBANK,29-Sep-2016,1250,PE,0,0,0,74.35,27,0,0,0,0,17-AUG-2016,
OPTSTK,HDFCBANK,29-Sep-2016,1260,PE,0,0,0,81.35,32.7,0,0,0,0,17-AUG-2016,
OPTSTK,HDFCBANK,29-Sep-2016,1270,PE,0,0,0,88.65,39,0,0,0,0,17-AUG-2016,
OPTSTK,HDFCBANK,29-Sep-2016,1280,PE,0,0,0,96.15,45.9,0,0,0,0,17-AUG-2016,
OPTSTK,HDFCBANK,29-Sep-2016,1290,PE,0,0,0,103.95,53.3,0,0,0,0,17-AUG-2016,
OPTSTK,HDFCBANK,29-Sep-2016,1300,PE,0,0,0,111.95,61.15,0,0,0,0,17-AUG-2016,
OPTSTK,HDFCBANK,29-Sep-2016,1310,PE,0,0,0,120.2,69.45,0,0,0,0,17-AUG-2016,
OPTSTK,HDFCBANK,29-Sep-2016,1320,PE,0,0,0,128.6,78.1,0,0,0,0,17-AUG-2016,
OPTSTK,HDFCBANK,29-Sep-2016,1330,PE,0,0,0,137.2,87,0,0,0,0,17-AUG-2016,
OPTSTK,HDFCBANK,29-Sep-2016,1340,PE,0,0,0,145.95,96.2,0,0,0,0,17-AUG-2016,
OPTSTK,HDFCBANK,29-Sep-2016,1350,PE,0,0,0,154.85,105.55,0,0,0,0,17-AUG-2016,
OPTSTK,HDFCBANK,29-Sep-2016,1360,PE,0,0,0,163.85,115.05,0,0,0,0,17-AUG-2016,
OPTSTK,HDFCBANK,29-Sep-2016,1370,PE,0,0,0,173,124.7,0,0,0,0,17-AUG-2016,
OPTSTK,HDFCBANK,29-Sep-2016,1380,PE,0,0,0,182.25,134.4,0,0,0,0,17-AUG-2016,
OPTSTK,HDFCBANK,27-Oct-2016,1050,CE,0,0,0,217.1,199,0,0,0,0,17-AUG-2016,
OPTSTK,HDFCBANK,27-Oct-2016,1060,CE,0,0,0,207.5,189.15,0,0,0,0,17-AUG-2016,
OPTSTK,HDFCBANK,27-Oct-2016,1070,CE,0,0,0,197.95,179.35,0,0,0,0,17-AUG-2016,
OPTSTK,HDFCBANK,27-Oct-2016,1080,CE,0,0,0,188.45,169.55,0,0,0,0,17-AUG-2016,
OPTSTK,HDFCBANK,27-Oct-2016,1090,CE,0,0,0,179.05,159.85,0,0,0,0,17-AUG-2016,
OPTSTK,HDFCBANK,27-Oct-2016,1100,CE,0,0,0,169.75,150.15,0,0,0,0,17-AUG-2016,
OPTSTK,HDFCBANK,27-Oct-2016,1110,CE,0,0,0,160.55,140.55,0,0,0,0,17-AUG-2016,
OPTSTK,HDFCBANK,27-Oct-2016,1120,CE,0,0,0,151.5,131.05,0,0,0,0,17-AUG-2016,
OPTSTK,HDFCBANK,27-Oct-2016,1130,CE,0,0,0,142.6,121.7,0,0,0,0,17-AUG-2016,
OPTSTK,HDFCBANK,27-Oct-2016,1140,CE,0,0,0,133.9,112.5,0,0,0,0,17-AUG-2016,
OPTSTK,HDFCBANK,27-Oct-2016,1150,CE,0,0,0,125.35,103.45,0,0,0,0,17-AUG-2016,
OPTSTK,HDFCBANK,27-Oct-2016,1160,CE,0,0,0,117.05,94.7,0,0,0,0,17-AUG-2016,
OPTSTK,HDFCBANK,27-Oct-2016,1170,CE,0,0,0,109,86.15,0,0,0,0,17-AUG-2016,
OPTSTK,HDFCBANK,27-Oct-2016,1180,CE,0,0,0,101.15,77.95,0,0,0,0,17-AUG-2016,
OPTSTK,HDFCBANK,27-Oct-2016,1190,CE,0,0,0,93.6,70.1,0,0,0,0,17-AUG-2016,
OPTSTK,HDFCBANK,27-Oct-2016,1200,CE,0,0,0,86.4,62.65,0,0,0,0,17-AUG-2016,
OPTSTK,HDFCBANK,27-Oct-2016,1210,CE,0,0,0,79.4,55.55,0,0,0,0,17-AUG-2016,
OPTSTK,HDFCBANK,27-Oct-2016,1220,CE,0,0,0,72.75,49,0,0,0,0,17-AUG-2016,
OPTSTK,HDFCBANK,27-Oct-2016,1230,CE,0,0,0,66.45,42.85,0,0,0,0,17-AUG-2016,
OPTSTK,HDFCBANK,27-Oct-2016,1240,CE,0,0,0,60.5,37.25,0,0,0,0,17-AUG-2016,
OPTSTK,HDFCBANK,27-Oct-2016,1250,CE,0,0,0,54.9,32.1,0,0,0,0,17-AUG-2016,
OPTSTK,HDFCBANK,27-Oct-2016,1260,CE,0,0,0,49.6,27.45,0,0,0,0,17-AUG-2016,
OPTSTK,HDFCBANK,27-Oct-2016,1270,CE,0,0,0,44.7,23.3,0,0,0,0,17-AUG-2016,
OPTSTK,HDFCBANK,27-Oct-2016,1280,CE,0,0,0,40.1,19.6,0,0,0,0,17-AUG-2016,
OPTSTK,HDFCBANK,27-Oct-2016,1290,CE,0,0,0,35.9,16.4,0,0,0,0,17-AUG-2016,
OPTSTK,HDFCBANK,27-Oct-2016,1300,CE,0,0,0,32,13.55,0,0,0,0,17-AUG-2016,
OPTSTK,HDFCBANK,27-Oct-2016,1310,CE,0,0,0,28.4,11.15,0,0,0,0,17-AUG-2016,
OPTSTK,HDFCBANK,27-Oct-2016,1320,CE,0,0,0,25.1,9.1,0,0,0,0,17-AUG-2016,
OPTSTK,HDFCBANK,27-Oct-2016,1330,CE,0,0,0,22.15,7.35,0,0,0,0,17-AUG-2016,
OPTSTK,HDFCBANK,27-Oct-2016,1340,CE,0,0,0,19.45,5.9,0,0,0,0,17-AUG-2016,
OPTSTK,HDFCBANK,27-Oct-2016,1350,CE,0,0,0,17.1,4.7,0,0,0,0,17-AUG-2016,
OPTSTK,HDFCBANK,27-Oct-2016,1360,CE,0,0,0,14.85,3.7,0,0,0,0,17-AUG-2016,
OPTSTK,HDFCBANK,27-Oct-2016,1370,CE,0,0,0,12.9,2.9,0,0,0,0,17-AUG-2016,
OPTSTK,HDFCBANK,27-Oct-2016,1380,CE,0,0,0,11.2,2.25,0,0,0,0,17-AUG-2016,
OPTSTK,HDFCBANK,27-Oct-2016,1050,PE,0,0,0,0.65,0.1,0,0,0,0,17-AUG-2016,
OPTSTK,HDFCBANK,27-Oct-2016,1060,PE,0,0,0,0.85,0.1,0,0,0,0,17-AUG-2016,
OPTSTK,HDFCBANK,27-Oct-2016,1070,PE,0,0,0,1.1,0.2,0,0,0,0,17-AUG-2016,
OPTSTK,HDFCBANK,27-Oct-2016,1080,PE,0,0,0,1.45,0.25,0,0,0,0,17-AUG-2016,
OPTSTK,HDFCBANK,27-Oct-2016,1090,PE,0,0,0,1.85,0.4,0,0,0,0,17-AUG-2016,
OPTSTK,HDFCBANK,27-Oct-2016,1100,PE,0,0,0,2.4,0.6,0,0,0,0,17-AUG-2016,
OPTSTK,HDFCBANK,27-Oct-2016,1110,PE,0,0,0,3.05,0.85,0,0,0,0,17-AUG-2016,
OPTSTK,HDFCBANK,27-Oct-2016,1120,PE,0,0,0,3.8,1.25,0,0,0,0,17-AUG-2016,
OPTSTK,HDFCBANK,27-Oct-2016,1130,PE,0,0,0,4.75,1.75,0,0,0,0,17-AUG-2016,
OPTSTK,HDFCBANK,27-Oct-2016,1140,PE,0,0,0,5.85,2.4,0,0,0,0,17-AUG-2016,
OPTSTK,HDFCBANK,27-Oct-2016,1150,PE,0,0,0,7.15,3.25,0,0,0,0,17-AUG-2016,
OPTSTK,HDFCBANK,27-Oct-2016,1160,PE,0,0,0,8.7,4.3,0,0,0,0,17-AUG-2016,
OPTSTK,HDFCBANK,27-Oct-2016,1170,PE,0,0,0,10.45,5.65,0,0,0,0,17-AUG-2016,
OPTSTK,HDFCBANK,27-Oct-2016,1180,PE,0,0,0,12.45,7.3,0,0,0,0,17-AUG-2016,
OPTSTK,HDFCBANK,27-Oct-2016,1190,PE,0,0,0,14.7,9.35,0,0,0,0,17-AUG-2016,
OPTSTK,HDFCBANK,27-Oct-2016,1200,PE,0,0,0,17.35,11.75,0,0,0,0,17-AUG-2016,
OPTSTK,HDFCBANK,27-Oct-2016,1210,PE,0,0,0,20.15,14.55,0,0,0,0,17-AUG-2016,
OPTSTK,HDFCBANK,27-Oct-2016,1220,PE,0,0,0,23.35,17.8,0,0,0,0,17-AUG-2016,
OPTSTK,HDFCBANK,27-Oct-2016,1230,PE,0,0,0,26.9,21.55,0,0,0,0,17-AUG-2016,
OPTSTK,HDFCBANK,27-Oct-2016,1240,PE,0,0,0,30.75,25.8,0,0,0,0,17-AUG-2016,
OPTSTK,HDFCBANK,27-Oct-2016,1250,PE,0,0,0,34.95,30.55,0,0,0,0,17-AUG-2016,
OPTSTK,HDFCBANK,27-Oct-2016,1260,PE,0,0,0,39.55,35.75,0,0,0,0,17-AUG-2016,
OPTSTK,HDFCBANK,27-Oct-2016,1270,PE,0,0,0,44.45,41.45,0,0,0,0,17-AUG-2016,
OPTSTK,HDFCBANK,27-Oct-2016,1280,PE,0,0,0,49.7,47.65,0,0,0,0,17-AUG-2016,
OPTSTK,HDFCBANK,27-Oct-2016,1290,PE,0,0,0,55.25,54.3,0,0,0,0,17-AUG-2016,
OPTSTK,HDFCBANK,27-Oct-2016,1300,PE,0,0,0,61.2,61.35,0,0,0,0,17-AUG-2016,
OPTSTK,HDFCBANK,27-Oct-2016,1310,PE,0,0,0,67.45,68.8,0,0,0,0,17-AUG-2016,
OPTSTK,HDFCBANK,27-Oct-2016,1320,PE,0,0,0,74,76.6,0,0,0,0,17-AUG-2016,
OPTSTK,HDFCBANK,27-Oct-2016,1330,PE,0,0,0,80.85,84.7,0,0,0,0,17-AUG-2016,
OPTSTK,HDFCBANK,27-Oct-2016,1340,PE,0,0,0,88,93.15,0,0,0,0,17-AUG-2016,
OPTSTK,HDFCBANK,27-Oct-2016,1350,PE,0,0,0,95.45,101.8,0,0,0,0,17-AUG-2016,
OPTSTK,HDFCBANK,27-Oct-2016,1360,PE,0,0,0,103.05,110.65,0,0,0,0,17-AUG-2016,
OPTSTK,HDFCBANK,27-Oct-2016,1370,PE,0,0,0,110.95,119.75,0,0,0,0,17-AUG-2016,
OPTSTK,HDFCBANK,27-Oct-2016,1380,PE,0,0,0,119.05,128.95,0,0,0,0,17-AUG-2016,
OPTSTK,HDIL,25-Aug-2016,50,CE,0,0,0,50.65,47.4,0,0,0,0,17-AUG-2016,
OPTSTK,HDIL,25-Aug-2016,55,CE,0,0,0,45.75,42.4,0,0,0,0,17-AUG-2016,
OPTSTK,HDIL,25-Aug-2016,60,CE,0,0,0,40.95,37.4,0,0,0,0,17-AUG-2016,
OPTSTK,HDIL,25-Aug-2016,62.5,CE,0,0,0,41.5,34.9,0,0,0,0,17-AUG-2016,
OPTSTK,HDIL,25-Aug-2016,65,CE,0,0,0,36.25,32.4,0,0,0,0,17-AUG-2016,
OPTSTK,HDIL,25-Aug-2016,67.5,CE,0,0,0,36.6,29.9,0,0,0,0,17-AUG-2016,
OPTSTK,HDIL,25-Aug-2016,70,CE,0,0,0,31.7,27.4,0,0,0,0,17-AUG-2016,
OPTSTK,HDIL,25-Aug-2016,72.5,CE,0,0,0,31.8,24.95,0,0,0,0,17-AUG-2016,
OPTSTK,HDIL,25-Aug-2016,75,CE,0,0,0,27.4,22.45,0,0,0,0,17-AUG-2016,
OPTSTK,HDIL,25-Aug-2016,77.5,CE,0,0,0,27.2,19.95,0,0,0,0,17-AUG-2016,
OPTSTK,HDIL,25-Aug-2016,80,CE,0,0,0,21.9,17.45,0,0,8000,0,17-AUG-2016,
OPTSTK,HDIL,25-Aug-2016,82.5,CE,0,0,0,22.8,14.95,0,0,0,0,17-AUG-2016,
OPTSTK,HDIL,25-Aug-2016,85,CE,0,0,0,16.85,12.45,0,0,32000,0,17-AUG-2016,
OPTSTK,HDIL,25-Aug-2016,87.5,CE,0,0,0,18.8,10,0,0,0,0,17-AUG-2016,
OPTSTK,HDIL,25-Aug-2016,90,CE,8.45,8.45,8.45,8.45,8.45,1,7.87,16000,8000,17-AUG-2016,
OPTSTK,HDIL,25-Aug-2016,92.5,CE,0,0,0,15.15,5.55,0,0,0,0,17-AUG-2016,
OPTSTK,HDIL,25-Aug-2016,95,CE,3.85,4.5,3.6,4.1,4.1,73,578.82,624000,-184000,17-AUG-2016,
OPTSTK,HDIL,25-Aug-2016,97.5,CE,2.6,3.15,2.25,2.6,2.6,64,513.03,376000,-64000,17-AUG-2016,
OPTSTK,HDIL,25-Aug-2016,100,CE,1.55,2,1.35,1.6,1.6,295,2400.39,2576000,144000,17-AUG-2016,
OPTSTK,HDIL,25-Aug-2016,102.5,CE,1.15,1.2,0.8,0.85,0.85,25,207.03,496000,-8000,17-AUG-2016,
OPTSTK,HDIL,25-Aug-2016,105,CE,0.65,0.8,0.55,0.65,0.65,110,929.77,1912000,88000,17-AUG-2016,
OPTSTK,HDIL,25-Aug-2016,107.5,CE,0.4,0.4,0.4,0.4,0.4,2,17.26,272000,0,17-AUG-2016,
OPTSTK,HDIL,25-Aug-2016,110,CE,0.3,0.4,0.25,0.25,0.25,40,352.94,2192000,56000,17-AUG-2016,
OPTSTK,HDIL,25-Aug-2016,112.5,CE,0.15,0.15,0.15,0.15,0.15,1,9.01,104000,-8000,17-AUG-2016,
OPTSTK,HDIL,25-Aug-2016,115,CE,0.15,0.15,0.1,0.1,0.1,40,368.39,600000,8000,17-AUG-2016,
OPTSTK,HDIL,25-Aug-2016,117.5,CE,0.15,0.15,0.15,0.15,0.15,2,18.82,8000,-16000,17-AUG-2016,
OPTSTK,HDIL,25-Aug-2016,120,CE,0.1,0.1,0.1,0.1,0.1,4,38.43,768000,-24000,17-AUG-2016,
OPTSTK,HDIL,25-Aug-2016,122.5,CE,0,0,0,0.2,0,0,0,40000,0,17-AUG-2016,
OPTSTK,HDIL,25-Aug-2016,125,CE,0,0,0,0.05,0,0,0,200000,0,17-AUG-2016,
OPTSTK,HDIL,25-Aug-2016,127.5,CE,0,0,0,2,0,0,0,0,0,17-AUG-2016,
OPTSTK,HDIL,25-Aug-2016,130,CE,0,0,0,0.05,0,0,0,160000,0,17-AUG-2016,
OPTSTK,HDIL,25-Aug-2016,50,PE,0,0,0,0.05,0,0,0,0,0,17-AUG-2016,
OPTSTK,HDIL,25-Aug-2016,55,PE,0,0,0,0.1,0,0,0,0,0,17-AUG-2016,
OPTSTK,HDIL,25-Aug-2016,60,PE,0,0,0,0.2,0,0,0,0,0,17-AUG-2016,
OPTSTK,HDIL,25-Aug-2016,62.5,PE,0,0,0,0.05,0,0,0,0,0,17-AUG-2016,
OPTSTK,HDIL,25-Aug-2016,65,PE,0,0,0,0.4,0,0,0,0,0,17-AUG-2016,
OPTSTK,HDIL,25-Aug-2016,67.5,PE,0,0,0,0.1,0,0,0,0,0,17-AUG-2016,
OPTSTK,HDIL,25-Aug-2016,70,PE,0,0,0,0.75,0,0,0,0,0,17-AUG-2016,
OPTSTK,HDIL,25-Aug-2016,72.5,PE,0,0,0,0.3,0,0,0,0,0,17-AUG-2016,
OPTSTK,HDIL,25-Aug-2016,75,PE,0,0,0,0.15,0,0,0,0,0,17-AUG-2016,
OPTSTK,HDIL,25-Aug-2016,77.5,PE,0,0,0,0.15,0,0,0,8000,0,17-AUG-2016,
OPTSTK,HDIL,25-Aug-2016,80,PE,0,0,0,0.2,0,0,0,112000,0,17-AUG-2016,
OPTSTK,HDIL,25-Aug-2016,82.5,PE,0.15,0.15,0.15,0.15,0.15,3,19.83,8000,-24000,17-AUG-2016,
OPTSTK,HDIL,25-Aug-2016,85,PE,0.25,0.25,0.2,0.2,0.2,16,109.07,384000,-40000,17-AUG-2016,
OPTSTK,HDIL,25-Aug-2016,87.5,PE,0,0,0,0.35,0.1,0,0,64000,0,17-AUG-2016,
OPTSTK,HDIL,25-Aug-2016,90,PE,0.5,0.65,0.5,0.55,0.55,50,362.17,1080000,-24000,17-AUG-2016,
OPTSTK,HDIL,25-Aug-2016,92.5,PE,0.9,1,0.8,0.85,0.85,24,179.33,136000,-8000,17-AUG-2016,
OPTSTK,HDIL,25-Aug-2016,95,PE,1.6,1.8,1.35,1.45,1.45,139,1073.74,976000,-32000,17-AUG-2016,
OPTSTK,HDIL,25-Aug-2016,97.5,PE,2.65,3.1,2.3,2.5,2.5,72,576.68,240000,-16000,17-AUG-2016,
OPTSTK,HDIL,25-Aug-2016,100,PE,3.9,4.5,3.75,3.85,3.85,15,124.84,488000,16000,17-AUG-2016,
OPTSTK,HDIL,25-Aug-2016,102.5,PE,5.55,5.55,5.55,5.55,5.55,2,17.28,104000,-16000,17-AUG-2016,
OPTSTK,HDIL,25-Aug-2016,105,PE,8.25,8.25,8.25,8.25,8.25,1,9.06,64000,-8000,17-AUG-2016,
OPTSTK,HDIL,25-Aug-2016,107.5,PE,0,0,0,8.5,10.2,0,0,16000,0,17-AUG-2016,
OPTSTK,HDIL,25-Aug-2016,110,PE,0,0,0,12.95,12.6,0,0,24000,0,17-AUG-2016,
OPTSTK,HDIL,25-Aug-2016,112.5,PE,0,0,0,13.3,15.05,0,0,0,0,17-AUG-2016,
OPTSTK,HDIL,25-Aug-2016,115,PE,0,0,0,17.1,17.55,0,0,16000,0,17-AUG-2016,
OPTSTK,HDIL,25-Aug-2016,117.5,PE,0,0,0,16.85,20.05,0,0,0,0,17-AUG-2016,
OPTSTK,HDIL,25-Aug-2016,120,PE,0,0,0,20,22.55,0,0,8000,0,17-AUG-2016,
OPTSTK,HDIL,25-Aug-2016,122.5,PE,0,0,0,20.75,25.05,0,0,0,0,17-AUG-2016,
OPTSTK,HDIL,25-Aug-2016,125,PE,0,0,0,24.2,27.55,0,0,0,0,17-AUG-2016,
OPTSTK,HDIL,25-Aug-2016,127.5,PE,0,0,0,24.9,30.05,0,0,0,0,17-AUG-2016,
OPTSTK,HDIL,25-Aug-2016,130,PE,0,0,0,30.65,32.55,0,0,0,0,17-AUG-2016,
OPTSTK,HDIL,29-Sep-2016,62.5,CE,0,0,0,42.05,35.35,0,0,0,0,17-AUG-2016,
OPTSTK,HDIL,29-Sep-2016,65,CE,0,0,0,39.7,32.85,0,0,0,0,17-AUG-2016,
OPTSTK,HDIL,29-Sep-2016,67.5,CE,0,0,0,37.35,30.4,0,0,0,0,17-AUG-2016,
OPTSTK,HDIL,29-Sep-2016,70,CE,0,0,0,35.05,27.9,0,0,0,0,17-AUG-2016,
OPTSTK,HDIL,29-Sep-2016,72.5,CE,0,0,0,32.8,25.45,0,0,0,0,17-AUG-2016,
OPTSTK,HDIL,29-Sep-2016,75,CE,0,0,0,30.6,23.05,0,0,0,0,17-AUG-2016,
OPTSTK,HDIL,29-Sep-2016,77.5,CE,0,0,0,28.5,20.65,0,0,0,0,17-AUG-2016,
OPTSTK,HDIL,29-Sep-2016,80,CE,0,0,0,26.45,18.3,0,0,0,0,17-AUG-2016,
OPTSTK,HDIL,29-Sep-2016,82.5,CE,0,0,0,24.45,16.05,0,0,0,0,17-AUG-2016,
OPTSTK,HDIL,29-Sep-2016,85,CE,0,0,0,22.55,13.95,0,0,0,0,17-AUG-2016,
OPTSTK,HDIL,29-Sep-2016,87.5,CE,0,0,0,20.75,11.9,0,0,0,0,17-AUG-2016,
OPTSTK,HDIL,29-Sep-2016,90,CE,0,0,0,19.05,10.05,0,0,0,0,17-AUG-2016,
OPTSTK,HDIL,29-Sep-2016,92.5,CE,0,0,0,17.4,8.4,0,0,0,0,17-AUG-2016,
OPTSTK,HDIL,29-Sep-2016,95,CE,0,0,0,7,6.9,0,0,8000,0,17-AUG-2016,
OPTSTK,HDIL,29-Sep-2016,97.5,CE,0,0,0,14.45,5.55,0,0,0,0,17-AUG-2016,
OPTSTK,HDIL,29-Sep-2016,100,CE,5.4,5.4,5.15,5.15,5.15,2,16.84,24000,8000,17-AUG-2016,
OPTSTK,HDIL,29-Sep-2016,102.5,CE,0,0,0,4.15,3.5,0,0,8000,0,17-AUG-2016,
OPTSTK,HDIL,29-Sep-2016,105,CE,0,0,0,2.85,2.7,0,0,16000,0,17-AUG-2016,
OPTSTK,HDIL,29-Sep-2016,107.5,CE,0,0,0,9.65,2.1,0,0,0,0,17-AUG-2016,
OPTSTK,HDIL,29-Sep-2016,110,CE,0,0,0,8.7,1.55,0,0,0,0,17-AUG-2016,
OPTSTK,HDIL,29-Sep-2016,112.5,CE,0,0,0,7.8,1.2,0,0,0,0,17-AUG-2016,
OPTSTK,HDIL,29-Sep-2016,115,CE,0,0,0,7,0.85,0,0,0,0,17-AUG-2016,
OPTSTK,HDIL,29-Sep-2016,117.5,CE,0,0,0,6.25,0.65,0,0,0,0,17-AUG-2016,
OPTSTK,HDIL,29-Sep-2016,120,CE,0,0,0,5.55,0.45,0,0,0,0,17-AUG-2016,
OPTSTK,HDIL,29-Sep-2016,122.5,CE,0,0,0,2,0.35,0,0,8000,0,17-AUG-2016,
OPTSTK,HDIL,29-Sep-2016,125,CE,0,0,0,4.4,0.25,0,0,0,0,17-AUG-2016,
OPTSTK,HDIL,29-Sep-2016,127.5,CE,0,0,0,3.9,0.15,0,0,0,0,17-AUG-2016,
OPTSTK,HDIL,29-Sep-2016,130,CE,0,0,0,3.45,0.15,0,0,0,0,17-AUG-2016,
OPTSTK,HDIL,29-Sep-2016,62.5,PE,0,0,0,0.2,0,0,0,0,0,17-AUG-2016,
OPTSTK,HDIL,29-Sep-2016,65,PE,0,0,0,0.3,0,0,0,0,0,17-AUG-2016,
OPTSTK,HDIL,29-Sep-2016,67.5,PE,0,0,0,0.4,0.05,0,0,0,0,17-AUG-2016,
OPTSTK,HDIL,29-Sep-2016,70,PE,0,0,0,0.55,0.05,0,0,0,0,17-AUG-2016,
OPTSTK,HDIL,29-Sep-2016,72.5,PE,0,0,0,0.8,0.05,0,0,0,0,17-AUG-2016,
OPTSTK,HDIL,29-Sep-2016,75,PE,0,0,0,1.05,0.1,0,0,0,0,17-AUG-2016,
OPTSTK,HDIL,29-Sep-2016,77.5,PE,0,0,0,1.4,0.2,0,0,0,0,17-AUG-2016,
OPTSTK,HDIL,29-Sep-2016,80,PE,0,0,0,1.8,0.35,0,0,0,0,17-AUG-2016,
OPTSTK,HDIL,29-Sep-2016,82.5,PE,0,0,0,1,0.6,0,0,16000,0,17-AUG-2016,
OPTSTK,HDIL,29-Sep-2016,85,PE,0,0,0,1.75,0.95,0,0,32000,0,17-AUG-2016,
OPTSTK,HDIL,29-Sep-2016,87.5,PE,0,0,0,3.45,1.4,0,0,0,0,17-AUG-2016,
OPTSTK,HDIL,29-Sep-2016,90,PE,0,0,0,4.2,2.05,0,0,0,0,17-AUG-2016,
OPTSTK,HDIL,29-Sep-2016,92.5,PE,0,0,0,5.05,2.85,0,0,0,0,17-AUG-2016,
OPTSTK,HDIL,29-Sep-2016,95,PE,0,0,0,5.95,3.8,0,0,0,0,17-AUG-2016,
OPTSTK,HDIL,29-Sep-2016,97.5,PE,0,0,0,7,5,0,0,0,0,17-AUG-2016,
OPTSTK,HDIL,29-Sep-2016,100,PE,0,0,0,8.25,6.35,0,0,224000,0,17-AUG-2016,
OPTSTK,HDIL,29-Sep-2016,102.5,PE,0,0,0,9.3,7.85,0,0,0,0,17-AUG-2016,
OPTSTK,HDIL,29-Sep-2016,105,PE,0,0,0,10.6,9.55,0,0,0,0,17-AUG-2016,
OPTSTK,HDIL,29-Sep-2016,107.5,PE,0,0,0,12,11.4,0,0,0,0,17-AUG-2016,
OPTSTK,HDIL,29-Sep-2016,110,PE,0,0,0,13.5,13.4,0,0,0,0,17-AUG-2016,
OPTSTK,HDIL,29-Sep-2016,112.5,PE,0,0,0,15.05,15.45,0,0,0,0,17-AUG-2016,
OPTSTK,HDIL,29-Sep-2016,115,PE,0,0,0,16.7,17.65,0,0,0,0,17-AUG-2016,
OPTSTK,HDIL,29-Sep-2016,117.5,PE,0,0,0,18.4,19.9,0,0,0,0,17-AUG-2016,
OPTSTK,HDIL,29-Sep-2016,120,PE,0,0,0,20.2,22.2,0,0,0,0,17-AUG-2016,
OPTSTK,HDIL,29-Sep-2016,122.5,PE,0,0,0,22.05,24.55,0,0,0,0,17-AUG-2016,
OPTSTK,HDIL,29-Sep-2016,125,PE,0,0,0,23.95,26.95,0,0,0,0,17-AUG-2016,
OPTSTK,HDIL,29-Sep-2016,127.5,PE,0,0,0,25.9,29.35,0,0,0,0,17-AUG-2016,
OPTSTK,HDIL,29-Sep-2016,130,PE,0,0,0,27.95,31.75,0,0,0,0,17-AUG-2016,
OPTSTK,HDIL,27-Oct-2016,62.5,CE,0,0,0,40.55,35.65,0,0,0,0,17-AUG-2016,
OPTSTK,HDIL,27-Oct-2016,65,CE,0,0,0,38.1,33.25,0,0,0,0,17-AUG-2016,
OPTSTK,HDIL,27-Oct-2016,67.5,CE,0,0,0,35.7,30.8,0,0,0,0,17-AUG-2016,
OPTSTK,HDIL,27-Oct-2016,70,CE,0,0,0,33.3,28.4,0,0,0,0,17-AUG-2016,
OPTSTK,HDIL,27-Oct-2016,72.5,CE,0,0,0,30.9,26,0,0,0,0,17-AUG-2016,
OPTSTK,HDIL,27-Oct-2016,75,CE,0,0,0,28.55,23.7,0,0,0,0,17-AUG-2016,
OPTSTK,HDIL,27-Oct-2016,77.5,CE,0,0,0,26.25,21.45,0,0,0,0,17-AUG-2016,
OPTSTK,HDIL,27-Oct-2016,80,CE,0,0,0,24,19.25,0,0,0,0,17-AUG-2016,
OPTSTK,HDIL,27-Oct-2016,82.5,CE,0,0,0,21.8,17.15,0,0,0,0,17-AUG-2016,
OPTSTK,HDIL,27-Oct-2016,85,CE,0,0,0,19.7,15.2,0,0,0,0,17-AUG-2016,
OPTSTK,HDIL,27-Oct-2016,87.5,CE,0,0,0,17.7,13.35,0,0,0,0,17-AUG-2016,
OPTSTK,HDIL,27-Oct-2016,90,CE,0,0,0,15.85,11.6,0,0,0,0,17-AUG-2016,
OPTSTK,HDIL,27-Oct-2016,92.5,CE,0,0,0,14.05,10,0,0,0,0,17-AUG-2016,
OPTSTK,HDIL,27-Oct-2016,95,CE,0,0,0,12.4,8.6,0,0,0,0,17-AUG-2016,
OPTSTK,HDIL,27-Oct-2016,97.5,CE,0,0,0,10.9,7.3,0,0,0,0,17-AUG-2016,
OPTSTK,HDIL,27-Oct-2016,100,CE,0,0,0,9.5,6.15,0,0,0,0,17-AUG-2016,
OPTSTK,HDIL,27-Oct-2016,102.5,CE,0,0,0,8.25,5.15,0,0,0,0,17-AUG-2016,
OPTSTK,HDIL,27-Oct-2016,105,CE,0,0,0,7.1,4.3,0,0,0,0,17-AUG-2016,
OPTSTK,HDIL,27-Oct-2016,107.5,CE,0,0,0,6.1,3.55,0,0,0,0,17-AUG-2016,
OPTSTK,HDIL,27-Oct-2016,110,CE,0,0,0,5.2,2.9,0,0,0,0,17-AUG-2016,
OPTSTK,HDIL,27-Oct-2016,112.5,CE,0,0,0,4.4,2.35,0,0,0,0,17-AUG-2016,
OPTSTK,HDIL,27-Oct-2016,115,CE,0,0,0,3.7,1.9,0,0,0,0,17-AUG-2016,
OPTSTK,HDIL,27-Oct-2016,117.5,CE,0,0,0,3.1,1.55,0,0,0,0,17-AUG-2016,
OPTSTK,HDIL,27-Oct-2016,120,CE,0,0,0,2.6,1.25,0,0,0,0,17-AUG-2016,
OPTSTK,HDIL,27-Oct-2016,122.5,CE,0,0,0,2.15,1,0,0,0,0,17-AUG-2016,
OPTSTK,HDIL,27-Oct-2016,125,CE,0,0,0,1.8,0.8,0,0,0,0,17-AUG-2016,
OPTSTK,HDIL,27-Oct-2016,127.5,CE,0,0,0,1.5,0.6,0,0,0,0,17-AUG-2016,
OPTSTK,HDIL,27-Oct-2016,130,CE,0,0,0,1.2,0.5,0,0,0,0,17-AUG-2016,
OPTSTK,HDIL,27-Oct-2016,62.5,PE,0,0,0,0.05,0.05,0,0,0,0,17-AUG-2016,
OPTSTK,HDIL,27-Oct-2016,65,PE,0,0,0,0.05,0.05,0,0,0,0,17-AUG-2016,
OPTSTK,HDIL,27-Oct-2016,67.5,PE,0,0,0,0.1,0.1,0,0,0,0,17-AUG-2016,
OPTSTK,HDIL,27-Oct-2016,70,PE,0,0,0,0.1,0.15,0,0,0,0,17-AUG-2016,
OPTSTK,HDIL,27-Oct-2016,72.5,PE,0,0,0,0.2,0.25,0,0,0,0,17-AUG-2016,
OPTSTK,HDIL,27-Oct-2016,75,PE,0,0,0,0.3,0.4,0,0,0,0,17-AUG-2016,
OPTSTK,HDIL,27-Oct-2016,77.5,PE,0,0,0,0.45,0.6,0,0,0,0,17-AUG-2016,
OPTSTK,HDIL,27-Oct-2016,80,PE,0,0,0,4.3,0.9,0,0,8000,0,17-AUG-2016,
OPTSTK,HDIL,27-Oct-2016,82.5,PE,0,0,0,0.95,1.25,0,0,0,0,17-AUG-2016,
OPTSTK,HDIL,27-Oct-2016,85,PE,0,0,0,1.3,1.75,0,0,0,0,17-AUG-2016,
OPTSTK,HDIL,27-Oct-2016,87.5,PE,0,0,0,1.75,2.35,0,0,0,0,17-AUG-2016,
OPTSTK,HDIL,27-Oct-2016,90,PE,0,0,0,2.35,3.1,0,0,0,0,17-AUG-2016,
OPTSTK,HDIL,27-Oct-2016,92.5,PE,0,0,0,3,4,0,0,0,0,17-AUG-2016,
OPTSTK,HDIL,27-Oct-2016,95,PE,0,0,0,3.8,5,0,0,0,0,17-AUG-2016,
OPTSTK,HDIL,27-Oct-2016,97.5,PE,0,0,0,4.75,6.2,0,0,0,0,17-AUG-2016,
OPTSTK,HDIL,27-Oct-2016,100,PE,0,0,0,5.8,7.55,0,0,0,0,17-AUG-2016,
OPTSTK,HDIL,27-Oct-2016,102.5,PE,0,0,0,7,9,0,0,0,0,17-AUG-2016,
OPTSTK,HDIL,27-Oct-2016,105,PE,0,0,0,8.35,10.6,0,0,0,0,17-AUG-2016,
OPTSTK,HDIL,27-Oct-2016,107.5,PE,0,0,0,9.8,12.3,0,0,0,0,17-AUG-2016,
OPTSTK,HDIL,27-Oct-2016,110,PE,0,0,0,11.35,14.15,0,0,0,0,17-AUG-2016,
OPTSTK,HDIL,27-Oct-2016,112.5,PE,0,0,0,13,16.05,0,0,0,0,17-AUG-2016,
OPTSTK,HDIL,27-Oct-2016,115,PE,0,0,0,14.8,18.1,0,0,0,0,17-AUG-2016,
OPTSTK,HDIL,27-Oct-2016,117.5,PE,0,0,0,16.65,20.2,0,0,0,0,17-AUG-2016,
OPTSTK,HDIL,27-Oct-2016,120,PE,0,0,0,18.6,22.35,0,0,0,0,17-AUG-2016,
OPTSTK,HDIL,27-Oct-2016,122.5,PE,0,0,0,20.6,24.55,0,0,0,0,17-AUG-2016,
OPTSTK,HDIL,27-Oct-2016,125,PE,0,0,0,22.7,26.8,0,0,0,0,17-AUG-2016,
OPTSTK,HDIL,27-Oct-2016,127.5,PE,0,0,0,24.85,29.1,0,0,0,0,17-AUG-2016,
OPTSTK,HDIL,27-Oct-2016,130,PE,0,0,0,27.05,31.45,0,0,0,0,17-AUG-2016,
OPTSTK,HEROMOTOCO,25-Aug-2016,1950,CE,0,0,0,1047,1411.7,0,0,0,0,17-AUG-2016,
OPTSTK,HEROMOTOCO,25-Aug-2016,2000,CE,0,0,0,997.9,1361.75,0,0,0,0,17-AUG-2016,
OPTSTK,HEROMOTOCO,25-Aug-2016,2050,CE,0,0,0,948.8,1311.85,0,0,0,0,17-AUG-2016,
OPTSTK,HEROMOTOCO,25-Aug-2016,2100,CE,0,0,0,899.7,1261.9,0,0,0,0,17-AUG-2016,
OPTSTK,HEROMOTOCO,25-Aug-2016,2150,CE,0,0,0,850.65,1212,0,0,0,0,17-AUG-2016,
OPTSTK,HEROMOTOCO,25-Aug-2016,2200,CE,0,0,0,801.65,1162.05,0,0,0,0,17-AUG-2016,
OPTSTK,HEROMOTOCO,25-Aug-2016,2250,CE,0,0,0,752.7,1112.15,0,0,0,0,17-AUG-2016,
OPTSTK,HEROMOTOCO,25-Aug-2016,2300,CE,0,0,0,703.9,1062.2,0,0,0,0,17-AUG-2016,
OPTSTK,HEROMOTOCO,25-Aug-2016,2350,CE,0,0,0,655.3,1012.3,0,0,0,0,17-AUG-2016,
OPTSTK,HEROMOTOCO,25-Aug-2016,2400,CE,0,0,0,607.05,962.35,0,0,0,0,17-AUG-2016,
OPTSTK,HEROMOTOCO,25-Aug-2016,2450,CE,0,0,0,559.25,912.45,0,0,0,0,17-AUG-2016,
OPTSTK,HEROMOTOCO,25-Aug-2016,2500,CE,0,0,0,512.15,862.5,0,0,0,0,17-AUG-2016,
OPTSTK,HEROMOTOCO,25-Aug-2016,2550,CE,0,0,0,466,812.6,0,0,0,0,17-AUG-2016,
OPTSTK,HEROMOTOCO,25-Aug-2016,2600,CE,0,0,0,847,762.65,0,0,4200,0,17-AUG-2016,
OPTSTK,HEROMOTOCO,25-Aug-2016,2650,CE,0,0,0,377.45,712.75,0,0,0,0,17-AUG-2016,
OPTSTK,HEROMOTOCO,25-Aug-2016,2700,CE,0,0,0,495,662.8,0,0,1800,0,17-AUG-2016,
OPTSTK,HEROMOTOCO,25-Aug-2016,2750,CE,0,0,0,296.1,612.9,0,0,0,0,17-AUG-2016,
OPTSTK,HEROMOTOCO,25-Aug-2016,2800,CE,0,0,0,258.95,562.95,0,0,0,0,17-AUG-2016,
OPTSTK,HEROMOTOCO,25-Aug-2016,2850,CE,0,0,0,224.15,513.05,0,0,0,0,17-AUG-2016,
OPTSTK,HEROMOTOCO,25-Aug-2016,2900,CE,0,0,0,327,463.1,0,0,200,0,17-AUG-2016,
OPTSTK,HEROMOTOCO,25-Aug-2016,2950,CE,0,0,0,325,413.25,0,0,1000,0,17-AUG-2016,
OPTSTK,HEROMOTOCO,25-Aug-2016,3000,CE,0,0,0,275,363.5,0,0,2200,0,17-AUG-2016,
OPTSTK,HEROMOTOCO,25-Aug-2016,3050,CE,0,0,0,114.55,314.05,0,0,0,0,17-AUG-2016,
OPTSTK,HEROMOTOCO,25-Aug-2016,3100,CE,0,0,0,366.9,265.35,0,0,800,0,17-AUG-2016,
OPTSTK,HEROMOTOCO,25-Aug-2016,3150,CE,0,0,0,123,218.05,0,0,600,0,17-AUG-2016,
OPTSTK,HEROMOTOCO,25-Aug-2016,3200,CE,0,0,0,120.95,173.3,0,0,6800,0,17-AUG-2016,
OPTSTK,HEROMOTOCO,25-Aug-2016,3250,CE,171.1,171.1,162,164.5,164.5,11,75.1,13400,-600,17-AUG-2016,
OPTSTK,HEROMOTOCO,25-Aug-2016,3300,CE,65.45,134,64.95,91.4,91.4,179,1218.18,14800,-7800,17-AUG-2016,
OPTSTK,HEROMOTOCO,25-Aug-2016,3350,CE,36.35,99.75,36.35,57.55,57.55,453,3096.55,21400,-4600,17-AUG-2016,
OPTSTK,HEROMOTOCO,25-Aug-2016,3400,CE,17.75,69.1,17.4,35.3,35.3,1426,9831.46,58600,-6600,17-AUG-2016,
OPTSTK,HEROMOTOCO,25-Aug-2016,3450,CE,18.45,45.6,14.25,21.3,21.3,1047,7289.39,66000,-7600,17-AUG-2016,
OPTSTK,HEROMOTOCO,25-Aug-2016,3500,CE,9,28.95,7.95,13.15,13.15,1284,9040.06,200400,15400,17-AUG-2016,
OPTSTK,HEROMOTOCO,25-Aug-2016,3550,CE,4.9,18.5,4.9,8.3,8.3,463,3298.78,86600,4200,17-AUG-2016,
OPTSTK,HEROMOTOCO,25-Aug-2016,3600,CE,5.1,12.35,4.7,5.35,5.35,658,4748.7,120600,-11000,17-AUG-2016,
OPTSTK,HEROMOTOCO,25-Aug-2016,3650,CE,4.9,8.4,3.5,3.8,3.8,163,1191.92,30800,-10600,17-AUG-2016,
OPTSTK,HEROMOTOCO,25-Aug-2016,3700,CE,3.7,5.75,2.5,2.7,2.7,254,1881.77,64200,1800,17-AUG-2016,
OPTSTK,HEROMOTOCO,25-Aug-2016,3750,CE,3.95,3.95,1.95,2,2,11,82.55,17000,600,17-AUG-2016,
OPTSTK,HEROMOTOCO,25-Aug-2016,3800,CE,2.5,2.8,1.35,1.35,1.35,30,228.11,22000,-2000,17-AUG-2016,
OPTSTK,HEROMOTOCO,25-Aug-2016,3850,CE,2.5,2.5,2.5,2.5,2.5,9,69.34,6600,-1800,17-AUG-2016,
OPTSTK,HEROMOTOCO,25-Aug-2016,3900,CE,2,2,2,2,2,1,7.8,3600,0,17-AUG-2016,
OPTSTK,HEROMOTOCO,25-Aug-2016,3950,CE,0,0,0,0.9,0.05,0,0,0,0,17-AUG-2016,
OPTSTK,HEROMOTOCO,25-Aug-2016,1950,PE,0,0,0,0.05,0,0,0,0,0,17-AUG-2016,
OPTSTK,HEROMOTOCO,25-Aug-2016,2000,PE,0,0,0,0.05,0,0,0,0,0,17-AUG-2016,
OPTSTK,HEROMOTOCO,25-Aug-2016,2050,PE,0,0,0,0.05,0,0,0,0,0,17-AUG-2016,
OPTSTK,HEROMOTOCO,25-Aug-2016,2100,PE,0,0,0,0.05,0,0,0,0,0,17-AUG-2016,
OPTSTK,HEROMOTOCO,25-Aug-2016,2150,PE,0,0,0,0.1,0,0,0,0,0,17-AUG-2016,
OPTSTK,HEROMOTOCO,25-Aug-2016,2200,PE,0,0,0,0.2,0,0,0,0,0,17-AUG-2016,
OPTSTK,HEROMOTOCO,25-Aug-2016,2250,PE,0,0,0,0.35,0,0,0,0,0,17-AUG-2016,
OPTSTK,HEROMOTOCO,25-Aug-2016,2300,PE,0,0,0,0.65,0,0,0,0,0,17-AUG-2016,
OPTSTK,HEROMOTOCO,25-Aug-2016,2350,PE,0,0,0,1.15,0,0,0,0,0,17-AUG-2016,
OPTSTK,HEROMOTOCO,25-Aug-2016,2400,PE,0,0,0,2,0,0,0,0,0,17-AUG-2016,
OPTSTK,HEROMOTOCO,25-Aug-2016,2450,PE,0,0,0,3.35,0,0,0,0,0,17-AUG-2016,
OPTSTK,HEROMOTOCO,25-Aug-2016,2500,PE,0,0,0,5.35,0,0,0,0,0,17-AUG-2016,
OPTSTK,HEROMOTOCO,25-Aug-2016,2550,PE,0,0,0,8.3,0,0,0,0,0,17-AUG-2016,
OPTSTK,HEROMOTOCO,25-Aug-2016,2600,PE,0,0,0,0.1,0,0,0,400,0,17-AUG-2016,
OPTSTK,HEROMOTOCO,25-Aug-2016,2650,PE,0,0,0,18,0,0,0,0,0,17-AUG-2016,
OPTSTK,HEROMOTOCO,25-Aug-2016,2700,PE,0,0,0,3,0,0,0,1600,0,17-AUG-2016,
OPTSTK,HEROMOTOCO,25-Aug-2016,2750,PE,0,0,0,34.85,0,0,0,0,0,17-AUG-2016,
OPTSTK,HEROMOTOCO,25-Aug-2016,2800,PE,0,0,0,46.8,0,0,0,0,0,17-AUG-2016,
OPTSTK,HEROMOTOCO,25-Aug-2016,2850,PE,0,0,0,61.1,0,0,0,0,0,17-AUG-2016,
OPTSTK,HEROMOTOCO,25-Aug-2016,2900,PE,0,0,0,3.05,0.05,0,0,6000,0,17-AUG-2016,
OPTSTK,HEROMOTOCO,25-Aug-2016,2950,PE,0,0,0,3.45,0.1,0,0,2000,0,17-AUG-2016,
OPTSTK,HEROMOTOCO,25-Aug-2016,3000,PE,2.2,2.2,2.2,2.2,2.2,1,6,29200,-200,17-AUG-2016,
OPTSTK,HEROMOTOCO,25-Aug-2016,3050,PE,0,0,0,6,0.75,0,0,3600,0,17-AUG-2016,
OPTSTK,HEROMOTOCO,25-Aug-2016,3100,PE,5.2,5.2,2.35,2.8,2.8,73,453,26400,-8600,17-AUG-2016,
OPTSTK,HEROMOTOCO,25-Aug-2016,3150,PE,3.8,4.7,3.35,4.25,4.25,29,182.93,13600,-1600,17-AUG-2016,
OPTSTK,HEROMOTOCO,25-Aug-2016,3200,PE,8.15,8.35,5,7.75,7.75,276,1770.02,38200,1600,17-AUG-2016,
OPTSTK,HEROMOTOCO,25-Aug-2016,3250,PE,15.1,16,6.9,13.4,13.4,296,1930.5,24200,1400,17-AUG-2016,
OPTSTK,HEROMOTOCO,25-Aug-2016,3300,PE,30.05,30.05,13,24.35,24.35,685,4546.77,51600,4800,17-AUG-2016,
OPTSTK,HEROMOTOCO,25-Aug-2016,3350,PE,53.3,53.3,23,42.35,42.35,380,2570.96,71600,400,17-AUG-2016,
OPTSTK,HEROMOTOCO,25-Aug-2016,3400,PE,106.35,106.35,40.05,68.15,68.15,225,1553.69,32600,6400,17-AUG-2016,
OPTSTK,HEROMOTOCO,25-Aug-2016,3450,PE,70.75,103.6,66.5,103.6,103.6,15,105.7,13200,-2200,17-AUG-2016,
OPTSTK,HEROMOTOCO,25-Aug-2016,3500,PE,116.35,120,109.35,120,120,6,43.36,14600,0,17-AUG-2016,
OPTSTK,HEROMOTOCO,25-Aug-2016,3550,PE,165,165,165,165,165,1,7.43,2600,-200,17-AUG-2016,
OPTSTK,HEROMOTOCO,25-Aug-2016,3600,PE,0,0,0,156.7,240.25,0,0,1000,0,17-AUG-2016,
OPTSTK,HEROMOTOCO,25-Aug-2016,3650,PE,0,0,0,300.1,287.9,0,0,400,0,17-AUG-2016,
OPTSTK,HEROMOTOCO,25-Aug-2016,3700,PE,0,0,0,273.95,336.65,0,0,400,0,17-AUG-2016,
OPTSTK,HEROMOTOCO,25-Aug-2016,3750,PE,0,0,0,430.55,386.05,0,0,0,0,17-AUG-2016,
OPTSTK,HEROMOTOCO,25-Aug-2016,3800,PE,0,0,0,451.85,435.75,0,0,400,0,17-AUG-2016,
OPTSTK,HEROMOTOCO,25-Aug-2016,3850,PE,0,0,0,475.75,485.55,0,0,0,0,17-AUG-2016,
OPTSTK,HEROMOTOCO,25-Aug-2016,3900,PE,0,0,0,869.45,535.45,0,0,0,0,17-AUG-2016,
OPTSTK,HEROMOTOCO,25-Aug-2016,3950,PE,0,0,0,918.2,585.35,0,0,0,0,17-AUG-2016,
OPTSTK,HEROMOTOCO,29-Sep-2016,2200,CE,0,0,0,1017.5,1176.6,0,0,0,0,17-AUG-2016,
OPTSTK,HEROMOTOCO,29-Sep-2016,2250,CE,0,0,0,968.65,1127,0,0,0,0,17-AUG-2016,
OPTSTK,HEROMOTOCO,29-Sep-2016,2300,CE,0,0,0,919.9,1077.4,0,0,0,0,17-AUG-2016,
OPTSTK,HEROMOTOCO,29-Sep-2016,2350,CE,0,0,0,871.4,1027.8,0,0,0,0,17-AUG-2016,
OPTSTK,HEROMOTOCO,29-Sep-2016,2400,CE,0,0,0,823.15,978.25,0,0,0,0,17-AUG-2016,
OPTSTK,HEROMOTOCO,29-Sep-2016,2450,CE,0,0,0,775.25,928.7,0,0,0,0,17-AUG-2016,
OPTSTK,HEROMOTOCO,29-Sep-2016,2500,CE,0,0,0,727.85,879.15,0,0,0,0,17-AUG-2016,
OPTSTK,HEROMOTOCO,29-Sep-2016,2550,CE,0,0,0,681.05,829.7,0,0,0,0,17-AUG-2016,
OPTSTK,HEROMOTOCO,29-Sep-2016,2600,CE,0,0,0,635,780.35,0,0,0,0,17-AUG-2016,
OPTSTK,HEROMOTOCO,29-Sep-2016,2650,CE,0,0,0,589.85,731.15,0,0,0,0,17-AUG-2016,
OPTSTK,HEROMOTOCO,29-Sep-2016,2700,CE,0,0,0,545.75,682.2,0,0,0,0,17-AUG-2016,
OPTSTK,HEROMOTOCO,29-Sep-2016,2750,CE,0,0,0,502.9,633.65,0,0,0,0,17-AUG-2016,
OPTSTK,HEROMOTOCO,29-Sep-2016,2800,CE,0,0,0,461.45,585.6,0,0,0,0,17-AUG-2016,
OPTSTK,HEROMOTOCO,29-Sep-2016,2850,CE,0,0,0,421.55,538.25,0,0,0,0,17-AUG-2016,
OPTSTK,HEROMOTOCO,29-Sep-2016,2900,CE,0,0,0,383.4,491.8,0,0,0,0,17-AUG-2016,
OPTSTK,HEROMOTOCO,29-Sep-2016,2950,CE,0,0,0,347.2,446.55,0,0,0,0,17-AUG-2016,
OPTSTK,HEROMOTOCO,29-Sep-2016,3000,CE,0,0,0,312.7,402.7,0,0,0,0,17-AUG-2016,
OPTSTK,HEROMOTOCO,29-Sep-2016,3050,CE,0,0,0,280.45,360.55,0,0,0,0,17-AUG-2016,
OPTSTK,HEROMOTOCO,29-Sep-2016,3100,CE,0,0,0,250.35,320.35,0,0,0,0,17-AUG-2016,
OPTSTK,HEROMOTOCO,29-Sep-2016,3150,CE,0,0,0,222.4,282.55,0,0,0,0,17-AUG-2016,
OPTSTK,HEROMOTOCO,29-Sep-2016,3200,CE,0,0,0,196.6,246.85,0,0,0,0,17-AUG-2016,
OPTSTK,HEROMOTOCO,29-Sep-2016,3250,CE,0,0,0,173,214.05,0,0,0,0,17-AUG-2016,
OPTSTK,HEROMOTOCO,29-Sep-2016,3300,CE,0,0,0,100,183.95,0,0,400,0,17-AUG-2016,
OPTSTK,HEROMOTOCO,29-Sep-2016,3350,CE,0,0,0,80,156.7,0,0,800,0,17-AUG-2016,
OPTSTK,HEROMOTOCO,29-Sep-2016,3400,CE,110,110,110,110,110,1,7.02,1200,-200,17-AUG-2016,
OPTSTK,HEROMOTOCO,29-Sep-2016,3450,CE,0,0,0,98.9,110.65,0,0,0,0,17-AUG-2016,
OPTSTK,HEROMOTOCO,29-Sep-2016,3500,CE,65,65,65,65,65,1,7.13,200,200,17-AUG-2016,
OPTSTK,HEROMOTOCO,29-Sep-2016,3550,CE,0,0,0,72.9,75.35,0,0,0,0,17-AUG-2016,
OPTSTK,HEROMOTOCO,29-Sep-2016,3600,CE,0,0,0,62.05,61.35,0,0,0,0,17-AUG-2016,
OPTSTK,HEROMOTOCO,29-Sep-2016,3650,CE,0,0,0,52.65,49.55,0,0,0,0,17-AUG-2016,
OPTSTK,HEROMOTOCO,29-Sep-2016,3700,CE,0,0,0,44.5,39.65,0,0,0,0,17-AUG-2016,
OPTSTK,HEROMOTOCO,29-Sep-2016,3750,CE,21.9,21.9,17.3,17.3,17.3,3,22.61,400,400,17-AUG-2016,
OPTSTK,HEROMOTOCO,29-Sep-2016,3800,CE,0,0,0,31.35,24.7,0,0,0,0,17-AUG-2016,
OPTSTK,HEROMOTOCO,29-Sep-2016,3850,CE,0,0,0,26.2,19.25,0,0,0,0,17-AUG-2016,
OPTSTK,HEROMOTOCO,29-Sep-2016,3900,CE,0,0,0,21.75,14.9,0,0,0,0,17-AUG-2016,
OPTSTK,HEROMOTOCO,29-Sep-2016,3950,CE,0,0,0,18.05,11.4,0,0,0,0,17-AUG-2016,
OPTSTK,HEROMOTOCO,29-Sep-2016,2200,PE,0,0,0,0.4,0,0,0,0,0,17-AUG-2016,
OPTSTK,HEROMOTOCO,29-Sep-2016,2250,PE,0,0,0,0.65,0,0,0,0,0,17-AUG-2016,
OPTSTK,HEROMOTOCO,29-Sep-2016,2300,PE,0,0,0,1.05,0.05,0,0,0,0,17-AUG-2016,
OPTSTK,HEROMOTOCO,29-Sep-2016,2350,PE,0,0,0,1.65,0.05,0,0,0,0,17-AUG-2016,
OPTSTK,HEROMOTOCO,29-Sep-2016,2400,PE,0,0,0,2.5,0.05,0,0,0,0,17-AUG-2016,
OPTSTK,HEROMOTOCO,29-Sep-2016,2450,PE,0,0,0,3.75,0.1,0,0,0,0,17-AUG-2016,
OPTSTK,HEROMOTOCO,29-Sep-2016,2500,PE,0,0,0,5.45,0.15,0,0,0,0,17-AUG-2016,
OPTSTK,HEROMOTOCO,29-Sep-2016,2550,PE,0,0,0,7.75,0.3,0,0,0,0,17-AUG-2016,
OPTSTK,HEROMOTOCO,29-Sep-2016,2600,PE,0,0,0,10.8,0.55,0,0,0,0,17-AUG-2016,
OPTSTK,HEROMOTOCO,29-Sep-2016,2650,PE,0,0,0,14.75,0.95,0,0,0,0,17-AUG-2016,
OPTSTK,HEROMOTOCO,29-Sep-2016,2700,PE,0,0,0,19.8,1.6,0,0,0,0,17-AUG-2016,
OPTSTK,HEROMOTOCO,29-Sep-2016,2750,PE,0,0,0,26.05,2.65,0,0,0,0,17-AUG-2016,
OPTSTK,HEROMOTOCO,29-Sep-2016,2800,PE,0,0,0,33.75,4.15,0,0,0,0,17-AUG-2016,
OPTSTK,HEROMOTOCO,29-Sep-2016,2850,PE,0,0,0,42.95,6.4,0,0,0,0,17-AUG-2016,
OPTSTK,HEROMOTOCO,29-Sep-2016,2900,PE,0,0,0,53.9,9.55,0,0,0,0,17-AUG-2016,
OPTSTK,HEROMOTOCO,29-Sep-2016,2950,PE,0,0,0,66.8,13.9,0,0,0,0,17-AUG-2016,
OPTSTK,HEROMOTOCO,29-Sep-2016,3000,PE,0,0,0,81.45,19.65,0,0,0,0,17-AUG-2016,
OPTSTK,HEROMOTOCO,29-Sep-2016,3050,PE,0,0,0,98.35,27.1,0,0,0,0,17-AUG-2016,
OPTSTK,HEROMOTOCO,29-Sep-2016,3100,PE,25,25,24.5,24.65,24.65,4,24.99,800,800,17-AUG-2016,
OPTSTK,HEROMOTOCO,29-Sep-2016,3150,PE,28.5,31.8,27.5,31.8,31.8,10,63.57,1600,1600,17-AUG-2016,
OPTSTK,HEROMOTOCO,29-Sep-2016,3200,PE,0,0,0,161.85,62.2,0,0,0,0,17-AUG-2016,
OPTSTK,HEROMOTOCO,29-Sep-2016,3250,PE,50,51.1,47,51.1,51.1,11,72.59,1800,1800,17-AUG-2016,
OPTSTK,HEROMOTOCO,29-Sep-2016,3300,PE,0,0,0,86.6,98.5,0,0,400,0,17-AUG-2016,
OPTSTK,HEROMOTOCO,29-Sep-2016,3350,PE,0,0,0,244.6,120.85,0,0,0,0,17-AUG-2016,
OPTSTK,HEROMOTOCO,29-Sep-2016,3400,PE,0,0,0,276.2,146,0,0,0,0,17-AUG-2016,
OPTSTK,HEROMOTOCO,29-Sep-2016,3450,PE,0,0,0,309.7,174,0,0,0,0,17-AUG-2016,
OPTSTK,HEROMOTOCO,29-Sep-2016,3500,PE,0,0,0,344.9,204.65,0,0,0,0,17-AUG-2016,
OPTSTK,HEROMOTOCO,29-Sep-2016,3550,PE,0,0,0,381.95,237.9,0,0,0,0,17-AUG-2016,
OPTSTK,HEROMOTOCO,29-Sep-2016,3600,PE,0,0,0,420.2,273.45,0,0,0,0,17-AUG-2016,
OPTSTK,HEROMOTOCO,29-Sep-2016,3650,PE,0,0,0,459.9,311.25,0,0,0,0,17-AUG-2016,
OPTSTK,HEROMOTOCO,29-Sep-2016,3700,PE,0,0,0,500.85,350.95,0,0,0,0,17-AUG-2016,
OPTSTK,HEROMOTOCO,29-Sep-2016,3750,PE,0,0,0,542.95,392.35,0,0,0,0,17-AUG-2016,
OPTSTK,HEROMOTOCO,29-Sep-2016,3800,PE,0,0,0,586,435.2,0,0,0,0,17-AUG-2016,
OPTSTK,HEROMOTOCO,29-Sep-2016,3850,PE,0,0,0,629.9,479.35,0,0,0,0,17-AUG-2016,
OPTSTK,HEROMOTOCO,29-Sep-2016,3900,PE,0,0,0,674.6,524.55,0,0,0,0,17-AUG-2016,
OPTSTK,HEROMOTOCO,29-Sep-2016,3950,PE,0,0,0,720,570.65,0,0,0,0,17-AUG-2016,
OPTSTK,HEROMOTOCO,27-Oct-2016,2200,CE,0,0,0,1035.15,1188.15,0,0,0,0,17-AUG-2016,
OPTSTK,HEROMOTOCO,27-Oct-2016,2250,CE,0,0,0,986,1138.85,0,0,0,0,17-AUG-2016,
OPTSTK,HEROMOTOCO,27-Oct-2016,2300,CE,0,0,0,936.9,1089.6,0,0,0,0,17-AUG-2016,
OPTSTK,HEROMOTOCO,27-Oct-2016,2350,CE,0,0,0,887.85,1040.4,0,0,0,0,17-AUG-2016,
OPTSTK,HEROMOTOCO,27-Oct-2016,2400,CE,0,0,0,838.9,991.25,0,0,0,0,17-AUG-2016,
OPTSTK,HEROMOTOCO,27-Oct-2016,2450,CE,0,0,0,790,942.25,0,0,0,0,17-AUG-2016,
OPTSTK,HEROMOTOCO,27-Oct-2016,2500,CE,0,0,0,741.3,893.45,0,0,0,0,17-AUG-2016,
OPTSTK,HEROMOTOCO,27-Oct-2016,2550,CE,0,0,0,692.85,844.85,0,0,0,0,17-AUG-2016,
OPTSTK,HEROMOTOCO,27-Oct-2016,2600,CE,0,0,0,644.8,796.55,0,0,0,0,17-AUG-2016,
OPTSTK,HEROMOTOCO,27-Oct-2016,2650,CE,0,0,0,597.25,748.7,0,0,0,0,17-AUG-2016,
OPTSTK,HEROMOTOCO,27-Oct-2016,2700,CE,0,0,0,550.4,701.35,0,0,0,0,17-AUG-2016,
OPTSTK,HEROMOTOCO,27-Oct-2016,2750,CE,0,0,0,504.5,654.75,0,0,0,0,17-AUG-2016,
OPTSTK,HEROMOTOCO,27-Oct-2016,2800,CE,0,0,0,459.65,608.9,0,0,0,0,17-AUG-2016,
OPTSTK,HEROMOTOCO,27-Oct-2016,2850,CE,0,0,0,416.25,564.1,0,0,0,0,17-AUG-2016,
OPTSTK,HEROMOTOCO,27-Oct-2016,2900,CE,0,0,0,374.45,520.45,0,0,0,0,17-AUG-2016,
OPTSTK,HEROMOTOCO,27-Oct-2016,2950,CE,0,0,0,334.5,478.1,0,0,0,0,17-AUG-2016,
OPTSTK,HEROMOTOCO,27-Oct-2016,3000,CE,0,0,0,296.7,437.25,0,0,0,0,17-AUG-2016,
OPTSTK,HEROMOTOCO,27-Oct-2016,3050,CE,0,0,0,261.15,398.1,0,0,0,0,17-AUG-2016,
OPTSTK,HEROMOTOCO,27-Oct-2016,3100,CE,0,0,0,228.15,360.85,0,0,0,0,17-AUG-2016,
OPTSTK,HEROMOTOCO,27-Oct-2016,3150,CE,0,0,0,197.8,325.25,0,0,0,0,17-AUG-2016,
OPTSTK,HEROMOTOCO,27-Oct-2016,3200,CE,0,0,0,170.1,291.9,0,0,0,0,17-AUG-2016,
OPTSTK,HEROMOTOCO,27-Oct-2016,3250,CE,0,0,0,145.1,260.7,0,0,0,0,17-AUG-2016,
OPTSTK,HEROMOTOCO,27-Oct-2016,3300,CE,0,0,0,122.8,231.65,0,0,0,0,17-AUG-2016,
OPTSTK,HEROMOTOCO,27-Oct-2016,3350,CE,0,0,0,103.1,204.8,0,0,0,0,17-AUG-2016,
OPTSTK,HEROMOTOCO,27-Oct-2016,3400,CE,0,0,0,85.85,180.15,0,0,0,0,17-AUG-2016,
OPTSTK,HEROMOTOCO,27-Oct-2016,3450,CE,0,0,0,70.9,157.7,0,0,0,0,17-AUG-2016,
OPTSTK,HEROMOTOCO,27-Oct-2016,3500,CE,0,0,0,58.25,137.35,0,0,0,0,17-AUG-2016,
OPTSTK,HEROMOTOCO,27-Oct-2016,3550,CE,0,0,0,47.3,119.05,0,0,0,0,17-AUG-2016,
OPTSTK,HEROMOTOCO,27-Oct-2016,3600,CE,0,0,0,38.15,102.65,0,0,0,0,17-AUG-2016,
OPTSTK,HEROMOTOCO,27-Oct-2016,3650,CE,0,0,0,30.55,88.1,0,0,0,0,17-AUG-2016,
OPTSTK,HEROMOTOCO,27-Oct-2016,3700,CE,0,0,0,24.3,75.4,0,0,0,0,17-AUG-2016,
OPTSTK,HEROMOTOCO,27-Oct-2016,3750,CE,0,0,0,19.15,64.2,0,0,0,0,17-AUG-2016,
OPTSTK,HEROMOTOCO,27-Oct-2016,3800,CE,0,0,0,15,54.2,0,0,0,0,17-AUG-2016,
OPTSTK,HEROMOTOCO,27-Oct-2016,3850,CE,0,0,0,11.65,45.7,0,0,0,0,17-AUG-2016,
OPTSTK,HEROMOTOCO,27-Oct-2016,3900,CE,0,0,0,9,38.3,0,0,0,0,17-AUG-2016,
OPTSTK,HEROMOTOCO,27-Oct-2016,3950,CE,0,0,0,6.9,32,0,0,0,0,17-AUG-2016,
OPTSTK,HEROMOTOCO,27-Oct-2016,2200,PE,0,0,0,0.05,0.05,0,0,0,0,17-AUG-2016,
OPTSTK,HEROMOTOCO,27-Oct-2016,2250,PE,0,0,0,0.05,0.1,0,0,0,0,17-AUG-2016,
OPTSTK,HEROMOTOCO,27-Oct-2016,2300,PE,0,0,0,0.1,0.2,0,0,0,0,17-AUG-2016,
OPTSTK,HEROMOTOCO,27-Oct-2016,2350,PE,0,0,0,0.2,0.3,0,0,0,0,17-AUG-2016,
OPTSTK,HEROMOTOCO,27-Oct-2016,2400,PE,0,0,0,0.35,0.55,0,0,0,0,17-AUG-2016,
OPTSTK,HEROMOTOCO,27-Oct-2016,2450,PE,0,0,0,0.6,0.85,0,0,0,0,17-AUG-2016,
OPTSTK,HEROMOTOCO,27-Oct-2016,2500,PE,0,0,0,1.05,1.35,0,0,0,0,17-AUG-2016,
OPTSTK,HEROMOTOCO,27-Oct-2016,2550,PE,0,0,0,1.75,2.1,0,0,0,0,17-AUG-2016,
OPTSTK,HEROMOTOCO,27-Oct-2016,2600,PE,0,0,0,2.85,3.15,0,0,0,0,17-AUG-2016,
OPTSTK,HEROMOTOCO,27-Oct-2016,2650,PE,0,0,0,4.45,4.6,0,0,0,0,17-AUG-2016,
OPTSTK,HEROMOTOCO,27-Oct-2016,2700,PE,0,0,0,6.75,6.65,0,0,0,0,17-AUG-2016,
OPTSTK,HEROMOTOCO,27-Oct-2016,2750,PE,0,0,0,9.95,9.3,0,0,0,0,17-AUG-2016,
OPTSTK,HEROMOTOCO,27-Oct-2016,2800,PE,0,0,0,14.25,12.85,0,0,0,0,17-AUG-2016,
OPTSTK,HEROMOTOCO,27-Oct-2016,2850,PE,0,0,0,20,17.35,0,0,0,0,17-AUG-2016,
OPTSTK,HEROMOTOCO,27-Oct-2016,2900,PE,0,0,0,27.3,23,0,0,0,0,17-AUG-2016,
OPTSTK,HEROMOTOCO,27-Oct-2016,2950,PE,0,0,0,36.55,30,0,0,0,0,17-AUG-2016,
OPTSTK,HEROMOTOCO,27-Oct-2016,3000,PE,0,0,0,47.85,38.5,0,0,0,0,17-AUG-2016,
OPTSTK,HEROMOTOCO,27-Oct-2016,3050,PE,0,0,0,61.45,48.7,0,0,0,0,17-AUG-2016,
OPTSTK,HEROMOTOCO,27-Oct-2016,3100,PE,0,0,0,77.6,60.8,0,0,0,0,17-AUG-2016,
OPTSTK,HEROMOTOCO,27-Oct-2016,3150,PE,0,0,0,96.4,74.5,0,0,0,0,17-AUG-2016,
OPTSTK,HEROMOTOCO,27-Oct-2016,3200,PE,0,0,0,117.85,90.5,0,0,0,0,17-AUG-2016,
OPTSTK,HEROMOTOCO,27-Oct-2016,3250,PE,0,0,0,142,108.6,0,0,0,0,17-AUG-2016,
OPTSTK,HEROMOTOCO,27-Oct-2016,3300,PE,0,0,0,168.8,128.9,0,0,0,0,17-AUG-2016,
OPTSTK,HEROMOTOCO,27-Oct-2016,3350,PE,0,0,0,198.25,151.4,0,0,0,0,17-AUG-2016,
OPTSTK,HEROMOTOCO,27-Oct-2016,3400,PE,0,0,0,230.15,176.1,0,0,0,0,17-AUG-2016,
OPTSTK,HEROMOTOCO,27-Oct-2016,3450,PE,0,0,0,264.35,202.95,0,0,0,0,17-AUG-2016,
OPTSTK,HEROMOTOCO,27-Oct-2016,3500,PE,0,0,0,300.8,231.95,0,0,0,0,17-AUG-2016,
OPTSTK,HEROMOTOCO,27-Oct-2016,3550,PE,0,0,0,339,262.95,0,0,0,0,17-AUG-2016,
OPTSTK,HEROMOTOCO,27-Oct-2016,3600,PE,0,0,0,379,295.9,0,0,0,0,17-AUG-2016,
OPTSTK,HEROMOTOCO,27-Oct-2016,3650,PE,0,0,0,420.55,330.7,0,0,0,0,17-AUG-2016,
OPTSTK,HEROMOTOCO,27-Oct-2016,3700,PE,0,0,0,463.4,367.35,0,0,0,0,17-AUG-2016,
OPTSTK,HEROMOTOCO,27-Oct-2016,3750,PE,0,0,0,507.45,405.45,0,0,0,0,17-AUG-2016,
OPTSTK,HEROMOTOCO,27-Oct-2016,3800,PE,0,0,0,552.4,444.8,0,0,0,0,17-AUG-2016,
OPTSTK,HEROMOTOCO,27-Oct-2016,3850,PE,0,0,0,598.2,485.6,0,0,0,0,17-AUG-2016,
OPTSTK,HEROMOTOCO,27-Oct-2016,3900,PE,0,0,0,644.7,527.55,0,0,0,0,17-AUG-2016,
OPTSTK,HEROMOTOCO,27-Oct-2016,3950,PE,0,0,0,691.75,570.6,0,0,0,0,17-AUG-2016,
OPTSTK,HEXAWARE,25-Aug-2016,150,CE,0,0,0,65.5,66.4,0,0,0,0,17-AUG-2016,
OPTSTK,HEXAWARE,25-Aug-2016,155,CE,0,0,0,75.75,61.4,0,0,0,0,17-AUG-2016,
OPTSTK,HEXAWARE,25-Aug-2016,160,CE,0,0,0,56.05,56.4,0,0,0,0,17-AUG-2016,
OPTSTK,HEXAWARE,25-Aug-2016,165,CE,0,0,0,65.9,51.4,0,0,0,0,17-AUG-2016,
OPTSTK,HEXAWARE,25-Aug-2016,170,CE,0,0,0,47,46.4,0,0,0,0,17-AUG-2016,
OPTSTK,HEXAWARE,25-Aug-2016,175,CE,0,0,0,56.2,41.45,0,0,0,0,17-AUG-2016,
OPTSTK,HEXAWARE,25-Aug-2016,180,CE,0,0,0,38.5,36.45,0,0,0,0,17-AUG-2016,
OPTSTK,HEXAWARE,25-Aug-2016,185,CE,0,0,0,46.8,31.45,0,0,0,0,17-AUG-2016,
OPTSTK,HEXAWARE,25-Aug-2016,190,CE,0,0,0,30.8,26.45,0,0,0,0,17-AUG-2016,
OPTSTK,HEXAWARE,25-Aug-2016,195,CE,0,0,0,37.85,21.5,0,0,0,0,17-AUG-2016,
OPTSTK,HEXAWARE,25-Aug-2016,200,CE,0,0,0,24.05,16.6,0,0,0,0,17-AUG-2016,
OPTSTK,HEXAWARE,25-Aug-2016,205,CE,0,0,0,29.65,12,0,0,0,0,17-AUG-2016,
OPTSTK,HEXAWARE,25-Aug-2016,210,CE,4.5,8.5,4,8.35,8.35,5,21.59,14000,8000,17-AUG-2016,
OPTSTK,HEXAWARE,25-Aug-2016,215,CE,1.75,4.7,1.75,4.25,4.25,33,143.91,34000,16000,17-AUG-2016,
OPTSTK,HEXAWARE,25-Aug-2016,220,CE,0.75,2.25,0.75,2.05,2.05,109,483.12,234000,30000,17-AUG-2016,
OPTSTK,HEXAWARE,25-Aug-2016,225,CE,0.6,1,0.45,1,1,18,81.27,426000,16000,17-AUG-2016,
OPTSTK,HEXAWARE,25-Aug-2016,230,CE,0.3,0.65,0.25,0.6,0.6,58,267.3,604000,-30000,17-AUG-2016,
OPTSTK,HEXAWARE,25-Aug-2016,235,CE,0.25,0.7,0.2,0.7,0.7,5,23.53,278000,2000,17-AUG-2016,
OPTSTK,HEXAWARE,25-Aug-2016,240,CE,0.2,0.35,0.2,0.35,0.35,7,33.63,334000,-6000,17-AUG-2016,
OPTSTK,HEXAWARE,25-Aug-2016,245,CE,0,0,0,1.4,0.05,0,0,6000,0,17-AUG-2016,
OPTSTK,HEXAWARE,25-Aug-2016,250,CE,0.15,0.15,0.15,0.15,0.15,1,5,126000,0,17-AUG-2016,
OPTSTK,HEXAWARE,25-Aug-2016,255,CE,0,0,0,5.15,0,0,0,0,0,17-AUG-2016,
OPTSTK,HEXAWARE,25-Aug-2016,260,CE,0,0,0,0.2,0,0,0,18000,0,17-AUG-2016,
OPTSTK,HEXAWARE,25-Aug-2016,265,CE,0,0,0,3.3,0,0,0,0,0,17-AUG-2016,
OPTSTK,HEXAWARE,25-Aug-2016,270,CE,0,0,0,0.05,0,0,0,2000,0,17-AUG-2016,
OPTSTK,HEXAWARE,25-Aug-2016,275,CE,0,0,0,2.05,0,0,0,0,0,17-AUG-2016,
OPTSTK,HEXAWARE,25-Aug-2016,280,CE,0,0,0,1.45,0,0,0,0,0,17-AUG-2016,
OPTSTK,HEXAWARE,25-Aug-2016,285,CE,0,0,0,1.2,0,0,0,0,0,17-AUG-2016,
OPTSTK,HEXAWARE,25-Aug-2016,290,CE,0,0,0,0.95,0,0,0,0,0,17-AUG-2016,
OPTSTK,HEXAWARE,25-Aug-2016,295,CE,0,0,0,0.7,0,0,0,0,0,17-AUG-2016,
OPTSTK,HEXAWARE,25-Aug-2016,300,CE,0,0,0,0.6,0,0,0,0,0,17-AUG-2016,
OPTSTK,HEXAWARE,25-Aug-2016,305,CE,0,0,0,0.4,0,0,0,0,0,17-AUG-2016,
OPTSTK,HEXAWARE,25-Aug-2016,310,CE,0,0,0,0.4,0,0,0,0,0,17-AUG-2016,
OPTSTK,HEXAWARE,25-Aug-2016,315,CE,0,0,0,0.25,0,0,0,0,0,17-AUG-2016,
OPTSTK,HEXAWARE,25-Aug-2016,320,CE,0,0,0,0.25,0,0,0,0,0,17-AUG-2016,
OPTSTK,HEXAWARE,25-Aug-2016,330,CE,0,0,0,0.15,0,0,0,0,0,17-AUG-2016,
OPTSTK,HEXAWARE,25-Aug-2016,150,PE,0,0,0,0.25,0,0,0,0,0,17-AUG-2016,
OPTSTK,HEXAWARE,25-Aug-2016,155,PE,0,0,0,0.05,0,0,0,0,0,17-AUG-2016,
OPTSTK,HEXAWARE,25-Aug-2016,160,PE,0,0,0,0.65,0,0,0,0,0,17-AUG-2016,
OPTSTK,HEXAWARE,25-Aug-2016,165,PE,0,0,0,0.1,0,0,0,0,0,17-AUG-2016,
OPTSTK,HEXAWARE,25-Aug-2016,170,PE,0,0,0,1.4,0,0,0,0,0,17-AUG-2016,
OPTSTK,HEXAWARE,25-Aug-2016,175,PE,0,0,0,0.3,0,0,0,0,0,17-AUG-2016,
OPTSTK,HEXAWARE,25-Aug-2016,180,PE,0,0,0,2.75,0,0,0,0,0,17-AUG-2016,
OPTSTK,HEXAWARE,25-Aug-2016,185,PE,0,0,0,0.75,0,0,0,0,0,17-AUG-2016,
OPTSTK,HEXAWARE,25-Aug-2016,190,PE,0,0,0,4.85,0.05,0,0,0,0,17-AUG-2016,
OPTSTK,HEXAWARE,25-Aug-2016,195,PE,0,0,0,1.7,0.05,0,0,0,0,17-AUG-2016,
OPTSTK,HEXAWARE,25-Aug-2016,200,PE,0.6,0.7,0.4,0.4,0.4,9,36.1,58000,4000,17-AUG-2016,
OPTSTK,HEXAWARE,25-Aug-2016,205,PE,0,0,0,3.4,0.55,0,0,0,0,17-AUG-2016,
OPTSTK,HEXAWARE,25-Aug-2016,210,PE,2.9,3,1.3,1.65,1.65,12,50.95,54000,4000,17-AUG-2016,
OPTSTK,HEXAWARE,25-Aug-2016,215,PE,5.3,5.3,5.3,5.3,5.3,1,4.4,14000,0,17-AUG-2016,
OPTSTK,HEXAWARE,25-Aug-2016,220,PE,10,10.25,8.25,9,9,7,32.08,50000,-2000,17-AUG-2016,
OPTSTK,HEXAWARE,25-Aug-2016,225,PE,12.5,12.5,12.5,12.5,12.5,1,4.75,10000,0,17-AUG-2016,
OPTSTK,HEXAWARE,25-Aug-2016,230,PE,16,16,13,14,14,3,14.68,32000,-6000,17-AUG-2016,
OPTSTK,HEXAWARE,25-Aug-2016,235,PE,0,0,0,19.55,18.65,0,0,4000,0,17-AUG-2016,
OPTSTK,HEXAWARE,25-Aug-2016,240,PE,0,0,0,23.2,23.55,0,0,2000,0,17-AUG-2016,
OPTSTK,HEXAWARE,25-Aug-2016,245,PE,0,0,0,21.2,28.5,0,0,0,0,17-AUG-2016,
OPTSTK,HEXAWARE,25-Aug-2016,250,PE,0,0,0,29,33.5,0,0,2000,0,17-AUG-2016,
OPTSTK,HEXAWARE,25-Aug-2016,255,PE,0,0,0,27.05,38.5,0,0,4000,0,17-AUG-2016,
OPTSTK,HEXAWARE,25-Aug-2016,260,PE,0,0,0,38.3,43.5,0,0,2000,0,17-AUG-2016,
OPTSTK,HEXAWARE,25-Aug-2016,265,PE,0,0,0,36.4,48.45,0,0,0,0,17-AUG-2016,
OPTSTK,HEXAWARE,25-Aug-2016,270,PE,0,0,0,54.85,53.45,0,0,0,0,17-AUG-2016,
OPTSTK,HEXAWARE,25-Aug-2016,275,PE,0,0,0,45.05,58.45,0,0,0,0,17-AUG-2016,
OPTSTK,HEXAWARE,25-Aug-2016,280,PE,0,0,0,63.9,63.45,0,0,0,0,17-AUG-2016,
OPTSTK,HEXAWARE,25-Aug-2016,285,PE,0,0,0,54.1,68.45,0,0,0,0,17-AUG-2016,
OPTSTK,HEXAWARE,25-Aug-2016,290,PE,0,0,0,73.25,73.45,0,0,0,0,17-AUG-2016,
OPTSTK,HEXAWARE,25-Aug-2016,295,PE,0,0,0,63.5,78.45,0,0,0,0,17-AUG-2016,
OPTSTK,HEXAWARE,25-Aug-2016,300,PE,0,0,0,82.7,83.4,0,0,0,0,17-AUG-2016,
OPTSTK,HEXAWARE,25-Aug-2016,305,PE,0,0,0,73.1,88.4,0,0,0,0,17-AUG-2016,
OPTSTK,HEXAWARE,25-Aug-2016,310,PE,0,0,0,92.3,93.4,0,0,0,0,17-AUG-2016,
OPTSTK,HEXAWARE,25-Aug-2016,315,PE,0,0,0,82.8,98.4,0,0,0,0,17-AUG-2016,
OPTSTK,HEXAWARE,25-Aug-2016,320,PE,0,0,0,102,103.4,0,0,0,0,17-AUG-2016,
OPTSTK,HEXAWARE,25-Aug-2016,330,PE,0,0,0,111.75,113.4,0,0,0,0,17-AUG-2016,
OPTSTK,HEXAWARE,29-Sep-2016,150,CE,0,0,0,81.75,67.4,0,0,0,0,17-AUG-2016,
OPTSTK,HEXAWARE,29-Sep-2016,155,CE,0,0,0,76.9,62.45,0,0,0,0,17-AUG-2016,
OPTSTK,HEXAWARE,29-Sep-2016,160,CE,0,0,0,72.1,57.45,0,0,0,0,17-AUG-2016,
OPTSTK,HEXAWARE,29-Sep-2016,165,CE,0,0,0,67.35,52.55,0,0,0,0,17-AUG-2016,
OPTSTK,HEXAWARE,29-Sep-2016,170,CE,0,0,0,62.65,47.6,0,0,0,0,17-AUG-2016,
OPTSTK,HEXAWARE,29-Sep-2016,175,CE,0,0,0,58,42.7,0,0,0,0,17-AUG-2016,
OPTSTK,HEXAWARE,29-Sep-2016,180,CE,0,0,0,53.5,37.9,0,0,0,0,17-AUG-2016,
OPTSTK,HEXAWARE,29-Sep-2016,185,CE,0,0,0,49.1,33.2,0,0,0,0,17-AUG-2016,
OPTSTK,HEXAWARE,29-Sep-2016,190,CE,0,0,0,44.85,28.65,0,0,0,0,17-AUG-2016,
OPTSTK,HEXAWARE,29-Sep-2016,195,CE,0,0,0,40.8,24.3,0,0,0,0,17-AUG-2016,
OPTSTK,HEXAWARE,29-Sep-2016,200,CE,0,0,0,36.9,20.3,0,0,0,0,17-AUG-2016,
OPTSTK,HEXAWARE,29-Sep-2016,205,CE,0,0,0,33.2,16.6,0,0,0,0,17-AUG-2016,
OPTSTK,HEXAWARE,29-Sep-2016,210,CE,0,0,0,29.75,13.35,0,0,0,0,17-AUG-2016,
OPTSTK,HEXAWARE,29-Sep-2016,215,CE,0,0,0,26.5,10.5,0,0,0,0,17-AUG-2016,
OPTSTK,HEXAWARE,29-Sep-2016,220,CE,7.1,7.1,7.1,7.1,7.1,1,4.54,2000,2000,17-AUG-2016,
OPTSTK,HEXAWARE,29-Sep-2016,225,CE,0,0,0,20.7,6.1,0,0,0,0,17-AUG-2016,
OPTSTK,HEXAWARE,29-Sep-2016,230,CE,4.7,4.7,4.7,4.7,4.7,2,9.38,4000,4000,17-AUG-2016,
OPTSTK,HEXAWARE,29-Sep-2016,235,CE,0,0,0,15.85,3.25,0,0,0,0,17-AUG-2016,
OPTSTK,HEXAWARE,29-Sep-2016,240,CE,2.75,2.75,2.75,2.75,2.75,6,29.13,12000,12000,17-AUG-2016,
OPTSTK,HEXAWARE,29-Sep-2016,245,CE,0,0,0,11.9,1.6,0,0,0,0,17-AUG-2016,
OPTSTK,HEXAWARE,29-Sep-2016,250,CE,0,0,0,10.25,1.1,0,0,0,0,17-AUG-2016,
OPTSTK,HEXAWARE,29-Sep-2016,255,CE,0,0,0,8.8,0.75,0,0,0,0,17-AUG-2016,
OPTSTK,HEXAWARE,29-Sep-2016,260,CE,0,0,0,7.5,0.5,0,0,0,0,17-AUG-2016,
OPTSTK,HEXAWARE,29-Sep-2016,265,CE,0,0,0,6.4,0.3,0,0,0,0,17-AUG-2016,
OPTSTK,HEXAWARE,29-Sep-2016,270,CE,0,0,0,5.4,0.2,0,0,0,0,17-AUG-2016,
OPTSTK,HEXAWARE,29-Sep-2016,275,CE,0,0,0,4.55,0.15,0,0,0,0,17-AUG-2016,
OPTSTK,HEXAWARE,29-Sep-2016,280,CE,0,0,0,3.8,0.1,0,0,0,0,17-AUG-2016,
OPTSTK,HEXAWARE,29-Sep-2016,285,CE,0,0,0,3.2,0.05,0,0,0,0,17-AUG-2016,
OPTSTK,HEXAWARE,29-Sep-2016,290,CE,0,0,0,2.65,0.05,0,0,0,0,17-AUG-2016,
OPTSTK,HEXAWARE,29-Sep-2016,295,CE,0,0,0,2.2,0.05,0,0,0,0,17-AUG-2016,
OPTSTK,HEXAWARE,29-Sep-2016,300,CE,0,0,0,1.85,0.05,0,0,0,0,17-AUG-2016,
OPTSTK,HEXAWARE,29-Sep-2016,305,CE,0,0,0,1.5,0,0,0,0,0,17-AUG-2016,
OPTSTK,HEXAWARE,29-Sep-2016,310,CE,0,0,0,1.25,0,0,0,0,0,17-AUG-2016,
OPTSTK,HEXAWARE,29-Sep-2016,315,CE,0,0,0,1.05,0,0,0,0,0,17-AUG-2016,
OPTSTK,HEXAWARE,29-Sep-2016,320,CE,0,0,0,0.85,0,0,0,0,0,17-AUG-2016,
OPTSTK,HEXAWARE,29-Sep-2016,150,PE,0,0,0,0.1,0,0,0,0,0,17-AUG-2016,
OPTSTK,HEXAWARE,29-Sep-2016,155,PE,0,0,0,0.15,0,0,0,0,0,17-AUG-2016,
OPTSTK,HEXAWARE,29-Sep-2016,160,PE,0,0,0,0.25,0.05,0,0,0,0,17-AUG-2016,
OPTSTK,HEXAWARE,29-Sep-2016,165,PE,0,0,0,0.4,0.05,0,0,0,0,17-AUG-2016,
OPTSTK,HEXAWARE,29-Sep-2016,170,PE,0,0,0,0.65,0.1,0,0,0,0,17-AUG-2016,
OPTSTK,HEXAWARE,29-Sep-2016,175,PE,0,0,0,0.95,0.15,0,0,0,0,17-AUG-2016,
OPTSTK,HEXAWARE,29-Sep-2016,180,PE,0,0,0,1.3,0.3,0,0,0,0,17-AUG-2016,
OPTSTK,HEXAWARE,29-Sep-2016,185,PE,0,0,0,1.85,0.55,0,0,0,0,17-AUG-2016,
OPTSTK,HEXAWARE,29-Sep-2016,190,PE,0,0,0,2.5,0.95,0,0,0,0,17-AUG-2016,
OPTSTK,HEXAWARE,29-Sep-2016,195,PE,0,0,0,3.35,1.6,0,0,0,0,17-AUG-2016,
OPTSTK,HEXAWARE,29-Sep-2016,200,PE,0,0,0,4.35,2.5,0,0,0,0,17-AUG-2016,
OPTSTK,HEXAWARE,29-Sep-2016,205,PE,0,0,0,5.6,3.8,0,0,0,0,17-AUG-2016,
OPTSTK,HEXAWARE,29-Sep-2016,210,PE,0,0,0,7.05,5.5,0,0,0,0,17-AUG-2016,
OPTSTK,HEXAWARE,29-Sep-2016,215,PE,0,0,0,8.7,7.6,0,0,0,0,17-AUG-2016,
OPTSTK,HEXAWARE,29-Sep-2016,220,PE,0,0,0,10.6,10.15,0,0,0,0,17-AUG-2016,
OPTSTK,HEXAWARE,29-Sep-2016,225,PE,0,0,0,12.7,13.1,0,0,0,0,17-AUG-2016,
OPTSTK,HEXAWARE,29-Sep-2016,230,PE,0,0,0,15.1,16.45,0,0,0,0,17-AUG-2016,
OPTSTK,HEXAWARE,29-Sep-2016,235,PE,0,0,0,17.7,20.2,0,0,0,0,17-AUG-2016,
OPTSTK,HEXAWARE,29-Sep-2016,240,PE,0,0,0,20.55,24.2,0,0,0,0,17-AUG-2016,
OPTSTK,HEXAWARE,29-Sep-2016,245,PE,0,0,0,23.55,28.45,0,0,0,0,17-AUG-2016,
OPTSTK,HEXAWARE,29-Sep-2016,250,PE,0,0,0,26.85,32.9,0,0,0,0,17-AUG-2016,
OPTSTK,HEXAWARE,29-Sep-2016,255,PE,0,0,0,30.25,37.5,0,0,0,0,17-AUG-2016,
OPTSTK,HEXAWARE,29-Sep-2016,260,PE,0,0,0,33.9,42.25,0,0,0,0,17-AUG-2016,
OPTSTK,HEXAWARE,29-Sep-2016,265,PE,0,0,0,37.7,47,0,0,0,0,17-AUG-2016,
OPTSTK,HEXAWARE,29-Sep-2016,270,PE,0,0,0,41.6,51.85,0,0,0,0,17-AUG-2016,
OPTSTK,HEXAWARE,29-Sep-2016,275,PE,0,0,0,45.7,56.75,0,0,0,0,17-AUG-2016,
OPTSTK,HEXAWARE,29-Sep-2016,280,PE,0,0,0,49.85,61.65,0,0,0,0,17-AUG-2016,
OPTSTK,HEXAWARE,29-Sep-2016,285,PE,0,0,0,54.15,66.6,0,0,0,0,17-AUG-2016,
OPTSTK,HEXAWARE,29-Sep-2016,290,PE,0,0,0,58.55,71.55,0,0,0,0,17-AUG-2016,
OPTSTK,HEXAWARE,29-Sep-2016,295,PE,0,0,0,63,76.5,0,0,0,0,17-AUG-2016,
OPTSTK,HEXAWARE,29-Sep-2016,300,PE,0,0,0,67.55,81.45,0,0,0,0,17-AUG-2016,
OPTSTK,HEXAWARE,29-Sep-2016,305,PE,0,0,0,72.15,86.4,0,0,0,0,17-AUG-2016,
OPTSTK,HEXAWARE,29-Sep-2016,310,PE,0,0,0,76.8,91.35,0,0,0,0,17-AUG-2016,
OPTSTK,HEXAWARE,29-Sep-2016,315,PE,0,0,0,81.45,96.3,0,0,0,0,17-AUG-2016,
OPTSTK,HEXAWARE,29-Sep-2016,320,PE,0,0,0,86.2,101.3,0,0,0,0,17-AUG-2016,
OPTSTK,HEXAWARE,27-Oct-2016,150,CE,0,0,0,82.5,68.2,0,0,0,0,17-AUG-2016,
OPTSTK,HEXAWARE,27-Oct-2016,155,CE,0,0,0,77.6,63.25,0,0,0,0,17-AUG-2016,
OPTSTK,HEXAWARE,27-Oct-2016,160,CE,0,0,0,72.7,58.4,0,0,0,0,17-AUG-2016,
OPTSTK,HEXAWARE,27-Oct-2016,165,CE,0,0,0,67.85,53.55,0,0,0,0,17-AUG-2016,
OPTSTK,HEXAWARE,27-Oct-2016,170,CE,0,0,0,63,48.75,0,0,0,0,17-AUG-2016,
OPTSTK,HEXAWARE,27-Oct-2016,175,CE,0,0,0,58.2,44,0,0,0,0,17-AUG-2016,
OPTSTK,HEXAWARE,27-Oct-2016,180,CE,0,0,0,53.45,39.4,0,0,0,0,17-AUG-2016,
OPTSTK,HEXAWARE,27-Oct-2016,185,CE,0,0,0,48.8,34.95,0,0,0,0,17-AUG-2016,
OPTSTK,HEXAWARE,27-Oct-2016,190,CE,0,0,0,44.3,30.7,0,0,0,0,17-AUG-2016,
OPTSTK,HEXAWARE,27-Oct-2016,195,CE,0,0,0,39.9,26.7,0,0,0,0,17-AUG-2016,
OPTSTK,HEXAWARE,27-Oct-2016,200,CE,0,0,0,35.65,22.95,0,0,0,0,17-AUG-2016,
OPTSTK,HEXAWARE,27-Oct-2016,205,CE,0,0,0,31.65,19.5,0,0,0,0,17-AUG-2016,
OPTSTK,HEXAWARE,27-Oct-2016,210,CE,0,0,0,27.9,16.35,0,0,0,0,17-AUG-2016,
OPTSTK,HEXAWARE,27-Oct-2016,215,CE,0,0,0,24.35,13.6,0,0,0,0,17-AUG-2016,
OPTSTK,HEXAWARE,27-Oct-2016,220,CE,0,0,0,21.1,11.15,0,0,0,0,17-AUG-2016,
OPTSTK,HEXAWARE,27-Oct-2016,225,CE,0,0,0,18.1,9.05,0,0,0,0,17-AUG-2016,
OPTSTK,HEXAWARE,27-Oct-2016,230,CE,0,0,0,15.45,7.25,0,0,0,0,17-AUG-2016,
OPTSTK,HEXAWARE,27-Oct-2016,235,CE,0,0,0,13.05,5.75,0,0,0,0,17-AUG-2016,
OPTSTK,HEXAWARE,27-Oct-2016,240,CE,0,0,0,10.9,4.5,0,0,0,0,17-AUG-2016,
OPTSTK,HEXAWARE,27-Oct-2016,245,CE,0,0,0,9.1,3.5,0,0,0,0,17-AUG-2016,
OPTSTK,HEXAWARE,27-Oct-2016,250,CE,0,0,0,7.5,2.7,0,0,0,0,17-AUG-2016,
OPTSTK,HEXAWARE,27-Oct-2016,255,CE,0,0,0,6.1,2.05,0,0,0,0,17-AUG-2016,
OPTSTK,HEXAWARE,27-Oct-2016,260,CE,0,0,0,5,1.55,0,0,0,0,17-AUG-2016,
OPTSTK,HEXAWARE,27-Oct-2016,265,CE,0,0,0,4,1.15,0,0,0,0,17-AUG-2016,
OPTSTK,HEXAWARE,27-Oct-2016,270,CE,0,0,0,3.2,0.85,0,0,0,0,17-AUG-2016,
OPTSTK,HEXAWARE,27-Oct-2016,275,CE,0,0,0,2.55,0.6,0,0,0,0,17-AUG-2016,
OPTSTK,HEXAWARE,27-Oct-2016,280,CE,0,0,0,2,0.45,0,0,0,0,17-AUG-2016,
OPTSTK,HEXAWARE,27-Oct-2016,285,CE,0,0,0,1.6,0.35,0,0,0,0,17-AUG-2016,
OPTSTK,HEXAWARE,27-Oct-2016,290,CE,0,0,0,1.25,0.25,0,0,0,0,17-AUG-2016,
OPTSTK,HEXAWARE,27-Oct-2016,295,CE,0,0,0,0.95,0.2,0,0,0,0,17-AUG-2016,
OPTSTK,HEXAWARE,27-Oct-2016,300,CE,0,0,0,0.75,0.15,0,0,0,0,17-AUG-2016,
OPTSTK,HEXAWARE,27-Oct-2016,305,CE,0,0,0,0.55,0.1,0,0,0,0,17-AUG-2016,
OPTSTK,HEXAWARE,27-Oct-2016,310,CE,0,0,0,0.45,0.05,0,0,0,0,17-AUG-2016,
OPTSTK,HEXAWARE,27-Oct-2016,315,CE,0,0,0,0.35,0.05,0,0,0,0,17-AUG-2016,
OPTSTK,HEXAWARE,27-Oct-2016,320,CE,0,0,0,0.25,0.05,0,0,0,0,17-AUG-2016,
OPTSTK,HEXAWARE,27-Oct-2016,150,PE,0,0,0,0.05,0.05,0,0,0,0,17-AUG-2016,
OPTSTK,HEXAWARE,27-Oct-2016,155,PE,0,0,0,0.05,0.05,0,0,0,0,17-AUG-2016,
OPTSTK,HEXAWARE,27-Oct-2016,160,PE,0,0,0,0.05,0.1,0,0,0,0,17-AUG-2016,
OPTSTK,HEXAWARE,27-Oct-2016,165,PE,0,0,0,0.1,0.2,0,0,0,0,17-AUG-2016,
OPTSTK,HEXAWARE,27-Oct-2016,170,PE,0,0,0,0.2,0.3,0,0,0,0,17-AUG-2016,
OPTSTK,HEXAWARE,27-Oct-2016,175,PE,0,0,0,0.3,0.55,0,0,0,0,17-AUG-2016,
OPTSTK,HEXAWARE,27-Oct-2016,180,PE,0,0,0,0.45,0.85,0,0,0,0,17-AUG-2016,
OPTSTK,HEXAWARE,27-Oct-2016,185,PE,0,0,0,0.75,1.35,0,0,0,0,17-AUG-2016,
OPTSTK,HEXAWARE,27-Oct-2016,190,PE,0,0,0,1.1,2,0,0,0,0,17-AUG-2016,
OPTSTK,HEXAWARE,27-Oct-2016,195,PE,0,0,0,1.65,2.95,0,0,0,0,17-AUG-2016,
OPTSTK,HEXAWARE,27-Oct-2016,200,PE,0,0,0,2.35,4.15,0,0,0,0,17-AUG-2016,
OPTSTK,HEXAWARE,27-Oct-2016,205,PE,0,0,0,3.25,5.6,0,0,0,0,17-AUG-2016,
OPTSTK,HEXAWARE,27-Oct-2016,210,PE,0,0,0,4.4,7.4,0,0,0,0,17-AUG-2016,
OPTSTK,HEXAWARE,27-Oct-2016,215,PE,0,0,0,5.75,9.6,0,0,0,0,17-AUG-2016,
OPTSTK,HEXAWARE,27-Oct-2016,220,PE,0,0,0,7.4,12.05,0,0,0,0,17-AUG-2016,
OPTSTK,HEXAWARE,27-Oct-2016,225,PE,0,0,0,9.35,14.9,0,0,0,0,17-AUG-2016,
OPTSTK,HEXAWARE,27-Oct-2016,230,PE,0,0,0,11.6,18.05,0,0,0,0,17-AUG-2016,
OPTSTK,HEXAWARE,27-Oct-2016,235,PE,0,0,0,14.1,21.45,0,0,0,0,17-AUG-2016,
OPTSTK,HEXAWARE,27-Oct-2016,240,PE,0,0,0,16.9,25.15,0,0,0,0,17-AUG-2016,
OPTSTK,HEXAWARE,27-Oct-2016,245,PE,0,0,0,19.95,29.1,0,0,0,0,17-AUG-2016,
OPTSTK,HEXAWARE,27-Oct-2016,250,PE,0,0,0,23.3,33.2,0,0,0,0,17-AUG-2016,
OPTSTK,HEXAWARE,27-Oct-2016,255,PE,0,0,0,26.85,37.5,0,0,0,0,17-AUG-2016,
OPTSTK,HEXAWARE,27-Oct-2016,260,PE,0,0,0,30.6,41.9,0,0,0,0,17-AUG-2016,
OPTSTK,HEXAWARE,27-Oct-2016,265,PE,0,0,0,34.55,46.45,0,0,0,0,17-AUG-2016,
OPTSTK,HEXAWARE,27-Oct-2016,270,PE,0,0,0,38.7,51.1,0,0,0,0,17-AUG-2016,
OPTSTK,HEXAWARE,27-Oct-2016,275,PE,0,0,0,42.95,55.8,0,0,0,0,17-AUG-2016,
OPTSTK,HEXAWARE,27-Oct-2016,280,PE,0,0,0,47.3,60.55,0,0,0,0,17-AUG-2016,
OPTSTK,HEXAWARE,27-Oct-2016,285,PE,0,0,0,51.8,65.4,0,0,0,0,17-AUG-2016,
OPTSTK,HEXAWARE,27-Oct-2016,290,PE,0,0,0,56.35,70.25,0,0,0,0,17-AUG-2016,
OPTSTK,HEXAWARE,27-Oct-2016,295,PE,0,0,0,61,75.1,0,0,0,0,17-AUG-2016,
OPTSTK,HEXAWARE,27-Oct-2016,300,PE,0,0,0,65.7,80,0,0,0,0,17-AUG-2016,
OPTSTK,HEXAWARE,27-Oct-2016,305,PE,0,0,0,70.45,84.9,0,0,0,0,17-AUG-2016,
OPTSTK,HEXAWARE,27-Oct-2016,310,PE,0,0,0,75.2,89.8,0,0,0,0,17-AUG-2016,
OPTSTK,HEXAWARE,27-Oct-2016,315,PE,0,0,0,80.05,94.7,0,0,0,0,17-AUG-2016,
OPTSTK,HEXAWARE,27-Oct-2016,320,PE,0,0,0,84.85,99.65,0,0,0,0,17-AUG-2016,
OPTSTK,HINDALCO,25-Aug-2016,62.5,CE,0,0,0,29.35,93.55,0,0,0,0,17-AUG-2016,
OPTSTK,HINDALCO,25-Aug-2016,65,CE,0,0,0,27.1,91.05,0,0,0,0,17-AUG-2016,
OPTSTK,HINDALCO,25-Aug-2016,67.5,CE,0,0,0,24.95,88.55,0,0,0,0,17-AUG-2016,
OPTSTK,HINDALCO,25-Aug-2016,70,CE,0,0,0,22.85,86.05,0,0,0,0,17-AUG-2016,
OPTSTK,HINDALCO,25-Aug-2016,72.5,CE,0,0,0,20.8,83.6,0,0,0,0,17-AUG-2016,
OPTSTK,HINDALCO,25-Aug-2016,75,CE,0,0,0,18.9,81.1,0,0,0,0,17-AUG-2016,
OPTSTK,HINDALCO,25-Aug-2016,77.5,CE,0,0,0,17.1,78.6,0,0,0,0,17-AUG-2016,
OPTSTK,HINDALCO,25-Aug-2016,80,CE,0,0,0,15.35,76.1,0,0,0,0,17-AUG-2016,
OPTSTK,HINDALCO,25-Aug-2016,82.5,CE,0,0,0,13.75,73.6,0,0,0,0,17-AUG-2016,
OPTSTK,HINDALCO,25-Aug-2016,85,CE,0,0,0,12.3,71.1,0,0,0,0,17-AUG-2016,
OPTSTK,HINDALCO,25-Aug-2016,87.5,CE,0,0,0,10.9,68.6,0,0,0,0,17-AUG-2016,
OPTSTK,HINDALCO,25-Aug-2016,90,CE,0,0,0,44.25,66.1,0,0,7000,0,17-AUG-2016,
OPTSTK,HINDALCO,25-Aug-2016,92.5,CE,0,0,0,42.05,63.6,0,0,14000,0,17-AUG-2016,
OPTSTK,HINDALCO,25-Aug-2016,95,CE,0,0,0,7.5,61.1,0,0,0,0,17-AUG-2016,
OPTSTK,HINDALCO,25-Aug-2016,97.5,CE,0,0,0,6.55,58.6,0,0,0,0,17-AUG-2016,
OPTSTK,HINDALCO,25-Aug-2016,100,CE,0,0,0,34.3,56.1,0,0,35000,0,17-AUG-2016,
OPTSTK,HINDALCO,25-Aug-2016,102.5,CE,0,0,0,5,53.6,0,0,0,0,17-AUG-2016,
OPTSTK,HINDALCO,25-Aug-2016,105,CE,0,0,0,29,51.15,0,0,21000,0,17-AUG-2016,
OPTSTK,HINDALCO,25-Aug-2016,107.5,CE,0,0,0,3.75,48.65,0,0,0,0,17-AUG-2016,
OPTSTK,HINDALCO,25-Aug-2016,110,CE,0,0,0,24,46.15,0,0,77000,0,17-AUG-2016,
OPTSTK,HINDALCO,25-Aug-2016,112.5,CE,0,0,0,2.8,43.65,0,0,0,0,17-AUG-2016,
OPTSTK,HINDALCO,25-Aug-2016,115,CE,40.35,40.35,40.35,40.35,40.35,1,10.87,28000,-7000,17-AUG-2016,
OPTSTK,HINDALCO,25-Aug-2016,117.5,CE,0,0,0,29.15,38.65,0,0,7000,0,17-AUG-2016,
OPTSTK,HINDALCO,25-Aug-2016,120,CE,0,0,0,26.55,36.15,0,0,21000,0,17-AUG-2016,
OPTSTK,HINDALCO,25-Aug-2016,122.5,CE,0,0,0,13.75,33.65,0,0,7000,0,17-AUG-2016,
OPTSTK,HINDALCO,25-Aug-2016,125,CE,0,0,0,12.3,31.15,0,0,42000,0,17-AUG-2016,
OPTSTK,HINDALCO,25-Aug-2016,127.5,CE,0,0,0,10.05,28.65,0,0,21000,0,17-AUG-2016,
OPTSTK,HINDALCO,25-Aug-2016,130,CE,0,0,0,23.7,26.2,0,0,343000,0,17-AUG-2016,
OPTSTK,HINDALCO,25-Aug-2016,132.5,CE,0,0,0,12.6,23.7,0,0,35000,0,17-AUG-2016,
OPTSTK,HINDALCO,25-Aug-2016,135,CE,21.8,21.8,19.6,20.4,20.4,4,43.6,469000,-14000,17-AUG-2016,
OPTSTK,HINDALCO,25-Aug-2016,137.5,CE,0,0,0,10.25,18.8,0,0,91000,0,17-AUG-2016,
OPTSTK,HINDALCO,25-Aug-2016,140,CE,15.45,16.5,14.9,15.15,15.15,17,185.19,1106000,-77000,17-AUG-2016,
OPTSTK,HINDALCO,25-Aug-2016,142.5,CE,13.75,13.75,13,13,13,3,32.7,287000,7000,17-AUG-2016,
OPTSTK,HINDALCO,25-Aug-2016,145,CE,10.75,12,10.45,11.35,11.35,19,207.99,679000,-63000,17-AUG-2016,
OPTSTK,HINDALCO,25-Aug-2016,150,CE,6.2,8,6.05,7.05,7.05,248,2728.22,2408000,-259000,17-AUG-2016,
OPTSTK,HINDALCO,25-Aug-2016,155,CE,3.55,4.75,3.15,3.85,3.85,863,9603.26,2002000,-189000,17-AUG-2016,
OPTSTK,HINDALCO,25-Aug-2016,160,CE,1.6,2.45,1.45,1.85,1.85,1508,17101.94,4053000,364000,17-AUG-2016,
OPTSTK,HINDALCO,25-Aug-2016,165,CE,0.75,1.15,0.65,0.8,0.8,392,4552.24,1470000,336000,17-AUG-2016,
OPTSTK,HINDALCO,25-Aug-2016,170,CE,0.4,0.55,0.3,0.35,0.35,182,2171.14,1477000,133000,17-AUG-2016,
OPTSTK,HINDALCO,25-Aug-2016,175,CE,0.2,0.25,0.1,0.15,0.15,84,1030.07,609000,203000,17-AUG-2016,
OPTSTK,HINDALCO,25-Aug-2016,180,CE,0,0,0,0.35,0.1,0,0,0,0,17-AUG-2016,
OPTSTK,HINDALCO,25-Aug-2016,62.5,PE,0,0,0,0.45,0,0,0,0,0,17-AUG-2016,
OPTSTK,HINDALCO,25-Aug-2016,65,PE,0,0,0,0.65,0,0,0,0,0,17-AUG-2016,
OPTSTK,HINDALCO,25-Aug-2016,67.5,PE,0,0,0,0.95,0,0,0,0,0,17-AUG-2016,
OPTSTK,HINDALCO,25-Aug-2016,70,PE,0,0,0,1.3,0,0,0,0,0,17-AUG-2016,
OPTSTK,HINDALCO,25-Aug-2016,72.5,PE,0,0,0,1.7,0,0,0,0,0,17-AUG-2016,
OPTSTK,HINDALCO,25-Aug-2016,75,PE,0,0,0,2.25,0,0,0,0,0,17-AUG-2016,
OPTSTK,HINDALCO,25-Aug-2016,77.5,PE,0,0,0,2.9,0,0,0,0,0,17-AUG-2016,
OPTSTK,HINDALCO,25-Aug-2016,80,PE,0,0,0,3.65,0,0,0,0,0,17-AUG-2016,
OPTSTK,HINDALCO,25-Aug-2016,82.5,PE,0,0,0,4.5,0,0,0,0,0,17-AUG-2016,
OPTSTK,HINDALCO,25-Aug-2016,85,PE,0,0,0,5.45,0,0,0,0,0,17-AUG-2016,
OPTSTK,HINDALCO,25-Aug-2016,87.5,PE,0,0,0,6.55,0,0,0,0,0,17-AUG-2016,
OPTSTK,HINDALCO,25-Aug-2016,90,PE,0,0,0,7.75,0,0,0,0,0,17-AUG-2016,
OPTSTK,HINDALCO,25-Aug-2016,92.5,PE,0,0,0,9.1,0,0,0,0,0,17-AUG-2016,
OPTSTK,HINDALCO,25-Aug-2016,95,PE,0,0,0,10.5,0,0,0,0,0,17-AUG-2016,
OPTSTK,HINDALCO,25-Aug-2016,97.5,PE,0,0,0,12.05,0,0,0,0,0,17-AUG-2016,
OPTSTK,HINDALCO,25-Aug-2016,100,PE,0,0,0,13.65,0,0,0,0,0,17-AUG-2016,
OPTSTK,HINDALCO,25-Aug-2016,102.5,PE,0,0,0,15.35,0,0,0,0,0,17-AUG-2016,
OPTSTK,HINDALCO,25-Aug-2016,105,PE,0,0,0,17.15,0,0,0,0,0,17-AUG-2016,
OPTSTK,HINDALCO,25-Aug-2016,107.5,PE,0,0,0,19.05,0,0,0,0,0,17-AUG-2016,
OPTSTK,HINDALCO,25-Aug-2016,110,PE,0,0,0,0.1,0,0,0,287000,0,17-AUG-2016,
OPTSTK,HINDALCO,25-Aug-2016,112.5,PE,0,0,0,0.05,0,0,0,21000,0,17-AUG-2016,
OPTSTK,HINDALCO,25-Aug-2016,115,PE,0.05,0.05,0.05,0.05,0.05,1,8.05,147000,-7000,17-AUG-2016,
OPTSTK,HINDALCO,25-Aug-2016,117.5,PE,0,0,0,0.15,0,0,0,112000,0,17-AUG-2016,
OPTSTK,HINDALCO,25-Aug-2016,120,PE,0.05,0.05,0.05,0.05,0.05,11,92.43,1141000,0,17-AUG-2016,
OPTSTK,HINDALCO,25-Aug-2016,122.5,PE,0.05,0.05,0.05,0.05,0.05,4,34.31,42000,0,17-AUG-2016,
OPTSTK,HINDALCO,25-Aug-2016,125,PE,0.05,0.05,0.05,0.05,0.05,7,61.27,525000,-21000,17-AUG-2016,
OPTSTK,HINDALCO,25-Aug-2016,127.5,PE,0.05,0.05,0.05,0.05,0.05,25,223.21,98000,-70000,17-AUG-2016,
OPTSTK,HINDALCO,25-Aug-2016,130,PE,0.1,0.1,0.05,0.1,0.1,43,391.59,1323000,28000,17-AUG-2016,
OPTSTK,HINDALCO,25-Aug-2016,132.5,PE,0.1,0.1,0.1,0.1,0.1,2,18.56,280000,0,17-AUG-2016,
OPTSTK,HINDALCO,25-Aug-2016,135,PE,0.3,0.3,0.1,0.1,0.1,29,274.41,1407000,21000,17-AUG-2016,
OPTSTK,HINDALCO,25-Aug-2016,137.5,PE,0.25,0.25,0.15,0.15,0.15,23,221.74,511000,-35000,17-AUG-2016,
OPTSTK,HINDALCO,25-Aug-2016,140,PE,0.45,0.45,0.25,0.25,0.25,241,2366.98,2884000,-273000,17-AUG-2016,
OPTSTK,HINDALCO,25-Aug-2016,142.5,PE,0.55,0.55,0.3,0.35,0.35,47,470.13,623000,28000,17-AUG-2016,
OPTSTK,HINDALCO,25-Aug-2016,145,PE,0.8,0.8,0.5,0.55,0.55,418,4261.01,1757000,189000,17-AUG-2016,
OPTSTK,HINDALCO,25-Aug-2016,150,PE,1.85,1.9,1.2,1.3,1.3,750,7951.51,3689000,588000,17-AUG-2016,
OPTSTK,HINDALCO,25-Aug-2016,155,PE,4.1,4.1,2.8,2.95,2.95,451,4992.35,1253000,777000,17-AUG-2016,
OPTSTK,HINDALCO,25-Aug-2016,160,PE,6,6.85,5.7,5.85,5.85,30,348.76,154000,70000,17-AUG-2016,
OPTSTK,HINDALCO,25-Aug-2016,165,PE,9.3,9.95,9.3,9.95,9.95,7,85.56,35000,21000,17-AUG-2016,
OPTSTK,HINDALCO,25-Aug-2016,170,PE,0,0,0,46,14.45,0,0,0,0,17-AUG-2016,
OPTSTK,HINDALCO,25-Aug-2016,175,PE,0,0,0,50.75,19.05,0,0,0,0,17-AUG-2016,
OPTSTK,HINDALCO,25-Aug-2016,180,PE,0,0,0,50.95,23.9,0,0,0,0,17-AUG-2016,
OPTSTK,HINDALCO,29-Sep-2016,75,CE,0,0,0,49.4,81.6,0,0,0,0,17-AUG-2016,
OPTSTK,HINDALCO,29-Sep-2016,80,CE,0,0,0,44.7,76.6,0,0,0,0,17-AUG-2016,
OPTSTK,HINDALCO,29-Sep-2016,85,CE,0,0,0,40.1,71.65,0,0,0,0,17-AUG-2016,
OPTSTK,HINDALCO,29-Sep-2016,90,CE,0,0,0,35.7,66.7,0,0,0,0,17-AUG-2016,
OPTSTK,HINDALCO,29-Sep-2016,95,CE,0,0,0,31.5,61.75,0,0,0,0,17-AUG-2016,
OPTSTK,HINDALCO,29-Sep-2016,100,CE,0,0,0,27.55,56.8,0,0,0,0,17-AUG-2016,
OPTSTK,HINDALCO,29-Sep-2016,105,CE,0,0,0,23.9,51.85,0,0,0,0,17-AUG-2016,
OPTSTK,HINDALCO,29-Sep-2016,110,CE,0,0,0,20.55,46.95,0,0,0,0,17-AUG-2016,
OPTSTK,HINDALCO,29-Sep-2016,115,CE,0,0,0,17.5,42.15,0,0,0,0,17-AUG-2016,
OPTSTK,HINDALCO,29-Sep-2016,120,CE,0,0,0,14.85,37.4,0,0,0,0,17-AUG-2016,
OPTSTK,HINDALCO,29-Sep-2016,125,CE,0,0,0,12.45,32.8,0,0,0,0,17-AUG-2016,
OPTSTK,HINDALCO,29-Sep-2016,130,CE,0,0,0,10.4,28.4,0,0,0,0,17-AUG-2016,
OPTSTK,HINDALCO,29-Sep-2016,135,CE,0,0,0,8.6,24.3,0,0,0,0,17-AUG-2016,
OPTSTK,HINDALCO,29-Sep-2016,140,CE,0,0,0,16.15,20.45,0,0,196000,0,17-AUG-2016,
OPTSTK,HINDALCO,29-Sep-2016,145,CE,0,0,0,9.7,17,0,0,7000,0,17-AUG-2016,
OPTSTK,HINDALCO,29-Sep-2016,150,CE,10.75,10.75,10.75,10.75,10.75,1,11.25,77000,7000,17-AUG-2016,
OPTSTK,HINDALCO,29-Sep-2016,155,CE,8.25,8.3,8.25,8.3,8.3,2,22.85,56000,14000,17-AUG-2016,
OPTSTK,HINDALCO,29-Sep-2016,160,CE,5.9,6.8,5.9,6.5,6.5,18,209.68,224000,63000,17-AUG-2016,
OPTSTK,HINDALCO,29-Sep-2016,165,CE,4.85,4.85,4.3,4.6,4.6,6,71.24,56000,28000,17-AUG-2016,
OPTSTK,HINDALCO,29-Sep-2016,170,CE,3.7,3.7,2.95,3.35,3.35,11,133.45,105000,35000,17-AUG-2016,
OPTSTK,HINDALCO,29-Sep-2016,175,CE,0,0,0,2.2,4.15,0,0,7000,0,17-AUG-2016,
OPTSTK,HINDALCO,29-Sep-2016,180,CE,1.5,1.5,1.5,1.5,1.5,3,38.11,21000,21000,17-AUG-2016,
OPTSTK,HINDALCO,29-Sep-2016,75,PE,0,0,0,0.2,0,0,0,0,0,17-AUG-2016,
OPTSTK,HINDALCO,29-Sep-2016,80,PE,0,0,0,0.4,0,0,0,0,0,17-AUG-2016,
OPTSTK,HINDALCO,29-Sep-2016,85,PE,0,0,0,0.75,0,0,0,0,0,17-AUG-2016,
OPTSTK,HINDALCO,29-Sep-2016,90,PE,0,0,0,1.25,0,0,0,0,0,17-AUG-2016,
OPTSTK,HINDALCO,29-Sep-2016,95,PE,0,0,0,1.95,0.05,0,0,0,0,17-AUG-2016,
OPTSTK,HINDALCO,29-Sep-2016,100,PE,0,0,0,2.9,0.05,0,0,0,0,17-AUG-2016,
OPTSTK,HINDALCO,29-Sep-2016,105,PE,0,0,0,4.2,0.05,0,0,0,0,17-AUG-2016,
OPTSTK,HINDALCO,29-Sep-2016,110,PE,0,0,0,5.75,0.15,0,0,0,0,17-AUG-2016,
OPTSTK,HINDALCO,29-Sep-2016,115,PE,0,0,0,7.65,0.25,0,0,0,0,17-AUG-2016,
OPTSTK,HINDALCO,29-Sep-2016,120,PE,0,0,0,0.8,0.45,0,0,14000,0,17-AUG-2016,
OPTSTK,HINDALCO,29-Sep-2016,125,PE,0,0,0,1,0.85,0,0,21000,0,17-AUG-2016,
OPTSTK,HINDALCO,29-Sep-2016,130,PE,0,0,0,1.45,1.4,0,0,84000,0,17-AUG-2016,
OPTSTK,HINDALCO,29-Sep-2016,135,PE,1.4,1.4,1.4,1.4,1.4,1,9.54,42000,7000,17-AUG-2016,
OPTSTK,HINDALCO,29-Sep-2016,140,PE,3.7,3.7,2.2,2.5,2.5,8,79.87,42000,28000,17-AUG-2016,
OPTSTK,HINDALCO,29-Sep-2016,145,PE,3.5,4,3.5,4,4,3,31.25,21000,0,17-AUG-2016,
OPTSTK,HINDALCO,29-Sep-2016,150,PE,5.5,5.5,5.5,5.5,5.5,1,10.88,21000,7000,17-AUG-2016,
OPTSTK,HINDALCO,29-Sep-2016,155,PE,0,0,0,33.25,9,0,0,0,0,17-AUG-2016,
OPTSTK,HINDALCO,29-Sep-2016,160,PE,10.05,10.2,10.05,10.2,10.2,3,35.72,28000,21000,17-AUG-2016,
OPTSTK,HINDALCO,29-Sep-2016,165,PE,13.5,13.5,13.4,13.5,13.5,11,137.41,119000,77000,17-AUG-2016,
OPTSTK,HINDALCO,29-Sep-2016,170,PE,0,0,0,46.15,18.1,0,0,0,0,17-AUG-2016,
OPTSTK,HINDALCO,29-Sep-2016,175,PE,0,0,0,50.7,21.75,0,0,0,0,17-AUG-2016,
OPTSTK,HINDALCO,29-Sep-2016,180,PE,0,0,0,50.7,25.7,0,0,0,0,17-AUG-2016,
OPTSTK,HINDALCO,27-Oct-2016,85,CE,0,0,0,50.8,72.1,0,0,0,0,17-AUG-2016,
OPTSTK,HINDALCO,27-Oct-2016,90,CE,0,0,0,45.95,67.2,0,0,0,0,17-AUG-2016,
OPTSTK,HINDALCO,27-Oct-2016,95,CE,0,0,0,41.15,62.3,0,0,0,0,17-AUG-2016,
OPTSTK,HINDALCO,27-Oct-2016,100,CE,0,0,0,36.5,57.45,0,0,0,0,17-AUG-2016,
OPTSTK,HINDALCO,27-Oct-2016,105,CE,0,0,0,32.05,52.65,0,0,0,0,17-AUG-2016,
OPTSTK,HINDALCO,27-Oct-2016,110,CE,0,0,0,27.75,47.9,0,0,0,0,17-AUG-2016,
OPTSTK,HINDALCO,27-Oct-2016,115,CE,0,0,0,23.75,43.3,0,0,0,0,17-AUG-2016,
OPTSTK,HINDALCO,27-Oct-2016,120,CE,0,0,0,20.1,38.8,0,0,0,0,17-AUG-2016,
OPTSTK,HINDALCO,27-Oct-2016,125,CE,0,0,0,16.75,34.55,0,0,0,0,17-AUG-2016,
OPTSTK,HINDALCO,27-Oct-2016,130,CE,0,0,0,13.8,30.5,0,0,0,0,17-AUG-2016,
OPTSTK,HINDALCO,27-Oct-2016,135,CE,0,0,0,11.25,26.7,0,0,0,0,17-AUG-2016,
OPTSTK,HINDALCO,27-Oct-2016,140,CE,0,0,0,9.05,23.2,0,0,0,0,17-AUG-2016,
OPTSTK,HINDALCO,27-Oct-2016,145,CE,0,0,0,7.2,19.95,0,0,0,0,17-AUG-2016,
OPTSTK,HINDALCO,27-Oct-2016,150,CE,0,0,0,5.65,17.05,0,0,0,0,17-AUG-2016,
OPTSTK,HINDALCO,27-Oct-2016,155,CE,0,0,0,4.4,14.45,0,0,0,0,17-AUG-2016,
OPTSTK,HINDALCO,27-Oct-2016,160,CE,0,0,0,7.75,12.15,0,0,7000,0,17-AUG-2016,
OPTSTK,HINDALCO,27-Oct-2016,165,CE,0,0,0,2.6,10.15,0,0,0,0,17-AUG-2016,
OPTSTK,HINDALCO,27-Oct-2016,170,CE,0,0,0,1.95,8.45,0,0,0,0,17-AUG-2016,
OPTSTK,HINDALCO,27-Oct-2016,175,CE,0,0,0,1.5,6.95,0,0,0,0,17-AUG-2016,
OPTSTK,HINDALCO,27-Oct-2016,180,CE,0,0,0,1.1,5.7,0,0,0,0,17-AUG-2016,
OPTSTK,HINDALCO,27-Oct-2016,85,PE,0,0,0,0.05,0.05,0,0,0,0,17-AUG-2016,
OPTSTK,HINDALCO,27-Oct-2016,90,PE,0,0,0,0.15,0.05,0,0,0,0,17-AUG-2016,
OPTSTK,HINDALCO,27-Oct-2016,95,PE,0,0,0,0.3,0.1,0,0,0,0,17-AUG-2016,
OPTSTK,HINDALCO,27-Oct-2016,100,PE,0,0,0,0.55,0.15,0,0,0,0,17-AUG-2016,
OPTSTK,HINDALCO,27-Oct-2016,105,PE,0,0,0,1,0.3,0,0,0,0,17-AUG-2016,
OPTSTK,HINDALCO,27-Oct-2016,110,PE,0,0,0,1.6,0.5,0,0,0,0,17-AUG-2016,
OPTSTK,HINDALCO,27-Oct-2016,115,PE,0,0,0,2.55,0.8,0,0,0,0,17-AUG-2016,
OPTSTK,HINDALCO,27-Oct-2016,120,PE,0,0,0,3.75,1.25,0,0,0,0,17-AUG-2016,
OPTSTK,HINDALCO,27-Oct-2016,125,PE,0,0,0,5.35,1.95,0,0,0,0,17-AUG-2016,
OPTSTK,HINDALCO,27-Oct-2016,130,PE,0,0,0,7.3,2.8,0,0,0,0,17-AUG-2016,
OPTSTK,HINDALCO,27-Oct-2016,135,PE,0,0,0,9.65,3.95,0,0,0,0,17-AUG-2016,
OPTSTK,HINDALCO,27-Oct-2016,140,PE,0,0,0,12.4,5.35,0,0,0,0,17-AUG-2016,
OPTSTK,HINDALCO,27-Oct-2016,145,PE,0,0,0,15.45,7.1,0,0,0,0,17-AUG-2016,
OPTSTK,HINDALCO,27-Oct-2016,150,PE,0,0,0,18.8,9.1,0,0,0,0,17-AUG-2016,
OPTSTK,HINDALCO,27-Oct-2016,155,PE,0,0,0,22.5,11.45,0,0,0,0,17-AUG-2016,
OPTSTK,HINDALCO,27-Oct-2016,160,PE,0,0,0,26.4,14.1,0,0,0,0,17-AUG-2016,
OPTSTK,HINDALCO,27-Oct-2016,165,PE,0,0,0,30.5,17,0,0,0,0,17-AUG-2016,
OPTSTK,HINDALCO,27-Oct-2016,170,PE,0,0,0,34.8,20.2,0,0,0,0,17-AUG-2016,
OPTSTK,HINDALCO,27-Oct-2016,175,PE,0,0,0,39.2,23.65,0,0,0,0,17-AUG-2016,
OPTSTK,HINDALCO,27-Oct-2016,180,PE,0,0,0,43.75,27.35,0,0,0,0,17-AUG-2016,
OPTSTK,HINDPETRO,25-Aug-2016,520,CE,0,0,0,338.95,699.15,0,0,0,0,17-AUG-2016,
OPTSTK,HINDPETRO,25-Aug-2016,540,CE,0,0,0,319.35,679.2,0,0,0,0,17-AUG-2016,
OPTSTK,HINDPETRO,25-Aug-2016,560,CE,0,0,0,299.8,659.2,0,0,0,0,17-AUG-2016,
OPTSTK,HINDPETRO,25-Aug-2016,580,CE,0,0,0,280.25,639.25,0,0,0,0,17-AUG-2016,
OPTSTK,HINDPETRO,25-Aug-2016,600,CE,0,0,0,260.8,619.25,0,0,0,0,17-AUG-2016,
OPTSTK,HINDPETRO,25-Aug-2016,620,CE,0,0,0,241.55,599.3,0,0,0,0,17-AUG-2016,
OPTSTK,HINDPETRO,25-Aug-2016,640,CE,0,0,0,222.5,579.35,0,0,0,0,17-AUG-2016,
OPTSTK,HINDPETRO,25-Aug-2016,660,CE,0,0,0,203.75,559.35,0,0,0,0,17-AUG-2016,
OPTSTK,HINDPETRO,25-Aug-2016,680,CE,0,0,0,185.4,539.4,0,0,0,0,17-AUG-2016,
OPTSTK,HINDPETRO,25-Aug-2016,700,CE,0,0,0,167.6,519.4,0,0,0,0,17-AUG-2016,
OPTSTK,HINDPETRO,25-Aug-2016,720,CE,0,0,0,150.4,499.45,0,0,0,0,17-AUG-2016,
OPTSTK,HINDPETRO,25-Aug-2016,740,CE,0,0,0,134,479.5,0,0,0,0,17-AUG-2016,
OPTSTK,HINDPETRO,25-Aug-2016,760,CE,0,0,0,355,459.5,0,0,700,0,17-AUG-2016,
OPTSTK,HINDPETRO,25-Aug-2016,780,CE,0,0,0,104,439.55,0,0,0,0,17-AUG-2016,
OPTSTK,HINDPETRO,25-Aug-2016,800,CE,0,0,0,90.5,419.55,0,0,0,0,17-AUG-2016,
OPTSTK,HINDPETRO,25-Aug-2016,820,CE,0,0,0,78.15,399.6,0,0,0,0,17-AUG-2016,
OPTSTK,HINDPETRO,25-Aug-2016,840,CE,0,0,0,66.95,379.65,0,0,0,0,17-AUG-2016,
OPTSTK,HINDPETRO,25-Aug-2016,860,CE,0,0,0,56.9,359.65,0,0,0,0,17-AUG-2016,
OPTSTK,HINDPETRO,25-Aug-2016,880,CE,0,0,0,47.95,339.7,0,0,0,0,17-AUG-2016,
OPTSTK,HINDPETRO,25-Aug-2016,900,CE,0,0,0,336.55,319.7,0,0,9800,0,17-AUG-2016,
OPTSTK,HINDPETRO,25-Aug-2016,920,CE,0,0,0,280,299.75,0,0,700,0,17-AUG-2016,
OPTSTK,HINDPETRO,25-Aug-2016,940,CE,0,0,0,299.95,279.8,0,0,2100,0,17-AUG-2016,
OPTSTK,HINDPETRO,25-Aug-2016,960,CE,0,0,0,286,259.8,0,0,24500,0,17-AUG-2016,
OPTSTK,HINDPETRO,25-Aug-2016,980,CE,0,0,0,263.05,239.85,0,0,2100,0,17-AUG-2016,
OPTSTK,HINDPETRO,25-Aug-2016,1000,CE,0,0,0,189,219.9,0,0,24500,0,17-AUG-2016,
OPTSTK,HINDPETRO,25-Aug-2016,1020,CE,0,0,0,205,200,0,0,1400,0,17-AUG-2016,
OPTSTK,HINDPETRO,25-Aug-2016,1040,CE,0,0,0,193,180.15,0,0,4900,0,17-AUG-2016,
OPTSTK,HINDPETRO,25-Aug-2016,1060,CE,0,0,0,164,160.45,0,0,19600,0,17-AUG-2016,
OPTSTK,HINDPETRO,25-Aug-2016,1080,CE,0,0,0,169.6,141,0,0,2100,0,17-AUG-2016,
OPTSTK,HINDPETRO,25-Aug-2016,1100,CE,0,0,0,120,122,0,0,19600,0,17-AUG-2016,
OPTSTK,HINDPETRO,25-Aug-2016,1120,CE,0,0,0,114.35,103.7,0,0,6300,0,17-AUG-2016,
OPTSTK,HINDPETRO,25-Aug-2016,1140,CE,82.8,82.8,82.8,82.8,82.8,1,8.55,8400,0,17-AUG-2016,
OPTSTK,HINDPETRO,25-Aug-2016,1160,CE,0,0,0,72.55,70.3,0,0,14700,0,17-AUG-2016,
OPTSTK,HINDPETRO,25-Aug-2016,1180,CE,46.2,46.2,46.2,46.2,46.2,1,8.58,15400,-700,17-AUG-2016,
OPTSTK,HINDPETRO,25-Aug-2016,1200,CE,41.3,52,34.5,39.2,39.2,69,599.93,96600,1400,17-AUG-2016,
OPTSTK,HINDPETRO,25-Aug-2016,1220,CE,31.15,39.2,25.2,29.15,29.15,257,2252.79,158900,40600,17-AUG-2016,
OPTSTK,HINDPETRO,25-Aug-2016,1240,CE,22.75,29,18,20.8,20.8,322,2847.99,181300,-7700,17-AUG-2016,
OPTSTK,HINDPETRO,25-Aug-2016,1260,CE,15.65,21.25,12.45,14.35,14.35,278,2483.71,200900,9100,17-AUG-2016,
OPTSTK,HINDPETRO,25-Aug-2016,1280,CE,11.8,14.7,8.25,10.15,10.15,125,1130.06,144900,-11900,17-AUG-2016,
OPTSTK,HINDPETRO,25-Aug-2016,1300,CE,7.4,10,6.05,7.05,7.05,194,1776.04,340900,-700,17-AUG-2016,
OPTSTK,HINDPETRO,25-Aug-2016,1320,CE,5.4,6.85,4,4.75,4.75,90,835.04,109200,7700,17-AUG-2016,
OPTSTK,HINDPETRO,25-Aug-2016,1340,CE,2.8,4.5,2.75,3.35,3.35,42,395.09,81900,1400,17-AUG-2016,
OPTSTK,HINDPETRO,25-Aug-2016,1360,CE,3,3.15,1.8,1.8,1.8,23,219.34,120400,-5600,17-AUG-2016,
OPTSTK,HINDPETRO,25-Aug-2016,1380,CE,2.1,2.35,1.5,1.7,1.7,14,135.42,42700,-1400,17-AUG-2016,
OPTSTK,HINDPETRO,25-Aug-2016,1400,CE,2.1,2.1,1.4,1.5,1.5,33,323.78,131600,2800,17-AUG-2016,
OPTSTK,HINDPETRO,25-Aug-2016,1420,CE,1.7,1.7,1.7,1.7,1.7,3,29.85,19600,700,17-AUG-2016,
OPTSTK,HINDPETRO,25-Aug-2016,1440,CE,1,1,1,1,1,2,20.17,21000,1400,17-AUG-2016,
OPTSTK,HINDPETRO,25-Aug-2016,1460,CE,0.6,0.6,0.6,0.6,0.6,1,10.22,9800,0,17-AUG-2016,
OPTSTK,HINDPETRO,25-Aug-2016,1480,CE,1,1,1,1,1,3,31.1,6300,0,17-AUG-2016,
OPTSTK,HINDPETRO,25-Aug-2016,1500,CE,0,0,0,2.25,0.05,0,0,2800,0,17-AUG-2016,
OPTSTK,HINDPETRO,25-Aug-2016,1520,CE,0,0,0,0.95,0.05,0,0,700,0,17-AUG-2016,
OPTSTK,HINDPETRO,25-Aug-2016,520,PE,0,0,0,0.05,0,0,0,0,0,17-AUG-2016,
OPTSTK,HINDPETRO,25-Aug-2016,540,PE,0,0,0,0.05,0,0,0,0,0,17-AUG-2016,
OPTSTK,HINDPETRO,25-Aug-2016,560,PE,0,0,0,0.15,0,0,0,0,0,17-AUG-2016,
OPTSTK,HINDPETRO,25-Aug-2016,580,PE,0,0,0,0.25,0,0,0,0,0,17-AUG-2016,
OPTSTK,HINDPETRO,25-Aug-2016,600,PE,0,0,0,0.45,0,0,0,0,0,17-AUG-2016,
OPTSTK,HINDPETRO,25-Aug-2016,620,PE,0,0,0,0.85,0,0,0,0,0,17-AUG-2016,
OPTSTK,HINDPETRO,25-Aug-2016,640,PE,0,0,0,1.4,0,0,0,0,0,17-AUG-2016,
OPTSTK,HINDPETRO,25-Aug-2016,660,PE,0,0,0,2.3,0,0,0,0,0,17-AUG-2016,
OPTSTK,HINDPETRO,25-Aug-2016,680,PE,0,0,0,3.6,0,0,0,0,0,17-AUG-2016,
OPTSTK,HINDPETRO,25-Aug-2016,700,PE,0,0,0,5.45,0,0,0,0,0,17-AUG-2016,
OPTSTK,HINDPETRO,25-Aug-2016,720,PE,0,0,0,7.9,0,0,0,0,0,17-AUG-2016,
OPTSTK,HINDPETRO,25-Aug-2016,740,PE,0,0,0,11.15,0,0,0,0,0,17-AUG-2016,
OPTSTK,HINDPETRO,25-Aug-2016,760,PE,0,0,0,15.3,0,0,0,0,0,17-AUG-2016,
OPTSTK,HINDPETRO,25-Aug-2016,780,PE,0,0,0,20.4,0,0,0,0,0,17-AUG-2016,
OPTSTK,HINDPETRO,25-Aug-2016,800,PE,0,0,0,26.55,0,0,0,0,0,17-AUG-2016,
OPTSTK,HINDPETRO,25-Aug-2016,820,PE,0,0,0,33.85,0,0,0,0,0,17-AUG-2016,
OPTSTK,HINDPETRO,25-Aug-2016,840,PE,0,0,0,42.3,0,0,0,0,0,17-AUG-2016,
OPTSTK,HINDPETRO,25-Aug-2016,860,PE,0,0,0,51.9,0,0,0,0,0,17-AUG-2016,
OPTSTK,HINDPETRO,25-Aug-2016,880,PE,0,0,0,62.6,0,0,0,0,0,17-AUG-2016,
OPTSTK,HINDPETRO,25-Aug-2016,900,PE,0,0,0,74.4,0,0,0,0,0,17-AUG-2016,
OPTSTK,HINDPETRO,25-Aug-2016,920,PE,0,0,0,4.75,0,0,0,1400,0,17-AUG-2016,
OPTSTK,HINDPETRO,25-Aug-2016,940,PE,0,0,0,6.8,0,0,0,1400,0,17-AUG-2016,
OPTSTK,HINDPETRO,25-Aug-2016,960,PE,0,0,0,10,0,0,0,3500,0,17-AUG-2016,
OPTSTK,HINDPETRO,25-Aug-2016,980,PE,0.8,0.8,0.8,0.8,0.8,3,20.59,2100,0,17-AUG-2016,
OPTSTK,HINDPETRO,25-Aug-2016,1000,PE,0.8,0.8,0.8,0.8,0.8,1,7,16800,0,17-AUG-2016,
OPTSTK,HINDPETRO,25-Aug-2016,1020,PE,0,0,0,0.9,0.1,0,0,14700,0,17-AUG-2016,
OPTSTK,HINDPETRO,25-Aug-2016,1040,PE,0,0,0,0.65,0.2,0,0,9800,0,17-AUG-2016,
OPTSTK,HINDPETRO,25-Aug-2016,1060,PE,0.5,0.5,0.5,0.5,0.5,1,7.42,21700,700,17-AUG-2016,
OPTSTK,HINDPETRO,25-Aug-2016,1080,PE,0,0,0,0.7,1.05,0,0,9100,0,17-AUG-2016,
OPTSTK,HINDPETRO,25-Aug-2016,1100,PE,1.8,1.8,1.1,1.35,1.35,8,61.67,59500,0,17-AUG-2016,
OPTSTK,HINDPETRO,25-Aug-2016,1120,PE,2,2,2,2,2,1,7.85,51100,0,17-AUG-2016,
OPTSTK,HINDPETRO,25-Aug-2016,1140,PE,5.1,5.7,3.65,4.25,4.25,65,520.72,100100,7700,17-AUG-2016,
OPTSTK,HINDPETRO,25-Aug-2016,1160,PE,8.05,9.2,6.2,7.65,7.65,91,743.84,99400,-3500,17-AUG-2016,
OPTSTK,HINDPETRO,25-Aug-2016,1180,PE,12.65,14.55,9.9,12.2,12.2,133,1109.7,98000,21700,17-AUG-2016,
OPTSTK,HINDPETRO,25-Aug-2016,1200,PE,19.75,22.9,15.35,18.8,18.8,363,3099.04,203700,7700,17-AUG-2016,
OPTSTK,HINDPETRO,25-Aug-2016,1220,PE,25.5,31.25,22.95,27.95,27.95,183,1597.49,151200,-14000,17-AUG-2016,
OPTSTK,HINDPETRO,25-Aug-2016,1240,PE,36.85,43.85,32.2,39.2,39.2,36,321.88,249200,-700,17-AUG-2016,
OPTSTK,HINDPETRO,25-Aug-2016,1260,PE,48,56.9,46.5,52,52,11,100.81,52500,-2100,17-AUG-2016,
OPTSTK,HINDPETRO,25-Aug-2016,1280,PE,66,70,60,65,65,8,75.27,31500,-700,17-AUG-2016,
OPTSTK,HINDPETRO,25-Aug-2016,1300,PE,78.9,78.9,78.9,78.9,78.9,1,9.65,94500,0,17-AUG-2016,
OPTSTK,HINDPETRO,25-Aug-2016,1320,PE,0,0,0,118.85,104.65,0,0,9800,0,17-AUG-2016,
OPTSTK,HINDPETRO,25-Aug-2016,1340,PE,0,0,0,146.9,122.75,0,0,2800,0,17-AUG-2016,
OPTSTK,HINDPETRO,25-Aug-2016,1360,PE,0,0,0,96.9,141.5,0,0,1400,0,17-AUG-2016,
OPTSTK,HINDPETRO,25-Aug-2016,1380,PE,0,0,0,92.8,160.7,0,0,700,0,17-AUG-2016,
OPTSTK,HINDPETRO,25-Aug-2016,1400,PE,0,0,0,389.55,180.2,0,0,0,0,17-AUG-2016,
OPTSTK,HINDPETRO,25-Aug-2016,1420,PE,0,0,0,385.25,199.9,0,0,0,0,17-AUG-2016,
OPTSTK,HINDPETRO,25-Aug-2016,1440,PE,0,0,0,390.95,219.7,0,0,0,0,17-AUG-2016,
OPTSTK,HINDPETRO,25-Aug-2016,1460,PE,0,0,0,391.8,239.6,0,0,0,0,17-AUG-2016,
OPTSTK,HINDPETRO,25-Aug-2016,1480,PE,0,0,0,397.55,259.5,0,0,0,0,17-AUG-2016,
OPTSTK,HINDPETRO,25-Aug-2016,1500,PE,0,0,0,381.35,279.45,0,0,0,0,17-AUG-2016,
OPTSTK,HINDPETRO,25-Aug-2016,1520,PE,0,0,0,388.9,299.4,0,0,0,0,17-AUG-2016,
OPTSTK,HINDPETRO,29-Sep-2016,600,CE,0,0,0,407.05,623.25,0,0,0,0,17-AUG-2016,
OPTSTK,HINDPETRO,29-Sep-2016,620,CE,0,0,0,387.5,603.4,0,0,0,0,17-AUG-2016,
OPTSTK,HINDPETRO,29-Sep-2016,640,CE,0,0,0,368.05,583.55,0,0,0,0,17-AUG-2016,
OPTSTK,HINDPETRO,29-Sep-2016,660,CE,0,0,0,348.7,563.7,0,0,0,0,17-AUG-2016,
OPTSTK,HINDPETRO,29-Sep-2016,680,CE,0,0,0,329.5,543.9,0,0,0,0,17-AUG-2016,
OPTSTK,HINDPETRO,29-Sep-2016,700,CE,0,0,0,310.45,524.05,0,0,0,0,17-AUG-2016,
OPTSTK,HINDPETRO,29-Sep-2016,720,CE,0,0,0,291.65,504.2,0,0,0,0,17-AUG-2016,
OPTSTK,HINDPETRO,29-Sep-2016,740,CE,0,0,0,273.15,484.4,0,0,0,0,17-AUG-2016,
OPTSTK,HINDPETRO,29-Sep-2016,760,CE,0,0,0,254.95,464.55,0,0,0,0,17-AUG-2016,
OPTSTK,HINDPETRO,29-Sep-2016,780,CE,0,0,0,237.2,444.75,0,0,0,0,17-AUG-2016,
OPTSTK,HINDPETRO,29-Sep-2016,800,CE,0,0,0,219.9,424.95,0,0,0,0,17-AUG-2016,
OPTSTK,HINDPETRO,29-Sep-2016,820,CE,0,0,0,203.15,405.2,0,0,0,0,17-AUG-2016,
OPTSTK,HINDPETRO,29-Sep-2016,840,CE,0,0,0,186.95,385.5,0,0,0,0,17-AUG-2016,
OPTSTK,HINDPETRO,29-Sep-2016,860,CE,0,0,0,171.45,365.9,0,0,0,0,17-AUG-2016,
OPTSTK,HINDPETRO,29-Sep-2016,880,CE,0,0,0,156.7,346.35,0,0,0,0,17-AUG-2016,
OPTSTK,HINDPETRO,29-Sep-2016,900,CE,0,0,0,142.6,326.95,0,0,0,0,17-AUG-2016,
OPTSTK,HINDPETRO,29-Sep-2016,920,CE,0,0,0,129.3,307.75,0,0,0,0,17-AUG-2016,
OPTSTK,HINDPETRO,29-Sep-2016,940,CE,0,0,0,116.8,288.75,0,0,0,0,17-AUG-2016,
OPTSTK,HINDPETRO,29-Sep-2016,960,CE,0,0,0,105.15,270.05,0,0,0,0,17-AUG-2016,
OPTSTK,HINDPETRO,29-Sep-2016,980,CE,0,0,0,94.35,251.65,0,0,0,0,17-AUG-2016,
OPTSTK,HINDPETRO,29-Sep-2016,1000,CE,0,0,0,90,233.7,0,0,700,0,17-AUG-2016,
OPTSTK,HINDPETRO,29-Sep-2016,1020,CE,0,0,0,75.1,216.2,0,0,0,0,17-AUG-2016,
OPTSTK,HINDPETRO,29-Sep-2016,1040,CE,0,0,0,66.65,199.2,0,0,0,0,17-AUG-2016,
OPTSTK,HINDPETRO,29-Sep-2016,1060,CE,0,0,0,58.95,182.8,0,0,0,0,17-AUG-2016,
OPTSTK,HINDPETRO,29-Sep-2016,1080,CE,0,0,0,51.95,167.1,0,0,0,0,17-AUG-2016,
OPTSTK,HINDPETRO,29-Sep-2016,1100,CE,126,126,126,126,126,1,8.58,12600,0,17-AUG-2016,
OPTSTK,HINDPETRO,29-Sep-2016,1120,CE,0,0,0,115,137.85,0,0,1400,0,17-AUG-2016,
OPTSTK,HINDPETRO,29-Sep-2016,1140,CE,0,0,0,35,124.3,0,0,0,0,17-AUG-2016,
OPTSTK,HINDPETRO,29-Sep-2016,1160,CE,0,0,0,30.5,111.7,0,0,0,0,17-AUG-2016,
OPTSTK,HINDPETRO,29-Sep-2016,1180,CE,0,0,0,26.45,99.9,0,0,0,0,17-AUG-2016,
OPTSTK,HINDPETRO,29-Sep-2016,1200,CE,0,0,0,54,89,0,0,1400,0,17-AUG-2016,
OPTSTK,HINDPETRO,29-Sep-2016,1220,CE,60,60,60,60,60,1,8.96,4200,0,17-AUG-2016,
OPTSTK,HINDPETRO,29-Sep-2016,1240,CE,51.4,51.4,42.55,42.55,42.55,2,18.01,1400,1400,17-AUG-2016,
OPTSTK,HINDPETRO,29-Sep-2016,1260,CE,39,39,37.5,37.5,37.5,2,18.17,15400,700,17-AUG-2016,
OPTSTK,HINDPETRO,29-Sep-2016,1280,CE,0,0,0,32.5,53.6,0,0,4900,0,17-AUG-2016,
OPTSTK,HINDPETRO,29-Sep-2016,1300,CE,27,28.15,23.5,25,25,16,148.52,76300,6300,17-AUG-2016,
OPTSTK,HINDPETRO,29-Sep-2016,1320,CE,19,19,19,19,19,1,9.37,1400,700,17-AUG-2016,
OPTSTK,HINDPETRO,29-Sep-2016,1340,CE,20.95,20.95,16,16,16,8,76.04,32200,0,17-AUG-2016,
OPTSTK,HINDPETRO,29-Sep-2016,1360,CE,0,0,0,13.45,30.3,0,0,700,0,17-AUG-2016,
OPTSTK,HINDPETRO,29-Sep-2016,1380,CE,14.4,14.4,9.5,9.55,9.55,6,58.39,4900,1400,17-AUG-2016,
OPTSTK,HINDPETRO,29-Sep-2016,1400,CE,10.3,10.3,9,10,10,5,49.33,21700,3500,17-AUG-2016,
OPTSTK,HINDPETRO,29-Sep-2016,1420,CE,0,0,0,5.45,18.9,0,0,0,0,17-AUG-2016,
OPTSTK,HINDPETRO,29-Sep-2016,1440,CE,0,0,0,7.45,16.05,0,0,1400,0,17-AUG-2016,
OPTSTK,HINDPETRO,29-Sep-2016,1460,CE,0,0,0,3.05,13.55,0,0,0,0,17-AUG-2016,
OPTSTK,HINDPETRO,29-Sep-2016,1480,CE,0,0,0,2.4,11.45,0,0,0,0,17-AUG-2016,
OPTSTK,HINDPETRO,29-Sep-2016,1500,CE,0,0,0,4.3,9.6,0,0,0,0,17-AUG-2016,
OPTSTK,HINDPETRO,29-Sep-2016,1520,CE,0,0,0,3.65,8.05,0,0,0,0,17-AUG-2016,
OPTSTK,HINDPETRO,29-Sep-2016,600,PE,0,0,0,0.2,0,0,0,0,0,17-AUG-2016,
OPTSTK,HINDPETRO,29-Sep-2016,620,PE,0,0,0,0.3,0,0,0,0,0,17-AUG-2016,
OPTSTK,HINDPETRO,29-Sep-2016,640,PE,0,0,0,0.5,0,0,0,0,0,17-AUG-2016,
OPTSTK,HINDPETRO,29-Sep-2016,660,PE,0,0,0,0.8,0,0,0,0,0,17-AUG-2016,
OPTSTK,HINDPETRO,29-Sep-2016,680,PE,0,0,0,1.25,0,0,0,0,0,17-AUG-2016,
OPTSTK,HINDPETRO,29-Sep-2016,700,PE,0,0,0,1.85,0,0,0,0,0,17-AUG-2016,
OPTSTK,HINDPETRO,29-Sep-2016,720,PE,0,0,0,2.7,0.05,0,0,0,0,17-AUG-2016,
OPTSTK,HINDPETRO,29-Sep-2016,740,PE,0,0,0,3.8,0.05,0,0,0,0,17-AUG-2016,
OPTSTK,HINDPETRO,29-Sep-2016,760,PE,0,0,0,5.25,0.05,0,0,0,0,17-AUG-2016,
OPTSTK,HINDPETRO,29-Sep-2016,780,PE,0,0,0,7.15,0.1,0,0,0,0,17-AUG-2016,
OPTSTK,HINDPETRO,29-Sep-2016,800,PE,0,0,0,9.5,0.15,0,0,0,0,17-AUG-2016,
OPTSTK,HINDPETRO,29-Sep-2016,820,PE,0,0,0,12.4,0.25,0,0,0,0,17-AUG-2016,
OPTSTK,HINDPETRO,29-Sep-2016,840,PE,0,0,0,15.9,0.35,0,0,0,0,17-AUG-2016,
OPTSTK,HINDPETRO,29-Sep-2016,860,PE,0,0,0,20,0.6,0,0,0,0,17-AUG-2016,
OPTSTK,HINDPETRO,29-Sep-2016,880,PE,0,0,0,24.9,0.9,0,0,0,0,17-AUG-2016,
OPTSTK,HINDPETRO,29-Sep-2016,900,PE,0,0,0,30.45,1.35,0,0,0,0,17-AUG-2016,
OPTSTK,HINDPETRO,29-Sep-2016,920,PE,0,0,0,36.8,1.95,0,0,0,0,17-AUG-2016,
OPTSTK,HINDPETRO,29-Sep-2016,940,PE,0,0,0,43.95,2.8,0,0,0,0,17-AUG-2016,
OPTSTK,HINDPETRO,29-Sep-2016,960,PE,0,0,0,51.95,3.9,0,0,0,0,17-AUG-2016,
OPTSTK,HINDPETRO,29-Sep-2016,980,PE,0,0,0,60.75,5.4,0,0,0,0,17-AUG-2016,
OPTSTK,HINDPETRO,29-Sep-2016,1000,PE,0,0,0,70.4,7.25,0,0,0,0,17-AUG-2016,
OPTSTK,HINDPETRO,29-Sep-2016,1020,PE,0,0,0,80.8,9.55,0,0,0,0,17-AUG-2016,
OPTSTK,HINDPETRO,29-Sep-2016,1040,PE,0,0,0,10.55,12.45,0,0,8400,0,17-AUG-2016,
OPTSTK,HINDPETRO,29-Sep-2016,1060,PE,0,0,0,10,15.9,0,0,1400,0,17-AUG-2016,
OPTSTK,HINDPETRO,29-Sep-2016,1080,PE,0,0,0,15,20,0,0,1400,0,17-AUG-2016,
OPTSTK,HINDPETRO,29-Sep-2016,1100,PE,13,14.9,13,14.9,14.9,7,54.57,14000,4200,17-AUG-2016,
OPTSTK,HINDPETRO,29-Sep-2016,1120,PE,0,0,0,20,30.4,0,0,700,0,17-AUG-2016,
OPTSTK,HINDPETRO,29-Sep-2016,1140,PE,22.55,22.55,22.55,22.55,22.55,2,16.27,4900,0,17-AUG-2016,
OPTSTK,HINDPETRO,29-Sep-2016,1160,PE,29.5,29.5,29.5,29.5,29.5,2,16.65,14700,0,17-AUG-2016,
OPTSTK,HINDPETRO,29-Sep-2016,1180,PE,0,0,0,35.85,52,0,0,2100,0,17-AUG-2016,
OPTSTK,HINDPETRO,29-Sep-2016,1200,PE,43.05,46,40.55,45,45,10,87.02,16800,4900,17-AUG-2016,
OPTSTK,HINDPETRO,29-Sep-2016,1220,PE,0,0,0,42,70.65,0,0,2100,0,17-AUG-2016,
OPTSTK,HINDPETRO,29-Sep-2016,1240,PE,0,0,0,54.55,81.25,0,0,2800,0,17-AUG-2016,
OPTSTK,HINDPETRO,29-Sep-2016,1260,PE,76.4,80,76.4,80,80,2,18.73,2800,1400,17-AUG-2016,
OPTSTK,HINDPETRO,29-Sep-2016,1280,PE,0,0,0,273.7,104.9,0,0,0,0,17-AUG-2016,
OPTSTK,HINDPETRO,29-Sep-2016,1300,PE,0,0,0,127.9,117.85,0,0,7000,0,17-AUG-2016,
OPTSTK,HINDPETRO,29-Sep-2016,1320,PE,0,0,0,309.6,131.55,0,0,0,0,17-AUG-2016,
OPTSTK,HINDPETRO,29-Sep-2016,1340,PE,0,0,0,327.9,145.9,0,0,0,0,17-AUG-2016,
OPTSTK,HINDPETRO,29-Sep-2016,1360,PE,0,0,0,346.4,160.9,0,0,0,0,17-AUG-2016,
OPTSTK,HINDPETRO,29-Sep-2016,1380,PE,0,0,0,365,176.45,0,0,0,0,17-AUG-2016,
OPTSTK,HINDPETRO,29-Sep-2016,1400,PE,0,0,0,383.8,192.5,0,0,0,0,17-AUG-2016,
OPTSTK,HINDPETRO,29-Sep-2016,1420,PE,0,0,0,379.95,209.05,0,0,0,0,17-AUG-2016,
OPTSTK,HINDPETRO,29-Sep-2016,1440,PE,0,0,0,385.2,226.05,0,0,0,0,17-AUG-2016,
OPTSTK,HINDPETRO,29-Sep-2016,1460,PE,0,0,0,384.8,243.4,0,0,0,0,17-AUG-2016,
OPTSTK,HINDPETRO,29-Sep-2016,1480,PE,0,0,0,389.95,261.1,0,0,0,0,17-AUG-2016,
OPTSTK,HINDPETRO,29-Sep-2016,1500,PE,0,0,0,375.25,279.1,0,0,0,0,17-AUG-2016,
OPTSTK,HINDPETRO,29-Sep-2016,1520,PE,0,0,0,382.15,297.4,0,0,0,0,17-AUG-2016,
OPTSTK,HINDPETRO,27-Oct-2016,820,CE,0,0,0,424.85,410.7,0,0,0,0,17-AUG-2016,
OPTSTK,HINDPETRO,27-Oct-2016,840,CE,0,0,0,405.75,391.55,0,0,0,0,17-AUG-2016,
OPTSTK,HINDPETRO,27-Oct-2016,860,CE,0,0,0,386.8,372.55,0,0,0,0,17-AUG-2016,
OPTSTK,HINDPETRO,27-Oct-2016,880,CE,0,0,0,368,353.75,0,0,0,0,17-AUG-2016,
OPTSTK,HINDPETRO,27-Oct-2016,900,CE,0,0,0,349.5,335.25,0,0,0,0,17-AUG-2016,
OPTSTK,HINDPETRO,27-Oct-2016,920,CE,0,0,0,331.25,317,0,0,0,0,17-AUG-2016,
OPTSTK,HINDPETRO,27-Oct-2016,940,CE,0,0,0,313.3,299.05,0,0,0,0,17-AUG-2016,
OPTSTK,HINDPETRO,27-Oct-2016,960,CE,0,0,0,295.7,281.5,0,0,0,0,17-AUG-2016,
OPTSTK,HINDPETRO,27-Oct-2016,980,CE,0,0,0,278.45,264.4,0,0,0,0,17-AUG-2016,
OPTSTK,HINDPETRO,27-Oct-2016,1000,CE,0,0,0,261.7,247.75,0,0,0,0,17-AUG-2016,
OPTSTK,HINDPETRO,27-Oct-2016,1020,CE,0,0,0,245.35,231.55,0,0,0,0,17-AUG-2016,
OPTSTK,HINDPETRO,27-Oct-2016,1040,CE,0,0,0,229.55,215.9,0,0,0,0,17-AUG-2016,
OPTSTK,HINDPETRO,27-Oct-2016,1060,CE,0,0,0,214.25,200.85,0,0,0,0,17-AUG-2016,
OPTSTK,HINDPETRO,27-Oct-2016,1080,CE,0,0,0,199.6,186.4,0,0,0,0,17-AUG-2016,
OPTSTK,HINDPETRO,27-Oct-2016,1100,CE,0,0,0,185.45,172.55,0,0,0,0,17-AUG-2016,
OPTSTK,HINDPETRO,27-Oct-2016,1120,CE,0,0,0,171.85,159.3,0,0,0,0,17-AUG-2016,
OPTSTK,HINDPETRO,27-Oct-2016,1140,CE,0,0,0,159,146.7,0,0,0,0,17-AUG-2016,
OPTSTK,HINDPETRO,27-Oct-2016,1160,CE,0,0,0,146.75,134.85,0,0,0,0,17-AUG-2016,
OPTSTK,HINDPETRO,27-Oct-2016,1180,CE,0,0,0,135.1,123.6,0,0,0,0,17-AUG-2016,
OPTSTK,HINDPETRO,27-Oct-2016,1200,CE,0,0,0,124.15,113.05,0,0,0,0,17-AUG-2016,
OPTSTK,HINDPETRO,27-Oct-2016,1220,CE,0,0,0,113.85,103.15,0,0,0,0,17-AUG-2016,
OPTSTK,HINDPETRO,27-Oct-2016,1240,CE,0,0,0,104.15,93.95,0,0,0,0,17-AUG-2016,
OPTSTK,HINDPETRO,27-Oct-2016,1260,CE,0,0,0,95.1,85.3,0,0,0,0,17-AUG-2016,
OPTSTK,HINDPETRO,27-Oct-2016,1280,CE,0,0,0,86.6,77.35,0,0,0,0,17-AUG-2016,
OPTSTK,HINDPETRO,27-Oct-2016,1300,CE,0,0,0,78.75,69.95,0,0,0,0,17-AUG-2016,
OPTSTK,HINDPETRO,27-Oct-2016,1320,CE,0,0,0,71.45,63.1,0,0,0,0,17-AUG-2016,
OPTSTK,HINDPETRO,27-Oct-2016,1340,CE,0,0,0,64.7,56.85,0,0,0,0,17-AUG-2016,
OPTSTK,HINDPETRO,27-Oct-2016,1360,CE,0,0,0,58.5,51.1,0,0,0,0,17-AUG-2016,
OPTSTK,HINDPETRO,27-Oct-2016,1380,CE,0,0,0,52.8,45.8,0,0,0,0,17-AUG-2016,
OPTSTK,HINDPETRO,27-Oct-2016,1400,CE,0,0,0,47.55,41.1,0,0,0,0,17-AUG-2016,
OPTSTK,HINDPETRO,27-Oct-2016,1420,CE,0,0,0,42.8,36.75,0,0,0,0,17-AUG-2016,
OPTSTK,HINDPETRO,27-Oct-2016,1440,CE,0,0,0,38.45,32.75,0,0,0,0,17-AUG-2016,
OPTSTK,HINDPETRO,27-Oct-2016,1460,CE,0,0,0,34.45,29.15,0,0,0,0,17-AUG-2016,
OPTSTK,HINDPETRO,27-Oct-2016,1480,CE,0,0,0,30.8,25.95,0,0,0,0,17-AUG-2016,
OPTSTK,HINDPETRO,27-Oct-2016,1500,CE,0,0,0,27.5,23,0,0,0,0,17-AUG-2016,
OPTSTK,HINDPETRO,27-Oct-2016,1520,CE,0,0,0,24.55,20.4,0,0,0,0,17-AUG-2016,
OPTSTK,HINDPETRO,27-Oct-2016,820,PE,0,0,0,1.35,1.45,0,0,0,0,17-AUG-2016,
OPTSTK,HINDPETRO,27-Oct-2016,840,PE,0,0,0,1.9,2,0,0,0,0,17-AUG-2016,
OPTSTK,HINDPETRO,27-Oct-2016,860,PE,0,0,0,2.6,2.75,0,0,0,0,17-AUG-2016,
OPTSTK,HINDPETRO,27-Oct-2016,880,PE,0,0,0,3.5,3.7,0,0,0,0,17-AUG-2016,
OPTSTK,HINDPETRO,27-Oct-2016,900,PE,0,0,0,4.65,4.9,0,0,0,0,17-AUG-2016,
OPTSTK,HINDPETRO,27-Oct-2016,920,PE,0,0,0,6.05,6.35,0,0,0,0,17-AUG-2016,
OPTSTK,HINDPETRO,27-Oct-2016,940,PE,0,0,0,7.75,8.2,0,0,0,0,17-AUG-2016,
OPTSTK,HINDPETRO,27-Oct-2016,960,PE,0,0,0,9.8,10.35,0,0,0,0,17-AUG-2016,
OPTSTK,HINDPETRO,27-Oct-2016,980,PE,0,0,0,12.25,13,0,0,0,0,17-AUG-2016,
OPTSTK,HINDPETRO,27-Oct-2016,1000,PE,0,0,0,15.1,16.05,0,0,0,0,17-AUG-2016,
OPTSTK,HINDPETRO,27-Oct-2016,1020,PE,0,0,0,18.45,19.6,0,0,0,0,17-AUG-2016,
OPTSTK,HINDPETRO,27-Oct-2016,1040,PE,0,0,0,22.3,23.7,0,0,0,0,17-AUG-2016,
OPTSTK,HINDPETRO,27-Oct-2016,1060,PE,0,0,0,26.65,28.35,0,0,0,0,17-AUG-2016,
OPTSTK,HINDPETRO,27-Oct-2016,1080,PE,0,0,0,31.65,33.65,0,0,0,0,17-AUG-2016,
OPTSTK,HINDPETRO,27-Oct-2016,1100,PE,0,0,0,37.15,39.5,0,0,0,0,17-AUG-2016,
OPTSTK,HINDPETRO,27-Oct-2016,1120,PE,0,0,0,43.25,46,0,0,0,0,17-AUG-2016,
OPTSTK,HINDPETRO,27-Oct-2016,1140,PE,0,0,0,50,53.2,0,0,0,0,17-AUG-2016,
OPTSTK,HINDPETRO,27-Oct-2016,1160,PE,0,0,0,57.4,61,0,0,0,0,17-AUG-2016,
OPTSTK,HINDPETRO,27-Oct-2016,1180,PE,0,0,0,65.45,69.55,0,0,0,0,17-AUG-2016,
OPTSTK,HINDPETRO,27-Oct-2016,1200,PE,0,0,0,74.15,78.7,0,0,0,0,17-AUG-2016,
OPTSTK,HINDPETRO,27-Oct-2016,1220,PE,0,0,0,83.5,88.55,0,0,0,0,17-AUG-2016,
OPTSTK,HINDPETRO,27-Oct-2016,1240,PE,0,0,0,93.45,99.05,0,0,0,0,17-AUG-2016,
OPTSTK,HINDPETRO,27-Oct-2016,1260,PE,0,0,0,104.05,110.15,0,0,0,0,17-AUG-2016,
OPTSTK,HINDPETRO,27-Oct-2016,1280,PE,0,0,0,115.25,121.9,0,0,0,0,17-AUG-2016,
OPTSTK,HINDPETRO,27-Oct-2016,1300,PE,0,0,0,127.05,134.25,0,0,0,0,17-AUG-2016,
OPTSTK,HINDPETRO,27-Oct-2016,1320,PE,0,0,0,139.4,147.15,0,0,0,0,17-AUG-2016,
OPTSTK,HINDPETRO,27-Oct-2016,1340,PE,0,0,0,152.3,160.6,0,0,0,0,17-AUG-2016,
OPTSTK,HINDPETRO,27-Oct-2016,1360,PE,0,0,0,165.75,174.6,0,0,0,0,17-AUG-2016,
OPTSTK,HINDPETRO,27-Oct-2016,1380,PE,0,0,0,179.7,189.05,0,0,0,0,17-AUG-2016,
OPTSTK,HINDPETRO,27-Oct-2016,1400,PE,0,0,0,194.1,204.1,0,0,0,0,17-AUG-2016,
OPTSTK,HINDPETRO,27-Oct-2016,1420,PE,0,0,0,209,219.45,0,0,0,0,17-AUG-2016,
OPTSTK,HINDPETRO,27-Oct-2016,1440,PE,0,0,0,224.3,235.2,0,0,0,0,17-AUG-2016,
OPTSTK,HINDPETRO,27-Oct-2016,1460,PE,0,0,0,240,251.35,0,0,0,0,17-AUG-2016,
OPTSTK,HINDPETRO,27-Oct-2016,1480,PE,0,0,0,255.95,267.85,0,0,0,0,17-AUG-2016,
OPTSTK,HINDPETRO,27-Oct-2016,1500,PE,0,0,0,272.35,284.65,0,0,0,0,17-AUG-2016,
OPTSTK,HINDPETRO,27-Oct-2016,1520,PE,0,0,0,289,301.8,0,0,0,0,17-AUG-2016,
OPTSTK,HINDUNILVR,25-Aug-2016,580,CE,0,0,0,280.75,334.1,0,0,0,0,17-AUG-2016,
OPTSTK,HINDUNILVR,25-Aug-2016,600,CE,0,0,0,261.1,314.1,0,0,0,0,17-AUG-2016,
OPTSTK,HINDUNILVR,25-Aug-2016,620,CE,0,0,0,241.5,294.15,0,0,0,0,17-AUG-2016,
OPTSTK,HINDUNILVR,25-Aug-2016,640,CE,0,0,0,222,274.2,0,0,0,0,17-AUG-2016,
OPTSTK,HINDUNILVR,25-Aug-2016,660,CE,0,0,0,202.6,254.2,0,0,0,0,17-AUG-2016,
OPTSTK,HINDUNILVR,25-Aug-2016,680,CE,0,0,0,183.4,234.25,0,0,0,0,17-AUG-2016,
OPTSTK,HINDUNILVR,25-Aug-2016,700,CE,0,0,0,164.5,214.25,0,0,0,0,17-AUG-2016,
OPTSTK,HINDUNILVR,25-Aug-2016,720,CE,0,0,0,146.05,194.3,0,0,0,0,17-AUG-2016,
OPTSTK,HINDUNILVR,25-Aug-2016,740,CE,0,0,0,164.05,174.35,0,0,3000,0,17-AUG-2016,
OPTSTK,HINDUNILVR,25-Aug-2016,760,CE,0,0,0,111.3,154.35,0,0,0,0,17-AUG-2016,
OPTSTK,HINDUNILVR,25-Aug-2016,780,CE,0,0,0,95.35,134.4,0,0,0,0,17-AUG-2016,
OPTSTK,HINDUNILVR,25-Aug-2016,800,CE,0,0,0,100,114.4,0,0,0,0,17-AUG-2016,
OPTSTK,HINDUNILVR,25-Aug-2016,820,CE,0,0,0,67.1,94.45,0,0,0,0,17-AUG-2016,
OPTSTK,HINDUNILVR,25-Aug-2016,840,CE,0,0,0,77,74.5,0,0,3600,0,17-AUG-2016,
OPTSTK,HINDUNILVR,25-Aug-2016,860,CE,55,55,55,55,55,1,5.49,4800,-600,17-AUG-2016,
OPTSTK,HINDUNILVR,25-Aug-2016,880,CE,0,0,0,57,35.85,0,0,3600,0,17-AUG-2016,
OPTSTK,HINDUNILVR,25-Aug-2016,900,CE,23.65,25.55,19.05,20.05,20.05,19,105.02,22200,-2400,17-AUG-2016,
OPTSTK,HINDUNILVR,25-Aug-2016,920,CE,15,16.05,8.5,9.65,9.65,183,1021.81,121800,21000,17-AUG-2016,
OPTSTK,HINDUNILVR,25-Aug-2016,940,CE,7,7.4,3.9,4.35,4.35,438,2484.07,500400,52200,17-AUG-2016,
OPTSTK,HINDUNILVR,25-Aug-2016,960,CE,4.8,4.8,1.85,2.1,2.1,222,1282.13,248400,-21000,17-AUG-2016,
OPTSTK,HINDUNILVR,25-Aug-2016,980,CE,1.8,1.9,1.05,1.1,1.1,70,412.17,129000,-3600,17-AUG-2016,
OPTSTK,HINDUNILVR,25-Aug-2016,1000,CE,0.7,0.95,0.65,0.7,0.7,23,138.1,73200,-4200,17-AUG-2016,
OPTSTK,HINDUNILVR,25-Aug-2016,1020,CE,0.5,0.6,0.45,0.5,0.5,24,146.95,109800,-4200,17-AUG-2016,
OPTSTK,HINDUNILVR,25-Aug-2016,1040,CE,0.25,0.25,0.25,0.25,0.25,2,12.48,13200,-1200,17-AUG-2016,
OPTSTK,HINDUNILVR,25-Aug-2016,1060,CE,0,0,0,0.65,0,0,0,1800,0,17-AUG-2016,
OPTSTK,HINDUNILVR,25-Aug-2016,1080,CE,0,0,0,1.75,0,0,0,0,0,17-AUG-2016,
OPTSTK,HINDUNILVR,25-Aug-2016,1100,CE,0,0,0,0.1,0,0,0,1200,0,17-AUG-2016,
OPTSTK,HINDUNILVR,25-Aug-2016,1120,CE,0,0,0,0.8,0,0,0,0,0,17-AUG-2016,
OPTSTK,HINDUNILVR,25-Aug-2016,580,PE,0,0,0,0.05,0,0,0,0,0,17-AUG-2016,
OPTSTK,HINDUNILVR,25-Aug-2016,600,PE,0,0,0,0.05,0,0,0,0,0,17-AUG-2016,
OPTSTK,HINDUNILVR,25-Aug-2016,620,PE,0,0,0,0.1,0,0,0,0,0,17-AUG-2016,
OPTSTK,HINDUNILVR,25-Aug-2016,640,PE,0,0,0,0.25,0,0,0,0,0,17-AUG-2016,
OPTSTK,HINDUNILVR,25-Aug-2016,660,PE,0,0,0,0.45,0,0,0,0,0,17-AUG-2016,
OPTSTK,HINDUNILVR,25-Aug-2016,680,PE,0,0,0,0.9,0,0,0,0,0,17-AUG-2016,
OPTSTK,HINDUNILVR,25-Aug-2016,700,PE,0,0,0,1.65,0,0,0,0,0,17-AUG-2016,
OPTSTK,HINDUNILVR,25-Aug-2016,720,PE,0,0,0,2.85,0,0,0,0,0,17-AUG-2016,
OPTSTK,HINDUNILVR,25-Aug-2016,740,PE,0,0,0,4.7,0,0,0,0,0,17-AUG-2016,
OPTSTK,HINDUNILVR,25-Aug-2016,760,PE,0,0,0,7.4,0,0,0,0,0,17-AUG-2016,
OPTSTK,HINDUNILVR,25-Aug-2016,780,PE,0,0,0,3.7,0,0,0,600,0,17-AUG-2016,
OPTSTK,HINDUNILVR,25-Aug-2016,800,PE,0,0,0,15.95,0,0,0,0,0,17-AUG-2016,
OPTSTK,HINDUNILVR,25-Aug-2016,820,PE,0,0,0,22.15,0,0,0,0,0,17-AUG-2016,
OPTSTK,HINDUNILVR,25-Aug-2016,840,PE,0,0,0,0.45,0.05,0,0,27600,0,17-AUG-2016,
OPTSTK,HINDUNILVR,25-Aug-2016,860,PE,0.5,0.75,0.45,0.6,0.6,17,87.77,29400,-4200,17-AUG-2016,
OPTSTK,HINDUNILVR,25-Aug-2016,880,PE,1.2,2,1.2,1.7,1.7,42,222.18,50400,4800,17-AUG-2016,
OPTSTK,HINDUNILVR,25-Aug-2016,900,PE,3.9,6.2,3.45,5.5,5.5,174,944.68,99000,-7800,17-AUG-2016,
OPTSTK,HINDUNILVR,25-Aug-2016,920,PE,10.7,15.45,9.2,14.2,14.2,165,923.11,96000,-12000,17-AUG-2016,
OPTSTK,HINDUNILVR,25-Aug-2016,940,PE,23.2,29.55,21.35,28.65,28.65,24,139.1,19200,-7200,17-AUG-2016,
OPTSTK,HINDUNILVR,25-Aug-2016,960,PE,43.45,43.45,43.45,43.45,43.45,2,12.04,2400,1200,17-AUG-2016,
OPTSTK,HINDUNILVR,25-Aug-2016,980,PE,0,0,0,121.4,65.45,0,0,0,0,17-AUG-2016,
OPTSTK,HINDUNILVR,25-Aug-2016,1000,PE,0,0,0,138.6,85.35,0,0,0,0,17-AUG-2016,
OPTSTK,HINDUNILVR,25-Aug-2016,1020,PE,0,0,0,101.9,105.3,0,0,600,0,17-AUG-2016,
OPTSTK,HINDUNILVR,25-Aug-2016,1040,PE,0,0,0,174.6,125.25,0,0,0,0,17-AUG-2016,
OPTSTK,HINDUNILVR,25-Aug-2016,1060,PE,0,0,0,193.2,145.25,0,0,0,0,17-AUG-2016,
OPTSTK,HINDUNILVR,25-Aug-2016,1080,PE,0,0,0,212.1,165.2,0,0,0,0,17-AUG-2016,
OPTSTK,HINDUNILVR,25-Aug-2016,1100,PE,0,0,0,231.25,185.15,0,0,0,0,17-AUG-2016,
OPTSTK,HINDUNILVR,25-Aug-2016,1120,PE,0,0,0,250.5,205.15,0,0,0,0,17-AUG-2016,
OPTSTK,HINDUNILVR,29-Sep-2016,580,CE,0,0,0,328.8,337.9,0,0,0,0,17-AUG-2016,
OPTSTK,HINDUNILVR,29-Sep-2016,600,CE,0,0,0,309.2,318.1,0,0,0,0,17-AUG-2016,
OPTSTK,HINDUNILVR,29-Sep-2016,620,CE,0,0,0,289.55,298.25,0,0,0,0,17-AUG-2016,
OPTSTK,HINDUNILVR,29-Sep-2016,640,CE,0,0,0,269.95,278.4,0,0,0,0,17-AUG-2016,
OPTSTK,HINDUNILVR,29-Sep-2016,660,CE,0,0,0,250.35,258.55,0,0,0,0,17-AUG-2016,
OPTSTK,HINDUNILVR,29-Sep-2016,680,CE,0,0,0,230.9,238.75,0,0,0,0,17-AUG-2016,
OPTSTK,HINDUNILVR,29-Sep-2016,700,CE,0,0,0,211.55,218.9,0,0,0,0,17-AUG-2016,
OPTSTK,HINDUNILVR,29-Sep-2016,720,CE,0,0,0,192.4,199.05,0,0,0,0,17-AUG-2016,
OPTSTK,HINDUNILVR,29-Sep-2016,740,CE,0,0,0,173.55,179.25,0,0,0,0,17-AUG-2016,
OPTSTK,HINDUNILVR,29-Sep-2016,760,CE,0,0,0,155.2,159.45,0,0,0,0,17-AUG-2016,
OPTSTK,HINDUNILVR,29-Sep-2016,780,CE,0,0,0,137.45,139.7,0,0,0,0,17-AUG-2016,
OPTSTK,HINDUNILVR,29-Sep-2016,800,CE,0,0,0,120.45,120.2,0,0,0,0,17-AUG-2016,
OPTSTK,HINDUNILVR,29-Sep-2016,820,CE,0,0,0,104.4,101.1,0,0,0,0,17-AUG-2016,
OPTSTK,HINDUNILVR,29-Sep-2016,840,CE,0,0,0,89.45,82.75,0,0,0,0,17-AUG-2016,
OPTSTK,HINDUNILVR,29-Sep-2016,860,CE,0,0,0,75.7,65.6,0,0,0,0,17-AUG-2016,
OPTSTK,HINDUNILVR,29-Sep-2016,880,CE,0,0,0,63.3,50.2,0,0,0,0,17-AUG-2016,
OPTSTK,HINDUNILVR,29-Sep-2016,900,CE,0,0,0,52.25,36.8,0,0,0,0,17-AUG-2016,
OPTSTK,HINDUNILVR,29-Sep-2016,920,CE,0,0,0,42.6,25.85,0,0,0,0,17-AUG-2016,
OPTSTK,HINDUNILVR,29-Sep-2016,940,CE,20,22,16.5,17.25,17.25,17,97.77,9000,3600,17-AUG-2016,
OPTSTK,HINDUNILVR,29-Sep-2016,960,CE,14.5,14.5,11,11.25,11.25,8,46.63,8400,4800,17-AUG-2016,
OPTSTK,HINDUNILVR,29-Sep-2016,980,CE,0,0,0,16.25,6.75,0,0,1800,0,17-AUG-2016,
OPTSTK,HINDUNILVR,29-Sep-2016,1000,CE,0,0,0,12,3.95,0,0,3000,0,17-AUG-2016,
OPTSTK,HINDUNILVR,29-Sep-2016,1020,CE,0,0,0,4.9,2.15,0,0,600,0,17-AUG-2016,
OPTSTK,HINDUNILVR,29-Sep-2016,1040,CE,0,0,0,9.65,1.15,0,0,0,0,17-AUG-2016,
OPTSTK,HINDUNILVR,29-Sep-2016,1060,CE,0,0,0,7.2,0.6,0,0,0,0,17-AUG-2016,
OPTSTK,HINDUNILVR,29-Sep-2016,1080,CE,0,0,0,5.35,0.3,0,0,0,0,17-AUG-2016,
OPTSTK,HINDUNILVR,29-Sep-2016,1100,CE,0,0,0,3.9,0.15,0,0,0,0,17-AUG-2016,
OPTSTK,HINDUNILVR,29-Sep-2016,1120,CE,0,0,0,2.85,0.05,0,0,0,0,17-AUG-2016,
OPTSTK,HINDUNILVR,29-Sep-2016,580,PE,0,0,0,0.05,0,0,0,0,0,17-AUG-2016,
OPTSTK,HINDUNILVR,29-Sep-2016,600,PE,0,0,0,0.05,0,0,0,0,0,17-AUG-2016,
OPTSTK,HINDUNILVR,29-Sep-2016,620,PE,0,0,0,0.05,0,0,0,0,0,17-AUG-2016,
OPTSTK,HINDUNILVR,29-Sep-2016,640,PE,0,0,0,0.1,0,0,0,0,0,17-AUG-2016,
OPTSTK,HINDUNILVR,29-Sep-2016,660,PE,0,0,0,0.15,0,0,0,0,0,17-AUG-2016,
OPTSTK,HINDUNILVR,29-Sep-2016,680,PE,0,0,0,0.3,0,0,0,0,0,17-AUG-2016,
OPTSTK,HINDUNILVR,29-Sep-2016,700,PE,0,0,0,0.6,0,0,0,0,0,17-AUG-2016,
OPTSTK,HINDUNILVR,29-Sep-2016,720,PE,0,0,0,1.1,0,0,0,0,0,17-AUG-2016,
OPTSTK,HINDUNILVR,29-Sep-2016,740,PE,0,0,0,1.95,0.05,0,0,0,0,17-AUG-2016,
OPTSTK,HINDUNILVR,29-Sep-2016,760,PE,0,0,0,3.2,0.05,0,0,0,0,17-AUG-2016,
OPTSTK,HINDUNILVR,29-Sep-2016,780,PE,0,0,0,5.1,0.2,0,0,0,0,17-AUG-2016,
OPTSTK,HINDUNILVR,29-Sep-2016,800,PE,0,0,0,7.75,0.5,0,0,0,0,17-AUG-2016,
OPTSTK,HINDUNILVR,29-Sep-2016,820,PE,0,0,0,11.35,1.25,0,0,0,0,17-AUG-2016,
OPTSTK,HINDUNILVR,29-Sep-2016,840,PE,0,0,0,16.05,2.75,0,0,0,0,17-AUG-2016,
OPTSTK,HINDUNILVR,29-Sep-2016,860,PE,4.9,4.9,4.9,4.9,4.9,1,5.18,600,600,17-AUG-2016,
OPTSTK,HINDUNILVR,29-Sep-2016,880,PE,10.9,10.9,10.9,10.9,10.9,1,5.34,1200,600,17-AUG-2016,
OPTSTK,HINDUNILVR,29-Sep-2016,900,PE,27.9,27.9,12.75,16.7,16.7,18,99.19,10800,6000,17-AUG-2016,
OPTSTK,HINDUNILVR,29-Sep-2016,920,PE,23.1,23.1,23.1,23.1,23.1,1,5.65,1200,600,17-AUG-2016,
OPTSTK,HINDUNILVR,29-Sep-2016,940,PE,0,0,0,59.1,36.55,0,0,0,0,17-AUG-2016,
OPTSTK,HINDUNILVR,29-Sep-2016,960,PE,0,0,0,43.5,50.1,0,0,1200,0,17-AUG-2016,
OPTSTK,HINDUNILVR,29-Sep-2016,980,PE,0,0,0,85.5,65.65,0,0,0,0,17-AUG-2016,
OPTSTK,HINDUNILVR,29-Sep-2016,1000,PE,0,0,0,100.4,82.65,0,0,0,0,17-AUG-2016,
OPTSTK,HINDUNILVR,29-Sep-2016,1020,PE,0,0,0,116.15,100.7,0,0,0,0,17-AUG-2016,
OPTSTK,HINDUNILVR,29-Sep-2016,1040,PE,0,0,0,132.7,119.55,0,0,0,0,17-AUG-2016,
OPTSTK,HINDUNILVR,29-Sep-2016,1060,PE,0,0,0,149.95,138.8,0,0,0,0,17-AUG-2016,
OPTSTK,HINDUNILVR,29-Sep-2016,1080,PE,0,0,0,167.7,158.35,0,0,0,0,17-AUG-2016,
OPTSTK,HINDUNILVR,29-Sep-2016,1100,PE,0,0,0,185.95,178.05,0,0,0,0,17-AUG-2016,
OPTSTK,HINDUNILVR,29-Sep-2016,1120,PE,0,0,0,204.5,197.8,0,0,0,0,17-AUG-2016,
OPTSTK,HINDUNILVR,27-Oct-2016,580,CE,0,0,0,339.4,340.95,0,0,0,0,17-AUG-2016,
OPTSTK,HINDUNILVR,27-Oct-2016,600,CE,0,0,0,319.75,321.2,0,0,0,0,17-AUG-2016,
OPTSTK,HINDUNILVR,27-Oct-2016,620,CE,0,0,0,300.1,301.5,0,0,0,0,17-AUG-2016,
OPTSTK,HINDUNILVR,27-Oct-2016,640,CE,0,0,0,280.45,281.75,0,0,0,0,17-AUG-2016,
OPTSTK,HINDUNILVR,27-Oct-2016,660,CE,0,0,0,260.8,262,0,0,0,0,17-AUG-2016,
OPTSTK,HINDUNILVR,27-Oct-2016,680,CE,0,0,0,241.2,242.3,0,0,0,0,17-AUG-2016,
OPTSTK,HINDUNILVR,27-Oct-2016,700,CE,0,0,0,221.7,222.55,0,0,0,0,17-AUG-2016,
OPTSTK,HINDUNILVR,27-Oct-2016,720,CE,0,0,0,202.3,202.9,0,0,0,0,17-AUG-2016,
OPTSTK,HINDUNILVR,27-Oct-2016,740,CE,0,0,0,183.15,183.25,0,0,0,0,17-AUG-2016,
OPTSTK,HINDUNILVR,27-Oct-2016,760,CE,0,0,0,164.3,163.75,0,0,0,0,17-AUG-2016,
OPTSTK,HINDUNILVR,27-Oct-2016,780,CE,0,0,0,145.9,144.45,0,0,0,0,17-AUG-2016,
OPTSTK,HINDUNILVR,27-Oct-2016,800,CE,0,0,0,128.15,125.6,0,0,0,0,17-AUG-2016,
OPTSTK,HINDUNILVR,27-Oct-2016,820,CE,0,0,0,111.25,107.35,0,0,0,0,17-AUG-2016,
OPTSTK,HINDUNILVR,27-Oct-2016,840,CE,0,0,0,95.35,90.05,0,0,0,0,17-AUG-2016,
OPTSTK,HINDUNILVR,27-Oct-2016,860,CE,0,0,0,80.65,73.95,0,0,0,0,17-AUG-2016,
OPTSTK,HINDUNILVR,27-Oct-2016,880,CE,0,0,0,67.25,59.35,0,0,0,0,17-AUG-2016,
OPTSTK,HINDUNILVR,27-Oct-2016,900,CE,0,0,0,55.25,46.5,0,0,0,0,17-AUG-2016,
OPTSTK,HINDUNILVR,27-Oct-2016,920,CE,0,0,0,44.75,35.5,0,0,0,0,17-AUG-2016,
OPTSTK,HINDUNILVR,27-Oct-2016,940,CE,0,0,0,35.75,26.4,0,0,0,0,17-AUG-2016,
OPTSTK,HINDUNILVR,27-Oct-2016,960,CE,0,0,0,28.1,19.15,0,0,0,0,17-AUG-2016,
OPTSTK,HINDUNILVR,27-Oct-2016,980,CE,0,0,0,21.8,13.5,0,0,0,0,17-AUG-2016,
OPTSTK,HINDUNILVR,27-Oct-2016,1000,CE,0,0,0,16.7,9.25,0,0,0,0,17-AUG-2016,
OPTSTK,HINDUNILVR,27-Oct-2016,1020,CE,0,0,0,12.55,6.2,0,0,0,0,17-AUG-2016,
OPTSTK,HINDUNILVR,27-Oct-2016,1040,CE,0,0,0,9.3,4.05,0,0,0,0,17-AUG-2016,
OPTSTK,HINDUNILVR,27-Oct-2016,1060,CE,0,0,0,6.85,2.55,0,0,0,0,17-AUG-2016,
OPTSTK,HINDUNILVR,27-Oct-2016,1080,CE,0,0,0,4.95,1.6,0,0,0,0,17-AUG-2016,
OPTSTK,HINDUNILVR,27-Oct-2016,1100,CE,0,0,0,3.55,0.95,0,0,0,0,17-AUG-2016,
OPTSTK,HINDUNILVR,27-Oct-2016,1120,CE,0,0,0,2.5,0.6,0,0,0,0,17-AUG-2016,
OPTSTK,HINDUNILVR,27-Oct-2016,580,PE,0,0,0,0.05,0,0,0,0,0,17-AUG-2016,
OPTSTK,HINDUNILVR,27-Oct-2016,600,PE,0,0,0,0.05,0,0,0,0,0,17-AUG-2016,
OPTSTK,HINDUNILVR,27-Oct-2016,620,PE,0,0,0,0.05,0,0,0,0,0,17-AUG-2016,
OPTSTK,HINDUNILVR,27-Oct-2016,640,PE,0,0,0,0.05,0,0,0,0,0,17-AUG-2016,
OPTSTK,HINDUNILVR,27-Oct-2016,660,PE,0,0,0,0.05,0,0,0,0,0,17-AUG-2016,
OPTSTK,HINDUNILVR,27-Oct-2016,680,PE,0,0,0,0.15,0.05,0,0,0,0,17-AUG-2016,
OPTSTK,HINDUNILVR,27-Oct-2016,700,PE,0,0,0,0.25,0.05,0,0,0,0,17-AUG-2016,
OPTSTK,HINDUNILVR,27-Oct-2016,720,PE,0,0,0,0.55,0.1,0,0,0,0,17-AUG-2016,
OPTSTK,HINDUNILVR,27-Oct-2016,740,PE,0,0,0,1,0.15,0,0,0,0,17-AUG-2016,
OPTSTK,HINDUNILVR,27-Oct-2016,760,PE,0,0,0,1.8,0.4,0,0,0,0,17-AUG-2016,
OPTSTK,HINDUNILVR,27-Oct-2016,780,PE,0,0,0,3.1,0.85,0,0,0,0,17-AUG-2016,
OPTSTK,HINDUNILVR,27-Oct-2016,800,PE,0,0,0,5,1.7,0,0,0,0,17-AUG-2016,
OPTSTK,HINDUNILVR,27-Oct-2016,820,PE,0,0,0,7.75,3.25,0,0,0,0,17-AUG-2016,
OPTSTK,HINDUNILVR,27-Oct-2016,840,PE,0,0,0,11.5,5.65,0,0,0,0,17-AUG-2016,
OPTSTK,HINDUNILVR,27-Oct-2016,860,PE,0,0,0,16.5,9.3,0,0,0,0,17-AUG-2016,
OPTSTK,HINDUNILVR,27-Oct-2016,880,PE,0,0,0,22.7,14.4,0,0,0,0,17-AUG-2016,
OPTSTK,HINDUNILVR,27-Oct-2016,900,PE,0,0,0,30.4,21.3,0,0,0,0,17-AUG-2016,
OPTSTK,HINDUNILVR,27-Oct-2016,920,PE,0,0,0,39.55,30.05,0,0,0,0,17-AUG-2016,
OPTSTK,HINDUNILVR,27-Oct-2016,940,PE,0,0,0,50.2,40.7,0,0,0,0,17-AUG-2016,
OPTSTK,HINDUNILVR,27-Oct-2016,960,PE,0,0,0,62.2,53.15,0,0,0,0,17-AUG-2016,
OPTSTK,HINDUNILVR,27-Oct-2016,980,PE,0,0,0,75.55,67.25,0,0,0,0,17-AUG-2016,
OPTSTK,HINDUNILVR,27-Oct-2016,1000,PE,0,0,0,90.1,82.75,0,0,0,0,17-AUG-2016,
OPTSTK,HINDUNILVR,27-Oct-2016,1020,PE,0,0,0,105.65,99.4,0,0,0,0,17-AUG-2016,
OPTSTK,HINDUNILVR,27-Oct-2016,1040,PE,0,0,0,122.05,116.95,0,0,0,0,17-AUG-2016,
OPTSTK,HINDUNILVR,27-Oct-2016,1060,PE,0,0,0,139.2,135.25,0,0,0,0,17-AUG-2016,
OPTSTK,HINDUNILVR,27-Oct-2016,1080,PE,0,0,0,157,154,0,0,0,0,17-AUG-2016,
OPTSTK,HINDUNILVR,27-Oct-2016,1100,PE,0,0,0,175.25,173.1,0,0,0,0,17-AUG-2016,
OPTSTK,HINDUNILVR,27-Oct-2016,1120,PE,0,0,0,193.85,192.45,0,0,0,0,17-AUG-2016,
OPTSTK,HINDZINC,25-Aug-2016,100,CE,0,0,0,68.75,123.3,0,0,0,0,17-AUG-2016,
OPTSTK,HINDZINC,25-Aug-2016,105,CE,0,0,0,63.85,118.35,0,0,0,0,17-AUG-2016,
OPTSTK,HINDZINC,25-Aug-2016,110,CE,0,0,0,58.95,113.35,0,0,0,0,17-AUG-2016,
OPTSTK,HINDZINC,25-Aug-2016,115,CE,0,0,0,54.05,108.35,0,0,0,0,17-AUG-2016,
OPTSTK,HINDZINC,25-Aug-2016,120,CE,0,0,0,49.2,103.35,0,0,0,0,17-AUG-2016,
OPTSTK,HINDZINC,25-Aug-2016,125,CE,0,0,0,44.4,98.35,0,0,0,0,17-AUG-2016,
OPTSTK,HINDZINC,25-Aug-2016,130,CE,0,0,0,39.7,93.35,0,0,0,0,17-AUG-2016,
OPTSTK,HINDZINC,25-Aug-2016,135,CE,0,0,0,35.1,88.35,0,0,0,0,17-AUG-2016,
OPTSTK,HINDZINC,25-Aug-2016,140,CE,0,0,0,30.7,83.4,0,0,0,0,17-AUG-2016,
OPTSTK,HINDZINC,25-Aug-2016,145,CE,0,0,0,26.5,78.4,0,0,0,0,17-AUG-2016,
OPTSTK,HINDZINC,25-Aug-2016,150,CE,0,0,0,22.55,73.4,0,0,0,0,17-AUG-2016,
OPTSTK,HINDZINC,25-Aug-2016,155,CE,0,0,0,19,68.4,0,0,0,0,17-AUG-2016,
OPTSTK,HINDZINC,25-Aug-2016,160,CE,0,0,0,15.75,63.4,0,0,0,0,17-AUG-2016,
OPTSTK,HINDZINC,25-Aug-2016,165,CE,0,0,0,12.85,58.4,0,0,0,0,17-AUG-2016,
OPTSTK,HINDZINC,25-Aug-2016,170,CE,0,0,0,10.4,53.4,0,0,0,0,17-AUG-2016,
OPTSTK,HINDZINC,25-Aug-2016,175,CE,0,0,0,8.25,48.45,0,0,0,0,17-AUG-2016,
OPTSTK,HINDZINC,25-Aug-2016,180,CE,0,0,0,28.5,43.45,0,0,3200,0,17-AUG-2016,
OPTSTK,HINDZINC,25-Aug-2016,185,CE,0,0,0,34.45,38.45,0,0,0,0,17-AUG-2016,
OPTSTK,HINDZINC,25-Aug-2016,190,CE,0,0,0,29.4,33.45,0,0,19200,0,17-AUG-2016,
OPTSTK,HINDZINC,25-Aug-2016,195,CE,0,0,0,19.35,28.5,0,0,22400,0,17-AUG-2016,
OPTSTK,HINDZINC,25-Aug-2016,200,CE,0,0,0,20.55,23.65,0,0,22400,0,17-AUG-2016,
OPTSTK,HINDZINC,25-Aug-2016,205,CE,21,21,17.5,18.55,18.55,3,21.5,25600,-9600,17-AUG-2016,
OPTSTK,HINDZINC,25-Aug-2016,210,CE,17,17,14,14,14,2,14.43,163200,-6400,17-AUG-2016,
OPTSTK,HINDZINC,25-Aug-2016,215,CE,0,0,0,8.9,10.65,0,0,32000,0,17-AUG-2016,
OPTSTK,HINDZINC,25-Aug-2016,220,CE,8.2,8.65,5.1,7,7,21,152.56,188800,-3200,17-AUG-2016,
OPTSTK,HINDZINC,25-Aug-2016,225,CE,7.5,7.5,3.1,4.4,4.4,28,205.76,67200,25600,17-AUG-2016,
OPTSTK,HINDZINC,25-Aug-2016,230,CE,4.6,4.6,2.05,2.7,2.7,72,536.56,208000,89600,17-AUG-2016,
OPTSTK,HINDZINC,25-Aug-2016,235,CE,2.75,3.25,1.1,1.45,1.45,15,113.79,41600,12800,17-AUG-2016,
OPTSTK,HINDZINC,25-Aug-2016,240,CE,2,2.3,0.65,0.7,0.7,9,69.48,105600,-6400,17-AUG-2016,
OPTSTK,HINDZINC,25-Aug-2016,245,CE,0.3,0.5,0.3,0.4,0.4,2,15.7,76800,0,17-AUG-2016,
OPTSTK,HINDZINC,25-Aug-2016,250,CE,0,0,0,0.55,0.2,0,0,12800,0,17-AUG-2016,
OPTSTK,HINDZINC,25-Aug-2016,255,CE,0,0,0,0.2,0.1,0,0,0,0,17-AUG-2016,
OPTSTK,HINDZINC,25-Aug-2016,260,CE,0,0,0,0.1,0.05,0,0,0,0,17-AUG-2016,
OPTSTK,HINDZINC,25-Aug-2016,265,CE,0,0,0,0.1,0.05,0,0,0,0,17-AUG-2016,
OPTSTK,HINDZINC,25-Aug-2016,100,PE,0,0,0,0.05,0,0,0,0,0,17-AUG-2016,
OPTSTK,HINDZINC,25-Aug-2016,105,PE,0,0,0,0.05,0,0,0,0,0,17-AUG-2016,
OPTSTK,HINDZINC,25-Aug-2016,110,PE,0,0,0,0.05,0,0,0,0,0,17-AUG-2016,
OPTSTK,HINDZINC,25-Aug-2016,115,PE,0,0,0,0.05,0,0,0,0,0,17-AUG-2016,
OPTSTK,HINDZINC,25-Aug-2016,120,PE,0,0,0,0.1,0,0,0,0,0,17-AUG-2016,
OPTSTK,HINDZINC,25-Aug-2016,125,PE,0,0,0,0.2,0,0,0,0,0,17-AUG-2016,
OPTSTK,HINDZINC,25-Aug-2016,130,PE,0,0,0,0.4,0,0,0,0,0,17-AUG-2016,
OPTSTK,HINDZINC,25-Aug-2016,135,PE,0,0,0,0.75,0,0,0,0,0,17-AUG-2016,
OPTSTK,HINDZINC,25-Aug-2016,140,PE,0,0,0,1.25,0,0,0,0,0,17-AUG-2016,
OPTSTK,HINDZINC,25-Aug-2016,145,PE,0,0,0,1.95,0,0,0,0,0,17-AUG-2016,
OPTSTK,HINDZINC,25-Aug-2016,150,PE,0,0,0,2.95,0,0,0,0,0,17-AUG-2016,
OPTSTK,HINDZINC,25-Aug-2016,155,PE,0,0,0,4.25,0,0,0,0,0,17-AUG-2016,
OPTSTK,HINDZINC,25-Aug-2016,160,PE,0,0,0,5.95,0,0,0,0,0,17-AUG-2016,
OPTSTK,HINDZINC,25-Aug-2016,165,PE,0,0,0,8,0,0,0,0,0,17-AUG-2016,
OPTSTK,HINDZINC,25-Aug-2016,170,PE,0,0,0,1.35,0,0,0,3200,0,17-AUG-2016,
OPTSTK,HINDZINC,25-Aug-2016,175,PE,0,0,0,13.2,0,0,0,0,0,17-AUG-2016,
OPTSTK,HINDZINC,25-Aug-2016,180,PE,0,0,0,16.3,0,0,0,0,0,17-AUG-2016,
OPTSTK,HINDZINC,25-Aug-2016,185,PE,0,0,0,0.5,0,0,0,6400,0,17-AUG-2016,
OPTSTK,HINDZINC,25-Aug-2016,190,PE,0,0,0,0.25,0.05,0,0,80000,0,17-AUG-2016,
OPTSTK,HINDZINC,25-Aug-2016,195,PE,0,0,0,0.1,0.1,0,0,86400,0,17-AUG-2016,
OPTSTK,HINDZINC,25-Aug-2016,200,PE,0.2,0.2,0.2,0.2,0.2,1,6.4,147200,3200,17-AUG-2016,
OPTSTK,HINDZINC,25-Aug-2016,205,PE,0.2,0.2,0.2,0.2,0.2,1,6.56,76800,0,17-AUG-2016,
OPTSTK,HINDZINC,25-Aug-2016,210,PE,0.5,0.9,0.45,0.45,0.45,6,40.45,102400,-6400,17-AUG-2016,
OPTSTK,HINDZINC,25-Aug-2016,215,PE,1.4,1.4,1.4,1.4,1.4,2,13.84,38400,0,17-AUG-2016,
OPTSTK,HINDZINC,25-Aug-2016,220,PE,2.65,4,2.25,2.95,2.95,32,228.2,96000,16000,17-AUG-2016,
OPTSTK,HINDZINC,25-Aug-2016,225,PE,4.5,5.5,4.4,4.95,4.95,14,102.9,54400,22400,17-AUG-2016,
OPTSTK,HINDZINC,25-Aug-2016,230,PE,7.7,10,7.7,10,10,5,38.13,9600,-6400,17-AUG-2016,
OPTSTK,HINDZINC,25-Aug-2016,235,PE,0,0,0,64.1,13.15,0,0,0,0,17-AUG-2016,
OPTSTK,HINDZINC,25-Aug-2016,240,PE,0,0,0,24.75,17.4,0,0,3200,0,17-AUG-2016,
OPTSTK,HINDZINC,25-Aug-2016,245,PE,0,0,0,64.75,21.95,0,0,0,0,17-AUG-2016,
OPTSTK,HINDZINC,25-Aug-2016,250,PE,0,0,0,66.85,26.7,0,0,0,0,17-AUG-2016,
OPTSTK,HINDZINC,25-Aug-2016,255,PE,0,0,0,67.7,31.55,0,0,0,0,17-AUG-2016,
OPTSTK,HINDZINC,25-Aug-2016,260,PE,0,0,0,67.8,36.5,0,0,0,0,17-AUG-2016,
OPTSTK,HINDZINC,25-Aug-2016,265,PE,0,0,0,67.5,41.5,0,0,0,0,17-AUG-2016,
OPTSTK,HINDZINC,29-Sep-2016,110,CE,0,0,0,72.5,114.05,0,0,0,0,17-AUG-2016,
OPTSTK,HINDZINC,29-Sep-2016,115,CE,0,0,0,67.6,109.1,0,0,0,0,17-AUG-2016,
OPTSTK,HINDZINC,29-Sep-2016,120,CE,0,0,0,62.75,104.15,0,0,0,0,17-AUG-2016,
OPTSTK,HINDZINC,29-Sep-2016,125,CE,0,0,0,57.9,99.2,0,0,0,0,17-AUG-2016,
OPTSTK,HINDZINC,29-Sep-2016,130,CE,0,0,0,53.05,94.2,0,0,0,0,17-AUG-2016,
OPTSTK,HINDZINC,29-Sep-2016,135,CE,0,0,0,48.3,89.25,0,0,0,0,17-AUG-2016,
OPTSTK,HINDZINC,29-Sep-2016,140,CE,0,0,0,43.65,84.3,0,0,0,0,17-AUG-2016,
OPTSTK,HINDZINC,29-Sep-2016,145,CE,0,0,0,39.15,79.35,0,0,0,0,17-AUG-2016,
OPTSTK,HINDZINC,29-Sep-2016,150,CE,0,0,0,34.8,74.4,0,0,0,0,17-AUG-2016,
OPTSTK,HINDZINC,29-Sep-2016,155,CE,0,0,0,30.65,69.45,0,0,0,0,17-AUG-2016,
OPTSTK,HINDZINC,29-Sep-2016,160,CE,0,0,0,26.7,64.55,0,0,0,0,17-AUG-2016,
OPTSTK,HINDZINC,29-Sep-2016,165,CE,0,0,0,23.1,59.65,0,0,0,0,17-AUG-2016,
OPTSTK,HINDZINC,29-Sep-2016,170,CE,0,0,0,19.75,54.8,0,0,0,0,17-AUG-2016,
OPTSTK,HINDZINC,29-Sep-2016,175,CE,0,0,0,16.75,50.05,0,0,0,0,17-AUG-2016,
OPTSTK,HINDZINC,29-Sep-2016,180,CE,0,0,0,14.05,45.35,0,0,0,0,17-AUG-2016,
OPTSTK,HINDZINC,29-Sep-2016,185,CE,0,0,0,11.65,40.8,0,0,0,0,17-AUG-2016,
OPTSTK,HINDZINC,29-Sep-2016,190,CE,0,0,0,9.6,36.4,0,0,0,0,17-AUG-2016,
OPTSTK,HINDZINC,29-Sep-2016,195,CE,0,0,0,7.85,32.2,0,0,0,0,17-AUG-2016,
OPTSTK,HINDZINC,29-Sep-2016,200,CE,0,0,0,6.35,28.25,0,0,0,0,17-AUG-2016,
OPTSTK,HINDZINC,29-Sep-2016,205,CE,0,0,0,5.1,24.5,0,0,0,0,17-AUG-2016,
OPTSTK,HINDZINC,29-Sep-2016,210,CE,0,0,0,4.05,21.1,0,0,0,0,17-AUG-2016,
OPTSTK,HINDZINC,29-Sep-2016,215,CE,0,0,0,3.2,17.95,0,0,0,0,17-AUG-2016,
OPTSTK,HINDZINC,29-Sep-2016,220,CE,0,0,0,2.5,15.15,0,0,0,0,17-AUG-2016,
OPTSTK,HINDZINC,29-Sep-2016,225,CE,0,0,0,1.95,12.65,0,0,0,0,17-AUG-2016,
OPTSTK,HINDZINC,29-Sep-2016,230,CE,8.8,8.8,7,7.35,7.35,3,22.83,3200,0,17-AUG-2016,
OPTSTK,HINDZINC,29-Sep-2016,235,CE,0,0,0,1.15,8.6,0,0,0,0,17-AUG-2016,
OPTSTK,HINDZINC,29-Sep-2016,240,CE,0,0,0,7.1,7,0,0,0,0,17-AUG-2016,
OPTSTK,HINDZINC,29-Sep-2016,245,CE,0,0,0,0.65,5.6,0,0,0,0,17-AUG-2016,
OPTSTK,HINDZINC,29-Sep-2016,250,CE,0,0,0,0.5,4.5,0,0,0,0,17-AUG-2016,
OPTSTK,HINDZINC,29-Sep-2016,255,CE,0,0,0,0.9,3.55,0,0,0,0,17-AUG-2016,
OPTSTK,HINDZINC,29-Sep-2016,260,CE,0,0,0,0.5,2.8,0,0,0,0,17-AUG-2016,
OPTSTK,HINDZINC,29-Sep-2016,265,CE,0,0,0,0.7,2.15,0,0,0,0,17-AUG-2016,
OPTSTK,HINDZINC,29-Sep-2016,110,PE,0,0,0,0.05,0,0,0,0,0,17-AUG-2016,
OPTSTK,HINDZINC,29-Sep-2016,115,PE,0,0,0,0.05,0,0,0,0,0,17-AUG-2016,
OPTSTK,HINDZINC,29-Sep-2016,120,PE,0,0,0,0.05,0,0,0,0,0,17-AUG-2016,
OPTSTK,HINDZINC,29-Sep-2016,125,PE,0,0,0,0.1,0,0,0,0,0,17-AUG-2016,
OPTSTK,HINDZINC,29-Sep-2016,130,PE,0,0,0,0.2,0,0,0,0,0,17-AUG-2016,
OPTSTK,HINDZINC,29-Sep-2016,135,PE,0,0,0,0.4,0,0,0,0,0,17-AUG-2016,
OPTSTK,HINDZINC,29-Sep-2016,140,PE,0,0,0,0.65,0,0,0,0,0,17-AUG-2016,
OPTSTK,HINDZINC,29-Sep-2016,145,PE,0,0,0,1,0.05,0,0,0,0,17-AUG-2016,
OPTSTK,HINDZINC,29-Sep-2016,150,PE,0,0,0,1.6,0.05,0,0,0,0,17-AUG-2016,
OPTSTK,HINDZINC,29-Sep-2016,155,PE,0,0,0,2.35,0.05,0,0,0,0,17-AUG-2016,
OPTSTK,HINDZINC,29-Sep-2016,160,PE,0,0,0,3.35,0.1,0,0,0,0,17-AUG-2016,
OPTSTK,HINDZINC,29-Sep-2016,165,PE,0,0,0,4.65,0.15,0,0,0,0,17-AUG-2016,
OPTSTK,HINDZINC,29-Sep-2016,170,PE,0,0,0,6.2,0.3,0,0,0,0,17-AUG-2016,
OPTSTK,HINDZINC,29-Sep-2016,175,PE,0,0,0,8.1,0.45,0,0,0,0,17-AUG-2016,
OPTSTK,HINDZINC,29-Sep-2016,180,PE,0,0,0,10.3,0.75,0,0,0,0,17-AUG-2016,
OPTSTK,HINDZINC,29-Sep-2016,185,PE,0,0,0,12.85,1.15,0,0,0,0,17-AUG-2016,
OPTSTK,HINDZINC,29-Sep-2016,190,PE,0,0,0,15.7,1.7,0,0,0,0,17-AUG-2016,
OPTSTK,HINDZINC,29-Sep-2016,195,PE,0,0,0,18.85,2.45,0,0,0,0,17-AUG-2016,
OPTSTK,HINDZINC,29-Sep-2016,200,PE,0,0,0,22.25,3.45,0,0,0,0,17-AUG-2016,
OPTSTK,HINDZINC,29-Sep-2016,205,PE,0,0,0,25.9,4.7,0,0,0,0,17-AUG-2016,
OPTSTK,HINDZINC,29-Sep-2016,210,PE,0,0,0,5,6.25,0,0,3200,0,17-AUG-2016,
OPTSTK,HINDZINC,29-Sep-2016,215,PE,0,0,0,4.15,8.1,0,0,3200,0,17-AUG-2016,
OPTSTK,HINDZINC,29-Sep-2016,220,PE,7.5,7.5,7.5,7.5,7.5,1,7.28,6400,3200,17-AUG-2016,
OPTSTK,HINDZINC,29-Sep-2016,225,PE,0,0,0,42.4,12.7,0,0,0,0,17-AUG-2016,
OPTSTK,HINDZINC,29-Sep-2016,230,PE,10.65,10.65,10.65,10.65,10.65,1,7.7,6400,3200,17-AUG-2016,
OPTSTK,HINDZINC,29-Sep-2016,235,PE,0,0,0,51.45,18.55,0,0,0,0,17-AUG-2016,
OPTSTK,HINDZINC,29-Sep-2016,240,PE,0,0,0,56.1,21.9,0,0,0,0,17-AUG-2016,
OPTSTK,HINDZINC,29-Sep-2016,245,PE,0,0,0,60.8,25.5,0,0,0,0,17-AUG-2016,
OPTSTK,HINDZINC,29-Sep-2016,250,PE,0,0,0,65.55,29.3,0,0,0,0,17-AUG-2016,
OPTSTK,HINDZINC,29-Sep-2016,255,PE,0,0,0,66.7,33.35,0,0,0,0,17-AUG-2016,
OPTSTK,HINDZINC,29-Sep-2016,260,PE,0,0,0,66.5,37.55,0,0,0,0,17-AUG-2016,
OPTSTK,HINDZINC,29-Sep-2016,265,PE,0,0,0,66.35,41.85,0,0,0,0,17-AUG-2016,
OPTSTK,HINDZINC,27-Oct-2016,135,CE,0,0,0,70.1,90,0,0,0,0,17-AUG-2016,
OPTSTK,HINDZINC,27-Oct-2016,140,CE,0,0,0,65.25,85.1,0,0,0,0,17-AUG-2016,
OPTSTK,HINDZINC,27-Oct-2016,145,CE,0,0,0,60.5,80.2,0,0,0,0,17-AUG-2016,
OPTSTK,HINDZINC,27-Oct-2016,150,CE,0,0,0,55.85,75.3,0,0,0,0,17-AUG-2016,
OPTSTK,HINDZINC,27-Oct-2016,155,CE,0,0,0,51.25,70.5,0,0,0,0,17-AUG-2016,
OPTSTK,HINDZINC,27-Oct-2016,160,CE,0,0,0,46.8,65.7,0,0,0,0,17-AUG-2016,
OPTSTK,HINDZINC,27-Oct-2016,165,CE,0,0,0,42.5,60.95,0,0,0,0,17-AUG-2016,
OPTSTK,HINDZINC,27-Oct-2016,170,CE,0,0,0,38.35,56.35,0,0,0,0,17-AUG-2016,
OPTSTK,HINDZINC,27-Oct-2016,175,CE,0,0,0,34.4,51.8,0,0,0,0,17-AUG-2016,
OPTSTK,HINDZINC,27-Oct-2016,180,CE,0,0,0,30.7,47.4,0,0,0,0,17-AUG-2016,
OPTSTK,HINDZINC,27-Oct-2016,185,CE,0,0,0,27.25,43.2,0,0,0,0,17-AUG-2016,
OPTSTK,HINDZINC,27-Oct-2016,190,CE,0,0,0,24,39.1,0,0,0,0,17-AUG-2016,
OPTSTK,HINDZINC,27-Oct-2016,195,CE,0,0,0,21,35.25,0,0,0,0,17-AUG-2016,
OPTSTK,HINDZINC,27-Oct-2016,200,CE,0,0,0,18.3,31.6,0,0,0,0,17-AUG-2016,
OPTSTK,HINDZINC,27-Oct-2016,205,CE,0,0,0,15.85,28.15,0,0,0,0,17-AUG-2016,
OPTSTK,HINDZINC,27-Oct-2016,210,CE,0,0,0,13.65,24.95,0,0,0,0,17-AUG-2016,
OPTSTK,HINDZINC,27-Oct-2016,215,CE,0,0,0,11.7,22,0,0,0,0,17-AUG-2016,
OPTSTK,HINDZINC,27-Oct-2016,220,CE,0,0,0,9.95,19.3,0,0,0,0,17-AUG-2016,
OPTSTK,HINDZINC,27-Oct-2016,225,CE,0,0,0,8.45,16.8,0,0,0,0,17-AUG-2016,
OPTSTK,HINDZINC,27-Oct-2016,230,CE,0,0,0,7.1,14.6,0,0,0,0,17-AUG-2016,
OPTSTK,HINDZINC,27-Oct-2016,235,CE,0,0,0,5.95,12.6,0,0,0,0,17-AUG-2016,
OPTSTK,HINDZINC,27-Oct-2016,240,CE,0,0,0,5,10.85,0,0,0,0,17-AUG-2016,
OPTSTK,HINDZINC,27-Oct-2016,245,CE,0,0,0,4.15,9.25,0,0,0,0,17-AUG-2016,
OPTSTK,HINDZINC,27-Oct-2016,250,CE,0,0,0,3.45,7.9,0,0,0,0,17-AUG-2016,
OPTSTK,HINDZINC,27-Oct-2016,255,CE,0,0,0,2.85,6.7,0,0,0,0,17-AUG-2016,
OPTSTK,HINDZINC,27-Oct-2016,260,CE,0,0,0,2.3,5.65,0,0,0,0,17-AUG-2016,
OPTSTK,HINDZINC,27-Oct-2016,265,CE,0,0,0,1.9,4.75,0,0,0,0,17-AUG-2016,
OPTSTK,HINDZINC,27-Oct-2016,135,PE,0,0,0,0.15,0.05,0,0,0,0,17-AUG-2016,
OPTSTK,HINDZINC,27-Oct-2016,140,PE,0,0,0,0.25,0.05,0,0,0,0,17-AUG-2016,
OPTSTK,HINDZINC,27-Oct-2016,145,PE,0,0,0,0.4,0.1,0,0,0,0,17-AUG-2016,
OPTSTK,HINDZINC,27-Oct-2016,150,PE,0,0,0,0.65,0.15,0,0,0,0,17-AUG-2016,
OPTSTK,HINDZINC,27-Oct-2016,155,PE,0,0,0,1,0.25,0,0,0,0,17-AUG-2016,
OPTSTK,HINDZINC,27-Oct-2016,160,PE,0,0,0,1.45,0.4,0,0,0,0,17-AUG-2016,
OPTSTK,HINDZINC,27-Oct-2016,165,PE,0,0,0,2.05,0.6,0,0,0,0,17-AUG-2016,
OPTSTK,HINDZINC,27-Oct-2016,170,PE,0,0,0,2.85,0.9,0,0,0,0,17-AUG-2016,
OPTSTK,HINDZINC,27-Oct-2016,175,PE,0,0,0,3.8,1.35,0,0,0,0,17-AUG-2016,
OPTSTK,HINDZINC,27-Oct-2016,180,PE,0,0,0,5,1.85,0,0,0,0,17-AUG-2016,
OPTSTK,HINDZINC,27-Oct-2016,185,PE,0,0,0,6.45,2.55,0,0,0,0,17-AUG-2016,
OPTSTK,HINDZINC,27-Oct-2016,190,PE,0,0,0,8.15,3.45,0,0,0,0,17-AUG-2016,
OPTSTK,HINDZINC,27-Oct-2016,195,PE,0,0,0,10.05,4.5,0,0,0,0,17-AUG-2016,
OPTSTK,HINDZINC,27-Oct-2016,200,PE,0,0,0,12.25,5.75,0,0,0,0,17-AUG-2016,
OPTSTK,HINDZINC,27-Oct-2016,205,PE,0,0,0,14.75,7.25,0,0,0,0,17-AUG-2016,
OPTSTK,HINDZINC,27-Oct-2016,210,PE,0,0,0,17.45,9,0,0,0,0,17-AUG-2016,
OPTSTK,HINDZINC,27-Oct-2016,215,PE,0,0,0,20.4,11,0,0,0,0,17-AUG-2016,
OPTSTK,HINDZINC,27-Oct-2016,220,PE,0,0,0,23.55,13.2,0,0,0,0,17-AUG-2016,
OPTSTK,HINDZINC,27-Oct-2016,225,PE,0,0,0,26.95,15.65,0,0,0,0,17-AUG-2016,
OPTSTK,HINDZINC,27-Oct-2016,230,PE,0,0,0,30.55,18.4,0,0,0,0,17-AUG-2016,
OPTSTK,HINDZINC,27-Oct-2016,235,PE,0,0,0,34.35,21.3,0,0,0,0,17-AUG-2016,
OPTSTK,HINDZINC,27-Oct-2016,240,PE,0,0,0,38.25,24.5,0,0,0,0,17-AUG-2016,
OPTSTK,HINDZINC,27-Oct-2016,245,PE,0,0,0,42.35,27.85,0,0,0,0,17-AUG-2016,
OPTSTK,HINDZINC,27-Oct-2016,250,PE,0,0,0,46.55,31.4,0,0,0,0,17-AUG-2016,
OPTSTK,HINDZINC,27-Oct-2016,255,PE,0,0,0,50.85,35.15,0,0,0,0,17-AUG-2016,
OPTSTK,HINDZINC,27-Oct-2016,260,PE,0,0,0,55.25,39,0,0,0,0,17-AUG-2016,
OPTSTK,HINDZINC,27-Oct-2016,265,PE,0,0,0,59.75,43.05,0,0,0,0,17-AUG-2016,
OPTSTK,IBREALEST,25-Aug-2016,60,CE,0,0,0,34.05,24.4,0,0,0,0,17-AUG-2016,
OPTSTK,IBREALEST,25-Aug-2016,65,CE,0,0,0,23.05,19.4,0,0,0,0,17-AUG-2016,
OPTSTK,IBREALEST,25-Aug-2016,70,CE,0,0,0,26.25,14.45,0,0,0,0,17-AUG-2016,
OPTSTK,IBREALEST,25-Aug-2016,75,CE,0,0,0,29.05,9.6,0,0,0,0,17-AUG-2016,
OPTSTK,IBREALEST,25-Aug-2016,77.5,CE,0,0,0,27.3,7.35,0,0,0,0,17-AUG-2016,
OPTSTK,IBREALEST,25-Aug-2016,80,CE,0,0,0,25.6,5.3,0,0,0,0,17-AUG-2016,
OPTSTK,IBREALEST,25-Aug-2016,82.5,CE,0,0,0,7.1,3.6,0,0,0,0,17-AUG-2016,
OPTSTK,IBREALEST,25-Aug-2016,85,CE,0,0,0,2.75,2.3,0,0,410000,0,17-AUG-2016,
OPTSTK,IBREALEST,25-Aug-2016,87.5,CE,1.5,1.5,1.5,1.5,1.5,3,26.7,1240000,-10000,17-AUG-2016,
OPTSTK,IBREALEST,25-Aug-2016,90,CE,0.8,1,0.55,0.65,0.65,9,81.69,1740000,-40000,17-AUG-2016,
OPTSTK,IBREALEST,25-Aug-2016,92.5,CE,0.5,0.5,0.5,0.5,0.5,1,9.3,210000,-10000,17-AUG-2016,
OPTSTK,IBREALEST,25-Aug-2016,95,CE,0.4,0.4,0.25,0.25,0.25,4,38.11,1720000,-30000,17-AUG-2016,
OPTSTK,IBREALEST,25-Aug-2016,97.5,CE,0.2,0.2,0.2,0.2,0.2,1,9.77,100000,-10000,17-AUG-2016,
OPTSTK,IBREALEST,25-Aug-2016,100,CE,0.2,0.25,0.2,0.25,0.25,15,150.32,1770000,-150000,17-AUG-2016,
OPTSTK,IBREALEST,25-Aug-2016,102.5,CE,0,0,0,0.4,0.05,0,0,80000,0,17-AUG-2016,
OPTSTK,IBREALEST,25-Aug-2016,105,CE,0.1,0.1,0.1,0.1,0.1,2,21.02,470000,-10000,17-AUG-2016,
OPTSTK,IBREALEST,25-Aug-2016,107.5,CE,0,0,0,0.8,0,0,0,30000,0,17-AUG-2016,
OPTSTK,IBREALEST,25-Aug-2016,110,CE,0.2,0.2,0.1,0.1,0.1,21,231.33,240000,-210000,17-AUG-2016,
OPTSTK,IBREALEST,25-Aug-2016,112.5,CE,0.05,0.05,0.05,0.05,0.05,3,33.76,60000,-30000,17-AUG-2016,
OPTSTK,IBREALEST,25-Aug-2016,115,CE,0,0,0,0.05,0,0,0,140000,0,17-AUG-2016,
OPTSTK,IBREALEST,25-Aug-2016,120,CE,0.05,0.05,0.05,0.05,0.05,27,324.13,1190000,-270000,17-AUG-2016,
OPTSTK,IBREALEST,25-Aug-2016,125,CE,0,0,0,0.05,0,0,0,240000,0,17-AUG-2016,
OPTSTK,IBREALEST,25-Aug-2016,60,PE,0.05,0.05,0.05,0.05,0.05,3,18.01,550000,-30000,17-AUG-2016,
OPTSTK,IBREALEST,25-Aug-2016,65,PE,0,0,0,0.1,0,0,0,260000,0,17-AUG-2016,
OPTSTK,IBREALEST,25-Aug-2016,70,PE,0.2,0.2,0.2,0.2,0.2,3,21.06,340000,-30000,17-AUG-2016,
OPTSTK,IBREALEST,25-Aug-2016,75,PE,0,0,0,0.1,0.15,0,0,810000,0,17-AUG-2016,
OPTSTK,IBREALEST,25-Aug-2016,77.5,PE,0,0,0,0.8,0.4,0,0,30000,0,17-AUG-2016,
OPTSTK,IBREALEST,25-Aug-2016,80,PE,1.1,1.1,1.05,1.05,1.05,2,16.21,950000,0,17-AUG-2016,
OPTSTK,IBREALEST,25-Aug-2016,82.5,PE,0,0,0,1.7,1.7,0,0,60000,0,17-AUG-2016,
OPTSTK,IBREALEST,25-Aug-2016,85,PE,2.3,3,2.3,3,3,3,26.3,480000,0,17-AUG-2016,
OPTSTK,IBREALEST,25-Aug-2016,87.5,PE,0,0,0,5.9,4.45,0,0,140000,0,17-AUG-2016,
OPTSTK,IBREALEST,25-Aug-2016,90,PE,6.3,6.3,6.2,6.2,6.2,2,19.25,270000,0,17-AUG-2016,
OPTSTK,IBREALEST,25-Aug-2016,92.5,PE,0,0,0,8.15,8.45,0,0,90000,0,17-AUG-2016,
OPTSTK,IBREALEST,25-Aug-2016,95,PE,0,0,0,9.5,10.75,0,0,70000,0,17-AUG-2016,
OPTSTK,IBREALEST,25-Aug-2016,97.5,PE,0,0,0,7.65,13.15,0,0,10000,0,17-AUG-2016,
OPTSTK,IBREALEST,25-Aug-2016,100,PE,0,0,0,12.5,15.6,0,0,70000,0,17-AUG-2016,
OPTSTK,IBREALEST,25-Aug-2016,102.5,PE,0,0,0,9.3,18.1,0,0,10000,0,17-AUG-2016,
OPTSTK,IBREALEST,25-Aug-2016,105,PE,0,0,0,13.05,20.55,0,0,10000,0,17-AUG-2016,
OPTSTK,IBREALEST,25-Aug-2016,107.5,PE,0,0,0,13.7,23.05,0,0,20000,0,17-AUG-2016,
OPTSTK,IBREALEST,25-Aug-2016,110,PE,0,0,0,19.9,25.55,0,0,0,0,17-AUG-2016,
OPTSTK,IBREALEST,25-Aug-2016,112.5,PE,0,0,0,21.55,28.05,0,0,0,0,17-AUG-2016,
OPTSTK,IBREALEST,25-Aug-2016,115,PE,0,0,0,23.3,30.55,0,0,0,0,17-AUG-2016,
OPTSTK,IBREALEST,25-Aug-2016,120,PE,0,0,0,26.85,35.55,0,0,0,0,17-AUG-2016,
OPTSTK,IBREALEST,25-Aug-2016,125,PE,0,0,0,30.6,40.55,0,0,0,0,17-AUG-2016,
OPTSTK,IBREALEST,29-Sep-2016,60,CE,0,0,0,34.9,24.9,0,0,0,0,17-AUG-2016,
OPTSTK,IBREALEST,29-Sep-2016,65,CE,0,0,0,30.55,20.2,0,0,0,0,17-AUG-2016,
OPTSTK,IBREALEST,29-Sep-2016,70,CE,0,0,0,26.45,15.8,0,0,0,0,17-AUG-2016,
OPTSTK,IBREALEST,29-Sep-2016,75,CE,0,0,0,22.7,11.9,0,0,0,0,17-AUG-2016,
OPTSTK,IBREALEST,29-Sep-2016,80,CE,0,0,0,19.25,8.55,0,0,0,0,17-AUG-2016,
OPTSTK,IBREALEST,29-Sep-2016,85,CE,0,0,0,16.2,5.95,0,0,0,0,17-AUG-2016,
OPTSTK,IBREALEST,29-Sep-2016,90,CE,0,0,0,7.4,3.95,0,0,10000,0,17-AUG-2016,
OPTSTK,IBREALEST,29-Sep-2016,95,CE,0,0,0,11.2,2.55,0,0,0,0,17-AUG-2016,
OPTSTK,IBREALEST,29-Sep-2016,100,CE,0,0,0,9.2,1.55,0,0,0,0,17-AUG-2016,
OPTSTK,IBREALEST,29-Sep-2016,105,CE,0,0,0,7.5,0.95,0,0,0,0,17-AUG-2016,
OPTSTK,IBREALEST,29-Sep-2016,110,CE,0,0,0,6.1,0.55,0,0,0,0,17-AUG-2016,
OPTSTK,IBREALEST,29-Sep-2016,115,CE,0,0,0,4.95,0.3,0,0,0,0,17-AUG-2016,
OPTSTK,IBREALEST,29-Sep-2016,120,CE,0,0,0,4,0.2,0,0,0,0,17-AUG-2016,
OPTSTK,IBREALEST,29-Sep-2016,125,CE,0,0,0,3.2,0.1,0,0,0,0,17-AUG-2016,
OPTSTK,IBREALEST,29-Sep-2016,60,PE,0,0,0,0.65,0.15,0,0,0,0,17-AUG-2016,
OPTSTK,IBREALEST,29-Sep-2016,65,PE,0,0,0,1.2,0.4,0,0,0,0,17-AUG-2016,
OPTSTK,IBREALEST,29-Sep-2016,70,PE,0,0,0,2,0.95,0,0,0,0,17-AUG-2016,
OPTSTK,IBREALEST,29-Sep-2016,75,PE,0,0,0,3.15,2,0,0,0,0,17-AUG-2016,
OPTSTK,IBREALEST,29-Sep-2016,80,PE,0,0,0,4.65,3.6,0,0,0,0,17-AUG-2016,
OPTSTK,IBREALEST,29-Sep-2016,85,PE,0,0,0,6.5,5.95,0,0,0,0,17-AUG-2016,
OPTSTK,IBREALEST,29-Sep-2016,90,PE,0,0,0,8.7,8.9,0,0,0,0,17-AUG-2016,
OPTSTK,IBREALEST,29-Sep-2016,95,PE,0,0,0,11.3,12.45,0,0,0,0,17-AUG-2016,
OPTSTK,IBREALEST,29-Sep-2016,100,PE,0,0,0,14.25,16.45,0,0,0,0,17-AUG-2016,
OPTSTK,IBREALEST,29-Sep-2016,105,PE,0,0,0,17.45,20.8,0,0,0,0,17-AUG-2016,
OPTSTK,IBREALEST,29-Sep-2016,110,PE,0,0,0,20.95,25.35,0,0,0,0,17-AUG-2016,
OPTSTK,IBREALEST,29-Sep-2016,115,PE,0,0,0,24.7,30.1,0,0,0,0,17-AUG-2016,
OPTSTK,IBREALEST,29-Sep-2016,120,PE,0,0,0,28.65,34.9,0,0,0,0,17-AUG-2016,
OPTSTK,IBREALEST,29-Sep-2016,125,PE,0,0,0,32.8,39.8,0,0,0,0,17-AUG-2016,
OPTSTK,IBREALEST,27-Oct-2016,60,CE,0,0,0,35.8,25.5,0,0,0,0,17-AUG-2016,
OPTSTK,IBREALEST,27-Oct-2016,65,CE,0,0,0,31.3,21.1,0,0,0,0,17-AUG-2016,
OPTSTK,IBREALEST,27-Oct-2016,70,CE,0,0,0,27,17.05,0,0,0,0,17-AUG-2016,
OPTSTK,IBREALEST,27-Oct-2016,75,CE,0,0,0,23.05,13.45,0,0,0,0,17-AUG-2016,
OPTSTK,IBREALEST,27-Oct-2016,80,CE,0,0,0,19.45,10.35,0,0,0,0,17-AUG-2016,
OPTSTK,IBREALEST,27-Oct-2016,85,CE,0,0,0,16.2,7.8,0,0,0,0,17-AUG-2016,
OPTSTK,IBREALEST,27-Oct-2016,90,CE,0,0,0,13.4,5.75,0,0,0,0,17-AUG-2016,
OPTSTK,IBREALEST,27-Oct-2016,95,CE,0,0,0,10.95,4.2,0,0,0,0,17-AUG-2016,
OPTSTK,IBREALEST,27-Oct-2016,100,CE,0,0,0,8.85,3,0,0,0,0,17-AUG-2016,
OPTSTK,IBREALEST,27-Oct-2016,105,CE,0,0,0,7.1,2.1,0,0,0,0,17-AUG-2016,
OPTSTK,IBREALEST,27-Oct-2016,110,CE,0,0,0,5.7,1.45,0,0,0,0,17-AUG-2016,
OPTSTK,IBREALEST,27-Oct-2016,115,CE,0,0,0,4.5,1,0,0,0,0,17-AUG-2016,
OPTSTK,IBREALEST,27-Oct-2016,120,CE,0,0,0,3.55,0.7,0,0,0,0,17-AUG-2016,
OPTSTK,IBREALEST,27-Oct-2016,125,CE,0,0,0,2.8,0.45,0,0,0,0,17-AUG-2016,
OPTSTK,IBREALEST,27-Oct-2016,60,PE,0,0,0,0.4,0.45,0,0,0,0,17-AUG-2016,
OPTSTK,IBREALEST,27-Oct-2016,65,PE,0,0,0,0.8,0.95,0,0,0,0,17-AUG-2016,
OPTSTK,IBREALEST,27-Oct-2016,70,PE,0,0,0,1.45,1.8,0,0,0,0,17-AUG-2016,
OPTSTK,IBREALEST,27-Oct-2016,75,PE,0,0,0,2.4,3.15,0,0,0,0,17-AUG-2016,
OPTSTK,IBREALEST,27-Oct-2016,80,PE,0,0,0,3.7,5,0,0,0,0,17-AUG-2016,
OPTSTK,IBREALEST,27-Oct-2016,85,PE,0,0,0,5.4,7.4,0,0,0,0,17-AUG-2016,
OPTSTK,IBREALEST,27-Oct-2016,90,PE,0,0,0,7.5,10.25,0,0,0,0,17-AUG-2016,
OPTSTK,IBREALEST,27-Oct-2016,95,PE,0,0,0,9.95,13.6,0,0,0,0,17-AUG-2016,
OPTSTK,IBREALEST,27-Oct-2016,100,PE,0,0,0,12.8,17.35,0,0,0,0,17-AUG-2016,
OPTSTK,IBREALEST,27-Oct-2016,105,PE,0,0,0,15.95,21.4,0,0,0,0,17-AUG-2016,
OPTSTK,IBREALEST,27-Oct-2016,110,PE,0,0,0,19.45,25.7,0,0,0,0,17-AUG-2016,
OPTSTK,IBREALEST,27-Oct-2016,115,PE,0,0,0,23.2,30.15,0,0,0,0,17-AUG-2016,
OPTSTK,IBREALEST,27-Oct-2016,120,PE,0,0,0,27.15,34.8,0,0,0,0,17-AUG-2016,
OPTSTK,IBREALEST,27-Oct-2016,125,PE,0,0,0,31.3,39.5,0,0,0,0,17-AUG-2016,
OPTSTK,IBULHSGFIN,25-Aug-2016,440,CE,0,0,0,287.05,369.9,0,0,0,0,17-AUG-2016,
OPTSTK,IBULHSGFIN,25-Aug-2016,460,CE,0,0,0,267.65,349.9,0,0,0,0,17-AUG-2016,
OPTSTK,IBULHSGFIN,25-Aug-2016,480,CE,0,0,0,248.4,329.95,0,0,0,0,17-AUG-2016,
OPTSTK,IBULHSGFIN,25-Aug-2016,500,CE,0,0,0,229.4,309.95,0,0,0,0,17-AUG-2016,
OPTSTK,IBULHSGFIN,25-Aug-2016,520,CE,0,0,0,210.7,290,0,0,0,0,17-AUG-2016,
OPTSTK,IBULHSGFIN,25-Aug-2016,540,CE,0,0,0,192.45,270.05,0,0,0,0,17-AUG-2016,
OPTSTK,IBULHSGFIN,25-Aug-2016,560,CE,0,0,0,174.8,250.05,0,0,0,0,17-AUG-2016,
OPTSTK,IBULHSGFIN,25-Aug-2016,580,CE,0,0,0,157.75,230.1,0,0,0,0,17-AUG-2016,
OPTSTK,IBULHSGFIN,25-Aug-2016,600,CE,0,0,0,141.45,210.1,0,0,0,0,17-AUG-2016,
OPTSTK,IBULHSGFIN,25-Aug-2016,620,CE,0,0,0,126.1,190.15,0,0,0,0,17-AUG-2016,
OPTSTK,IBULHSGFIN,25-Aug-2016,640,CE,0,0,0,95.95,170.2,0,0,1600,0,17-AUG-2016,
OPTSTK,IBULHSGFIN,25-Aug-2016,660,CE,0,0,0,98.2,150.2,0,0,0,0,17-AUG-2016,
OPTSTK,IBULHSGFIN,25-Aug-2016,680,CE,0,0,0,61.9,130.25,0,0,1600,0,17-AUG-2016,
OPTSTK,IBULHSGFIN,25-Aug-2016,700,CE,0,0,0,104.6,110.3,0,0,5600,0,17-AUG-2016,
OPTSTK,IBULHSGFIN,25-Aug-2016,720,CE,96,96,96,96,96,1,6.52,3200,-800,17-AUG-2016,
OPTSTK,IBULHSGFIN,25-Aug-2016,740,CE,78,78,78,78,78,1,6.54,8800,0,17-AUG-2016,
OPTSTK,IBULHSGFIN,25-Aug-2016,760,CE,57,57,57,57,57,1,6.53,15200,-800,17-AUG-2016,
OPTSTK,IBULHSGFIN,25-Aug-2016,780,CE,0,0,0,42.7,35.5,0,0,36000,0,17-AUG-2016,
OPTSTK,IBULHSGFIN,25-Aug-2016,800,CE,29,30,17.95,19.5,19.5,158,1040.47,88800,-10400,17-AUG-2016,
OPTSTK,IBULHSGFIN,25-Aug-2016,820,CE,17.35,18.85,10.05,11.4,11.4,216,1441.46,128800,24800,17-AUG-2016,
OPTSTK,IBULHSGFIN,25-Aug-2016,840,CE,10.2,10.8,5.15,6,6,76,515.53,57600,2400,17-AUG-2016,
OPTSTK,IBULHSGFIN,25-Aug-2016,860,CE,4,4.5,2.65,3,3,5,34.54,16800,1600,17-AUG-2016,
OPTSTK,IBULHSGFIN,25-Aug-2016,880,CE,0,0,0,3,0.9,0,0,5600,0,17-AUG-2016,
OPTSTK,IBULHSGFIN,25-Aug-2016,900,CE,0,0,0,13.45,0.3,0,0,0,0,17-AUG-2016,
OPTSTK,IBULHSGFIN,25-Aug-2016,920,CE,0,0,0,11.05,0.1,0,0,0,0,17-AUG-2016,
OPTSTK,IBULHSGFIN,25-Aug-2016,940,CE,0,0,0,9.05,0.05,0,0,0,0,17-AUG-2016,
OPTSTK,IBULHSGFIN,25-Aug-2016,960,CE,0,0,0,7.4,0,0,0,0,0,17-AUG-2016,
OPTSTK,IBULHSGFIN,25-Aug-2016,440,PE,0,0,0,0.25,0,0,0,0,0,17-AUG-2016,
OPTSTK,IBULHSGFIN,25-Aug-2016,460,PE,0,0,0,0.5,0,0,0,0,0,17-AUG-2016,
OPTSTK,IBULHSGFIN,25-Aug-2016,480,PE,0,0,0,0.9,0,0,0,0,0,17-AUG-2016,
OPTSTK,IBULHSGFIN,25-Aug-2016,500,PE,0,0,0,1.55,0,0,0,0,0,17-AUG-2016,
OPTSTK,IBULHSGFIN,25-Aug-2016,520,PE,0,0,0,2.5,0,0,0,0,0,17-AUG-2016,
OPTSTK,IBULHSGFIN,25-Aug-2016,540,PE,0,0,0,3.9,0,0,0,0,0,17-AUG-2016,
OPTSTK,IBULHSGFIN,25-Aug-2016,560,PE,0,0,0,5.85,0,0,0,0,0,17-AUG-2016,
OPTSTK,IBULHSGFIN,25-Aug-2016,580,PE,0,0,0,8.45,0,0,0,0,0,17-AUG-2016,
OPTSTK,IBULHSGFIN,25-Aug-2016,600,PE,0,0,0,11.8,0,0,0,0,0,17-AUG-2016,
OPTSTK,IBULHSGFIN,25-Aug-2016,620,PE,0,0,0,11,0,0,0,0,0,17-AUG-2016,
OPTSTK,IBULHSGFIN,25-Aug-2016,640,PE,0,0,0,8.2,0,0,0,4000,0,17-AUG-2016,
OPTSTK,IBULHSGFIN,25-Aug-2016,660,PE,0,0,0,4.25,0,0,0,4000,0,17-AUG-2016,
OPTSTK,IBULHSGFIN,25-Aug-2016,680,PE,0,0,0,9.25,0,0,0,3200,0,17-AUG-2016,
OPTSTK,IBULHSGFIN,25-Aug-2016,700,PE,0,0,0,0.3,0.05,0,0,20800,0,17-AUG-2016,
OPTSTK,IBULHSGFIN,25-Aug-2016,720,PE,0,0,0,1.2,0.15,0,0,33600,0,17-AUG-2016,
OPTSTK,IBULHSGFIN,25-Aug-2016,740,PE,1.25,1.25,1,1,1,4,23.71,28800,-3200,17-AUG-2016,
OPTSTK,IBULHSGFIN,25-Aug-2016,760,PE,1.85,2.95,1.85,2.15,2.15,5,30.48,26400,-800,17-AUG-2016,
OPTSTK,IBULHSGFIN,25-Aug-2016,780,PE,4.5,5.65,3.9,4.25,4.25,19,119.29,35200,0,17-AUG-2016,
OPTSTK,IBULHSGFIN,25-Aug-2016,800,PE,7.75,15,6,10.3,10.3,73,472.71,24800,5600,17-AUG-2016,
OPTSTK,IBULHSGFIN,25-Aug-2016,820,PE,18,26.45,18,26.45,26.45,4,26.89,6400,1600,17-AUG-2016,
OPTSTK,IBULHSGFIN,25-Aug-2016,840,PE,0,0,0,59.6,35.3,0,0,2400,0,17-AUG-2016,
OPTSTK,IBULHSGFIN,25-Aug-2016,860,PE,49.2,49.2,49.2,49.2,49.2,1,7.27,2400,800,17-AUG-2016,
OPTSTK,IBULHSGFIN,25-Aug-2016,880,PE,0,0,0,161.7,70.4,0,0,0,0,17-AUG-2016,
OPTSTK,IBULHSGFIN,25-Aug-2016,900,PE,0,0,0,178.45,89.75,0,0,0,0,17-AUG-2016,
OPTSTK,IBULHSGFIN,25-Aug-2016,920,PE,0,0,0,195.7,109.5,0,0,0,0,17-AUG-2016,
OPTSTK,IBULHSGFIN,25-Aug-2016,940,PE,0,0,0,213.35,129.45,0,0,0,0,17-AUG-2016,
OPTSTK,IBULHSGFIN,25-Aug-2016,960,PE,0,0,0,231.3,149.4,0,0,0,0,17-AUG-2016,
OPTSTK,IBULHSGFIN,29-Sep-2016,440,CE,0,0,0,238.95,372.8,0,0,0,0,17-AUG-2016,
OPTSTK,IBULHSGFIN,29-Sep-2016,460,CE,0,0,0,219.5,352.95,0,0,0,0,17-AUG-2016,
OPTSTK,IBULHSGFIN,29-Sep-2016,480,CE,0,0,0,200.2,333.1,0,0,0,0,17-AUG-2016,
OPTSTK,IBULHSGFIN,29-Sep-2016,500,CE,0,0,0,181.1,313.25,0,0,0,0,17-AUG-2016,
OPTSTK,IBULHSGFIN,29-Sep-2016,520,CE,0,0,0,162.45,293.45,0,0,0,0,17-AUG-2016,
OPTSTK,IBULHSGFIN,29-Sep-2016,540,CE,0,0,0,144.35,273.6,0,0,0,0,17-AUG-2016,
OPTSTK,IBULHSGFIN,29-Sep-2016,560,CE,0,0,0,126.95,253.75,0,0,0,0,17-AUG-2016,
OPTSTK,IBULHSGFIN,29-Sep-2016,580,CE,0,0,0,110.5,233.95,0,0,0,0,17-AUG-2016,
OPTSTK,IBULHSGFIN,29-Sep-2016,600,CE,0,0,0,95.1,214.2,0,0,0,0,17-AUG-2016,
OPTSTK,IBULHSGFIN,29-Sep-2016,620,CE,0,0,0,80.9,194.5,0,0,0,0,17-AUG-2016,
OPTSTK,IBULHSGFIN,29-Sep-2016,640,CE,0,0,0,68.05,174.95,0,0,0,0,17-AUG-2016,
OPTSTK,IBULHSGFIN,29-Sep-2016,660,CE,0,0,0,56.6,155.7,0,0,0,0,17-AUG-2016,
OPTSTK,IBULHSGFIN,29-Sep-2016,680,CE,0,0,0,46.5,136.9,0,0,0,0,17-AUG-2016,
OPTSTK,IBULHSGFIN,29-Sep-2016,700,CE,0,0,0,37.8,118.7,0,0,0,0,17-AUG-2016,
OPTSTK,IBULHSGFIN,29-Sep-2016,720,CE,0,0,0,30.4,101.45,0,0,0,0,17-AUG-2016,
OPTSTK,IBULHSGFIN,29-Sep-2016,740,CE,0,0,0,24.2,85.25,0,0,0,0,17-AUG-2016,
OPTSTK,IBULHSGFIN,29-Sep-2016,760,CE,0,0,0,58,70.45,0,0,800,0,17-AUG-2016,
OPTSTK,IBULHSGFIN,29-Sep-2016,780,CE,0,0,0,14.85,57.15,0,0,0,0,17-AUG-2016,
OPTSTK,IBULHSGFIN,29-Sep-2016,800,CE,44.45,44.45,44.45,44.45,44.45,1,6.75,800,800,17-AUG-2016,
OPTSTK,IBULHSGFIN,29-Sep-2016,820,CE,0,0,0,8.8,35.55,0,0,0,0,17-AUG-2016,
OPTSTK,IBULHSGFIN,29-Sep-2016,840,CE,0,0,0,22,27.25,0,0,800,0,17-AUG-2016,
OPTSTK,IBULHSGFIN,29-Sep-2016,860,CE,20.4,20.4,20.4,20.4,20.4,1,7.04,800,800,17-AUG-2016,
OPTSTK,IBULHSGFIN,29-Sep-2016,880,CE,0,0,0,3.75,15.2,0,0,0,0,17-AUG-2016,
OPTSTK,IBULHSGFIN,29-Sep-2016,900,CE,0,0,0,9,11,0,0,1600,0,17-AUG-2016,
OPTSTK,IBULHSGFIN,29-Sep-2016,920,CE,0,0,0,2.05,7.8,0,0,0,0,17-AUG-2016,
OPTSTK,IBULHSGFIN,29-Sep-2016,940,CE,0,0,0,1.5,5.45,0,0,0,0,17-AUG-2016,
OPTSTK,IBULHSGFIN,29-Sep-2016,960,CE,0,0,0,1.1,3.75,0,0,0,0,17-AUG-2016,
OPTSTK,IBULHSGFIN,29-Sep-2016,440,PE,0,0,0,0.15,0,0,0,0,0,17-AUG-2016,
OPTSTK,IBULHSGFIN,29-Sep-2016,460,PE,0,0,0,0.3,0,0,0,0,0,17-AUG-2016,
OPTSTK,IBULHSGFIN,29-Sep-2016,480,PE,0,0,0,0.65,0,0,0,0,0,17-AUG-2016,
OPTSTK,IBULHSGFIN,29-Sep-2016,500,PE,0,0,0,1.25,0,0,0,0,0,17-AUG-2016,
OPTSTK,IBULHSGFIN,29-Sep-2016,520,PE,0,0,0,2.2,0,0,0,0,0,17-AUG-2016,
OPTSTK,IBULHSGFIN,29-Sep-2016,540,PE,0,0,0,3.75,0,0,0,0,0,17-AUG-2016,
OPTSTK,IBULHSGFIN,29-Sep-2016,560,PE,0,0,0,6,0.05,0,0,0,0,17-AUG-2016,
OPTSTK,IBULHSGFIN,29-Sep-2016,580,PE,0,0,0,9.2,0.05,0,0,0,0,17-AUG-2016,
OPTSTK,IBULHSGFIN,29-Sep-2016,600,PE,0,0,0,13.45,0.1,0,0,0,0,17-AUG-2016,
OPTSTK,IBULHSGFIN,29-Sep-2016,620,PE,0,0,0,18.9,0.25,0,0,0,0,17-AUG-2016,
OPTSTK,IBULHSGFIN,29-Sep-2016,640,PE,0,0,0,25.7,0.6,0,0,0,0,17-AUG-2016,
OPTSTK,IBULHSGFIN,29-Sep-2016,660,PE,0,0,0,33.9,1.15,0,0,0,0,17-AUG-2016,
OPTSTK,IBULHSGFIN,29-Sep-2016,680,PE,0,0,0,43.45,2.2,0,0,0,0,17-AUG-2016,
OPTSTK,IBULHSGFIN,29-Sep-2016,700,PE,0,0,0,54.4,3.85,0,0,0,0,17-AUG-2016,
OPTSTK,IBULHSGFIN,29-Sep-2016,720,PE,0,0,0,66.65,6.4,0,0,0,0,17-AUG-2016,
OPTSTK,IBULHSGFIN,29-Sep-2016,740,PE,0,0,0,80.05,10.05,0,0,0,0,17-AUG-2016,
OPTSTK,IBULHSGFIN,29-Sep-2016,760,PE,0,0,0,94.6,15.1,0,0,0,0,17-AUG-2016,
OPTSTK,IBULHSGFIN,29-Sep-2016,780,PE,0,0,0,110.05,21.65,0,0,0,0,17-AUG-2016,
OPTSTK,IBULHSGFIN,29-Sep-2016,800,PE,0,0,0,126.3,29.85,0,0,0,0,17-AUG-2016,
OPTSTK,IBULHSGFIN,29-Sep-2016,820,PE,0,0,0,143.25,39.75,0,0,0,0,17-AUG-2016,
OPTSTK,IBULHSGFIN,29-Sep-2016,840,PE,0,0,0,160.8,51.25,0,0,0,0,17-AUG-2016,
OPTSTK,IBULHSGFIN,29-Sep-2016,860,PE,0,0,0,178.8,64.35,0,0,0,0,17-AUG-2016,
OPTSTK,IBULHSGFIN,29-Sep-2016,880,PE,0,0,0,197.15,78.85,0,0,0,0,17-AUG-2016,
OPTSTK,IBULHSGFIN,29-Sep-2016,900,PE,0,0,0,215.85,94.5,0,0,0,0,17-AUG-2016,
OPTSTK,IBULHSGFIN,29-Sep-2016,920,PE,0,0,0,234.75,111.15,0,0,0,0,17-AUG-2016,
OPTSTK,IBULHSGFIN,29-Sep-2016,940,PE,0,0,0,253.85,128.65,0,0,0,0,17-AUG-2016,
OPTSTK,IBULHSGFIN,29-Sep-2016,960,PE,0,0,0,273.1,146.8,0,0,0,0,17-AUG-2016,
OPTSTK,IBULHSGFIN,27-Oct-2016,500,CE,0,0,0,279.4,315.9,0,0,0,0,17-AUG-2016,
OPTSTK,IBULHSGFIN,27-Oct-2016,520,CE,0,0,0,260.05,296.2,0,0,0,0,17-AUG-2016,
OPTSTK,IBULHSGFIN,27-Oct-2016,540,CE,0,0,0,240.8,276.5,0,0,0,0,17-AUG-2016,
OPTSTK,IBULHSGFIN,27-Oct-2016,560,CE,0,0,0,221.85,256.85,0,0,0,0,17-AUG-2016,
OPTSTK,IBULHSGFIN,27-Oct-2016,580,CE,0,0,0,203.3,237.3,0,0,0,0,17-AUG-2016,
OPTSTK,IBULHSGFIN,27-Oct-2016,600,CE,0,0,0,185.15,217.9,0,0,0,0,17-AUG-2016,
OPTSTK,IBULHSGFIN,27-Oct-2016,620,CE,0,0,0,167.55,198.75,0,0,0,0,17-AUG-2016,
OPTSTK,IBULHSGFIN,27-Oct-2016,640,CE,0,0,0,150.7,179.9,0,0,0,0,17-AUG-2016,
OPTSTK,IBULHSGFIN,27-Oct-2016,660,CE,0,0,0,134.6,161.55,0,0,0,0,17-AUG-2016,
OPTSTK,IBULHSGFIN,27-Oct-2016,680,CE,0,0,0,119.4,143.8,0,0,0,0,17-AUG-2016,
OPTSTK,IBULHSGFIN,27-Oct-2016,700,CE,0,0,0,105.25,126.85,0,0,0,0,17-AUG-2016,
OPTSTK,IBULHSGFIN,27-Oct-2016,720,CE,0,0,0,92.05,110.8,0,0,0,0,17-AUG-2016,
OPTSTK,IBULHSGFIN,27-Oct-2016,740,CE,0,0,0,80,95.85,0,0,0,0,17-AUG-2016,
OPTSTK,IBULHSGFIN,27-Oct-2016,760,CE,0,0,0,69.05,82,0,0,0,0,17-AUG-2016,
OPTSTK,IBULHSGFIN,27-Oct-2016,780,CE,0,0,0,59.2,69.45,0,0,0,0,17-AUG-2016,
OPTSTK,IBULHSGFIN,27-Oct-2016,800,CE,0,0,0,50.4,58.2,0,0,0,0,17-AUG-2016,
OPTSTK,IBULHSGFIN,27-Oct-2016,820,CE,0,0,0,42.65,48.25,0,0,0,0,17-AUG-2016,
OPTSTK,IBULHSGFIN,27-Oct-2016,840,CE,0,0,0,35.85,39.6,0,0,0,0,17-AUG-2016,
OPTSTK,IBULHSGFIN,27-Oct-2016,860,CE,0,0,0,30,32.15,0,0,0,0,17-AUG-2016,
OPTSTK,IBULHSGFIN,27-Oct-2016,880,CE,0,0,0,24.95,25.85,0,0,0,0,17-AUG-2016,
OPTSTK,IBULHSGFIN,27-Oct-2016,900,CE,0,0,0,20.65,20.6,0,0,0,0,17-AUG-2016,
OPTSTK,IBULHSGFIN,27-Oct-2016,920,CE,0,0,0,16.95,16.25,0,0,0,0,17-AUG-2016,
OPTSTK,IBULHSGFIN,27-Oct-2016,940,CE,0,0,0,13.85,12.7,0,0,0,0,17-AUG-2016,
OPTSTK,IBULHSGFIN,27-Oct-2016,960,CE,0,0,0,11.3,9.85,0,0,0,0,17-AUG-2016,
OPTSTK,IBULHSGFIN,27-Oct-2016,500,PE,0,0,0,0.35,0.05,0,0,0,0,17-AUG-2016,
OPTSTK,IBULHSGFIN,27-Oct-2016,520,PE,0,0,0,0.6,0.05,0,0,0,0,17-AUG-2016,
OPTSTK,IBULHSGFIN,27-Oct-2016,540,PE,0,0,0,1.05,0.1,0,0,0,0,17-AUG-2016,
OPTSTK,IBULHSGFIN,27-Oct-2016,560,PE,0,0,0,1.75,0.2,0,0,0,0,17-AUG-2016,
OPTSTK,IBULHSGFIN,27-Oct-2016,580,PE,0,0,0,2.8,0.35,0,0,0,0,17-AUG-2016,
OPTSTK,IBULHSGFIN,27-Oct-2016,600,PE,0,0,0,4.35,0.7,0,0,0,0,17-AUG-2016,
OPTSTK,IBULHSGFIN,27-Oct-2016,620,PE,0,0,0,6.4,1.25,0,0,0,0,17-AUG-2016,
OPTSTK,IBULHSGFIN,27-Oct-2016,640,PE,0,0,0,9.2,2.15,0,0,0,0,17-AUG-2016,
OPTSTK,IBULHSGFIN,27-Oct-2016,660,PE,0,0,0,12.75,3.55,0,0,0,0,17-AUG-2016,
OPTSTK,IBULHSGFIN,27-Oct-2016,680,PE,0,0,0,17.25,5.55,0,0,0,0,17-AUG-2016,
OPTSTK,IBULHSGFIN,27-Oct-2016,700,PE,0,0,0,22.7,8.3,0,0,0,0,17-AUG-2016,
OPTSTK,IBULHSGFIN,27-Oct-2016,720,PE,0,0,0,29.15,12,0,0,0,0,17-AUG-2016,
OPTSTK,IBULHSGFIN,27-Oct-2016,740,PE,0,0,0,36.75,16.75,0,0,0,0,17-AUG-2016,
OPTSTK,IBULHSGFIN,27-Oct-2016,760,PE,0,0,0,45.5,22.65,0,0,0,0,17-AUG-2016,
OPTSTK,IBULHSGFIN,27-Oct-2016,780,PE,0,0,0,55.3,29.85,0,0,0,0,17-AUG-2016,
OPTSTK,IBULHSGFIN,27-Oct-2016,800,PE,0,0,0,66.15,38.3,0,0,0,0,17-AUG-2016,
OPTSTK,IBULHSGFIN,27-Oct-2016,820,PE,0,0,0,78.05,48.1,0,0,0,0,17-AUG-2016,
OPTSTK,IBULHSGFIN,27-Oct-2016,840,PE,0,0,0,90.95,59.2,0,0,0,0,17-AUG-2016,
OPTSTK,IBULHSGFIN,27-Oct-2016,860,PE,0,0,0,104.7,71.5,0,0,0,0,17-AUG-2016,
OPTSTK,IBULHSGFIN,27-Oct-2016,880,PE,0,0,0,119.35,84.9,0,0,0,0,17-AUG-2016,
OPTSTK,IBULHSGFIN,27-Oct-2016,900,PE,0,0,0,134.7,99.4,0,0,0,0,17-AUG-2016,
OPTSTK,IBULHSGFIN,27-Oct-2016,920,PE,0,0,0,150.65,114.8,0,0,0,0,17-AUG-2016,
OPTSTK,IBULHSGFIN,27-Oct-2016,940,PE,0,0,0,167.2,130.95,0,0,0,0,17-AUG-2016,
OPTSTK,IBULHSGFIN,27-Oct-2016,960,PE,0,0,0,184.3,147.85,0,0,0,0,17-AUG-2016,
OPTSTK,ICICIBANK,25-Aug-2016,140,CE,0,0,0,103.8,107.85,0,0,0,0,17-AUG-2016,
OPTSTK,ICICIBANK,25-Aug-2016,150,CE,0,0,0,94.1,97.85,0,0,0,0,17-AUG-2016,
OPTSTK,ICICIBANK,25-Aug-2016,160,CE,0,0,0,84.6,87.85,0,0,0,0,17-AUG-2016,
OPTSTK,ICICIBANK,25-Aug-2016,170,CE,0,0,0,75.35,77.85,0,0,0,0,17-AUG-2016,
OPTSTK,ICICIBANK,25-Aug-2016,180,CE,0,0,0,66.4,67.9,0,0,0,0,17-AUG-2016,
OPTSTK,ICICIBANK,25-Aug-2016,190,CE,0,0,0,57.9,57.9,0,0,0,0,17-AUG-2016,
OPTSTK,ICICIBANK,25-Aug-2016,200,CE,0,0,0,49.95,47.9,0,0,0,0,17-AUG-2016,
OPTSTK,ICICIBANK,25-Aug-2016,210,CE,0,0,0,34.5,37.95,0,0,2500,0,17-AUG-2016,
OPTSTK,ICICIBANK,25-Aug-2016,220,CE,30.25,30.25,30.25,30.25,30.25,4,25.02,32500,10000,17-AUG-2016,
OPTSTK,ICICIBANK,25-Aug-2016,230,CE,18.15,22.05,16.5,17.55,17.55,33,205.23,370000,-10000,17-AUG-2016,
OPTSTK,ICICIBANK,25-Aug-2016,240,CE,9.75,12.5,7.8,9.2,9.2,418,2610.06,1320000,7500,17-AUG-2016,
OPTSTK,ICICIBANK,25-Aug-2016,250,CE,4,5.8,3.1,3.8,3.8,4938,31396.51,9195000,330000,17-AUG-2016,
OPTSTK,ICICIBANK,25-Aug-2016,260,CE,1.6,2.2,1.2,1.45,1.45,4944,32342.15,8457500,445000,17-AUG-2016,
OPTSTK,ICICIBANK,25-Aug-2016,270,CE,0.65,0.9,0.55,0.65,0.65,3164,21413.74,7457500,-125000,17-AUG-2016,
OPTSTK,ICICIBANK,25-Aug-2016,280,CE,0.3,0.45,0.25,0.35,0.35,1375,9636.64,6762500,-22500,17-AUG-2016,
OPTSTK,ICICIBANK,25-Aug-2016,290,CE,0.2,0.25,0.15,0.2,0.2,239,1734.07,2835000,-27500,17-AUG-2016,
OPTSTK,ICICIBANK,25-Aug-2016,300,CE,0.2,0.2,0.15,0.2,0.2,100,750.43,3777500,-112500,17-AUG-2016,
OPTSTK,ICICIBANK,25-Aug-2016,310,CE,0.1,0.15,0.1,0.15,0.15,40,310.14,867500,-15000,17-AUG-2016,
OPTSTK,ICICIBANK,25-Aug-2016,320,CE,0.1,0.1,0.1,0.1,0.1,24,192.06,947500,-40000,17-AUG-2016,
OPTSTK,ICICIBANK,25-Aug-2016,140,PE,0,0,0,0.15,0,0,0,0,0,17-AUG-2016,
OPTSTK,ICICIBANK,25-Aug-2016,150,PE,0,0,0,0.3,0,0,0,0,0,17-AUG-2016,
OPTSTK,ICICIBANK,25-Aug-2016,160,PE,0,0,0,0.6,0,0,0,0,0,17-AUG-2016,
OPTSTK,ICICIBANK,25-Aug-2016,170,PE,0,0,0,0.1,0,0,0,2500,0,17-AUG-2016,
OPTSTK,ICICIBANK,25-Aug-2016,180,PE,0,0,0,2.05,0,0,0,0,0,17-AUG-2016,
OPTSTK,ICICIBANK,25-Aug-2016,190,PE,0,0,0,3.35,0,0,0,0,0,17-AUG-2016,
OPTSTK,ICICIBANK,25-Aug-2016,200,PE,0.05,0.05,0.05,0.05,0.05,2,10,300000,0,17-AUG-2016,
OPTSTK,ICICIBANK,25-Aug-2016,210,PE,0.1,0.15,0.1,0.15,0.15,4,21.01,532500,-10000,17-AUG-2016,
OPTSTK,ICICIBANK,25-Aug-2016,220,PE,0.15,0.2,0.1,0.2,0.2,121,665.96,1275000,-40000,17-AUG-2016,
OPTSTK,ICICIBANK,25-Aug-2016,230,PE,0.4,0.6,0.2,0.4,0.4,470,2706.87,2405000,-197500,17-AUG-2016,
OPTSTK,ICICIBANK,25-Aug-2016,240,PE,1.4,2.1,0.9,1.6,1.6,1721,10385.6,6707500,90000,17-AUG-2016,
OPTSTK,ICICIBANK,25-Aug-2016,250,PE,5.45,7,3.75,5.95,5.95,1291,8231.11,2705000,330000,17-AUG-2016,
OPTSTK,ICICIBANK,25-Aug-2016,260,PE,13.45,14.5,10.25,13.3,13.3,60,408.87,827500,-22500,17-AUG-2016,
OPTSTK,ICICIBANK,25-Aug-2016,270,PE,22.45,24,18.85,22.8,22.8,16,116.51,875000,-17500,17-AUG-2016,
OPTSTK,ICICIBANK,25-Aug-2016,280,PE,32,32,32,32,32,1,7.8,192500,-2500,17-AUG-2016,
OPTSTK,ICICIBANK,25-Aug-2016,290,PE,43,43,43,43,43,2,16.65,107500,-5000,17-AUG-2016,
OPTSTK,ICICIBANK,25-Aug-2016,300,PE,51.75,52.3,51.75,52.3,52.3,2,17.6,72500,5000,17-AUG-2016,
OPTSTK,ICICIBANK,25-Aug-2016,310,PE,0,0,0,69.25,61.95,0,0,17500,0,17-AUG-2016,
OPTSTK,ICICIBANK,25-Aug-2016,320,PE,0,0,0,70.1,71.95,0,0,62500,0,17-AUG-2016,
OPTSTK,ICICIBANK,29-Sep-2016,140,CE,0,0,0,103.05,108.75,0,0,0,0,17-AUG-2016,
OPTSTK,ICICIBANK,29-Sep-2016,150,CE,0,0,0,93.25,98.85,0,0,0,0,17-AUG-2016,
OPTSTK,ICICIBANK,29-Sep-2016,160,CE,0,0,0,83.5,88.9,0,0,0,0,17-AUG-2016,
OPTSTK,ICICIBANK,29-Sep-2016,170,CE,0,0,0,73.85,79,0,0,0,0,17-AUG-2016,
OPTSTK,ICICIBANK,29-Sep-2016,180,CE,0,0,0,64.4,69.15,0,0,0,0,17-AUG-2016,
OPTSTK,ICICIBANK,29-Sep-2016,190,CE,0,0,0,55.25,59.35,0,0,0,0,17-AUG-2016,
OPTSTK,ICICIBANK,29-Sep-2016,200,CE,0,0,0,46.6,49.8,0,0,0,0,17-AUG-2016,
OPTSTK,ICICIBANK,29-Sep-2016,210,CE,0,0,0,38.55,40.6,0,0,0,0,17-AUG-2016,
OPTSTK,ICICIBANK,29-Sep-2016,220,CE,0,0,0,32,32.1,0,0,2500,0,17-AUG-2016,
OPTSTK,ICICIBANK,29-Sep-2016,230,CE,0,0,0,28.5,24.5,0,0,2500,0,17-AUG-2016,
OPTSTK,ICICIBANK,29-Sep-2016,240,CE,15.5,16.2,15.25,16.2,16.2,45,287.95,150000,102500,17-AUG-2016,
OPTSTK,ICICIBANK,29-Sep-2016,250,CE,11,12.5,9.3,10.45,10.45,127,827.47,487500,52500,17-AUG-2016,
OPTSTK,ICICIBANK,29-Sep-2016,260,CE,6.15,7.9,5.55,6.4,6.4,149,991.71,462500,147500,17-AUG-2016,
OPTSTK,ICICIBANK,29-Sep-2016,270,CE,4.05,4.6,3.3,3.75,3.75,66,451.76,265000,70000,17-AUG-2016,
OPTSTK,ICICIBANK,29-Sep-2016,280,CE,1.85,2.7,1.8,2.1,2.1,31,218.73,202500,55000,17-AUG-2016,
OPTSTK,ICICIBANK,29-Sep-2016,290,CE,1.4,1.5,1.4,1.5,1.5,2,14.57,12500,5000,17-AUG-2016,
OPTSTK,ICICIBANK,29-Sep-2016,300,CE,1,1,0.85,0.9,0.9,16,120.36,302500,35000,17-AUG-2016,
OPTSTK,ICICIBANK,29-Sep-2016,310,CE,0,0,0,2.1,0.75,0,0,0,0,17-AUG-2016,
OPTSTK,ICICIBANK,29-Sep-2016,320,CE,0,0,0,1.45,0.45,0,0,0,0,17-AUG-2016,
OPTSTK,ICICIBANK,29-Sep-2016,140,PE,0,0,0,0.05,0,0,0,0,0,17-AUG-2016,
OPTSTK,ICICIBANK,29-Sep-2016,150,PE,0,0,0,0.05,0,0,0,0,0,17-AUG-2016,
OPTSTK,ICICIBANK,29-Sep-2016,160,PE,0,0,0,0.1,0,0,0,0,0,17-AUG-2016,
OPTSTK,ICICIBANK,29-Sep-2016,170,PE,0,0,0,0.3,0.05,0,0,0,0,17-AUG-2016,
OPTSTK,ICICIBANK,29-Sep-2016,180,PE,0,0,0,0.65,0.05,0,0,0,0,17-AUG-2016,
OPTSTK,ICICIBANK,29-Sep-2016,190,PE,0,0,0,1.35,0.2,0,0,0,0,17-AUG-2016,
OPTSTK,ICICIBANK,29-Sep-2016,200,PE,0,0,0,2.5,0.55,0,0,0,0,17-AUG-2016,
OPTSTK,ICICIBANK,29-Sep-2016,210,PE,0,0,0,1.6,1.3,0,0,30000,0,17-AUG-2016,
OPTSTK,ICICIBANK,29-Sep-2016,220,PE,1.6,1.85,1.5,1.85,1.85,9,49.87,130000,10000,17-AUG-2016,
OPTSTK,ICICIBANK,29-Sep-2016,230,PE,3.5,3.75,3,3.65,3.65,18,105.1,200000,7500,17-AUG-2016,
OPTSTK,ICICIBANK,29-Sep-2016,240,PE,6.3,6.75,5.5,6.45,6.45,24,147.65,165000,50000,17-AUG-2016,
OPTSTK,ICICIBANK,29-Sep-2016,250,PE,10.3,11.1,9.15,10.9,10.9,17,110.57,192500,10000,17-AUG-2016,
OPTSTK,ICICIBANK,29-Sep-2016,260,PE,17.25,17.25,14.75,14.75,14.75,2,13.8,10000,5000,17-AUG-2016,
OPTSTK,ICICIBANK,29-Sep-2016,270,PE,0,0,0,32.95,25.9,0,0,0,0,17-AUG-2016,
OPTSTK,ICICIBANK,29-Sep-2016,280,PE,0,0,0,40.55,33.75,0,0,0,0,17-AUG-2016,
OPTSTK,ICICIBANK,29-Sep-2016,290,PE,0,0,0,48.65,42.25,0,0,0,0,17-AUG-2016,
OPTSTK,ICICIBANK,29-Sep-2016,300,PE,0,0,0,57.2,51.3,0,0,0,0,17-AUG-2016,
OPTSTK,ICICIBANK,29-Sep-2016,310,PE,0,0,0,66.1,60.65,0,0,0,0,17-AUG-2016,
OPTSTK,ICICIBANK,29-Sep-2016,320,PE,0,0,0,75.25,70.25,0,0,0,0,17-AUG-2016,
OPTSTK,ICICIBANK,27-Oct-2016,170,CE,0,0,0,105.05,80,0,0,0,0,17-AUG-2016,
OPTSTK,ICICIBANK,27-Oct-2016,180,CE,0,0,0,95.3,70.35,0,0,0,0,17-AUG-2016,
OPTSTK,ICICIBANK,27-Oct-2016,190,CE,0,0,0,85.75,60.9,0,0,0,0,17-AUG-2016,
OPTSTK,ICICIBANK,27-Oct-2016,200,CE,0,0,0,76.35,51.8,0,0,0,0,17-AUG-2016,
OPTSTK,ICICIBANK,27-Oct-2016,210,CE,0,0,0,67.3,43.25,0,0,0,0,17-AUG-2016,
OPTSTK,ICICIBANK,27-Oct-2016,220,CE,0,0,0,58.6,35.35,0,0,0,0,17-AUG-2016,
OPTSTK,ICICIBANK,27-Oct-2016,230,CE,0,0,0,50.45,28.3,0,0,0,0,17-AUG-2016,
OPTSTK,ICICIBANK,27-Oct-2016,240,CE,0,0,0,42.9,22.2,0,0,0,0,17-AUG-2016,
OPTSTK,ICICIBANK,27-Oct-2016,250,CE,0,0,0,36,17.05,0,0,0,0,17-AUG-2016,
OPTSTK,ICICIBANK,27-Oct-2016,260,CE,11.2,11.2,11.2,11.2,11.2,1,6.78,37500,2500,17-AUG-2016,
OPTSTK,ICICIBANK,27-Oct-2016,270,CE,0,0,0,24.45,9.4,0,0,0,0,17-AUG-2016,
OPTSTK,ICICIBANK,27-Oct-2016,280,CE,0,0,0,5.5,6.8,0,0,5000,0,17-AUG-2016,
OPTSTK,ICICIBANK,27-Oct-2016,290,CE,0,0,0,15.8,4.85,0,0,0,0,17-AUG-2016,
OPTSTK,ICICIBANK,27-Oct-2016,300,CE,0,0,0,12.5,3.4,0,0,0,0,17-AUG-2016,
OPTSTK,ICICIBANK,27-Oct-2016,310,CE,0,0,0,9.8,2.3,0,0,0,0,17-AUG-2016,
OPTSTK,ICICIBANK,27-Oct-2016,320,CE,0,0,0,7.6,1.55,0,0,0,0,17-AUG-2016,
OPTSTK,ICICIBANK,27-Oct-2016,170,PE,0,0,0,0.1,0.15,0,0,0,0,17-AUG-2016,
OPTSTK,ICICIBANK,27-Oct-2016,180,PE,0,0,0,0.25,0.35,0,0,0,0,17-AUG-2016,
OPTSTK,ICICIBANK,27-Oct-2016,190,PE,0,0,0,0.5,0.75,0,0,0,0,17-AUG-2016,
OPTSTK,ICICIBANK,27-Oct-2016,200,PE,0,0,0,0.95,1.55,0,0,0,0,17-AUG-2016,
OPTSTK,ICICIBANK,27-Oct-2016,210,PE,0,0,0,1.7,2.85,0,0,0,0,17-AUG-2016,
OPTSTK,ICICIBANK,27-Oct-2016,220,PE,3,3,3,3,3,1,5.57,2500,2500,17-AUG-2016,
OPTSTK,ICICIBANK,27-Oct-2016,230,PE,0,0,0,5,7.65,0,0,2500,0,17-AUG-2016,
OPTSTK,ICICIBANK,27-Oct-2016,240,PE,0,0,0,6.75,11.4,0,0,0,0,17-AUG-2016,
OPTSTK,ICICIBANK,27-Oct-2016,250,PE,0,0,0,9.7,16.1,0,0,0,0,17-AUG-2016,
OPTSTK,ICICIBANK,27-Oct-2016,260,PE,0,0,0,13.35,21.75,0,0,0,0,17-AUG-2016,
OPTSTK,ICICIBANK,27-Oct-2016,270,PE,0,0,0,17.8,28.2,0,0,0,0,17-AUG-2016,
OPTSTK,ICICIBANK,27-Oct-2016,280,PE,0,0,0,22.95,35.5,0,0,0,0,17-AUG-2016,
OPTSTK,ICICIBANK,27-Oct-2016,290,PE,0,0,0,28.85,43.35,0,0,0,0,17-AUG-2016,
OPTSTK,ICICIBANK,27-Oct-2016,300,PE,0,0,0,35.35,51.8,0,0,0,0,17-AUG-2016,
OPTSTK,ICICIBANK,27-Oct-2016,310,PE,0,0,0,42.5,60.6,0,0,0,0,17-AUG-2016,
OPTSTK,ICICIBANK,27-Oct-2016,320,PE,0,0,0,50.15,69.7,0,0,0,0,17-AUG-2016,
OPTSTK,ICIL,25-Aug-2016,600,CE,0,0,0,327.45,290.65,0,0,0,0,17-AUG-2016,
OPTSTK,ICIL,25-Aug-2016,620,CE,0,0,0,353.75,270.7,0,0,0,0,17-AUG-2016,
OPTSTK,ICIL,25-Aug-2016,640,CE,0,0,0,334,250.75,0,0,0,0,17-AUG-2016,
OPTSTK,ICIL,25-Aug-2016,650,CE,0,0,0,281.4,240.75,0,0,0,0,17-AUG-2016,
OPTSTK,ICIL,25-Aug-2016,660,CE,0,0,0,314.25,230.75,0,0,0,0,17-AUG-2016,
OPTSTK,ICIL,25-Aug-2016,680,CE,0,0,0,294.55,210.8,0,0,0,0,17-AUG-2016,
OPTSTK,ICIL,25-Aug-2016,700,CE,0,0,0,237.8,190.8,0,0,0,0,17-AUG-2016,
OPTSTK,ICIL,25-Aug-2016,720,CE,0,0,0,255.45,170.85,0,0,0,0,17-AUG-2016,
OPTSTK,ICIL,25-Aug-2016,740,CE,0,0,0,236.1,150.9,0,0,0,0,17-AUG-2016,
OPTSTK,ICIL,25-Aug-2016,750,CE,0,0,0,197.45,140.9,0,0,0,0,17-AUG-2016,
OPTSTK,ICIL,25-Aug-2016,760,CE,0,0,0,217,130.9,0,0,0,0,17-AUG-2016,
OPTSTK,ICIL,25-Aug-2016,780,CE,0,0,0,198.25,110.95,0,0,0,0,17-AUG-2016,
OPTSTK,ICIL,25-Aug-2016,800,CE,0,0,0,161.05,91.15,0,0,0,0,17-AUG-2016,
OPTSTK,ICIL,25-Aug-2016,820,CE,0,0,0,162.2,71.65,0,0,0,0,17-AUG-2016,
OPTSTK,ICIL,25-Aug-2016,840,CE,0,0,0,145.1,53.15,0,0,0,0,17-AUG-2016,
OPTSTK,ICIL,25-Aug-2016,850,CE,0,0,0,129.1,44.55,0,0,0,0,17-AUG-2016,
OPTSTK,ICIL,25-Aug-2016,860,CE,0,0,0,128.85,36.55,0,0,0,0,17-AUG-2016,
OPTSTK,ICIL,25-Aug-2016,880,CE,0,0,0,33.6,22.9,0,0,600,0,17-AUG-2016,
OPTSTK,ICIL,25-Aug-2016,900,CE,23.1,23.1,23.1,23.1,23.1,1,5.53,1800,0,17-AUG-2016,
OPTSTK,ICIL,25-Aug-2016,920,CE,0,0,0,15.95,6.5,0,0,600,0,17-AUG-2016,
OPTSTK,ICIL,25-Aug-2016,940,CE,0,0,0,10,2.9,0,0,0,0,17-AUG-2016,
OPTSTK,ICIL,25-Aug-2016,950,CE,0,0,0,18,1.85,0,0,600,0,17-AUG-2016,
OPTSTK,ICIL,25-Aug-2016,960,CE,0,0,0,62.8,1.15,0,0,0,0,17-AUG-2016,
OPTSTK,ICIL,25-Aug-2016,980,CE,0,0,0,0.1,0.4,0,0,1200,0,17-AUG-2016,
OPTSTK,ICIL,25-Aug-2016,1000,CE,0,0,0,3.4,0.15,0,0,600,0,17-AUG-2016,
OPTSTK,ICIL,25-Aug-2016,1020,CE,0,0,0,36.85,0.05,0,0,0,0,17-AUG-2016,
OPTSTK,ICIL,25-Aug-2016,1040,CE,0,0,0,30.35,0.05,0,0,0,0,17-AUG-2016,
OPTSTK,ICIL,25-Aug-2016,1050,CE,0,0,0,45.7,0,0,0,0,0,17-AUG-2016,
OPTSTK,ICIL,25-Aug-2016,1060,CE,0,0,0,24.75,0,0,0,0,0,17-AUG-2016,
OPTSTK,ICIL,25-Aug-2016,1080,CE,0,0,0,20.1,0,0,0,0,0,17-AUG-2016,
OPTSTK,ICIL,25-Aug-2016,1100,CE,0,0,0,34.15,0,0,0,0,0,17-AUG-2016,
OPTSTK,ICIL,25-Aug-2016,1120,CE,0,0,0,12.9,0,0,0,0,0,17-AUG-2016,
OPTSTK,ICIL,25-Aug-2016,1140,CE,0,0,0,10.2,0,0,0,0,0,17-AUG-2016,
OPTSTK,ICIL,25-Aug-2016,1150,CE,0,0,0,25.2,0,0,0,0,0,17-AUG-2016,
OPTSTK,ICIL,25-Aug-2016,1160,CE,0,0,0,8,0,0,0,0,0,17-AUG-2016,
OPTSTK,ICIL,25-Aug-2016,1180,CE,0,0,0,6.25,0,0,0,0,0,17-AUG-2016,
OPTSTK,ICIL,25-Aug-2016,1200,CE,0,0,0,18.45,0,0,0,0,0,17-AUG-2016,
OPTSTK,ICIL,25-Aug-2016,1220,CE,0,0,0,3.75,0,0,0,0,0,17-AUG-2016,
OPTSTK,ICIL,25-Aug-2016,1240,CE,0,0,0,2.85,0,0,0,0,0,17-AUG-2016,
OPTSTK,ICIL,25-Aug-2016,1250,CE,0,0,0,13.35,0,0,0,0,0,17-AUG-2016,
OPTSTK,ICIL,25-Aug-2016,1260,CE,0,0,0,2.2,0,0,0,0,0,17-AUG-2016,
OPTSTK,ICIL,25-Aug-2016,1300,CE,0,0,0,9.6,0,0,0,0,0,17-AUG-2016,
OPTSTK,ICIL,25-Aug-2016,600,PE,0,0,0,2.3,0,0,0,0,0,17-AUG-2016,
OPTSTK,ICIL,25-Aug-2016,620,PE,0,0,0,0.05,0,0,0,0,0,17-AUG-2016,
OPTSTK,ICIL,25-Aug-2016,640,PE,0,0,0,0.05,0,0,0,0,0,17-AUG-2016,
OPTSTK,ICIL,25-Aug-2016,650,PE,0,0,0,5.35,0,0,0,0,0,17-AUG-2016,
OPTSTK,ICIL,25-Aug-2016,660,PE,0,0,0,0.1,0,0,0,0,0,17-AUG-2016,
OPTSTK,ICIL,25-Aug-2016,680,PE,0,0,0,0.2,0,0,0,0,0,17-AUG-2016,
OPTSTK,ICIL,25-Aug-2016,700,PE,0,0,0,10.85,0,0,0,0,0,17-AUG-2016,
OPTSTK,ICIL,25-Aug-2016,720,PE,0,0,0,0.65,0,0,0,0,0,17-AUG-2016,
OPTSTK,ICIL,25-Aug-2016,740,PE,0,0,0,1.05,0,0,0,0,0,17-AUG-2016,
OPTSTK,ICIL,25-Aug-2016,750,PE,0,0,0,19.6,0,0,0,0,0,17-AUG-2016,
OPTSTK,ICIL,25-Aug-2016,760,PE,0,0,0,1.75,0,0,0,0,0,17-AUG-2016,
OPTSTK,ICIL,25-Aug-2016,780,PE,0,0,0,5.2,0.05,0,0,1800,0,17-AUG-2016,
OPTSTK,ICIL,25-Aug-2016,800,PE,0,0,0,10,0.2,0,0,1200,0,17-AUG-2016,
OPTSTK,ICIL,25-Aug-2016,820,PE,0,0,0,10,0.7,0,0,600,0,17-AUG-2016,
OPTSTK,ICIL,25-Aug-2016,840,PE,0,0,0,15,2.15,0,0,3000,0,17-AUG-2016,
OPTSTK,ICIL,25-Aug-2016,850,PE,0,0,0,49.5,3.55,0,0,0,0,17-AUG-2016,
OPTSTK,ICIL,25-Aug-2016,860,PE,0,0,0,24,5.5,0,0,0,0,17-AUG-2016,
OPTSTK,ICIL,25-Aug-2016,880,PE,0,0,0,30,11.85,0,0,600,0,17-AUG-2016,
OPTSTK,ICIL,25-Aug-2016,900,PE,0,0,0,71.3,21.8,0,0,0,0,17-AUG-2016,
OPTSTK,ICIL,25-Aug-2016,920,PE,0,0,0,28.85,35.4,0,0,0,0,17-AUG-2016,
OPTSTK,ICIL,25-Aug-2016,940,PE,0,0,0,36.55,51.7,0,0,0,0,17-AUG-2016,
OPTSTK,ICIL,25-Aug-2016,950,PE,0,0,0,97.65,60.65,0,0,0,0,17-AUG-2016,
OPTSTK,ICIL,25-Aug-2016,960,PE,0,0,0,45.4,69.95,0,0,0,0,17-AUG-2016,
OPTSTK,ICIL,25-Aug-2016,980,PE,0,0,0,116.5,89.2,0,0,1200,0,17-AUG-2016,
OPTSTK,ICIL,25-Aug-2016,1000,PE,0,0,0,135.5,108.9,0,0,600,0,17-AUG-2016,
OPTSTK,ICIL,25-Aug-2016,1020,PE,0,0,0,78.75,128.75,0,0,0,0,17-AUG-2016,
OPTSTK,ICIL,25-Aug-2016,1040,PE,0,0,0,92.05,148.7,0,0,0,0,17-AUG-2016,
OPTSTK,ICIL,25-Aug-2016,1050,PE,0,0,0,162.5,158.7,0,0,0,0,17-AUG-2016,
OPTSTK,ICIL,25-Aug-2016,1060,PE,0,0,0,106.25,168.7,0,0,0,0,17-AUG-2016,
OPTSTK,ICIL,25-Aug-2016,1080,PE,0,0,0,121.4,188.65,0,0,0,0,17-AUG-2016,
OPTSTK,ICIL,25-Aug-2016,1100,PE,0,0,0,200.1,208.6,0,0,0,0,17-AUG-2016,
OPTSTK,ICIL,25-Aug-2016,1120,PE,0,0,0,153.7,228.6,0,0,0,0,17-AUG-2016,
OPTSTK,ICIL,25-Aug-2016,1140,PE,0,0,0,170.8,248.55,0,0,0,0,17-AUG-2016,
OPTSTK,ICIL,25-Aug-2016,1150,PE,0,0,0,240.25,258.55,0,0,0,0,17-AUG-2016,
OPTSTK,ICIL,25-Aug-2016,1160,PE,0,0,0,188.4,268.55,0,0,0,0,17-AUG-2016,
OPTSTK,ICIL,25-Aug-2016,1180,PE,0,0,0,206.45,288.5,0,0,0,0,17-AUG-2016,
OPTSTK,ICIL,25-Aug-2016,1200,PE,0,0,0,282.6,308.45,0,0,0,0,17-AUG-2016,
OPTSTK,ICIL,25-Aug-2016,1220,PE,0,0,0,243.5,328.45,0,0,0,0,17-AUG-2016,
OPTSTK,ICIL,25-Aug-2016,1240,PE,0,0,0,262.4,348.4,0,0,0,0,17-AUG-2016,
OPTSTK,ICIL,25-Aug-2016,1250,PE,0,0,0,326.6,358.4,0,0,0,0,17-AUG-2016,
OPTSTK,ICIL,25-Aug-2016,1260,PE,0,0,0,281.5,368.4,0,0,0,0,17-AUG-2016,
OPTSTK,ICIL,25-Aug-2016,1300,PE,0,0,0,372,408.35,0,0,0,0,17-AUG-2016,
OPTSTK,ICIL,29-Sep-2016,600,CE,0,0,0,377.7,294.65,0,0,0,0,17-AUG-2016,
OPTSTK,ICIL,29-Sep-2016,620,CE,0,0,0,358.15,274.8,0,0,0,0,17-AUG-2016,
OPTSTK,ICIL,29-Sep-2016,640,CE,0,0,0,338.65,255,0,0,0,0,17-AUG-2016,
OPTSTK,ICIL,29-Sep-2016,660,CE,0,0,0,319.25,235.2,0,0,0,0,17-AUG-2016,
OPTSTK,ICIL,29-Sep-2016,680,CE,0,0,0,300,215.45,0,0,0,0,17-AUG-2016,
OPTSTK,ICIL,29-Sep-2016,700,CE,0,0,0,280.95,195.8,0,0,0,0,17-AUG-2016,
OPTSTK,ICIL,29-Sep-2016,720,CE,0,0,0,262.1,176.35,0,0,0,0,17-AUG-2016,
OPTSTK,ICIL,29-Sep-2016,740,CE,0,0,0,243.6,157.25,0,0,0,0,17-AUG-2016,
OPTSTK,ICIL,29-Sep-2016,760,CE,0,0,0,225.45,138.55,0,0,0,0,17-AUG-2016,
OPTSTK,ICIL,29-Sep-2016,780,CE,0,0,0,207.75,120.55,0,0,0,0,17-AUG-2016,
OPTSTK,ICIL,29-Sep-2016,800,CE,0,0,0,190.65,103.45,0,0,0,0,17-AUG-2016,
OPTSTK,ICIL,29-Sep-2016,820,CE,0,0,0,174.1,87.45,0,0,0,0,17-AUG-2016,
OPTSTK,ICIL,29-Sep-2016,840,CE,0,0,0,158.25,72.7,0,0,0,0,17-AUG-2016,
OPTSTK,ICIL,29-Sep-2016,860,CE,0,0,0,143.2,59.5,0,0,0,0,17-AUG-2016,
OPTSTK,ICIL,29-Sep-2016,880,CE,0,0,0,128.95,47.8,0,0,0,0,17-AUG-2016,
OPTSTK,ICIL,29-Sep-2016,900,CE,0,0,0,46.6,37.75,0,0,600,0,17-AUG-2016,
OPTSTK,ICIL,29-Sep-2016,920,CE,0,0,0,103,29.3,0,0,0,0,17-AUG-2016,
OPTSTK,ICIL,29-Sep-2016,940,CE,0,0,0,91.4,22.35,0,0,0,0,17-AUG-2016,
OPTSTK,ICIL,29-Sep-2016,960,CE,0,0,0,80.75,16.75,0,0,0,0,17-AUG-2016,
OPTSTK,ICIL,29-Sep-2016,980,CE,0,0,0,70.95,12.3,0,0,0,0,17-AUG-2016,
OPTSTK,ICIL,29-Sep-2016,1000,CE,0,0,0,62.1,8.9,0,0,0,0,17-AUG-2016,
OPTSTK,ICIL,29-Sep-2016,1020,CE,0,0,0,54.05,6.35,0,0,0,0,17-AUG-2016,
OPTSTK,ICIL,29-Sep-2016,1040,CE,0,0,0,46.9,4.45,0,0,0,0,17-AUG-2016,
OPTSTK,ICIL,29-Sep-2016,1060,CE,0,0,0,40.45,3.05,0,0,0,0,17-AUG-2016,
OPTSTK,ICIL,29-Sep-2016,1080,CE,0,0,0,34.8,2.1,0,0,0,0,17-AUG-2016,
OPTSTK,ICIL,29-Sep-2016,1100,CE,0,0,0,29.85,1.4,0,0,0,0,17-AUG-2016,
OPTSTK,ICIL,29-Sep-2016,1120,CE,0,0,0,25.45,0.9,0,0,0,0,17-AUG-2016,
OPTSTK,ICIL,29-Sep-2016,1140,CE,0,0,0,21.6,0.6,0,0,0,0,17-AUG-2016,
OPTSTK,ICIL,29-Sep-2016,1160,CE,0,0,0,18.3,0.4,0,0,0,0,17-AUG-2016,
OPTSTK,ICIL,29-Sep-2016,1180,CE,0,0,0,15.4,0.25,0,0,0,0,17-AUG-2016,
OPTSTK,ICIL,29-Sep-2016,1200,CE,0,0,0,12.95,0.15,0,0,0,0,17-AUG-2016,
OPTSTK,ICIL,29-Sep-2016,1220,CE,0,0,0,10.85,0.1,0,0,0,0,17-AUG-2016,
OPTSTK,ICIL,29-Sep-2016,1240,CE,0,0,0,9.05,0.1,0,0,0,0,17-AUG-2016,
OPTSTK,ICIL,29-Sep-2016,1260,CE,0,0,0,7.55,0.05,0,0,0,0,17-AUG-2016,
OPTSTK,ICIL,29-Sep-2016,1280,CE,0,0,0,6.25,0.05,0,0,0,0,17-AUG-2016,
OPTSTK,ICIL,29-Sep-2016,1300,CE,0,0,0,5.15,0.05,0,0,0,0,17-AUG-2016,
OPTSTK,ICIL,29-Sep-2016,600,PE,0,0,0,0.15,0,0,0,0,0,17-AUG-2016,
OPTSTK,ICIL,29-Sep-2016,620,PE,0,0,0,0.25,0.05,0,0,0,0,17-AUG-2016,
OPTSTK,ICIL,29-Sep-2016,640,PE,0,0,0,0.4,0.05,0,0,0,0,17-AUG-2016,
OPTSTK,ICIL,29-Sep-2016,660,PE,0,0,0,0.65,0.1,0,0,0,0,17-AUG-2016,
OPTSTK,ICIL,29-Sep-2016,680,PE,0,0,0,1.05,0.2,0,0,0,0,17-AUG-2016,
OPTSTK,ICIL,29-Sep-2016,700,PE,0,0,0,1.6,0.4,0,0,0,0,17-AUG-2016,
OPTSTK,ICIL,29-Sep-2016,720,PE,0,0,0,2.45,0.8,0,0,0,0,17-AUG-2016,
OPTSTK,ICIL,29-Sep-2016,740,PE,0,0,0,3.55,1.5,0,0,0,0,17-AUG-2016,
OPTSTK,ICIL,29-Sep-2016,760,PE,0,0,0,5.05,2.65,0,0,0,0,17-AUG-2016,
OPTSTK,ICIL,29-Sep-2016,780,PE,0,0,0,7.05,4.5,0,0,0,0,17-AUG-2016,
OPTSTK,ICIL,29-Sep-2016,800,PE,0,0,0,9.55,7.25,0,0,0,0,17-AUG-2016,
OPTSTK,ICIL,29-Sep-2016,820,PE,0,0,0,12.65,11.05,0,0,0,0,17-AUG-2016,
OPTSTK,ICIL,29-Sep-2016,840,PE,0,0,0,16.5,16.15,0,0,0,0,17-AUG-2016,
OPTSTK,ICIL,29-Sep-2016,860,PE,0,0,0,21.05,22.75,0,0,0,0,17-AUG-2016,
OPTSTK,ICIL,29-Sep-2016,880,PE,0,0,0,26.45,30.95,0,0,0,0,17-AUG-2016,
OPTSTK,ICIL,29-Sep-2016,900,PE,0,0,0,32.65,40.75,0,0,0,0,17-AUG-2016,
OPTSTK,ICIL,29-Sep-2016,920,PE,0,0,0,39.8,52.1,0,0,0,0,17-AUG-2016,
OPTSTK,ICIL,29-Sep-2016,940,PE,0,0,0,47.85,64.95,0,0,0,0,17-AUG-2016,
OPTSTK,ICIL,29-Sep-2016,960,PE,0,0,0,56.8,79.25,0,0,0,0,17-AUG-2016,
OPTSTK,ICIL,29-Sep-2016,980,PE,0,0,0,66.7,94.65,0,0,0,0,17-AUG-2016,
OPTSTK,ICIL,29-Sep-2016,1000,PE,0,0,0,77.45,111.05,0,0,0,0,17-AUG-2016,
OPTSTK,ICIL,29-Sep-2016,1020,PE,0,0,0,89.1,128.35,0,0,0,0,17-AUG-2016,
OPTSTK,ICIL,29-Sep-2016,1040,PE,0,0,0,101.55,146.3,0,0,0,0,17-AUG-2016,
OPTSTK,ICIL,29-Sep-2016,1060,PE,0,0,0,114.8,164.75,0,0,0,0,17-AUG-2016,
OPTSTK,ICIL,29-Sep-2016,1080,PE,0,0,0,128.75,183.6,0,0,0,0,17-AUG-2016,
OPTSTK,ICIL,29-Sep-2016,1100,PE,0,0,0,143.45,202.75,0,0,0,0,17-AUG-2016,
OPTSTK,ICIL,29-Sep-2016,1120,PE,0,0,0,158.7,222.1,0,0,0,0,17-AUG-2016,
OPTSTK,ICIL,29-Sep-2016,1140,PE,0,0,0,174.5,241.65,0,0,0,0,17-AUG-2016,
OPTSTK,ICIL,29-Sep-2016,1160,PE,0,0,0,190.85,261.25,0,0,0,0,17-AUG-2016,
OPTSTK,ICIL,29-Sep-2016,1180,PE,0,0,0,207.6,280.95,0,0,0,0,17-AUG-2016,
OPTSTK,ICIL,29-Sep-2016,1200,PE,0,0,0,224.8,300.7,0,0,0,0,17-AUG-2016,
OPTSTK,ICIL,29-Sep-2016,1220,PE,0,0,0,242.35,320.5,0,0,0,0,17-AUG-2016,
OPTSTK,ICIL,29-Sep-2016,1240,PE,0,0,0,260.2,340.3,0,0,0,0,17-AUG-2016,
OPTSTK,ICIL,29-Sep-2016,1260,PE,0,0,0,278.3,360.1,0,0,0,0,17-AUG-2016,
OPTSTK,ICIL,29-Sep-2016,1280,PE,0,0,0,296.7,379.95,0,0,0,0,17-AUG-2016,
OPTSTK,ICIL,29-Sep-2016,1300,PE,0,0,0,315.25,399.75,0,0,0,0,17-AUG-2016,
OPTSTK,ICIL,27-Oct-2016,600,CE,0,0,0,291.2,297.85,0,0,0,0,17-AUG-2016,
OPTSTK,ICIL,27-Oct-2016,620,CE,0,0,0,272.25,278.15,0,0,0,0,17-AUG-2016,
OPTSTK,ICIL,27-Oct-2016,640,CE,0,0,0,253.55,258.6,0,0,0,0,17-AUG-2016,
OPTSTK,ICIL,27-Oct-2016,660,CE,0,0,0,235.25,239.1,0,0,0,0,17-AUG-2016,
OPTSTK,ICIL,27-Oct-2016,680,CE,0,0,0,217.4,219.8,0,0,0,0,17-AUG-2016,
OPTSTK,ICIL,27-Oct-2016,700,CE,0,0,0,200,200.75,0,0,0,0,17-AUG-2016,
OPTSTK,ICIL,27-Oct-2016,720,CE,0,0,0,183.25,182.05,0,0,0,0,17-AUG-2016,
OPTSTK,ICIL,27-Oct-2016,740,CE,0,0,0,167.15,163.9,0,0,0,0,17-AUG-2016,
OPTSTK,ICIL,27-Oct-2016,760,CE,0,0,0,151.8,146.35,0,0,0,0,17-AUG-2016,
OPTSTK,ICIL,27-Oct-2016,780,CE,0,0,0,137.25,129.55,0,0,0,0,17-AUG-2016,
OPTSTK,ICIL,27-Oct-2016,800,CE,0,0,0,123.45,113.65,0,0,0,0,17-AUG-2016,
OPTSTK,ICIL,27-Oct-2016,820,CE,0,0,0,110.6,98.8,0,0,0,0,17-AUG-2016,
OPTSTK,ICIL,27-Oct-2016,840,CE,0,0,0,98.65,85,0,0,0,0,17-AUG-2016,
OPTSTK,ICIL,27-Oct-2016,860,CE,0,0,0,87.6,72.45,0,0,0,0,17-AUG-2016,
OPTSTK,ICIL,27-Oct-2016,880,CE,0,0,0,77.45,61.2,0,0,0,0,17-AUG-2016,
OPTSTK,ICIL,27-Oct-2016,900,CE,0,0,0,68.2,51.15,0,0,0,0,17-AUG-2016,
OPTSTK,ICIL,27-Oct-2016,920,CE,0,0,0,59.8,42.35,0,0,0,0,17-AUG-2016,
OPTSTK,ICIL,27-Oct-2016,940,CE,0,0,0,52.2,34.7,0,0,0,0,17-AUG-2016,
OPTSTK,ICIL,27-Oct-2016,960,CE,0,0,0,45.45,28.15,0,0,0,0,17-AUG-2016,
OPTSTK,ICIL,27-Oct-2016,980,CE,0,0,0,39.35,22.65,0,0,0,0,17-AUG-2016,
OPTSTK,ICIL,27-Oct-2016,1000,CE,0,0,0,34,18.1,0,0,0,0,17-AUG-2016,
OPTSTK,ICIL,27-Oct-2016,1020,CE,0,0,0,29.3,14.3,0,0,0,0,17-AUG-2016,
OPTSTK,ICIL,27-Oct-2016,1040,CE,0,0,0,25.15,11.2,0,0,0,0,17-AUG-2016,
OPTSTK,ICIL,27-Oct-2016,1060,CE,0,0,0,21.45,8.7,0,0,0,0,17-AUG-2016,
OPTSTK,ICIL,27-Oct-2016,1080,CE,0,0,0,18.3,6.7,0,0,0,0,17-AUG-2016,
OPTSTK,ICIL,27-Oct-2016,1100,CE,0,0,0,15.55,5.1,0,0,0,0,17-AUG-2016,
OPTSTK,ICIL,27-Oct-2016,1120,CE,0,0,0,13.15,3.9,0,0,0,0,17-AUG-2016,
OPTSTK,ICIL,27-Oct-2016,1140,CE,0,0,0,11.15,2.95,0,0,0,0,17-AUG-2016,
OPTSTK,ICIL,27-Oct-2016,1160,CE,0,0,0,9.4,2.2,0,0,0,0,17-AUG-2016,
OPTSTK,ICIL,27-Oct-2016,1180,CE,0,0,0,7.9,1.65,0,0,0,0,17-AUG-2016,
OPTSTK,ICIL,27-Oct-2016,1200,CE,0,0,0,6.6,1.2,0,0,0,0,17-AUG-2016,
OPTSTK,ICIL,27-Oct-2016,1220,CE,0,0,0,5.55,0.9,0,0,0,0,17-AUG-2016,
OPTSTK,ICIL,27-Oct-2016,1240,CE,0,0,0,4.6,0.65,0,0,0,0,17-AUG-2016,
OPTSTK,ICIL,27-Oct-2016,600,PE,0,0,0,1.3,0.1,0,0,0,0,17-AUG-2016,
OPTSTK,ICIL,27-Oct-2016,620,PE,0,0,0,2,0.15,0,0,0,0,17-AUG-2016,
OPTSTK,ICIL,27-Oct-2016,640,PE,0,0,0,3,0.3,0,0,0,0,17-AUG-2016,
OPTSTK,ICIL,27-Oct-2016,660,PE,0,0,0,4.3,0.55,0,0,0,0,17-AUG-2016,
OPTSTK,ICIL,27-Oct-2016,680,PE,0,0,0,6.1,1,0,0,0,0,17-AUG-2016,
OPTSTK,ICIL,27-Oct-2016,700,PE,0,0,0,8.4,1.65,0,0,0,0,17-AUG-2016,
OPTSTK,ICIL,27-Oct-2016,720,PE,0,0,0,11.3,2.75,0,0,0,0,17-AUG-2016,
OPTSTK,ICIL,27-Oct-2016,740,PE,0,0,0,14.85,4.25,0,0,0,0,17-AUG-2016,
OPTSTK,ICIL,27-Oct-2016,760,PE,0,0,0,19.15,6.45,0,0,0,0,17-AUG-2016,
OPTSTK,ICIL,27-Oct-2016,780,PE,0,0,0,24.25,9.4,0,0,0,0,17-AUG-2016,
OPTSTK,ICIL,27-Oct-2016,800,PE,0,0,0,30.1,13.2,0,0,0,0,17-AUG-2016,
OPTSTK,ICIL,27-Oct-2016,820,PE,0,0,0,36.9,18.1,0,0,0,0,17-AUG-2016,
OPTSTK,ICIL,27-Oct-2016,840,PE,0,0,0,44.6,24.05,0,0,0,0,17-AUG-2016,
OPTSTK,ICIL,27-Oct-2016,860,PE,0,0,0,53.25,31.25,0,0,0,0,17-AUG-2016,
OPTSTK,ICIL,27-Oct-2016,880,PE,0,0,0,62.75,39.7,0,0,0,0,17-AUG-2016,
OPTSTK,ICIL,27-Oct-2016,900,PE,0,0,0,73.15,49.4,0,0,0,0,17-AUG-2016,
OPTSTK,ICIL,27-Oct-2016,920,PE,0,0,0,84.4,60.3,0,0,0,0,17-AUG-2016,
OPTSTK,ICIL,27-Oct-2016,940,PE,0,0,0,96.45,72.4,0,0,0,0,17-AUG-2016,
OPTSTK,ICIL,27-Oct-2016,960,PE,0,0,0,109.35,85.6,0,0,0,0,17-AUG-2016,
OPTSTK,ICIL,27-Oct-2016,980,PE,0,0,0,122.95,99.85,0,0,0,0,17-AUG-2016,
OPTSTK,ICIL,27-Oct-2016,1000,PE,0,0,0,137.2,115.05,0,0,0,0,17-AUG-2016,
OPTSTK,ICIL,27-Oct-2016,1020,PE,0,0,0,152.2,130.95,0,0,0,0,17-AUG-2016,
OPTSTK,ICIL,27-Oct-2016,1040,PE,0,0,0,167.7,147.6,0,0,0,0,17-AUG-2016,
OPTSTK,ICIL,27-Oct-2016,1060,PE,0,0,0,183.65,164.8,0,0,0,0,17-AUG-2016,
OPTSTK,ICIL,27-Oct-2016,1080,PE,0,0,0,200.15,182.55,0,0,0,0,17-AUG-2016,
OPTSTK,ICIL,27-Oct-2016,1100,PE,0,0,0,217.05,200.7,0,0,0,0,17-AUG-2016,
OPTSTK,ICIL,27-Oct-2016,1120,PE,0,0,0,234.35,219.2,0,0,0,0,17-AUG-2016,
OPTSTK,ICIL,27-Oct-2016,1140,PE,0,0,0,251.95,238,0,0,0,0,17-AUG-2016,
OPTSTK,ICIL,27-Oct-2016,1160,PE,0,0,0,269.85,257,0,0,0,0,17-AUG-2016,
OPTSTK,ICIL,27-Oct-2016,1180,PE,0,0,0,288,276.15,0,0,0,0,17-AUG-2016,
OPTSTK,ICIL,27-Oct-2016,1200,PE,0,0,0,306.4,295.45,0,0,0,0,17-AUG-2016,
OPTSTK,ICIL,27-Oct-2016,1220,PE,0,0,0,324.95,314.9,0,0,0,0,17-AUG-2016,
OPTSTK,ICIL,27-Oct-2016,1240,PE,0,0,0,343.7,334.35,0,0,0,0,17-AUG-2016,
OPTSTK,IDBI,25-Aug-2016,40,CE,0,0,0,26.35,28.25,0,0,0,0,17-AUG-2016,
OPTSTK,IDBI,25-Aug-2016,42.5,CE,0,0,0,23.9,25.75,0,0,0,0,17-AUG-2016,
OPTSTK,IDBI,25-Aug-2016,45,CE,0,0,0,21.45,23.25,0,0,0,0,17-AUG-2016,
OPTSTK,IDBI,25-Aug-2016,47.5,CE,0,0,0,19.05,20.75,0,0,0,0,17-AUG-2016,
OPTSTK,IDBI,25-Aug-2016,50,CE,0,0,0,16.7,18.25,0,0,0,0,17-AUG-2016,
OPTSTK,IDBI,25-Aug-2016,52.5,CE,0,0,0,14.4,15.75,0,0,0,0,17-AUG-2016,
OPTSTK,IDBI,25-Aug-2016,55,CE,0,0,0,12.25,13.25,0,0,0,0,17-AUG-2016,
OPTSTK,IDBI,25-Aug-2016,57.5,CE,0,0,0,10.2,10.75,0,0,0,0,17-AUG-2016,
OPTSTK,IDBI,25-Aug-2016,60,CE,0,0,0,9.1,8.25,0,0,56000,0,17-AUG-2016,
OPTSTK,IDBI,25-Aug-2016,62.5,CE,0,0,0,6.75,5.8,0,0,0,0,17-AUG-2016,
OPTSTK,IDBI,25-Aug-2016,65,CE,3.6,3.6,3.5,3.6,3.6,14,76.76,144000,-56000,17-AUG-2016,
OPTSTK,IDBI,25-Aug-2016,67.5,CE,2.35,2.35,1.7,1.95,1.95,26,144.6,440000,-8000,17-AUG-2016,
OPTSTK,IDBI,25-Aug-2016,70,CE,0.95,1.25,0.75,0.8,0.8,277,1572.13,2352000,-160000,17-AUG-2016,
OPTSTK,IDBI,25-Aug-2016,72.5,CE,0.5,0.6,0.35,0.4,0.4,49,286,920000,24000,17-AUG-2016,
OPTSTK,IDBI,25-Aug-2016,75,CE,0.25,0.25,0.15,0.15,0.15,62,373.01,2464000,40000,17-AUG-2016,
OPTSTK,IDBI,25-Aug-2016,77.5,CE,0.1,0.15,0.1,0.15,0.15,6,37.26,408000,-8000,17-AUG-2016,
OPTSTK,IDBI,25-Aug-2016,80,CE,0.05,0.1,0.05,0.1,0.1,4,25.62,2376000,-8000,17-AUG-2016,
OPTSTK,IDBI,25-Aug-2016,82.5,CE,0.1,0.1,0.1,0.1,0.1,1,6.6,64000,-8000,17-AUG-2016,
OPTSTK,IDBI,25-Aug-2016,85,CE,0.1,0.1,0.1,0.1,0.1,3,20.42,360000,8000,17-AUG-2016,
OPTSTK,IDBI,25-Aug-2016,87.5,CE,0,0,0,0.05,0,0,0,48000,0,17-AUG-2016,
OPTSTK,IDBI,25-Aug-2016,90,CE,0,0,0,0.05,0,0,0,184000,0,17-AUG-2016,
OPTSTK,IDBI,25-Aug-2016,92.5,CE,0,0,0,0.15,0,0,0,96000,0,17-AUG-2016,
OPTSTK,IDBI,25-Aug-2016,40,PE,0,0,0,0.05,0,0,0,0,0,17-AUG-2016,
OPTSTK,IDBI,25-Aug-2016,42.5,PE,0,0,0,1.9,0,0,0,8000,0,17-AUG-2016,
OPTSTK,IDBI,25-Aug-2016,45,PE,0,0,0,0.05,0,0,0,0,0,17-AUG-2016,
OPTSTK,IDBI,25-Aug-2016,47.5,PE,0,0,0,1.2,0,0,0,8000,0,17-AUG-2016,
OPTSTK,IDBI,25-Aug-2016,50,PE,0,0,0,0.2,0,0,0,0,0,17-AUG-2016,
OPTSTK,IDBI,25-Aug-2016,52.5,PE,2.5,2.5,0.05,0.05,0.05,3,12.99,8000,-16000,17-AUG-2016,
OPTSTK,IDBI,25-Aug-2016,55,PE,0,0,0,0.05,0,0,0,48000,0,17-AUG-2016,
OPTSTK,IDBI,25-Aug-2016,57.5,PE,0.05,0.1,0.05,0.1,0.1,3,13.82,128000,-16000,17-AUG-2016,
OPTSTK,IDBI,25-Aug-2016,60,PE,0.1,0.1,0.1,0.1,0.1,15,72.12,440000,-56000,17-AUG-2016,
OPTSTK,IDBI,25-Aug-2016,62.5,PE,0.25,0.25,0.15,0.15,0.15,16,80.26,392000,-16000,17-AUG-2016,
OPTSTK,IDBI,25-Aug-2016,65,PE,0.65,0.65,0.4,0.45,0.45,75,392.96,832000,32000,17-AUG-2016,
OPTSTK,IDBI,25-Aug-2016,67.5,PE,1.45,1.45,1,1.15,1.15,35,192.31,400000,-32000,17-AUG-2016,
OPTSTK,IDBI,25-Aug-2016,70,PE,2.55,2.65,2.5,2.55,2.55,7,40.63,880000,-24000,17-AUG-2016,
OPTSTK,IDBI,25-Aug-2016,72.5,PE,0,0,0,4,4.45,0,0,176000,0,17-AUG-2016,
OPTSTK,IDBI,25-Aug-2016,75,PE,0,0,0,7.75,6.8,0,0,240000,0,17-AUG-2016,
OPTSTK,IDBI,25-Aug-2016,77.5,PE,0,0,0,7.9,9.25,0,0,8000,0,17-AUG-2016,
OPTSTK,IDBI,25-Aug-2016,80,PE,0,0,0,14.4,11.75,0,0,96000,0,17-AUG-2016,
OPTSTK,IDBI,25-Aug-2016,82.5,PE,0,0,0,16.1,14.25,0,0,0,0,17-AUG-2016,
OPTSTK,IDBI,25-Aug-2016,85,PE,0,0,0,14.25,16.75,0,0,32000,0,17-AUG-2016,
OPTSTK,IDBI,25-Aug-2016,87.5,PE,0,0,0,20.65,19.25,0,0,0,0,17-AUG-2016,
OPTSTK,IDBI,25-Aug-2016,90,PE,0,0,0,18.85,21.75,0,0,48000,0,17-AUG-2016,
OPTSTK,IDBI,25-Aug-2016,92.5,PE,0,0,0,18.2,24.25,0,0,152000,0,17-AUG-2016,
OPTSTK,IDBI,29-Sep-2016,40,CE,0,0,0,30.55,28.5,0,0,0,0,17-AUG-2016,
OPTSTK,IDBI,29-Sep-2016,42.5,CE,0,0,0,28.1,26,0,0,0,0,17-AUG-2016,
OPTSTK,IDBI,29-Sep-2016,45,CE,0,0,0,25.65,23.55,0,0,0,0,17-AUG-2016,
OPTSTK,IDBI,29-Sep-2016,47.5,CE,0,0,0,23.25,21.05,0,0,0,0,17-AUG-2016,
OPTSTK,IDBI,29-Sep-2016,50,CE,0,0,0,20.9,18.6,0,0,0,0,17-AUG-2016,
OPTSTK,IDBI,29-Sep-2016,52.5,CE,0,0,0,18.6,16.1,0,0,0,0,17-AUG-2016,
OPTSTK,IDBI,29-Sep-2016,55,CE,0,0,0,16.35,13.7,0,0,0,0,17-AUG-2016,
OPTSTK,IDBI,29-Sep-2016,57.5,CE,0,0,0,14.25,11.35,0,0,0,0,17-AUG-2016,
OPTSTK,IDBI,29-Sep-2016,60,CE,0,0,0,10.65,9.1,0,0,8000,0,17-AUG-2016,
OPTSTK,IDBI,29-Sep-2016,62.5,CE,0,0,0,10.45,7.05,0,0,0,0,17-AUG-2016,
OPTSTK,IDBI,29-Sep-2016,65,CE,5,5,5,5,5,1,5.6,16000,8000,17-AUG-2016,
OPTSTK,IDBI,29-Sep-2016,67.5,CE,0,0,0,3.8,3.8,0,0,24000,0,17-AUG-2016,
OPTSTK,IDBI,29-Sep-2016,70,CE,2.75,2.75,2.4,2.4,2.4,5,29.04,72000,24000,17-AUG-2016,
OPTSTK,IDBI,29-Sep-2016,72.5,CE,0,0,0,2.4,1.75,0,0,24000,0,17-AUG-2016,
OPTSTK,IDBI,29-Sep-2016,75,CE,1.2,1.2,1.2,1.2,1.2,1,6.09,32000,8000,17-AUG-2016,
OPTSTK,IDBI,29-Sep-2016,77.5,CE,0,0,0,3.2,0.7,0,0,0,0,17-AUG-2016,
OPTSTK,IDBI,29-Sep-2016,80,CE,0.9,0.9,0.6,0.6,0.6,2,12.92,24000,16000,17-AUG-2016,
OPTSTK,IDBI,29-Sep-2016,82.5,CE,0,0,0,2,0.25,0,0,0,0,17-AUG-2016,
OPTSTK,IDBI,29-Sep-2016,85,CE,0,0,0,1.55,0.15,0,0,0,0,17-AUG-2016,
OPTSTK,IDBI,29-Sep-2016,87.5,CE,0,0,0,1.2,0.1,0,0,0,0,17-AUG-2016,
OPTSTK,IDBI,29-Sep-2016,90,CE,0,0,0,0.9,0.05,0,0,0,0,17-AUG-2016,
OPTSTK,IDBI,29-Sep-2016,92.5,CE,0,0,0,0.7,0.05,0,0,0,0,17-AUG-2016,
OPTSTK,IDBI,29-Sep-2016,40,PE,0,0,0,0.05,0,0,0,0,0,17-AUG-2016,
OPTSTK,IDBI,29-Sep-2016,42.5,PE,0,0,0,0.05,0,0,0,0,0,17-AUG-2016,
OPTSTK,IDBI,29-Sep-2016,45,PE,0,0,0,0.05,0,0,0,0,0,17-AUG-2016,
OPTSTK,IDBI,29-Sep-2016,47.5,PE,0,0,0,0.1,0,0,0,0,0,17-AUG-2016,
OPTSTK,IDBI,29-Sep-2016,50,PE,0,0,0,0.2,0.05,0,0,0,0,17-AUG-2016,
OPTSTK,IDBI,29-Sep-2016,52.5,PE,0,0,0,0.35,0.05,0,0,0,0,17-AUG-2016,
OPTSTK,IDBI,29-Sep-2016,55,PE,0,0,0,0.6,0.1,0,0,0,0,17-AUG-2016,
OPTSTK,IDBI,29-Sep-2016,57.5,PE,0,0,0,0.95,0.2,0,0,0,0,17-AUG-2016,
OPTSTK,IDBI,29-Sep-2016,60,PE,0,0,0,1.4,0.45,0,0,0,0,17-AUG-2016,
OPTSTK,IDBI,29-Sep-2016,62.5,PE,0,0,0,1.25,0.9,0,0,8000,0,17-AUG-2016,
OPTSTK,IDBI,29-Sep-2016,65,PE,1.8,1.95,1.8,1.95,1.95,2,10.7,56000,8000,17-AUG-2016,
OPTSTK,IDBI,29-Sep-2016,67.5,PE,0,0,0,3.55,2.6,0,0,24000,0,17-AUG-2016,
OPTSTK,IDBI,29-Sep-2016,70,PE,4.25,4.4,4.1,4.4,4.4,4,23.76,40000,32000,17-AUG-2016,
OPTSTK,IDBI,29-Sep-2016,72.5,PE,0,0,0,6.35,5.5,0,0,0,0,17-AUG-2016,
OPTSTK,IDBI,29-Sep-2016,75,PE,0,0,0,7.85,7.35,0,0,0,0,17-AUG-2016,
OPTSTK,IDBI,29-Sep-2016,77.5,PE,0,0,0,9.5,9.4,0,0,0,0,17-AUG-2016,
OPTSTK,IDBI,29-Sep-2016,80,PE,0,0,0,11.3,11.6,0,0,0,0,17-AUG-2016,
OPTSTK,IDBI,29-Sep-2016,82.5,PE,0,0,0,13.25,13.9,0,0,0,0,17-AUG-2016,
OPTSTK,IDBI,29-Sep-2016,85,PE,0,0,0,15.25,16.3,0,0,0,0,17-AUG-2016,
OPTSTK,IDBI,29-Sep-2016,87.5,PE,0,0,0,17.35,18.7,0,0,0,0,17-AUG-2016,
OPTSTK,IDBI,29-Sep-2016,90,PE,0,0,0,19.55,21.15,0,0,0,0,17-AUG-2016,
OPTSTK,IDBI,29-Sep-2016,92.5,PE,0,0,0,21.75,23.65,0,0,0,0,17-AUG-2016,
OPTSTK,IDBI,27-Oct-2016,40,CE,0,0,0,30.85,28.7,0,0,0,0,17-AUG-2016,
OPTSTK,IDBI,27-Oct-2016,42.5,CE,0,0,0,28.4,26.25,0,0,0,0,17-AUG-2016,
OPTSTK,IDBI,27-Oct-2016,45,CE,0,0,0,26,23.8,0,0,0,0,17-AUG-2016,
OPTSTK,IDBI,27-Oct-2016,47.5,CE,0,0,0,23.6,21.3,0,0,0,0,17-AUG-2016,
OPTSTK,IDBI,27-Oct-2016,50,CE,0,0,0,21.25,18.9,0,0,0,0,17-AUG-2016,
OPTSTK,IDBI,27-Oct-2016,52.5,CE,0,0,0,18.95,16.5,0,0,0,0,17-AUG-2016,
OPTSTK,IDBI,27-Oct-2016,55,CE,0,0,0,16.75,14.15,0,0,0,0,17-AUG-2016,
OPTSTK,IDBI,27-Oct-2016,57.5,CE,0,0,0,14.65,11.95,0,0,0,0,17-AUG-2016,
OPTSTK,IDBI,27-Oct-2016,60,CE,0,0,0,12.7,9.85,0,0,0,0,17-AUG-2016,
OPTSTK,IDBI,27-Oct-2016,62.5,CE,0,0,0,10.9,7.95,0,0,0,0,17-AUG-2016,
OPTSTK,IDBI,27-Oct-2016,65,CE,0,0,0,9.25,6.3,0,0,0,0,17-AUG-2016,
OPTSTK,IDBI,27-Oct-2016,67.5,CE,0,0,0,7.8,4.85,0,0,0,0,17-AUG-2016,
OPTSTK,IDBI,27-Oct-2016,70,CE,0,0,0,6.45,3.7,0,0,0,0,17-AUG-2016,
OPTSTK,IDBI,27-Oct-2016,72.5,CE,0,0,0,5.35,2.7,0,0,0,0,17-AUG-2016,
OPTSTK,IDBI,27-Oct-2016,75,CE,0,0,0,4.35,1.95,0,0,0,0,17-AUG-2016,
OPTSTK,IDBI,27-Oct-2016,77.5,CE,0,0,0,3.55,1.4,0,0,0,0,17-AUG-2016,
OPTSTK,IDBI,27-Oct-2016,80,CE,0,0,0,2.85,0.95,0,0,0,0,17-AUG-2016,
OPTSTK,IDBI,27-Oct-2016,82.5,CE,0,0,0,2.25,0.65,0,0,0,0,17-AUG-2016,
OPTSTK,IDBI,27-Oct-2016,85,CE,0,0,0,1.8,0.45,0,0,0,0,17-AUG-2016,
OPTSTK,IDBI,27-Oct-2016,87.5,CE,0,0,0,1.4,0.3,0,0,0,0,17-AUG-2016,
OPTSTK,IDBI,27-Oct-2016,90,CE,0,0,0,1.1,0.2,0,0,0,0,17-AUG-2016,
OPTSTK,IDBI,27-Oct-2016,92.5,CE,0,0,0,0.85,0.15,0,0,0,0,17-AUG-2016,
OPTSTK,IDBI,27-Oct-2016,40,PE,0,0,0,0.05,0,0,0,0,0,17-AUG-2016,
OPTSTK,IDBI,27-Oct-2016,42.5,PE,0,0,0,0.05,0,0,0,0,0,17-AUG-2016,
OPTSTK,IDBI,27-Oct-2016,45,PE,0,0,0,0.05,0.05,0,0,0,0,17-AUG-2016,
OPTSTK,IDBI,27-Oct-2016,47.5,PE,0,0,0,0.15,0.05,0,0,0,0,17-AUG-2016,
OPTSTK,IDBI,27-Oct-2016,50,PE,0,0,0,0.25,0.05,0,0,0,0,17-AUG-2016,
OPTSTK,IDBI,27-Oct-2016,52.5,PE,0,0,0,0.4,0.15,0,0,0,0,17-AUG-2016,
OPTSTK,IDBI,27-Oct-2016,55,PE,0,0,0,0.65,0.3,0,0,0,0,17-AUG-2016,
OPTSTK,IDBI,27-Oct-2016,57.5,PE,0,0,0,1.05,0.5,0,0,0,0,17-AUG-2016,
OPTSTK,IDBI,27-Oct-2016,60,PE,0,0,0,1.55,0.9,0,0,0,0,17-AUG-2016,
OPTSTK,IDBI,27-Oct-2016,62.5,PE,0,0,0,2.2,1.5,0,0,0,0,17-AUG-2016,
OPTSTK,IDBI,27-Oct-2016,65,PE,0,0,0,3,2.3,0,0,0,0,17-AUG-2016,
OPTSTK,IDBI,27-Oct-2016,67.5,PE,0,0,0,3.95,3.3,0,0,0,0,17-AUG-2016,
OPTSTK,IDBI,27-Oct-2016,70,PE,0,0,0,5.1,4.6,0,0,0,0,17-AUG-2016,
OPTSTK,IDBI,27-Oct-2016,72.5,PE,0,0,0,6.45,6.1,0,0,0,0,17-AUG-2016,
OPTSTK,IDBI,27-Oct-2016,75,PE,0,0,0,7.95,7.8,0,0,0,0,17-AUG-2016,
OPTSTK,IDBI,27-Oct-2016,77.5,PE,0,0,0,9.55,9.7,0,0,0,0,17-AUG-2016,
OPTSTK,IDBI,27-Oct-2016,80,PE,0,0,0,11.3,11.75,0,0,0,0,17-AUG-2016,
OPTSTK,IDBI,27-Oct-2016,82.5,PE,0,0,0,13.2,13.9,0,0,0,0,17-AUG-2016,
OPTSTK,IDBI,27-Oct-2016,85,PE,0,0,0,15.2,16.15,0,0,0,0,17-AUG-2016,
OPTSTK,IDBI,27-Oct-2016,87.5,PE,0,0,0,17.25,18.5,0,0,0,0,17-AUG-2016,
OPTSTK,IDBI,27-Oct-2016,90,PE,0,0,0,19.4,20.85,0,0,0,0,17-AUG-2016,
OPTSTK,IDBI,27-Oct-2016,92.5,PE,0,0,0,21.65,23.25,0,0,0,0,17-AUG-2016,
OPTSTK,IDEA,25-Aug-2016,70,CE,0,0,0,37.75,23.35,0,0,0,0,17-AUG-2016,
OPTSTK,IDEA,25-Aug-2016,75,CE,0,0,0,40.4,18.4,0,0,0,0,17-AUG-2016,
OPTSTK,IDEA,25-Aug-2016,80,CE,0,0,0,35.7,13.4,0,0,0,0,17-AUG-2016,
OPTSTK,IDEA,25-Aug-2016,82.5,CE,0,0,0,33.45,10.95,0,0,0,0,17-AUG-2016,
OPTSTK,IDEA,25-Aug-2016,85,CE,0,0,0,31.25,8.6,0,0,0,0,17-AUG-2016,
OPTSTK,IDEA,25-Aug-2016,87.5,CE,0,0,0,29.05,6.45,0,0,0,0,17-AUG-2016,
OPTSTK,IDEA,25-Aug-2016,90,CE,4.3,4.3,4,4,4,4,18.82,70000,10000,17-AUG-2016,
OPTSTK,IDEA,25-Aug-2016,92.5,CE,2.5,2.75,2.5,2.7,2.7,7,33.3,35000,10000,17-AUG-2016,
OPTSTK,IDEA,25-Aug-2016,95,CE,2.1,2.2,1.3,1.5,1.5,352,1703.11,1870000,420000,17-AUG-2016,
OPTSTK,IDEA,25-Aug-2016,97.5,CE,1.15,1.3,0.8,0.9,0.9,132,650.56,1455000,70000,17-AUG-2016,
OPTSTK,IDEA,25-Aug-2016,100,CE,0.8,0.85,0.5,0.6,0.6,515,2592.81,4355000,55000,17-AUG-2016,
OPTSTK,IDEA,25-Aug-2016,102.5,CE,0.5,0.5,0.3,0.35,0.35,93,478.58,855000,125000,17-AUG-2016,
OPTSTK,IDEA,25-Aug-2016,105,CE,0.25,0.35,0.2,0.25,0.25,225,1184.35,2780000,-585000,17-AUG-2016,
OPTSTK,IDEA,25-Aug-2016,107.5,CE,0.15,0.2,0.1,0.1,0.1,15,80.74,440000,-25000,17-AUG-2016,
OPTSTK,IDEA,25-Aug-2016,110,CE,0.15,0.2,0.1,0.1,0.1,114,627.81,3660000,-140000,17-AUG-2016,
OPTSTK,IDEA,25-Aug-2016,112.5,CE,0.1,0.1,0.1,0.1,0.1,11,61.93,250000,-5000,17-AUG-2016,
OPTSTK,IDEA,25-Aug-2016,115,CE,0.05,0.05,0.05,0.05,0.05,8,46.02,1655000,-35000,17-AUG-2016,
OPTSTK,IDEA,25-Aug-2016,117.5,CE,0.1,0.1,0.1,0.1,0.1,1,5.88,65000,-5000,17-AUG-2016,
OPTSTK,IDEA,25-Aug-2016,120,CE,0.05,0.05,0.05,0.05,0.05,12,72.03,930000,-55000,17-AUG-2016,
OPTSTK,IDEA,25-Aug-2016,122.5,CE,0.05,0.05,0.05,0.05,0.05,8,49.02,30000,-40000,17-AUG-2016,
OPTSTK,IDEA,25-Aug-2016,125,CE,0,0,0,0.05,0,0,0,335000,0,17-AUG-2016,
OPTSTK,IDEA,25-Aug-2016,127.5,CE,0,0,0,6.1,0,0,0,0,0,17-AUG-2016,
OPTSTK,IDEA,25-Aug-2016,130,CE,0,0,0,0.05,0,0,0,280000,0,17-AUG-2016,
OPTSTK,IDEA,25-Aug-2016,132.5,CE,0,0,0,0.2,0,0,0,30000,0,17-AUG-2016,
OPTSTK,IDEA,25-Aug-2016,135,CE,0,0,0,4.2,0,0,0,0,0,17-AUG-2016,
OPTSTK,IDEA,25-Aug-2016,137.5,CE,0,0,0,3.7,0,0,0,0,0,17-AUG-2016,
OPTSTK,IDEA,25-Aug-2016,140,CE,0,0,0,0.3,0,0,0,30000,0,17-AUG-2016,
OPTSTK,IDEA,25-Aug-2016,142.5,CE,0,0,0,2.85,0,0,0,0,0,17-AUG-2016,
OPTSTK,IDEA,25-Aug-2016,145,CE,0,0,0,2.5,0,0,0,0,0,17-AUG-2016,
OPTSTK,IDEA,25-Aug-2016,147.5,CE,0,0,0,2.2,0,0,0,0,0,17-AUG-2016,
OPTSTK,IDEA,25-Aug-2016,150,CE,0,0,0,0.15,0,0,0,5000,0,17-AUG-2016,
OPTSTK,IDEA,25-Aug-2016,70,PE,0,0,0,1.15,0,0,0,0,0,17-AUG-2016,
OPTSTK,IDEA,25-Aug-2016,75,PE,0,0,0,0.25,0,0,0,0,0,17-AUG-2016,
OPTSTK,IDEA,25-Aug-2016,80,PE,0,0,0,0.05,0.05,0,0,115000,0,17-AUG-2016,
OPTSTK,IDEA,25-Aug-2016,82.5,PE,0,0,0,0.7,0.1,0,0,0,0,17-AUG-2016,
OPTSTK,IDEA,25-Aug-2016,85,PE,0.1,0.15,0.1,0.1,0.1,21,89.38,355000,20000,17-AUG-2016,
OPTSTK,IDEA,25-Aug-2016,87.5,PE,0.2,0.3,0.2,0.3,0.3,33,144.8,245000,40000,17-AUG-2016,
OPTSTK,IDEA,25-Aug-2016,90,PE,0.55,0.8,0.4,0.65,0.65,128,579.68,1245000,-10000,17-AUG-2016,
OPTSTK,IDEA,25-Aug-2016,92.5,PE,1.05,1.65,0.9,1.5,1.5,58,271.81,500000,40000,17-AUG-2016,
OPTSTK,IDEA,25-Aug-2016,95,PE,2.1,3.05,1.9,2.9,2.9,100,487.03,1045000,65000,17-AUG-2016,
OPTSTK,IDEA,25-Aug-2016,97.5,PE,3.7,4.85,3.7,4.85,4.85,14,71.51,610000,-55000,17-AUG-2016,
OPTSTK,IDEA,25-Aug-2016,100,PE,5.5,7.05,5.4,7,7,48,256.03,1395000,-160000,17-AUG-2016,
OPTSTK,IDEA,25-Aug-2016,102.5,PE,8.05,9.4,8.05,9.4,9.4,15,83.53,370000,-20000,17-AUG-2016,
OPTSTK,IDEA,25-Aug-2016,105,PE,11,11.5,11,11.5,11.5,2,11.62,600000,0,17-AUG-2016,
OPTSTK,IDEA,25-Aug-2016,107.5,PE,0,0,0,11,14.15,0,0,25000,0,17-AUG-2016,
OPTSTK,IDEA,25-Aug-2016,110,PE,0,0,0,12.65,16.6,0,0,130000,0,17-AUG-2016,
OPTSTK,IDEA,25-Aug-2016,112.5,PE,0,0,0,8.65,19.1,0,0,0,0,17-AUG-2016,
OPTSTK,IDEA,25-Aug-2016,115,PE,0,0,0,12.75,21.6,0,0,45000,0,17-AUG-2016,
OPTSTK,IDEA,25-Aug-2016,117.5,PE,0,0,0,11.25,24.1,0,0,0,0,17-AUG-2016,
OPTSTK,IDEA,25-Aug-2016,120,PE,0,0,0,15.1,26.6,0,0,40000,0,17-AUG-2016,
OPTSTK,IDEA,25-Aug-2016,122.5,PE,0,0,0,14.2,29.1,0,0,0,0,17-AUG-2016,
OPTSTK,IDEA,25-Aug-2016,125,PE,0,0,0,19.05,31.6,0,0,35000,0,17-AUG-2016,
OPTSTK,IDEA,25-Aug-2016,127.5,PE,0,0,0,17.5,34.1,0,0,0,0,17-AUG-2016,
OPTSTK,IDEA,25-Aug-2016,130,PE,0,0,0,26.95,36.6,0,0,15000,0,17-AUG-2016,
OPTSTK,IDEA,25-Aug-2016,132.5,PE,0,0,0,21.1,39.05,0,0,0,0,17-AUG-2016,
OPTSTK,IDEA,25-Aug-2016,135,PE,0,0,0,28.25,41.55,0,0,20000,0,17-AUG-2016,
OPTSTK,IDEA,25-Aug-2016,137.5,PE,0,0,0,24.95,44.05,0,0,0,0,17-AUG-2016,
OPTSTK,IDEA,25-Aug-2016,140,PE,0,0,0,45,46.55,0,0,70000,0,17-AUG-2016,
OPTSTK,IDEA,25-Aug-2016,142.5,PE,0,0,0,29.05,49.05,0,0,0,0,17-AUG-2016,
OPTSTK,IDEA,25-Aug-2016,145,PE,0,0,0,31.15,51.55,0,0,0,0,17-AUG-2016,
OPTSTK,IDEA,25-Aug-2016,147.5,PE,0,0,0,33.25,54.05,0,0,0,0,17-AUG-2016,
OPTSTK,IDEA,25-Aug-2016,150,PE,0,0,0,42.65,56.55,0,0,25000,0,17-AUG-2016,
OPTSTK,IDEA,29-Sep-2016,70,CE,0,0,0,38.05,24,0,0,0,0,17-AUG-2016,
OPTSTK,IDEA,29-Sep-2016,75,CE,0,0,0,33.4,19.3,0,0,0,0,17-AUG-2016,
OPTSTK,IDEA,29-Sep-2016,80,CE,0,0,0,28.9,15,0,0,0,0,17-AUG-2016,
OPTSTK,IDEA,29-Sep-2016,85,CE,0,0,0,24.7,11.15,0,0,0,0,17-AUG-2016,
OPTSTK,IDEA,29-Sep-2016,90,CE,7,7,6.55,6.55,6.55,2,9.67,20000,10000,17-AUG-2016,
OPTSTK,IDEA,29-Sep-2016,95,CE,4.15,4.15,3.6,3.6,3.6,4,19.74,30000,20000,17-AUG-2016,
OPTSTK,IDEA,29-Sep-2016,100,CE,2.4,2.4,1.95,2.1,2.1,26,132.66,285000,85000,17-AUG-2016,
OPTSTK,IDEA,29-Sep-2016,105,CE,1.15,1.15,1,1.05,1.05,4,21.21,100000,20000,17-AUG-2016,
OPTSTK,IDEA,29-Sep-2016,110,CE,0.7,0.7,0.7,0.7,0.7,1,5.53,130000,-5000,17-AUG-2016,
OPTSTK,IDEA,29-Sep-2016,115,CE,0,0,0,7.15,0.8,0,0,0,0,17-AUG-2016,
OPTSTK,IDEA,29-Sep-2016,120,CE,0,0,0,5.55,0.45,0,0,0,0,17-AUG-2016,
OPTSTK,IDEA,29-Sep-2016,125,CE,0,0,0,4.3,0.25,0,0,0,0,17-AUG-2016,
OPTSTK,IDEA,29-Sep-2016,130,CE,0,0,0,3.25,0.15,0,0,0,0,17-AUG-2016,
OPTSTK,IDEA,29-Sep-2016,135,CE,0,0,0,2.45,0.1,0,0,0,0,17-AUG-2016,
OPTSTK,IDEA,29-Sep-2016,140,CE,0,0,0,1.85,0.05,0,0,0,0,17-AUG-2016,
OPTSTK,IDEA,29-Sep-2016,145,CE,0,0,0,1.4,0.05,0,0,0,0,17-AUG-2016,
OPTSTK,IDEA,29-Sep-2016,150,CE,0,0,0,1.05,0.05,0,0,0,0,17-AUG-2016,
OPTSTK,IDEA,29-Sep-2016,70,PE,0,0,0,0.25,0.15,0,0,0,0,17-AUG-2016,
OPTSTK,IDEA,29-Sep-2016,75,PE,0,0,0,0.45,0.45,0,0,0,0,17-AUG-2016,
OPTSTK,IDEA,29-Sep-2016,80,PE,0,0,0,0.5,1.1,0,0,25000,0,17-AUG-2016,
OPTSTK,IDEA,29-Sep-2016,85,PE,1.1,1.45,1.1,1.3,1.3,32,138.07,175000,155000,17-AUG-2016,
OPTSTK,IDEA,29-Sep-2016,90,PE,2,2.95,2,2.95,2.95,13,60.15,100000,50000,17-AUG-2016,
OPTSTK,IDEA,29-Sep-2016,95,PE,4.7,5.4,4.35,5.1,5.1,7,34.96,50000,35000,17-AUG-2016,
OPTSTK,IDEA,29-Sep-2016,100,PE,0,0,0,5.75,9.45,0,0,0,0,17-AUG-2016,
OPTSTK,IDEA,29-Sep-2016,105,PE,0,0,0,9.55,13.1,0,0,30000,0,17-AUG-2016,
OPTSTK,IDEA,29-Sep-2016,110,PE,0,0,0,10.5,17.2,0,0,0,0,17-AUG-2016,
OPTSTK,IDEA,29-Sep-2016,115,PE,0,0,0,13.5,21.6,0,0,0,0,17-AUG-2016,
OPTSTK,IDEA,29-Sep-2016,120,PE,0,0,0,16.85,26.25,0,0,0,0,17-AUG-2016,
OPTSTK,IDEA,29-Sep-2016,125,PE,0,0,0,20.45,31,0,0,0,0,17-AUG-2016,
OPTSTK,IDEA,29-Sep-2016,130,PE,0,0,0,34,35.85,0,0,5000,0,17-AUG-2016,
OPTSTK,IDEA,29-Sep-2016,135,PE,0,0,0,39,40.75,0,0,10000,0,17-AUG-2016,
OPTSTK,IDEA,29-Sep-2016,140,PE,0,0,0,32.8,45.65,0,0,0,0,17-AUG-2016,
OPTSTK,IDEA,29-Sep-2016,145,PE,0,0,0,37.2,50.6,0,0,0,0,17-AUG-2016,
OPTSTK,IDEA,29-Sep-2016,150,PE,0,0,0,41.8,55.55,0,0,0,0,17-AUG-2016,
OPTSTK,IDEA,27-Oct-2016,70,CE,0,0,0,36.4,24.7,0,0,0,0,17-AUG-2016,
OPTSTK,IDEA,27-Oct-2016,75,CE,0,0,0,31.7,20.3,0,0,0,0,17-AUG-2016,
OPTSTK,IDEA,27-Oct-2016,80,CE,0,0,0,27.15,16.3,0,0,0,0,17-AUG-2016,
OPTSTK,IDEA,27-Oct-2016,85,CE,0,0,0,22.9,12.8,0,0,0,0,17-AUG-2016,
OPTSTK,IDEA,27-Oct-2016,90,CE,0,0,0,18.95,9.8,0,0,0,0,17-AUG-2016,
OPTSTK,IDEA,27-Oct-2016,95,CE,0,0,0,15.4,7.3,0,0,0,0,17-AUG-2016,
OPTSTK,IDEA,27-Oct-2016,100,CE,0,0,0,12.3,5.3,0,0,0,0,17-AUG-2016,
OPTSTK,IDEA,27-Oct-2016,105,CE,0,0,0,9.65,3.8,0,0,0,0,17-AUG-2016,
OPTSTK,IDEA,27-Oct-2016,110,CE,0,0,0,7.45,2.65,0,0,0,0,17-AUG-2016,
OPTSTK,IDEA,27-Oct-2016,115,CE,0,0,0,5.65,1.85,0,0,0,0,17-AUG-2016,
OPTSTK,IDEA,27-Oct-2016,120,CE,0,0,0,4.25,1.25,0,0,0,0,17-AUG-2016,
OPTSTK,IDEA,27-Oct-2016,125,CE,0,0,0,3.15,0.85,0,0,0,0,17-AUG-2016,
OPTSTK,IDEA,27-Oct-2016,130,CE,0,0,0,2.3,0.55,0,0,0,0,17-AUG-2016,
OPTSTK,IDEA,27-Oct-2016,135,CE,0,0,0,1.65,0.35,0,0,0,0,17-AUG-2016,
OPTSTK,IDEA,27-Oct-2016,140,CE,0,0,0,1.2,0.25,0,0,0,0,17-AUG-2016,
OPTSTK,IDEA,27-Oct-2016,145,CE,0,0,0,0.85,0.15,0,0,0,0,17-AUG-2016,
OPTSTK,IDEA,27-Oct-2016,150,CE,0,0,0,0.6,0.1,0,0,0,0,17-AUG-2016,
OPTSTK,IDEA,27-Oct-2016,70,PE,0,0,0,0.15,0.5,0,0,0,0,17-AUG-2016,
OPTSTK,IDEA,27-Oct-2016,75,PE,0,0,0,0.35,1.05,0,0,0,0,17-AUG-2016,
OPTSTK,IDEA,27-Oct-2016,80,PE,0,0,0,0.75,2,0,0,0,0,17-AUG-2016,
OPTSTK,IDEA,27-Oct-2016,85,PE,0,0,0,1.35,3.4,0,0,0,0,17-AUG-2016,
OPTSTK,IDEA,27-Oct-2016,90,PE,0,0,0,2.35,5.35,0,0,0,0,17-AUG-2016,
OPTSTK,IDEA,27-Oct-2016,95,PE,0,0,0,3.7,7.8,0,0,0,0,17-AUG-2016,
OPTSTK,IDEA,27-Oct-2016,100,PE,0,0,0,5.5,10.75,0,0,0,0,17-AUG-2016,
OPTSTK,IDEA,27-Oct-2016,105,PE,0,0,0,7.8,14.15,0,0,0,0,17-AUG-2016,
OPTSTK,IDEA,27-Oct-2016,110,PE,0,0,0,10.5,17.95,0,0,0,0,17-AUG-2016,
OPTSTK,IDEA,27-Oct-2016,115,PE,0,0,0,13.65,22.05,0,0,0,0,17-AUG-2016,
OPTSTK,IDEA,27-Oct-2016,120,PE,0,0,0,17.15,26.4,0,0,0,0,17-AUG-2016,
OPTSTK,IDEA,27-Oct-2016,125,PE,0,0,0,20.95,30.9,0,0,0,0,17-AUG-2016,
OPTSTK,IDEA,27-Oct-2016,130,PE,0,0,0,25,35.6,0,0,0,0,17-AUG-2016,
OPTSTK,IDEA,27-Oct-2016,135,PE,0,0,0,29.3,40.3,0,0,0,0,17-AUG-2016,
OPTSTK,IDEA,27-Oct-2016,140,PE,0,0,0,33.75,45.15,0,0,0,0,17-AUG-2016,
OPTSTK,IDEA,27-Oct-2016,145,PE,0,0,0,38.3,50,0,0,0,0,17-AUG-2016,
OPTSTK,IDEA,27-Oct-2016,150,PE,0,0,0,42.95,54.85,0,0,0,0,17-AUG-2016,
OPTSTK,IDFC,25-Aug-2016,22.5,CE,0,0,0,25.2,35,0,0,0,0,17-AUG-2016,
OPTSTK,IDFC,25-Aug-2016,25,CE,0,0,0,22.75,32.5,0,0,0,0,17-AUG-2016,
OPTSTK,IDFC,25-Aug-2016,27.5,CE,0,0,0,20.35,30,0,0,0,0,17-AUG-2016,
OPTSTK,IDFC,25-Aug-2016,30,CE,0,0,0,17.95,27.5,0,0,0,0,17-AUG-2016,
OPTSTK,IDFC,25-Aug-2016,32.5,CE,0,0,0,15.6,25,0,0,0,0,17-AUG-2016,
OPTSTK,IDFC,25-Aug-2016,35,CE,0,0,0,13.35,22.5,0,0,0,0,17-AUG-2016,
OPTSTK,IDFC,25-Aug-2016,37.5,CE,0,0,0,11.3,20.05,0,0,0,0,17-AUG-2016,
OPTSTK,IDFC,25-Aug-2016,40,CE,0,0,0,9.35,17.55,0,0,0,0,17-AUG-2016,
OPTSTK,IDFC,25-Aug-2016,42.5,CE,0,0,0,7.65,15.05,0,0,0,0,17-AUG-2016,
OPTSTK,IDFC,25-Aug-2016,45,CE,0,0,0,6.15,12.55,0,0,0,0,17-AUG-2016,
OPTSTK,IDFC,25-Aug-2016,47.5,CE,0,0,0,10.85,10.05,0,0,13200,0,17-AUG-2016,
OPTSTK,IDFC,25-Aug-2016,50,CE,0,0,0,8.4,7.55,0,0,39600,0,17-AUG-2016,
OPTSTK,IDFC,25-Aug-2016,52.5,CE,0,0,0,5.2,5.15,0,0,343200,0,17-AUG-2016,
OPTSTK,IDFC,25-Aug-2016,55,CE,2.1,3.05,2.1,3,3,10,76.03,1254000,13200,17-AUG-2016,
OPTSTK,IDFC,25-Aug-2016,57.5,CE,0.95,1.45,0.9,1.25,1.25,50,387.26,1570800,-13200,17-AUG-2016,
OPTSTK,IDFC,25-Aug-2016,60,CE,0.4,0.6,0.35,0.55,0.55,85,678.91,5860800,-369600,17-AUG-2016,
OPTSTK,IDFC,25-Aug-2016,62.5,CE,0.15,0.25,0.15,0.2,0.2,25,206.9,937200,-92400,17-AUG-2016,
OPTSTK,IDFC,25-Aug-2016,65,CE,0.1,0.1,0.05,0.1,0.1,12,103.11,3115200,0,17-AUG-2016,
OPTSTK,IDFC,25-Aug-2016,67.5,CE,0.05,0.05,0.05,0.05,0.05,8,71.33,752400,-13200,17-AUG-2016,
OPTSTK,IDFC,25-Aug-2016,70,CE,0,0,0,0.05,0,0,0,488400,0,17-AUG-2016,
OPTSTK,IDFC,25-Aug-2016,22.5,PE,0,0,0,0.05,0,0,0,0,0,17-AUG-2016,
OPTSTK,IDFC,25-Aug-2016,25,PE,0,0,0,0.05,0,0,0,0,0,17-AUG-2016,
OPTSTK,IDFC,25-Aug-2016,27.5,PE,0,0,0,0.05,0,0,0,0,0,17-AUG-2016,
OPTSTK,IDFC,25-Aug-2016,30,PE,0,0,0,0.1,0,0,0,0,0,17-AUG-2016,
OPTSTK,IDFC,25-Aug-2016,32.5,PE,0,0,0,0.25,0,0,0,0,0,17-AUG-2016,
OPTSTK,IDFC,25-Aug-2016,35,PE,0,0,0,0.45,0,0,0,0,0,17-AUG-2016,
OPTSTK,IDFC,25-Aug-2016,37.5,PE,0,0,0,0.8,0,0,0,0,0,17-AUG-2016,
OPTSTK,IDFC,25-Aug-2016,40,PE,0,0,0,1.35,0,0,0,0,0,17-AUG-2016,
OPTSTK,IDFC,25-Aug-2016,42.5,PE,0,0,0,2.1,0,0,0,0,0,17-AUG-2016,
OPTSTK,IDFC,25-Aug-2016,45,PE,0,0,0,0.05,0,0,0,171600,0,17-AUG-2016,
OPTSTK,IDFC,25-Aug-2016,47.5,PE,0.05,0.05,0.05,0.05,0.05,2,12.55,633600,26400,17-AUG-2016,
OPTSTK,IDFC,25-Aug-2016,50,PE,0.05,0.05,0.05,0.05,0.05,5,33.03,897600,-26400,17-AUG-2016,
OPTSTK,IDFC,25-Aug-2016,52.5,PE,0.2,0.2,0.15,0.15,0.15,25,173.79,1095600,-52800,17-AUG-2016,
OPTSTK,IDFC,25-Aug-2016,55,PE,0.6,0.6,0.35,0.4,0.4,34,248.91,1293600,171600,17-AUG-2016,
OPTSTK,IDFC,25-Aug-2016,57.5,PE,1.9,1.9,1.25,1.25,1.25,33,256.48,475200,-105600,17-AUG-2016,
OPTSTK,IDFC,25-Aug-2016,60,PE,3.15,3.15,3.15,3.15,3.15,1,8.33,343200,-13200,17-AUG-2016,
OPTSTK,IDFC,25-Aug-2016,62.5,PE,0,0,0,6.35,5.15,0,0,39600,0,17-AUG-2016,
OPTSTK,IDFC,25-Aug-2016,65,PE,0,0,0,11.75,7.5,0,0,13200,0,17-AUG-2016,
OPTSTK,IDFC,25-Aug-2016,67.5,PE,0,0,0,19.5,10,0,0,0,0,17-AUG-2016,
OPTSTK,IDFC,25-Aug-2016,70,PE,0,0,0,21.85,12.45,0,0,0,0,17-AUG-2016,
OPTSTK,IDFC,29-Sep-2016,22.5,CE,0,0,0,25.4,35.15,0,0,0,0,17-AUG-2016,
OPTSTK,IDFC,29-Sep-2016,25,CE,0,0,0,22.95,32.65,0,0,0,0,17-AUG-2016,
OPTSTK,IDFC,29-Sep-2016,27.5,CE,0,0,0,20.5,30.2,0,0,0,0,17-AUG-2016,
OPTSTK,IDFC,29-Sep-2016,30,CE,0,0,0,18.05,27.7,0,0,0,0,17-AUG-2016,
OPTSTK,IDFC,29-Sep-2016,32.5,CE,0,0,0,15.65,25.25,0,0,0,0,17-AUG-2016,
OPTSTK,IDFC,29-Sep-2016,35,CE,0,0,0,13.3,22.75,0,0,0,0,17-AUG-2016,
OPTSTK,IDFC,29-Sep-2016,37.5,CE,0,0,0,11.05,20.3,0,0,0,0,17-AUG-2016,
OPTSTK,IDFC,29-Sep-2016,40,CE,0,0,0,9,17.8,0,0,0,0,17-AUG-2016,
OPTSTK,IDFC,29-Sep-2016,42.5,CE,0,0,0,7.15,15.35,0,0,0,0,17-AUG-2016,
OPTSTK,IDFC,29-Sep-2016,45,CE,0,0,0,5.5,12.95,0,0,0,0,17-AUG-2016,
OPTSTK,IDFC,29-Sep-2016,47.5,CE,0,0,0,4.15,10.65,0,0,0,0,17-AUG-2016,
OPTSTK,IDFC,29-Sep-2016,50,CE,0,0,0,3.1,8.5,0,0,0,0,17-AUG-2016,
OPTSTK,IDFC,29-Sep-2016,52.5,CE,0,0,0,2.2,6.55,0,0,0,0,17-AUG-2016,
OPTSTK,IDFC,29-Sep-2016,55,CE,0,0,0,5.2,4.9,0,0,13200,0,17-AUG-2016,
OPTSTK,IDFC,29-Sep-2016,57.5,CE,0,0,0,2.5,3.5,0,0,39600,0,17-AUG-2016,
OPTSTK,IDFC,29-Sep-2016,60,CE,1.75,1.8,1.75,1.8,1.8,3,24.46,66000,-13200,17-AUG-2016,
OPTSTK,IDFC,29-Sep-2016,62.5,CE,1.1,1.1,1.1,1.1,1.1,1,8.39,26400,13200,17-AUG-2016,
OPTSTK,IDFC,29-Sep-2016,65,CE,0,0,0,1.55,1.05,0,0,79200,0,17-AUG-2016,
OPTSTK,IDFC,29-Sep-2016,67.5,CE,0,0,0,1.65,0.7,0,0,13200,0,17-AUG-2016,
OPTSTK,IDFC,29-Sep-2016,70,CE,0,0,0,0.15,0.4,0,0,0,0,17-AUG-2016,
OPTSTK,IDFC,29-Sep-2016,22.5,PE,0,0,0,0.05,0,0,0,0,0,17-AUG-2016,
OPTSTK,IDFC,29-Sep-2016,25,PE,0,0,0,0.05,0,0,0,0,0,17-AUG-2016,
OPTSTK,IDFC,29-Sep-2016,27.5,PE,0,0,0,0.05,0,0,0,0,0,17-AUG-2016,
OPTSTK,IDFC,29-Sep-2016,30,PE,0,0,0,0.05,0,0,0,0,0,17-AUG-2016,
OPTSTK,IDFC,29-Sep-2016,32.5,PE,0,0,0,0.1,0,0,0,0,0,17-AUG-2016,
OPTSTK,IDFC,29-Sep-2016,35,PE,0,0,0,0.2,0,0,0,0,0,17-AUG-2016,
OPTSTK,IDFC,29-Sep-2016,37.5,PE,0,0,0,0.4,0,0,0,0,0,17-AUG-2016,
OPTSTK,IDFC,29-Sep-2016,40,PE,0,0,0,0.8,0.05,0,0,0,0,17-AUG-2016,
OPTSTK,IDFC,29-Sep-2016,42.5,PE,0,0,0,1.4,0.05,0,0,0,0,17-AUG-2016,
OPTSTK,IDFC,29-Sep-2016,45,PE,0,0,0,2.25,0.15,0,0,0,0,17-AUG-2016,
OPTSTK,IDFC,29-Sep-2016,47.5,PE,0,0,0,3.35,0.3,0,0,0,0,17-AUG-2016,
OPTSTK,IDFC,29-Sep-2016,50,PE,0,0,0,4.7,0.65,0,0,0,0,17-AUG-2016,
OPTSTK,IDFC,29-Sep-2016,52.5,PE,0,0,0,6.3,1.2,0,0,0,0,17-AUG-2016,
OPTSTK,IDFC,29-Sep-2016,55,PE,0,0,0,1.5,2,0,0,26400,0,17-AUG-2016,
OPTSTK,IDFC,29-Sep-2016,57.5,PE,0,0,0,10.1,3.1,0,0,0,0,17-AUG-2016,
OPTSTK,IDFC,29-Sep-2016,60,PE,0,0,0,12.2,4.5,0,0,0,0,17-AUG-2016,
OPTSTK,IDFC,29-Sep-2016,62.5,PE,0,0,0,14.4,6.2,0,0,0,0,17-AUG-2016,
OPTSTK,IDFC,29-Sep-2016,65,PE,0,0,0,16.7,8.1,0,0,0,0,17-AUG-2016,
OPTSTK,IDFC,29-Sep-2016,67.5,PE,0,0,0,19.05,10.2,0,0,0,0,17-AUG-2016,
OPTSTK,IDFC,29-Sep-2016,70,PE,0,0,0,21.4,12.4,0,0,0,0,17-AUG-2016,
OPTSTK,IDFC,27-Oct-2016,27.5,CE,0,0,0,26.55,30.35,0,0,0,0,17-AUG-2016,
OPTSTK,IDFC,27-Oct-2016,30,CE,0,0,0,24.1,27.85,0,0,0,0,17-AUG-2016,
OPTSTK,IDFC,27-Oct-2016,32.5,CE,0,0,0,21.65,25.4,0,0,0,0,17-AUG-2016,
OPTSTK,IDFC,27-Oct-2016,35,CE,0,0,0,19.2,22.95,0,0,0,0,17-AUG-2016,
OPTSTK,IDFC,27-Oct-2016,37.5,CE,0,0,0,16.8,20.5,0,0,0,0,17-AUG-2016,
OPTSTK,IDFC,27-Oct-2016,40,CE,0,0,0,14.4,18.05,0,0,0,0,17-AUG-2016,
OPTSTK,IDFC,27-Oct-2016,42.5,CE,0,0,0,12.15,15.7,0,0,0,0,17-AUG-2016,
OPTSTK,IDFC,27-Oct-2016,45,CE,0,0,0,10.05,13.4,0,0,0,0,17-AUG-2016,
OPTSTK,IDFC,27-Oct-2016,47.5,CE,0,0,0,8.1,11.25,0,0,0,0,17-AUG-2016,
OPTSTK,IDFC,27-Oct-2016,50,CE,0,0,0,6.4,9.25,0,0,0,0,17-AUG-2016,
OPTSTK,IDFC,27-Oct-2016,52.5,CE,0,0,0,4.95,7.5,0,0,0,0,17-AUG-2016,
OPTSTK,IDFC,27-Oct-2016,55,CE,0,0,0,3.75,5.9,0,0,0,0,17-AUG-2016,
OPTSTK,IDFC,27-Oct-2016,57.5,CE,0,0,0,2.75,4.6,0,0,0,0,17-AUG-2016,
OPTSTK,IDFC,27-Oct-2016,60,CE,0,0,0,2,3.5,0,0,0,0,17-AUG-2016,
OPTSTK,IDFC,27-Oct-2016,62.5,CE,0,0,0,1.45,2.6,0,0,0,0,17-AUG-2016,
OPTSTK,IDFC,27-Oct-2016,65,CE,0,0,0,1,1.95,0,0,0,0,17-AUG-2016,
OPTSTK,IDFC,27-Oct-2016,67.5,CE,0,0,0,0.7,1.4,0,0,0,0,17-AUG-2016,
OPTSTK,IDFC,27-Oct-2016,70,CE,0,0,0,0.45,1,0,0,0,0,17-AUG-2016,
OPTSTK,IDFC,27-Oct-2016,27.5,PE,0,0,0,0.05,0,0,0,0,0,17-AUG-2016,
OPTSTK,IDFC,27-Oct-2016,30,PE,0,0,0,0.05,0,0,0,0,0,17-AUG-2016,
OPTSTK,IDFC,27-Oct-2016,32.5,PE,0,0,0,0.05,0,0,0,0,0,17-AUG-2016,
OPTSTK,IDFC,27-Oct-2016,35,PE,0,0,0,0.05,0.05,0,0,0,0,17-AUG-2016,
OPTSTK,IDFC,27-Oct-2016,37.5,PE,0,0,0,0.1,0.05,0,0,0,0,17-AUG-2016,
OPTSTK,IDFC,27-Oct-2016,40,PE,0,0,0,0.2,0.1,0,0,0,0,17-AUG-2016,
OPTSTK,IDFC,27-Oct-2016,42.5,PE,0,0,0,0.4,0.2,0,0,0,0,17-AUG-2016,
OPTSTK,IDFC,27-Oct-2016,45,PE,0,0,0,0.7,0.35,0,0,0,0,17-AUG-2016,
OPTSTK,IDFC,27-Oct-2016,47.5,PE,0,0,0,1.25,0.7,0,0,0,0,17-AUG-2016,
OPTSTK,IDFC,27-Oct-2016,50,PE,0,0,0,2,1.15,0,0,0,0,17-AUG-2016,
OPTSTK,IDFC,27-Oct-2016,52.5,PE,0,0,0,3,1.85,0,0,0,0,17-AUG-2016,
OPTSTK,IDFC,27-Oct-2016,55,PE,0,0,0,4.25,2.75,0,0,0,0,17-AUG-2016,
OPTSTK,IDFC,27-Oct-2016,57.5,PE,0,0,0,5.7,3.9,0,0,0,0,17-AUG-2016,
OPTSTK,IDFC,27-Oct-2016,60,PE,0,0,0,7.4,5.25,0,0,0,0,17-AUG-2016,
OPTSTK,IDFC,27-Oct-2016,62.5,PE,0,0,0,9.3,6.85,0,0,0,0,17-AUG-2016,
OPTSTK,IDFC,27-Oct-2016,65,PE,0,0,0,11.35,8.6,0,0,0,0,17-AUG-2016,
OPTSTK,IDFC,27-Oct-2016,67.5,PE,0,0,0,13.5,10.55,0,0,0,0,17-AUG-2016,
OPTSTK,IDFC,27-Oct-2016,70,PE,0,0,0,15.7,12.6,0,0,0,0,17-AUG-2016,
OPTSTK,IFCI,25-Aug-2016,5,CE,0,0,0,18.65,22.1,0,0,0,0,17-AUG-2016,
OPTSTK,IFCI,25-Aug-2016,7.5,CE,0,0,0,16.2,19.6,0,0,0,0,17-AUG-2016,
OPTSTK,IFCI,25-Aug-2016,10,CE,0,0,0,13.75,17.1,0,0,0,0,17-AUG-2016,
OPTSTK,IFCI,25-Aug-2016,12.5,CE,0,0,0,11.3,14.6,0,0,0,0,17-AUG-2016,
OPTSTK,IFCI,25-Aug-2016,15,CE,0,0,0,8.85,12.1,0,0,0,0,17-AUG-2016,
OPTSTK,IFCI,25-Aug-2016,17.5,CE,0,0,0,6.4,9.6,0,0,0,0,17-AUG-2016,
OPTSTK,IFCI,25-Aug-2016,20,CE,0,0,0,9.4,7.1,0,0,22000,0,17-AUG-2016,
OPTSTK,IFCI,25-Aug-2016,22.5,CE,0,0,0,4.2,4.6,0,0,22000,0,17-AUG-2016,
OPTSTK,IFCI,25-Aug-2016,25,CE,2.2,2.2,1.95,1.95,1.95,5,29.82,902000,-44000,17-AUG-2016,
OPTSTK,IFCI,25-Aug-2016,27.5,CE,0.35,0.45,0.3,0.35,0.35,135,828.02,6468000,330000,17-AUG-2016,
OPTSTK,IFCI,25-Aug-2016,30,CE,0.1,0.1,0.05,0.1,0.1,56,370.64,11616000,110000,17-AUG-2016,
OPTSTK,IFCI,25-Aug-2016,32.5,CE,0.05,0.05,0.05,0.05,0.05,2,14.32,5522000,0,17-AUG-2016,
OPTSTK,IFCI,25-Aug-2016,35,CE,0,0,0,0.05,0,0,0,6028000,0,17-AUG-2016,
OPTSTK,IFCI,25-Aug-2016,37.5,CE,0,0,0,0.05,0,0,0,792000,0,17-AUG-2016,
OPTSTK,IFCI,25-Aug-2016,40,CE,0,0,0,0.05,0,0,0,418000,0,17-AUG-2016,
OPTSTK,IFCI,25-Aug-2016,42.5,CE,0,0,0,0.05,0,0,0,0,0,17-AUG-2016,
OPTSTK,IFCI,25-Aug-2016,45,CE,0,0,0,0.05,0,0,0,0,0,17-AUG-2016,
OPTSTK,IFCI,25-Aug-2016,5,PE,0,0,0,0.05,0,0,0,0,0,17-AUG-2016,
OPTSTK,IFCI,25-Aug-2016,7.5,PE,0,0,0,0.05,0,0,0,0,0,17-AUG-2016,
OPTSTK,IFCI,25-Aug-2016,10,PE,0,0,0,0.05,0,0,0,0,0,17-AUG-2016,
OPTSTK,IFCI,25-Aug-2016,12.5,PE,0,0,0,0.05,0,0,0,0,0,17-AUG-2016,
OPTSTK,IFCI,25-Aug-2016,15,PE,0,0,0,0.05,0,0,0,0,0,17-AUG-2016,
OPTSTK,IFCI,25-Aug-2016,17.5,PE,0,0,0,0.05,0,0,0,0,0,17-AUG-2016,
OPTSTK,IFCI,25-Aug-2016,20,PE,0,0,0,0.05,0,0,0,66000,0,17-AUG-2016,
OPTSTK,IFCI,25-Aug-2016,22.5,PE,0,0,0,0.05,0,0,0,1012000,0,17-AUG-2016,
OPTSTK,IFCI,25-Aug-2016,25,PE,0.1,0.1,0.05,0.1,0.1,23,126.98,2552000,0,17-AUG-2016,
OPTSTK,IFCI,25-Aug-2016,27.5,PE,0.85,0.95,0.7,0.85,0.85,33,205.72,2266000,-66000,17-AUG-2016,
OPTSTK,IFCI,25-Aug-2016,30,PE,2.85,3.15,2.85,3.1,3.1,24,174.11,1716000,154000,17-AUG-2016,
OPTSTK,IFCI,25-Aug-2016,32.5,PE,0,0,0,4.25,5.4,0,0,110000,0,17-AUG-2016,
OPTSTK,IFCI,25-Aug-2016,35,PE,0,0,0,5.3,7.9,0,0,44000,0,17-AUG-2016,
OPTSTK,IFCI,25-Aug-2016,37.5,PE,0,0,0,7.25,10.4,0,0,22000,0,17-AUG-2016,
OPTSTK,IFCI,25-Aug-2016,40,PE,0,0,0,9.65,12.9,0,0,22000,0,17-AUG-2016,
OPTSTK,IFCI,25-Aug-2016,42.5,PE,0,0,0,18.2,15.4,0,0,0,0,17-AUG-2016,
OPTSTK,IFCI,25-Aug-2016,45,PE,0,0,0,20.65,17.9,0,0,0,0,17-AUG-2016,
OPTSTK,IFCI,29-Sep-2016,5,CE,0,0,0,21.85,22.1,0,0,0,0,17-AUG-2016,
OPTSTK,IFCI,29-Sep-2016,7.5,CE,0,0,0,19.4,19.65,0,0,0,0,17-AUG-2016,
OPTSTK,IFCI,29-Sep-2016,10,CE,0,0,0,16.95,17.15,0,0,0,0,17-AUG-2016,
OPTSTK,IFCI,29-Sep-2016,12.5,CE,0,0,0,14.5,14.65,0,0,0,0,17-AUG-2016,
OPTSTK,IFCI,29-Sep-2016,15,CE,0,0,0,12.05,12.2,0,0,0,0,17-AUG-2016,
OPTSTK,IFCI,29-Sep-2016,17.5,CE,0,0,0,9.6,9.7,0,0,0,0,17-AUG-2016,
OPTSTK,IFCI,29-Sep-2016,20,CE,0,0,0,7.25,7.25,0,0,0,0,17-AUG-2016,
OPTSTK,IFCI,29-Sep-2016,22.5,CE,0,0,0,5.1,4.9,0,0,0,0,17-AUG-2016,
OPTSTK,IFCI,29-Sep-2016,25,CE,2.45,2.45,2.45,2.45,2.45,1,6.03,22000,22000,17-AUG-2016,
OPTSTK,IFCI,29-Sep-2016,27.5,CE,1.2,1.25,1.1,1.25,1.25,7,44.15,264000,66000,17-AUG-2016,
OPTSTK,IFCI,29-Sep-2016,30,CE,0.5,0.55,0.45,0.5,0.5,9,60.39,858000,132000,17-AUG-2016,
OPTSTK,IFCI,29-Sep-2016,32.5,CE,0.25,0.25,0.2,0.2,0.2,2,14.39,66000,22000,17-AUG-2016,
OPTSTK,IFCI,29-Sep-2016,35,CE,0,0,0,0.3,0.1,0,0,0,0,17-AUG-2016,
OPTSTK,IFCI,29-Sep-2016,37.5,CE,0,0,0,0.15,0.05,0,0,0,0,17-AUG-2016,
OPTSTK,IFCI,29-Sep-2016,40,CE,0,0,0,0.1,0,0,0,0,0,17-AUG-2016,
OPTSTK,IFCI,29-Sep-2016,42.5,CE,0,0,0,0.05,0,0,0,0,0,17-AUG-2016,
OPTSTK,IFCI,29-Sep-2016,45,CE,0,0,0,0.05,0,0,0,0,0,17-AUG-2016,
OPTSTK,IFCI,29-Sep-2016,5,PE,0,0,0,0.05,0,0,0,0,0,17-AUG-2016,
OPTSTK,IFCI,29-Sep-2016,7.5,PE,0,0,0,0.05,0,0,0,0,0,17-AUG-2016,
OPTSTK,IFCI,29-Sep-2016,10,PE,0,0,0,0.05,0,0,0,0,0,17-AUG-2016,
OPTSTK,IFCI,29-Sep-2016,12.5,PE,0,0,0,0.05,0,0,0,0,0,17-AUG-2016,
OPTSTK,IFCI,29-Sep-2016,15,PE,0,0,0,0.05,0,0,0,0,0,17-AUG-2016,
OPTSTK,IFCI,29-Sep-2016,17.5,PE,0,0,0,0.05,0,0,0,0,0,17-AUG-2016,
OPTSTK,IFCI,29-Sep-2016,20,PE,0,0,0,0.15,0.05,0,0,0,0,17-AUG-2016,
OPTSTK,IFCI,29-Sep-2016,22.5,PE,0,0,0,0.2,0.15,0,0,44000,0,17-AUG-2016,
OPTSTK,IFCI,29-Sep-2016,25,PE,0.4,0.5,0.4,0.5,0.5,5,27.98,198000,110000,17-AUG-2016,
OPTSTK,IFCI,29-Sep-2016,27.5,PE,1.55,1.55,1.55,1.55,1.55,1,6.39,44000,22000,17-AUG-2016,
OPTSTK,IFCI,29-Sep-2016,30,PE,3,3,3,3,3,1,7.26,22000,22000,17-AUG-2016,
OPTSTK,IFCI,29-Sep-2016,32.5,PE,0,0,0,5.75,5.4,0,0,0,0,17-AUG-2016,
OPTSTK,IFCI,29-Sep-2016,35,PE,0,0,0,7.95,7.75,0,0,0,0,17-AUG-2016,
OPTSTK,IFCI,29-Sep-2016,37.5,PE,0,0,0,10.25,10.2,0,0,0,0,17-AUG-2016,
OPTSTK,IFCI,29-Sep-2016,40,PE,0,0,0,12.6,12.65,0,0,0,0,17-AUG-2016,
OPTSTK,IFCI,29-Sep-2016,42.5,PE,0,0,0,15.05,15.15,0,0,0,0,17-AUG-2016,
OPTSTK,IFCI,29-Sep-2016,45,PE,0,0,0,17.5,17.6,0,0,0,0,17-AUG-2016,
OPTSTK,IFCI,27-Oct-2016,5,CE,0,0,0,24.5,22.15,0,0,0,0,17-AUG-2016,
OPTSTK,IFCI,27-Oct-2016,7.5,CE,0,0,0,22.05,19.65,0,0,0,0,17-AUG-2016,
OPTSTK,IFCI,27-Oct-2016,10,CE,0,0,0,19.6,17.2,0,0,0,0,17-AUG-2016,
OPTSTK,IFCI,27-Oct-2016,12.5,CE,0,0,0,17.15,14.75,0,0,0,0,17-AUG-2016,
OPTSTK,IFCI,27-Oct-2016,15,CE,0,0,0,14.7,12.25,0,0,0,0,17-AUG-2016,
OPTSTK,IFCI,27-Oct-2016,17.5,CE,0,0,0,12.2,9.8,0,0,0,0,17-AUG-2016,
OPTSTK,IFCI,27-Oct-2016,20,CE,0,0,0,9.8,7.4,0,0,0,0,17-AUG-2016,
OPTSTK,IFCI,27-Oct-2016,22.5,CE,0,0,0,7.45,5.2,0,0,0,0,17-AUG-2016,
OPTSTK,IFCI,27-Oct-2016,25,CE,0,0,0,5.35,3.3,0,0,0,0,17-AUG-2016,
OPTSTK,IFCI,27-Oct-2016,27.5,CE,0,0,0,3.6,1.9,0,0,0,0,17-AUG-2016,
OPTSTK,IFCI,27-Oct-2016,30,CE,0,0,0,2.3,1.05,0,0,0,0,17-AUG-2016,
OPTSTK,IFCI,27-Oct-2016,32.5,CE,0,0,0,1.35,0.5,0,0,0,0,17-AUG-2016,
OPTSTK,IFCI,27-Oct-2016,35,CE,0,0,0,0.75,0.25,0,0,0,0,17-AUG-2016,
OPTSTK,IFCI,27-Oct-2016,37.5,CE,0,0,0,0.4,0.1,0,0,0,0,17-AUG-2016,
OPTSTK,IFCI,27-Oct-2016,40,CE,0,0,0,0.25,0.05,0,0,0,0,17-AUG-2016,
OPTSTK,IFCI,27-Oct-2016,42.5,CE,0,0,0,0.1,0.05,0,0,0,0,17-AUG-2016,
OPTSTK,IFCI,27-Oct-2016,45,CE,0,0,0,0.05,0.05,0,0,0,0,17-AUG-2016,
OPTSTK,IFCI,27-Oct-2016,5,PE,0,0,0,0.05,0,0,0,0,0,17-AUG-2016,
OPTSTK,IFCI,27-Oct-2016,7.5,PE,0,0,0,0.05,0,0,0,0,0,17-AUG-2016,
OPTSTK,IFCI,27-Oct-2016,10,PE,0,0,0,0.05,0,0,0,0,0,17-AUG-2016,
OPTSTK,IFCI,27-Oct-2016,12.5,PE,0,0,0,0.05,0,0,0,0,0,17-AUG-2016,
OPTSTK,IFCI,27-Oct-2016,15,PE,0,0,0,0.05,0,0,0,0,0,17-AUG-2016,
OPTSTK,IFCI,27-Oct-2016,17.5,PE,0,0,0,0.05,0.05,0,0,0,0,17-AUG-2016,
OPTSTK,IFCI,27-Oct-2016,20,PE,0,0,0,0.05,0.1,0,0,0,0,17-AUG-2016,
OPTSTK,IFCI,27-Oct-2016,22.5,PE,0,0,0,0.2,0.35,0,0,0,0,17-AUG-2016,
OPTSTK,IFCI,27-Oct-2016,25,PE,0,0,0,0.55,0.9,0,0,0,0,17-AUG-2016,
OPTSTK,IFCI,27-Oct-2016,27.5,PE,0,0,0,1.25,2,0,0,0,0,17-AUG-2016,
OPTSTK,IFCI,27-Oct-2016,30,PE,0,0,0,2.35,3.6,0,0,0,0,17-AUG-2016,
OPTSTK,IFCI,27-Oct-2016,32.5,PE,0,0,0,3.9,5.55,0,0,0,0,17-AUG-2016,
OPTSTK,IFCI,27-Oct-2016,35,PE,0,0,0,5.75,7.75,0,0,0,0,17-AUG-2016,
OPTSTK,IFCI,27-Oct-2016,37.5,PE,0,0,0,7.9,10.05,0,0,0,0,17-AUG-2016,
OPTSTK,IFCI,27-Oct-2016,40,PE,0,0,0,10.15,12.5,0,0,0,0,17-AUG-2016,
OPTSTK,IFCI,27-Oct-2016,42.5,PE,0,0,0,12.5,14.9,0,0,0,0,17-AUG-2016,
OPTSTK,IFCI,27-Oct-2016,45,PE,0,0,0,14.9,17.4,0,0,0,0,17-AUG-2016,
OPTSTK,IGL,25-Aug-2016,360,CE,0,0,0,215.55,323.5,0,0,0,0,17-AUG-2016,
OPTSTK,IGL,25-Aug-2016,380,CE,0,0,0,195.9,303.55,0,0,0,0,17-AUG-2016,
OPTSTK,IGL,25-Aug-2016,400,CE,0,0,0,176.3,283.55,0,0,0,0,17-AUG-2016,
OPTSTK,IGL,25-Aug-2016,420,CE,0,0,0,156.7,263.6,0,0,0,0,17-AUG-2016,
OPTSTK,IGL,25-Aug-2016,430,CE,0,0,0,202.25,253.6,0,0,0,0,17-AUG-2016,
OPTSTK,IGL,25-Aug-2016,440,CE,0,0,0,137.25,243.65,0,0,0,0,17-AUG-2016,
OPTSTK,IGL,25-Aug-2016,450,CE,0,0,0,182.5,233.65,0,0,0,0,17-AUG-2016,
OPTSTK,IGL,25-Aug-2016,460,CE,0,0,0,118.05,223.65,0,0,0,0,17-AUG-2016,
OPTSTK,IGL,25-Aug-2016,470,CE,0,0,0,162.75,213.65,0,0,0,0,17-AUG-2016,
OPTSTK,IGL,25-Aug-2016,480,CE,0,0,0,99.45,203.7,0,0,0,0,17-AUG-2016,
OPTSTK,IGL,25-Aug-2016,490,CE,0,0,0,143,193.7,0,0,0,0,17-AUG-2016,
OPTSTK,IGL,25-Aug-2016,500,CE,0,0,0,81.7,183.7,0,0,0,0,17-AUG-2016,
OPTSTK,IGL,25-Aug-2016,510,CE,0,0,0,123.5,173.75,0,0,0,0,17-AUG-2016,
OPTSTK,IGL,25-Aug-2016,520,CE,0,0,0,65.35,163.75,0,0,0,0,17-AUG-2016,
OPTSTK,IGL,25-Aug-2016,530,CE,0,0,0,104.3,153.75,0,0,0,0,17-AUG-2016,
OPTSTK,IGL,25-Aug-2016,540,CE,0,0,0,50.7,143.8,0,0,0,0,17-AUG-2016,
OPTSTK,IGL,25-Aug-2016,550,CE,0,0,0,85.8,133.8,0,0,0,0,17-AUG-2016,
OPTSTK,IGL,25-Aug-2016,560,CE,0,0,0,38.1,123.8,0,0,0,0,17-AUG-2016,
OPTSTK,IGL,25-Aug-2016,570,CE,0,0,0,68.45,113.8,0,0,0,0,17-AUG-2016,
OPTSTK,IGL,25-Aug-2016,580,CE,0,0,0,27.7,103.85,0,0,0,0,17-AUG-2016,
OPTSTK,IGL,25-Aug-2016,590,CE,0,0,0,52.8,93.85,0,0,0,0,17-AUG-2016,
OPTSTK,IGL,25-Aug-2016,600,CE,0,0,0,53.7,83.85,0,0,5500,0,17-AUG-2016,
OPTSTK,IGL,25-Aug-2016,610,CE,0,0,0,39.15,73.9,0,0,0,0,17-AUG-2016,
OPTSTK,IGL,25-Aug-2016,620,CE,0,0,0,49.5,63.95,0,0,7700,0,17-AUG-2016,
OPTSTK,IGL,25-Aug-2016,630,CE,0,0,0,29.5,54.05,0,0,2200,0,17-AUG-2016,
OPTSTK,IGL,25-Aug-2016,640,CE,0,0,0,34.9,44.4,0,0,29700,0,17-AUG-2016,
OPTSTK,IGL,25-Aug-2016,650,CE,40,40,40,40,40,1,7.59,84700,-1100,17-AUG-2016,
OPTSTK,IGL,25-Aug-2016,660,CE,0,0,0,23,26.5,0,0,60500,0,17-AUG-2016,
OPTSTK,IGL,25-Aug-2016,670,CE,0,0,0,18.25,18.95,0,0,25300,0,17-AUG-2016,
OPTSTK,IGL,25-Aug-2016,680,CE,14,18.5,13.3,15.3,15.3,44,336.57,182600,15400,17-AUG-2016,
OPTSTK,IGL,25-Aug-2016,690,CE,11,13.65,9.5,11,11,32,246.93,55000,7700,17-AUG-2016,
OPTSTK,IGL,25-Aug-2016,700,CE,7.05,9.5,6.55,7.6,7.6,54,420.64,80300,5500,17-AUG-2016,
OPTSTK,IGL,25-Aug-2016,710,CE,0,0,0,6.45,2.45,0,0,4400,0,17-AUG-2016,
OPTSTK,IGL,25-Aug-2016,720,CE,3.9,4,3,3,3,8,63.67,7700,-2200,17-AUG-2016,
OPTSTK,IGL,25-Aug-2016,730,CE,0,0,0,3,0.55,0,0,1100,0,17-AUG-2016,
OPTSTK,IGL,25-Aug-2016,740,CE,0,0,0,1.25,0.25,0,0,1100,0,17-AUG-2016,
OPTSTK,IGL,25-Aug-2016,750,CE,0,0,0,1.55,0.1,0,0,0,0,17-AUG-2016,
OPTSTK,IGL,25-Aug-2016,760,CE,0,0,0,0.4,0.05,0,0,0,0,17-AUG-2016,
OPTSTK,IGL,25-Aug-2016,770,CE,0,0,0,0.85,0.05,0,0,0,0,17-AUG-2016,
OPTSTK,IGL,25-Aug-2016,780,CE,0,0,0,0.25,0,0,0,0,0,17-AUG-2016,
OPTSTK,IGL,25-Aug-2016,790,CE,0,0,0,0.45,0,0,0,0,0,17-AUG-2016,
OPTSTK,IGL,25-Aug-2016,360,PE,0,0,0,0.05,0,0,0,0,0,17-AUG-2016,
OPTSTK,IGL,25-Aug-2016,380,PE,0,0,0,0.05,0,0,0,0,0,17-AUG-2016,
OPTSTK,IGL,25-Aug-2016,400,PE,0,0,0,0.05,0,0,0,0,0,17-AUG-2016,
OPTSTK,IGL,25-Aug-2016,420,PE,0,0,0,0.1,0,0,0,0,0,17-AUG-2016,
OPTSTK,IGL,25-Aug-2016,430,PE,0,0,0,0.05,0,0,0,0,0,17-AUG-2016,
OPTSTK,IGL,25-Aug-2016,440,PE,0,0,0,0.3,0,0,0,0,0,17-AUG-2016,
OPTSTK,IGL,25-Aug-2016,450,PE,0,0,0,0.05,0,0,0,0,0,17-AUG-2016,
OPTSTK,IGL,25-Aug-2016,460,PE,0,0,0,0.75,0,0,0,0,0,17-AUG-2016,
OPTSTK,IGL,25-Aug-2016,470,PE,0,0,0,0.05,0,0,0,0,0,17-AUG-2016,
OPTSTK,IGL,25-Aug-2016,480,PE,0,0,0,1.8,0,0,0,0,0,17-AUG-2016,
OPTSTK,IGL,25-Aug-2016,490,PE,0,0,0,0.15,0,0,0,0,0,17-AUG-2016,
OPTSTK,IGL,25-Aug-2016,500,PE,0,0,0,3.7,0,0,0,0,0,17-AUG-2016,
OPTSTK,IGL,25-Aug-2016,510,PE,0,0,0,0.35,0,0,0,0,0,17-AUG-2016,
OPTSTK,IGL,25-Aug-2016,520,PE,0,0,0,6.95,0,0,0,0,0,17-AUG-2016,
OPTSTK,IGL,25-Aug-2016,530,PE,0,0,0,0.95,0,0,0,0,0,17-AUG-2016,
OPTSTK,IGL,25-Aug-2016,540,PE,0,0,0,11.95,0,0,0,0,0,17-AUG-2016,
OPTSTK,IGL,25-Aug-2016,550,PE,0,0,0,2.25,0,0,0,0,0,17-AUG-2016,
OPTSTK,IGL,25-Aug-2016,560,PE,0,0,0,19,0,0,0,0,0,17-AUG-2016,
OPTSTK,IGL,25-Aug-2016,570,PE,0,0,0,4.7,0,0,0,0,0,17-AUG-2016,
OPTSTK,IGL,25-Aug-2016,580,PE,0,0,0,7,0,0,0,1100,0,17-AUG-2016,
OPTSTK,IGL,25-Aug-2016,590,PE,0,0,0,10.15,0,0,0,4400,0,17-AUG-2016,
OPTSTK,IGL,25-Aug-2016,600,PE,0.5,0.5,0.5,0.5,0.5,1,6.6,19800,-1100,17-AUG-2016,
OPTSTK,IGL,25-Aug-2016,610,PE,0,0,0,7,0.05,0,0,7700,0,17-AUG-2016,
OPTSTK,IGL,25-Aug-2016,620,PE,0.8,0.8,0.8,0.8,0.8,1,6.82,28600,0,17-AUG-2016,
OPTSTK,IGL,25-Aug-2016,630,PE,0,0,0,1.8,0.2,0,0,3300,0,17-AUG-2016,
OPTSTK,IGL,25-Aug-2016,640,PE,1.5,1.5,1.5,1.5,1.5,1,7.05,37400,-1100,17-AUG-2016,
OPTSTK,IGL,25-Aug-2016,650,PE,2.1,2.1,2.05,2.1,2.1,4,28.69,20900,-1100,17-AUG-2016,
OPTSTK,IGL,25-Aug-2016,660,PE,5,5,3.5,3.5,3.5,9,65.77,40700,4400,17-AUG-2016,
OPTSTK,IGL,25-Aug-2016,670,PE,7,9,7,7.05,7.05,8,59.64,15400,4400,17-AUG-2016,
OPTSTK,IGL,25-Aug-2016,680,PE,10.15,10.15,8.1,9.2,9.2,11,83.42,18700,3300,17-AUG-2016,
OPTSTK,IGL,25-Aug-2016,690,PE,13,13,13,13,13,2,15.46,3300,2200,17-AUG-2016,
OPTSTK,IGL,25-Aug-2016,700,PE,0,0,0,22.5,20.6,0,0,3300,0,17-AUG-2016,
OPTSTK,IGL,25-Aug-2016,710,PE,0,0,0,79.45,28.45,0,0,0,0,17-AUG-2016,
OPTSTK,IGL,25-Aug-2016,720,PE,0,0,0,139.3,37.2,0,0,0,0,17-AUG-2016,
OPTSTK,IGL,25-Aug-2016,730,PE,0,0,0,97.25,46.5,0,0,0,0,17-AUG-2016,
OPTSTK,IGL,25-Aug-2016,740,PE,0,0,0,158.4,56.2,0,0,0,0,17-AUG-2016,
OPTSTK,IGL,25-Aug-2016,750,PE,0,0,0,115.8,66.05,0,0,0,0,17-AUG-2016,
OPTSTK,IGL,25-Aug-2016,760,PE,0,0,0,177.75,75.95,0,0,0,0,17-AUG-2016,
OPTSTK,IGL,25-Aug-2016,770,PE,0,0,0,134.9,85.95,0,0,0,0,17-AUG-2016,
OPTSTK,IGL,25-Aug-2016,780,PE,0,0,0,197.2,95.9,0,0,0,0,17-AUG-2016,
OPTSTK,IGL,25-Aug-2016,790,PE,0,0,0,154.25,105.9,0,0,0,0,17-AUG-2016,
OPTSTK,IGL,29-Sep-2016,430,CE,0,0,0,205.2,256.45,0,0,0,0,17-AUG-2016,
OPTSTK,IGL,29-Sep-2016,440,CE,0,0,0,195.4,246.55,0,0,0,0,17-AUG-2016,
OPTSTK,IGL,29-Sep-2016,450,CE,0,0,0,185.6,236.6,0,0,0,0,17-AUG-2016,
OPTSTK,IGL,29-Sep-2016,460,CE,0,0,0,175.85,226.7,0,0,0,0,17-AUG-2016,
OPTSTK,IGL,29-Sep-2016,470,CE,0,0,0,166.1,216.8,0,0,0,0,17-AUG-2016,
OPTSTK,IGL,29-Sep-2016,480,CE,0,0,0,156.4,206.85,0,0,0,0,17-AUG-2016,
OPTSTK,IGL,29-Sep-2016,490,CE,0,0,0,146.8,196.95,0,0,0,0,17-AUG-2016,
OPTSTK,IGL,29-Sep-2016,500,CE,0,0,0,137.25,187,0,0,0,0,17-AUG-2016,
OPTSTK,IGL,29-Sep-2016,510,CE,0,0,0,127.85,177.1,0,0,0,0,17-AUG-2016,
OPTSTK,IGL,29-Sep-2016,520,CE,0,0,0,118.6,167.2,0,0,0,0,17-AUG-2016,
OPTSTK,IGL,29-Sep-2016,530,CE,0,0,0,109.5,157.3,0,0,0,0,17-AUG-2016,
OPTSTK,IGL,29-Sep-2016,540,CE,0,0,0,100.65,147.4,0,0,0,0,17-AUG-2016,
OPTSTK,IGL,29-Sep-2016,550,CE,0,0,0,92.05,137.55,0,0,0,0,17-AUG-2016,
OPTSTK,IGL,29-Sep-2016,560,CE,0,0,0,83.8,127.7,0,0,0,0,17-AUG-2016,
OPTSTK,IGL,29-Sep-2016,570,CE,0,0,0,75.85,117.95,0,0,0,0,17-AUG-2016,
OPTSTK,IGL,29-Sep-2016,580,CE,0,0,0,68.3,108.3,0,0,0,0,17-AUG-2016,
OPTSTK,IGL,29-Sep-2016,590,CE,0,0,0,61.15,98.75,0,0,0,0,17-AUG-2016,
OPTSTK,IGL,29-Sep-2016,600,CE,0,0,0,54.4,89.4,0,0,0,0,17-AUG-2016,
OPTSTK,IGL,29-Sep-2016,610,CE,0,0,0,48.15,80.35,0,0,0,0,17-AUG-2016,
OPTSTK,IGL,29-Sep-2016,620,CE,0,0,0,42.35,71.55,0,0,0,0,17-AUG-2016,
OPTSTK,IGL,29-Sep-2016,630,CE,0,0,0,37.05,63.15,0,0,0,0,17-AUG-2016,
OPTSTK,IGL,29-Sep-2016,640,CE,0,0,0,32.2,55.15,0,0,0,0,17-AUG-2016,
OPTSTK,IGL,29-Sep-2016,650,CE,0,0,0,27.85,47.75,0,0,0,0,17-AUG-2016,
OPTSTK,IGL,29-Sep-2016,660,CE,0,0,0,23.9,40.8,0,0,0,0,17-AUG-2016,
OPTSTK,IGL,29-Sep-2016,670,CE,0,0,0,20.4,34.55,0,0,0,0,17-AUG-2016,
OPTSTK,IGL,29-Sep-2016,680,CE,0,0,0,15.5,28.9,0,0,1100,0,17-AUG-2016,
OPTSTK,IGL,29-Sep-2016,690,CE,0,0,0,14.65,23.9,0,0,0,0,17-AUG-2016,
OPTSTK,IGL,29-Sep-2016,700,CE,0,0,0,13,19.5,0,0,0,0,17-AUG-2016,
OPTSTK,IGL,29-Sep-2016,710,CE,0,0,0,10.3,15.75,0,0,0,0,17-AUG-2016,
OPTSTK,IGL,29-Sep-2016,720,CE,0,0,0,8.55,12.55,0,0,0,0,17-AUG-2016,
OPTSTK,IGL,29-Sep-2016,730,CE,0,0,0,7.05,9.95,0,0,0,0,17-AUG-2016,
OPTSTK,IGL,29-Sep-2016,740,CE,0,0,0,5.8,7.7,0,0,0,0,17-AUG-2016,
OPTSTK,IGL,29-Sep-2016,750,CE,0,0,0,4.75,5.95,0,0,0,0,17-AUG-2016,
OPTSTK,IGL,29-Sep-2016,760,CE,0,0,0,3.85,4.5,0,0,0,0,17-AUG-2016,
OPTSTK,IGL,29-Sep-2016,770,CE,0,0,0,3.15,3.4,0,0,0,0,17-AUG-2016,
OPTSTK,IGL,29-Sep-2016,780,CE,0,0,0,2.55,2.5,0,0,0,0,17-AUG-2016,
OPTSTK,IGL,29-Sep-2016,790,CE,0,0,0,2.05,1.85,0,0,0,0,17-AUG-2016,
OPTSTK,IGL,29-Sep-2016,430,PE,0,0,0,0.05,0,0,0,0,0,17-AUG-2016,
OPTSTK,IGL,29-Sep-2016,440,PE,0,0,0,0.05,0,0,0,0,0,17-AUG-2016,
OPTSTK,IGL,29-Sep-2016,450,PE,0,0,0,0.1,0,0,0,0,0,17-AUG-2016,
OPTSTK,IGL,29-Sep-2016,460,PE,0,0,0,0.15,0,0,0,0,0,17-AUG-2016,
OPTSTK,IGL,29-Sep-2016,470,PE,0,0,0,0.25,0,0,0,0,0,17-AUG-2016,
OPTSTK,IGL,29-Sep-2016,480,PE,0,0,0,0.4,0,0,0,0,0,17-AUG-2016,
OPTSTK,IGL,29-Sep-2016,490,PE,0,0,0,0.6,0,0,0,0,0,17-AUG-2016,
OPTSTK,IGL,29-Sep-2016,500,PE,0,0,0,0.9,0,0,0,0,0,17-AUG-2016,
OPTSTK,IGL,29-Sep-2016,510,PE,0,0,0,1.3,0.05,0,0,0,0,17-AUG-2016,
OPTSTK,IGL,29-Sep-2016,520,PE,0,0,0,1.85,0.05,0,0,0,0,17-AUG-2016,
OPTSTK,IGL,29-Sep-2016,530,PE,0,0,0,2.6,0.05,0,0,0,0,17-AUG-2016,
OPTSTK,IGL,29-Sep-2016,540,PE,0,0,0,3.55,0.1,0,0,0,0,17-AUG-2016,
OPTSTK,IGL,29-Sep-2016,550,PE,0,0,0,4.8,0.15,0,0,0,0,17-AUG-2016,
OPTSTK,IGL,29-Sep-2016,560,PE,0,0,0,6.35,0.25,0,0,0,0,17-AUG-2016,
OPTSTK,IGL,29-Sep-2016,570,PE,0,0,0,8.2,0.4,0,0,0,0,17-AUG-2016,
OPTSTK,IGL,29-Sep-2016,580,PE,0,0,0,10.5,0.65,0,0,0,0,17-AUG-2016,
OPTSTK,IGL,29-Sep-2016,590,PE,0,0,0,13.15,1.05,0,0,0,0,17-AUG-2016,
OPTSTK,IGL,29-Sep-2016,600,PE,0,0,0,16.25,1.6,0,0,0,0,17-AUG-2016,
OPTSTK,IGL,29-Sep-2016,610,PE,0,0,0,19.8,2.45,0,0,0,0,17-AUG-2016,
OPTSTK,IGL,29-Sep-2016,620,PE,0,0,0,23.85,3.55,0,0,0,0,17-AUG-2016,
OPTSTK,IGL,29-Sep-2016,630,PE,0,0,0,28.35,5.1,0,0,0,0,17-AUG-2016,
OPTSTK,IGL,29-Sep-2016,640,PE,0,0,0,33.35,7.05,0,0,0,0,17-AUG-2016,
OPTSTK,IGL,29-Sep-2016,650,PE,0,0,0,38.8,9.55,0,0,0,0,17-AUG-2016,
OPTSTK,IGL,29-Sep-2016,660,PE,0,0,0,44.7,12.55,0,0,0,0,17-AUG-2016,
OPTSTK,IGL,29-Sep-2016,670,PE,0,0,0,51.05,16.15,0,0,0,0,17-AUG-2016,
OPTSTK,IGL,29-Sep-2016,680,PE,0,0,0,57.8,20.45,0,0,0,0,17-AUG-2016,
OPTSTK,IGL,29-Sep-2016,690,PE,0,0,0,64.9,25.35,0,0,0,0,17-AUG-2016,
OPTSTK,IGL,29-Sep-2016,700,PE,0,0,0,72.4,30.9,0,0,0,0,17-AUG-2016,
OPTSTK,IGL,29-Sep-2016,710,PE,0,0,0,80.2,37.05,0,0,0,0,17-AUG-2016,
OPTSTK,IGL,29-Sep-2016,720,PE,0,0,0,88.25,43.8,0,0,0,0,17-AUG-2016,
OPTSTK,IGL,29-Sep-2016,730,PE,0,0,0,96.6,51.05,0,0,0,0,17-AUG-2016,
OPTSTK,IGL,29-Sep-2016,740,PE,0,0,0,105.2,58.75,0,0,0,0,17-AUG-2016,
OPTSTK,IGL,29-Sep-2016,750,PE,0,0,0,113.95,66.9,0,0,0,0,17-AUG-2016,
OPTSTK,IGL,29-Sep-2016,760,PE,0,0,0,122.9,75.4,0,0,0,0,17-AUG-2016,
OPTSTK,IGL,29-Sep-2016,770,PE,0,0,0,132,84.2,0,0,0,0,17-AUG-2016,
OPTSTK,IGL,29-Sep-2016,780,PE,0,0,0,141.2,93.25,0,0,0,0,17-AUG-2016,
OPTSTK,IGL,29-Sep-2016,790,PE,0,0,0,150.5,102.5,0,0,0,0,17-AUG-2016,
OPTSTK,IGL,27-Oct-2016,440,CE,0,0,0,203.85,248.85,0,0,0,0,17-AUG-2016,
OPTSTK,IGL,27-Oct-2016,450,CE,0,0,0,194,238.95,0,0,0,0,17-AUG-2016,
OPTSTK,IGL,27-Oct-2016,460,CE,0,0,0,184.2,229.1,0,0,0,0,17-AUG-2016,
OPTSTK,IGL,27-Oct-2016,470,CE,0,0,0,174.35,219.25,0,0,0,0,17-AUG-2016,
OPTSTK,IGL,27-Oct-2016,480,CE,0,0,0,164.55,209.4,0,0,0,0,17-AUG-2016,
OPTSTK,IGL,27-Oct-2016,490,CE,0,0,0,154.8,199.55,0,0,0,0,17-AUG-2016,
OPTSTK,IGL,27-Oct-2016,500,CE,0,0,0,145.05,189.7,0,0,0,0,17-AUG-2016,
OPTSTK,IGL,27-Oct-2016,510,CE,0,0,0,135.35,179.85,0,0,0,0,17-AUG-2016,
OPTSTK,IGL,27-Oct-2016,520,CE,0,0,0,125.75,170.05,0,0,0,0,17-AUG-2016,
OPTSTK,IGL,27-Oct-2016,530,CE,0,0,0,116.2,160.3,0,0,0,0,17-AUG-2016,
OPTSTK,IGL,27-Oct-2016,540,CE,0,0,0,106.85,150.55,0,0,0,0,17-AUG-2016,
OPTSTK,IGL,27-Oct-2016,550,CE,0,0,0,97.65,140.95,0,0,0,0,17-AUG-2016,
OPTSTK,IGL,27-Oct-2016,560,CE,0,0,0,88.7,131.4,0,0,0,0,17-AUG-2016,
OPTSTK,IGL,27-Oct-2016,570,CE,0,0,0,80.05,121.95,0,0,0,0,17-AUG-2016,
OPTSTK,IGL,27-Oct-2016,580,CE,0,0,0,71.7,112.7,0,0,0,0,17-AUG-2016,
OPTSTK,IGL,27-Oct-2016,590,CE,0,0,0,63.75,103.65,0,0,0,0,17-AUG-2016,
OPTSTK,IGL,27-Oct-2016,600,CE,0,0,0,56.3,94.85,0,0,0,0,17-AUG-2016,
OPTSTK,IGL,27-Oct-2016,610,CE,0,0,0,49.25,86.3,0,0,0,0,17-AUG-2016,
OPTSTK,IGL,27-Oct-2016,620,CE,0,0,0,42.75,78.1,0,0,0,0,17-AUG-2016,
OPTSTK,IGL,27-Oct-2016,630,CE,0,0,0,36.8,70.25,0,0,0,0,17-AUG-2016,
OPTSTK,IGL,27-Oct-2016,640,CE,0,0,0,31.4,62.85,0,0,0,0,17-AUG-2016,
OPTSTK,IGL,27-Oct-2016,650,CE,0,0,0,26.6,55.8,0,0,0,0,17-AUG-2016,
OPTSTK,IGL,27-Oct-2016,660,CE,0,0,0,22.3,49.3,0,0,0,0,17-AUG-2016,
OPTSTK,IGL,27-Oct-2016,670,CE,0,0,0,18.55,43.25,0,0,0,0,17-AUG-2016,
OPTSTK,IGL,27-Oct-2016,680,CE,0,0,0,15.3,37.7,0,0,0,0,17-AUG-2016,
OPTSTK,IGL,27-Oct-2016,690,CE,0,0,0,12.5,32.6,0,0,0,0,17-AUG-2016,
OPTSTK,IGL,27-Oct-2016,700,CE,0,0,0,10.15,28.05,0,0,0,0,17-AUG-2016,
OPTSTK,IGL,27-Oct-2016,710,CE,0,0,0,8.15,23.95,0,0,0,0,17-AUG-2016,
OPTSTK,IGL,27-Oct-2016,720,CE,0,0,0,6.5,20.35,0,0,0,0,17-AUG-2016,
OPTSTK,IGL,27-Oct-2016,730,CE,0,0,0,5.15,17.15,0,0,0,0,17-AUG-2016,
OPTSTK,IGL,27-Oct-2016,740,CE,0,0,0,4.05,14.35,0,0,0,0,17-AUG-2016,
OPTSTK,IGL,27-Oct-2016,750,CE,0,0,0,3.15,12,0,0,0,0,17-AUG-2016,
OPTSTK,IGL,27-Oct-2016,760,CE,0,0,0,2.4,9.9,0,0,0,0,17-AUG-2016,
OPTSTK,IGL,27-Oct-2016,770,CE,0,0,0,1.85,8.1,0,0,0,0,17-AUG-2016,
OPTSTK,IGL,27-Oct-2016,780,CE,0,0,0,1.4,6.65,0,0,0,0,17-AUG-2016,
OPTSTK,IGL,27-Oct-2016,790,CE,0,0,0,1.05,5.4,0,0,0,0,17-AUG-2016,
OPTSTK,IGL,27-Oct-2016,440,PE,0,0,0,0.05,0,0,0,0,0,17-AUG-2016,
OPTSTK,IGL,27-Oct-2016,450,PE,0,0,0,0.05,0,0,0,0,0,17-AUG-2016,
OPTSTK,IGL,27-Oct-2016,460,PE,0,0,0,0.05,0,0,0,0,0,17-AUG-2016,
OPTSTK,IGL,27-Oct-2016,470,PE,0,0,0,0.05,0.05,0,0,0,0,17-AUG-2016,
OPTSTK,IGL,27-Oct-2016,480,PE,0,0,0,0.1,0.05,0,0,0,0,17-AUG-2016,
OPTSTK,IGL,27-Oct-2016,490,PE,0,0,0,0.15,0.05,0,0,0,0,17-AUG-2016,
OPTSTK,IGL,27-Oct-2016,500,PE,0,0,0,0.2,0.05,0,0,0,0,17-AUG-2016,
OPTSTK,IGL,27-Oct-2016,510,PE,0,0,0,0.35,0.1,0,0,0,0,17-AUG-2016,
OPTSTK,IGL,27-Oct-2016,520,PE,0,0,0,0.55,0.15,0,0,0,0,17-AUG-2016,
OPTSTK,IGL,27-Oct-2016,530,PE,0,0,0,0.85,0.25,0,0,0,0,17-AUG-2016,
OPTSTK,IGL,27-Oct-2016,540,PE,0,0,0,1.3,0.4,0,0,0,0,17-AUG-2016,
OPTSTK,IGL,27-Oct-2016,550,PE,0,0,0,1.95,0.65,0,0,0,0,17-AUG-2016,
OPTSTK,IGL,27-Oct-2016,560,PE,0,0,0,2.85,0.95,0,0,0,0,17-AUG-2016,
OPTSTK,IGL,27-Oct-2016,570,PE,0,0,0,4,1.4,0,0,0,0,17-AUG-2016,
OPTSTK,IGL,27-Oct-2016,580,PE,0,0,0,5.5,2.05,0,0,0,0,17-AUG-2016,
OPTSTK,IGL,27-Oct-2016,590,PE,0,0,0,7.4,2.85,0,0,0,0,17-AUG-2016,
OPTSTK,IGL,27-Oct-2016,600,PE,0,0,0,9.75,3.9,0,0,0,0,17-AUG-2016,
OPTSTK,IGL,27-Oct-2016,610,PE,0,0,0,12.5,5.25,0,0,0,0,17-AUG-2016,
OPTSTK,IGL,27-Oct-2016,620,PE,0,0,0,15.85,6.9,0,0,0,0,17-AUG-2016,
OPTSTK,IGL,27-Oct-2016,630,PE,0,0,0,19.75,8.9,0,0,0,0,17-AUG-2016,
OPTSTK,IGL,27-Oct-2016,640,PE,0,0,0,24.15,11.35,0,0,0,0,17-AUG-2016,
OPTSTK,IGL,27-Oct-2016,650,PE,0,0,0,29.15,14.2,0,0,0,0,17-AUG-2016,
OPTSTK,IGL,27-Oct-2016,660,PE,0,0,0,34.7,17.55,0,0,0,0,17-AUG-2016,
OPTSTK,IGL,27-Oct-2016,670,PE,0,0,0,40.8,21.35,0,0,0,0,17-AUG-2016,
OPTSTK,IGL,27-Oct-2016,680,PE,0,0,0,47.35,25.65,0,0,0,0,17-AUG-2016,
OPTSTK,IGL,27-Oct-2016,690,PE,0,0,0,54.4,30.45,0,0,0,0,17-AUG-2016,
OPTSTK,IGL,27-Oct-2016,700,PE,0,0,0,61.9,35.75,0,0,0,0,17-AUG-2016,
OPTSTK,IGL,27-Oct-2016,710,PE,0,0,0,69.7,41.55,0,0,0,0,17-AUG-2016,
OPTSTK,IGL,27-Oct-2016,720,PE,0,0,0,77.9,47.8,0,0,0,0,17-AUG-2016,
OPTSTK,IGL,27-Oct-2016,730,PE,0,0,0,86.35,54.45,0,0,0,0,17-AUG-2016,
OPTSTK,IGL,27-Oct-2016,740,PE,0,0,0,95.05,61.55,0,0,0,0,17-AUG-2016,
OPTSTK,IGL,27-Oct-2016,750,PE,0,0,0,104,69.05,0,0,0,0,17-AUG-2016,
OPTSTK,IGL,27-Oct-2016,760,PE,0,0,0,113.1,76.8,0,0,0,0,17-AUG-2016,
OPTSTK,IGL,27-Oct-2016,770,PE,0,0,0,122.4,84.9,0,0,0,0,17-AUG-2016,
OPTSTK,IGL,27-Oct-2016,780,PE,0,0,0,131.75,93.3,0,0,0,0,17-AUG-2016,
OPTSTK,IGL,27-Oct-2016,790,PE,0,0,0,141.25,101.9,0,0,0,0,17-AUG-2016,
OPTSTK,INDIACEM,25-Aug-2016,50,CE,0,0,0,43.75,73.9,0,0,0,0,17-AUG-2016,
OPTSTK,INDIACEM,25-Aug-2016,55,CE,0,0,0,38.85,68.9,0,0,0,0,17-AUG-2016,
OPTSTK,INDIACEM,25-Aug-2016,60,CE,0,0,0,34.1,63.9,0,0,0,0,17-AUG-2016,
OPTSTK,INDIACEM,25-Aug-2016,65,CE,0,0,0,29.45,58.9,0,0,0,0,17-AUG-2016,
OPTSTK,INDIACEM,25-Aug-2016,70,CE,0,0,0,25.05,53.9,0,0,0,0,17-AUG-2016,
OPTSTK,INDIACEM,25-Aug-2016,72.5,CE,0,0,0,41.4,51.45,0,0,0,0,17-AUG-2016,
OPTSTK,INDIACEM,25-Aug-2016,75,CE,0,0,0,20.9,48.95,0,0,0,0,17-AUG-2016,
OPTSTK,INDIACEM,25-Aug-2016,77.5,CE,0,0,0,36.55,46.45,0,0,0,0,17-AUG-2016,
OPTSTK,INDIACEM,25-Aug-2016,80,CE,0,0,0,17.2,43.95,0,0,0,0,17-AUG-2016,
OPTSTK,INDIACEM,25-Aug-2016,82.5,CE,0,0,0,31.8,41.45,0,0,0,0,17-AUG-2016,
OPTSTK,INDIACEM,25-Aug-2016,85,CE,0,0,0,13.85,38.95,0,0,0,0,17-AUG-2016,
OPTSTK,INDIACEM,25-Aug-2016,87.5,CE,0,0,0,27.2,36.45,0,0,0,0,17-AUG-2016,
OPTSTK,INDIACEM,25-Aug-2016,90,CE,0,0,0,11.05,33.95,0,0,0,0,17-AUG-2016,
OPTSTK,INDIACEM,25-Aug-2016,92.5,CE,0,0,0,22.85,31.45,0,0,0,0,17-AUG-2016,
OPTSTK,INDIACEM,25-Aug-2016,95,CE,0,0,0,8.65,28.95,0,0,0,0,17-AUG-2016,
OPTSTK,INDIACEM,25-Aug-2016,97.5,CE,0,0,0,18.85,26.45,0,0,0,0,17-AUG-2016,
OPTSTK,INDIACEM,25-Aug-2016,100,CE,0,0,0,6.65,23.95,0,0,0,0,17-AUG-2016,
OPTSTK,INDIACEM,25-Aug-2016,102.5,CE,0,0,0,15.25,21.5,0,0,0,0,17-AUG-2016,
OPTSTK,INDIACEM,25-Aug-2016,105,CE,0,0,0,13.8,19,0,0,21000,0,17-AUG-2016,
OPTSTK,INDIACEM,25-Aug-2016,107.5,CE,0,0,0,12.1,16.55,0,0,0,0,17-AUG-2016,
OPTSTK,INDIACEM,25-Aug-2016,110,CE,0,0,0,11.6,14.15,0,0,21000,0,17-AUG-2016,
OPTSTK,INDIACEM,25-Aug-2016,112.5,CE,0,0,0,16,11.8,0,0,0,0,17-AUG-2016,
OPTSTK,INDIACEM,25-Aug-2016,115,CE,0,0,0,8.1,9.6,0,0,161000,0,17-AUG-2016,
OPTSTK,INDIACEM,25-Aug-2016,117.5,CE,0,0,0,5.8,7.6,0,0,91000,0,17-AUG-2016,
OPTSTK,INDIACEM,25-Aug-2016,120,CE,4.5,6.25,4,5.35,5.35,26,227.08,889000,-133000,17-AUG-2016,
OPTSTK,INDIACEM,25-Aug-2016,122.5,CE,4.5,4.5,4.5,4.5,4.5,1,8.89,126000,-7000,17-AUG-2016,
OPTSTK,INDIACEM,25-Aug-2016,125,CE,2.05,3.8,2.05,3.15,3.15,20,178.82,1764000,-56000,17-AUG-2016,
OPTSTK,INDIACEM,25-Aug-2016,127.5,CE,0,0,0,1.75,2.05,0,0,273000,0,17-AUG-2016,
OPTSTK,INDIACEM,25-Aug-2016,130,CE,1.55,1.95,1.05,1.5,1.5,40,367.85,2086000,-77000,17-AUG-2016,
OPTSTK,INDIACEM,25-Aug-2016,132.5,CE,0,0,0,1.1,0.85,0,0,35000,0,17-AUG-2016,
OPTSTK,INDIACEM,25-Aug-2016,135,CE,0.3,0.6,0.3,0.6,0.6,5,47.39,686000,-21000,17-AUG-2016,
OPTSTK,INDIACEM,25-Aug-2016,137.5,CE,0,0,0,0.65,0.3,0,0,28000,0,17-AUG-2016,
OPTSTK,INDIACEM,25-Aug-2016,140,CE,0,0,0,0.3,0.2,0,0,602000,0,17-AUG-2016,
OPTSTK,INDIACEM,25-Aug-2016,142.5,CE,0,0,0,0.75,0.1,0,0,7000,0,17-AUG-2016,
OPTSTK,INDIACEM,25-Aug-2016,145,CE,0,0,0,0.35,0.05,0,0,112000,0,17-AUG-2016,
OPTSTK,INDIACEM,25-Aug-2016,147.5,CE,0,0,0,0.25,0.05,0,0,7000,0,17-AUG-2016,
OPTSTK,INDIACEM,25-Aug-2016,50,PE,0.05,0.05,0.05,0.05,0.05,3,10.51,21000,-21000,17-AUG-2016,
OPTSTK,INDIACEM,25-Aug-2016,55,PE,0.05,0.05,0.05,0.05,0.05,3,11.56,91000,-21000,17-AUG-2016,
OPTSTK,INDIACEM,25-Aug-2016,60,PE,0.05,0.05,0.05,0.05,0.05,3,12.61,91000,-21000,17-AUG-2016,
OPTSTK,INDIACEM,25-Aug-2016,65,PE,0,0,0,0.5,0,0,0,0,0,17-AUG-2016,
OPTSTK,INDIACEM,25-Aug-2016,70,PE,0,0,0,1,0,0,0,0,0,17-AUG-2016,
OPTSTK,INDIACEM,25-Aug-2016,72.5,PE,0,0,0,0.05,0,0,0,0,0,17-AUG-2016,
OPTSTK,INDIACEM,25-Aug-2016,75,PE,0,0,0,1.8,0,0,0,0,0,17-AUG-2016,
OPTSTK,INDIACEM,25-Aug-2016,77.5,PE,0,0,0,0.15,0,0,0,0,0,17-AUG-2016,
OPTSTK,INDIACEM,25-Aug-2016,80,PE,0,0,0,0.05,0,0,0,420000,0,17-AUG-2016,
OPTSTK,INDIACEM,25-Aug-2016,82.5,PE,0,0,0,0.35,0,0,0,0,0,17-AUG-2016,
OPTSTK,INDIACEM,25-Aug-2016,85,PE,0,0,0,4.55,0,0,0,0,0,17-AUG-2016,
OPTSTK,INDIACEM,25-Aug-2016,87.5,PE,0,0,0,0.7,0,0,0,0,0,17-AUG-2016,
OPTSTK,INDIACEM,25-Aug-2016,90,PE,0,0,0,6.6,0,0,0,0,0,17-AUG-2016,
OPTSTK,INDIACEM,25-Aug-2016,92.5,PE,0,0,0,1.3,0,0,0,0,0,17-AUG-2016,
OPTSTK,INDIACEM,25-Aug-2016,95,PE,0,0,0,9.15,0,0,0,0,0,17-AUG-2016,
OPTSTK,INDIACEM,25-Aug-2016,97.5,PE,0,0,0,2.25,0,0,0,0,0,17-AUG-2016,
OPTSTK,INDIACEM,25-Aug-2016,100,PE,0.15,0.15,0.15,0.15,0.15,1,7.01,168000,-7000,17-AUG-2016,
OPTSTK,INDIACEM,25-Aug-2016,102.5,PE,0,0,0,0.4,0.05,0,0,14000,0,17-AUG-2016,
OPTSTK,INDIACEM,25-Aug-2016,105,PE,0,0,0,0.5,0.05,0,0,210000,0,17-AUG-2016,
OPTSTK,INDIACEM,25-Aug-2016,107.5,PE,0,0,0,0.5,0.1,0,0,14000,0,17-AUG-2016,
OPTSTK,INDIACEM,25-Aug-2016,110,PE,0.35,0.35,0.3,0.35,0.35,2,15.44,259000,-14000,17-AUG-2016,
OPTSTK,INDIACEM,25-Aug-2016,112.5,PE,0,0,0,2.1,0.35,0,0,42000,0,17-AUG-2016,
OPTSTK,INDIACEM,25-Aug-2016,115,PE,1.5,1.5,1.35,1.35,1.35,2,16.29,672000,-14000,17-AUG-2016,
OPTSTK,INDIACEM,25-Aug-2016,117.5,PE,0,0,0,2.8,1.1,0,0,42000,0,17-AUG-2016,
OPTSTK,INDIACEM,25-Aug-2016,120,PE,2.55,3.6,2.15,2.35,2.35,7,60.22,623000,-35000,17-AUG-2016,
OPTSTK,INDIACEM,25-Aug-2016,122.5,PE,0,0,0,4.6,2.8,0,0,49000,0,17-AUG-2016,
OPTSTK,INDIACEM,25-Aug-2016,125,PE,0,0,0,8,4.05,0,0,357000,0,17-AUG-2016,
OPTSTK,INDIACEM,25-Aug-2016,127.5,PE,0,0,0,11.05,5.55,0,0,49000,0,17-AUG-2016,
OPTSTK,INDIACEM,25-Aug-2016,130,PE,0,0,0,12.85,7.35,0,0,84000,0,17-AUG-2016,
OPTSTK,INDIACEM,25-Aug-2016,132.5,PE,0,0,0,14.95,9.35,0,0,14000,0,17-AUG-2016,
OPTSTK,INDIACEM,25-Aug-2016,135,PE,0,0,0,17.4,11.5,0,0,35000,0,17-AUG-2016,
OPTSTK,INDIACEM,25-Aug-2016,137.5,PE,0,0,0,25.05,13.8,0,0,0,0,17-AUG-2016,
OPTSTK,INDIACEM,25-Aug-2016,140,PE,0,0,0,45.3,16.15,0,0,0,0,17-AUG-2016,
OPTSTK,INDIACEM,25-Aug-2016,142.5,PE,0,0,0,29.35,18.6,0,0,0,0,17-AUG-2016,
OPTSTK,INDIACEM,25-Aug-2016,145,PE,0,0,0,50.05,21.05,0,0,0,0,17-AUG-2016,
OPTSTK,INDIACEM,25-Aug-2016,147.5,PE,0,0,0,33.85,23.5,0,0,0,0,17-AUG-2016,
OPTSTK,INDIACEM,29-Sep-2016,67.5,CE,0,0,0,46.85,56.85,0,0,0,0,17-AUG-2016,
OPTSTK,INDIACEM,29-Sep-2016,70,CE,0,0,0,44.45,54.4,0,0,0,0,17-AUG-2016,
OPTSTK,INDIACEM,29-Sep-2016,72.5,CE,0,0,0,42.1,51.9,0,0,0,0,17-AUG-2016,
OPTSTK,INDIACEM,29-Sep-2016,75,CE,0,0,0,39.75,49.45,0,0,0,0,17-AUG-2016,
OPTSTK,INDIACEM,29-Sep-2016,77.5,CE,0,0,0,37.4,46.95,0,0,0,0,17-AUG-2016,
OPTSTK,INDIACEM,29-Sep-2016,80,CE,0,0,0,35.15,44.5,0,0,0,0,17-AUG-2016,
OPTSTK,INDIACEM,29-Sep-2016,82.5,CE,0,0,0,32.9,42,0,0,0,0,17-AUG-2016,
OPTSTK,INDIACEM,29-Sep-2016,85,CE,0,0,0,30.75,39.55,0,0,0,0,17-AUG-2016,
OPTSTK,INDIACEM,29-Sep-2016,87.5,CE,0,0,0,28.65,37.1,0,0,0,0,17-AUG-2016,
OPTSTK,INDIACEM,29-Sep-2016,90,CE,0,0,0,26.6,34.7,0,0,0,0,17-AUG-2016,
OPTSTK,INDIACEM,29-Sep-2016,92.5,CE,0,0,0,24.65,32.3,0,0,0,0,17-AUG-2016,
OPTSTK,INDIACEM,29-Sep-2016,95,CE,0,0,0,22.75,29.95,0,0,0,0,17-AUG-2016,
OPTSTK,INDIACEM,29-Sep-2016,97.5,CE,0,0,0,20.95,27.6,0,0,0,0,17-AUG-2016,
OPTSTK,INDIACEM,29-Sep-2016,100,CE,0,0,0,19.25,25.35,0,0,0,0,17-AUG-2016,
OPTSTK,INDIACEM,29-Sep-2016,102.5,CE,0,0,0,17.65,23.15,0,0,0,0,17-AUG-2016,
OPTSTK,INDIACEM,29-Sep-2016,105,CE,0,0,0,16.1,21.05,0,0,0,0,17-AUG-2016,
OPTSTK,INDIACEM,29-Sep-2016,107.5,CE,0,0,0,14.7,19,0,0,0,0,17-AUG-2016,
OPTSTK,INDIACEM,29-Sep-2016,110,CE,0,0,0,13.35,17.1,0,0,0,0,17-AUG-2016,
OPTSTK,INDIACEM,29-Sep-2016,112.5,CE,0,0,0,12.1,15.25,0,0,0,0,17-AUG-2016,
OPTSTK,INDIACEM,29-Sep-2016,115,CE,0,0,0,10.95,13.55,0,0,0,0,17-AUG-2016,
OPTSTK,INDIACEM,29-Sep-2016,117.5,CE,0,0,0,9.85,12,0,0,0,0,17-AUG-2016,
OPTSTK,INDIACEM,29-Sep-2016,120,CE,0,0,0,8.9,10.5,0,0,0,0,17-AUG-2016,
OPTSTK,INDIACEM,29-Sep-2016,122.5,CE,0,0,0,8,9.2,0,0,0,0,17-AUG-2016,
OPTSTK,INDIACEM,29-Sep-2016,125,CE,0,0,0,7.15,7.95,0,0,0,0,17-AUG-2016,
OPTSTK,INDIACEM,29-Sep-2016,127.5,CE,0,0,0,6.4,6.9,0,0,0,0,17-AUG-2016,
OPTSTK,INDIACEM,29-Sep-2016,130,CE,0,0,0,3.65,5.9,0,0,28000,0,17-AUG-2016,
OPTSTK,INDIACEM,29-Sep-2016,132.5,CE,0,0,0,5.1,5.05,0,0,0,0,17-AUG-2016,
OPTSTK,INDIACEM,29-Sep-2016,135,CE,0,0,0,3.5,4.3,0,0,7000,0,17-AUG-2016,
OPTSTK,INDIACEM,29-Sep-2016,137.5,CE,0,0,0,4.05,3.65,0,0,0,0,17-AUG-2016,
OPTSTK,INDIACEM,29-Sep-2016,140,CE,0,0,0,3.55,3.05,0,0,0,0,17-AUG-2016,
OPTSTK,INDIACEM,29-Sep-2016,142.5,CE,0,0,0,3.15,2.55,0,0,0,0,17-AUG-2016,
OPTSTK,INDIACEM,29-Sep-2016,145,CE,0,0,0,2.8,2.15,0,0,0,0,17-AUG-2016,
OPTSTK,INDIACEM,29-Sep-2016,147.5,CE,0,0,0,2.45,1.75,0,0,0,0,17-AUG-2016,
OPTSTK,INDIACEM,29-Sep-2016,67.5,PE,0,0,0,0.1,0,0,0,0,0,17-AUG-2016,
OPTSTK,INDIACEM,29-Sep-2016,70,PE,0,0,0,0.2,0,0,0,0,0,17-AUG-2016,
OPTSTK,INDIACEM,29-Sep-2016,72.5,PE,0,0,0,0.25,0,0,0,0,0,17-AUG-2016,
OPTSTK,INDIACEM,29-Sep-2016,75,PE,0,0,0,0.35,0,0,0,0,0,17-AUG-2016,
OPTSTK,INDIACEM,29-Sep-2016,77.5,PE,0,0,0,0.5,0.05,0,0,0,0,17-AUG-2016,
OPTSTK,INDIACEM,29-Sep-2016,80,PE,0,0,0,0.7,0.05,0,0,0,0,17-AUG-2016,
OPTSTK,INDIACEM,29-Sep-2016,82.5,PE,0,0,0,0.9,0.05,0,0,0,0,17-AUG-2016,
OPTSTK,INDIACEM,29-Sep-2016,85,PE,0,0,0,1.2,0.05,0,0,0,0,17-AUG-2016,
OPTSTK,INDIACEM,29-Sep-2016,87.5,PE,0,0,0,1.55,0.1,0,0,0,0,17-AUG-2016,
OPTSTK,INDIACEM,29-Sep-2016,90,PE,0,0,0,1.95,0.15,0,0,0,0,17-AUG-2016,
OPTSTK,INDIACEM,29-Sep-2016,92.5,PE,0,0,0,2.45,0.25,0,0,0,0,17-AUG-2016,
OPTSTK,INDIACEM,29-Sep-2016,95,PE,0,0,0,3.05,0.35,0,0,0,0,17-AUG-2016,
OPTSTK,INDIACEM,29-Sep-2016,97.5,PE,0,0,0,3.7,0.55,0,0,0,0,17-AUG-2016,
OPTSTK,INDIACEM,29-Sep-2016,100,PE,0,0,0,4.45,0.75,0,0,0,0,17-AUG-2016,
OPTSTK,INDIACEM,29-Sep-2016,102.5,PE,0,0,0,5.3,1.05,0,0,0,0,17-AUG-2016,
OPTSTK,INDIACEM,29-Sep-2016,105,PE,0,0,0,6.2,1.4,0,0,0,0,17-AUG-2016,
OPTSTK,INDIACEM,29-Sep-2016,107.5,PE,0,0,0,7.25,1.85,0,0,0,0,17-AUG-2016,
OPTSTK,INDIACEM,29-Sep-2016,110,PE,0,0,0,8.35,2.4,0,0,0,0,17-AUG-2016,
OPTSTK,INDIACEM,29-Sep-2016,112.5,PE,0,0,0,9.55,3.05,0,0,0,0,17-AUG-2016,
OPTSTK,INDIACEM,29-Sep-2016,115,PE,0,0,0,10.85,3.85,0,0,0,0,17-AUG-2016,
OPTSTK,INDIACEM,29-Sep-2016,117.5,PE,0,0,0,12.25,4.75,0,0,0,0,17-AUG-2016,
OPTSTK,INDIACEM,29-Sep-2016,120,PE,0,0,0,13.7,5.75,0,0,0,0,17-AUG-2016,
OPTSTK,INDIACEM,29-Sep-2016,122.5,PE,0,0,0,15.25,6.9,0,0,0,0,17-AUG-2016,
OPTSTK,INDIACEM,29-Sep-2016,125,PE,0,0,0,16.9,8.15,0,0,0,0,17-AUG-2016,
OPTSTK,INDIACEM,29-Sep-2016,127.5,PE,0,0,0,18.6,9.55,0,0,0,0,17-AUG-2016,
OPTSTK,INDIACEM,29-Sep-2016,130,PE,0,0,0,20.35,11.05,0,0,0,0,17-AUG-2016,
OPTSTK,INDIACEM,29-Sep-2016,132.5,PE,0,0,0,22.2,12.65,0,0,0,0,17-AUG-2016,
OPTSTK,INDIACEM,29-Sep-2016,135,PE,0,0,0,24.1,14.4,0,0,0,0,17-AUG-2016,
OPTSTK,INDIACEM,29-Sep-2016,137.5,PE,0,0,0,26.05,16.2,0,0,0,0,17-AUG-2016,
OPTSTK,INDIACEM,29-Sep-2016,140,PE,0,0,0,28.05,18.1,0,0,0,0,17-AUG-2016,
OPTSTK,INDIACEM,29-Sep-2016,142.5,PE,0,0,0,30.1,20.1,0,0,0,0,17-AUG-2016,
OPTSTK,INDIACEM,29-Sep-2016,145,PE,0,0,0,32.2,22.15,0,0,0,0,17-AUG-2016,
OPTSTK,INDIACEM,29-Sep-2016,147.5,PE,0,0,0,34.3,24.25,0,0,0,0,17-AUG-2016,
OPTSTK,INDIACEM,27-Oct-2016,77.5,CE,0,0,0,47.25,47.45,0,0,0,0,17-AUG-2016,
OPTSTK,INDIACEM,27-Oct-2016,80,CE,0,0,0,44.9,45,0,0,0,0,17-AUG-2016,
OPTSTK,INDIACEM,27-Oct-2016,82.5,CE,0,0,0,42.5,42.6,0,0,0,0,17-AUG-2016,
OPTSTK,INDIACEM,27-Oct-2016,85,CE,0,0,0,40.2,40.2,0,0,0,0,17-AUG-2016,
OPTSTK,INDIACEM,27-Oct-2016,87.5,CE,0,0,0,37.9,37.85,0,0,0,0,17-AUG-2016,
OPTSTK,INDIACEM,27-Oct-2016,90,CE,0,0,0,35.65,35.55,0,0,0,0,17-AUG-2016,
OPTSTK,INDIACEM,27-Oct-2016,92.5,CE,0,0,0,33.45,33.25,0,0,0,0,17-AUG-2016,
OPTSTK,INDIACEM,27-Oct-2016,95,CE,0,0,0,31.3,31.05,0,0,0,0,17-AUG-2016,
OPTSTK,INDIACEM,27-Oct-2016,97.5,CE,0,0,0,29.25,28.9,0,0,0,0,17-AUG-2016,
OPTSTK,INDIACEM,27-Oct-2016,100,CE,0,0,0,27.2,26.8,0,0,0,0,17-AUG-2016,
OPTSTK,INDIACEM,27-Oct-2016,102.5,CE,0,0,0,25.3,24.75,0,0,0,0,17-AUG-2016,
OPTSTK,INDIACEM,27-Oct-2016,105,CE,0,0,0,23.45,22.8,0,0,0,0,17-AUG-2016,
OPTSTK,INDIACEM,27-Oct-2016,107.5,CE,0,0,0,21.65,20.95,0,0,0,0,17-AUG-2016,
OPTSTK,INDIACEM,27-Oct-2016,110,CE,0,0,0,19.95,19.2,0,0,0,0,17-AUG-2016,
OPTSTK,INDIACEM,27-Oct-2016,112.5,CE,0,0,0,18.35,17.5,0,0,0,0,17-AUG-2016,
OPTSTK,INDIACEM,27-Oct-2016,115,CE,0,0,0,16.8,15.9,0,0,0,0,17-AUG-2016,
OPTSTK,INDIACEM,27-Oct-2016,117.5,CE,0,0,0,15.4,14.45,0,0,0,0,17-AUG-2016,
OPTSTK,INDIACEM,27-Oct-2016,120,CE,0,0,0,14.05,13.05,0,0,0,0,17-AUG-2016,
OPTSTK,INDIACEM,27-Oct-2016,122.5,CE,0,0,0,12.8,11.75,0,0,0,0,17-AUG-2016,
OPTSTK,INDIACEM,27-Oct-2016,125,CE,0,0,0,11.6,10.55,0,0,0,0,17-AUG-2016,
OPTSTK,INDIACEM,27-Oct-2016,127.5,CE,0,0,0,10.5,9.45,0,0,0,0,17-AUG-2016,
OPTSTK,INDIACEM,27-Oct-2016,130,CE,0,0,0,9.5,8.45,0,0,0,0,17-AUG-2016,
OPTSTK,INDIACEM,27-Oct-2016,132.5,CE,0,0,0,8.6,7.5,0,0,0,0,17-AUG-2016,
OPTSTK,INDIACEM,27-Oct-2016,135,CE,0,0,0,7.75,6.7,0,0,0,0,17-AUG-2016,
OPTSTK,INDIACEM,27-Oct-2016,137.5,CE,0,0,0,6.95,5.9,0,0,0,0,17-AUG-2016,
OPTSTK,INDIACEM,27-Oct-2016,140,CE,0,0,0,6.25,5.25,0,0,0,0,17-AUG-2016,
OPTSTK,INDIACEM,27-Oct-2016,142.5,CE,0,0,0,5.6,4.6,0,0,0,0,17-AUG-2016,
OPTSTK,INDIACEM,27-Oct-2016,145,CE,0,0,0,5,4.05,0,0,0,0,17-AUG-2016,
OPTSTK,INDIACEM,27-Oct-2016,147.5,CE,0,0,0,4.45,3.55,0,0,0,0,17-AUG-2016,
OPTSTK,INDIACEM,27-Oct-2016,77.5,PE,0,0,0,0.2,0.1,0,0,0,0,17-AUG-2016,
OPTSTK,INDIACEM,27-Oct-2016,80,PE,0,0,0,0.25,0.15,0,0,0,0,17-AUG-2016,
OPTSTK,INDIACEM,27-Oct-2016,82.5,PE,0,0,0,0.35,0.2,0,0,0,0,17-AUG-2016,
OPTSTK,INDIACEM,27-Oct-2016,85,PE,0,0,0,0.5,0.3,0,0,0,0,17-AUG-2016,
OPTSTK,INDIACEM,27-Oct-2016,87.5,PE,0,0,0,0.65,0.4,0,0,0,0,17-AUG-2016,
OPTSTK,INDIACEM,27-Oct-2016,90,PE,0,0,0,0.85,0.55,0,0,0,0,17-AUG-2016,
OPTSTK,INDIACEM,27-Oct-2016,92.5,PE,0,0,0,1.1,0.75,0,0,0,0,17-AUG-2016,
OPTSTK,INDIACEM,27-Oct-2016,95,PE,0,0,0,1.45,1,0,0,0,0,17-AUG-2016,
OPTSTK,INDIACEM,27-Oct-2016,97.5,PE,0,0,0,1.8,1.3,0,0,0,0,17-AUG-2016,
OPTSTK,INDIACEM,27-Oct-2016,100,PE,0,0,0,2.25,1.65,0,0,0,0,17-AUG-2016,
OPTSTK,INDIACEM,27-Oct-2016,102.5,PE,0,0,0,2.75,2.1,0,0,0,0,17-AUG-2016,
OPTSTK,INDIACEM,27-Oct-2016,105,PE,0,0,0,3.35,2.6,0,0,0,0,17-AUG-2016,
OPTSTK,INDIACEM,27-Oct-2016,107.5,PE,0,0,0,4.05,3.25,0,0,0,0,17-AUG-2016,
OPTSTK,INDIACEM,27-Oct-2016,110,PE,0,0,0,4.8,3.9,0,0,0,0,17-AUG-2016,
OPTSTK,INDIACEM,27-Oct-2016,112.5,PE,0,0,0,5.65,4.7,0,0,0,0,17-AUG-2016,
OPTSTK,INDIACEM,27-Oct-2016,115,PE,0,0,0,6.6,5.6,0,0,0,0,17-AUG-2016,
OPTSTK,INDIACEM,27-Oct-2016,117.5,PE,0,0,0,7.6,6.55,0,0,0,0,17-AUG-2016,
OPTSTK,INDIACEM,27-Oct-2016,120,PE,0,0,0,8.7,7.65,0,0,0,0,17-AUG-2016,
OPTSTK,INDIACEM,27-Oct-2016,122.5,PE,0,0,0,9.9,8.8,0,0,0,0,17-AUG-2016,
OPTSTK,INDIACEM,27-Oct-2016,125,PE,0,0,0,11.2,10.1,0,0,0,0,17-AUG-2016,
OPTSTK,INDIACEM,27-Oct-2016,127.5,PE,0,0,0,12.6,11.45,0,0,0,0,17-AUG-2016,
OPTSTK,INDIACEM,27-Oct-2016,130,PE,0,0,0,14.05,12.9,0,0,0,0,17-AUG-2016,
OPTSTK,INDIACEM,27-Oct-2016,132.5,PE,0,0,0,15.55,14.45,0,0,0,0,17-AUG-2016,
OPTSTK,INDIACEM,27-Oct-2016,135,PE,0,0,0,17.15,16.1,0,0,0,0,17-AUG-2016,
OPTSTK,INDIACEM,27-Oct-2016,137.5,PE,0,0,0,18.85,17.8,0,0,0,0,17-AUG-2016,
OPTSTK,INDIACEM,27-Oct-2016,140,PE,0,0,0,20.6,19.55,0,0,0,0,17-AUG-2016,
OPTSTK,INDIACEM,27-Oct-2016,142.5,PE,0,0,0,22.4,21.4,0,0,0,0,17-AUG-2016,
OPTSTK,INDIACEM,27-Oct-2016,145,PE,0,0,0,24.25,23.35,0,0,0,0,17-AUG-2016,
OPTSTK,INDIACEM,27-Oct-2016,147.5,PE,0,0,0,26.2,25.3,0,0,0,0,17-AUG-2016,
OPTSTK,INDUSINDBK,25-Aug-2016,700,CE,0,0,0,416.45,454.6,0,0,0,0,17-AUG-2016,
OPTSTK,INDUSINDBK,25-Aug-2016,720,CE,0,0,0,396.85,434.65,0,0,0,0,17-AUG-2016,
OPTSTK,INDUSINDBK,25-Aug-2016,740,CE,0,0,0,377.25,414.7,0,0,0,0,17-AUG-2016,
OPTSTK,INDUSINDBK,25-Aug-2016,760,CE,0,0,0,357.7,394.7,0,0,0,0,17-AUG-2016,
OPTSTK,INDUSINDBK,25-Aug-2016,780,CE,0,0,0,338.2,374.75,0,0,0,0,17-AUG-2016,
OPTSTK,INDUSINDBK,25-Aug-2016,800,CE,0,0,0,318.8,354.75,0,0,0,0,17-AUG-2016,
OPTSTK,INDUSINDBK,25-Aug-2016,820,CE,0,0,0,299.5,334.8,0,0,0,0,17-AUG-2016,
OPTSTK,INDUSINDBK,25-Aug-2016,840,CE,0,0,0,280.4,314.85,0,0,0,0,17-AUG-2016,
OPTSTK,INDUSINDBK,25-Aug-2016,860,CE,0,0,0,305.1,294.85,0,0,2400,0,17-AUG-2016,
OPTSTK,INDUSINDBK,25-Aug-2016,880,CE,0,0,0,242.9,274.9,0,0,0,0,17-AUG-2016,
OPTSTK,INDUSINDBK,25-Aug-2016,900,CE,0,0,0,298.6,254.9,0,0,18600,0,17-AUG-2016,
OPTSTK,INDUSINDBK,25-Aug-2016,920,CE,0,0,0,206.9,234.95,0,0,0,0,17-AUG-2016,
OPTSTK,INDUSINDBK,25-Aug-2016,940,CE,0,0,0,227,215,0,0,600,0,17-AUG-2016,
OPTSTK,INDUSINDBK,25-Aug-2016,960,CE,0,0,0,204,195,0,0,600,0,17-AUG-2016,
OPTSTK,INDUSINDBK,25-Aug-2016,980,CE,0,0,0,183.5,175.05,0,0,1200,0,17-AUG-2016,
OPTSTK,INDUSINDBK,25-Aug-2016,1000,CE,0,0,0,185.65,155.05,0,0,23400,0,17-AUG-2016,
OPTSTK,INDUSINDBK,25-Aug-2016,1020,CE,0,0,0,164.5,135.1,0,0,1200,0,17-AUG-2016,
OPTSTK,INDUSINDBK,25-Aug-2016,1040,CE,0,0,0,125,115.15,0,0,6000,0,17-AUG-2016,
OPTSTK,INDUSINDBK,25-Aug-2016,1060,CE,0,0,0,105,95.2,0,0,1800,0,17-AUG-2016,
OPTSTK,INDUSINDBK,25-Aug-2016,1080,CE,0,0,0,98,75.5,0,0,2400,0,17-AUG-2016,
OPTSTK,INDUSINDBK,25-Aug-2016,1100,CE,0,0,0,67,56.5,0,0,6600,0,17-AUG-2016,
OPTSTK,INDUSINDBK,25-Aug-2016,1120,CE,0,0,0,83.65,39.05,0,0,7800,0,17-AUG-2016,
OPTSTK,INDUSINDBK,25-Aug-2016,1140,CE,25.3,27.75,24.5,26.2,26.2,23,160.88,21600,2400,17-AUG-2016,
OPTSTK,INDUSINDBK,25-Aug-2016,1160,CE,16.5,17.8,13,14.35,14.35,178,1254.24,81000,35400,17-AUG-2016,
OPTSTK,INDUSINDBK,25-Aug-2016,1180,CE,7.65,9.5,6.8,7.15,7.15,189,1346.54,113400,9600,17-AUG-2016,
OPTSTK,INDUSINDBK,25-Aug-2016,1200,CE,4.85,5.2,3.75,3.95,3.95,90,650.34,144000,8400,17-AUG-2016,
OPTSTK,INDUSINDBK,25-Aug-2016,1220,CE,2.3,2.75,2.2,2.25,2.25,23,168.68,87000,3000,17-AUG-2016,
OPTSTK,INDUSINDBK,25-Aug-2016,1240,CE,1.85,1.85,1.4,1.45,1.45,68,506.59,125400,0,17-AUG-2016,
OPTSTK,INDUSINDBK,25-Aug-2016,1260,CE,1.05,1.05,0.9,0.9,0.9,5,37.83,42000,600,17-AUG-2016,
OPTSTK,INDUSINDBK,25-Aug-2016,1280,CE,0,0,0,1.5,0.05,0,0,15600,0,17-AUG-2016,
OPTSTK,INDUSINDBK,25-Aug-2016,1300,CE,2.5,2.5,2.5,2.5,2.5,1,7.81,6600,0,17-AUG-2016,
OPTSTK,INDUSINDBK,25-Aug-2016,1320,CE,0,0,0,13.4,0,0,0,0,0,17-AUG-2016,
OPTSTK,INDUSINDBK,25-Aug-2016,1340,CE,0,0,0,11.1,0,0,0,0,0,17-AUG-2016,
OPTSTK,INDUSINDBK,25-Aug-2016,1360,CE,0,0,0,9.15,0,0,0,0,0,17-AUG-2016,
OPTSTK,INDUSINDBK,25-Aug-2016,1380,CE,0,0,0,7.5,0,0,0,0,0,17-AUG-2016,
OPTSTK,INDUSINDBK,25-Aug-2016,1400,CE,0,0,0,6.15,0,0,0,0,0,17-AUG-2016,
OPTSTK,INDUSINDBK,25-Aug-2016,700,PE,0,0,0,0.05,0,0,0,0,0,17-AUG-2016,
OPTSTK,INDUSINDBK,25-Aug-2016,720,PE,0,0,0,0.1,0,0,0,0,0,17-AUG-2016,
OPTSTK,INDUSINDBK,25-Aug-2016,740,PE,0,0,0,0.15,0,0,0,0,0,17-AUG-2016,
OPTSTK,INDUSINDBK,25-Aug-2016,760,PE,0,0,0,0.25,0,0,0,0,0,17-AUG-2016,
OPTSTK,INDUSINDBK,25-Aug-2016,780,PE,0,0,0,0.4,0,0,0,0,0,17-AUG-2016,
OPTSTK,INDUSINDBK,25-Aug-2016,800,PE,0,0,0,0.6,0,0,0,0,0,17-AUG-2016,
OPTSTK,INDUSINDBK,25-Aug-2016,820,PE,0,0,0,1,0,0,0,0,0,17-AUG-2016,
OPTSTK,INDUSINDBK,25-Aug-2016,840,PE,0,0,0,1.5,0,0,0,0,0,17-AUG-2016,
OPTSTK,INDUSINDBK,25-Aug-2016,860,PE,0,0,0,2.3,0,0,0,0,0,17-AUG-2016,
OPTSTK,INDUSINDBK,25-Aug-2016,880,PE,0,0,0,3.35,0,0,0,0,0,17-AUG-2016,
OPTSTK,INDUSINDBK,25-Aug-2016,900,PE,0,0,0,0.05,0,0,0,1200,0,17-AUG-2016,
OPTSTK,INDUSINDBK,25-Aug-2016,920,PE,0,0,0,6.6,0,0,0,0,0,17-AUG-2016,
OPTSTK,INDUSINDBK,25-Aug-2016,940,PE,0,0,0,8.95,0,0,0,0,0,17-AUG-2016,
OPTSTK,INDUSINDBK,25-Aug-2016,960,PE,0,0,0,11.9,0,0,0,0,0,17-AUG-2016,
OPTSTK,INDUSINDBK,25-Aug-2016,980,PE,0,0,0,15.5,0,0,0,0,0,17-AUG-2016,
OPTSTK,INDUSINDBK,25-Aug-2016,1000,PE,0,0,0,0.5,0,0,0,1800,0,17-AUG-2016,
OPTSTK,INDUSINDBK,25-Aug-2016,1020,PE,0,0,0,25.1,0,0,0,0,0,17-AUG-2016,
OPTSTK,INDUSINDBK,25-Aug-2016,1040,PE,0,0,0,31.1,0.05,0,0,0,0,17-AUG-2016,
OPTSTK,INDUSINDBK,25-Aug-2016,1060,PE,0,0,0,11.55,0.1,0,0,3600,0,17-AUG-2016,
OPTSTK,INDUSINDBK,25-Aug-2016,1080,PE,1.2,1.2,1.05,1.05,1.05,6,38.91,20400,-1800,17-AUG-2016,
OPTSTK,INDUSINDBK,25-Aug-2016,1100,PE,2.55,2.55,2,2.05,2.05,23,152.11,45600,4200,17-AUG-2016,
OPTSTK,INDUSINDBK,25-Aug-2016,1120,PE,4.9,5,3.85,3.85,3.85,11,74.22,67200,4800,17-AUG-2016,
OPTSTK,INDUSINDBK,25-Aug-2016,1140,PE,8.95,9.95,6.6,8.3,8.3,80,551.53,99000,6600,17-AUG-2016,
OPTSTK,INDUSINDBK,25-Aug-2016,1160,PE,17.4,18.95,13.7,16.4,16.4,49,346.11,79200,4200,17-AUG-2016,
OPTSTK,INDUSINDBK,25-Aug-2016,1180,PE,31.7,31.7,31.7,31.7,31.7,1,7.27,49800,-600,17-AUG-2016,
OPTSTK,INDUSINDBK,25-Aug-2016,1200,PE,0,0,0,43,47.3,0,0,36600,0,17-AUG-2016,
OPTSTK,INDUSINDBK,25-Aug-2016,1220,PE,0,0,0,42.1,65.55,0,0,3000,0,17-AUG-2016,
OPTSTK,INDUSINDBK,25-Aug-2016,1240,PE,0,0,0,50.45,84.9,0,0,1800,0,17-AUG-2016,
OPTSTK,INDUSINDBK,25-Aug-2016,1260,PE,0,0,0,156.6,104.65,0,0,0,0,17-AUG-2016,
OPTSTK,INDUSINDBK,25-Aug-2016,1280,PE,0,0,0,172.55,124.55,0,0,0,0,17-AUG-2016,
OPTSTK,INDUSINDBK,25-Aug-2016,1300,PE,0,0,0,130,144.55,0,0,1800,0,17-AUG-2016,
OPTSTK,INDUSINDBK,25-Aug-2016,1320,PE,0,0,0,205.95,164.5,0,0,0,0,17-AUG-2016,
OPTSTK,INDUSINDBK,25-Aug-2016,1340,PE,0,0,0,223.3,184.45,0,0,0,0,17-AUG-2016,
OPTSTK,INDUSINDBK,25-Aug-2016,1360,PE,0,0,0,240.95,204.45,0,0,0,0,17-AUG-2016,
OPTSTK,INDUSINDBK,25-Aug-2016,1380,PE,0,0,0,259,224.4,0,0,0,0,17-AUG-2016,
OPTSTK,INDUSINDBK,25-Aug-2016,1400,PE,0,0,0,277.25,244.4,0,0,0,0,17-AUG-2016,
OPTSTK,INDUSINDBK,29-Sep-2016,720,CE,0,0,0,404.35,439.4,0,0,0,0,17-AUG-2016,
OPTSTK,INDUSINDBK,29-Sep-2016,740,CE,0,0,0,384.7,419.55,0,0,0,0,17-AUG-2016,
OPTSTK,INDUSINDBK,29-Sep-2016,760,CE,0,0,0,365.05,399.7,0,0,0,0,17-AUG-2016,
OPTSTK,INDUSINDBK,29-Sep-2016,780,CE,0,0,0,345.4,379.9,0,0,0,0,17-AUG-2016,
OPTSTK,INDUSINDBK,29-Sep-2016,800,CE,0,0,0,325.8,360.05,0,0,0,0,17-AUG-2016,
OPTSTK,INDUSINDBK,29-Sep-2016,820,CE,0,0,0,306.15,340.2,0,0,0,0,17-AUG-2016,
OPTSTK,INDUSINDBK,29-Sep-2016,840,CE,0,0,0,286.55,320.35,0,0,0,0,17-AUG-2016,
OPTSTK,INDUSINDBK,29-Sep-2016,860,CE,0,0,0,267,300.55,0,0,0,0,17-AUG-2016,
OPTSTK,INDUSINDBK,29-Sep-2016,880,CE,0,0,0,247.55,280.7,0,0,0,0,17-AUG-2016,
OPTSTK,INDUSINDBK,29-Sep-2016,900,CE,0,0,0,228.25,260.85,0,0,0,0,17-AUG-2016,
OPTSTK,INDUSINDBK,29-Sep-2016,920,CE,0,0,0,209.1,241.05,0,0,0,0,17-AUG-2016,
OPTSTK,INDUSINDBK,29-Sep-2016,940,CE,0,0,0,190.25,221.25,0,0,0,0,17-AUG-2016,
OPTSTK,INDUSINDBK,29-Sep-2016,960,CE,0,0,0,171.85,201.55,0,0,0,0,17-AUG-2016,
OPTSTK,INDUSINDBK,29-Sep-2016,980,CE,0,0,0,153.9,181.95,0,0,0,0,17-AUG-2016,
OPTSTK,INDUSINDBK,29-Sep-2016,1000,CE,0,0,0,136.65,162.55,0,0,0,0,17-AUG-2016,
OPTSTK,INDUSINDBK,29-Sep-2016,1020,CE,0,0,0,120.2,143.5,0,0,0,0,17-AUG-2016,
OPTSTK,INDUSINDBK,29-Sep-2016,1040,CE,130.9,130.9,130.9,130.9,130.9,1,7.02,600,600,17-AUG-2016,
OPTSTK,INDUSINDBK,29-Sep-2016,1060,CE,0,0,0,119,107.25,0,0,1800,0,17-AUG-2016,
OPTSTK,INDUSINDBK,29-Sep-2016,1080,CE,0,0,0,147.85,90.5,0,0,1200,0,17-AUG-2016,
OPTSTK,INDUSINDBK,29-Sep-2016,1100,CE,0,0,0,64.9,74.95,0,0,0,0,17-AUG-2016,
OPTSTK,INDUSINDBK,29-Sep-2016,1120,CE,0,0,0,81.9,60.85,0,0,2400,0,17-AUG-2016,
OPTSTK,INDUSINDBK,29-Sep-2016,1140,CE,0,0,0,44.6,48.4,0,0,0,0,17-AUG-2016,
OPTSTK,INDUSINDBK,29-Sep-2016,1160,CE,0,0,0,36.35,37.7,0,0,0,0,17-AUG-2016,
OPTSTK,INDUSINDBK,29-Sep-2016,1180,CE,0,0,0,28,28.7,0,0,600,0,17-AUG-2016,
OPTSTK,INDUSINDBK,29-Sep-2016,1200,CE,18.5,18.5,18.5,18.5,18.5,2,14.62,8400,600,17-AUG-2016,
OPTSTK,INDUSINDBK,29-Sep-2016,1220,CE,12,12,12,12,12,1,7.39,600,600,17-AUG-2016,
OPTSTK,INDUSINDBK,29-Sep-2016,1240,CE,0,0,0,11.45,11,0,0,600,0,17-AUG-2016,
OPTSTK,INDUSINDBK,29-Sep-2016,1260,CE,0,0,0,11.05,7.65,0,0,0,0,17-AUG-2016,
OPTSTK,INDUSINDBK,29-Sep-2016,1280,CE,0,0,0,8.4,5.2,0,0,0,0,17-AUG-2016,
OPTSTK,INDUSINDBK,29-Sep-2016,1300,CE,0,0,0,6.35,3.45,0,0,0,0,17-AUG-2016,
OPTSTK,INDUSINDBK,29-Sep-2016,1320,CE,0,0,0,4.75,2.25,0,0,0,0,17-AUG-2016,
OPTSTK,INDUSINDBK,29-Sep-2016,1340,CE,0,0,0,3.5,1.4,0,0,0,0,17-AUG-2016,
OPTSTK,INDUSINDBK,29-Sep-2016,1360,CE,0,0,0,2.55,0.9,0,0,0,0,17-AUG-2016,
OPTSTK,INDUSINDBK,29-Sep-2016,1380,CE,0,0,0,1.85,0.55,0,0,0,0,17-AUG-2016,
OPTSTK,INDUSINDBK,29-Sep-2016,1400,CE,0,0,0,1.35,0.35,0,0,0,0,17-AUG-2016,
OPTSTK,INDUSINDBK,29-Sep-2016,720,PE,0,0,0,0.05,0,0,0,0,0,17-AUG-2016,
OPTSTK,INDUSINDBK,29-Sep-2016,740,PE,0,0,0,0.05,0,0,0,0,0,17-AUG-2016,
OPTSTK,INDUSINDBK,29-Sep-2016,760,PE,0,0,0,0.05,0,0,0,0,0,17-AUG-2016,
OPTSTK,INDUSINDBK,29-Sep-2016,780,PE,0,0,0,0.05,0,0,0,0,0,17-AUG-2016,
OPTSTK,INDUSINDBK,29-Sep-2016,800,PE,0,0,0,0.05,0,0,0,0,0,17-AUG-2016,
OPTSTK,INDUSINDBK,29-Sep-2016,820,PE,0,0,0,0.05,0,0,0,0,0,17-AUG-2016,
OPTSTK,INDUSINDBK,29-Sep-2016,840,PE,0,0,0,0.1,0,0,0,0,0,17-AUG-2016,
OPTSTK,INDUSINDBK,29-Sep-2016,860,PE,0,0,0,0.25,0,0,0,0,0,17-AUG-2016,
OPTSTK,INDUSINDBK,29-Sep-2016,880,PE,0,0,0,0.4,0,0,0,0,0,17-AUG-2016,
OPTSTK,INDUSINDBK,29-Sep-2016,900,PE,0,0,0,0.75,0.05,0,0,0,0,17-AUG-2016,
OPTSTK,INDUSINDBK,29-Sep-2016,920,PE,0,0,0,1.25,0.05,0,0,0,0,17-AUG-2016,
OPTSTK,INDUSINDBK,29-Sep-2016,940,PE,0,0,0,2.05,0.1,0,0,0,0,17-AUG-2016,
OPTSTK,INDUSINDBK,29-Sep-2016,960,PE,0,0,0,3.25,0.2,0,0,0,0,17-AUG-2016,
OPTSTK,INDUSINDBK,29-Sep-2016,980,PE,0,0,0,5,0.45,0,0,0,0,17-AUG-2016,
OPTSTK,INDUSINDBK,29-Sep-2016,1000,PE,0,0,0,7.4,0.9,0,0,0,0,17-AUG-2016,
OPTSTK,INDUSINDBK,29-Sep-2016,1020,PE,0,0,0,10.6,1.7,0,0,0,0,17-AUG-2016,
OPTSTK,INDUSINDBK,29-Sep-2016,1040,PE,0,0,0,14.7,3.05,0,0,0,0,17-AUG-2016,
OPTSTK,INDUSINDBK,29-Sep-2016,1060,PE,0,0,0,19.9,5.15,0,0,0,0,17-AUG-2016,
OPTSTK,INDUSINDBK,29-Sep-2016,1080,PE,0,0,0,26.25,8.2,0,0,0,0,17-AUG-2016,
OPTSTK,INDUSINDBK,29-Sep-2016,1100,PE,13.75,14,13.75,14,14,7,46.78,14400,3600,17-AUG-2016,
OPTSTK,INDUSINDBK,29-Sep-2016,1120,PE,0,0,0,17,18.25,0,0,5400,0,17-AUG-2016,
OPTSTK,INDUSINDBK,29-Sep-2016,1140,PE,0,0,0,19,25.65,0,0,1800,0,17-AUG-2016,
OPTSTK,INDUSINDBK,29-Sep-2016,1160,PE,0,0,0,64.25,34.75,0,0,0,0,17-AUG-2016,
OPTSTK,INDUSINDBK,29-Sep-2016,1180,PE,0,0,0,76.85,45.6,0,0,0,0,17-AUG-2016,
OPTSTK,INDUSINDBK,29-Sep-2016,1200,PE,0,0,0,42.5,58.05,0,0,4200,0,17-AUG-2016,
OPTSTK,INDUSINDBK,29-Sep-2016,1220,PE,0,0,0,43.5,72.05,0,0,1200,0,17-AUG-2016,
OPTSTK,INDUSINDBK,29-Sep-2016,1240,PE,0,0,0,120.85,87.45,0,0,0,0,17-AUG-2016,
OPTSTK,INDUSINDBK,29-Sep-2016,1260,PE,0,0,0,137.2,103.9,0,0,0,0,17-AUG-2016,
OPTSTK,INDUSINDBK,29-Sep-2016,1280,PE,0,0,0,154.2,121.25,0,0,0,0,17-AUG-2016,
OPTSTK,INDUSINDBK,29-Sep-2016,1300,PE,0,0,0,171.8,139.35,0,0,0,0,17-AUG-2016,
OPTSTK,INDUSINDBK,29-Sep-2016,1320,PE,0,0,0,189.8,158,0,0,0,0,17-AUG-2016,
OPTSTK,INDUSINDBK,29-Sep-2016,1340,PE,0,0,0,208.25,177,0,0,0,0,17-AUG-2016,
OPTSTK,INDUSINDBK,29-Sep-2016,1360,PE,0,0,0,226.95,196.3,0,0,0,0,17-AUG-2016,
OPTSTK,INDUSINDBK,29-Sep-2016,1380,PE,0,0,0,245.9,215.8,0,0,0,0,17-AUG-2016,
OPTSTK,INDUSINDBK,29-Sep-2016,1400,PE,0,0,0,265,235.45,0,0,0,0,17-AUG-2016,
OPTSTK,INDUSINDBK,27-Oct-2016,760,CE,0,0,0,421.4,403.7,0,0,0,0,17-AUG-2016,
OPTSTK,INDUSINDBK,27-Oct-2016,780,CE,0,0,0,401.7,383.95,0,0,0,0,17-AUG-2016,
OPTSTK,INDUSINDBK,27-Oct-2016,800,CE,0,0,0,382.05,364.25,0,0,0,0,17-AUG-2016,
OPTSTK,INDUSINDBK,27-Oct-2016,820,CE,0,0,0,362.4,344.5,0,0,0,0,17-AUG-2016,
OPTSTK,INDUSINDBK,27-Oct-2016,840,CE,0,0,0,342.8,324.8,0,0,0,0,17-AUG-2016,
OPTSTK,INDUSINDBK,27-Oct-2016,860,CE,0,0,0,323.15,305.05,0,0,0,0,17-AUG-2016,
OPTSTK,INDUSINDBK,27-Oct-2016,880,CE,0,0,0,303.6,285.4,0,0,0,0,17-AUG-2016,
OPTSTK,INDUSINDBK,27-Oct-2016,900,CE,0,0,0,284.05,265.75,0,0,0,0,17-AUG-2016,
OPTSTK,INDUSINDBK,27-Oct-2016,920,CE,0,0,0,264.65,246.15,0,0,0,0,17-AUG-2016,
OPTSTK,INDUSINDBK,27-Oct-2016,940,CE,0,0,0,245.35,226.7,0,0,0,0,17-AUG-2016,
OPTSTK,INDUSINDBK,27-Oct-2016,960,CE,0,0,0,226.25,207.4,0,0,0,0,17-AUG-2016,
OPTSTK,INDUSINDBK,27-Oct-2016,980,CE,0,0,0,207.45,188.4,0,0,0,0,17-AUG-2016,
OPTSTK,INDUSINDBK,27-Oct-2016,1000,CE,0,0,0,189,169.75,0,0,0,0,17-AUG-2016,
OPTSTK,INDUSINDBK,27-Oct-2016,1020,CE,0,0,0,171,151.65,0,0,0,0,17-AUG-2016,
OPTSTK,INDUSINDBK,27-Oct-2016,1040,CE,0,0,0,153.65,134.2,0,0,0,0,17-AUG-2016,
OPTSTK,INDUSINDBK,27-Oct-2016,1060,CE,0,0,0,136.95,117.55,0,0,0,0,17-AUG-2016,
OPTSTK,INDUSINDBK,27-Oct-2016,1080,CE,0,0,0,121.15,101.85,0,0,0,0,17-AUG-2016,
OPTSTK,INDUSINDBK,27-Oct-2016,1100,CE,0,0,0,106.25,87.25,0,0,0,0,17-AUG-2016,
OPTSTK,INDUSINDBK,27-Oct-2016,1120,CE,0,0,0,92.3,73.85,0,0,0,0,17-AUG-2016,
OPTSTK,INDUSINDBK,27-Oct-2016,1140,CE,0,0,0,79.5,61.8,0,0,0,0,17-AUG-2016,
OPTSTK,INDUSINDBK,27-Oct-2016,1160,CE,0,0,0,67.9,51.05,0,0,0,0,17-AUG-2016,
OPTSTK,INDUSINDBK,27-Oct-2016,1180,CE,0,0,0,57.4,41.6,0,0,0,0,17-AUG-2016,
OPTSTK,INDUSINDBK,27-Oct-2016,1200,CE,0,0,0,48.1,33.5,0,0,0,0,17-AUG-2016,
OPTSTK,INDUSINDBK,27-Oct-2016,1220,CE,0,0,0,39.95,26.65,0,0,0,0,17-AUG-2016,
OPTSTK,INDUSINDBK,27-Oct-2016,1240,CE,0,0,0,46,20.9,0,0,20400,0,17-AUG-2016,
OPTSTK,INDUSINDBK,27-Oct-2016,1260,CE,0,0,0,26.75,16.2,0,0,0,0,17-AUG-2016,
OPTSTK,INDUSINDBK,27-Oct-2016,1280,CE,0,0,0,31,12.4,0,0,1200,0,17-AUG-2016,
OPTSTK,INDUSINDBK,27-Oct-2016,1300,CE,0,0,0,21,9.35,0,0,35400,0,17-AUG-2016,
OPTSTK,INDUSINDBK,27-Oct-2016,1320,CE,0,0,0,13.7,7,0,0,0,0,17-AUG-2016,
OPTSTK,INDUSINDBK,27-Oct-2016,1340,CE,0,0,0,10.8,5.15,0,0,0,0,17-AUG-2016,
OPTSTK,INDUSINDBK,27-Oct-2016,1360,CE,0,0,0,8.4,3.75,0,0,0,0,17-AUG-2016,
OPTSTK,INDUSINDBK,27-Oct-2016,1380,CE,0,0,0,6.5,2.7,0,0,0,0,17-AUG-2016,
OPTSTK,INDUSINDBK,27-Oct-2016,1400,CE,0,0,0,4.95,1.95,0,0,0,0,17-AUG-2016,
OPTSTK,INDUSINDBK,27-Oct-2016,760,PE,0,0,0,0.05,0,0,0,0,0,17-AUG-2016,
OPTSTK,INDUSINDBK,27-Oct-2016,780,PE,0,0,0,0.05,0,0,0,0,0,17-AUG-2016,
OPTSTK,INDUSINDBK,27-Oct-2016,800,PE,0,0,0,0.05,0,0,0,0,0,17-AUG-2016,
OPTSTK,INDUSINDBK,27-Oct-2016,820,PE,0,0,0,0.05,0.05,0,0,0,0,17-AUG-2016,
OPTSTK,INDUSINDBK,27-Oct-2016,840,PE,0,0,0,0.05,0.05,0,0,0,0,17-AUG-2016,
OPTSTK,INDUSINDBK,27-Oct-2016,860,PE,0,0,0,0.1,0.05,0,0,0,0,17-AUG-2016,
OPTSTK,INDUSINDBK,27-Oct-2016,880,PE,0,0,0,0.15,0.1,0,0,0,0,17-AUG-2016,
OPTSTK,INDUSINDBK,27-Oct-2016,900,PE,0,0,0,0.3,0.2,0,0,0,0,17-AUG-2016,
OPTSTK,INDUSINDBK,27-Oct-2016,920,PE,0,0,0,0.55,0.35,0,0,0,0,17-AUG-2016,
OPTSTK,INDUSINDBK,27-Oct-2016,940,PE,0,0,0,0.9,0.6,0,0,0,0,17-AUG-2016,
OPTSTK,INDUSINDBK,27-Oct-2016,960,PE,0,0,0,1.45,1.05,0,0,0,0,17-AUG-2016,
OPTSTK,INDUSINDBK,27-Oct-2016,980,PE,0,0,0,2.3,1.8,0,0,0,0,17-AUG-2016,
OPTSTK,INDUSINDBK,27-Oct-2016,1000,PE,0,0,0,3.5,2.9,0,0,0,0,17-AUG-2016,
OPTSTK,INDUSINDBK,27-Oct-2016,1020,PE,0,0,0,5.2,4.5,0,0,0,0,17-AUG-2016,
OPTSTK,INDUSINDBK,27-Oct-2016,1040,PE,0,0,0,7.45,6.8,0,0,0,0,17-AUG-2016,
OPTSTK,INDUSINDBK,27-Oct-2016,1060,PE,0,0,0,10.45,9.85,0,0,0,0,17-AUG-2016,
OPTSTK,INDUSINDBK,27-Oct-2016,1080,PE,0,0,0,14.25,13.9,0,0,0,0,17-AUG-2016,
OPTSTK,INDUSINDBK,27-Oct-2016,1100,PE,0,0,0,19.05,19.05,0,0,0,0,17-AUG-2016,
OPTSTK,INDUSINDBK,27-Oct-2016,1120,PE,0,0,0,24.75,25.4,0,0,0,0,17-AUG-2016,
OPTSTK,INDUSINDBK,27-Oct-2016,1140,PE,0,0,0,31.65,33.05,0,0,0,0,17-AUG-2016,
OPTSTK,INDUSINDBK,27-Oct-2016,1160,PE,0,0,0,39.65,42,0,0,0,0,17-AUG-2016,
OPTSTK,INDUSINDBK,27-Oct-2016,1180,PE,0,0,0,48.85,52.35,0,0,0,0,17-AUG-2016,
OPTSTK,INDUSINDBK,27-Oct-2016,1200,PE,0,0,0,59.2,63.95,0,0,0,0,17-AUG-2016,
OPTSTK,INDUSINDBK,27-Oct-2016,1220,PE,0,0,0,51.2,76.8,0,0,4800,0,17-AUG-2016,
OPTSTK,INDUSINDBK,27-Oct-2016,1240,PE,0,0,0,83.25,90.8,0,0,0,0,17-AUG-2016,
OPTSTK,INDUSINDBK,27-Oct-2016,1260,PE,0,0,0,96.8,105.85,0,0,0,0,17-AUG-2016,
OPTSTK,INDUSINDBK,27-Oct-2016,1280,PE,0,0,0,111.35,121.8,0,0,0,0,17-AUG-2016,
OPTSTK,INDUSINDBK,27-Oct-2016,1300,PE,0,0,0,126.65,138.5,0,0,0,0,17-AUG-2016,
OPTSTK,INDUSINDBK,27-Oct-2016,1320,PE,0,0,0,142.75,155.85,0,0,0,0,17-AUG-2016,
OPTSTK,INDUSINDBK,27-Oct-2016,1340,PE,0,0,0,159.45,173.75,0,0,0,0,17-AUG-2016,
OPTSTK,INDUSINDBK,27-Oct-2016,1360,PE,0,0,0,176.75,192.1,0,0,0,0,17-AUG-2016,
OPTSTK,INDUSINDBK,27-Oct-2016,1380,PE,0,0,0,194.5,210.75,0,0,0,0,17-AUG-2016,
OPTSTK,INDUSINDBK,27-Oct-2016,1400,PE,0,0,0,212.6,229.7,0,0,0,0,17-AUG-2016,
OPTSTK,INFRATEL,25-Aug-2016,240,CE,0,0,0,154.45,109.1,0,0,0,0,17-AUG-2016,
OPTSTK,INFRATEL,25-Aug-2016,250,CE,0,0,0,144.65,99.1,0,0,0,0,17-AUG-2016,
OPTSTK,INFRATEL,25-Aug-2016,260,CE,0,0,0,134.9,89.1,0,0,0,0,17-AUG-2016,
OPTSTK,INFRATEL,25-Aug-2016,270,CE,0,0,0,125.15,79.1,0,0,0,0,17-AUG-2016,
OPTSTK,INFRATEL,25-Aug-2016,280,CE,0,0,0,115.5,69.15,0,0,0,0,17-AUG-2016,
OPTSTK,INFRATEL,25-Aug-2016,290,CE,0,0,0,105.95,59.15,0,0,0,0,17-AUG-2016,
OPTSTK,INFRATEL,25-Aug-2016,300,CE,0,0,0,96.55,49.2,0,0,0,0,17-AUG-2016,
OPTSTK,INFRATEL,25-Aug-2016,310,CE,0,0,0,87.4,39.4,0,0,0,0,17-AUG-2016,
OPTSTK,INFRATEL,25-Aug-2016,320,CE,0,0,0,78.5,29.9,0,0,0,0,17-AUG-2016,
OPTSTK,INFRATEL,25-Aug-2016,330,CE,0,0,0,49.95,21.2,0,0,7000,0,17-AUG-2016,
OPTSTK,INFRATEL,25-Aug-2016,340,CE,0,0,0,9.3,13.8,0,0,2800,0,17-AUG-2016,
OPTSTK,INFRATEL,25-Aug-2016,350,CE,10.45,10.45,7,7.55,7.55,24,120.2,19600,8400,17-AUG-2016,
OPTSTK,INFRATEL,25-Aug-2016,360,CE,6,6,3.5,3.95,3.95,25,127.49,46200,7000,17-AUG-2016,
OPTSTK,INFRATEL,25-Aug-2016,370,CE,2.7,2.7,2,2.1,2.1,12,62.52,51800,8400,17-AUG-2016,
OPTSTK,INFRATEL,25-Aug-2016,380,CE,1.4,1.5,1.4,1.5,1.5,7,37.38,67200,-1400,17-AUG-2016,
OPTSTK,INFRATEL,25-Aug-2016,390,CE,0.85,0.85,0.65,0.65,0.65,2,10.94,16800,0,17-AUG-2016,
OPTSTK,INFRATEL,25-Aug-2016,400,CE,0.85,0.85,0.7,0.7,0.7,2,11.22,88200,1400,17-AUG-2016,
OPTSTK,INFRATEL,25-Aug-2016,410,CE,0,0,0,0.75,0.05,0,0,25200,0,17-AUG-2016,
OPTSTK,INFRATEL,25-Aug-2016,420,CE,0.6,0.6,0.3,0.3,0.3,2,11.77,23800,0,17-AUG-2016,
OPTSTK,INFRATEL,25-Aug-2016,430,CE,0,0,0,0.45,0,0,0,15400,0,17-AUG-2016,
OPTSTK,INFRATEL,25-Aug-2016,440,CE,0,0,0,11.2,0,0,0,0,0,17-AUG-2016,
OPTSTK,INFRATEL,25-Aug-2016,450,CE,0,0,0,0.6,0,0,0,2800,0,17-AUG-2016,
OPTSTK,INFRATEL,25-Aug-2016,460,CE,0,0,0,0.15,0,0,0,1400,0,17-AUG-2016,
OPTSTK,INFRATEL,25-Aug-2016,470,CE,0,0,0,5.7,0,0,0,0,0,17-AUG-2016,
OPTSTK,INFRATEL,25-Aug-2016,480,CE,0,0,0,4.5,0,0,0,0,0,17-AUG-2016,
OPTSTK,INFRATEL,25-Aug-2016,490,CE,0,0,0,3.55,0,0,0,0,0,17-AUG-2016,
OPTSTK,INFRATEL,25-Aug-2016,500,CE,0,0,0,2.75,0,0,0,0,0,17-AUG-2016,
OPTSTK,INFRATEL,25-Aug-2016,510,CE,0,0,0,2.15,0,0,0,0,0,17-AUG-2016,
OPTSTK,INFRATEL,25-Aug-2016,520,CE,0,0,0,1.65,0,0,0,0,0,17-AUG-2016,
OPTSTK,INFRATEL,25-Aug-2016,530,CE,0,0,0,1.25,0,0,0,0,0,17-AUG-2016,
OPTSTK,INFRATEL,25-Aug-2016,240,PE,0,0,0,0.05,0,0,0,0,0,17-AUG-2016,
OPTSTK,INFRATEL,25-Aug-2016,250,PE,0,0,0,0.05,0,0,0,0,0,17-AUG-2016,
OPTSTK,INFRATEL,25-Aug-2016,260,PE,0,0,0,0.1,0,0,0,0,0,17-AUG-2016,
OPTSTK,INFRATEL,25-Aug-2016,270,PE,0,0,0,0.2,0,0,0,0,0,17-AUG-2016,
OPTSTK,INFRATEL,25-Aug-2016,280,PE,0,0,0,0.35,0,0,0,0,0,17-AUG-2016,
OPTSTK,INFRATEL,25-Aug-2016,290,PE,0,0,0,0.65,0.05,0,0,0,0,17-AUG-2016,
OPTSTK,INFRATEL,25-Aug-2016,300,PE,0,0,0,1.05,0.05,0,0,0,0,17-AUG-2016,
OPTSTK,INFRATEL,25-Aug-2016,310,PE,0,0,0,1.7,0.2,0,0,0,0,17-AUG-2016,
OPTSTK,INFRATEL,25-Aug-2016,320,PE,1,1,0.85,0.85,0.85,2,8.98,7000,1400,17-AUG-2016,
OPTSTK,INFRATEL,25-Aug-2016,330,PE,1.85,2.4,1.85,2.4,2.4,3,13.94,15400,4200,17-AUG-2016,
OPTSTK,INFRATEL,25-Aug-2016,340,PE,3.35,4.55,3.2,3.6,3.6,11,52.94,14000,1400,17-AUG-2016,
OPTSTK,INFRATEL,25-Aug-2016,350,PE,7.25,9.75,7.25,8,8,9,45.14,43400,1400,17-AUG-2016,
OPTSTK,INFRATEL,25-Aug-2016,360,PE,14.35,14.45,14.35,14.45,14.45,2,10.48,8400,-2800,17-AUG-2016,
OPTSTK,INFRATEL,25-Aug-2016,370,PE,0,0,0,21.3,22.8,0,0,12600,0,17-AUG-2016,
OPTSTK,INFRATEL,25-Aug-2016,380,PE,33,33,33,33,33,2,11.56,21000,-2800,17-AUG-2016,
OPTSTK,INFRATEL,25-Aug-2016,390,PE,0,0,0,37,41.05,0,0,9800,0,17-AUG-2016,
OPTSTK,INFRATEL,25-Aug-2016,400,PE,0,0,0,53.2,50.85,0,0,96600,0,17-AUG-2016,
OPTSTK,INFRATEL,25-Aug-2016,410,PE,0,0,0,38.75,60.75,0,0,2800,0,17-AUG-2016,
OPTSTK,INFRATEL,25-Aug-2016,420,PE,0,0,0,39.15,70.7,0,0,0,0,17-AUG-2016,
OPTSTK,INFRATEL,25-Aug-2016,430,PE,0,0,0,40.25,80.7,0,0,1400,0,17-AUG-2016,
OPTSTK,INFRATEL,25-Aug-2016,440,PE,0,0,0,53.2,90.65,0,0,0,0,17-AUG-2016,
OPTSTK,INFRATEL,25-Aug-2016,450,PE,0,0,0,60.8,100.65,0,0,0,0,17-AUG-2016,
OPTSTK,INFRATEL,25-Aug-2016,460,PE,0,0,0,68.85,110.65,0,0,0,0,17-AUG-2016,
OPTSTK,INFRATEL,25-Aug-2016,470,PE,0,0,0,77.2,120.6,0,0,0,0,17-AUG-2016,
OPTSTK,INFRATEL,25-Aug-2016,480,PE,0,0,0,85.8,130.6,0,0,0,0,17-AUG-2016,
OPTSTK,INFRATEL,25-Aug-2016,490,PE,0,0,0,94.65,140.6,0,0,0,0,17-AUG-2016,
OPTSTK,INFRATEL,25-Aug-2016,500,PE,0,0,0,103.7,150.55,0,0,0,0,17-AUG-2016,
OPTSTK,INFRATEL,25-Aug-2016,510,PE,0,0,0,112.9,160.55,0,0,0,0,17-AUG-2016,
OPTSTK,INFRATEL,25-Aug-2016,520,PE,0,0,0,122.2,170.55,0,0,0,0,17-AUG-2016,
OPTSTK,INFRATEL,25-Aug-2016,530,PE,0,0,0,131.65,180.55,0,0,0,0,17-AUG-2016,
OPTSTK,INFRATEL,29-Sep-2016,240,CE,0,0,0,110.25,110.7,0,0,0,0,17-AUG-2016,
OPTSTK,INFRATEL,29-Sep-2016,250,CE,0,0,0,101,100.85,0,0,0,0,17-AUG-2016,
OPTSTK,INFRATEL,29-Sep-2016,260,CE,0,0,0,92,91.1,0,0,0,0,17-AUG-2016,
OPTSTK,INFRATEL,29-Sep-2016,270,CE,0,0,0,83.3,81.45,0,0,0,0,17-AUG-2016,
OPTSTK,INFRATEL,29-Sep-2016,280,CE,0,0,0,74.95,72,0,0,0,0,17-AUG-2016,
OPTSTK,INFRATEL,29-Sep-2016,290,CE,0,0,0,67.05,62.9,0,0,0,0,17-AUG-2016,
OPTSTK,INFRATEL,29-Sep-2016,300,CE,0,0,0,59.55,54.15,0,0,0,0,17-AUG-2016,
OPTSTK,INFRATEL,29-Sep-2016,310,CE,0,0,0,52.6,46,0,0,0,0,17-AUG-2016,
OPTSTK,INFRATEL,29-Sep-2016,320,CE,0,0,0,46.15,38.5,0,0,0,0,17-AUG-2016,
OPTSTK,INFRATEL,29-Sep-2016,330,CE,0,0,0,40.25,31.65,0,0,0,0,17-AUG-2016,
OPTSTK,INFRATEL,29-Sep-2016,340,CE,0,0,0,34.9,25.65,0,0,0,0,17-AUG-2016,
OPTSTK,INFRATEL,29-Sep-2016,350,CE,16,16,16,16,16,1,5.12,1400,1400,17-AUG-2016,
OPTSTK,INFRATEL,29-Sep-2016,360,CE,0,0,0,25.75,16.05,0,0,0,0,17-AUG-2016,
OPTSTK,INFRATEL,29-Sep-2016,370,CE,0,0,0,21.95,12.4,0,0,0,0,17-AUG-2016,
OPTSTK,INFRATEL,29-Sep-2016,380,CE,6.25,6.25,6,6.25,6.25,6,32.43,7000,7000,17-AUG-2016,
OPTSTK,INFRATEL,29-Sep-2016,390,CE,0,0,0,15.7,7.05,0,0,0,0,17-AUG-2016,
OPTSTK,INFRATEL,29-Sep-2016,400,CE,0,0,0,13.2,5.2,0,0,0,0,17-AUG-2016,
OPTSTK,INFRATEL,29-Sep-2016,410,CE,0,0,0,11.05,3.8,0,0,0,0,17-AUG-2016,
OPTSTK,INFRATEL,29-Sep-2016,420,CE,0,0,0,9.2,2.75,0,0,0,0,17-AUG-2016,
OPTSTK,INFRATEL,29-Sep-2016,430,CE,0,0,0,9.9,1.95,0,0,5600,0,17-AUG-2016,
OPTSTK,INFRATEL,29-Sep-2016,440,CE,0,0,0,7.8,1.35,0,0,2800,0,17-AUG-2016,
OPTSTK,INFRATEL,29-Sep-2016,450,CE,2.45,2.45,2.45,2.45,2.45,1,6.33,1400,1400,17-AUG-2016,
OPTSTK,INFRATEL,29-Sep-2016,460,CE,0,0,0,4.25,0.65,0,0,0,0,17-AUG-2016,
OPTSTK,INFRATEL,29-Sep-2016,470,CE,0,0,0,3.45,0.45,0,0,0,0,17-AUG-2016,
OPTSTK,INFRATEL,29-Sep-2016,480,CE,0,0,0,2.85,0.3,0,0,0,0,17-AUG-2016,
OPTSTK,INFRATEL,29-Sep-2016,490,CE,0,0,0,2.3,0.2,0,0,0,0,17-AUG-2016,
OPTSTK,INFRATEL,29-Sep-2016,500,CE,0,0,0,1.85,0.15,0,0,0,0,17-AUG-2016,
OPTSTK,INFRATEL,29-Sep-2016,510,CE,0,0,0,1.5,0.1,0,0,0,0,17-AUG-2016,
OPTSTK,INFRATEL,29-Sep-2016,240,PE,0,0,0,0.95,0.05,0,0,0,0,17-AUG-2016,
OPTSTK,INFRATEL,29-Sep-2016,250,PE,0,0,0,1.5,0.15,0,0,0,0,17-AUG-2016,
OPTSTK,INFRATEL,29-Sep-2016,260,PE,0,0,0,2.35,0.3,0,0,0,0,17-AUG-2016,
OPTSTK,INFRATEL,29-Sep-2016,270,PE,0,0,0,3.45,0.55,0,0,0,0,17-AUG-2016,
OPTSTK,INFRATEL,29-Sep-2016,280,PE,0,0,0,4.95,1.05,0,0,0,0,17-AUG-2016,
OPTSTK,INFRATEL,29-Sep-2016,290,PE,0,0,0,6.85,1.85,0,0,0,0,17-AUG-2016,
OPTSTK,INFRATEL,29-Sep-2016,300,PE,0,0,0,9.2,3.05,0,0,0,0,17-AUG-2016,
OPTSTK,INFRATEL,29-Sep-2016,310,PE,0,0,0,12.05,4.8,0,0,0,0,17-AUG-2016,
OPTSTK,INFRATEL,29-Sep-2016,320,PE,0,0,0,15.45,7.2,0,0,0,0,17-AUG-2016,
OPTSTK,INFRATEL,29-Sep-2016,330,PE,7,7,7,7,7,1,4.71,7000,1400,17-AUG-2016,
OPTSTK,INFRATEL,29-Sep-2016,340,PE,0,0,0,8,14.2,0,0,2800,0,17-AUG-2016,
OPTSTK,INFRATEL,29-Sep-2016,350,PE,0,0,0,9,18.9,0,0,1400,0,17-AUG-2016,
OPTSTK,INFRATEL,29-Sep-2016,360,PE,23.7,23.7,23.7,23.7,23.7,1,5.37,1400,-1400,17-AUG-2016,
OPTSTK,INFRATEL,29-Sep-2016,370,PE,0,0,0,40.35,30.7,0,0,0,0,17-AUG-2016,
OPTSTK,INFRATEL,29-Sep-2016,380,PE,0,0,0,46.85,37.65,0,0,0,0,17-AUG-2016,
OPTSTK,INFRATEL,29-Sep-2016,390,PE,0,0,0,53.75,45.2,0,0,0,0,17-AUG-2016,
OPTSTK,INFRATEL,29-Sep-2016,400,PE,0,0,0,61.1,53.25,0,0,0,0,17-AUG-2016,
OPTSTK,INFRATEL,29-Sep-2016,410,PE,0,0,0,68.75,61.8,0,0,0,0,17-AUG-2016,
OPTSTK,INFRATEL,29-Sep-2016,420,PE,0,0,0,76.7,70.65,0,0,0,0,17-AUG-2016,
OPTSTK,INFRATEL,29-Sep-2016,430,PE,0,0,0,84.95,79.75,0,0,0,0,17-AUG-2016,
OPTSTK,INFRATEL,29-Sep-2016,440,PE,0,0,0,93.45,89.1,0,0,0,0,17-AUG-2016,
OPTSTK,INFRATEL,29-Sep-2016,450,PE,0,0,0,102.15,98.6,0,0,0,0,17-AUG-2016,
OPTSTK,INFRATEL,29-Sep-2016,460,PE,0,0,0,111.05,108.25,0,0,0,0,17-AUG-2016,
OPTSTK,INFRATEL,29-Sep-2016,470,PE,0,0,0,120.1,117.95,0,0,0,0,17-AUG-2016,
OPTSTK,INFRATEL,29-Sep-2016,480,PE,0,0,0,129.3,127.7,0,0,0,0,17-AUG-2016,
OPTSTK,INFRATEL,29-Sep-2016,490,PE,0,0,0,138.6,137.55,0,0,0,0,17-AUG-2016,
OPTSTK,INFRATEL,29-Sep-2016,500,PE,0,0,0,148,147.4,0,0,0,0,17-AUG-2016,
OPTSTK,INFRATEL,29-Sep-2016,510,PE,0,0,0,157.45,157.25,0,0,0,0,17-AUG-2016,
OPTSTK,INFRATEL,27-Oct-2016,240,CE,0,0,0,164.3,112.25,0,0,0,0,17-AUG-2016,
OPTSTK,INFRATEL,27-Oct-2016,250,CE,0,0,0,154.6,102.65,0,0,0,0,17-AUG-2016,
OPTSTK,INFRATEL,27-Oct-2016,260,CE,0,0,0,144.95,93.2,0,0,0,0,17-AUG-2016,
OPTSTK,INFRATEL,27-Oct-2016,270,CE,0,0,0,135.45,84.05,0,0,0,0,17-AUG-2016,
OPTSTK,INFRATEL,27-Oct-2016,280,CE,0,0,0,126.05,75.15,0,0,0,0,17-AUG-2016,
OPTSTK,INFRATEL,27-Oct-2016,290,CE,0,0,0,116.85,66.65,0,0,0,0,17-AUG-2016,
OPTSTK,INFRATEL,27-Oct-2016,300,CE,0,0,0,107.85,58.6,0,0,0,0,17-AUG-2016,
OPTSTK,INFRATEL,27-Oct-2016,310,CE,0,0,0,99.1,51.1,0,0,0,0,17-AUG-2016,
OPTSTK,INFRATEL,27-Oct-2016,320,CE,0,0,0,90.65,44.1,0,0,0,0,17-AUG-2016,
OPTSTK,INFRATEL,27-Oct-2016,330,CE,0,0,0,82.55,37.75,0,0,0,0,17-AUG-2016,
OPTSTK,INFRATEL,27-Oct-2016,340,CE,0,0,0,74.85,32,0,0,0,0,17-AUG-2016,
OPTSTK,INFRATEL,27-Oct-2016,350,CE,0,0,0,67.55,26.9,0,0,0,0,17-AUG-2016,
OPTSTK,INFRATEL,27-Oct-2016,360,CE,0,0,0,60.65,22.45,0,0,0,0,17-AUG-2016,
OPTSTK,INFRATEL,27-Oct-2016,370,CE,0,0,0,54.25,18.55,0,0,0,0,17-AUG-2016,
OPTSTK,INFRATEL,27-Oct-2016,380,CE,0,0,0,48.25,15.2,0,0,0,0,17-AUG-2016,
OPTSTK,INFRATEL,27-Oct-2016,390,CE,0,0,0,42.8,12.35,0,0,0,0,17-AUG-2016,
OPTSTK,INFRATEL,27-Oct-2016,400,CE,0,0,0,37.75,10,0,0,0,0,17-AUG-2016,
OPTSTK,INFRATEL,27-Oct-2016,410,CE,0,0,0,33.15,8,0,0,0,0,17-AUG-2016,
OPTSTK,INFRATEL,27-Oct-2016,420,CE,0,0,0,29,6.4,0,0,0,0,17-AUG-2016,
OPTSTK,INFRATEL,27-Oct-2016,430,CE,0,0,0,25.3,5.05,0,0,0,0,17-AUG-2016,
OPTSTK,INFRATEL,27-Oct-2016,440,CE,0,0,0,21.95,3.95,0,0,0,0,17-AUG-2016,
OPTSTK,INFRATEL,27-Oct-2016,450,CE,0,0,0,19,3.1,0,0,0,0,17-AUG-2016,
OPTSTK,INFRATEL,27-Oct-2016,460,CE,0,0,0,16.4,2.4,0,0,0,0,17-AUG-2016,
OPTSTK,INFRATEL,27-Oct-2016,470,CE,0,0,0,14.1,1.85,0,0,0,0,17-AUG-2016,
OPTSTK,INFRATEL,27-Oct-2016,480,CE,0,0,0,12.1,1.45,0,0,0,0,17-AUG-2016,
OPTSTK,INFRATEL,27-Oct-2016,490,CE,0,0,0,10.3,1.1,0,0,0,0,17-AUG-2016,
OPTSTK,INFRATEL,27-Oct-2016,500,CE,0,0,0,8.8,0.85,0,0,0,0,17-AUG-2016,
OPTSTK,INFRATEL,27-Oct-2016,510,CE,0,0,0,7.45,0.65,0,0,0,0,17-AUG-2016,
OPTSTK,INFRATEL,27-Oct-2016,240,PE,0,0,0,0.2,0.35,0,0,0,0,17-AUG-2016,
OPTSTK,INFRATEL,27-Oct-2016,250,PE,0,0,0,0.3,0.6,0,0,0,0,17-AUG-2016,
OPTSTK,INFRATEL,27-Oct-2016,260,PE,0,0,0,0.5,1.05,0,0,0,0,17-AUG-2016,
OPTSTK,INFRATEL,27-Oct-2016,270,PE,0,0,0,0.8,1.75,0,0,0,0,17-AUG-2016,
OPTSTK,INFRATEL,27-Oct-2016,280,PE,0,0,0,1.25,2.7,0,0,0,0,17-AUG-2016,
OPTSTK,INFRATEL,27-Oct-2016,290,PE,0,0,0,1.85,4.1,0,0,0,0,17-AUG-2016,
OPTSTK,INFRATEL,27-Oct-2016,300,PE,0,0,0,2.7,5.9,0,0,0,0,17-AUG-2016,
OPTSTK,INFRATEL,27-Oct-2016,310,PE,0,0,0,3.8,8.25,0,0,0,0,17-AUG-2016,
OPTSTK,INFRATEL,27-Oct-2016,320,PE,0,0,0,5.15,11.15,0,0,0,0,17-AUG-2016,
OPTSTK,INFRATEL,27-Oct-2016,330,PE,0,0,0,6.9,14.65,0,0,0,0,17-AUG-2016,
OPTSTK,INFRATEL,27-Oct-2016,340,PE,0,0,0,9,18.8,0,0,0,0,17-AUG-2016,
OPTSTK,INFRATEL,27-Oct-2016,350,PE,0,0,0,11.55,23.55,0,0,0,0,17-AUG-2016,
OPTSTK,INFRATEL,27-Oct-2016,360,PE,0,0,0,14.5,28.95,0,0,0,0,17-AUG-2016,
OPTSTK,INFRATEL,27-Oct-2016,370,PE,0,0,0,17.85,34.9,0,0,0,0,17-AUG-2016,
OPTSTK,INFRATEL,27-Oct-2016,380,PE,0,0,0,21.75,41.45,0,0,0,0,17-AUG-2016,
OPTSTK,INFRATEL,27-Oct-2016,390,PE,0,0,0,26.1,48.45,0,0,0,0,17-AUG-2016,
OPTSTK,INFRATEL,27-Oct-2016,400,PE,0,0,0,30.85,56,0,0,0,0,17-AUG-2016,
OPTSTK,INFRATEL,27-Oct-2016,410,PE,0,0,0,36.1,63.85,0,0,0,0,17-AUG-2016,
OPTSTK,INFRATEL,27-Oct-2016,420,PE,0,0,0,41.8,72.1,0,0,0,0,17-AUG-2016,
OPTSTK,INFRATEL,27-Oct-2016,430,PE,0,0,0,47.9,80.6,0,0,0,0,17-AUG-2016,
OPTSTK,INFRATEL,27-Oct-2016,440,PE,0,0,0,54.4,89.4,0,0,0,0,17-AUG-2016,
OPTSTK,INFRATEL,27-Oct-2016,450,PE,0,0,0,61.25,98.4,0,0,0,0,17-AUG-2016,
OPTSTK,INFRATEL,27-Oct-2016,460,PE,0,0,0,68.5,107.6,0,0,0,0,17-AUG-2016,
OPTSTK,INFRATEL,27-Oct-2016,470,PE,0,0,0,76.05,116.9,0,0,0,0,17-AUG-2016,
OPTSTK,INFRATEL,27-Oct-2016,480,PE,0,0,0,83.85,126.35,0,0,0,0,17-AUG-2016,
OPTSTK,INFRATEL,27-Oct-2016,490,PE,0,0,0,91.9,135.85,0,0,0,0,17-AUG-2016,
OPTSTK,INFRATEL,27-Oct-2016,500,PE,0,0,0,100.2,145.5,0,0,0,0,17-AUG-2016,
OPTSTK,INFRATEL,27-Oct-2016,510,PE,0,0,0,108.7,155.15,0,0,0,0,17-AUG-2016,
OPTSTK,INFY,25-Aug-2016,840,CE,0,0,0,409.2,194.6,0,0,0,0,17-AUG-2016,
OPTSTK,INFY,25-Aug-2016,860,CE,0,0,0,389.55,174.6,0,0,0,0,17-AUG-2016,
OPTSTK,INFY,25-Aug-2016,880,CE,0,0,0,369.95,154.65,0,0,0,0,17-AUG-2016,
OPTSTK,INFY,25-Aug-2016,900,CE,0,0,0,350.4,134.65,0,0,0,0,17-AUG-2016,
OPTSTK,INFY,25-Aug-2016,920,CE,0,0,0,330.85,114.75,0,0,0,0,17-AUG-2016,
OPTSTK,INFY,25-Aug-2016,940,CE,0,0,0,311.4,94.9,0,0,0,0,17-AUG-2016,
OPTSTK,INFY,25-Aug-2016,960,CE,0,0,0,292.1,75.4,0,0,0,0,17-AUG-2016,
OPTSTK,INFY,25-Aug-2016,980,CE,0,0,0,104,56.8,0,0,0,0,17-AUG-2016,
OPTSTK,INFY,25-Aug-2016,1000,CE,51.5,51.5,38,39.5,39.5,35,182.58,18000,3000,17-AUG-2016,
OPTSTK,INFY,25-Aug-2016,1020,CE,30.1,33.3,23.25,24.6,24.6,153,802.05,35500,23500,17-AUG-2016,
OPTSTK,INFY,25-Aug-2016,1040,CE,20,20,12.3,13,13,911,4807.75,223500,94500,17-AUG-2016,
OPTSTK,INFY,25-Aug-2016,1060,CE,12,12.5,6.05,6.4,6.4,1971,10526.2,428500,161000,17-AUG-2016,
OPTSTK,INFY,25-Aug-2016,1080,CE,5.5,5.5,3.2,3.35,3.35,1518,8228.31,720500,54000,17-AUG-2016,
OPTSTK,INFY,25-Aug-2016,1100,CE,3.65,3.7,1.85,1.95,1.95,1929,10631.18,2171000,73000,17-AUG-2016,
OPTSTK,INFY,25-Aug-2016,1120,CE,1.6,1.6,1.05,1.15,1.15,629,3526.32,573000,-28000,17-AUG-2016,
OPTSTK,INFY,25-Aug-2016,1140,CE,1.05,1.15,0.8,0.85,0.85,361,2059.38,393500,-30000,17-AUG-2016,
OPTSTK,INFY,25-Aug-2016,1160,CE,0.9,0.95,0.65,0.7,0.7,272,1578.67,387000,-15500,17-AUG-2016,
OPTSTK,INFY,25-Aug-2016,1180,CE,0.75,0.75,0.55,0.6,0.6,107,631.64,262000,-14500,17-AUG-2016,
OPTSTK,INFY,25-Aug-2016,1200,CE,0.65,0.65,0.45,0.5,0.5,555,3331.58,768000,-244000,17-AUG-2016,
OPTSTK,INFY,25-Aug-2016,1220,CE,0.65,0.65,0.5,0.5,0.5,90,549.24,151500,-1500,17-AUG-2016,
OPTSTK,INFY,25-Aug-2016,1240,CE,0.6,0.6,0.5,0.5,0.5,69,427.97,112500,-9500,17-AUG-2016,
OPTSTK,INFY,25-Aug-2016,1260,CE,0.5,0.5,0.35,0.4,0.4,25,157.55,74500,-1000,17-AUG-2016,
OPTSTK,INFY,25-Aug-2016,1280,CE,0.4,0.4,0.1,0.1,0.1,32,204.83,51000,-11000,17-AUG-2016,
OPTSTK,INFY,25-Aug-2016,1300,CE,0.1,0.1,0.1,0.1,0.1,1,6.5,68500,0,17-AUG-2016,
OPTSTK,INFY,25-Aug-2016,1320,CE,0,0,0,37.1,0,0,0,0,0,17-AUG-2016,
OPTSTK,INFY,25-Aug-2016,1340,CE,0,0,0,31.15,0,0,0,0,0,17-AUG-2016,
OPTSTK,INFY,25-Aug-2016,1360,CE,0,0,0,26.05,0,0,0,0,0,17-AUG-2016,
OPTSTK,INFY,25-Aug-2016,1380,CE,0,0,0,21.55,0,0,0,0,0,17-AUG-2016,
OPTSTK,INFY,25-Aug-2016,1400,CE,0,0,0,1.8,0,0,0,500,0,17-AUG-2016,
OPTSTK,INFY,25-Aug-2016,1420,CE,0,0,0,14.55,0,0,0,0,0,17-AUG-2016,
OPTSTK,INFY,25-Aug-2016,1440,CE,0,0,0,11.8,0,0,0,0,0,17-AUG-2016,
OPTSTK,INFY,25-Aug-2016,1460,CE,0,0,0,9.55,0,0,0,0,0,17-AUG-2016,
OPTSTK,INFY,25-Aug-2016,840,PE,0,0,0,0.05,0,0,0,0,0,17-AUG-2016,
OPTSTK,INFY,25-Aug-2016,860,PE,0,0,0,0.05,0,0,0,0,0,17-AUG-2016,
OPTSTK,INFY,25-Aug-2016,880,PE,0,0,0,0.1,0,0,0,0,0,17-AUG-2016,
OPTSTK,INFY,25-Aug-2016,900,PE,0,0,0,0.95,0.05,0,0,500,0,17-AUG-2016,
OPTSTK,INFY,25-Aug-2016,920,PE,0.55,0.55,0.55,0.55,0.55,1,4.6,1500,500,17-AUG-2016,
OPTSTK,INFY,25-Aug-2016,940,PE,0.85,1,0.7,0.85,0.85,33,155.24,25500,0,17-AUG-2016,
OPTSTK,INFY,25-Aug-2016,960,PE,1.15,1.65,1.1,1.25,1.25,161,773.9,59000,14500,17-AUG-2016,
OPTSTK,INFY,25-Aug-2016,980,PE,2.25,2.6,1.7,2.1,2.1,409,2008.54,164000,33500,17-AUG-2016,
OPTSTK,INFY,25-Aug-2016,1000,PE,4,4.75,3.05,4,4,940,4718.72,330500,-71500,17-AUG-2016,
OPTSTK,INFY,25-Aug-2016,1020,PE,6.5,9.25,5.55,8.25,8.25,1195,6138.44,234500,-78500,17-AUG-2016,
OPTSTK,INFY,25-Aug-2016,1040,PE,11,18,10,16.35,16.35,1489,7847.1,265500,-79500,17-AUG-2016,
OPTSTK,INFY,25-Aug-2016,1060,PE,19.9,31.6,19.9,30.05,30.05,301,1633.96,184000,-9500,17-AUG-2016,
OPTSTK,INFY,25-Aug-2016,1080,PE,33.05,48,33.05,45.75,45.75,93,521.55,321500,-17500,17-AUG-2016,
OPTSTK,INFY,25-Aug-2016,1100,PE,48.6,66.8,48.55,64.3,64.3,19,110.12,185000,-1500,17-AUG-2016,
OPTSTK,INFY,25-Aug-2016,1120,PE,77,77,77,77,77,1,5.98,29000,-500,17-AUG-2016,
OPTSTK,INFY,25-Aug-2016,1140,PE,99,99,99,99,99,2,12.39,24500,1000,17-AUG-2016,
OPTSTK,INFY,25-Aug-2016,1160,PE,0,0,0,108.8,125.05,0,0,13000,0,17-AUG-2016,
OPTSTK,INFY,25-Aug-2016,1180,PE,137,143,137,143,143,3,19.81,29500,0,17-AUG-2016,
OPTSTK,INFY,25-Aug-2016,1200,PE,0,0,0,145,164.95,0,0,64500,0,17-AUG-2016,
OPTSTK,INFY,25-Aug-2016,1220,PE,179.1,179.1,179.1,179.1,179.1,1,6.99,2500,-500,17-AUG-2016,
OPTSTK,INFY,25-Aug-2016,1240,PE,0,0,0,154,204.85,0,0,7000,0,17-AUG-2016,
OPTSTK,INFY,25-Aug-2016,1260,PE,0,0,0,171.9,224.85,0,0,4000,0,17-AUG-2016,
OPTSTK,INFY,25-Aug-2016,1280,PE,0,0,0,74.65,244.8,0,0,0,0,17-AUG-2016,
OPTSTK,INFY,25-Aug-2016,1300,PE,0,0,0,249,264.8,0,0,42000,0,17-AUG-2016,
OPTSTK,INFY,25-Aug-2016,1320,PE,0,0,0,99.4,284.75,0,0,0,0,17-AUG-2016,
OPTSTK,INFY,25-Aug-2016,1340,PE,0,0,0,113.1,304.7,0,0,0,0,17-AUG-2016,
OPTSTK,INFY,25-Aug-2016,1360,PE,0,0,0,127.6,324.7,0,0,0,0,17-AUG-2016,
OPTSTK,INFY,25-Aug-2016,1380,PE,0,0,0,142.8,344.65,0,0,0,0,17-AUG-2016,
OPTSTK,INFY,25-Aug-2016,1400,PE,0,0,0,355,364.65,0,0,10000,0,17-AUG-2016,
OPTSTK,INFY,25-Aug-2016,1420,PE,0,0,0,175.05,384.6,0,0,0,0,17-AUG-2016,
OPTSTK,INFY,25-Aug-2016,1440,PE,0,0,0,192,404.55,0,0,0,0,17-AUG-2016,
OPTSTK,INFY,25-Aug-2016,1460,PE,0,0,0,209.35,424.55,0,0,0,0,17-AUG-2016,
OPTSTK,INFY,29-Sep-2016,840,CE,0,0,0,345.75,200.6,0,0,0,0,17-AUG-2016,
OPTSTK,INFY,29-Sep-2016,860,CE,0,0,0,326.15,181.2,0,0,0,0,17-AUG-2016,
OPTSTK,INFY,29-Sep-2016,880,CE,0,0,0,306.65,162.1,0,0,0,0,17-AUG-2016,
OPTSTK,INFY,29-Sep-2016,900,CE,0,0,0,287.2,143.45,0,0,0,0,17-AUG-2016,
OPTSTK,INFY,29-Sep-2016,920,CE,0,0,0,267.9,125.45,0,0,0,0,17-AUG-2016,
OPTSTK,INFY,29-Sep-2016,940,CE,0,0,0,248.75,108.3,0,0,0,0,17-AUG-2016,
OPTSTK,INFY,29-Sep-2016,960,CE,0,0,0,229.9,92.2,0,0,0,0,17-AUG-2016,
OPTSTK,INFY,29-Sep-2016,980,CE,0,0,0,211.3,77.3,0,0,0,0,17-AUG-2016,
OPTSTK,INFY,29-Sep-2016,1000,CE,61,61,61,61,61,1,5.3,500,500,17-AUG-2016,
OPTSTK,INFY,29-Sep-2016,1020,CE,0,0,0,56,51.8,0,0,1000,0,17-AUG-2016,
OPTSTK,INFY,29-Sep-2016,1040,CE,35,37,32,35.35,35.35,30,161.34,9500,7500,17-AUG-2016,
OPTSTK,INFY,29-Sep-2016,1060,CE,28,28.5,25,26.75,26.75,29,157.63,13000,1500,17-AUG-2016,
OPTSTK,INFY,29-Sep-2016,1080,CE,20,20.5,17.05,18.25,18.25,25,137.39,28000,4500,17-AUG-2016,
OPTSTK,INFY,29-Sep-2016,1100,CE,14.8,16,12.35,13.25,13.25,115,640.63,124500,25000,17-AUG-2016,
OPTSTK,INFY,29-Sep-2016,1120,CE,11.2,11.4,9.4,9.4,9.4,13,73.47,13000,3000,17-AUG-2016,
OPTSTK,INFY,29-Sep-2016,1140,CE,8.95,8.95,7,7,7,17,97.53,17000,-500,17-AUG-2016,
OPTSTK,INFY,29-Sep-2016,1160,CE,0,0,0,73.9,7.45,0,0,0,0,17-AUG-2016,
OPTSTK,INFY,29-Sep-2016,1180,CE,0,0,0,5,5.3,0,0,1000,0,17-AUG-2016,
OPTSTK,INFY,29-Sep-2016,1200,CE,3,3.9,3,3.9,3.9,5,30.08,9500,2000,17-AUG-2016,
OPTSTK,INFY,29-Sep-2016,1220,CE,0,0,0,45.55,2.55,0,0,0,0,17-AUG-2016,
OPTSTK,INFY,29-Sep-2016,1240,CE,0,0,0,38.15,1.7,0,0,0,0,17-AUG-2016,
OPTSTK,INFY,29-Sep-2016,1260,CE,0,0,0,31.75,1.15,0,0,0,0,17-AUG-2016,
OPTSTK,INFY,29-Sep-2016,1280,CE,0,0,0,26.2,0.75,0,0,0,0,17-AUG-2016,
OPTSTK,INFY,29-Sep-2016,1300,CE,0,0,0,21.5,0.5,0,0,0,0,17-AUG-2016,
OPTSTK,INFY,29-Sep-2016,1320,CE,0,0,0,17.45,0.3,0,0,0,0,17-AUG-2016,
OPTSTK,INFY,29-Sep-2016,1340,CE,0,0,0,14.1,0.2,0,0,0,0,17-AUG-2016,
OPTSTK,INFY,29-Sep-2016,1360,CE,0,0,0,11.3,0.15,0,0,0,0,17-AUG-2016,
OPTSTK,INFY,29-Sep-2016,1380,CE,0,0,0,9,0.1,0,0,0,0,17-AUG-2016,
OPTSTK,INFY,29-Sep-2016,1400,CE,0,0,0,7.1,0.05,0,0,0,0,17-AUG-2016,
OPTSTK,INFY,29-Sep-2016,1420,CE,0,0,0,5.6,0.05,0,0,0,0,17-AUG-2016,
OPTSTK,INFY,29-Sep-2016,1440,CE,0,0,0,4.35,0.05,0,0,0,0,17-AUG-2016,
OPTSTK,INFY,29-Sep-2016,1460,CE,0,0,0,3.4,0.05,0,0,0,0,17-AUG-2016,
OPTSTK,INFY,29-Sep-2016,840,PE,0,0,0,0.1,0.5,0,0,0,0,17-AUG-2016,
OPTSTK,INFY,29-Sep-2016,860,PE,0,0,0,0.2,0.9,0,0,0,0,17-AUG-2016,
OPTSTK,INFY,29-Sep-2016,880,PE,0,0,0,0.3,1.65,0,0,0,0,17-AUG-2016,
OPTSTK,INFY,29-Sep-2016,900,PE,0,0,0,0.5,2.85,0,0,0,0,17-AUG-2016,
OPTSTK,INFY,29-Sep-2016,920,PE,0,0,0,3.25,4.7,0,0,1000,0,17-AUG-2016,
OPTSTK,INFY,29-Sep-2016,940,PE,0,0,0,1.35,7.4,0,0,0,0,17-AUG-2016,
OPTSTK,INFY,29-Sep-2016,960,PE,0,0,0,7.8,11.1,0,0,500,0,17-AUG-2016,
OPTSTK,INFY,29-Sep-2016,980,PE,9.5,11.5,9.5,11.5,11.5,4,19.8,2000,1000,17-AUG-2016,
OPTSTK,INFY,29-Sep-2016,1000,PE,13,15.5,11.9,14.8,14.8,44,223.05,27000,8000,17-AUG-2016,
OPTSTK,INFY,29-Sep-2016,1020,PE,24.5,24.5,15.25,22.05,22.05,7,36.44,3500,2500,17-AUG-2016,
OPTSTK,INFY,29-Sep-2016,1040,PE,28,31.5,26.5,31.5,31.5,30,160.28,9000,4000,17-AUG-2016,
OPTSTK,INFY,29-Sep-2016,1060,PE,39.35,40,39,40,40,14,76.98,13500,2000,17-AUG-2016,
OPTSTK,INFY,29-Sep-2016,1080,PE,52,52,52,52,52,1,5.66,5000,500,17-AUG-2016,
OPTSTK,INFY,29-Sep-2016,1100,PE,64,74,62.35,70.2,70.2,15,87.56,3000,1500,17-AUG-2016,
OPTSTK,INFY,29-Sep-2016,1120,PE,79,80,79,80,80,2,11.99,1000,1000,17-AUG-2016,
OPTSTK,INFY,29-Sep-2016,1140,PE,0,0,0,34.55,107.85,0,0,0,0,17-AUG-2016,
OPTSTK,INFY,29-Sep-2016,1160,PE,0,0,0,42.6,124.8,0,0,0,0,17-AUG-2016,
OPTSTK,INFY,29-Sep-2016,1180,PE,0,0,0,51.75,142.45,0,0,0,0,17-AUG-2016,
OPTSTK,INFY,29-Sep-2016,1200,PE,0,0,0,61.95,160.7,0,0,0,0,17-AUG-2016,
OPTSTK,INFY,29-Sep-2016,1220,PE,0,0,0,73.2,179.35,0,0,0,0,17-AUG-2016,
OPTSTK,INFY,29-Sep-2016,1240,PE,0,0,0,85.45,198.4,0,0,0,0,17-AUG-2016,
OPTSTK,INFY,29-Sep-2016,1260,PE,0,0,0,98.7,217.65,0,0,0,0,17-AUG-2016,
OPTSTK,INFY,29-Sep-2016,1280,PE,0,0,0,112.75,237.1,0,0,0,0,17-AUG-2016,
OPTSTK,INFY,29-Sep-2016,1300,PE,0,0,0,127.75,256.65,0,0,0,0,17-AUG-2016,
OPTSTK,INFY,29-Sep-2016,1320,PE,0,0,0,143.35,276.35,0,0,0,0,17-AUG-2016,
OPTSTK,INFY,29-Sep-2016,1340,PE,0,0,0,159.65,296.05,0,0,0,0,17-AUG-2016,
OPTSTK,INFY,29-Sep-2016,1360,PE,0,0,0,176.5,315.85,0,0,0,0,17-AUG-2016,
OPTSTK,INFY,29-Sep-2016,1380,PE,0,0,0,193.8,335.6,0,0,0,0,17-AUG-2016,
OPTSTK,INFY,29-Sep-2016,1400,PE,0,0,0,211.6,355.45,0,0,0,0,17-AUG-2016,
OPTSTK,INFY,29-Sep-2016,1420,PE,0,0,0,229.7,375.25,0,0,0,0,17-AUG-2016,
OPTSTK,INFY,29-Sep-2016,1440,PE,0,0,0,248.1,395.1,0,0,0,0,17-AUG-2016,
OPTSTK,INFY,29-Sep-2016,1460,PE,0,0,0,266.8,414.9,0,0,0,0,17-AUG-2016,
OPTSTK,INFY,27-Oct-2016,840,CE,0,0,0,258.25,206.45,0,0,0,0,17-AUG-2016,
OPTSTK,INFY,27-Oct-2016,860,CE,0,0,0,240.65,187.8,0,0,0,0,17-AUG-2016,
OPTSTK,INFY,27-Oct-2016,880,CE,0,0,0,223.5,169.65,0,0,0,0,17-AUG-2016,
OPTSTK,INFY,27-Oct-2016,900,CE,0,0,0,206.9,152.1,0,0,0,0,17-AUG-2016,
OPTSTK,INFY,27-Oct-2016,920,CE,0,0,0,190.9,135.3,0,0,0,0,17-AUG-2016,
OPTSTK,INFY,27-Oct-2016,940,CE,0,0,0,175.5,119.3,0,0,0,0,17-AUG-2016,
OPTSTK,INFY,27-Oct-2016,960,CE,0,0,0,160.85,104.35,0,0,0,0,17-AUG-2016,
OPTSTK,INFY,27-Oct-2016,980,CE,0,0,0,146.85,90.35,0,0,0,0,17-AUG-2016,
OPTSTK,INFY,27-Oct-2016,1000,CE,0,0,0,133.6,77.55,0,0,0,0,17-AUG-2016,
OPTSTK,INFY,27-Oct-2016,1020,CE,0,0,0,121.1,65.95,0,0,0,0,17-AUG-2016,
OPTSTK,INFY,27-Oct-2016,1040,CE,0,0,0,109.45,55.5,0,0,0,0,17-AUG-2016,
OPTSTK,INFY,27-Oct-2016,1060,CE,42.85,44.7,42.2,42.5,42.5,44,242.81,22000,22000,17-AUG-2016,
OPTSTK,INFY,27-Oct-2016,1080,CE,0,0,0,40.8,38.25,0,0,15000,0,17-AUG-2016,
OPTSTK,INFY,27-Oct-2016,1100,CE,29,30,28.9,29,29,23,129.84,26000,-1500,17-AUG-2016,
OPTSTK,INFY,27-Oct-2016,1120,CE,0,0,0,70.55,25.4,0,0,0,0,17-AUG-2016,
OPTSTK,INFY,27-Oct-2016,1140,CE,0,0,0,62.7,20.45,0,0,0,0,17-AUG-2016,
OPTSTK,INFY,27-Oct-2016,1160,CE,0,0,0,55.55,16.25,0,0,0,0,17-AUG-2016,
OPTSTK,INFY,27-Oct-2016,1180,CE,0,0,0,49.05,12.85,0,0,0,0,17-AUG-2016,
OPTSTK,INFY,27-Oct-2016,1200,CE,0,0,0,43.2,10.05,0,0,0,0,17-AUG-2016,
OPTSTK,INFY,27-Oct-2016,1220,CE,0,0,0,37.9,7.8,0,0,0,0,17-AUG-2016,
OPTSTK,INFY,27-Oct-2016,1240,CE,0,0,0,33.25,6,0,0,0,0,17-AUG-2016,
OPTSTK,INFY,27-Oct-2016,1260,CE,0,0,0,29.05,4.6,0,0,0,0,17-AUG-2016,
OPTSTK,INFY,27-Oct-2016,1280,CE,0,0,0,25.25,3.45,0,0,0,0,17-AUG-2016,
OPTSTK,INFY,27-Oct-2016,1300,CE,0,0,0,21.95,2.6,0,0,0,0,17-AUG-2016,
OPTSTK,INFY,27-Oct-2016,1320,CE,0,0,0,19,1.95,0,0,0,0,17-AUG-2016,
OPTSTK,INFY,27-Oct-2016,1340,CE,0,0,0,16.45,1.45,0,0,0,0,17-AUG-2016,
OPTSTK,INFY,27-Oct-2016,1360,CE,0,0,0,14.15,1.05,0,0,0,0,17-AUG-2016,
OPTSTK,INFY,27-Oct-2016,1380,CE,0,0,0,12.2,0.8,0,0,0,0,17-AUG-2016,
OPTSTK,INFY,27-Oct-2016,1400,CE,0,0,0,10.45,0.6,0,0,0,0,17-AUG-2016,
OPTSTK,INFY,27-Oct-2016,1420,CE,0,0,0,8.95,0.4,0,0,0,0,17-AUG-2016,
OPTSTK,INFY,27-Oct-2016,1440,CE,0,0,0,7.65,0.3,0,0,0,0,17-AUG-2016,
OPTSTK,INFY,27-Oct-2016,1460,CE,0,0,0,6.55,0.2,0,0,0,0,17-AUG-2016,
OPTSTK,INFY,27-Oct-2016,840,PE,0,0,0,6.3,1.95,0,0,0,0,17-AUG-2016,
OPTSTK,INFY,27-Oct-2016,860,PE,0,0,0,8.35,3.05,0,0,0,0,17-AUG-2016,
OPTSTK,INFY,27-Oct-2016,880,PE,0,0,0,10.9,4.65,0,0,0,0,17-AUG-2016,
OPTSTK,INFY,27-Oct-2016,900,PE,0,0,0,13.95,6.8,0,0,0,0,17-AUG-2016,
OPTSTK,INFY,27-Oct-2016,920,PE,0,0,0,17.6,9.75,0,0,0,0,17-AUG-2016,
OPTSTK,INFY,27-Oct-2016,940,PE,0,0,0,21.85,13.5,0,0,0,0,17-AUG-2016,
OPTSTK,INFY,27-Oct-2016,960,PE,0,0,0,26.85,18.25,0,0,0,0,17-AUG-2016,
OPTSTK,INFY,27-Oct-2016,980,PE,0,0,0,32.5,24,0,0,0,0,17-AUG-2016,
OPTSTK,INFY,27-Oct-2016,1000,PE,0,0,0,26.6,30.9,0,0,3000,0,17-AUG-2016,
OPTSTK,INFY,27-Oct-2016,1020,PE,0,0,0,46.1,39.05,0,0,0,0,17-AUG-2016,
OPTSTK,INFY,27-Oct-2016,1040,PE,0,0,0,54.1,48.35,0,0,0,0,17-AUG-2016,
OPTSTK,INFY,27-Oct-2016,1060,PE,0,0,0,62.85,58.9,0,0,0,0,17-AUG-2016,
OPTSTK,INFY,27-Oct-2016,1080,PE,0,0,0,72.4,70.55,0,0,0,0,17-AUG-2016,
OPTSTK,INFY,27-Oct-2016,1100,PE,0,0,0,82.7,83.35,0,0,0,0,17-AUG-2016,
OPTSTK,INFY,27-Oct-2016,1120,PE,0,0,0,93.8,97.15,0,0,0,0,17-AUG-2016,
OPTSTK,INFY,27-Oct-2016,1140,PE,0,0,0,105.6,111.95,0,0,0,0,17-AUG-2016,
OPTSTK,INFY,27-Oct-2016,1160,PE,0,0,0,118.1,127.5,0,0,0,0,17-AUG-2016,
OPTSTK,INFY,27-Oct-2016,1180,PE,0,0,0,131.25,143.8,0,0,0,0,17-AUG-2016,
OPTSTK,INFY,27-Oct-2016,1200,PE,0,0,0,145.05,160.75,0,0,0,0,17-AUG-2016,
OPTSTK,INFY,27-Oct-2016,1220,PE,0,0,0,159.45,178.2,0,0,0,0,17-AUG-2016,
OPTSTK,INFY,27-Oct-2016,1240,PE,0,0,0,174.45,196.15,0,0,0,0,17-AUG-2016,
OPTSTK,INFY,27-Oct-2016,1260,PE,0,0,0,189.9,214.5,0,0,0,0,17-AUG-2016,
OPTSTK,INFY,27-Oct-2016,1280,PE,0,0,0,205.8,233.1,0,0,0,0,17-AUG-2016,
OPTSTK,INFY,27-Oct-2016,1300,PE,0,0,0,222.1,252,0,0,0,0,17-AUG-2016,
OPTSTK,INFY,27-Oct-2016,1320,PE,0,0,0,238.85,271.05,0,0,0,0,17-AUG-2016,
OPTSTK,INFY,27-Oct-2016,1340,PE,0,0,0,255.9,290.3,0,0,0,0,17-AUG-2016,
OPTSTK,INFY,27-Oct-2016,1360,PE,0,0,0,273.3,309.65,0,0,0,0,17-AUG-2016,
OPTSTK,INFY,27-Oct-2016,1380,PE,0,0,0,291,329.1,0,0,0,0,17-AUG-2016,
OPTSTK,INFY,27-Oct-2016,1400,PE,0,0,0,308.9,348.6,0,0,0,0,17-AUG-2016,
OPTSTK,INFY,27-Oct-2016,1420,PE,0,0,0,327.05,368.2,0,0,0,0,17-AUG-2016,
OPTSTK,INFY,27-Oct-2016,1440,PE,0,0,0,345.45,387.8,0,0,0,0,17-AUG-2016,
OPTSTK,INFY,27-Oct-2016,1460,PE,0,0,0,363.95,407.45,0,0,0,0,17-AUG-2016,
OPTSTK,IOC,25-Aug-2016,270,CE,0,0,0,137,275.35,0,0,0,0,17-AUG-2016,
OPTSTK,IOC,25-Aug-2016,280,CE,0,0,0,127.2,265.4,0,0,0,0,17-AUG-2016,
OPTSTK,IOC,25-Aug-2016,290,CE,0,0,0,117.4,255.4,0,0,0,0,17-AUG-2016,
OPTSTK,IOC,25-Aug-2016,300,CE,0,0,0,107.6,245.4,0,0,0,0,17-AUG-2016,
OPTSTK,IOC,25-Aug-2016,310,CE,0,0,0,97.9,235.45,0,0,0,0,17-AUG-2016,
OPTSTK,IOC,25-Aug-2016,320,CE,0,0,0,88.3,225.45,0,0,0,0,17-AUG-2016,
OPTSTK,IOC,25-Aug-2016,330,CE,0,0,0,78.85,215.45,0,0,0,0,17-AUG-2016,
OPTSTK,IOC,25-Aug-2016,340,CE,0,0,0,69.65,205.5,0,0,0,0,17-AUG-2016,
OPTSTK,IOC,25-Aug-2016,350,CE,0,0,0,60.8,195.5,0,0,0,0,17-AUG-2016,
OPTSTK,IOC,25-Aug-2016,360,CE,0,0,0,52.4,185.5,0,0,0,0,17-AUG-2016,
OPTSTK,IOC,25-Aug-2016,370,CE,0,0,0,44.5,175.5,0,0,0,0,17-AUG-2016,
OPTSTK,IOC,25-Aug-2016,380,CE,0,0,0,37.25,165.55,0,0,0,0,17-AUG-2016,
OPTSTK,IOC,25-Aug-2016,390,CE,0,0,0,30.7,155.55,0,0,0,0,17-AUG-2016,
OPTSTK,IOC,25-Aug-2016,400,CE,0,0,0,24.95,145.55,0,0,0,0,17-AUG-2016,
OPTSTK,IOC,25-Aug-2016,410,CE,0,0,0,19.95,135.6,0,0,0,0,17-AUG-2016,
OPTSTK,IOC,25-Aug-2016,420,CE,0,0,0,15.7,125.6,0,0,0,0,17-AUG-2016,
OPTSTK,IOC,25-Aug-2016,430,CE,0,0,0,12.15,115.6,0,0,0,0,17-AUG-2016,
OPTSTK,IOC,25-Aug-2016,440,CE,0,0,0,9.25,105.65,0,0,0,0,17-AUG-2016,
OPTSTK,IOC,25-Aug-2016,450,CE,0,0,0,6.95,95.65,0,0,0,0,17-AUG-2016,
OPTSTK,IOC,25-Aug-2016,460,CE,0,0,0,5.15,85.7,0,0,0,0,17-AUG-2016,
OPTSTK,IOC,25-Aug-2016,470,CE,0,0,0,70,75.75,0,0,1500,0,17-AUG-2016,
OPTSTK,IOC,25-Aug-2016,480,CE,0,0,0,66.8,65.95,0,0,3000,0,17-AUG-2016,
OPTSTK,IOC,25-Aug-2016,490,CE,0,0,0,56.5,56.3,0,0,3000,0,17-AUG-2016,
OPTSTK,IOC,25-Aug-2016,500,CE,0,0,0,49,46.95,0,0,19500,0,17-AUG-2016,
OPTSTK,IOC,25-Aug-2016,510,CE,0,0,0,33.3,38.1,0,0,6000,0,17-AUG-2016,
OPTSTK,IOC,25-Aug-2016,520,CE,29,33,29,33,33,2,16.53,15000,1500,17-AUG-2016,
OPTSTK,IOC,25-Aug-2016,530,CE,21.75,21.75,18,19.5,19.5,3,24.73,37500,-3000,17-AUG-2016,
OPTSTK,IOC,25-Aug-2016,540,CE,14,19,12.05,13.25,13.25,86,716.84,241500,-22500,17-AUG-2016,
OPTSTK,IOC,25-Aug-2016,550,CE,10.25,13.35,7.35,8.65,8.65,322,2709.69,301500,4500,17-AUG-2016,
OPTSTK,IOC,25-Aug-2016,560,CE,6.6,8.7,4.7,5.55,5.55,484,4117.52,415500,16500,17-AUG-2016,
OPTSTK,IOC,25-Aug-2016,570,CE,4.45,5.5,2.85,3.35,3.35,238,2051.09,276000,90000,17-AUG-2016,
OPTSTK,IOC,25-Aug-2016,580,CE,2.95,3.6,1.9,2.3,2.3,144,1259.16,471000,31500,17-AUG-2016,
OPTSTK,IOC,25-Aug-2016,590,CE,2.05,2.4,1.3,1.7,1.7,30,266.27,102000,-1500,17-AUG-2016,
OPTSTK,IOC,25-Aug-2016,600,CE,1,1.95,0.9,1,1,56,505.09,619500,-9000,17-AUG-2016,
OPTSTK,IOC,25-Aug-2016,610,CE,0,0,0,0.8,0.6,0,0,57000,0,17-AUG-2016,
OPTSTK,IOC,25-Aug-2016,620,CE,0.75,0.85,0.5,0.6,0.6,8,74.48,118500,-1500,17-AUG-2016,
OPTSTK,IOC,25-Aug-2016,630,CE,0.7,0.7,0.7,0.7,0.7,2,18.92,42000,-3000,17-AUG-2016,
OPTSTK,IOC,25-Aug-2016,640,CE,0.25,0.4,0.25,0.3,0.3,14,134.46,51000,-10500,17-AUG-2016,
OPTSTK,IOC,25-Aug-2016,650,CE,0.25,0.3,0.25,0.3,0.3,4,39.01,15000,3000,17-AUG-2016,
OPTSTK,IOC,25-Aug-2016,660,CE,0,0,0,2.45,0.05,0,0,1500,0,17-AUG-2016,
OPTSTK,IOC,25-Aug-2016,670,CE,0,0,0,1,0.05,0,0,1500,0,17-AUG-2016,
OPTSTK,IOC,25-Aug-2016,270,PE,0,0,0,0.05,0,0,0,0,0,17-AUG-2016,
OPTSTK,IOC,25-Aug-2016,280,PE,0,0,0,0.05,0,0,0,0,0,17-AUG-2016,
OPTSTK,IOC,25-Aug-2016,290,PE,0,0,0,0.05,0,0,0,0,0,17-AUG-2016,
OPTSTK,IOC,25-Aug-2016,300,PE,0,0,0,0.1,0,0,0,0,0,17-AUG-2016,
OPTSTK,IOC,25-Aug-2016,310,PE,0,0,0,0.25,0,0,0,0,0,17-AUG-2016,
OPTSTK,IOC,25-Aug-2016,320,PE,0,0,0,0.45,0,0,0,0,0,17-AUG-2016,
OPTSTK,IOC,25-Aug-2016,330,PE,0,0,0,0.8,0,0,0,0,0,17-AUG-2016,
OPTSTK,IOC,25-Aug-2016,340,PE,0,0,0,1.45,0,0,0,0,0,17-AUG-2016,
OPTSTK,IOC,25-Aug-2016,350,PE,0,0,0,2.4,0,0,0,0,0,17-AUG-2016,
OPTSTK,IOC,25-Aug-2016,360,PE,0,0,0,3.8,0,0,0,0,0,17-AUG-2016,
OPTSTK,IOC,25-Aug-2016,370,PE,0,0,0,5.75,0,0,0,0,0,17-AUG-2016,
OPTSTK,IOC,25-Aug-2016,380,PE,0,0,0,8.3,0,0,0,0,0,17-AUG-2016,
OPTSTK,IOC,25-Aug-2016,390,PE,0,0,0,11.6,0,0,0,0,0,17-AUG-2016,
OPTSTK,IOC,25-Aug-2016,400,PE,0,0,0,15.65,0,0,0,0,0,17-AUG-2016,
OPTSTK,IOC,25-Aug-2016,410,PE,0,0,0,20.5,0,0,0,0,0,17-AUG-2016,
OPTSTK,IOC,25-Aug-2016,420,PE,0,0,0,26.05,0,0,0,0,0,17-AUG-2016,
OPTSTK,IOC,25-Aug-2016,430,PE,0,0,0,32.35,0,0,0,0,0,17-AUG-2016,
OPTSTK,IOC,25-Aug-2016,440,PE,0,0,0,39.25,0,0,0,0,0,17-AUG-2016,
OPTSTK,IOC,25-Aug-2016,450,PE,0,0,0,1.95,0.05,0,0,6000,0,17-AUG-2016,
OPTSTK,IOC,25-Aug-2016,460,PE,0,0,0,54.8,0.05,0,0,0,0,17-AUG-2016,
OPTSTK,IOC,25-Aug-2016,470,PE,0,0,0,63.25,0.1,0,0,0,0,17-AUG-2016,
OPTSTK,IOC,25-Aug-2016,480,PE,0,0,0,0.4,0.25,0,0,13500,0,17-AUG-2016,
OPTSTK,IOC,25-Aug-2016,490,PE,0.15,0.15,0.15,0.15,0.15,1,7.35,10500,0,17-AUG-2016,
OPTSTK,IOC,25-Aug-2016,500,PE,0.5,0.5,0.25,0.3,0.3,8,60.03,111000,-6000,17-AUG-2016,
OPTSTK,IOC,25-Aug-2016,510,PE,0.65,0.75,0.65,0.75,0.75,11,84.26,42000,4500,17-AUG-2016,
OPTSTK,IOC,25-Aug-2016,520,PE,2.45,2.45,1.2,1.35,1.35,56,438.09,88500,-1500,17-AUG-2016,
OPTSTK,IOC,25-Aug-2016,530,PE,4.05,4.75,2.4,3.25,3.25,102,816.06,76500,18000,17-AUG-2016,
OPTSTK,IOC,25-Aug-2016,540,PE,7.9,8.2,4.65,6.6,6.6,168,1376.32,330000,19500,17-AUG-2016,
OPTSTK,IOC,25-Aug-2016,550,PE,13.1,13.1,8.5,12.1,12.1,117,982.94,172500,34500,17-AUG-2016,
OPTSTK,IOC,25-Aug-2016,560,PE,0,0,0,19.5,22.1,0,0,67500,0,17-AUG-2016,
OPTSTK,IOC,25-Aug-2016,570,PE,23.75,23.75,23.75,23.75,23.75,2,17.81,21000,3000,17-AUG-2016,
OPTSTK,IOC,25-Aug-2016,580,PE,34.05,34.05,31.7,31.7,31.7,2,18.38,36000,0,17-AUG-2016,
OPTSTK,IOC,25-Aug-2016,590,PE,41.8,41.8,39.35,39.35,39.35,2,18.91,4500,0,17-AUG-2016,
OPTSTK,IOC,25-Aug-2016,600,PE,0,0,0,54.8,55.2,0,0,10500,0,17-AUG-2016,
OPTSTK,IOC,25-Aug-2016,610,PE,0,0,0,162.4,64.7,0,0,0,0,17-AUG-2016,
OPTSTK,IOC,25-Aug-2016,620,PE,0,0,0,74.1,74.45,0,0,1500,0,17-AUG-2016,
OPTSTK,IOC,25-Aug-2016,630,PE,0,0,0,150.8,84.25,0,0,0,0,17-AUG-2016,
OPTSTK,IOC,25-Aug-2016,640,PE,0,0,0,160.4,94.2,0,0,0,0,17-AUG-2016,
OPTSTK,IOC,25-Aug-2016,650,PE,0,0,0,170,104.15,0,0,0,0,17-AUG-2016,
OPTSTK,IOC,25-Aug-2016,660,PE,0,0,0,173.4,114.1,0,0,0,0,17-AUG-2016,
OPTSTK,IOC,25-Aug-2016,670,PE,0,0,0,171.9,124.05,0,0,0,0,17-AUG-2016,
OPTSTK,IOC,29-Sep-2016,270,CE,0,0,0,175.8,277.15,0,0,0,0,17-AUG-2016,
OPTSTK,IOC,29-Sep-2016,280,CE,0,0,0,165.95,267.25,0,0,0,0,17-AUG-2016,
OPTSTK,IOC,29-Sep-2016,290,CE,0,0,0,156.15,257.3,0,0,0,0,17-AUG-2016,
OPTSTK,IOC,29-Sep-2016,300,CE,0,0,0,146.35,247.4,0,0,0,0,17-AUG-2016,
OPTSTK,IOC,29-Sep-2016,310,CE,0,0,0,136.5,237.5,0,0,0,0,17-AUG-2016,
OPTSTK,IOC,29-Sep-2016,320,CE,0,0,0,126.75,227.55,0,0,0,0,17-AUG-2016,
OPTSTK,IOC,29-Sep-2016,330,CE,0,0,0,117,217.65,0,0,0,0,17-AUG-2016,
OPTSTK,IOC,29-Sep-2016,340,CE,0,0,0,107.3,207.75,0,0,0,0,17-AUG-2016,
OPTSTK,IOC,29-Sep-2016,350,CE,0,0,0,97.7,197.8,0,0,0,0,17-AUG-2016,
OPTSTK,IOC,29-Sep-2016,360,CE,0,0,0,88.25,187.9,0,0,0,0,17-AUG-2016,
OPTSTK,IOC,29-Sep-2016,370,CE,0,0,0,79.05,178.05,0,0,0,0,17-AUG-2016,
OPTSTK,IOC,29-Sep-2016,380,CE,0,0,0,70.1,168.15,0,0,0,0,17-AUG-2016,
OPTSTK,IOC,29-Sep-2016,390,CE,0,0,0,61.55,158.35,0,0,0,0,17-AUG-2016,
OPTSTK,IOC,29-Sep-2016,400,CE,0,0,0,53.45,148.55,0,0,0,0,17-AUG-2016,
OPTSTK,IOC,29-Sep-2016,410,CE,0,0,0,45.9,138.85,0,0,0,0,17-AUG-2016,
OPTSTK,IOC,29-Sep-2016,420,CE,0,0,0,38.9,129.25,0,0,0,0,17-AUG-2016,
OPTSTK,IOC,29-Sep-2016,430,CE,0,0,0,32.6,119.8,0,0,0,0,17-AUG-2016,
OPTSTK,IOC,29-Sep-2016,440,CE,0,0,0,26.95,110.5,0,0,0,0,17-AUG-2016,
OPTSTK,IOC,29-Sep-2016,450,CE,0,0,0,22.05,101.45,0,0,0,0,17-AUG-2016,
OPTSTK,IOC,29-Sep-2016,460,CE,0,0,0,17.8,92.65,0,0,0,0,17-AUG-2016,
OPTSTK,IOC,29-Sep-2016,470,CE,0,0,0,14.15,84.15,0,0,0,0,17-AUG-2016,
OPTSTK,IOC,29-Sep-2016,480,CE,0,0,0,11.15,75.95,0,0,0,0,17-AUG-2016,
OPTSTK,IOC,29-Sep-2016,490,CE,0,0,0,8.7,68.2,0,0,0,0,17-AUG-2016,
OPTSTK,IOC,29-Sep-2016,500,CE,0,0,0,6.7,60.9,0,0,0,0,17-AUG-2016,
OPTSTK,IOC,29-Sep-2016,510,CE,0,0,0,5.1,54,0,0,0,0,17-AUG-2016,
OPTSTK,IOC,29-Sep-2016,520,CE,0,0,0,3.8,47.6,0,0,0,0,17-AUG-2016,
OPTSTK,IOC,29-Sep-2016,530,CE,0,0,0,2.85,41.7,0,0,0,0,17-AUG-2016,
OPTSTK,IOC,29-Sep-2016,540,CE,0,0,0,31,36.3,0,0,6000,0,17-AUG-2016,
OPTSTK,IOC,29-Sep-2016,550,CE,26.55,27,23.05,23.7,23.7,18,155.39,100500,10500,17-AUG-2016,
OPTSTK,IOC,29-Sep-2016,560,CE,17.4,17.4,17.4,17.4,17.4,1,8.66,3000,1500,17-AUG-2016,
OPTSTK,IOC,29-Sep-2016,570,CE,0,0,0,19,23.1,0,0,3000,0,17-AUG-2016,
OPTSTK,IOC,29-Sep-2016,580,CE,15.8,16.85,15.8,16.85,16.85,3,26.82,9000,0,17-AUG-2016,
OPTSTK,IOC,29-Sep-2016,590,CE,0,0,0,10.15,16.55,0,0,1500,0,17-AUG-2016,
OPTSTK,IOC,29-Sep-2016,600,CE,10.7,10.7,10.5,10.5,10.5,7,64.11,43500,0,17-AUG-2016,
OPTSTK,IOC,29-Sep-2016,610,CE,0,0,0,8.2,11.65,0,0,6000,0,17-AUG-2016,
OPTSTK,IOC,29-Sep-2016,620,CE,0,0,0,6.15,9.65,0,0,3000,0,17-AUG-2016,
OPTSTK,IOC,29-Sep-2016,630,CE,0,0,0,5.25,8,0,0,0,0,17-AUG-2016,
OPTSTK,IOC,29-Sep-2016,640,CE,0,0,0,4.5,6.55,0,0,0,0,17-AUG-2016,
OPTSTK,IOC,29-Sep-2016,650,CE,0,0,0,3.2,5.35,0,0,6000,0,17-AUG-2016,
OPTSTK,IOC,29-Sep-2016,660,CE,0,0,0,3.45,4.35,0,0,0,0,17-AUG-2016,
OPTSTK,IOC,29-Sep-2016,670,CE,0,0,0,1.75,3.55,0,0,0,0,17-AUG-2016,
OPTSTK,IOC,29-Sep-2016,270,PE,0,0,0,0.05,0,0,0,0,0,17-AUG-2016,
OPTSTK,IOC,29-Sep-2016,280,PE,0,0,0,0.05,0,0,0,0,0,17-AUG-2016,
OPTSTK,IOC,29-Sep-2016,290,PE,0,0,0,0.05,0,0,0,0,0,17-AUG-2016,
OPTSTK,IOC,29-Sep-2016,300,PE,0,0,0,0.05,0,0,0,0,0,17-AUG-2016,
OPTSTK,IOC,29-Sep-2016,310,PE,0,0,0,0.05,0,0,0,0,0,17-AUG-2016,
OPTSTK,IOC,29-Sep-2016,320,PE,0,0,0,0.1,0,0,0,0,0,17-AUG-2016,
OPTSTK,IOC,29-Sep-2016,330,PE,0,0,0,0.15,0,0,0,0,0,17-AUG-2016,
OPTSTK,IOC,29-Sep-2016,340,PE,0,0,0,0.3,0.05,0,0,0,0,17-AUG-2016,
OPTSTK,IOC,29-Sep-2016,350,PE,0,0,0,0.5,0.05,0,0,0,0,17-AUG-2016,
OPTSTK,IOC,29-Sep-2016,360,PE,0,0,0,0.9,0.05,0,0,0,0,17-AUG-2016,
OPTSTK,IOC,29-Sep-2016,370,PE,0,0,0,1.5,0.1,0,0,0,0,17-AUG-2016,
OPTSTK,IOC,29-Sep-2016,380,PE,0,0,0,2.4,0.15,0,0,0,0,17-AUG-2016,
OPTSTK,IOC,29-Sep-2016,390,PE,0,0,0,3.65,0.25,0,0,0,0,17-AUG-2016,
OPTSTK,IOC,29-Sep-2016,400,PE,0,0,0,5.35,0.4,0,0,0,0,17-AUG-2016,
OPTSTK,IOC,29-Sep-2016,410,PE,0,0,0,7.65,0.6,0,0,0,0,17-AUG-2016,
OPTSTK,IOC,29-Sep-2016,420,PE,0,0,0,10.45,0.9,0,0,0,0,17-AUG-2016,
OPTSTK,IOC,29-Sep-2016,430,PE,0,0,0,14,1.35,0,0,0,0,17-AUG-2016,
OPTSTK,IOC,29-Sep-2016,440,PE,0,0,0,18.2,2,0,0,0,0,17-AUG-2016,
OPTSTK,IOC,29-Sep-2016,450,PE,0,0,0,23.1,2.85,0,0,0,0,17-AUG-2016,
OPTSTK,IOC,29-Sep-2016,460,PE,0,0,0,28.65,3.95,0,0,0,0,17-AUG-2016,
OPTSTK,IOC,29-Sep-2016,470,PE,0,0,0,34.85,5.35,0,0,0,0,17-AUG-2016,
OPTSTK,IOC,29-Sep-2016,480,PE,0,0,0,5.65,7.15,0,0,6000,0,17-AUG-2016,
OPTSTK,IOC,29-Sep-2016,490,PE,0,0,0,49.05,9.3,0,0,0,0,17-AUG-2016,
OPTSTK,IOC,29-Sep-2016,500,PE,8.2,8.2,8.2,8.2,8.2,1,7.62,3000,1500,17-AUG-2016,
OPTSTK,IOC,29-Sep-2016,510,PE,0,0,0,9,14.9,0,0,1500,0,17-AUG-2016,
OPTSTK,IOC,29-Sep-2016,520,PE,15,15.95,14.5,15.95,15.95,3,24.08,4500,4500,17-AUG-2016,
OPTSTK,IOC,29-Sep-2016,530,PE,0,0,0,25,22.45,0,0,3000,0,17-AUG-2016,
OPTSTK,IOC,29-Sep-2016,540,PE,0,0,0,28.9,27,0,0,3000,0,17-AUG-2016,
OPTSTK,IOC,29-Sep-2016,550,PE,28,28,28,28,28,1,8.67,1500,1500,17-AUG-2016,
OPTSTK,IOC,29-Sep-2016,560,PE,0,0,0,110.2,37.55,0,0,0,0,17-AUG-2016,
OPTSTK,IOC,29-Sep-2016,570,PE,38,38,38,38,38,1,9.12,1500,1500,17-AUG-2016,
OPTSTK,IOC,29-Sep-2016,580,PE,43.7,43.7,43.7,43.7,43.7,1,9.35,1500,1500,17-AUG-2016,
OPTSTK,IOC,29-Sep-2016,590,PE,0,0,0,139,56.85,0,0,0,0,17-AUG-2016,
OPTSTK,IOC,29-Sep-2016,600,PE,0,0,0,148.7,64.15,0,0,0,0,17-AUG-2016,
OPTSTK,IOC,29-Sep-2016,610,PE,0,0,0,158.4,71.75,0,0,0,0,17-AUG-2016,
OPTSTK,IOC,29-Sep-2016,620,PE,0,0,0,168.2,79.7,0,0,0,0,17-AUG-2016,
OPTSTK,IOC,29-Sep-2016,630,PE,0,0,0,150.2,87.95,0,0,0,0,17-AUG-2016,
OPTSTK,IOC,29-Sep-2016,640,PE,0,0,0,159.3,96.4,0,0,0,0,17-AUG-2016,
OPTSTK,IOC,29-Sep-2016,650,PE,0,0,0,168.5,105.15,0,0,0,0,17-AUG-2016,
OPTSTK,IOC,29-Sep-2016,660,PE,0,0,0,171.6,114.05,0,0,0,0,17-AUG-2016,
OPTSTK,IOC,29-Sep-2016,670,PE,0,0,0,169,123.15,0,0,0,0,17-AUG-2016,
OPTSTK,IOC,27-Oct-2016,350,CE,0,0,0,188.6,199.85,0,0,0,0,17-AUG-2016,
OPTSTK,IOC,27-Oct-2016,360,CE,0,0,0,178.9,190.1,0,0,0,0,17-AUG-2016,
OPTSTK,IOC,27-Oct-2016,370,CE,0,0,0,169.3,180.4,0,0,0,0,17-AUG-2016,
OPTSTK,IOC,27-Oct-2016,380,CE,0,0,0,159.75,170.75,0,0,0,0,17-AUG-2016,
OPTSTK,IOC,27-Oct-2016,390,CE,0,0,0,150.35,161.25,0,0,0,0,17-AUG-2016,
OPTSTK,IOC,27-Oct-2016,400,CE,0,0,0,141.05,151.8,0,0,0,0,17-AUG-2016,
OPTSTK,IOC,27-Oct-2016,410,CE,0,0,0,131.9,142.55,0,0,0,0,17-AUG-2016,
OPTSTK,IOC,27-Oct-2016,420,CE,0,0,0,123,133.4,0,0,0,0,17-AUG-2016,
OPTSTK,IOC,27-Oct-2016,430,CE,0,0,0,114.3,124.5,0,0,0,0,17-AUG-2016,
OPTSTK,IOC,27-Oct-2016,440,CE,0,0,0,105.8,115.8,0,0,0,0,17-AUG-2016,
OPTSTK,IOC,27-Oct-2016,450,CE,0,0,0,97.65,107.4,0,0,0,0,17-AUG-2016,
OPTSTK,IOC,27-Oct-2016,460,CE,0,0,0,89.8,99.2,0,0,0,0,17-AUG-2016,
OPTSTK,IOC,27-Oct-2016,470,CE,0,0,0,82.25,91.4,0,0,0,0,17-AUG-2016,
OPTSTK,IOC,27-Oct-2016,480,CE,0,0,0,75.1,83.9,0,0,0,0,17-AUG-2016,
OPTSTK,IOC,27-Oct-2016,490,CE,0,0,0,68.25,76.7,0,0,0,0,17-AUG-2016,
OPTSTK,IOC,27-Oct-2016,500,CE,0,0,0,61.85,69.9,0,0,0,0,17-AUG-2016,
OPTSTK,IOC,27-Oct-2016,510,CE,0,0,0,55.85,63.5,0,0,0,0,17-AUG-2016,
OPTSTK,IOC,27-Oct-2016,520,CE,0,0,0,50.25,57.45,0,0,0,0,17-AUG-2016,
OPTSTK,IOC,27-Oct-2016,530,CE,0,0,0,45.05,51.85,0,0,0,0,17-AUG-2016,
OPTSTK,IOC,27-Oct-2016,540,CE,0,0,0,40.25,46.6,0,0,0,0,17-AUG-2016,
OPTSTK,IOC,27-Oct-2016,550,CE,0,0,0,35.8,41.75,0,0,0,0,17-AUG-2016,
OPTSTK,IOC,27-Oct-2016,560,CE,0,0,0,31.75,37.3,0,0,0,0,17-AUG-2016,
OPTSTK,IOC,27-Oct-2016,570,CE,0,0,0,28.1,33.2,0,0,0,0,17-AUG-2016,
OPTSTK,IOC,27-Oct-2016,580,CE,0,0,0,24.75,29.45,0,0,0,0,17-AUG-2016,
OPTSTK,IOC,27-Oct-2016,590,CE,0,0,0,21.75,26.05,0,0,0,0,17-AUG-2016,
OPTSTK,IOC,27-Oct-2016,600,CE,0,0,0,19.05,23,0,0,0,0,17-AUG-2016,
OPTSTK,IOC,27-Oct-2016,610,CE,0,0,0,16.65,20.2,0,0,0,0,17-AUG-2016,
OPTSTK,IOC,27-Oct-2016,620,CE,0,0,0,14.5,17.75,0,0,0,0,17-AUG-2016,
OPTSTK,IOC,27-Oct-2016,630,CE,0,0,0,12.6,15.55,0,0,0,0,17-AUG-2016,
OPTSTK,IOC,27-Oct-2016,640,CE,0,0,0,10.9,13.55,0,0,0,0,17-AUG-2016,
OPTSTK,IOC,27-Oct-2016,650,CE,0,0,0,9.4,11.8,0,0,0,0,17-AUG-2016,
OPTSTK,IOC,27-Oct-2016,660,CE,0,0,0,8.1,10.2,0,0,0,0,17-AUG-2016,
OPTSTK,IOC,27-Oct-2016,670,CE,0,0,0,6.95,8.85,0,0,0,0,17-AUG-2016,
OPTSTK,IOC,27-Oct-2016,350,PE,0,0,0,0.3,0.2,0,0,0,0,17-AUG-2016,
OPTSTK,IOC,27-Oct-2016,360,PE,0,0,0,0.4,0.35,0,0,0,0,17-AUG-2016,
OPTSTK,IOC,27-Oct-2016,370,PE,0,0,0,0.65,0.5,0,0,0,0,17-AUG-2016,
OPTSTK,IOC,27-Oct-2016,380,PE,0,0,0,0.95,0.75,0,0,0,0,17-AUG-2016,
OPTSTK,IOC,27-Oct-2016,390,PE,0,0,0,1.35,1.1,0,0,0,0,17-AUG-2016,
OPTSTK,IOC,27-Oct-2016,400,PE,0,0,0,1.9,1.55,0,0,0,0,17-AUG-2016,
OPTSTK,IOC,27-Oct-2016,410,PE,0,0,0,2.6,2.1,0,0,0,0,17-AUG-2016,
OPTSTK,IOC,27-Oct-2016,420,PE,0,0,0,3.45,2.85,0,0,0,0,17-AUG-2016,
OPTSTK,IOC,27-Oct-2016,430,PE,0,0,0,4.6,3.8,0,0,0,0,17-AUG-2016,
OPTSTK,IOC,27-Oct-2016,440,PE,0,0,0,5.95,5,0,0,0,0,17-AUG-2016,
OPTSTK,IOC,27-Oct-2016,450,PE,0,0,0,7.6,6.45,0,0,0,0,17-AUG-2016,
OPTSTK,IOC,27-Oct-2016,460,PE,0,0,0,9.6,8.15,0,0,0,0,17-AUG-2016,
OPTSTK,IOC,27-Oct-2016,470,PE,0,0,0,11.9,10.15,0,0,0,0,17-AUG-2016,
OPTSTK,IOC,27-Oct-2016,480,PE,0,0,0,14.55,12.55,0,0,0,0,17-AUG-2016,
OPTSTK,IOC,27-Oct-2016,490,PE,0,0,0,17.55,15.25,0,0,0,0,17-AUG-2016,
OPTSTK,IOC,27-Oct-2016,500,PE,0,0,0,21,18.3,0,0,0,0,17-AUG-2016,
OPTSTK,IOC,27-Oct-2016,510,PE,0,0,0,24.8,21.75,0,0,0,0,17-AUG-2016,
OPTSTK,IOC,27-Oct-2016,520,PE,0,0,0,29,25.6,0,0,0,0,17-AUG-2016,
OPTSTK,IOC,27-Oct-2016,530,PE,0,0,0,33.65,29.8,0,0,0,0,17-AUG-2016,
OPTSTK,IOC,27-Oct-2016,540,PE,0,0,0,38.65,34.45,0,0,0,0,17-AUG-2016,
OPTSTK,IOC,27-Oct-2016,550,PE,0,0,0,44.05,39.45,0,0,0,0,17-AUG-2016,
OPTSTK,IOC,27-Oct-2016,560,PE,0,0,0,49.85,44.9,0,0,0,0,17-AUG-2016,
OPTSTK,IOC,27-Oct-2016,570,PE,0,0,0,56,50.65,0,0,0,0,17-AUG-2016,
OPTSTK,IOC,27-Oct-2016,580,PE,0,0,0,62.5,56.8,0,0,0,0,17-AUG-2016,
OPTSTK,IOC,27-Oct-2016,590,PE,0,0,0,69.3,63.25,0,0,0,0,17-AUG-2016,
OPTSTK,IOC,27-Oct-2016,600,PE,0,0,0,76.45,70.05,0,0,0,0,17-AUG-2016,
OPTSTK,IOC,27-Oct-2016,610,PE,0,0,0,83.9,77.15,0,0,0,0,17-AUG-2016,
OPTSTK,IOC,27-Oct-2016,620,PE,0,0,0,91.55,84.55,0,0,0,0,17-AUG-2016,
OPTSTK,IOC,27-Oct-2016,630,PE,0,0,0,99.45,92.2,0,0,0,0,17-AUG-2016,
OPTSTK,IOC,27-Oct-2016,640,PE,0,0,0,107.6,100.05,0,0,0,0,17-AUG-2016,
OPTSTK,IOC,27-Oct-2016,650,PE,0,0,0,115.95,108.15,0,0,0,0,17-AUG-2016,
OPTSTK,IOC,27-Oct-2016,660,PE,0,0,0,124.45,116.45,0,0,0,0,17-AUG-2016,
OPTSTK,IOC,27-Oct-2016,670,PE,0,0,0,133.15,124.95,0,0,0,0,17-AUG-2016,
OPTSTK,IRB,25-Aug-2016,150,CE,0,0,0,66.65,61.4,0,0,0,0,17-AUG-2016,
OPTSTK,IRB,25-Aug-2016,155,CE,0,0,0,60.1,56.4,0,0,0,0,17-AUG-2016,
OPTSTK,IRB,25-Aug-2016,160,CE,0,0,0,57,51.4,0,0,0,0,17-AUG-2016,
OPTSTK,IRB,25-Aug-2016,165,CE,0,0,0,50.25,46.4,0,0,0,0,17-AUG-2016,
OPTSTK,IRB,25-Aug-2016,170,CE,0,0,0,47.65,41.4,0,0,0,0,17-AUG-2016,
OPTSTK,IRB,25-Aug-2016,175,CE,0,0,0,40.5,36.45,0,0,0,0,17-AUG-2016,
OPTSTK,IRB,25-Aug-2016,180,CE,0,0,0,38.75,31.45,0,0,0,0,17-AUG-2016,
OPTSTK,IRB,25-Aug-2016,185,CE,0,0,0,31.05,26.45,0,0,0,0,17-AUG-2016,
OPTSTK,IRB,25-Aug-2016,190,CE,0,0,0,22.3,21.45,0,0,0,0,17-AUG-2016,
OPTSTK,IRB,25-Aug-2016,195,CE,0,0,0,22.35,16.55,0,0,0,0,17-AUG-2016,
OPTSTK,IRB,25-Aug-2016,200,CE,0,0,0,10,11.8,0,0,12500,0,17-AUG-2016,
OPTSTK,IRB,25-Aug-2016,205,CE,7.2,7.2,7.2,7.2,7.2,1,5.3,12500,-2500,17-AUG-2016,
OPTSTK,IRB,25-Aug-2016,210,CE,4.45,5.4,4.3,5.2,5.2,264,1418.13,355000,-45000,17-AUG-2016,
OPTSTK,IRB,25-Aug-2016,215,CE,2.7,3,2.25,2.95,2.95,38,206.81,227500,-10000,17-AUG-2016,
OPTSTK,IRB,25-Aug-2016,220,CE,1.5,1.7,1.2,1.45,1.45,83,459.49,560000,-30000,17-AUG-2016,
OPTSTK,IRB,25-Aug-2016,225,CE,0.7,0.75,0.65,0.75,0.75,12,67.7,112500,25000,17-AUG-2016,
OPTSTK,IRB,25-Aug-2016,230,CE,0.35,0.4,0.3,0.3,0.3,11,63.34,440000,7500,17-AUG-2016,
OPTSTK,IRB,25-Aug-2016,235,CE,0,0,0,0.3,0.05,0,0,57500,0,17-AUG-2016,
OPTSTK,IRB,25-Aug-2016,240,CE,0.2,0.2,0.2,0.2,0.2,2,12.01,132500,-2500,17-AUG-2016,
OPTSTK,IRB,25-Aug-2016,245,CE,0.15,0.15,0.15,0.15,0.15,1,6.12,2500,-2500,17-AUG-2016,
OPTSTK,IRB,25-Aug-2016,250,CE,0.15,0.15,0.15,0.15,0.15,2,12.5,27500,0,17-AUG-2016,
OPTSTK,IRB,25-Aug-2016,255,CE,0,0,0,0.55,0,0,0,0,0,17-AUG-2016,
OPTSTK,IRB,25-Aug-2016,260,CE,0,0,0,2.4,0,0,0,0,0,17-AUG-2016,
OPTSTK,IRB,25-Aug-2016,265,CE,0,0,0,0.25,0,0,0,0,0,17-AUG-2016,
OPTSTK,IRB,25-Aug-2016,270,CE,0,0,0,1.5,0,0,0,0,0,17-AUG-2016,
OPTSTK,IRB,25-Aug-2016,275,CE,0,0,0,0.1,0,0,0,0,0,17-AUG-2016,
OPTSTK,IRB,25-Aug-2016,280,CE,0,0,0,0.9,0,0,0,0,0,17-AUG-2016,
OPTSTK,IRB,25-Aug-2016,285,CE,0,0,0,0.05,0,0,0,0,0,17-AUG-2016,
OPTSTK,IRB,25-Aug-2016,290,CE,0,0,0,0.55,0,0,0,0,0,17-AUG-2016,
OPTSTK,IRB,25-Aug-2016,295,CE,0,0,0,0.05,0,0,0,0,0,17-AUG-2016,
OPTSTK,IRB,25-Aug-2016,300,CE,0,0,0,0.3,0,0,0,0,0,17-AUG-2016,
OPTSTK,IRB,25-Aug-2016,305,CE,0,0,0,0.05,0,0,0,0,0,17-AUG-2016,
OPTSTK,IRB,25-Aug-2016,310,CE,0,0,0,0.2,0,0,0,0,0,17-AUG-2016,
OPTSTK,IRB,25-Aug-2016,150,PE,0,0,0,0.1,0,0,0,0,0,17-AUG-2016,
OPTSTK,IRB,25-Aug-2016,155,PE,0,0,0,0.05,0,0,0,0,0,17-AUG-2016,
OPTSTK,IRB,25-Aug-2016,160,PE,0,0,0,0.3,0,0,0,0,0,17-AUG-2016,
OPTSTK,IRB,25-Aug-2016,165,PE,0,0,0,0.05,0,0,0,0,0,17-AUG-2016,
OPTSTK,IRB,25-Aug-2016,170,PE,0,0,0,0.75,0,0,0,0,0,17-AUG-2016,
OPTSTK,IRB,25-Aug-2016,175,PE,0,0,0,0.15,0,0,0,0,0,17-AUG-2016,
OPTSTK,IRB,25-Aug-2016,180,PE,0,0,0,0.1,0,0,0,5000,0,17-AUG-2016,
OPTSTK,IRB,25-Aug-2016,185,PE,0.4,0.4,0.4,0.4,0.4,1,4.63,5000,-2500,17-AUG-2016,
OPTSTK,IRB,25-Aug-2016,190,PE,0.3,0.35,0.25,0.3,0.3,5,23.78,177500,-7500,17-AUG-2016,
OPTSTK,IRB,25-Aug-2016,195,PE,0.55,0.55,0.5,0.5,0.5,3,14.66,67500,-2500,17-AUG-2016,
OPTSTK,IRB,25-Aug-2016,200,PE,1.35,1.45,0.95,1.05,1.05,40,201.16,195000,-15000,17-AUG-2016,
OPTSTK,IRB,25-Aug-2016,205,PE,2.45,2.45,1.85,1.85,1.85,26,134.67,75000,-15000,17-AUG-2016,
OPTSTK,IRB,25-Aug-2016,210,PE,4.15,4.4,3.7,3.85,3.85,25,133.74,180000,-22500,17-AUG-2016,
OPTSTK,IRB,25-Aug-2016,215,PE,7.45,7.45,7.45,7.45,7.45,1,5.56,40000,-2500,17-AUG-2016,
OPTSTK,IRB,25-Aug-2016,220,PE,10,11,10,10,10,3,17.27,22500,-2500,17-AUG-2016,
OPTSTK,IRB,25-Aug-2016,225,PE,0,0,0,14.25,13.75,0,0,0,0,17-AUG-2016,
OPTSTK,IRB,25-Aug-2016,230,PE,0,0,0,20.6,18.6,0,0,0,0,17-AUG-2016,
OPTSTK,IRB,25-Aug-2016,235,PE,0,0,0,21.65,23.55,0,0,0,0,17-AUG-2016,
OPTSTK,IRB,25-Aug-2016,240,PE,0,0,0,22.3,28.5,0,0,7500,0,17-AUG-2016,
OPTSTK,IRB,25-Aug-2016,245,PE,0,0,0,30.15,33.5,0,0,0,0,17-AUG-2016,
OPTSTK,IRB,25-Aug-2016,250,PE,0,0,0,35.45,38.5,0,0,0,0,17-AUG-2016,
OPTSTK,IRB,25-Aug-2016,255,PE,0,0,0,39.35,43.5,0,0,0,0,17-AUG-2016,
OPTSTK,IRB,25-Aug-2016,260,PE,0,0,0,43.9,48.5,0,0,0,0,17-AUG-2016,
OPTSTK,IRB,25-Aug-2016,265,PE,0,0,0,48.95,53.45,0,0,0,0,17-AUG-2016,
OPTSTK,IRB,25-Aug-2016,270,PE,0,0,0,52.8,58.45,0,0,0,0,17-AUG-2016,
OPTSTK,IRB,25-Aug-2016,275,PE,0,0,0,58.7,63.45,0,0,0,0,17-AUG-2016,
OPTSTK,IRB,25-Aug-2016,280,PE,0,0,0,62.05,68.45,0,0,0,0,17-AUG-2016,
OPTSTK,IRB,25-Aug-2016,285,PE,0,0,0,68.55,73.45,0,0,0,0,17-AUG-2016,
OPTSTK,IRB,25-Aug-2016,290,PE,0,0,0,71.5,78.45,0,0,0,0,17-AUG-2016,
OPTSTK,IRB,25-Aug-2016,295,PE,0,0,0,78.4,83.45,0,0,0,0,17-AUG-2016,
OPTSTK,IRB,25-Aug-2016,300,PE,0,0,0,81.1,88.4,0,0,0,0,17-AUG-2016,
OPTSTK,IRB,25-Aug-2016,305,PE,0,0,0,88.3,93.4,0,0,0,0,17-AUG-2016,
OPTSTK,IRB,25-Aug-2016,310,PE,0,0,0,90.8,98.4,0,0,0,0,17-AUG-2016,
OPTSTK,IRB,29-Sep-2016,150,CE,0,0,0,66.1,62.4,0,0,0,0,17-AUG-2016,
OPTSTK,IRB,29-Sep-2016,155,CE,0,0,0,61.2,57.45,0,0,0,0,17-AUG-2016,
OPTSTK,IRB,29-Sep-2016,160,CE,0,0,0,56.35,52.45,0,0,0,0,17-AUG-2016,
OPTSTK,IRB,29-Sep-2016,165,CE,0,0,0,51.5,47.5,0,0,0,0,17-AUG-2016,
OPTSTK,IRB,29-Sep-2016,170,CE,0,0,0,46.7,42.6,0,0,0,0,17-AUG-2016,
OPTSTK,IRB,29-Sep-2016,175,CE,0,0,0,42.05,37.7,0,0,0,0,17-AUG-2016,
OPTSTK,IRB,29-Sep-2016,180,CE,0,0,0,37.45,32.9,0,0,0,0,17-AUG-2016,
OPTSTK,IRB,29-Sep-2016,185,CE,0,0,0,33.05,28.2,0,0,0,0,17-AUG-2016,
OPTSTK,IRB,29-Sep-2016,190,CE,0,0,0,28.85,23.75,0,0,0,0,17-AUG-2016,
OPTSTK,IRB,29-Sep-2016,195,CE,0,0,0,24.9,19.55,0,0,0,0,17-AUG-2016,
OPTSTK,IRB,29-Sep-2016,200,CE,0,0,0,21.25,15.7,0,0,0,0,17-AUG-2016,
OPTSTK,IRB,29-Sep-2016,205,CE,0,0,0,17.9,12.3,0,0,0,0,17-AUG-2016,
OPTSTK,IRB,29-Sep-2016,210,CE,0,0,0,12.65,9.35,0,0,2500,0,17-AUG-2016,
OPTSTK,IRB,29-Sep-2016,215,CE,0,0,0,12.25,6.95,0,0,0,0,17-AUG-2016,
OPTSTK,IRB,29-Sep-2016,220,CE,6.5,6.5,6.5,6.5,6.5,1,5.66,12500,2500,17-AUG-2016,
OPTSTK,IRB,29-Sep-2016,225,CE,0,0,0,7.95,3.5,0,0,0,0,17-AUG-2016,
OPTSTK,IRB,29-Sep-2016,230,CE,0,0,0,3.05,2.4,0,0,105000,0,17-AUG-2016,
OPTSTK,IRB,29-Sep-2016,235,CE,0,0,0,4.95,1.6,0,0,0,0,17-AUG-2016,
OPTSTK,IRB,29-Sep-2016,240,CE,1.8,2,1.8,2,2,5,30.23,20000,12500,17-AUG-2016,
OPTSTK,IRB,29-Sep-2016,245,CE,0,0,0,2.9,0.65,0,0,0,0,17-AUG-2016,
OPTSTK,IRB,29-Sep-2016,250,CE,0,0,0,2.2,0.4,0,0,0,0,17-AUG-2016,
OPTSTK,IRB,29-Sep-2016,255,CE,0,0,0,1.65,0.25,0,0,0,0,17-AUG-2016,
OPTSTK,IRB,29-Sep-2016,260,CE,0,0,0,1.2,0.15,0,0,0,0,17-AUG-2016,
OPTSTK,IRB,29-Sep-2016,265,CE,0,0,0,0.9,0.1,0,0,0,0,17-AUG-2016,
OPTSTK,IRB,29-Sep-2016,270,CE,0,0,0,0.65,0.05,0,0,0,0,17-AUG-2016,
OPTSTK,IRB,29-Sep-2016,275,CE,0,0,0,0.45,0.05,0,0,0,0,17-AUG-2016,
OPTSTK,IRB,29-Sep-2016,280,CE,0,0,0,0.35,0.05,0,0,0,0,17-AUG-2016,
OPTSTK,IRB,29-Sep-2016,285,CE,0,0,0,0.25,0.05,0,0,0,0,17-AUG-2016,
OPTSTK,IRB,29-Sep-2016,290,CE,0,0,0,0.2,0,0,0,0,0,17-AUG-2016,
OPTSTK,IRB,29-Sep-2016,295,CE,0,0,0,0.15,0,0,0,0,0,17-AUG-2016,
OPTSTK,IRB,29-Sep-2016,300,CE,0,0,0,0.1,0,0,0,0,0,17-AUG-2016,
OPTSTK,IRB,29-Sep-2016,305,CE,0,0,0,0.05,0,0,0,0,0,17-AUG-2016,
OPTSTK,IRB,29-Sep-2016,150,PE,0,0,0,0.05,0,0,0,0,0,17-AUG-2016,
OPTSTK,IRB,29-Sep-2016,155,PE,0,0,0,0.05,0,0,0,0,0,17-AUG-2016,
OPTSTK,IRB,29-Sep-2016,160,PE,0,0,0,0.1,0.05,0,0,0,0,17-AUG-2016,
OPTSTK,IRB,29-Sep-2016,165,PE,0,0,0,0.2,0.05,0,0,0,0,17-AUG-2016,
OPTSTK,IRB,29-Sep-2016,170,PE,0,0,0,0.3,0.05,0,0,0,0,17-AUG-2016,
OPTSTK,IRB,29-Sep-2016,175,PE,0,0,0,0.55,0.15,0,0,0,0,17-AUG-2016,
OPTSTK,IRB,29-Sep-2016,180,PE,0,0,0,0.9,0.3,0,0,0,0,17-AUG-2016,
OPTSTK,IRB,29-Sep-2016,185,PE,0,0,0,1.4,0.55,0,0,0,0,17-AUG-2016,
OPTSTK,IRB,29-Sep-2016,190,PE,0,0,0,2.1,1.05,0,0,0,0,17-AUG-2016,
OPTSTK,IRB,29-Sep-2016,195,PE,0,0,0,3.1,1.8,0,0,0,0,17-AUG-2016,
OPTSTK,IRB,29-Sep-2016,200,PE,5,5,5,5,5,1,5.12,5000,0,17-AUG-2016,
OPTSTK,IRB,29-Sep-2016,205,PE,0,0,0,7.8,4.5,0,0,5000,0,17-AUG-2016,
OPTSTK,IRB,29-Sep-2016,210,PE,8.05,8.05,8.05,8.05,8.05,1,5.45,2500,0,17-AUG-2016,
OPTSTK,IRB,29-Sep-2016,215,PE,0,0,0,10.05,9.05,0,0,0,0,17-AUG-2016,
OPTSTK,IRB,29-Sep-2016,220,PE,0,0,0,12.65,12.05,0,0,0,0,17-AUG-2016,
OPTSTK,IRB,29-Sep-2016,225,PE,0,0,0,15.6,15.55,0,0,0,0,17-AUG-2016,
OPTSTK,IRB,29-Sep-2016,230,PE,0,0,0,18.85,19.35,0,0,0,0,17-AUG-2016,
OPTSTK,IRB,29-Sep-2016,235,PE,0,0,0,22.4,23.55,0,0,0,0,17-AUG-2016,
OPTSTK,IRB,29-Sep-2016,240,PE,0,0,0,26.15,27.95,0,0,0,0,17-AUG-2016,
OPTSTK,IRB,29-Sep-2016,245,PE,0,0,0,30.2,32.5,0,0,0,0,17-AUG-2016,
OPTSTK,IRB,29-Sep-2016,250,PE,0,0,0,34.4,37.2,0,0,0,0,17-AUG-2016,
OPTSTK,IRB,29-Sep-2016,255,PE,0,0,0,38.75,42.05,0,0,0,0,17-AUG-2016,
OPTSTK,IRB,29-Sep-2016,260,PE,0,0,0,43.25,46.9,0,0,0,0,17-AUG-2016,
OPTSTK,IRB,29-Sep-2016,265,PE,0,0,0,47.8,51.8,0,0,0,0,17-AUG-2016,
OPTSTK,IRB,29-Sep-2016,270,PE,0,0,0,52.5,56.7,0,0,0,0,17-AUG-2016,
OPTSTK,IRB,29-Sep-2016,275,PE,0,0,0,57.2,61.65,0,0,0,0,17-AUG-2016,
OPTSTK,IRB,29-Sep-2016,280,PE,0,0,0,62,66.6,0,0,0,0,17-AUG-2016,
OPTSTK,IRB,29-Sep-2016,285,PE,0,0,0,66.8,71.55,0,0,0,0,17-AUG-2016,
OPTSTK,IRB,29-Sep-2016,290,PE,0,0,0,71.65,76.55,0,0,0,0,17-AUG-2016,
OPTSTK,IRB,29-Sep-2016,295,PE,0,0,0,76.5,81.5,0,0,0,0,17-AUG-2016,
OPTSTK,IRB,29-Sep-2016,300,PE,0,0,0,81.4,86.45,0,0,0,0,17-AUG-2016,
OPTSTK,IRB,29-Sep-2016,305,PE,0,0,0,86.3,91.4,0,0,0,0,17-AUG-2016,
OPTSTK,IRB,27-Oct-2016,150,CE,0,0,0,68.5,63.2,0,0,0,0,17-AUG-2016,
OPTSTK,IRB,27-Oct-2016,155,CE,0,0,0,63.6,58.25,0,0,0,0,17-AUG-2016,
OPTSTK,IRB,27-Oct-2016,160,CE,0,0,0,58.7,53.35,0,0,0,0,17-AUG-2016,
OPTSTK,IRB,27-Oct-2016,165,CE,0,0,0,53.8,48.5,0,0,0,0,17-AUG-2016,
OPTSTK,IRB,27-Oct-2016,170,CE,0,0,0,48.95,43.7,0,0,0,0,17-AUG-2016,
OPTSTK,IRB,27-Oct-2016,175,CE,0,0,0,44.15,38.95,0,0,0,0,17-AUG-2016,
OPTSTK,IRB,27-Oct-2016,180,CE,0,0,0,39.4,34.35,0,0,0,0,17-AUG-2016,
OPTSTK,IRB,27-Oct-2016,185,CE,0,0,0,34.8,29.95,0,0,0,0,17-AUG-2016,
OPTSTK,IRB,27-Oct-2016,190,CE,0,0,0,30.35,25.75,0,0,0,0,17-AUG-2016,
OPTSTK,IRB,27-Oct-2016,195,CE,0,0,0,26.15,21.85,0,0,0,0,17-AUG-2016,
OPTSTK,IRB,27-Oct-2016,200,CE,0,0,0,22.2,18.25,0,0,0,0,17-AUG-2016,
OPTSTK,IRB,27-Oct-2016,205,CE,0,0,0,18.55,15,0,0,0,0,17-AUG-2016,
OPTSTK,IRB,27-Oct-2016,210,CE,0,0,0,15.25,12.15,0,0,0,0,17-AUG-2016,
OPTSTK,IRB,27-Oct-2016,215,CE,0,0,0,12.35,9.7,0,0,0,0,17-AUG-2016,
OPTSTK,IRB,27-Oct-2016,220,CE,0,0,0,9.85,7.6,0,0,0,0,17-AUG-2016,
OPTSTK,IRB,27-Oct-2016,225,CE,0,0,0,7.7,5.9,0,0,0,0,17-AUG-2016,
OPTSTK,IRB,27-Oct-2016,230,CE,0,0,0,5.95,4.45,0,0,0,0,17-AUG-2016,
OPTSTK,IRB,27-Oct-2016,235,CE,0,0,0,4.5,3.35,0,0,0,0,17-AUG-2016,
OPTSTK,IRB,27-Oct-2016,240,CE,0,0,0,3.4,2.5,0,0,0,0,17-AUG-2016,
OPTSTK,IRB,27-Oct-2016,245,CE,0,0,0,2.5,1.8,0,0,0,0,17-AUG-2016,
OPTSTK,IRB,27-Oct-2016,250,CE,0,0,0,1.8,1.3,0,0,0,0,17-AUG-2016,
OPTSTK,IRB,27-Oct-2016,255,CE,0,0,0,1.3,0.9,0,0,0,0,17-AUG-2016,
OPTSTK,IRB,27-Oct-2016,260,CE,0,0,0,0.9,0.65,0,0,0,0,17-AUG-2016,
OPTSTK,IRB,27-Oct-2016,265,CE,0,0,0,0.65,0.45,0,0,0,0,17-AUG-2016,
OPTSTK,IRB,27-Oct-2016,270,CE,0,0,0,0.45,0.3,0,0,0,0,17-AUG-2016,
OPTSTK,IRB,27-Oct-2016,275,CE,0,0,0,0.3,0.2,0,0,0,0,17-AUG-2016,
OPTSTK,IRB,27-Oct-2016,280,CE,0,0,0,0.2,0.15,0,0,0,0,17-AUG-2016,
OPTSTK,IRB,27-Oct-2016,285,CE,0,0,0,0.15,0.1,0,0,0,0,17-AUG-2016,
OPTSTK,IRB,27-Oct-2016,290,CE,0,0,0,0.1,0.1,0,0,0,0,17-AUG-2016,
OPTSTK,IRB,27-Oct-2016,295,CE,0,0,0,0.05,0.05,0,0,0,0,17-AUG-2016,
OPTSTK,IRB,27-Oct-2016,300,CE,0,0,0,0.05,0.05,0,0,0,0,17-AUG-2016,
OPTSTK,IRB,27-Oct-2016,305,CE,0,0,0,0.05,0.05,0,0,0,0,17-AUG-2016,
OPTSTK,IRB,27-Oct-2016,150,PE,0,0,0,0.05,0.05,0,0,0,0,17-AUG-2016,
OPTSTK,IRB,27-Oct-2016,155,PE,0,0,0,0.05,0.05,0,0,0,0,17-AUG-2016,
OPTSTK,IRB,27-Oct-2016,160,PE,0,0,0,0.05,0.1,0,0,0,0,17-AUG-2016,
OPTSTK,IRB,27-Oct-2016,165,PE,0,0,0,0.05,0.15,0,0,0,0,17-AUG-2016,
OPTSTK,IRB,27-Oct-2016,170,PE,0,0,0,0.1,0.25,0,0,0,0,17-AUG-2016,
OPTSTK,IRB,27-Oct-2016,175,PE,0,0,0,0.25,0.45,0,0,0,0,17-AUG-2016,
OPTSTK,IRB,27-Oct-2016,180,PE,0,0,0,0.4,0.8,0,0,0,0,17-AUG-2016,
OPTSTK,IRB,27-Oct-2016,185,PE,0,0,0,0.7,1.3,0,0,0,0,17-AUG-2016,
OPTSTK,IRB,27-Oct-2016,190,PE,0,0,0,1.2,2.05,0,0,0,0,17-AUG-2016,
OPTSTK,IRB,27-Oct-2016,195,PE,0,0,0,1.9,3.1,0,0,0,0,17-AUG-2016,
OPTSTK,IRB,27-Oct-2016,200,PE,0,0,0,2.85,4.4,0,0,0,0,17-AUG-2016,
OPTSTK,IRB,27-Oct-2016,205,PE,0,0,0,4.1,6.15,0,0,0,0,17-AUG-2016,
OPTSTK,IRB,27-Oct-2016,210,PE,0,0,0,5.75,8.2,0,0,0,0,17-AUG-2016,
OPTSTK,IRB,27-Oct-2016,215,PE,0,0,0,7.75,10.7,0,0,0,0,17-AUG-2016,
OPTSTK,IRB,27-Oct-2016,220,PE,0,0,0,10.15,13.55,0,0,0,0,17-AUG-2016,
OPTSTK,IRB,27-Oct-2016,225,PE,0,0,0,12.95,16.75,0,0,0,0,17-AUG-2016,
OPTSTK,IRB,27-Oct-2016,230,PE,0,0,0,16.1,20.25,0,0,0,0,17-AUG-2016,
OPTSTK,IRB,27-Oct-2016,235,PE,0,0,0,19.6,24.05,0,0,0,0,17-AUG-2016,
OPTSTK,IRB,27-Oct-2016,240,PE,0,0,0,23.35,28.15,0,0,0,0,17-AUG-2016,
OPTSTK,IRB,27-Oct-2016,245,PE,0,0,0,27.4,32.4,0,0,0,0,17-AUG-2016,
OPTSTK,IRB,27-Oct-2016,250,PE,0,0,0,31.6,36.8,0,0,0,0,17-AUG-2016,
OPTSTK,IRB,27-Oct-2016,255,PE,0,0,0,36,41.35,0,0,0,0,17-AUG-2016,
OPTSTK,IRB,27-Oct-2016,260,PE,0,0,0,40.55,46.05,0,0,0,0,17-AUG-2016,
OPTSTK,IRB,27-Oct-2016,265,PE,0,0,0,45.2,50.75,0,0,0,0,17-AUG-2016,
OPTSTK,IRB,27-Oct-2016,270,PE,0,0,0,49.9,55.55,0,0,0,0,17-AUG-2016,
OPTSTK,IRB,27-Oct-2016,275,PE,0,0,0,54.7,60.4,0,0,0,0,17-AUG-2016,
OPTSTK,IRB,27-Oct-2016,280,PE,0,0,0,59.5,65.25,0,0,0,0,17-AUG-2016,
OPTSTK,IRB,27-Oct-2016,285,PE,0,0,0,64.35,70.15,0,0,0,0,17-AUG-2016,
OPTSTK,IRB,27-Oct-2016,290,PE,0,0,0,69.2,75.05,0,0,0,0,17-AUG-2016,
OPTSTK,IRB,27-Oct-2016,295,PE,0,0,0,74.1,79.95,0,0,0,0,17-AUG-2016,
OPTSTK,IRB,27-Oct-2016,300,PE,0,0,0,79,84.9,0,0,0,0,17-AUG-2016,
OPTSTK,IRB,27-Oct-2016,305,PE,0,0,0,83.9,89.8,0,0,0,0,17-AUG-2016,
OPTSTK,ITC,25-Aug-2016,160,CE,0,0,0,126.95,93.95,0,0,0,0,17-AUG-2016,
OPTSTK,ITC,25-Aug-2016,166.65,CE,0,0,0,117.3,87.3,0,0,0,0,17-AUG-2016,
OPTSTK,ITC,25-Aug-2016,170,CE,0,0,0,84.1,83.95,0,0,0,0,17-AUG-2016,
OPTSTK,ITC,25-Aug-2016,173.35,CE,0,0,0,107.8,80.65,0,0,0,0,17-AUG-2016,
OPTSTK,ITC,25-Aug-2016,180,CE,0,0,0,98.45,74,0,0,0,0,17-AUG-2016,
OPTSTK,ITC,25-Aug-2016,186.65,CE,0,0,0,89.3,67.35,0,0,0,0,17-AUG-2016,
OPTSTK,ITC,25-Aug-2016,190,CE,0,0,0,64.4,64,0,0,0,0,17-AUG-2016,
OPTSTK,ITC,25-Aug-2016,193.35,CE,0,0,0,80.5,60.65,0,0,0,0,17-AUG-2016,
OPTSTK,ITC,25-Aug-2016,200,CE,0,0,0,72,54,0,0,0,0,17-AUG-2016,
OPTSTK,ITC,25-Aug-2016,206.65,CE,0,0,0,63.9,47.4,0,0,0,0,17-AUG-2016,
OPTSTK,ITC,25-Aug-2016,210,CE,0,0,0,45.15,44.05,0,0,0,0,17-AUG-2016,
OPTSTK,ITC,25-Aug-2016,213.35,CE,41.6,41.6,41,41,41,2,12.22,9600,0,17-AUG-2016,
OPTSTK,ITC,25-Aug-2016,220,CE,35,35,34,34,34,2,12.21,12000,0,17-AUG-2016,
OPTSTK,ITC,25-Aug-2016,226.65,CE,28.6,28.6,28.6,28.6,28.6,1,6.12,0,-2400,17-AUG-2016,
OPTSTK,ITC,25-Aug-2016,230,CE,0,0,0,20.4,24.1,0,0,24000,0,17-AUG-2016,
OPTSTK,ITC,25-Aug-2016,233.35,CE,22,22,22,22,22,1,6.12,19200,-2400,17-AUG-2016,
OPTSTK,ITC,25-Aug-2016,240,CE,14.95,14.95,13.7,13.7,13.7,2,12.2,112800,-2400,17-AUG-2016,
OPTSTK,ITC,25-Aug-2016,246.65,CE,10.1,10.1,9.2,9.2,9.2,2,12.3,79200,-2400,17-AUG-2016,
OPTSTK,ITC,25-Aug-2016,250,CE,6,7.8,5.1,5.75,5.75,124,763.51,715200,-2400,17-AUG-2016,
OPTSTK,ITC,25-Aug-2016,253.35,CE,4.45,5.6,3.5,3.85,3.85,140,865.72,379200,4800,17-AUG-2016,
OPTSTK,ITC,25-Aug-2016,260,CE,2.05,2.4,1.45,1.65,1.65,987,6203.31,2522400,170400,17-AUG-2016,
OPTSTK,ITC,25-Aug-2016,266.65,CE,0.85,1.05,0.7,0.75,0.75,102,654.88,410400,4800,17-AUG-2016,
OPTSTK,ITC,25-Aug-2016,270,CE,0.6,0.7,0.45,0.5,0.5,239,1551.97,1250400,57600,17-AUG-2016,
OPTSTK,ITC,25-Aug-2016,273.35,CE,0.4,0.45,0.35,0.35,0.35,43,282.5,444000,43200,17-AUG-2016,
OPTSTK,ITC,25-Aug-2016,280,CE,0.2,0.25,0.15,0.15,0.15,21,141.22,648000,-9600,17-AUG-2016,
OPTSTK,ITC,25-Aug-2016,286.65,CE,0,0,0,0.4,0.05,0,0,24000,0,17-AUG-2016,
OPTSTK,ITC,25-Aug-2016,290,CE,0.1,0.1,0.1,0.1,0.1,1,6.96,124800,0,17-AUG-2016,
OPTSTK,ITC,25-Aug-2016,293.35,CE,0,0,0,6.95,0,0,0,0,0,17-AUG-2016,
OPTSTK,ITC,25-Aug-2016,300,CE,0.1,0.15,0.1,0.15,0.15,17,122.44,580800,-21600,17-AUG-2016,
OPTSTK,ITC,25-Aug-2016,310,CE,0,0,0,0.7,0,0,0,0,0,17-AUG-2016,
OPTSTK,ITC,25-Aug-2016,320,CE,0,0,0,2.85,0,0,0,2400,0,17-AUG-2016,
OPTSTK,ITC,25-Aug-2016,330,CE,0,0,0,0.2,0,0,0,0,0,17-AUG-2016,
OPTSTK,ITC,25-Aug-2016,340,CE,0,0,0,0.1,0,0,0,0,0,17-AUG-2016,
OPTSTK,ITC,25-Aug-2016,160,PE,0,0,0,0.2,0,0,0,0,0,17-AUG-2016,
OPTSTK,ITC,25-Aug-2016,166.65,PE,0,0,0,0.4,0,0,0,0,0,17-AUG-2016,
OPTSTK,ITC,25-Aug-2016,170,PE,0,0,0,0.05,0,0,0,0,0,17-AUG-2016,
OPTSTK,ITC,25-Aug-2016,173.35,PE,0,0,0,0.7,0,0,0,0,0,17-AUG-2016,
OPTSTK,ITC,25-Aug-2016,180,PE,0,0,0,1.2,0,0,0,0,0,17-AUG-2016,
OPTSTK,ITC,25-Aug-2016,186.65,PE,0,0,0,1.85,0,0,0,0,0,17-AUG-2016,
OPTSTK,ITC,25-Aug-2016,190,PE,0,0,0,0.1,0,0,0,0,0,17-AUG-2016,
OPTSTK,ITC,25-Aug-2016,193.35,PE,0,0,0,2.85,0,0,0,0,0,17-AUG-2016,
OPTSTK,ITC,25-Aug-2016,200,PE,0.05,0.05,0.05,0.05,0.05,3,14.4,7200,0,17-AUG-2016,
OPTSTK,ITC,25-Aug-2016,206.65,PE,0,0,0,5.95,0,0,0,0,0,17-AUG-2016,
OPTSTK,ITC,25-Aug-2016,210,PE,0,0,0,0.6,0,0,0,0,0,17-AUG-2016,
OPTSTK,ITC,25-Aug-2016,213.35,PE,0.5,0.5,0.25,0.25,0.25,2,10.25,7200,0,17-AUG-2016,
OPTSTK,ITC,25-Aug-2016,220,PE,0.15,0.15,0.1,0.15,0.15,3,15.84,124800,4800,17-AUG-2016,
OPTSTK,ITC,25-Aug-2016,226.65,PE,0,0,0,0.4,0.05,0,0,12000,0,17-AUG-2016,
OPTSTK,ITC,25-Aug-2016,230,PE,0.1,0.1,0.1,0.1,0.1,2,11.04,312000,0,17-AUG-2016,
OPTSTK,ITC,25-Aug-2016,233.35,PE,0.15,0.15,0.1,0.15,0.15,15,84.05,120000,-9600,17-AUG-2016,
OPTSTK,ITC,25-Aug-2016,240,PE,0.35,0.35,0.25,0.35,0.35,60,346.03,434400,-40800,17-AUG-2016,
OPTSTK,ITC,25-Aug-2016,246.65,PE,1,1.25,0.65,1.2,1.2,42,249.63,333600,-26400,17-AUG-2016,
OPTSTK,ITC,25-Aug-2016,250,PE,1.7,2.2,1.2,2.05,2.05,369,2229.07,729600,-7200,17-AUG-2016,
OPTSTK,ITC,25-Aug-2016,253.35,PE,2.8,3.7,2.1,3.35,3.35,100,614.98,141600,-55200,17-AUG-2016,
OPTSTK,ITC,25-Aug-2016,260,PE,7,8,6,7.6,7.6,25,160.19,170400,2400,17-AUG-2016,
OPTSTK,ITC,25-Aug-2016,266.65,PE,0,0,0,15.9,13.2,0,0,4800,0,17-AUG-2016,
OPTSTK,ITC,25-Aug-2016,270,PE,0,0,0,15.2,16.25,0,0,12000,0,17-AUG-2016,
OPTSTK,ITC,25-Aug-2016,273.35,PE,0,0,0,25,19.4,0,0,2400,0,17-AUG-2016,
OPTSTK,ITC,25-Aug-2016,280,PE,0,0,0,27.9,25.95,0,0,2400,0,17-AUG-2016,
OPTSTK,ITC,25-Aug-2016,286.65,PE,0,0,0,68.5,32.55,0,0,0,0,17-AUG-2016,
OPTSTK,ITC,25-Aug-2016,290,PE,0,0,0,36.95,35.9,0,0,0,0,17-AUG-2016,
OPTSTK,ITC,25-Aug-2016,293.35,PE,0,0,0,76.65,39.25,0,0,0,0,17-AUG-2016,
OPTSTK,ITC,25-Aug-2016,300,PE,0,0,0,46.6,45.85,0,0,4800,0,17-AUG-2016,
OPTSTK,ITC,25-Aug-2016,310,PE,0,0,0,55.2,55.85,0,0,0,0,17-AUG-2016,
OPTSTK,ITC,25-Aug-2016,320,PE,0,0,0,111.85,65.85,0,0,0,0,17-AUG-2016,
OPTSTK,ITC,25-Aug-2016,330,PE,0,0,0,74.45,75.85,0,0,0,0,17-AUG-2016,
OPTSTK,ITC,25-Aug-2016,340,PE,0,0,0,135.85,85.8,0,0,0,0,17-AUG-2016,
OPTSTK,ITC,29-Sep-2016,160,CE,0,0,0,132.7,95,0,0,0,0,17-AUG-2016,
OPTSTK,ITC,29-Sep-2016,166.65,CE,0,0,0,122.9,88.4,0,0,0,0,17-AUG-2016,
OPTSTK,ITC,29-Sep-2016,170,CE,0,0,0,85.3,85.1,0,0,0,0,17-AUG-2016,
OPTSTK,ITC,29-Sep-2016,173.35,CE,0,0,0,113.1,81.75,0,0,0,0,17-AUG-2016,
OPTSTK,ITC,29-Sep-2016,180,CE,0,0,0,103.4,75.2,0,0,0,0,17-AUG-2016,
OPTSTK,ITC,29-Sep-2016,186.65,CE,0,0,0,93.8,68.6,0,0,0,0,17-AUG-2016,
OPTSTK,ITC,29-Sep-2016,190,CE,0,0,0,65.9,65.25,0,0,0,0,17-AUG-2016,
OPTSTK,ITC,29-Sep-2016,193.35,CE,0,0,0,84.3,61.95,0,0,0,0,17-AUG-2016,
OPTSTK,ITC,29-Sep-2016,200,CE,0,0,0,75.1,55.35,0,0,0,0,17-AUG-2016,
OPTSTK,ITC,29-Sep-2016,206.65,CE,0,0,0,66.15,48.85,0,0,0,0,17-AUG-2016,
OPTSTK,ITC,29-Sep-2016,210,CE,0,0,0,47.5,45.55,0,0,0,0,17-AUG-2016,
OPTSTK,ITC,29-Sep-2016,213.35,CE,0,0,0,57.65,42.35,0,0,0,0,17-AUG-2016,
OPTSTK,ITC,29-Sep-2016,220,CE,0,0,0,49.65,36.05,0,0,0,0,17-AUG-2016,
OPTSTK,ITC,29-Sep-2016,226.65,CE,0,0,0,42.25,30,0,0,0,0,17-AUG-2016,
OPTSTK,ITC,29-Sep-2016,230,CE,27,27,27,27,27,1,6.16,2400,2400,17-AUG-2016,
OPTSTK,ITC,29-Sep-2016,233.35,CE,0,0,0,35.45,24.3,0,0,0,0,17-AUG-2016,
OPTSTK,ITC,29-Sep-2016,240,CE,0,0,0,17,19.2,0,0,12000,0,17-AUG-2016,
OPTSTK,ITC,29-Sep-2016,246.65,CE,0,0,0,9.8,14.7,0,0,2400,0,17-AUG-2016,
OPTSTK,ITC,29-Sep-2016,250,CE,11,12.6,11,12.6,12.6,2,12.56,14400,4800,17-AUG-2016,
OPTSTK,ITC,29-Sep-2016,253.35,CE,0,0,0,19.4,10.85,0,0,0,0,17-AUG-2016,
OPTSTK,ITC,29-Sep-2016,260,CE,7.1,7.1,5.8,5.8,5.8,2,12.78,57600,0,17-AUG-2016,
OPTSTK,ITC,29-Sep-2016,266.65,CE,0,0,0,12.2,5.4,0,0,0,0,17-AUG-2016,
OPTSTK,ITC,29-Sep-2016,270,CE,3,3.55,3,3,3,11,72.09,21600,16800,17-AUG-2016,
OPTSTK,ITC,29-Sep-2016,273.35,CE,0,0,0,9.5,3.6,0,0,0,0,17-AUG-2016,
OPTSTK,ITC,29-Sep-2016,280,CE,0,0,0,3.75,2.35,0,0,4800,0,17-AUG-2016,
OPTSTK,ITC,29-Sep-2016,286.65,CE,0,0,0,5.55,1.45,0,0,0,0,17-AUG-2016,
OPTSTK,ITC,29-Sep-2016,290,CE,0,0,0,1.9,1.15,0,0,2400,0,17-AUG-2016,
OPTSTK,ITC,29-Sep-2016,293.35,CE,0,0,0,4.15,0.9,0,0,0,0,17-AUG-2016,
OPTSTK,ITC,29-Sep-2016,300,CE,0,0,0,3.1,0.55,0,0,0,0,17-AUG-2016,
OPTSTK,ITC,29-Sep-2016,310,CE,0,0,0,2.25,0.25,0,0,0,0,17-AUG-2016,
OPTSTK,ITC,29-Sep-2016,320,CE,0,0,0,1.2,0.1,0,0,0,0,17-AUG-2016,
OPTSTK,ITC,29-Sep-2016,330,CE,0,0,0,0.95,0.05,0,0,0,0,17-AUG-2016,
OPTSTK,ITC,29-Sep-2016,340,CE,0,0,0,0.45,0.05,0,0,0,0,17-AUG-2016,
OPTSTK,ITC,29-Sep-2016,160,PE,0,0,0,0.05,0,0,0,0,0,17-AUG-2016,
OPTSTK,ITC,29-Sep-2016,166.65,PE,0,0,0,0.05,0,0,0,0,0,17-AUG-2016,
OPTSTK,ITC,29-Sep-2016,170,PE,0,0,0,0.05,0,0,0,0,0,17-AUG-2016,
OPTSTK,ITC,29-Sep-2016,173.35,PE,0,0,0,0.1,0,0,0,0,0,17-AUG-2016,
OPTSTK,ITC,29-Sep-2016,180,PE,0,0,0,0.2,0,0,0,0,0,17-AUG-2016,
OPTSTK,ITC,29-Sep-2016,186.65,PE,0,0,0,0.45,0,0,0,0,0,17-AUG-2016,
OPTSTK,ITC,29-Sep-2016,190,PE,0,0,0,0.35,0.05,0,0,0,0,17-AUG-2016,
OPTSTK,ITC,29-Sep-2016,193.35,PE,0,0,0,0.8,0.05,0,0,0,0,17-AUG-2016,
OPTSTK,ITC,29-Sep-2016,200,PE,0,0,0,1.4,0.05,0,0,0,0,17-AUG-2016,
OPTSTK,ITC,29-Sep-2016,206.65,PE,0,0,0,2.3,0.1,0,0,0,0,17-AUG-2016,
OPTSTK,ITC,29-Sep-2016,210,PE,0,0,0,1.6,0.15,0,0,0,0,17-AUG-2016,
OPTSTK,ITC,29-Sep-2016,213.35,PE,0,0,0,3.6,0.25,0,0,0,0,17-AUG-2016,
OPTSTK,ITC,29-Sep-2016,220,PE,0,0,0,5.4,0.55,0,0,0,0,17-AUG-2016,
OPTSTK,ITC,29-Sep-2016,226.65,PE,0,0,0,7.85,1.15,0,0,0,0,17-AUG-2016,
OPTSTK,ITC,29-Sep-2016,230,PE,0,0,0,5.1,1.55,0,0,0,0,17-AUG-2016,
OPTSTK,ITC,29-Sep-2016,233.35,PE,0,0,0,10.85,2.1,0,0,0,0,17-AUG-2016,
OPTSTK,ITC,29-Sep-2016,240,PE,0,0,0,14.6,3.55,0,0,0,0,17-AUG-2016,
OPTSTK,ITC,29-Sep-2016,246.65,PE,0,0,0,4.05,5.65,0,0,4800,0,17-AUG-2016,
OPTSTK,ITC,29-Sep-2016,250,PE,4.5,5.75,4.5,5.75,5.75,3,18.38,7200,4800,17-AUG-2016,
OPTSTK,ITC,29-Sep-2016,253.35,PE,0,0,0,24.3,8.45,0,0,0,0,17-AUG-2016,
OPTSTK,ITC,29-Sep-2016,260,PE,10.9,10.9,10.9,10.9,10.9,1,6.5,7200,2400,17-AUG-2016,
OPTSTK,ITC,29-Sep-2016,266.65,PE,0,0,0,36.7,16.2,0,0,0,0,17-AUG-2016,
OPTSTK,ITC,29-Sep-2016,270,PE,0,0,0,23.25,18.55,0,0,0,0,17-AUG-2016,
OPTSTK,ITC,29-Sep-2016,273.35,PE,0,0,0,43.85,21.05,0,0,0,0,17-AUG-2016,
OPTSTK,ITC,29-Sep-2016,280,PE,0,0,0,51.45,26.35,0,0,0,0,17-AUG-2016,
OPTSTK,ITC,29-Sep-2016,286.65,PE,0,0,0,59.55,32.1,0,0,0,0,17-AUG-2016,
OPTSTK,ITC,29-Sep-2016,290,PE,0,0,0,37.75,35.1,0,0,0,0,17-AUG-2016,
OPTSTK,ITC,29-Sep-2016,293.35,PE,0,0,0,68,38.15,0,0,0,0,17-AUG-2016,
OPTSTK,ITC,29-Sep-2016,300,PE,0,0,0,76.75,44.4,0,0,0,0,17-AUG-2016,
OPTSTK,ITC,29-Sep-2016,310,PE,0,0,0,54.65,54.05,0,0,0,0,17-AUG-2016,
OPTSTK,ITC,29-Sep-2016,320,PE,0,0,0,104.35,63.8,0,0,0,0,17-AUG-2016,
OPTSTK,ITC,29-Sep-2016,330,PE,0,0,0,73,73.7,0,0,0,0,17-AUG-2016,
OPTSTK,ITC,29-Sep-2016,340,PE,0,0,0,133.05,83.6,0,0,0,0,17-AUG-2016,
OPTSTK,ITC,27-Oct-2016,160,CE,0,0,0,97.05,95.85,0,0,0,0,17-AUG-2016,
OPTSTK,ITC,27-Oct-2016,170,CE,0,0,0,87.25,86,0,0,0,0,17-AUG-2016,
OPTSTK,ITC,27-Oct-2016,180,CE,0,0,0,77.45,76.15,0,0,0,0,17-AUG-2016,
OPTSTK,ITC,27-Oct-2016,190,CE,0,0,0,67.65,66.3,0,0,0,0,17-AUG-2016,
OPTSTK,ITC,27-Oct-2016,200,CE,0,0,0,58,56.6,0,0,0,0,17-AUG-2016,
OPTSTK,ITC,27-Oct-2016,210,CE,0,0,0,48.6,47.1,0,0,0,0,17-AUG-2016,
OPTSTK,ITC,27-Oct-2016,220,CE,0,0,0,39.65,38.05,0,0,0,0,17-AUG-2016,
OPTSTK,ITC,27-Oct-2016,230,CE,0,0,0,31.4,29.7,0,0,0,0,17-AUG-2016,
OPTSTK,ITC,27-Oct-2016,240,CE,0,0,0,24.05,22.3,0,0,0,0,17-AUG-2016,
OPTSTK,ITC,27-Oct-2016,250,CE,0,0,0,17.75,16.05,0,0,0,0,17-AUG-2016,
OPTSTK,ITC,27-Oct-2016,260,CE,0,0,0,10.55,11.1,0,0,9600,0,17-AUG-2016,
OPTSTK,ITC,27-Oct-2016,270,CE,0,0,0,8.7,7.35,0,0,0,0,17-AUG-2016,
OPTSTK,ITC,27-Oct-2016,280,CE,0,0,0,5.8,4.7,0,0,0,0,17-AUG-2016,
OPTSTK,ITC,27-Oct-2016,290,CE,0,0,0,3.7,2.85,0,0,0,0,17-AUG-2016,
OPTSTK,ITC,27-Oct-2016,300,CE,0,0,0,2.3,1.7,0,0,0,0,17-AUG-2016,
OPTSTK,ITC,27-Oct-2016,310,CE,0,0,0,1.4,0.95,0,0,0,0,17-AUG-2016,
OPTSTK,ITC,27-Oct-2016,320,CE,0,0,0,0.8,0.55,0,0,0,0,17-AUG-2016,
OPTSTK,ITC,27-Oct-2016,330,CE,0,0,0,0.45,0.3,0,0,0,0,17-AUG-2016,
OPTSTK,ITC,27-Oct-2016,340,CE,0,0,0,0.25,0.15,0,0,0,0,17-AUG-2016,
OPTSTK,ITC,27-Oct-2016,160,PE,0,0,0,0.05,0,0,0,0,0,17-AUG-2016,
OPTSTK,ITC,27-Oct-2016,170,PE,0,0,0,0.05,0,0,0,0,0,17-AUG-2016,
OPTSTK,ITC,27-Oct-2016,180,PE,0,0,0,0.05,0.05,0,0,0,0,17-AUG-2016,
OPTSTK,ITC,27-Oct-2016,190,PE,0,0,0,0.1,0.1,0,0,0,0,17-AUG-2016,
OPTSTK,ITC,27-Oct-2016,200,PE,0,0,0,0.3,0.2,0,0,0,0,17-AUG-2016,
OPTSTK,ITC,27-Oct-2016,210,PE,0,0,0,0.7,0.6,0,0,0,0,17-AUG-2016,
OPTSTK,ITC,27-Oct-2016,220,PE,0,0,0,1.6,1.4,0,0,0,0,17-AUG-2016,
OPTSTK,ITC,27-Oct-2016,230,PE,0,0,0,3.15,2.9,0,0,0,0,17-AUG-2016,
OPTSTK,ITC,27-Oct-2016,240,PE,0,0,0,5.6,5.4,0,0,0,0,17-AUG-2016,
OPTSTK,ITC,27-Oct-2016,250,PE,0,0,0,9.15,9.05,0,0,0,0,17-AUG-2016,
OPTSTK,ITC,27-Oct-2016,260,PE,0,0,0,13.9,13.95,0,0,0,0,17-AUG-2016,
OPTSTK,ITC,27-Oct-2016,270,PE,0,0,0,19.75,20.05,0,0,0,0,17-AUG-2016,
OPTSTK,ITC,27-Oct-2016,280,PE,0,0,0,26.7,27.25,0,0,0,0,17-AUG-2016,
OPTSTK,ITC,27-Oct-2016,290,PE,0,0,0,34.45,35.3,0,0,0,0,17-AUG-2016,
OPTSTK,ITC,27-Oct-2016,300,PE,0,0,0,42.85,44,0,0,0,0,17-AUG-2016,
OPTSTK,ITC,27-Oct-2016,310,PE,0,0,0,51.75,53.15,0,0,0,0,17-AUG-2016,
OPTSTK,ITC,27-Oct-2016,320,PE,0,0,0,61,62.55,0,0,0,0,17-AUG-2016,
OPTSTK,ITC,27-Oct-2016,330,PE,0,0,0,70.5,72.2,0,0,0,0,17-AUG-2016,
OPTSTK,ITC,27-Oct-2016,340,PE,0,0,0,80.15,81.9,0,0,0,0,17-AUG-2016,
OPTSTK,JETAIRWAYS,25-Aug-2016,380,CE,0,0,0,233.55,163.45,0,0,0,0,17-AUG-2016,
OPTSTK,JETAIRWAYS,25-Aug-2016,400,CE,0,0,0,214.4,143.45,0,0,0,0,17-AUG-2016,
OPTSTK,JETAIRWAYS,25-Aug-2016,420,CE,0,0,0,195.6,123.5,0,0,0,0,17-AUG-2016,
OPTSTK,JETAIRWAYS,25-Aug-2016,440,CE,0,0,0,177.2,103.55,0,0,0,0,17-AUG-2016,
OPTSTK,JETAIRWAYS,25-Aug-2016,460,CE,0,0,0,159.4,83.65,0,0,0,0,17-AUG-2016,
OPTSTK,JETAIRWAYS,25-Aug-2016,480,CE,0,0,0,142.35,64,0,0,0,0,17-AUG-2016,
OPTSTK,JETAIRWAYS,25-Aug-2016,500,CE,0,0,0,126.15,45.4,0,0,0,0,17-AUG-2016,
OPTSTK,JETAIRWAYS,25-Aug-2016,520,CE,30,30,30,30,30,1,5.5,9000,0,17-AUG-2016,
OPTSTK,JETAIRWAYS,25-Aug-2016,540,CE,13,15.45,11.5,11.5,11.5,3,16.59,38000,0,17-AUG-2016,
OPTSTK,JETAIRWAYS,25-Aug-2016,560,CE,5.85,8,4.4,4.4,4.4,19,107.59,136000,-1000,17-AUG-2016,
OPTSTK,JETAIRWAYS,25-Aug-2016,580,CE,2,4.25,1.25,1.6,1.6,35,203.95,259000,-13000,17-AUG-2016,
OPTSTK,JETAIRWAYS,25-Aug-2016,600,CE,2,3.5,1.8,1.85,1.85,13,78.3,478000,-6000,17-AUG-2016,
OPTSTK,JETAIRWAYS,25-Aug-2016,620,CE,1,1.6,0.75,0.85,0.85,26,161.48,459000,-24000,17-AUG-2016,
OPTSTK,JETAIRWAYS,25-Aug-2016,640,CE,0.8,1.25,0.6,0.6,0.6,11,70.5,407000,-9000,17-AUG-2016,
OPTSTK,JETAIRWAYS,25-Aug-2016,660,CE,1.1,1.1,0.9,0.95,0.95,5,33.04,143000,0,17-AUG-2016,
OPTSTK,JETAIRWAYS,25-Aug-2016,680,CE,1,1,0.3,0.3,0.3,2,13.61,57000,-2000,17-AUG-2016,
OPTSTK,JETAIRWAYS,25-Aug-2016,700,CE,0.85,1.5,0.85,1.45,1.45,6,42.06,74000,-2000,17-AUG-2016,
OPTSTK,JETAIRWAYS,25-Aug-2016,720,CE,0,0,0,0.6,0,0,0,16000,0,17-AUG-2016,
OPTSTK,JETAIRWAYS,25-Aug-2016,740,CE,0,0,0,0.45,0,0,0,5000,0,17-AUG-2016,
OPTSTK,JETAIRWAYS,25-Aug-2016,760,CE,0,0,0,13.8,0,0,0,0,0,17-AUG-2016,
OPTSTK,JETAIRWAYS,25-Aug-2016,780,CE,0,0,0,0.2,0,0,0,16000,0,17-AUG-2016,
OPTSTK,JETAIRWAYS,25-Aug-2016,380,PE,0,0,0,0.55,0,0,0,0,0,17-AUG-2016,
OPTSTK,JETAIRWAYS,25-Aug-2016,400,PE,0.05,0.05,0.05,0.05,0.05,3,12,41000,-3000,17-AUG-2016,
OPTSTK,JETAIRWAYS,25-Aug-2016,420,PE,1.15,1.15,1.15,1.15,1.15,3,12.63,67000,-3000,17-AUG-2016,
OPTSTK,JETAIRWAYS,25-Aug-2016,440,PE,0.05,0.05,0.05,0.05,0.05,3,13.2,83000,-3000,17-AUG-2016,
OPTSTK,JETAIRWAYS,25-Aug-2016,460,PE,0,0,0,1.45,0.1,0,0,1000,0,17-AUG-2016,
OPTSTK,JETAIRWAYS,25-Aug-2016,480,PE,0.8,0.8,0.8,0.8,0.8,1,4.8,19000,-1000,17-AUG-2016,
OPTSTK,JETAIRWAYS,25-Aug-2016,500,PE,0.35,1.05,0.1,0.2,0.2,16,80.08,54000,-3000,17-AUG-2016,
OPTSTK,JETAIRWAYS,25-Aug-2016,520,PE,2,2.15,1,1,1,18,93.91,43000,-6000,17-AUG-2016,
OPTSTK,JETAIRWAYS,25-Aug-2016,540,PE,6.3,6.5,5.2,6.5,6.5,11,60.06,121000,0,17-AUG-2016,
OPTSTK,JETAIRWAYS,25-Aug-2016,560,PE,10.3,17.85,10.3,16.8,16.8,4,22.98,165000,-1000,17-AUG-2016,
OPTSTK,JETAIRWAYS,25-Aug-2016,580,PE,30.5,30.5,28,28,28,4,24.38,88000,-3000,17-AUG-2016,
OPTSTK,JETAIRWAYS,25-Aug-2016,600,PE,52,53,49,53,53,4,26.04,115000,-3000,17-AUG-2016,
OPTSTK,JETAIRWAYS,25-Aug-2016,620,PE,0,0,0,88,76.6,0,0,30000,0,17-AUG-2016,
OPTSTK,JETAIRWAYS,25-Aug-2016,640,PE,0,0,0,81.15,96.3,0,0,13000,0,17-AUG-2016,
OPTSTK,JETAIRWAYS,25-Aug-2016,660,PE,0,0,0,112,116.2,0,0,17000,0,17-AUG-2016,
OPTSTK,JETAIRWAYS,25-Aug-2016,680,PE,0,0,0,90.95,136.15,0,0,2000,0,17-AUG-2016,
OPTSTK,JETAIRWAYS,25-Aug-2016,700,PE,0,0,0,97.85,156.1,0,0,2000,0,17-AUG-2016,
OPTSTK,JETAIRWAYS,25-Aug-2016,720,PE,0,0,0,125.2,176.1,0,0,3000,0,17-AUG-2016,
OPTSTK,JETAIRWAYS,25-Aug-2016,740,PE,0,0,0,137.55,196.05,0,0,0,0,17-AUG-2016,
OPTSTK,JETAIRWAYS,25-Aug-2016,760,PE,0,0,0,154,216.05,0,0,0,0,17-AUG-2016,
OPTSTK,JETAIRWAYS,25-Aug-2016,780,PE,0,0,0,171.05,236,0,0,0,0,17-AUG-2016,
OPTSTK,JETAIRWAYS,29-Sep-2016,380,CE,0,0,0,183.9,166.2,0,0,0,0,17-AUG-2016,
OPTSTK,JETAIRWAYS,29-Sep-2016,400,CE,0,0,0,165.4,146.7,0,0,0,0,17-AUG-2016,
OPTSTK,JETAIRWAYS,29-Sep-2016,420,CE,0,0,0,147.55,127.65,0,0,0,0,17-AUG-2016,
OPTSTK,JETAIRWAYS,29-Sep-2016,440,CE,0,0,0,130.45,109.2,0,0,0,0,17-AUG-2016,
OPTSTK,JETAIRWAYS,29-Sep-2016,460,CE,0,0,0,114.3,91.75,0,0,0,0,17-AUG-2016,
OPTSTK,JETAIRWAYS,29-Sep-2016,480,CE,0,0,0,99.25,75.6,0,0,0,0,17-AUG-2016,
OPTSTK,JETAIRWAYS,29-Sep-2016,500,CE,0,0,0,85.4,61,0,0,0,0,17-AUG-2016,
OPTSTK,JETAIRWAYS,29-Sep-2016,520,CE,0,0,0,72.8,48.15,0,0,0,0,17-AUG-2016,
OPTSTK,JETAIRWAYS,29-Sep-2016,540,CE,0,0,0,61.5,37.25,0,0,0,0,17-AUG-2016,
OPTSTK,JETAIRWAYS,29-Sep-2016,560,CE,0,0,0,51.55,28.2,0,0,0,0,17-AUG-2016,
OPTSTK,JETAIRWAYS,29-Sep-2016,580,CE,0,0,0,29,20.9,0,0,7000,0,17-AUG-2016,
OPTSTK,JETAIRWAYS,29-Sep-2016,600,CE,0,0,0,35.35,15.2,0,0,0,0,17-AUG-2016,
OPTSTK,JETAIRWAYS,29-Sep-2016,620,CE,0,0,0,14.95,10.85,0,0,1000,0,17-AUG-2016,
OPTSTK,JETAIRWAYS,29-Sep-2016,640,CE,0,0,0,23.55,7.6,0,0,0,0,17-AUG-2016,
OPTSTK,JETAIRWAYS,29-Sep-2016,660,CE,0,0,0,19.05,5.2,0,0,0,0,17-AUG-2016,
OPTSTK,JETAIRWAYS,29-Sep-2016,680,CE,0,0,0,15.3,3.55,0,0,0,0,17-AUG-2016,
OPTSTK,JETAIRWAYS,29-Sep-2016,700,CE,0,0,0,12.2,2.35,0,0,0,0,17-AUG-2016,
OPTSTK,JETAIRWAYS,29-Sep-2016,720,CE,0,0,0,9.7,1.55,0,0,0,0,17-AUG-2016,
OPTSTK,JETAIRWAYS,29-Sep-2016,740,CE,0,0,0,7.65,1,0,0,0,0,17-AUG-2016,
OPTSTK,JETAIRWAYS,29-Sep-2016,760,CE,0,0,0,6.05,0.65,0,0,0,0,17-AUG-2016,
OPTSTK,JETAIRWAYS,29-Sep-2016,780,CE,0,0,0,4.7,0.4,0,0,0,0,17-AUG-2016,
OPTSTK,JETAIRWAYS,29-Sep-2016,380,PE,0,0,0,1.45,0.25,0,0,0,0,17-AUG-2016,
OPTSTK,JETAIRWAYS,29-Sep-2016,400,PE,0,0,0,2.6,0.6,0,0,0,0,17-AUG-2016,
OPTSTK,JETAIRWAYS,29-Sep-2016,420,PE,0,0,0,4.35,1.4,0,0,0,0,17-AUG-2016,
OPTSTK,JETAIRWAYS,29-Sep-2016,440,PE,0,0,0,6.9,2.8,0,0,0,0,17-AUG-2016,
OPTSTK,JETAIRWAYS,29-Sep-2016,460,PE,0,0,0,10.4,5.2,0,0,0,0,17-AUG-2016,
OPTSTK,JETAIRWAYS,29-Sep-2016,480,PE,0,0,0,15,8.85,0,0,0,0,17-AUG-2016,
OPTSTK,JETAIRWAYS,29-Sep-2016,500,PE,0,0,0,20.8,14.1,0,0,0,0,17-AUG-2016,
OPTSTK,JETAIRWAYS,29-Sep-2016,520,PE,0,0,0,27.85,21.1,0,0,0,0,17-AUG-2016,
OPTSTK,JETAIRWAYS,29-Sep-2016,540,PE,0,0,0,36.2,30,0,0,0,0,17-AUG-2016,
OPTSTK,JETAIRWAYS,29-Sep-2016,560,PE,0,0,0,45.9,40.8,0,0,0,0,17-AUG-2016,
OPTSTK,JETAIRWAYS,29-Sep-2016,580,PE,0,0,0,56.85,53.35,0,0,0,0,17-AUG-2016,
OPTSTK,JETAIRWAYS,29-Sep-2016,600,PE,0,0,0,69,67.5,0,0,0,0,17-AUG-2016,
OPTSTK,JETAIRWAYS,29-Sep-2016,620,PE,0,0,0,82.25,82.95,0,0,0,0,17-AUG-2016,
OPTSTK,JETAIRWAYS,29-Sep-2016,640,PE,0,0,0,96.5,99.55,0,0,0,0,17-AUG-2016,
OPTSTK,JETAIRWAYS,29-Sep-2016,660,PE,0,0,0,111.65,117,0,0,0,0,17-AUG-2016,
OPTSTK,JETAIRWAYS,29-Sep-2016,680,PE,0,0,0,127.5,135.2,0,0,0,0,17-AUG-2016,
OPTSTK,JETAIRWAYS,29-Sep-2016,700,PE,0,0,0,144.1,153.85,0,0,0,0,17-AUG-2016,
OPTSTK,JETAIRWAYS,29-Sep-2016,720,PE,0,0,0,161.2,172.85,0,0,0,0,17-AUG-2016,
OPTSTK,JETAIRWAYS,29-Sep-2016,740,PE,0,0,0,178.85,192.15,0,0,0,0,17-AUG-2016,
OPTSTK,JETAIRWAYS,29-Sep-2016,760,PE,0,0,0,196.85,211.65,0,0,0,0,17-AUG-2016,
OPTSTK,JETAIRWAYS,29-Sep-2016,780,PE,0,0,0,215.2,231.25,0,0,0,0,17-AUG-2016,
OPTSTK,JETAIRWAYS,27-Oct-2016,380,CE,0,0,0,215.4,169.1,0,0,0,0,17-AUG-2016,
OPTSTK,JETAIRWAYS,27-Oct-2016,400,CE,0,0,0,196,150.4,0,0,0,0,17-AUG-2016,
OPTSTK,JETAIRWAYS,27-Oct-2016,420,CE,0,0,0,176.8,132.35,0,0,0,0,17-AUG-2016,
OPTSTK,JETAIRWAYS,27-Oct-2016,440,CE,0,0,0,158,115.2,0,0,0,0,17-AUG-2016,
OPTSTK,JETAIRWAYS,27-Oct-2016,460,CE,0,0,0,139.7,99.1,0,0,0,0,17-AUG-2016,
OPTSTK,JETAIRWAYS,27-Oct-2016,480,CE,0,0,0,122.15,84.25,0,0,0,0,17-AUG-2016,
OPTSTK,JETAIRWAYS,27-Oct-2016,500,CE,0,0,0,105.6,70.7,0,0,0,0,17-AUG-2016,
OPTSTK,JETAIRWAYS,27-Oct-2016,520,CE,0,0,0,90.15,58.65,0,0,0,0,17-AUG-2016,
OPTSTK,JETAIRWAYS,27-Oct-2016,540,CE,0,0,0,75.95,48.1,0,0,0,0,17-AUG-2016,
OPTSTK,JETAIRWAYS,27-Oct-2016,560,CE,0,0,0,63.25,39,0,0,0,0,17-AUG-2016,
OPTSTK,JETAIRWAYS,27-Oct-2016,580,CE,0,0,0,52,31.3,0,0,0,0,17-AUG-2016,
OPTSTK,JETAIRWAYS,27-Oct-2016,600,CE,0,0,0,42.25,24.85,0,0,0,0,17-AUG-2016,
OPTSTK,JETAIRWAYS,27-Oct-2016,620,CE,0,0,0,33.9,19.55,0,0,0,0,17-AUG-2016,
OPTSTK,JETAIRWAYS,27-Oct-2016,640,CE,0,0,0,26.9,15.25,0,0,0,0,17-AUG-2016,
OPTSTK,JETAIRWAYS,27-Oct-2016,660,CE,0,0,0,21.1,11.75,0,0,0,0,17-AUG-2016,
OPTSTK,JETAIRWAYS,27-Oct-2016,680,CE,0,0,0,16.4,9,0,0,0,0,17-AUG-2016,
OPTSTK,JETAIRWAYS,27-Oct-2016,700,CE,0,0,0,12.6,6.85,0,0,0,0,17-AUG-2016,
OPTSTK,JETAIRWAYS,27-Oct-2016,720,CE,0,0,0,9.6,5.2,0,0,0,0,17-AUG-2016,
OPTSTK,JETAIRWAYS,27-Oct-2016,740,CE,0,0,0,7.25,3.9,0,0,0,0,17-AUG-2016,
OPTSTK,JETAIRWAYS,27-Oct-2016,760,CE,0,0,0,5.4,2.9,0,0,0,0,17-AUG-2016,
OPTSTK,JETAIRWAYS,27-Oct-2016,780,CE,0,0,0,4,2.15,0,0,0,0,17-AUG-2016,
OPTSTK,JETAIRWAYS,27-Oct-2016,380,PE,0,0,0,0.2,1.15,0,0,0,0,17-AUG-2016,
OPTSTK,JETAIRWAYS,27-Oct-2016,400,PE,0,0,0,0.45,2.2,0,0,0,0,17-AUG-2016,
OPTSTK,JETAIRWAYS,27-Oct-2016,420,PE,0,0,0,0.9,3.9,0,0,0,0,17-AUG-2016,
OPTSTK,JETAIRWAYS,27-Oct-2016,440,PE,0,0,0,1.7,6.5,0,0,0,0,17-AUG-2016,
OPTSTK,JETAIRWAYS,27-Oct-2016,460,PE,0,0,0,3.1,10.1,0,0,0,0,17-AUG-2016,
OPTSTK,JETAIRWAYS,27-Oct-2016,480,PE,0,0,0,5.2,15,0,0,0,0,17-AUG-2016,
OPTSTK,JETAIRWAYS,27-Oct-2016,500,PE,0,0,0,8.3,21.2,0,0,0,0,17-AUG-2016,
OPTSTK,JETAIRWAYS,27-Oct-2016,520,PE,0,0,0,12.5,28.9,0,0,0,0,17-AUG-2016,
OPTSTK,JETAIRWAYS,27-Oct-2016,540,PE,0,0,0,18,38.05,0,0,0,0,17-AUG-2016,
OPTSTK,JETAIRWAYS,27-Oct-2016,560,PE,0,0,0,24.95,48.7,0,0,0,0,17-AUG-2016,
OPTSTK,JETAIRWAYS,27-Oct-2016,580,PE,0,0,0,33.35,60.7,0,0,0,0,17-AUG-2016,
OPTSTK,JETAIRWAYS,27-Oct-2016,600,PE,0,0,0,43.25,74,0,0,0,0,17-AUG-2016,
OPTSTK,JETAIRWAYS,27-Oct-2016,620,PE,0,0,0,54.55,88.45,0,0,0,0,17-AUG-2016,
OPTSTK,JETAIRWAYS,27-Oct-2016,640,PE,0,0,0,67.2,103.9,0,0,0,0,17-AUG-2016,
OPTSTK,JETAIRWAYS,27-Oct-2016,660,PE,0,0,0,81.05,120.1,0,0,0,0,17-AUG-2016,
OPTSTK,JETAIRWAYS,27-Oct-2016,680,PE,0,0,0,96.05,137.1,0,0,0,0,17-AUG-2016,
OPTSTK,JETAIRWAYS,27-Oct-2016,700,PE,0,0,0,111.85,154.7,0,0,0,0,17-AUG-2016,
OPTSTK,JETAIRWAYS,27-Oct-2016,720,PE,0,0,0,128.55,172.75,0,0,0,0,17-AUG-2016,
OPTSTK,JETAIRWAYS,27-Oct-2016,740,PE,0,0,0,145.85,191.15,0,0,0,0,17-AUG-2016,
OPTSTK,JETAIRWAYS,27-Oct-2016,760,PE,0,0,0,163.65,209.9,0,0,0,0,17-AUG-2016,
OPTSTK,JETAIRWAYS,27-Oct-2016,780,PE,0,0,0,181.95,228.9,0,0,0,0,17-AUG-2016,
OPTSTK,JINDALSTEL,25-Aug-2016,30,CE,0,0,0,31.25,52.15,0,0,0,0,17-AUG-2016,
OPTSTK,JINDALSTEL,25-Aug-2016,35,CE,0,0,0,26.4,47.15,0,0,0,0,17-AUG-2016,
OPTSTK,JINDALSTEL,25-Aug-2016,40,CE,0,0,0,21.7,42.2,0,0,0,0,17-AUG-2016,
OPTSTK,JINDALSTEL,25-Aug-2016,42.5,CE,0,0,0,25.85,39.7,0,0,0,0,17-AUG-2016,
OPTSTK,JINDALSTEL,25-Aug-2016,45,CE,0,0,0,17.3,37.2,0,0,0,0,17-AUG-2016,
OPTSTK,JINDALSTEL,25-Aug-2016,47.5,CE,0,0,0,21,34.7,0,0,0,0,17-AUG-2016,
OPTSTK,JINDALSTEL,25-Aug-2016,50,CE,0,0,0,13.35,32.2,0,0,0,0,17-AUG-2016,
OPTSTK,JINDALSTEL,25-Aug-2016,52.5,CE,0,0,0,16.3,29.7,0,0,0,0,17-AUG-2016,
OPTSTK,JINDALSTEL,25-Aug-2016,55,CE,0,0,0,10,27.2,0,0,0,0,17-AUG-2016,
OPTSTK,JINDALSTEL,25-Aug-2016,57.5,CE,0,0,0,12.05,24.7,0,0,0,0,17-AUG-2016,
OPTSTK,JINDALSTEL,25-Aug-2016,60,CE,0,0,0,7.3,22.2,0,0,0,0,17-AUG-2016,
OPTSTK,JINDALSTEL,25-Aug-2016,62.5,CE,0,0,0,8.4,19.7,0,0,0,0,17-AUG-2016,
OPTSTK,JINDALSTEL,25-Aug-2016,65,CE,0,0,0,5.15,17.25,0,0,0,0,17-AUG-2016,
OPTSTK,JINDALSTEL,25-Aug-2016,67.5,CE,0,0,0,5.5,14.8,0,0,0,0,17-AUG-2016,
OPTSTK,JINDALSTEL,25-Aug-2016,70,CE,0,0,0,20,12.45,0,0,9000,0,17-AUG-2016,
OPTSTK,JINDALSTEL,25-Aug-2016,72.5,CE,0,0,0,13.75,10.2,0,0,9000,0,17-AUG-2016,
OPTSTK,JINDALSTEL,25-Aug-2016,75,CE,0,0,0,10.1,8.1,0,0,81000,0,17-AUG-2016,
OPTSTK,JINDALSTEL,25-Aug-2016,77.5,CE,0,0,0,8.75,6.25,0,0,9000,0,17-AUG-2016,
OPTSTK,JINDALSTEL,25-Aug-2016,80,CE,5,5,4.5,4.7,4.7,11,83.97,531000,-63000,17-AUG-2016,
OPTSTK,JINDALSTEL,25-Aug-2016,82.5,CE,0,0,0,4.25,3.35,0,0,54000,0,17-AUG-2016,
OPTSTK,JINDALSTEL,25-Aug-2016,85,CE,2.45,2.7,1.8,1.95,1.95,22,173,918000,-18000,17-AUG-2016,
OPTSTK,JINDALSTEL,25-Aug-2016,87.5,CE,0,0,0,3.2,1.55,0,0,333000,0,17-AUG-2016,
OPTSTK,JINDALSTEL,25-Aug-2016,90,CE,1.45,1.45,1,1.1,1.1,12,98.47,2043000,-9000,17-AUG-2016,
OPTSTK,JINDALSTEL,25-Aug-2016,92.5,CE,0,0,0,1,0.65,0,0,117000,0,17-AUG-2016,
OPTSTK,JINDALSTEL,25-Aug-2016,95,CE,0.65,0.65,0.65,0.65,0.65,3,25.82,1530000,-27000,17-AUG-2016,
OPTSTK,JINDALSTEL,25-Aug-2016,97.5,CE,0,0,0,1.1,0.25,0,0,27000,0,17-AUG-2016,
OPTSTK,JINDALSTEL,25-Aug-2016,100,CE,0,0,0,0.25,0.15,0,0,1647000,0,17-AUG-2016,
OPTSTK,JINDALSTEL,25-Aug-2016,102.5,CE,0,0,0,0.3,0.1,0,0,27000,0,17-AUG-2016,
OPTSTK,JINDALSTEL,25-Aug-2016,105,CE,0.2,0.2,0.2,0.2,0.2,14,132.55,1098000,-126000,17-AUG-2016,
OPTSTK,JINDALSTEL,25-Aug-2016,30,PE,0,0,0,0.05,0,0,0,0,0,17-AUG-2016,
OPTSTK,JINDALSTEL,25-Aug-2016,35,PE,0,0,0,0.1,0,0,0,0,0,17-AUG-2016,
OPTSTK,JINDALSTEL,25-Aug-2016,40,PE,0,0,0,0.3,0,0,0,0,0,17-AUG-2016,
OPTSTK,JINDALSTEL,25-Aug-2016,42.5,PE,0,0,0,0.05,0,0,0,0,0,17-AUG-2016,
OPTSTK,JINDALSTEL,25-Aug-2016,45,PE,0,0,0,0.8,0,0,0,0,0,17-AUG-2016,
OPTSTK,JINDALSTEL,25-Aug-2016,47.5,PE,0,0,0,0.05,0,0,0,684000,0,17-AUG-2016,
OPTSTK,JINDALSTEL,25-Aug-2016,50,PE,0.05,0.05,0.05,0.05,0.05,7,31.53,1494000,-63000,17-AUG-2016,
OPTSTK,JINDALSTEL,25-Aug-2016,52.5,PE,0,0,0,0.05,0,0,0,117000,0,17-AUG-2016,
OPTSTK,JINDALSTEL,25-Aug-2016,55,PE,0,0,0,0.1,0,0,0,297000,0,17-AUG-2016,
OPTSTK,JINDALSTEL,25-Aug-2016,57.5,PE,0,0,0,0.1,0,0,0,171000,0,17-AUG-2016,
OPTSTK,JINDALSTEL,25-Aug-2016,60,PE,0.1,0.1,0.1,0.1,0.1,6,32.45,945000,0,17-AUG-2016,
OPTSTK,JINDALSTEL,25-Aug-2016,62.5,PE,0,0,0,0.15,0.05,0,0,45000,0,17-AUG-2016,
OPTSTK,JINDALSTEL,25-Aug-2016,65,PE,0.1,0.15,0.1,0.15,0.15,30,175.86,648000,-270000,17-AUG-2016,
OPTSTK,JINDALSTEL,25-Aug-2016,67.5,PE,0.05,0.05,0.05,0.05,0.05,3,18.23,171000,-27000,17-AUG-2016,
OPTSTK,JINDALSTEL,25-Aug-2016,70,PE,0.25,0.25,0.25,0.25,0.25,1,6.32,774000,-9000,17-AUG-2016,
OPTSTK,JINDALSTEL,25-Aug-2016,72.5,PE,0.3,0.3,0.25,0.25,0.25,7,45.84,297000,-63000,17-AUG-2016,
OPTSTK,JINDALSTEL,25-Aug-2016,75,PE,0.75,0.75,0.75,0.75,0.75,2,13.63,1332000,-9000,17-AUG-2016,
OPTSTK,JINDALSTEL,25-Aug-2016,77.5,PE,0.4,0.4,0.4,0.4,0.4,2,14.02,288000,0,17-AUG-2016,
OPTSTK,JINDALSTEL,25-Aug-2016,80,PE,0,0,0,3.5,2.45,0,0,612000,0,17-AUG-2016,
OPTSTK,JINDALSTEL,25-Aug-2016,82.5,PE,0,0,0,6.5,3.65,0,0,144000,0,17-AUG-2016,
OPTSTK,JINDALSTEL,25-Aug-2016,85,PE,5.3,5.3,4.5,4.5,4.5,2,16.18,873000,-18000,17-AUG-2016,
OPTSTK,JINDALSTEL,25-Aug-2016,87.5,PE,0,0,0,6.9,6.85,0,0,81000,0,17-AUG-2016,
OPTSTK,JINDALSTEL,25-Aug-2016,90,PE,9.15,9.15,9.15,9.15,9.15,1,8.92,243000,-9000,17-AUG-2016,
OPTSTK,JINDALSTEL,25-Aug-2016,92.5,PE,0,0,0,7.25,10.9,0,0,18000,0,17-AUG-2016,
OPTSTK,JINDALSTEL,25-Aug-2016,95,PE,0,0,0,9.15,13.15,0,0,54000,0,17-AUG-2016,
OPTSTK,JINDALSTEL,25-Aug-2016,97.5,PE,0,0,0,28.75,15.5,0,0,0,0,17-AUG-2016,
OPTSTK,JINDALSTEL,25-Aug-2016,100,PE,0,0,0,16.25,17.9,0,0,0,0,17-AUG-2016,
OPTSTK,JINDALSTEL,25-Aug-2016,102.5,PE,0,0,0,29.5,20.35,0,0,0,0,17-AUG-2016,
OPTSTK,JINDALSTEL,25-Aug-2016,105,PE,0,0,0,42.65,22.8,0,0,0,0,17-AUG-2016,
OPTSTK,JINDALSTEL,29-Sep-2016,37.5,CE,0,0,0,31.05,44.95,0,0,0,0,17-AUG-2016,
OPTSTK,JINDALSTEL,29-Sep-2016,40,CE,0,0,0,28.6,42.45,0,0,0,0,17-AUG-2016,
OPTSTK,JINDALSTEL,29-Sep-2016,42.5,CE,0,0,0,26.2,40,0,0,0,0,17-AUG-2016,
OPTSTK,JINDALSTEL,29-Sep-2016,45,CE,0,0,0,23.85,37.5,0,0,0,0,17-AUG-2016,
OPTSTK,JINDALSTEL,29-Sep-2016,47.5,CE,0,0,0,21.5,35.05,0,0,0,0,17-AUG-2016,
OPTSTK,JINDALSTEL,29-Sep-2016,50,CE,0,0,0,19.3,32.65,0,0,0,0,17-AUG-2016,
OPTSTK,JINDALSTEL,29-Sep-2016,52.5,CE,0,0,0,17.15,30.25,0,0,0,0,17-AUG-2016,
OPTSTK,JINDALSTEL,29-Sep-2016,55,CE,0,0,0,15.1,27.9,0,0,0,0,17-AUG-2016,
OPTSTK,JINDALSTEL,29-Sep-2016,57.5,CE,0,0,0,13.2,25.6,0,0,0,0,17-AUG-2016,
OPTSTK,JINDALSTEL,29-Sep-2016,60,CE,0,0,0,11.45,23.35,0,0,0,0,17-AUG-2016,
OPTSTK,JINDALSTEL,29-Sep-2016,62.5,CE,0,0,0,9.8,21.2,0,0,0,0,17-AUG-2016,
OPTSTK,JINDALSTEL,29-Sep-2016,65,CE,0,0,0,8.4,19.2,0,0,0,0,17-AUG-2016,
OPTSTK,JINDALSTEL,29-Sep-2016,67.5,CE,0,0,0,7.1,17.25,0,0,0,0,17-AUG-2016,
OPTSTK,JINDALSTEL,29-Sep-2016,70,CE,0,0,0,5.95,15.4,0,0,0,0,17-AUG-2016,
OPTSTK,JINDALSTEL,29-Sep-2016,72.5,CE,0,0,0,4.95,13.7,0,0,0,0,17-AUG-2016,
OPTSTK,JINDALSTEL,29-Sep-2016,75,CE,0,0,0,4.1,12.1,0,0,0,0,17-AUG-2016,
OPTSTK,JINDALSTEL,29-Sep-2016,77.5,CE,0,0,0,3.4,10.7,0,0,0,0,17-AUG-2016,
OPTSTK,JINDALSTEL,29-Sep-2016,80,CE,0,0,0,2.8,9.35,0,0,0,0,17-AUG-2016,
OPTSTK,JINDALSTEL,29-Sep-2016,82.5,CE,0,0,0,2.25,8.15,0,0,0,0,17-AUG-2016,
OPTSTK,JINDALSTEL,29-Sep-2016,85,CE,0,0,0,1.85,7.1,0,0,0,0,17-AUG-2016,
OPTSTK,JINDALSTEL,29-Sep-2016,87.5,CE,0,0,0,1.5,6.15,0,0,0,0,17-AUG-2016,
OPTSTK,JINDALSTEL,29-Sep-2016,90,CE,0,0,0,7.65,5.3,0,0,18000,0,17-AUG-2016,
OPTSTK,JINDALSTEL,29-Sep-2016,92.5,CE,0,0,0,0.95,4.55,0,0,0,0,17-AUG-2016,
OPTSTK,JINDALSTEL,29-Sep-2016,95,CE,0,0,0,0.75,3.9,0,0,0,0,17-AUG-2016,
OPTSTK,JINDALSTEL,29-Sep-2016,97.5,CE,0,0,0,0.6,3.3,0,0,0,0,17-AUG-2016,
OPTSTK,JINDALSTEL,29-Sep-2016,100,CE,0,0,0,0.8,2.8,0,0,0,0,17-AUG-2016,
OPTSTK,JINDALSTEL,29-Sep-2016,102.5,CE,0,0,0,0.75,2.4,0,0,0,0,17-AUG-2016,
OPTSTK,JINDALSTEL,29-Sep-2016,105,CE,0,0,0,1,2,0,0,36000,0,17-AUG-2016,
OPTSTK,JINDALSTEL,29-Sep-2016,37.5,PE,0,0,0,0.05,0,0,0,0,0,17-AUG-2016,
OPTSTK,JINDALSTEL,29-Sep-2016,40,PE,0,0,0,0.05,0.05,0,0,45000,0,17-AUG-2016,
OPTSTK,JINDALSTEL,29-Sep-2016,42.5,PE,0,0,0,0.05,0.05,0,0,45000,0,17-AUG-2016,
OPTSTK,JINDALSTEL,29-Sep-2016,45,PE,0,0,0,0.2,0.05,0,0,0,0,17-AUG-2016,
OPTSTK,JINDALSTEL,29-Sep-2016,47.5,PE,0,0,0,0.35,0.1,0,0,0,0,17-AUG-2016,
OPTSTK,JINDALSTEL,29-Sep-2016,50,PE,0,0,0,0.55,0.15,0,0,0,0,17-AUG-2016,
OPTSTK,JINDALSTEL,29-Sep-2016,52.5,PE,0,0,0,0.85,0.2,0,0,0,0,17-AUG-2016,
OPTSTK,JINDALSTEL,29-Sep-2016,55,PE,0,0,0,1.25,0.35,0,0,0,0,17-AUG-2016,
OPTSTK,JINDALSTEL,29-Sep-2016,57.5,PE,0,0,0,1.8,0.55,0,0,0,0,17-AUG-2016,
OPTSTK,JINDALSTEL,29-Sep-2016,60,PE,0,0,0,2.5,0.8,0,0,0,0,17-AUG-2016,
OPTSTK,JINDALSTEL,29-Sep-2016,62.5,PE,0,0,0,3.35,1.1,0,0,0,0,17-AUG-2016,
OPTSTK,JINDALSTEL,29-Sep-2016,65,PE,0,0,0,4.4,1.55,0,0,0,0,17-AUG-2016,
OPTSTK,JINDALSTEL,29-Sep-2016,67.5,PE,0,0,0,5.55,2.1,0,0,0,0,17-AUG-2016,
OPTSTK,JINDALSTEL,29-Sep-2016,70,PE,0,0,0,6.85,2.75,0,0,0,0,17-AUG-2016,
OPTSTK,JINDALSTEL,29-Sep-2016,72.5,PE,0,0,0,8.35,3.5,0,0,0,0,17-AUG-2016,
OPTSTK,JINDALSTEL,29-Sep-2016,75,PE,0,0,0,9.95,4.4,0,0,0,0,17-AUG-2016,
OPTSTK,JINDALSTEL,29-Sep-2016,77.5,PE,0,0,0,11.7,5.45,0,0,0,0,17-AUG-2016,
OPTSTK,JINDALSTEL,29-Sep-2016,80,PE,0,0,0,13.5,6.6,0,0,0,0,17-AUG-2016,
OPTSTK,JINDALSTEL,29-Sep-2016,82.5,PE,0,0,0,15.45,7.9,0,0,0,0,17-AUG-2016,
OPTSTK,JINDALSTEL,29-Sep-2016,85,PE,0,0,0,17.5,9.3,0,0,0,0,17-AUG-2016,
OPTSTK,JINDALSTEL,29-Sep-2016,87.5,PE,0,0,0,19.6,10.85,0,0,0,0,17-AUG-2016,
OPTSTK,JINDALSTEL,29-Sep-2016,90,PE,0,0,0,21.75,12.45,0,0,0,0,17-AUG-2016,
OPTSTK,JINDALSTEL,29-Sep-2016,92.5,PE,0,0,0,24,14.2,0,0,0,0,17-AUG-2016,
OPTSTK,JINDALSTEL,29-Sep-2016,95,PE,0,0,0,26.25,16,0,0,0,0,17-AUG-2016,
OPTSTK,JINDALSTEL,29-Sep-2016,97.5,PE,0,0,0,28.55,17.95,0,0,0,0,17-AUG-2016,
OPTSTK,JINDALSTEL,29-Sep-2016,100,PE,0,0,0,28.45,19.9,0,0,0,0,17-AUG-2016,
OPTSTK,JINDALSTEL,29-Sep-2016,102.5,PE,0,0,0,29.35,21.95,0,0,0,0,17-AUG-2016,
OPTSTK,JINDALSTEL,29-Sep-2016,105,PE,0,0,0,30.25,24.05,0,0,0,0,17-AUG-2016,
OPTSTK,JINDALSTEL,27-Oct-2016,55,CE,0,0,0,33.4,28.8,0,0,0,0,17-AUG-2016,
OPTSTK,JINDALSTEL,27-Oct-2016,57.5,CE,0,0,0,31.5,26.65,0,0,0,0,17-AUG-2016,
OPTSTK,JINDALSTEL,27-Oct-2016,60,CE,0,0,0,29.65,24.6,0,0,0,0,17-AUG-2016,
OPTSTK,JINDALSTEL,27-Oct-2016,62.5,CE,0,0,0,27.95,22.65,0,0,0,0,17-AUG-2016,
OPTSTK,JINDALSTEL,27-Oct-2016,65,CE,0,0,0,26.25,20.8,0,0,0,0,17-AUG-2016,
OPTSTK,JINDALSTEL,27-Oct-2016,67.5,CE,0,0,0,24.65,19.05,0,0,0,0,17-AUG-2016,
OPTSTK,JINDALSTEL,27-Oct-2016,70,CE,0,0,0,23.15,17.4,0,0,0,0,17-AUG-2016,
OPTSTK,JINDALSTEL,27-Oct-2016,72.5,CE,0,0,0,21.7,15.85,0,0,0,0,17-AUG-2016,
OPTSTK,JINDALSTEL,27-Oct-2016,75,CE,0,0,0,20.35,14.35,0,0,0,0,17-AUG-2016,
OPTSTK,JINDALSTEL,27-Oct-2016,77.5,CE,0,0,0,19.05,13,0,0,0,0,17-AUG-2016,
OPTSTK,JINDALSTEL,27-Oct-2016,80,CE,0,0,0,17.85,11.75,0,0,0,0,17-AUG-2016,
OPTSTK,JINDALSTEL,27-Oct-2016,82.5,CE,0,0,0,16.7,10.6,0,0,0,0,17-AUG-2016,
OPTSTK,JINDALSTEL,27-Oct-2016,85,CE,0,0,0,15.6,9.55,0,0,0,0,17-AUG-2016,
OPTSTK,JINDALSTEL,27-Oct-2016,87.5,CE,0,0,0,14.6,8.6,0,0,0,0,17-AUG-2016,
OPTSTK,JINDALSTEL,27-Oct-2016,90,CE,0,0,0,13.6,7.7,0,0,0,0,17-AUG-2016,
OPTSTK,JINDALSTEL,27-Oct-2016,92.5,CE,0,0,0,12.7,6.9,0,0,0,0,17-AUG-2016,
OPTSTK,JINDALSTEL,27-Oct-2016,95,CE,0,0,0,11.85,6.15,0,0,0,0,17-AUG-2016,
OPTSTK,JINDALSTEL,27-Oct-2016,97.5,CE,0,0,0,11.1,5.5,0,0,0,0,17-AUG-2016,
OPTSTK,JINDALSTEL,27-Oct-2016,100,CE,0,0,0,10.35,4.9,0,0,0,0,17-AUG-2016,
OPTSTK,JINDALSTEL,27-Oct-2016,102.5,CE,0,0,0,9.65,4.4,0,0,0,0,17-AUG-2016,
OPTSTK,JINDALSTEL,27-Oct-2016,105,CE,0,0,0,9,3.9,0,0,0,0,17-AUG-2016,
OPTSTK,JINDALSTEL,27-Oct-2016,55,PE,0,0,0,2.4,0.95,0,0,0,0,17-AUG-2016,
OPTSTK,JINDALSTEL,27-Oct-2016,57.5,PE,0,0,0,2.95,1.3,0,0,0,0,17-AUG-2016,
OPTSTK,JINDALSTEL,27-Oct-2016,60,PE,0,0,0,3.6,1.7,0,0,0,0,17-AUG-2016,
OPTSTK,JINDALSTEL,27-Oct-2016,62.5,PE,0,0,0,4.3,2.25,0,0,0,0,17-AUG-2016,
OPTSTK,JINDALSTEL,27-Oct-2016,65,PE,0,0,0,5.1,2.85,0,0,0,0,17-AUG-2016,
OPTSTK,JINDALSTEL,27-Oct-2016,67.5,PE,0,0,0,5.95,3.55,0,0,0,0,17-AUG-2016,
OPTSTK,JINDALSTEL,27-Oct-2016,70,PE,0,0,0,6.9,4.35,0,0,0,0,17-AUG-2016,
OPTSTK,JINDALSTEL,27-Oct-2016,72.5,PE,0,0,0,7.9,5.25,0,0,0,0,17-AUG-2016,
OPTSTK,JINDALSTEL,27-Oct-2016,75,PE,0,0,0,9,6.25,0,0,0,0,17-AUG-2016,
OPTSTK,JINDALSTEL,27-Oct-2016,77.5,PE,0,0,0,10.15,7.4,0,0,0,0,17-AUG-2016,
OPTSTK,JINDALSTEL,27-Oct-2016,80,PE,0,0,0,11.4,8.6,0,0,0,0,17-AUG-2016,
OPTSTK,JINDALSTEL,27-Oct-2016,82.5,PE,0,0,0,12.7,9.9,0,0,0,0,17-AUG-2016,
OPTSTK,JINDALSTEL,27-Oct-2016,85,PE,0,0,0,14.1,11.35,0,0,0,0,17-AUG-2016,
OPTSTK,JINDALSTEL,27-Oct-2016,87.5,PE,0,0,0,15.5,12.8,0,0,0,0,17-AUG-2016,
OPTSTK,JINDALSTEL,27-Oct-2016,90,PE,0,0,0,17,14.4,0,0,0,0,17-AUG-2016,
OPTSTK,JINDALSTEL,27-Oct-2016,92.5,PE,0,0,0,18.6,16.05,0,0,0,0,17-AUG-2016,
OPTSTK,JINDALSTEL,27-Oct-2016,95,PE,0,0,0,20.2,17.8,0,0,0,0,17-AUG-2016,
OPTSTK,JINDALSTEL,27-Oct-2016,97.5,PE,0,0,0,21.85,19.6,0,0,0,0,17-AUG-2016,
OPTSTK,JINDALSTEL,27-Oct-2016,100,PE,0,0,0,23.55,21.5,0,0,0,0,17-AUG-2016,
OPTSTK,JINDALSTEL,27-Oct-2016,102.5,PE,0,0,0,25.35,23.4,0,0,0,0,17-AUG-2016,
OPTSTK,JINDALSTEL,27-Oct-2016,105,PE,0,0,0,27.15,25.4,0,0,0,0,17-AUG-2016,
OPTSTK,JISLJALEQS,25-Aug-2016,42.5,CE,0,0,0,24.6,38.9,0,0,0,0,17-AUG-2016,
OPTSTK,JISLJALEQS,25-Aug-2016,45,CE,0,0,0,22.15,36.4,0,0,0,0,17-AUG-2016,
OPTSTK,JISLJALEQS,25-Aug-2016,47.5,CE,0,0,0,19.75,33.9,0,0,0,0,17-AUG-2016,
OPTSTK,JISLJALEQS,25-Aug-2016,50,CE,0,0,0,17.45,31.4,0,0,0,0,17-AUG-2016,
OPTSTK,JISLJALEQS,25-Aug-2016,52.5,CE,0,0,0,15.15,28.9,0,0,0,0,17-AUG-2016,
OPTSTK,JISLJALEQS,25-Aug-2016,55,CE,0,0,0,13,26.4,0,0,0,0,17-AUG-2016,
OPTSTK,JISLJALEQS,25-Aug-2016,57.5,CE,0,0,0,11,23.9,0,0,0,0,17-AUG-2016,
OPTSTK,JISLJALEQS,25-Aug-2016,60,CE,0,0,0,9.15,21.4,0,0,0,0,17-AUG-2016,
OPTSTK,JISLJALEQS,25-Aug-2016,62.5,CE,0,0,0,7.5,18.9,0,0,0,0,17-AUG-2016,
OPTSTK,JISLJALEQS,25-Aug-2016,65,CE,0,0,0,9.95,16.4,0,0,27000,0,17-AUG-2016,
OPTSTK,JISLJALEQS,25-Aug-2016,67.5,CE,0,0,0,5.3,13.95,0,0,9000,0,17-AUG-2016,
OPTSTK,JISLJALEQS,25-Aug-2016,70,CE,12,12,12,12,12,1,7.38,171000,-9000,17-AUG-2016,
OPTSTK,JISLJALEQS,25-Aug-2016,72.5,CE,7.4,7.4,7.4,7.4,7.4,1,7.19,189000,0,17-AUG-2016,
OPTSTK,JISLJALEQS,25-Aug-2016,75,CE,4.6,6.85,4,6.6,6.6,71,515.48,729000,-306000,17-AUG-2016,
OPTSTK,JISLJALEQS,25-Aug-2016,77.5,CE,2.55,4.7,2.15,4.7,4.7,20,146.15,171000,-81000,17-AUG-2016,
OPTSTK,JISLJALEQS,25-Aug-2016,80,CE,1.45,2.8,1.2,2.5,2.5,196,1449.24,1944000,-216000,17-AUG-2016,
OPTSTK,JISLJALEQS,25-Aug-2016,82.5,CE,1.05,1.55,1.05,1.55,1.55,16,120.78,234000,-54000,17-AUG-2016,
OPTSTK,JISLJALEQS,25-Aug-2016,85,CE,0.3,1.05,0.2,0.95,0.95,75,579.07,792000,-252000,17-AUG-2016,
OPTSTK,JISLJALEQS,25-Aug-2016,87.5,CE,0,0,0,0.15,0.5,0,0,81000,0,17-AUG-2016,
OPTSTK,JISLJALEQS,25-Aug-2016,90,CE,0.35,0.35,0.2,0.3,0.3,36,292.53,369000,-225000,17-AUG-2016,
OPTSTK,JISLJALEQS,25-Aug-2016,92.5,CE,0,0,0,0.25,0.1,0,0,0,0,17-AUG-2016,
OPTSTK,JISLJALEQS,25-Aug-2016,42.5,PE,0,0,0,0.05,0,0,0,0,0,17-AUG-2016,
OPTSTK,JISLJALEQS,25-Aug-2016,45,PE,0,0,0,0.05,0,0,0,0,0,17-AUG-2016,
OPTSTK,JISLJALEQS,25-Aug-2016,47.5,PE,0,0,0,0.1,0,0,0,0,0,17-AUG-2016,
OPTSTK,JISLJALEQS,25-Aug-2016,50,PE,0.05,0.05,0.05,0.05,0.05,9,40.54,18000,-81000,17-AUG-2016,
OPTSTK,JISLJALEQS,25-Aug-2016,52.5,PE,0.05,0.05,0.05,0.05,0.05,12,56.75,0,-108000,17-AUG-2016,
OPTSTK,JISLJALEQS,25-Aug-2016,55,PE,0,0,0,0.75,0,0,0,0,0,17-AUG-2016,
OPTSTK,JISLJALEQS,25-Aug-2016,57.5,PE,0.05,0.05,0.05,0.05,0.05,24,124.3,0,-216000,17-AUG-2016,
OPTSTK,JISLJALEQS,25-Aug-2016,60,PE,0.05,0.05,0.05,0.05,0.05,9,48.64,279000,-45000,17-AUG-2016,
OPTSTK,JISLJALEQS,25-Aug-2016,62.5,PE,0,0,0,0.2,0,0,0,63000,0,17-AUG-2016,
OPTSTK,JISLJALEQS,25-Aug-2016,65,PE,0.05,0.1,0.05,0.05,0.05,6,35.14,171000,-54000,17-AUG-2016,
OPTSTK,JISLJALEQS,25-Aug-2016,67.5,PE,0.05,0.05,0.05,0.05,0.05,2,12.15,126000,-18000,17-AUG-2016,
OPTSTK,JISLJALEQS,25-Aug-2016,70,PE,0.1,0.1,0.05,0.1,0.1,7,44.14,342000,-63000,17-AUG-2016,
OPTSTK,JISLJALEQS,25-Aug-2016,72.5,PE,0.3,0.3,0.1,0.1,0.1,9,58.85,153000,-45000,17-AUG-2016,
OPTSTK,JISLJALEQS,25-Aug-2016,75,PE,0.6,0.6,0.25,0.3,0.3,33,223.81,252000,-117000,17-AUG-2016,
OPTSTK,JISLJALEQS,25-Aug-2016,77.5,PE,0.5,0.5,0.5,0.5,0.5,1,7.02,54000,0,17-AUG-2016,
OPTSTK,JISLJALEQS,25-Aug-2016,80,PE,1.2,1.4,0.8,1.1,1.1,4,29.2,81000,18000,17-AUG-2016,
OPTSTK,JISLJALEQS,25-Aug-2016,82.5,PE,0,0,0,8.6,2.9,0,0,27000,0,17-AUG-2016,
OPTSTK,JISLJALEQS,25-Aug-2016,85,PE,5.5,5.5,5.5,5.5,5.5,1,8.14,27000,0,17-AUG-2016,
OPTSTK,JISLJALEQS,25-Aug-2016,87.5,PE,0,0,0,20.15,6.55,0,0,0,0,17-AUG-2016,
OPTSTK,JISLJALEQS,25-Aug-2016,90,PE,0,0,0,22.45,8.8,0,0,0,0,17-AUG-2016,
OPTSTK,JISLJALEQS,25-Aug-2016,92.5,PE,0,0,0,24.8,11.15,0,0,0,0,17-AUG-2016,
OPTSTK,JISLJALEQS,29-Sep-2016,45,CE,0,0,0,30.3,36.7,0,0,0,0,17-AUG-2016,
OPTSTK,JISLJALEQS,29-Sep-2016,47.5,CE,0,0,0,27.9,34.2,0,0,0,0,17-AUG-2016,
OPTSTK,JISLJALEQS,29-Sep-2016,50,CE,0,0,0,25.45,31.75,0,0,0,0,17-AUG-2016,
OPTSTK,JISLJALEQS,29-Sep-2016,52.5,CE,0,0,0,23.05,29.25,0,0,0,0,17-AUG-2016,
OPTSTK,JISLJALEQS,29-Sep-2016,55,CE,0,0,0,20.65,26.8,0,0,0,0,17-AUG-2016,
OPTSTK,JISLJALEQS,29-Sep-2016,57.5,CE,0,0,0,18.35,24.35,0,0,0,0,17-AUG-2016,
OPTSTK,JISLJALEQS,29-Sep-2016,60,CE,0,0,0,16.15,21.95,0,0,0,0,17-AUG-2016,
OPTSTK,JISLJALEQS,29-Sep-2016,62.5,CE,0,0,0,14,19.55,0,0,0,0,17-AUG-2016,
OPTSTK,JISLJALEQS,29-Sep-2016,65,CE,0,0,0,12,17.25,0,0,0,0,17-AUG-2016,
OPTSTK,JISLJALEQS,29-Sep-2016,67.5,CE,0,0,0,10.2,15.05,0,0,0,0,17-AUG-2016,
OPTSTK,JISLJALEQS,29-Sep-2016,70,CE,0,0,0,8.55,13,0,0,0,0,17-AUG-2016,
OPTSTK,JISLJALEQS,29-Sep-2016,72.5,CE,0,0,0,7.05,11.05,0,0,0,0,17-AUG-2016,
OPTSTK,JISLJALEQS,29-Sep-2016,75,CE,0,0,0,5.1,9.3,0,0,18000,0,17-AUG-2016,
OPTSTK,JISLJALEQS,29-Sep-2016,77.5,CE,0,0,0,4.65,7.7,0,0,0,0,17-AUG-2016,
OPTSTK,JISLJALEQS,29-Sep-2016,80,CE,5.1,6.1,5.1,6.1,6.1,2,15.4,18000,0,17-AUG-2016,
OPTSTK,JISLJALEQS,29-Sep-2016,82.5,CE,0,0,0,1.95,5.1,0,0,0,0,17-AUG-2016,
OPTSTK,JISLJALEQS,29-Sep-2016,85,CE,2.6,2.6,2.6,2.6,2.6,1,7.88,18000,9000,17-AUG-2016,
OPTSTK,JISLJALEQS,29-Sep-2016,87.5,CE,0,0,0,1.8,3.2,0,0,0,0,17-AUG-2016,
OPTSTK,JISLJALEQS,29-Sep-2016,90,CE,0,0,0,1.3,2.5,0,0,9000,0,17-AUG-2016,
OPTSTK,JISLJALEQS,29-Sep-2016,92.5,CE,0,0,0,1.05,1.9,0,0,0,0,17-AUG-2016,
OPTSTK,JISLJALEQS,29-Sep-2016,45,PE,0,0,0,0.05,0,0,0,0,0,17-AUG-2016,
OPTSTK,JISLJALEQS,29-Sep-2016,47.5,PE,0,0,0,0.05,0,0,0,0,0,17-AUG-2016,
OPTSTK,JISLJALEQS,29-Sep-2016,50,PE,0,0,0,0.05,0,0,0,0,0,17-AUG-2016,
OPTSTK,JISLJALEQS,29-Sep-2016,52.5,PE,0,0,0,0.1,0.05,0,0,0,0,17-AUG-2016,
OPTSTK,JISLJALEQS,29-Sep-2016,55,PE,0,0,0,0.2,0.05,0,0,0,0,17-AUG-2016,
OPTSTK,JISLJALEQS,29-Sep-2016,57.5,PE,0,0,0,0.35,0.1,0,0,0,0,17-AUG-2016,
OPTSTK,JISLJALEQS,29-Sep-2016,60,PE,0,0,0,0.55,0.15,0,0,0,0,17-AUG-2016,
OPTSTK,JISLJALEQS,29-Sep-2016,62.5,PE,0,0,0,0.9,0.25,0,0,0,0,17-AUG-2016,
OPTSTK,JISLJALEQS,29-Sep-2016,65,PE,0,0,0,1.4,0.45,0,0,0,0,17-AUG-2016,
OPTSTK,JISLJALEQS,29-Sep-2016,67.5,PE,0,0,0,2,0.7,0,0,0,0,17-AUG-2016,
OPTSTK,JISLJALEQS,29-Sep-2016,70,PE,0,0,0,2.8,1.1,0,0,0,0,17-AUG-2016,
OPTSTK,JISLJALEQS,29-Sep-2016,72.5,PE,0,0,0,3.8,1.65,0,0,0,0,17-AUG-2016,
OPTSTK,JISLJALEQS,29-Sep-2016,75,PE,0,0,0,4.95,2.4,0,0,0,0,17-AUG-2016,
OPTSTK,JISLJALEQS,29-Sep-2016,77.5,PE,0,0,0,6.3,3.25,0,0,0,0,17-AUG-2016,
OPTSTK,JISLJALEQS,29-Sep-2016,80,PE,0,0,0,7.8,4.35,0,0,0,0,17-AUG-2016,
OPTSTK,JISLJALEQS,29-Sep-2016,82.5,PE,0,0,0,9.5,5.6,0,0,0,0,17-AUG-2016,
OPTSTK,JISLJALEQS,29-Sep-2016,85,PE,0,0,0,11.3,7.05,0,0,0,0,17-AUG-2016,
OPTSTK,JISLJALEQS,29-Sep-2016,87.5,PE,0,0,0,13.25,8.7,0,0,0,0,17-AUG-2016,
OPTSTK,JISLJALEQS,29-Sep-2016,90,PE,0,0,0,15.25,10.45,0,0,0,0,17-AUG-2016,
OPTSTK,JISLJALEQS,29-Sep-2016,92.5,PE,0,0,0,17.4,12.35,0,0,0,0,17-AUG-2016,
OPTSTK,JISLJALEQS,27-Oct-2016,45,CE,0,0,0,27.65,36.95,0,0,0,0,17-AUG-2016,
OPTSTK,JISLJALEQS,27-Oct-2016,47.5,CE,0,0,0,25.2,34.45,0,0,0,0,17-AUG-2016,
OPTSTK,JISLJALEQS,27-Oct-2016,50,CE,0,0,0,22.8,32.05,0,0,0,0,17-AUG-2016,
OPTSTK,JISLJALEQS,27-Oct-2016,52.5,CE,0,0,0,20.4,29.6,0,0,0,0,17-AUG-2016,
OPTSTK,JISLJALEQS,27-Oct-2016,55,CE,0,0,0,18.05,27.2,0,0,0,0,17-AUG-2016,
OPTSTK,JISLJALEQS,27-Oct-2016,57.5,CE,0,0,0,15.8,24.85,0,0,0,0,17-AUG-2016,
OPTSTK,JISLJALEQS,27-Oct-2016,60,CE,0,0,0,13.65,22.55,0,0,0,0,17-AUG-2016,
OPTSTK,JISLJALEQS,27-Oct-2016,62.5,CE,0,0,0,11.65,20.3,0,0,0,0,17-AUG-2016,
OPTSTK,JISLJALEQS,27-Oct-2016,65,CE,0,0,0,9.8,18.2,0,0,0,0,17-AUG-2016,
OPTSTK,JISLJALEQS,27-Oct-2016,67.5,CE,0,0,0,8.15,16.15,0,0,0,0,17-AUG-2016,
OPTSTK,JISLJALEQS,27-Oct-2016,70,CE,0,0,0,6.65,14.25,0,0,0,0,17-AUG-2016,
OPTSTK,JISLJALEQS,27-Oct-2016,72.5,CE,0,0,0,5.35,12.45,0,0,0,0,17-AUG-2016,
OPTSTK,JISLJALEQS,27-Oct-2016,75,CE,0,0,0,4.25,10.8,0,0,0,0,17-AUG-2016,
OPTSTK,JISLJALEQS,27-Oct-2016,77.5,CE,0,0,0,3.35,9.35,0,0,0,0,17-AUG-2016,
OPTSTK,JISLJALEQS,27-Oct-2016,80,CE,0,0,0,2.6,8,0,0,0,0,17-AUG-2016,
OPTSTK,JISLJALEQS,27-Oct-2016,82.5,CE,0,0,0,2,6.8,0,0,0,0,17-AUG-2016,
OPTSTK,JISLJALEQS,27-Oct-2016,85,CE,0,0,0,1.5,5.75,0,0,0,0,17-AUG-2016,
OPTSTK,JISLJALEQS,27-Oct-2016,87.5,CE,0,0,0,1.15,4.8,0,0,0,0,17-AUG-2016,
OPTSTK,JISLJALEQS,27-Oct-2016,90,CE,0,0,0,0.85,4,0,0,0,0,17-AUG-2016,
OPTSTK,JISLJALEQS,27-Oct-2016,92.5,CE,0,0,0,0.65,3.35,0,0,0,0,17-AUG-2016,
OPTSTK,JISLJALEQS,27-Oct-2016,45,PE,0,0,0,0.05,0.05,0,0,0,0,17-AUG-2016,
OPTSTK,JISLJALEQS,27-Oct-2016,47.5,PE,0,0,0,0.05,0.05,0,0,0,0,17-AUG-2016,
OPTSTK,JISLJALEQS,27-Oct-2016,50,PE,0,0,0,0.1,0.05,0,0,0,0,17-AUG-2016,
OPTSTK,JISLJALEQS,27-Oct-2016,52.5,PE,0,0,0,0.15,0.1,0,0,0,0,17-AUG-2016,
OPTSTK,JISLJALEQS,27-Oct-2016,55,PE,0,0,0,0.25,0.15,0,0,0,0,17-AUG-2016,
OPTSTK,JISLJALEQS,27-Oct-2016,57.5,PE,0,0,0,0.45,0.3,0,0,0,0,17-AUG-2016,
OPTSTK,JISLJALEQS,27-Oct-2016,60,PE,0,0,0,0.8,0.45,0,0,0,0,17-AUG-2016,
OPTSTK,JISLJALEQS,27-Oct-2016,62.5,PE,0,0,0,1.25,0.7,0,0,0,0,17-AUG-2016,
OPTSTK,JISLJALEQS,27-Oct-2016,65,PE,0,0,0,1.85,1,0,0,0,0,17-AUG-2016,
OPTSTK,JISLJALEQS,27-Oct-2016,67.5,PE,0,0,0,2.6,1.45,0,0,0,0,17-AUG-2016,
OPTSTK,JISLJALEQS,27-Oct-2016,70,PE,0,0,0,3.6,2,0,0,0,0,17-AUG-2016,
OPTSTK,JISLJALEQS,27-Oct-2016,72.5,PE,0,0,0,4.75,2.7,0,0,0,0,17-AUG-2016,
OPTSTK,JISLJALEQS,27-Oct-2016,75,PE,0,0,0,6.15,3.5,0,0,0,0,17-AUG-2016,
OPTSTK,JISLJALEQS,27-Oct-2016,77.5,PE,0,0,0,7.7,4.5,0,0,0,0,17-AUG-2016,
OPTSTK,JISLJALEQS,27-Oct-2016,80,PE,0,0,0,9.4,5.65,0,0,0,0,17-AUG-2016,
OPTSTK,JISLJALEQS,27-Oct-2016,82.5,PE,0,0,0,11.25,6.9,0,0,0,0,17-AUG-2016,
OPTSTK,JISLJALEQS,27-Oct-2016,85,PE,0,0,0,13.2,8.3,0,0,0,0,17-AUG-2016,
OPTSTK,JISLJALEQS,27-Oct-2016,87.5,PE,0,0,0,15.3,9.85,0,0,0,0,17-AUG-2016,
OPTSTK,JISLJALEQS,27-Oct-2016,90,PE,0,0,0,17.45,11.5,0,0,0,0,17-AUG-2016,
OPTSTK,JISLJALEQS,27-Oct-2016,92.5,PE,0,0,0,19.7,13.3,0,0,0,0,17-AUG-2016,
OPTSTK,JPASSOCIAT,25-Aug-2016,2.5,CE,0,0,0,3.15,8.05,0,0,0,0,17-AUG-2016,
OPTSTK,JPASSOCIAT,25-Aug-2016,5,CE,0,0,0,1,5.6,0,0,0,0,17-AUG-2016,
OPTSTK,JPASSOCIAT,25-Aug-2016,7.5,CE,0,0,0,0.2,3.1,0,0,0,0,17-AUG-2016,
OPTSTK,JPASSOCIAT,25-Aug-2016,10,CE,1.15,1.25,0.8,0.85,0.85,25,186.52,4216000,68000,17-AUG-2016,
OPTSTK,JPASSOCIAT,25-Aug-2016,12.5,CE,0.1,0.15,0.05,0.1,0.1,126,1079.19,19448000,1904000,17-AUG-2016,
OPTSTK,JPASSOCIAT,25-Aug-2016,15,CE,0.05,0.05,0.05,0.05,0.05,5,51.17,18700000,0,17-AUG-2016,
OPTSTK,JPASSOCIAT,25-Aug-2016,17.5,CE,0,0,0,0.05,0,0,0,8500000,0,17-AUG-2016,
OPTSTK,JPASSOCIAT,25-Aug-2016,20,CE,0,0,0,0.05,0,0,0,2652000,0,17-AUG-2016,
OPTSTK,JPASSOCIAT,25-Aug-2016,22.5,CE,0,0,0,0.05,0,0,0,408000,0,17-AUG-2016,
OPTSTK,JPASSOCIAT,25-Aug-2016,25,CE,0,0,0,0.05,0,0,0,0,0,17-AUG-2016,
OPTSTK,JPASSOCIAT,25-Aug-2016,27.5,CE,0,0,0,0.05,0,0,0,0,0,17-AUG-2016,
OPTSTK,JPASSOCIAT,25-Aug-2016,30,CE,0,0,0,0.05,0,0,0,0,0,17-AUG-2016,
OPTSTK,JPASSOCIAT,25-Aug-2016,2.5,PE,0,0,0,0.05,0,0,0,0,0,17-AUG-2016,
OPTSTK,JPASSOCIAT,25-Aug-2016,5,PE,0,0,0,0.05,0,0,0,68000,0,17-AUG-2016,
OPTSTK,JPASSOCIAT,25-Aug-2016,7.5,PE,0.05,0.05,0.05,0.05,0.05,59,302.9,7480000,680000,17-AUG-2016,
OPTSTK,JPASSOCIAT,25-Aug-2016,10,PE,0.25,0.35,0.15,0.3,0.3,118,823.95,8364000,612000,17-AUG-2016,
OPTSTK,JPASSOCIAT,25-Aug-2016,12.5,PE,1.75,2,1.55,1.95,1.95,28,271.49,4488000,-680000,17-AUG-2016,
OPTSTK,JPASSOCIAT,25-Aug-2016,15,PE,0,0,0,3.75,4.45,0,0,816000,0,17-AUG-2016,
OPTSTK,JPASSOCIAT,25-Aug-2016,17.5,PE,0,0,0,5.4,6.95,0,0,68000,0,17-AUG-2016,
OPTSTK,JPASSOCIAT,25-Aug-2016,20,PE,0,0,0,6.55,9.45,0,0,340000,0,17-AUG-2016,
OPTSTK,JPASSOCIAT,25-Aug-2016,22.5,PE,0,0,0,16.5,11.95,0,0,0,0,17-AUG-2016,
OPTSTK,JPASSOCIAT,25-Aug-2016,25,PE,0,0,0,18.95,14.45,0,0,0,0,17-AUG-2016,
OPTSTK,JPASSOCIAT,25-Aug-2016,27.5,PE,0,0,0,21.45,16.95,0,0,0,0,17-AUG-2016,
OPTSTK,JPASSOCIAT,25-Aug-2016,30,PE,0,0,0,23.9,19.45,0,0,0,0,17-AUG-2016,
OPTSTK,JPASSOCIAT,29-Sep-2016,2.5,CE,0,0,0,6.4,8.1,0,0,0,0,17-AUG-2016,
OPTSTK,JPASSOCIAT,29-Sep-2016,5,CE,0,0,0,4.15,5.6,0,0,0,0,17-AUG-2016,
OPTSTK,JPASSOCIAT,29-Sep-2016,7.5,CE,0,0,0,2.5,3.3,0,0,0,0,17-AUG-2016,
OPTSTK,JPASSOCIAT,29-Sep-2016,10,CE,1.4,1.5,1.4,1.5,1.5,2,15.57,204000,0,17-AUG-2016,
OPTSTK,JPASSOCIAT,29-Sep-2016,12.5,CE,0.5,0.5,0.5,0.5,0.5,4,35.36,884000,204000,17-AUG-2016,
OPTSTK,JPASSOCIAT,29-Sep-2016,15,CE,0.2,0.2,0.15,0.15,0.15,13,134.09,748000,408000,17-AUG-2016,
OPTSTK,JPASSOCIAT,29-Sep-2016,17.5,CE,0,0,0,0.3,0.1,0,0,0,0,17-AUG-2016,
OPTSTK,JPASSOCIAT,29-Sep-2016,20,CE,0,0,0,0.2,0.05,0,0,0,0,17-AUG-2016,
OPTSTK,JPASSOCIAT,29-Sep-2016,22.5,CE,0,0,0,0.1,0.05,0,0,0,0,17-AUG-2016,
OPTSTK,JPASSOCIAT,29-Sep-2016,25,CE,0,0,0,0.1,0,0,0,0,0,17-AUG-2016,
OPTSTK,JPASSOCIAT,29-Sep-2016,27.5,CE,0,0,0,0.05,0,0,0,0,0,17-AUG-2016,
OPTSTK,JPASSOCIAT,29-Sep-2016,30,CE,0,0,0,0.05,0,0,0,0,0,17-AUG-2016,
OPTSTK,JPASSOCIAT,29-Sep-2016,2.5,PE,0,0,0,0.05,0,0,0,0,0,17-AUG-2016,
OPTSTK,JPASSOCIAT,29-Sep-2016,5,PE,0,0,0,0.25,0.05,0,0,0,0,17-AUG-2016,
OPTSTK,JPASSOCIAT,29-Sep-2016,7.5,PE,0.1,0.1,0.1,0.1,0.1,3,15.5,544000,68000,17-AUG-2016,
OPTSTK,JPASSOCIAT,29-Sep-2016,10,PE,0.5,0.7,0.5,0.7,0.7,9,64.6,1428000,272000,17-AUG-2016,
OPTSTK,JPASSOCIAT,29-Sep-2016,12.5,PE,0,0,0,4.3,2.55,0,0,0,0,17-AUG-2016,
OPTSTK,JPASSOCIAT,29-Sep-2016,15,PE,0,0,0,6.4,4.6,0,0,0,0,17-AUG-2016,
OPTSTK,JPASSOCIAT,29-Sep-2016,17.5,PE,0,0,0,7.4,6.95,0,0,0,0,17-AUG-2016,
OPTSTK,JPASSOCIAT,29-Sep-2016,20,PE,0,0,0,11,9.35,0,0,0,0,17-AUG-2016,
OPTSTK,JPASSOCIAT,29-Sep-2016,22.5,PE,0,0,0,13.4,11.8,0,0,0,0,17-AUG-2016,
OPTSTK,JPASSOCIAT,29-Sep-2016,25,PE,0,0,0,15.8,14.25,0,0,0,0,17-AUG-2016,
OPTSTK,JPASSOCIAT,29-Sep-2016,27.5,PE,0,0,0,18.2,16.75,0,0,0,0,17-AUG-2016,
OPTSTK,JPASSOCIAT,29-Sep-2016,30,PE,0,0,0,20.65,19.25,0,0,0,0,17-AUG-2016,
OPTSTK,JPASSOCIAT,27-Oct-2016,2.5,CE,0,0,0,10.85,8.1,0,0,0,0,17-AUG-2016,
OPTSTK,JPASSOCIAT,27-Oct-2016,5,CE,0,0,0,8.45,5.65,0,0,0,0,17-AUG-2016,
OPTSTK,JPASSOCIAT,27-Oct-2016,7.5,CE,0,0,0,6.3,3.55,0,0,0,0,17-AUG-2016,
OPTSTK,JPASSOCIAT,27-Oct-2016,10,CE,0,0,0,4.55,2,0,0,0,0,17-AUG-2016,
OPTSTK,JPASSOCIAT,27-Oct-2016,12.5,CE,0,0,0,1.2,1.1,0,0,68000,0,17-AUG-2016,
OPTSTK,JPASSOCIAT,27-Oct-2016,15,CE,0,0,0,2.25,0.55,0,0,0,0,17-AUG-2016,
OPTSTK,JPASSOCIAT,27-Oct-2016,17.5,CE,0,0,0,1.6,0.3,0,0,0,0,17-AUG-2016,
OPTSTK,JPASSOCIAT,27-Oct-2016,20,CE,0,0,0,1.15,0.15,0,0,0,0,17-AUG-2016,
OPTSTK,JPASSOCIAT,27-Oct-2016,22.5,CE,0,0,0,0.8,0.1,0,0,0,0,17-AUG-2016,
OPTSTK,JPASSOCIAT,27-Oct-2016,25,CE,0,0,0,0.6,0.05,0,0,0,0,17-AUG-2016,
OPTSTK,JPASSOCIAT,27-Oct-2016,27.5,CE,0,0,0,0.45,0.05,0,0,0,0,17-AUG-2016,
OPTSTK,JPASSOCIAT,27-Oct-2016,30,CE,0,0,0,0.3,0.05,0,0,0,0,17-AUG-2016,
OPTSTK,JPASSOCIAT,27-Oct-2016,2.5,PE,0,0,0,0.05,0,0,0,0,0,17-AUG-2016,
OPTSTK,JPASSOCIAT,27-Oct-2016,5,PE,0,0,0,0.05,0.05,0,0,0,0,17-AUG-2016,
OPTSTK,JPASSOCIAT,27-Oct-2016,7.5,PE,0.15,0.2,0.15,0.2,0.2,3,15.64,204000,204000,17-AUG-2016,
OPTSTK,JPASSOCIAT,27-Oct-2016,10,PE,0.8,0.85,0.8,0.85,0.85,2,14.72,272000,136000,17-AUG-2016,
OPTSTK,JPASSOCIAT,27-Oct-2016,12.5,PE,0,0,0,2.2,2.85,0,0,0,0,17-AUG-2016,
OPTSTK,JPASSOCIAT,27-Oct-2016,15,PE,0,0,0,3.7,4.8,0,0,0,0,17-AUG-2016,
OPTSTK,JPASSOCIAT,27-Oct-2016,17.5,PE,0,0,0,5.5,7,0,0,0,0,17-AUG-2016,
OPTSTK,JPASSOCIAT,27-Oct-2016,20,PE,0,0,0,7.5,9.35,0,0,0,0,17-AUG-2016,
OPTSTK,JPASSOCIAT,27-Oct-2016,22.5,PE,0,0,0,9.65,11.75,0,0,0,0,17-AUG-2016,
OPTSTK,JPASSOCIAT,27-Oct-2016,25,PE,0,0,0,11.85,14.2,0,0,0,0,17-AUG-2016,
OPTSTK,JPASSOCIAT,27-Oct-2016,27.5,PE,0,0,0,14.15,16.6,0,0,0,0,17-AUG-2016,
OPTSTK,JPASSOCIAT,27-Oct-2016,30,PE,0,0,0,16.5,19.1,0,0,0,0,17-AUG-2016,
OPTSTK,JSWENERGY,25-Aug-2016,47.5,CE,0,0,0,21.9,31.55,0,0,0,0,17-AUG-2016,
OPTSTK,JSWENERGY,25-Aug-2016,50,CE,0,0,0,19.45,29.05,0,0,0,0,17-AUG-2016,
OPTSTK,JSWENERGY,25-Aug-2016,52.5,CE,0,0,0,17.1,26.55,0,0,0,0,17-AUG-2016,
OPTSTK,JSWENERGY,25-Aug-2016,55,CE,0,0,0,14.75,24.05,0,0,0,0,17-AUG-2016,
OPTSTK,JSWENERGY,25-Aug-2016,57.5,CE,0,0,0,12.55,21.55,0,0,0,0,17-AUG-2016,
OPTSTK,JSWENERGY,25-Aug-2016,60,CE,0,0,0,10.45,19.05,0,0,0,0,17-AUG-2016,
OPTSTK,JSWENERGY,25-Aug-2016,62.5,CE,0,0,0,8.55,16.55,0,0,0,0,17-AUG-2016,
OPTSTK,JSWENERGY,25-Aug-2016,65,CE,0,0,0,6.85,14.05,0,0,0,0,17-AUG-2016,
OPTSTK,JSWENERGY,25-Aug-2016,67.5,CE,0,0,0,5.4,11.6,0,0,0,0,17-AUG-2016,
OPTSTK,JSWENERGY,25-Aug-2016,70,CE,0,0,0,4.15,9.1,0,0,0,0,17-AUG-2016,
OPTSTK,JSWENERGY,25-Aug-2016,72.5,CE,0,0,0,3.15,6.75,0,0,0,0,17-AUG-2016,
OPTSTK,JSWENERGY,25-Aug-2016,75,CE,0,0,0,6.5,4.6,0,0,24000,0,17-AUG-2016,
OPTSTK,JSWENERGY,25-Aug-2016,77.5,CE,3,3,2.75,2.75,2.75,4,25.74,88000,0,17-AUG-2016,
OPTSTK,JSWENERGY,25-Aug-2016,80,CE,1.6,1.9,1.2,1.5,1.5,54,352.75,480000,24000,17-AUG-2016,
OPTSTK,JSWENERGY,25-Aug-2016,82.5,CE,1.15,1.15,0.85,0.9,0.9,26,173.67,448000,104000,17-AUG-2016,
OPTSTK,JSWENERGY,25-Aug-2016,85,CE,0.6,0.8,0.45,0.5,0.5,33,225.98,1208000,0,17-AUG-2016,
OPTSTK,JSWENERGY,25-Aug-2016,87.5,CE,0.45,0.45,0.45,0.45,0.45,1,7.03,256000,0,17-AUG-2016,
OPTSTK,JSWENERGY,25-Aug-2016,90,CE,0.25,0.25,0.15,0.2,0.2,18,129.92,1208000,-72000,17-AUG-2016,
OPTSTK,JSWENERGY,25-Aug-2016,92.5,CE,0.15,0.15,0.15,0.15,0.15,1,7.41,32000,-8000,17-AUG-2016,
OPTSTK,JSWENERGY,25-Aug-2016,95,CE,0.15,0.15,0.15,0.15,0.15,4,30.44,88000,-8000,17-AUG-2016,
OPTSTK,JSWENERGY,25-Aug-2016,97.5,CE,0.1,0.1,0.1,0.1,0.1,3,23.42,24000,0,17-AUG-2016,
OPTSTK,JSWENERGY,25-Aug-2016,100,CE,0.1,0.1,0.1,0.1,0.1,1,8,24000,0,17-AUG-2016,
OPTSTK,JSWENERGY,25-Aug-2016,102.5,CE,0,0,0,0.2,0,0,0,0,0,17-AUG-2016,
OPTSTK,JSWENERGY,25-Aug-2016,47.5,PE,0,0,0,0.05,0,0,0,0,0,17-AUG-2016,
OPTSTK,JSWENERGY,25-Aug-2016,50,PE,0,0,0,0.05,0,0,0,0,0,17-AUG-2016,
OPTSTK,JSWENERGY,25-Aug-2016,52.5,PE,0,0,0,0.15,0,0,0,0,0,17-AUG-2016,
OPTSTK,JSWENERGY,25-Aug-2016,55,PE,0,0,0,0.3,0,0,0,0,0,17-AUG-2016,
OPTSTK,JSWENERGY,25-Aug-2016,57.5,PE,0,0,0,0.5,0,0,0,0,0,17-AUG-2016,
OPTSTK,JSWENERGY,25-Aug-2016,60,PE,0,0,0,0.9,0,0,0,0,0,17-AUG-2016,
OPTSTK,JSWENERGY,25-Aug-2016,62.5,PE,0,0,0,1.45,0,0,0,0,0,17-AUG-2016,
OPTSTK,JSWENERGY,25-Aug-2016,65,PE,0,0,0,2.2,0,0,0,0,0,17-AUG-2016,
OPTSTK,JSWENERGY,25-Aug-2016,67.5,PE,0,0,0,3.2,0.05,0,0,0,0,17-AUG-2016,
OPTSTK,JSWENERGY,25-Aug-2016,70,PE,0,0,0,0.1,0.05,0,0,200000,0,17-AUG-2016,
OPTSTK,JSWENERGY,25-Aug-2016,72.5,PE,0,0,0,0.25,0.2,0,0,88000,0,17-AUG-2016,
OPTSTK,JSWENERGY,25-Aug-2016,75,PE,0.5,0.8,0.35,0.4,0.4,7,42.32,376000,-8000,17-AUG-2016,
OPTSTK,JSWENERGY,25-Aug-2016,77.5,PE,1.25,1.4,1.05,1.25,1.25,22,138.42,264000,128000,17-AUG-2016,
OPTSTK,JSWENERGY,25-Aug-2016,80,PE,2.8,2.8,2.2,2.4,2.4,5,32.99,240000,-8000,17-AUG-2016,
OPTSTK,JSWENERGY,25-Aug-2016,82.5,PE,0,0,0,3.1,4.2,0,0,64000,0,17-AUG-2016,
OPTSTK,JSWENERGY,25-Aug-2016,85,PE,6,7,6,6.35,6.35,6,43.88,288000,0,17-AUG-2016,
OPTSTK,JSWENERGY,25-Aug-2016,87.5,PE,0,0,0,6.7,8.55,0,0,0,0,17-AUG-2016,
OPTSTK,JSWENERGY,25-Aug-2016,90,PE,0,0,0,10.55,10.95,0,0,40000,0,17-AUG-2016,
OPTSTK,JSWENERGY,25-Aug-2016,92.5,PE,0,0,0,22.55,13.45,0,0,0,0,17-AUG-2016,
OPTSTK,JSWENERGY,25-Aug-2016,95,PE,0,0,0,24.95,15.95,0,0,0,0,17-AUG-2016,
OPTSTK,JSWENERGY,25-Aug-2016,97.5,PE,0,0,0,27.35,18.4,0,0,0,0,17-AUG-2016,
OPTSTK,JSWENERGY,25-Aug-2016,100,PE,0,0,0,26.85,20.9,0,0,0,0,17-AUG-2016,
OPTSTK,JSWENERGY,25-Aug-2016,102.5,PE,0,0,0,29.25,23.4,0,0,0,0,17-AUG-2016,
OPTSTK,JSWENERGY,29-Sep-2016,50,CE,0,0,0,35,29.4,0,0,0,0,17-AUG-2016,
OPTSTK,JSWENERGY,29-Sep-2016,52.5,CE,0,0,0,32.65,26.9,0,0,0,0,17-AUG-2016,
OPTSTK,JSWENERGY,29-Sep-2016,55,CE,0,0,0,30.35,24.45,0,0,0,0,17-AUG-2016,
OPTSTK,JSWENERGY,29-Sep-2016,57.5,CE,0,0,0,28.15,22,0,0,0,0,17-AUG-2016,
OPTSTK,JSWENERGY,29-Sep-2016,60,CE,0,0,0,25.95,19.55,0,0,0,0,17-AUG-2016,
OPTSTK,JSWENERGY,29-Sep-2016,62.5,CE,0,0,0,23.85,17.15,0,0,0,0,17-AUG-2016,
OPTSTK,JSWENERGY,29-Sep-2016,65,CE,0,0,0,21.85,14.85,0,0,0,0,17-AUG-2016,
OPTSTK,JSWENERGY,29-Sep-2016,67.5,CE,0,0,0,19.95,12.7,0,0,0,0,17-AUG-2016,
OPTSTK,JSWENERGY,29-Sep-2016,70,CE,0,0,0,18.15,10.65,0,0,0,0,17-AUG-2016,
OPTSTK,JSWENERGY,29-Sep-2016,72.5,CE,0,0,0,16.45,8.75,0,0,0,0,17-AUG-2016,
OPTSTK,JSWENERGY,29-Sep-2016,75,CE,0,0,0,14.85,7.1,0,0,0,0,17-AUG-2016,
OPTSTK,JSWENERGY,29-Sep-2016,77.5,CE,0,0,0,13.35,5.65,0,0,0,0,17-AUG-2016,
OPTSTK,JSWENERGY,29-Sep-2016,80,CE,0,0,0,7.5,4.4,0,0,0,0,17-AUG-2016,
OPTSTK,JSWENERGY,29-Sep-2016,82.5,CE,0,0,0,10.75,3.35,0,0,0,0,17-AUG-2016,
OPTSTK,JSWENERGY,29-Sep-2016,85,CE,0,0,0,2.5,2.5,0,0,8000,0,17-AUG-2016,
OPTSTK,JSWENERGY,29-Sep-2016,87.5,CE,0,0,0,8.5,1.85,0,0,0,0,17-AUG-2016,
OPTSTK,JSWENERGY,29-Sep-2016,90,CE,0,0,0,1.5,1.35,0,0,8000,0,17-AUG-2016,
OPTSTK,JSWENERGY,29-Sep-2016,92.5,CE,0,0,0,6.7,0.95,0,0,0,0,17-AUG-2016,
OPTSTK,JSWENERGY,29-Sep-2016,95,CE,0,0,0,5.9,0.7,0,0,0,0,17-AUG-2016,
OPTSTK,JSWENERGY,29-Sep-2016,97.5,CE,0,0,0,5.2,0.5,0,0,0,0,17-AUG-2016,
OPTSTK,JSWENERGY,29-Sep-2016,100,CE,0,0,0,4.6,0.35,0,0,0,0,17-AUG-2016,
OPTSTK,JSWENERGY,29-Sep-2016,102.5,CE,0,0,0,4,0.25,0,0,0,0,17-AUG-2016,
OPTSTK,JSWENERGY,29-Sep-2016,50,PE,0,0,0,0.2,0,0,0,0,0,17-AUG-2016,
OPTSTK,JSWENERGY,29-Sep-2016,52.5,PE,0,0,0,0.35,0.05,0,0,0,0,17-AUG-2016,
OPTSTK,JSWENERGY,29-Sep-2016,55,PE,0,0,0,0.5,0.05,0,0,0,0,17-AUG-2016,
OPTSTK,JSWENERGY,29-Sep-2016,57.5,PE,0,0,0,0.7,0.05,0,0,0,0,17-AUG-2016,
OPTSTK,JSWENERGY,29-Sep-2016,60,PE,0,0,0,1,0.1,0,0,0,0,17-AUG-2016,
OPTSTK,JSWENERGY,29-Sep-2016,62.5,PE,0,0,0,1.35,0.2,0,0,0,0,17-AUG-2016,
OPTSTK,JSWENERGY,29-Sep-2016,65,PE,0,0,0,1.8,0.4,0,0,0,0,17-AUG-2016,
OPTSTK,JSWENERGY,29-Sep-2016,67.5,PE,0,0,0,2.35,0.7,0,0,0,0,17-AUG-2016,
OPTSTK,JSWENERGY,29-Sep-2016,70,PE,0,0,0,3,1.1,0,0,0,0,17-AUG-2016,
OPTSTK,JSWENERGY,29-Sep-2016,72.5,PE,0,0,0,3.75,1.75,0,0,0,0,17-AUG-2016,
OPTSTK,JSWENERGY,29-Sep-2016,75,PE,0,0,0,3,2.55,0,0,8000,0,17-AUG-2016,
OPTSTK,JSWENERGY,29-Sep-2016,77.5,PE,0,0,0,5.6,3.55,0,0,0,0,17-AUG-2016,
OPTSTK,JSWENERGY,29-Sep-2016,80,PE,0,0,0,4.5,4.8,0,0,16000,0,17-AUG-2016,
OPTSTK,JSWENERGY,29-Sep-2016,82.5,PE,0,0,0,7.85,6.25,0,0,0,0,17-AUG-2016,
OPTSTK,JSWENERGY,29-Sep-2016,85,PE,0,0,0,9.15,7.9,0,0,0,0,17-AUG-2016,
OPTSTK,JSWENERGY,29-Sep-2016,87.5,PE,0,0,0,10.55,9.7,0,0,0,0,17-AUG-2016,
OPTSTK,JSWENERGY,29-Sep-2016,90,PE,0,0,0,12.05,11.7,0,0,0,0,17-AUG-2016,
OPTSTK,JSWENERGY,29-Sep-2016,92.5,PE,0,0,0,13.65,13.75,0,0,0,0,17-AUG-2016,
OPTSTK,JSWENERGY,29-Sep-2016,95,PE,0,0,0,15.35,15.95,0,0,0,0,17-AUG-2016,
OPTSTK,JSWENERGY,29-Sep-2016,97.5,PE,0,0,0,17.1,18.25,0,0,0,0,17-AUG-2016,
OPTSTK,JSWENERGY,29-Sep-2016,100,PE,0,0,0,18.9,20.55,0,0,0,0,17-AUG-2016,
OPTSTK,JSWENERGY,29-Sep-2016,102.5,PE,0,0,0,20.8,22.95,0,0,0,0,17-AUG-2016,
OPTSTK,JSWENERGY,27-Oct-2016,50,CE,0,0,0,32,29.65,0,0,0,0,17-AUG-2016,
OPTSTK,JSWENERGY,27-Oct-2016,52.5,CE,0,0,0,29.55,27.2,0,0,0,0,17-AUG-2016,
OPTSTK,JSWENERGY,27-Oct-2016,55,CE,0,0,0,27.2,24.8,0,0,0,0,17-AUG-2016,
OPTSTK,JSWENERGY,27-Oct-2016,57.5,CE,0,0,0,24.85,22.4,0,0,0,0,17-AUG-2016,
OPTSTK,JSWENERGY,27-Oct-2016,60,CE,0,0,0,22.6,20.1,0,0,0,0,17-AUG-2016,
OPTSTK,JSWENERGY,27-Oct-2016,62.5,CE,0,0,0,20.4,17.85,0,0,0,0,17-AUG-2016,
OPTSTK,JSWENERGY,27-Oct-2016,65,CE,0,0,0,18.25,15.7,0,0,0,0,17-AUG-2016,
OPTSTK,JSWENERGY,27-Oct-2016,67.5,CE,0,0,0,16.25,13.7,0,0,0,0,17-AUG-2016,
OPTSTK,JSWENERGY,27-Oct-2016,70,CE,0,0,0,14.4,11.8,0,0,0,0,17-AUG-2016,
OPTSTK,JSWENERGY,27-Oct-2016,72.5,CE,0,0,0,12.6,10.05,0,0,0,0,17-AUG-2016,
OPTSTK,JSWENERGY,27-Oct-2016,75,CE,0,0,0,11,8.5,0,0,0,0,17-AUG-2016,
OPTSTK,JSWENERGY,27-Oct-2016,77.5,CE,0,0,0,9.55,7.1,0,0,0,0,17-AUG-2016,
OPTSTK,JSWENERGY,27-Oct-2016,80,CE,0,0,0,8.2,5.85,0,0,0,0,17-AUG-2016,
OPTSTK,JSWENERGY,27-Oct-2016,82.5,CE,0,0,0,7,4.8,0,0,0,0,17-AUG-2016,
OPTSTK,JSWENERGY,27-Oct-2016,85,CE,0,0,0,5.95,3.9,0,0,0,0,17-AUG-2016,
OPTSTK,JSWENERGY,27-Oct-2016,87.5,CE,0,0,0,5.05,3.15,0,0,0,0,17-AUG-2016,
OPTSTK,JSWENERGY,27-Oct-2016,90,CE,0,0,0,4.25,2.5,0,0,0,0,17-AUG-2016,
OPTSTK,JSWENERGY,27-Oct-2016,92.5,CE,0,0,0,3.55,2,0,0,0,0,17-AUG-2016,
OPTSTK,JSWENERGY,27-Oct-2016,95,CE,0,0,0,2.95,1.55,0,0,0,0,17-AUG-2016,
OPTSTK,JSWENERGY,27-Oct-2016,97.5,CE,0,0,0,2.45,1.2,0,0,0,0,17-AUG-2016,
OPTSTK,JSWENERGY,27-Oct-2016,100,CE,0,0,0,2,0.95,0,0,0,0,17-AUG-2016,
OPTSTK,JSWENERGY,27-Oct-2016,102.5,CE,0,0,0,1.65,0.75,0,0,0,0,17-AUG-2016,
OPTSTK,JSWENERGY,27-Oct-2016,50,PE,0,0,0,0.05,0.05,0,0,0,0,17-AUG-2016,
OPTSTK,JSWENERGY,27-Oct-2016,52.5,PE,0,0,0,0.1,0.05,0,0,0,0,17-AUG-2016,
OPTSTK,JSWENERGY,27-Oct-2016,55,PE,0,0,0,0.2,0.1,0,0,0,0,17-AUG-2016,
OPTSTK,JSWENERGY,27-Oct-2016,57.5,PE,0,0,0,0.3,0.2,0,0,0,0,17-AUG-2016,
OPTSTK,JSWENERGY,27-Oct-2016,60,PE,0,0,0,0.5,0.35,0,0,0,0,17-AUG-2016,
OPTSTK,JSWENERGY,27-Oct-2016,62.5,PE,0,0,0,0.75,0.55,0,0,0,0,17-AUG-2016,
OPTSTK,JSWENERGY,27-Oct-2016,65,PE,0,0,0,1.1,0.9,0,0,0,0,17-AUG-2016,
OPTSTK,JSWENERGY,27-Oct-2016,67.5,PE,0,0,0,1.55,1.35,0,0,0,0,17-AUG-2016,
OPTSTK,JSWENERGY,27-Oct-2016,70,PE,0,0,0,2.15,1.9,0,0,0,0,17-AUG-2016,
OPTSTK,JSWENERGY,27-Oct-2016,72.5,PE,0,0,0,2.85,2.65,0,0,0,0,17-AUG-2016,
OPTSTK,JSWENERGY,27-Oct-2016,75,PE,0,0,0,3.65,3.55,0,0,0,0,17-AUG-2016,
OPTSTK,JSWENERGY,27-Oct-2016,77.5,PE,0,0,0,4.65,4.6,0,0,0,0,17-AUG-2016,
OPTSTK,JSWENERGY,27-Oct-2016,80,PE,0,0,0,5.75,5.85,0,0,0,0,17-AUG-2016,
OPTSTK,JSWENERGY,27-Oct-2016,82.5,PE,0,0,0,7.05,7.25,0,0,0,0,17-AUG-2016,
OPTSTK,JSWENERGY,27-Oct-2016,85,PE,0,0,0,8.45,8.8,0,0,0,0,17-AUG-2016,
OPTSTK,JSWENERGY,27-Oct-2016,87.5,PE,0,0,0,10,10.5,0,0,0,0,17-AUG-2016,
OPTSTK,JSWENERGY,27-Oct-2016,90,PE,0,0,0,11.65,12.35,0,0,0,0,17-AUG-2016,
OPTSTK,JSWENERGY,27-Oct-2016,92.5,PE,0,0,0,13.4,14.3,0,0,0,0,17-AUG-2016,
OPTSTK,JSWENERGY,27-Oct-2016,95,PE,0,0,0,15.25,16.35,0,0,0,0,17-AUG-2016,
OPTSTK,JSWENERGY,27-Oct-2016,97.5,PE,0,0,0,17.2,18.45,0,0,0,0,17-AUG-2016,
OPTSTK,JSWENERGY,27-Oct-2016,100,PE,0,0,0,19.25,20.65,0,0,0,0,17-AUG-2016,
OPTSTK,JSWENERGY,27-Oct-2016,102.5,PE,0,0,0,21.35,22.9,0,0,0,0,17-AUG-2016,
OPTSTK,JSWSTEEL,25-Aug-2016,850,CE,0,0,0,484.15,924.75,0,0,0,0,17-AUG-2016,
OPTSTK,JSWSTEEL,25-Aug-2016,900,CE,0,0,0,435.05,874.8,0,0,0,0,17-AUG-2016,
OPTSTK,JSWSTEEL,25-Aug-2016,950,CE,0,0,0,386.05,824.9,0,0,0,0,17-AUG-2016,
OPTSTK,JSWSTEEL,25-Aug-2016,1000,CE,0,0,0,697,774.95,0,0,6000,0,17-AUG-2016,
OPTSTK,JSWSTEEL,25-Aug-2016,1050,CE,0,0,0,289,725.05,0,0,0,0,17-AUG-2016,
OPTSTK,JSWSTEEL,25-Aug-2016,1100,CE,0,0,0,595,675.1,0,0,600,0,17-AUG-2016,
OPTSTK,JSWSTEEL,25-Aug-2016,1150,CE,0,0,0,197.25,625.2,0,0,0,0,17-AUG-2016,
OPTSTK,JSWSTEEL,25-Aug-2016,1200,CE,0,0,0,490,575.25,0,0,600,0,17-AUG-2016,
OPTSTK,JSWSTEEL,25-Aug-2016,1220,CE,0,0,0,258.65,555.3,0,0,0,0,17-AUG-2016,
OPTSTK,JSWSTEEL,25-Aug-2016,1240,CE,0,0,0,239.45,535.3,0,0,0,0,17-AUG-2016,
OPTSTK,JSWSTEEL,25-Aug-2016,1250,CE,0,0,0,469.1,525.35,0,0,600,0,17-AUG-2016,
OPTSTK,JSWSTEEL,25-Aug-2016,1260,CE,0,0,0,220.5,515.35,0,0,0,0,17-AUG-2016,
OPTSTK,JSWSTEEL,25-Aug-2016,1280,CE,0,0,0,201.9,495.4,0,0,0,0,17-AUG-2016,
OPTSTK,JSWSTEEL,25-Aug-2016,1300,CE,0,0,0,388.2,475.4,0,0,1800,0,17-AUG-2016,
OPTSTK,JSWSTEEL,25-Aug-2016,1320,CE,0,0,0,166.1,455.45,0,0,0,0,17-AUG-2016,
OPTSTK,JSWSTEEL,25-Aug-2016,1340,CE,0,0,0,149.1,435.45,0,0,0,0,17-AUG-2016,
OPTSTK,JSWSTEEL,25-Aug-2016,1350,CE,0,0,0,62.2,425.5,0,0,0,0,17-AUG-2016,
OPTSTK,JSWSTEEL,25-Aug-2016,1360,CE,0,0,0,132.85,415.5,0,0,0,0,17-AUG-2016,
OPTSTK,JSWSTEEL,25-Aug-2016,1380,CE,0,0,0,117.45,395.55,0,0,0,0,17-AUG-2016,
OPTSTK,JSWSTEEL,25-Aug-2016,1400,CE,0,0,0,314,375.55,0,0,3600,0,17-AUG-2016,
OPTSTK,JSWSTEEL,25-Aug-2016,1420,CE,0,0,0,89.55,355.6,0,0,0,0,17-AUG-2016,
OPTSTK,JSWSTEEL,25-Aug-2016,1440,CE,0,0,0,77.2,335.6,0,0,0,0,17-AUG-2016,
OPTSTK,JSWSTEEL,25-Aug-2016,1450,CE,0,0,0,278.15,325.65,0,0,600,0,17-AUG-2016,
OPTSTK,JSWSTEEL,25-Aug-2016,1460,CE,0,0,0,66,315.65,0,0,0,0,17-AUG-2016,
OPTSTK,JSWSTEEL,25-Aug-2016,1480,CE,0,0,0,55.85,295.7,0,0,0,0,17-AUG-2016,
OPTSTK,JSWSTEEL,25-Aug-2016,1500,CE,0,0,0,200,275.7,0,0,5400,0,17-AUG-2016,
OPTSTK,JSWSTEEL,25-Aug-2016,1520,CE,0,0,0,117,255.75,0,0,600,0,17-AUG-2016,
OPTSTK,JSWSTEEL,25-Aug-2016,1540,CE,0,0,0,32.1,235.8,0,0,0,0,17-AUG-2016,
OPTSTK,JSWSTEEL,25-Aug-2016,1550,CE,0,0,0,10.95,225.8,0,0,0,0,17-AUG-2016,
OPTSTK,JSWSTEEL,25-Aug-2016,1560,CE,0,0,0,26.2,215.8,0,0,0,0,17-AUG-2016,
OPTSTK,JSWSTEEL,25-Aug-2016,1580,CE,0,0,0,81.3,195.9,0,0,600,0,17-AUG-2016,
OPTSTK,JSWSTEEL,25-Aug-2016,1600,CE,170,170,170,170,170,14,148.68,12000,-3000,17-AUG-2016,
OPTSTK,JSWSTEEL,25-Aug-2016,1620,CE,0,0,0,63,156.25,0,0,0,0,17-AUG-2016,
OPTSTK,JSWSTEEL,25-Aug-2016,1640,CE,0,0,0,85.15,136.75,0,0,3600,0,17-AUG-2016,
OPTSTK,JSWSTEEL,25-Aug-2016,1650,CE,123.8,124.55,123.8,124.55,124.55,4,42.58,44400,0,17-AUG-2016,
OPTSTK,JSWSTEEL,25-Aug-2016,1660,CE,0,0,0,65.45,117.65,0,0,2400,0,17-AUG-2016,
OPTSTK,JSWSTEEL,25-Aug-2016,1680,CE,95.85,95.85,95.85,95.85,95.85,1,10.65,9600,0,17-AUG-2016,
OPTSTK,JSWSTEEL,25-Aug-2016,1700,CE,64,85,60,82.9,82.9,58,618.5,126600,-7800,17-AUG-2016,
OPTSTK,JSWSTEEL,25-Aug-2016,1720,CE,49,68.35,47.25,68,68,17,181.57,30000,-3600,17-AUG-2016,
OPTSTK,JSWSTEEL,25-Aug-2016,1740,CE,40.6,56.15,35.95,53.6,53.6,70,751.37,46800,-17400,17-AUG-2016,
OPTSTK,JSWSTEEL,25-Aug-2016,1760,CE,27.2,43.45,25.25,40.9,40.9,260,2803.69,60000,-10800,17-AUG-2016,
OPTSTK,JSWSTEEL,25-Aug-2016,1780,CE,19.2,32.5,18.8,31,31,160,1736.84,38400,17400,17-AUG-2016,
OPTSTK,JSWSTEEL,25-Aug-2016,1800,CE,15.5,24.15,12.4,22,22,520,5680.16,160200,5400,17-AUG-2016,
OPTSTK,JSWSTEEL,25-Aug-2016,1820,CE,8.2,17.15,8.2,15.15,15.15,92,1012.65,24000,5400,17-AUG-2016,
OPTSTK,JSWSTEEL,25-Aug-2016,1840,CE,7.5,11.9,6.85,9.85,9.85,49,543.88,31800,4200,17-AUG-2016,
OPTSTK,JSWSTEEL,25-Aug-2016,1860,CE,4.9,8.15,4.65,6.45,6.45,19,212.8,19800,3600,17-AUG-2016,
OPTSTK,JSWSTEEL,25-Aug-2016,1880,CE,3.2,5.5,3.2,4,4,9,101.77,10800,0,17-AUG-2016,
OPTSTK,JSWSTEEL,25-Aug-2016,1900,CE,0,0,0,0.5,1.85,0,0,17400,0,17-AUG-2016,
OPTSTK,JSWSTEEL,25-Aug-2016,1920,CE,0,0,0,5.85,1,0,0,1200,0,17-AUG-2016,
OPTSTK,JSWSTEEL,25-Aug-2016,1940,CE,0,0,0,0.75,0.55,0,0,2400,0,17-AUG-2016,
OPTSTK,JSWSTEEL,25-Aug-2016,850,PE,0,0,0,0.05,0,0,0,0,0,17-AUG-2016,
OPTSTK,JSWSTEEL,25-Aug-2016,900,PE,0,0,0,0.05,0,0,0,0,0,17-AUG-2016,
OPTSTK,JSWSTEEL,25-Aug-2016,950,PE,0,0,0,0.15,0,0,0,0,0,17-AUG-2016,
OPTSTK,JSWSTEEL,25-Aug-2016,1000,PE,0,0,0,0.45,0,0,0,0,0,17-AUG-2016,
OPTSTK,JSWSTEEL,25-Aug-2016,1050,PE,0,0,0,1.35,0,0,0,0,0,17-AUG-2016,
OPTSTK,JSWSTEEL,25-Aug-2016,1100,PE,0,0,0,3.45,0,0,0,0,0,17-AUG-2016,
OPTSTK,JSWSTEEL,25-Aug-2016,1150,PE,0,0,0,7.8,0,0,0,0,0,17-AUG-2016,
OPTSTK,JSWSTEEL,25-Aug-2016,1200,PE,0,0,0,15.5,0,0,0,0,0,17-AUG-2016,
OPTSTK,JSWSTEEL,25-Aug-2016,1220,PE,0,0,0,1,0,0,0,0,0,17-AUG-2016,
OPTSTK,JSWSTEEL,25-Aug-2016,1240,PE,0,0,0,1.6,0,0,0,0,0,17-AUG-2016,
OPTSTK,JSWSTEEL,25-Aug-2016,1250,PE,0,0,0,27.75,0,0,0,0,0,17-AUG-2016,
OPTSTK,JSWSTEEL,25-Aug-2016,1260,PE,0,0,0,2.4,0,0,0,0,0,17-AUG-2016,
OPTSTK,JSWSTEEL,25-Aug-2016,1280,PE,0,0,0,3.6,0,0,0,0,0,17-AUG-2016,
OPTSTK,JSWSTEEL,25-Aug-2016,1300,PE,0,0,0,45.55,0,0,0,0,0,17-AUG-2016,
OPTSTK,JSWSTEEL,25-Aug-2016,1320,PE,0,0,0,7.35,0,0,0,0,0,17-AUG-2016,
OPTSTK,JSWSTEEL,25-Aug-2016,1340,PE,0,0,0,10.15,0,0,0,0,0,17-AUG-2016,
OPTSTK,JSWSTEEL,25-Aug-2016,1350,PE,0,0,0,69.2,0,0,0,0,0,17-AUG-2016,
OPTSTK,JSWSTEEL,25-Aug-2016,1360,PE,0,0,0,13.65,0,0,0,0,0,17-AUG-2016,
OPTSTK,JSWSTEEL,25-Aug-2016,1380,PE,0,0,0,18.05,0,0,0,0,0,17-AUG-2016,
OPTSTK,JSWSTEEL,25-Aug-2016,1400,PE,0,0,0,2,0,0,0,3000,0,17-AUG-2016,
OPTSTK,JSWSTEEL,25-Aug-2016,1420,PE,0,0,0,29.7,0,0,0,0,0,17-AUG-2016,
OPTSTK,JSWSTEEL,25-Aug-2016,1440,PE,0,0,0,37.15,0,0,0,0,0,17-AUG-2016,
OPTSTK,JSWSTEEL,25-Aug-2016,1450,PE,0,0,0,133.25,0,0,0,0,0,17-AUG-2016,
OPTSTK,JSWSTEEL,25-Aug-2016,1460,PE,0,0,0,45.7,0,0,0,0,0,17-AUG-2016,
OPTSTK,JSWSTEEL,25-Aug-2016,1480,PE,0,0,0,55.35,0,0,0,0,0,17-AUG-2016,
OPTSTK,JSWSTEEL,25-Aug-2016,1500,PE,0,0,0,0.5,0,0,0,14400,0,17-AUG-2016,
OPTSTK,JSWSTEEL,25-Aug-2016,1520,PE,0,0,0,8,0,0,0,2400,0,17-AUG-2016,
OPTSTK,JSWSTEEL,25-Aug-2016,1540,PE,0,0,0,90.95,0.05,0,0,0,0,17-AUG-2016,
OPTSTK,JSWSTEEL,25-Aug-2016,1550,PE,0,0,0,2.25,0.05,0,0,6000,0,17-AUG-2016,
OPTSTK,JSWSTEEL,25-Aug-2016,1560,PE,0,0,0,14.75,0.05,0,0,4800,0,17-AUG-2016,
OPTSTK,JSWSTEEL,25-Aug-2016,1580,PE,0,0,0,2.5,0.1,0,0,3000,0,17-AUG-2016,
OPTSTK,JSWSTEEL,25-Aug-2016,1600,PE,2.6,2.6,1.05,1.2,1.2,24,230.63,79800,3000,17-AUG-2016,
OPTSTK,JSWSTEEL,25-Aug-2016,1620,PE,0,0,0,10.7,0.4,0,0,2400,0,17-AUG-2016,
OPTSTK,JSWSTEEL,25-Aug-2016,1640,PE,3.55,4,3.55,4,4,2,19.72,19200,600,17-AUG-2016,
OPTSTK,JSWSTEEL,25-Aug-2016,1650,PE,4.75,5.9,3.25,3.5,3.5,67,665.12,71400,-6600,17-AUG-2016,
OPTSTK,JSWSTEEL,25-Aug-2016,1660,PE,6.4,6.5,3.8,3.8,3.8,6,59.96,13800,0,17-AUG-2016,
OPTSTK,JSWSTEEL,25-Aug-2016,1680,PE,10,10,6.35,6.35,6.35,5,50.63,27000,-1200,17-AUG-2016,
OPTSTK,JSWSTEEL,25-Aug-2016,1700,PE,13.15,15.05,8.8,9.15,9.15,425,4364.47,433800,28200,17-AUG-2016,
OPTSTK,JSWSTEEL,25-Aug-2016,1720,PE,18.1,20.75,11.95,12.55,12.55,59,614.23,30000,600,17-AUG-2016,
OPTSTK,JSWSTEEL,25-Aug-2016,1740,PE,23.2,29.25,15.8,17.3,17.3,82,866.18,36000,15600,17-AUG-2016,
OPTSTK,JSWSTEEL,25-Aug-2016,1760,PE,32.3,32.3,20.9,24.2,24.2,32,343.2,9000,3000,17-AUG-2016,
OPTSTK,JSWSTEEL,25-Aug-2016,1780,PE,42,42,32.55,32.95,32.95,10,108.97,5400,4800,17-AUG-2016,
OPTSTK,JSWSTEEL,25-Aug-2016,1800,PE,52,53,52,53,53,5,55.57,6000,3000,17-AUG-2016,
OPTSTK,JSWSTEEL,25-Aug-2016,1820,PE,0,0,0,336.65,57.1,0,0,0,0,17-AUG-2016,
OPTSTK,JSWSTEEL,25-Aug-2016,1840,PE,0,0,0,103.65,72.4,0,0,600,0,17-AUG-2016,
OPTSTK,JSWSTEEL,25-Aug-2016,1860,PE,0,0,0,375.8,89.15,0,0,0,0,17-AUG-2016,
OPTSTK,JSWSTEEL,25-Aug-2016,1880,PE,0,0,0,387.75,106.95,0,0,0,0,17-AUG-2016,
OPTSTK,JSWSTEEL,25-Aug-2016,1900,PE,0,0,0,188,125.55,0,0,0,0,17-AUG-2016,
OPTSTK,JSWSTEEL,25-Aug-2016,1920,PE,145,145,145,145,145,1,12.39,600,600,17-AUG-2016,
OPTSTK,JSWSTEEL,25-Aug-2016,1940,PE,0,0,0,382.75,164.2,0,0,0,0,17-AUG-2016,
OPTSTK,JSWSTEEL,29-Sep-2016,1060,CE,0,0,0,423.2,722.05,0,0,0,0,17-AUG-2016,
OPTSTK,JSWSTEEL,29-Sep-2016,1080,CE,0,0,0,403.65,702.2,0,0,0,0,17-AUG-2016,
OPTSTK,JSWSTEEL,29-Sep-2016,1100,CE,0,0,0,384.1,682.4,0,0,0,0,17-AUG-2016,
OPTSTK,JSWSTEEL,29-Sep-2016,1120,CE,0,0,0,364.65,662.55,0,0,0,0,17-AUG-2016,
OPTSTK,JSWSTEEL,29-Sep-2016,1140,CE,0,0,0,345.25,642.7,0,0,0,0,17-AUG-2016,
OPTSTK,JSWSTEEL,29-Sep-2016,1160,CE,0,0,0,326,622.85,0,0,0,0,17-AUG-2016,
OPTSTK,JSWSTEEL,29-Sep-2016,1180,CE,0,0,0,306.85,603,0,0,0,0,17-AUG-2016,
OPTSTK,JSWSTEEL,29-Sep-2016,1200,CE,0,0,0,287.95,583.2,0,0,0,0,17-AUG-2016,
OPTSTK,JSWSTEEL,29-Sep-2016,1220,CE,0,0,0,269.25,563.35,0,0,0,0,17-AUG-2016,
OPTSTK,JSWSTEEL,29-Sep-2016,1240,CE,0,0,0,250.85,543.5,0,0,0,0,17-AUG-2016,
OPTSTK,JSWSTEEL,29-Sep-2016,1260,CE,0,0,0,232.85,523.7,0,0,0,0,17-AUG-2016,
OPTSTK,JSWSTEEL,29-Sep-2016,1280,CE,0,0,0,215.25,503.85,0,0,0,0,17-AUG-2016,
OPTSTK,JSWSTEEL,29-Sep-2016,1300,CE,0,0,0,198.15,484,0,0,0,0,17-AUG-2016,
OPTSTK,JSWSTEEL,29-Sep-2016,1320,CE,0,0,0,181.6,464.2,0,0,0,0,17-AUG-2016,
OPTSTK,JSWSTEEL,29-Sep-2016,1340,CE,0,0,0,165.7,444.4,0,0,0,0,17-AUG-2016,
OPTSTK,JSWSTEEL,29-Sep-2016,1360,CE,0,0,0,150.45,424.6,0,0,0,0,17-AUG-2016,
OPTSTK,JSWSTEEL,29-Sep-2016,1380,CE,0,0,0,136,404.85,0,0,0,0,17-AUG-2016,
OPTSTK,JSWSTEEL,29-Sep-2016,1400,CE,0,0,0,122.25,385.1,0,0,0,0,17-AUG-2016,
OPTSTK,JSWSTEEL,29-Sep-2016,1420,CE,0,0,0,109.4,365.45,0,0,0,0,17-AUG-2016,
OPTSTK,JSWSTEEL,29-Sep-2016,1440,CE,0,0,0,97.4,345.85,0,0,0,0,17-AUG-2016,
OPTSTK,JSWSTEEL,29-Sep-2016,1460,CE,0,0,0,86.25,326.4,0,0,0,0,17-AUG-2016,
OPTSTK,JSWSTEEL,29-Sep-2016,1480,CE,0,0,0,76,307.05,0,0,0,0,17-AUG-2016,
OPTSTK,JSWSTEEL,29-Sep-2016,1500,CE,0,0,0,66.65,287.95,0,0,0,0,17-AUG-2016,
OPTSTK,JSWSTEEL,29-Sep-2016,1520,CE,0,0,0,58.1,269.05,0,0,0,0,17-AUG-2016,
OPTSTK,JSWSTEEL,29-Sep-2016,1540,CE,0,0,0,50.4,250.4,0,0,0,0,17-AUG-2016,
OPTSTK,JSWSTEEL,29-Sep-2016,1560,CE,0,0,0,43.5,232.15,0,0,0,0,17-AUG-2016,
OPTSTK,JSWSTEEL,29-Sep-2016,1580,CE,0,0,0,37.35,214.35,0,0,0,0,17-AUG-2016,
OPTSTK,JSWSTEEL,29-Sep-2016,1600,CE,0,0,0,31.9,197,0,0,0,0,17-AUG-2016,
OPTSTK,JSWSTEEL,29-Sep-2016,1620,CE,0,0,0,27.2,180.2,0,0,0,0,17-AUG-2016,
OPTSTK,JSWSTEEL,29-Sep-2016,1640,CE,0,0,0,23,164.05,0,0,0,0,17-AUG-2016,
OPTSTK,JSWSTEEL,29-Sep-2016,1660,CE,0,0,0,19.35,148.55,0,0,0,0,17-AUG-2016,
OPTSTK,JSWSTEEL,29-Sep-2016,1680,CE,0,0,0,16.2,133.9,0,0,0,0,17-AUG-2016,
OPTSTK,JSWSTEEL,29-Sep-2016,1700,CE,105.95,105.95,105.95,105.95,105.95,1,10.83,600,600,17-AUG-2016,
OPTSTK,JSWSTEEL,29-Sep-2016,1720,CE,0,0,0,11.25,106.9,0,0,0,0,17-AUG-2016,
OPTSTK,JSWSTEEL,29-Sep-2016,1740,CE,0,0,0,9.3,94.75,0,0,0,0,17-AUG-2016,
OPTSTK,JSWSTEEL,29-Sep-2016,1760,CE,0,0,0,7.65,83.45,0,0,0,0,17-AUG-2016,
OPTSTK,JSWSTEEL,29-Sep-2016,1780,CE,0,0,0,6.25,73.1,0,0,0,0,17-AUG-2016,
OPTSTK,JSWSTEEL,29-Sep-2016,1800,CE,58,65.45,58,65.45,65.45,5,55.81,2400,2400,17-AUG-2016,
OPTSTK,JSWSTEEL,29-Sep-2016,1820,CE,0,0,0,4.15,55.15,0,0,0,0,17-AUG-2016,
OPTSTK,JSWSTEEL,29-Sep-2016,1840,CE,0,0,0,3.35,47.45,0,0,0,0,17-AUG-2016,
OPTSTK,JSWSTEEL,29-Sep-2016,1860,CE,0,0,0,2.7,40.6,0,0,0,0,17-AUG-2016,
OPTSTK,JSWSTEEL,29-Sep-2016,1880,CE,0,0,0,32.25,34.5,0,0,600,0,17-AUG-2016,
OPTSTK,JSWSTEEL,29-Sep-2016,1900,CE,0,0,0,2.1,29.25,0,0,0,0,17-AUG-2016,
OPTSTK,JSWSTEEL,29-Sep-2016,1920,CE,0,0,0,3.5,24.55,0,0,0,0,17-AUG-2016,
OPTSTK,JSWSTEEL,29-Sep-2016,1940,CE,0,0,0,2.85,20.55,0,0,0,0,17-AUG-2016,
OPTSTK,JSWSTEEL,29-Sep-2016,1060,PE,0,0,0,0.15,0,0,0,0,0,17-AUG-2016,
OPTSTK,JSWSTEEL,29-Sep-2016,1080,PE,0,0,0,0.2,0,0,0,0,0,17-AUG-2016,
OPTSTK,JSWSTEEL,29-Sep-2016,1100,PE,0,0,0,0.3,0,0,0,0,0,17-AUG-2016,
OPTSTK,JSWSTEEL,29-Sep-2016,1120,PE,0,0,0,0.5,0,0,0,0,0,17-AUG-2016,
OPTSTK,JSWSTEEL,29-Sep-2016,1140,PE,0,0,0,0.75,0,0,0,0,0,17-AUG-2016,
OPTSTK,JSWSTEEL,29-Sep-2016,1160,PE,0,0,0,1.15,0,0,0,0,0,17-AUG-2016,
OPTSTK,JSWSTEEL,29-Sep-2016,1180,PE,0,0,0,1.65,0,0,0,0,0,17-AUG-2016,
OPTSTK,JSWSTEEL,29-Sep-2016,1200,PE,0,0,0,2.4,0,0,0,0,0,17-AUG-2016,
OPTSTK,JSWSTEEL,29-Sep-2016,1220,PE,0,0,0,3.35,0,0,0,0,0,17-AUG-2016,
OPTSTK,JSWSTEEL,29-Sep-2016,1240,PE,0,0,0,4.6,0,0,0,0,0,17-AUG-2016,
OPTSTK,JSWSTEEL,29-Sep-2016,1260,PE,0,0,0,6.25,0.05,0,0,0,0,17-AUG-2016,
OPTSTK,JSWSTEEL,29-Sep-2016,1280,PE,0,0,0,8.3,0.05,0,0,0,0,17-AUG-2016,
OPTSTK,JSWSTEEL,29-Sep-2016,1300,PE,0,0,0,10.8,0.05,0,0,0,0,17-AUG-2016,
OPTSTK,JSWSTEEL,29-Sep-2016,1320,PE,0,0,0,13.95,0.05,0,0,0,0,17-AUG-2016,
OPTSTK,JSWSTEEL,29-Sep-2016,1340,PE,0,0,0,17.65,0.1,0,0,0,0,17-AUG-2016,
OPTSTK,JSWSTEEL,29-Sep-2016,1360,PE,0,0,0,22.1,0.15,0,0,0,0,17-AUG-2016,
OPTSTK,JSWSTEEL,29-Sep-2016,1380,PE,0,0,0,27.25,0.2,0,0,0,0,17-AUG-2016,
OPTSTK,JSWSTEEL,29-Sep-2016,1400,PE,0,0,0,33.15,0.35,0,0,0,0,17-AUG-2016,
OPTSTK,JSWSTEEL,29-Sep-2016,1420,PE,0,0,0,39.95,0.5,0,0,0,0,17-AUG-2016,
OPTSTK,JSWSTEEL,29-Sep-2016,1440,PE,0,0,0,47.6,0.75,0,0,0,0,17-AUG-2016,
OPTSTK,JSWSTEEL,29-Sep-2016,1460,PE,0,0,0,56.1,1.15,0,0,0,0,17-AUG-2016,
OPTSTK,JSWSTEEL,29-Sep-2016,1480,PE,0,0,0,65.5,1.65,0,0,0,0,17-AUG-2016,
OPTSTK,JSWSTEEL,29-Sep-2016,1500,PE,0,0,0,75.75,2.35,0,0,0,0,17-AUG-2016,
OPTSTK,JSWSTEEL,29-Sep-2016,1520,PE,0,0,0,86.9,3.3,0,0,0,0,17-AUG-2016,
OPTSTK,JSWSTEEL,29-Sep-2016,1540,PE,0,0,0,98.85,4.5,0,0,0,0,17-AUG-2016,
OPTSTK,JSWSTEEL,29-Sep-2016,1560,PE,0,0,0,111.6,6.1,0,0,0,0,17-AUG-2016,
OPTSTK,JSWSTEEL,29-Sep-2016,1580,PE,0,0,0,125.1,8.1,0,0,0,0,17-AUG-2016,
OPTSTK,JSWSTEEL,29-Sep-2016,1600,PE,0,0,0,139.3,10.6,0,0,0,0,17-AUG-2016,
OPTSTK,JSWSTEEL,29-Sep-2016,1620,PE,0,0,0,154.25,13.65,0,0,0,0,17-AUG-2016,
OPTSTK,JSWSTEEL,29-Sep-2016,1640,PE,0,0,0,26.1,17.3,0,0,1200,0,17-AUG-2016,
OPTSTK,JSWSTEEL,29-Sep-2016,1660,PE,0,0,0,185.65,21.7,0,0,0,0,17-AUG-2016,
OPTSTK,JSWSTEEL,29-Sep-2016,1680,PE,0,0,0,202.2,26.85,0,0,0,0,17-AUG-2016,
OPTSTK,JSWSTEEL,29-Sep-2016,1700,PE,34.1,34.1,34.1,34.1,34.1,1,10.4,1200,600,17-AUG-2016,
OPTSTK,JSWSTEEL,29-Sep-2016,1720,PE,0,0,0,236.5,39.5,0,0,0,0,17-AUG-2016,
OPTSTK,JSWSTEEL,29-Sep-2016,1740,PE,0,0,0,254.2,47.2,0,0,0,0,17-AUG-2016,
OPTSTK,JSWSTEEL,29-Sep-2016,1760,PE,0,0,0,272.2,55.75,0,0,0,0,17-AUG-2016,
OPTSTK,JSWSTEEL,29-Sep-2016,1780,PE,0,0,0,290.45,65.25,0,0,0,0,17-AUG-2016,
OPTSTK,JSWSTEEL,29-Sep-2016,1800,PE,0,0,0,308.95,75.65,0,0,0,0,17-AUG-2016,
OPTSTK,JSWSTEEL,29-Sep-2016,1820,PE,0,0,0,327.65,86.95,0,0,0,0,17-AUG-2016,
OPTSTK,JSWSTEEL,29-Sep-2016,1840,PE,0,0,0,346.5,99.1,0,0,0,0,17-AUG-2016,
OPTSTK,JSWSTEEL,29-Sep-2016,1860,PE,0,0,0,365.5,112.1,0,0,0,0,17-AUG-2016,
OPTSTK,JSWSTEEL,29-Sep-2016,1880,PE,0,0,0,376.7,125.85,0,0,0,0,17-AUG-2016,
OPTSTK,JSWSTEEL,29-Sep-2016,1900,PE,0,0,0,364.45,140.45,0,0,0,0,17-AUG-2016,
OPTSTK,JSWSTEEL,29-Sep-2016,1920,PE,0,0,0,353.4,155.55,0,0,0,0,17-AUG-2016,
OPTSTK,JSWSTEEL,29-Sep-2016,1940,PE,0,0,0,372.45,171.35,0,0,0,0,17-AUG-2016,
OPTSTK,JSWSTEEL,27-Oct-2016,1280,CE,0,0,0,432.85,510.75,0,0,0,0,17-AUG-2016,
OPTSTK,JSWSTEEL,27-Oct-2016,1300,CE,0,0,0,414.65,491.1,0,0,0,0,17-AUG-2016,
OPTSTK,JSWSTEEL,27-Oct-2016,1320,CE,0,0,0,396.7,471.5,0,0,0,0,17-AUG-2016,
OPTSTK,JSWSTEEL,27-Oct-2016,1340,CE,0,0,0,379,452,0,0,0,0,17-AUG-2016,
OPTSTK,JSWSTEEL,27-Oct-2016,1360,CE,0,0,0,361.6,432.5,0,0,0,0,17-AUG-2016,
OPTSTK,JSWSTEEL,27-Oct-2016,1380,CE,0,0,0,344.55,413.15,0,0,0,0,17-AUG-2016,
OPTSTK,JSWSTEEL,27-Oct-2016,1400,CE,0,0,0,327.8,393.9,0,0,0,0,17-AUG-2016,
OPTSTK,JSWSTEEL,27-Oct-2016,1420,CE,0,0,0,311.4,374.75,0,0,0,0,17-AUG-2016,
OPTSTK,JSWSTEEL,27-Oct-2016,1440,CE,0,0,0,295.45,355.8,0,0,0,0,17-AUG-2016,
OPTSTK,JSWSTEEL,27-Oct-2016,1460,CE,0,0,0,279.85,337.1,0,0,0,0,17-AUG-2016,
OPTSTK,JSWSTEEL,27-Oct-2016,1480,CE,0,0,0,264.7,318.6,0,0,0,0,17-AUG-2016,
OPTSTK,JSWSTEEL,27-Oct-2016,1500,CE,0,0,0,250.1,300.35,0,0,0,0,17-AUG-2016,
OPTSTK,JSWSTEEL,27-Oct-2016,1520,CE,0,0,0,235.85,282.5,0,0,0,0,17-AUG-2016,
OPTSTK,JSWSTEEL,27-Oct-2016,1540,CE,0,0,0,222.05,264.95,0,0,0,0,17-AUG-2016,
OPTSTK,JSWSTEEL,27-Oct-2016,1560,CE,0,0,0,208.75,247.85,0,0,0,0,17-AUG-2016,
OPTSTK,JSWSTEEL,27-Oct-2016,1580,CE,0,0,0,195.95,231.2,0,0,0,0,17-AUG-2016,
OPTSTK,JSWSTEEL,27-Oct-2016,1600,CE,0,0,0,183.7,215.05,0,0,0,0,17-AUG-2016,
OPTSTK,JSWSTEEL,27-Oct-2016,1620,CE,0,0,0,171.95,199.4,0,0,0,0,17-AUG-2016,
OPTSTK,JSWSTEEL,27-Oct-2016,1640,CE,0,0,0,160.75,184.35,0,0,0,0,17-AUG-2016,
OPTSTK,JSWSTEEL,27-Oct-2016,1660,CE,0,0,0,150,170,0,0,0,0,17-AUG-2016,
OPTSTK,JSWSTEEL,27-Oct-2016,1680,CE,0,0,0,139.8,156.1,0,0,0,0,17-AUG-2016,
OPTSTK,JSWSTEEL,27-Oct-2016,1700,CE,0,0,0,130.1,143,0,0,0,0,17-AUG-2016,
OPTSTK,JSWSTEEL,27-Oct-2016,1720,CE,0,0,0,120.9,130.55,0,0,0,0,17-AUG-2016,
OPTSTK,JSWSTEEL,27-Oct-2016,1740,CE,0,0,0,112.2,118.8,0,0,0,0,17-AUG-2016,
OPTSTK,JSWSTEEL,27-Oct-2016,1760,CE,0,0,0,103.95,107.75,0,0,0,0,17-AUG-2016,
OPTSTK,JSWSTEEL,27-Oct-2016,1780,CE,0,0,0,96.2,97.4,0,0,0,0,17-AUG-2016,
OPTSTK,JSWSTEEL,27-Oct-2016,1800,CE,0,0,0,88.9,87.8,0,0,0,0,17-AUG-2016,
OPTSTK,JSWSTEEL,27-Oct-2016,1820,CE,0,0,0,82.05,78.85,0,0,0,0,17-AUG-2016,
OPTSTK,JSWSTEEL,27-Oct-2016,1840,CE,0,0,0,75.65,70.6,0,0,0,0,17-AUG-2016,
OPTSTK,JSWSTEEL,27-Oct-2016,1860,CE,0,0,0,69.6,63,0,0,0,0,17-AUG-2016,
OPTSTK,JSWSTEEL,27-Oct-2016,1880,CE,0,0,0,64,56,0,0,0,0,17-AUG-2016,
OPTSTK,JSWSTEEL,27-Oct-2016,1900,CE,0,0,0,58.75,49.65,0,0,0,0,17-AUG-2016,
OPTSTK,JSWSTEEL,27-Oct-2016,1920,CE,0,0,0,53.95,43.9,0,0,0,0,17-AUG-2016,
OPTSTK,JSWSTEEL,27-Oct-2016,1940,CE,0,0,0,49.45,38.75,0,0,0,0,17-AUG-2016,
OPTSTK,JSWSTEEL,27-Oct-2016,1280,PE,0,0,0,6.5,0.2,0,0,0,0,17-AUG-2016,
OPTSTK,JSWSTEEL,27-Oct-2016,1300,PE,0,0,0,7.95,0.3,0,0,0,0,17-AUG-2016,
OPTSTK,JSWSTEEL,27-Oct-2016,1320,PE,0,0,0,9.65,0.45,0,0,0,0,17-AUG-2016,
OPTSTK,JSWSTEEL,27-Oct-2016,1340,PE,0,0,0,11.65,0.65,0,0,0,0,17-AUG-2016,
OPTSTK,JSWSTEEL,27-Oct-2016,1360,PE,0,0,0,13.9,0.95,0,0,0,0,17-AUG-2016,
OPTSTK,JSWSTEEL,27-Oct-2016,1380,PE,0,0,0,16.5,1.3,0,0,0,0,17-AUG-2016,
OPTSTK,JSWSTEEL,27-Oct-2016,1400,PE,0,0,0,19.4,1.75,0,0,0,0,17-AUG-2016,
OPTSTK,JSWSTEEL,27-Oct-2016,1420,PE,0,0,0,22.7,2.4,0,0,0,0,17-AUG-2016,
OPTSTK,JSWSTEEL,27-Oct-2016,1440,PE,0,0,0,26.35,3.15,0,0,0,0,17-AUG-2016,
OPTSTK,JSWSTEEL,27-Oct-2016,1460,PE,0,0,0,30.45,4.15,0,0,0,0,17-AUG-2016,
OPTSTK,JSWSTEEL,27-Oct-2016,1480,PE,0,0,0,34.95,5.4,0,0,0,0,17-AUG-2016,
OPTSTK,JSWSTEEL,27-Oct-2016,1500,PE,0,0,0,39.95,6.9,0,0,0,0,17-AUG-2016,
OPTSTK,JSWSTEEL,27-Oct-2016,1520,PE,0,0,0,45.35,8.75,0,0,0,0,17-AUG-2016,
OPTSTK,JSWSTEEL,27-Oct-2016,1540,PE,0,0,0,51.25,11,0,0,0,0,17-AUG-2016,
OPTSTK,JSWSTEEL,27-Oct-2016,1560,PE,0,0,0,57.6,13.6,0,0,0,0,17-AUG-2016,
OPTSTK,JSWSTEEL,27-Oct-2016,1580,PE,0,0,0,64.5,16.7,0,0,0,0,17-AUG-2016,
OPTSTK,JSWSTEEL,27-Oct-2016,1600,PE,0,0,0,71.9,20.25,0,0,0,0,17-AUG-2016,
OPTSTK,JSWSTEEL,27-Oct-2016,1620,PE,0,0,0,79.8,24.35,0,0,0,0,17-AUG-2016,
OPTSTK,JSWSTEEL,27-Oct-2016,1640,PE,0,0,0,88.2,29.05,0,0,0,0,17-AUG-2016,
OPTSTK,JSWSTEEL,27-Oct-2016,1660,PE,0,0,0,97.15,34.4,0,0,0,0,17-AUG-2016,
OPTSTK,JSWSTEEL,27-Oct-2016,1680,PE,0,0,0,106.6,40.25,0,0,0,0,17-AUG-2016,
OPTSTK,JSWSTEEL,27-Oct-2016,1700,PE,0,0,0,116.55,46.85,0,0,0,0,17-AUG-2016,
OPTSTK,JSWSTEEL,27-Oct-2016,1720,PE,0,0,0,127,54.15,0,0,0,0,17-AUG-2016,
OPTSTK,JSWSTEEL,27-Oct-2016,1740,PE,0,0,0,137.95,62.15,0,0,0,0,17-AUG-2016,
OPTSTK,JSWSTEEL,27-Oct-2016,1760,PE,0,0,0,149.4,70.85,0,0,0,0,17-AUG-2016,
OPTSTK,JSWSTEEL,27-Oct-2016,1780,PE,0,0,0,161.3,80.25,0,0,0,0,17-AUG-2016,
OPTSTK,JSWSTEEL,27-Oct-2016,1800,PE,0,0,0,173.65,90.35,0,0,0,0,17-AUG-2016,
OPTSTK,JSWSTEEL,27-Oct-2016,1820,PE,0,0,0,186.45,101.15,0,0,0,0,17-AUG-2016,
OPTSTK,JSWSTEEL,27-Oct-2016,1840,PE,0,0,0,199.65,112.6,0,0,0,0,17-AUG-2016,
OPTSTK,JSWSTEEL,27-Oct-2016,1860,PE,0,0,0,213.3,124.75,0,0,0,0,17-AUG-2016,
OPTSTK,JSWSTEEL,27-Oct-2016,1880,PE,0,0,0,227.35,137.5,0,0,0,0,17-AUG-2016,
OPTSTK,JSWSTEEL,27-Oct-2016,1900,PE,0,0,0,241.75,150.9,0,0,0,0,17-AUG-2016,
OPTSTK,JSWSTEEL,27-Oct-2016,1920,PE,0,0,0,256.65,164.85,0,0,0,0,17-AUG-2016,
OPTSTK,JSWSTEEL,27-Oct-2016,1940,PE,0,0,0,271.75,179.45,0,0,0,0,17-AUG-2016,
OPTSTK,JUBLFOOD,25-Aug-2016,750,CE,0,0,0,421.75,494.55,0,0,0,0,17-AUG-2016,
OPTSTK,JUBLFOOD,25-Aug-2016,800,CE,0,0,0,376.75,444.6,0,0,0,0,17-AUG-2016,
OPTSTK,JUBLFOOD,25-Aug-2016,850,CE,0,0,0,333.8,394.7,0,0,0,0,17-AUG-2016,
OPTSTK,JUBLFOOD,25-Aug-2016,900,CE,0,0,0,293.3,344.75,0,0,0,0,17-AUG-2016,
OPTSTK,JUBLFOOD,25-Aug-2016,950,CE,0,0,0,255.55,294.85,0,0,0,0,17-AUG-2016,
OPTSTK,JUBLFOOD,25-Aug-2016,1000,CE,0,0,0,220.85,244.9,0,0,0,0,17-AUG-2016,
OPTSTK,JUBLFOOD,25-Aug-2016,1050,CE,0,0,0,189.35,195.1,0,0,0,0,17-AUG-2016,
OPTSTK,JUBLFOOD,25-Aug-2016,1100,CE,0,0,0,70.05,145.9,0,0,4000,0,17-AUG-2016,
OPTSTK,JUBLFOOD,25-Aug-2016,1150,CE,0,0,0,54.05,99.4,0,0,6500,0,17-AUG-2016,
OPTSTK,JUBLFOOD,25-Aug-2016,1200,CE,43.95,55.35,43.95,51.55,51.55,71,443.95,75000,-1000,17-AUG-2016,
OPTSTK,JUBLFOOD,25-Aug-2016,1250,CE,23,28.9,21.05,27.6,27.6,136,867.77,65500,3000,17-AUG-2016,
OPTSTK,JUBLFOOD,25-Aug-2016,1300,CE,11,13.95,10.25,12.15,12.15,212,1391.29,71500,14000,17-AUG-2016,
OPTSTK,JUBLFOOD,25-Aug-2016,1350,CE,6.25,6.4,4.5,5.5,5.5,15,101.66,19000,0,17-AUG-2016,
OPTSTK,JUBLFOOD,25-Aug-2016,1400,CE,2.5,2.75,1.65,1.65,1.65,10,70.12,34000,500,17-AUG-2016,
OPTSTK,JUBLFOOD,25-Aug-2016,1450,CE,0,0,0,2.2,0.3,0,0,500,0,17-AUG-2016,
OPTSTK,JUBLFOOD,25-Aug-2016,1500,CE,0,0,0,2,0.1,0,0,1000,0,17-AUG-2016,
OPTSTK,JUBLFOOD,25-Aug-2016,1550,CE,0,0,0,29.2,0.05,0,0,0,0,17-AUG-2016,
OPTSTK,JUBLFOOD,25-Aug-2016,1600,CE,0,0,0,23.65,0,0,0,0,0,17-AUG-2016,
OPTSTK,JUBLFOOD,25-Aug-2016,750,PE,0,0,0,5.35,0,0,0,0,0,17-AUG-2016,
OPTSTK,JUBLFOOD,25-Aug-2016,800,PE,0,0,0,9.5,0,0,0,0,0,17-AUG-2016,
OPTSTK,JUBLFOOD,25-Aug-2016,850,PE,0,0,0,15.65,0,0,0,0,0,17-AUG-2016,
OPTSTK,JUBLFOOD,25-Aug-2016,900,PE,0,0,0,24.2,0,0,0,0,0,17-AUG-2016,
OPTSTK,JUBLFOOD,25-Aug-2016,950,PE,0,0,0,4,0,0,0,500,0,17-AUG-2016,
OPTSTK,JUBLFOOD,25-Aug-2016,1000,PE,0.4,0.4,0.4,0.4,0.4,1,5,1000,-500,17-AUG-2016,
OPTSTK,JUBLFOOD,25-Aug-2016,1050,PE,0.8,0.85,0.8,0.85,0.85,4,21.01,7000,-2000,17-AUG-2016,
OPTSTK,JUBLFOOD,25-Aug-2016,1100,PE,3.1,3.1,1.6,1.75,1.75,11,60.62,25500,-2000,17-AUG-2016,
OPTSTK,JUBLFOOD,25-Aug-2016,1150,PE,9.45,9.45,5.55,5.9,5.9,16,92.56,16000,-1000,17-AUG-2016,
OPTSTK,JUBLFOOD,25-Aug-2016,1200,PE,24,24,11.5,13.45,13.45,45,273.6,25000,8000,17-AUG-2016,
OPTSTK,JUBLFOOD,25-Aug-2016,1250,PE,43.15,43.2,32.15,32.15,32.15,4,25.8,6500,500,17-AUG-2016,
OPTSTK,JUBLFOOD,25-Aug-2016,1300,PE,83.05,83.05,74.85,74.85,74.85,6,41.35,2500,0,17-AUG-2016,
OPTSTK,JUBLFOOD,25-Aug-2016,1350,PE,0,0,0,104.85,109.05,0,0,500,0,17-AUG-2016,
OPTSTK,JUBLFOOD,25-Aug-2016,1400,PE,0,0,0,175,155.8,0,0,0,0,17-AUG-2016,
OPTSTK,JUBLFOOD,25-Aug-2016,1450,PE,0,0,0,315.25,204.75,0,0,0,0,17-AUG-2016,
OPTSTK,JUBLFOOD,25-Aug-2016,1500,PE,0,0,0,356.2,254.45,0,0,0,0,17-AUG-2016,
OPTSTK,JUBLFOOD,25-Aug-2016,1550,PE,0,0,0,398.55,304.3,0,0,0,0,17-AUG-2016,
OPTSTK,JUBLFOOD,25-Aug-2016,1600,PE,0,0,0,442.1,354.25,0,0,0,0,17-AUG-2016,
OPTSTK,JUBLFOOD,29-Sep-2016,750,CE,0,0,0,402.6,499.5,0,0,0,0,17-AUG-2016,
OPTSTK,JUBLFOOD,29-Sep-2016,800,CE,0,0,0,356.65,449.95,0,0,0,0,17-AUG-2016,
OPTSTK,JUBLFOOD,29-Sep-2016,850,CE,0,0,0,312.65,400.55,0,0,0,0,17-AUG-2016,
OPTSTK,JUBLFOOD,29-Sep-2016,900,CE,0,0,0,271.05,351.55,0,0,0,0,17-AUG-2016,
OPTSTK,JUBLFOOD,29-Sep-2016,950,CE,0,0,0,232.45,303.3,0,0,0,0,17-AUG-2016,
OPTSTK,JUBLFOOD,29-Sep-2016,1000,CE,0,0,0,197.15,256.6,0,0,0,0,17-AUG-2016,
OPTSTK,JUBLFOOD,29-Sep-2016,1050,CE,0,0,0,165.4,212.25,0,0,0,0,17-AUG-2016,
OPTSTK,JUBLFOOD,29-Sep-2016,1100,CE,0,0,0,137.4,171.35,0,0,0,0,17-AUG-2016,
OPTSTK,JUBLFOOD,29-Sep-2016,1150,CE,0,0,0,113,134.75,0,0,0,0,17-AUG-2016,
OPTSTK,JUBLFOOD,29-Sep-2016,1200,CE,0,0,0,92.05,103.15,0,0,0,0,17-AUG-2016,
OPTSTK,JUBLFOOD,29-Sep-2016,1250,CE,0,0,0,74.35,76.85,0,0,0,0,17-AUG-2016,
OPTSTK,JUBLFOOD,29-Sep-2016,1300,CE,0,0,0,59.6,55.75,0,0,0,0,17-AUG-2016,
OPTSTK,JUBLFOOD,29-Sep-2016,1350,CE,0,0,0,47.45,39.35,0,0,0,0,17-AUG-2016,
OPTSTK,JUBLFOOD,29-Sep-2016,1400,CE,0,0,0,37.5,27.2,0,0,0,0,17-AUG-2016,
OPTSTK,JUBLFOOD,29-Sep-2016,1450,CE,0,0,0,29.45,18.25,0,0,0,0,17-AUG-2016,
OPTSTK,JUBLFOOD,29-Sep-2016,1500,CE,0,0,0,23,12,0,0,0,0,17-AUG-2016,
OPTSTK,JUBLFOOD,29-Sep-2016,1550,CE,0,0,0,17.85,7.75,0,0,0,0,17-AUG-2016,
OPTSTK,JUBLFOOD,29-Sep-2016,1600,CE,0,0,0,13.8,4.9,0,0,0,0,17-AUG-2016,
OPTSTK,JUBLFOOD,29-Sep-2016,750,PE,0,0,0,3.4,0.05,0,0,0,0,17-AUG-2016,
OPTSTK,JUBLFOOD,29-Sep-2016,800,PE,0,0,0,6.55,0.1,0,0,0,0,17-AUG-2016,
OPTSTK,JUBLFOOD,29-Sep-2016,850,PE,0,0,0,11.65,0.3,0,0,0,0,17-AUG-2016,
OPTSTK,JUBLFOOD,29-Sep-2016,900,PE,0,0,0,19.2,0.85,0,0,0,0,17-AUG-2016,
OPTSTK,JUBLFOOD,29-Sep-2016,950,PE,0,0,0,29.7,2.2,0,0,0,0,17-AUG-2016,
OPTSTK,JUBLFOOD,29-Sep-2016,1000,PE,0,0,0,43.55,5.1,0,0,0,0,17-AUG-2016,
OPTSTK,JUBLFOOD,29-Sep-2016,1050,PE,0,0,0,60.9,10.35,0,0,0,0,17-AUG-2016,
OPTSTK,JUBLFOOD,29-Sep-2016,1100,PE,0,0,0,82,19.05,0,0,0,0,17-AUG-2016,
OPTSTK,JUBLFOOD,29-Sep-2016,1150,PE,0,0,0,106.7,32.05,0,0,0,0,17-AUG-2016,
OPTSTK,JUBLFOOD,29-Sep-2016,1200,PE,0,0,0,68,50.05,0,0,500,0,17-AUG-2016,
OPTSTK,JUBLFOOD,29-Sep-2016,1250,PE,0,0,0,166.35,73.35,0,0,0,0,17-AUG-2016,
OPTSTK,JUBLFOOD,29-Sep-2016,1300,PE,0,0,0,200.65,101.8,0,0,0,0,17-AUG-2016,
OPTSTK,JUBLFOOD,29-Sep-2016,1350,PE,0,0,0,237.65,135.05,0,0,0,0,17-AUG-2016,
OPTSTK,JUBLFOOD,29-Sep-2016,1400,PE,0,0,0,276.8,172.45,0,0,0,0,17-AUG-2016,
OPTSTK,JUBLFOOD,29-Sep-2016,1450,PE,0,0,0,317.9,213.15,0,0,0,0,17-AUG-2016,
OPTSTK,JUBLFOOD,29-Sep-2016,1500,PE,0,0,0,360.55,256.45,0,0,0,0,17-AUG-2016,
OPTSTK,JUBLFOOD,29-Sep-2016,1550,PE,0,0,0,404.5,301.8,0,0,0,0,17-AUG-2016,
OPTSTK,JUBLFOOD,29-Sep-2016,1600,PE,0,0,0,449.6,348.55,0,0,0,0,17-AUG-2016,
OPTSTK,JUBLFOOD,27-Oct-2016,750,CE,0,0,0,483.75,503.65,0,0,0,0,17-AUG-2016,
OPTSTK,JUBLFOOD,27-Oct-2016,800,CE,0,0,0,435.65,454.75,0,0,0,0,17-AUG-2016,
OPTSTK,JUBLFOOD,27-Oct-2016,850,CE,0,0,0,388.5,406.35,0,0,0,0,17-AUG-2016,
OPTSTK,JUBLFOOD,27-Oct-2016,900,CE,0,0,0,342.8,358.95,0,0,0,0,17-AUG-2016,
OPTSTK,JUBLFOOD,27-Oct-2016,950,CE,0,0,0,299.1,313,0,0,0,0,17-AUG-2016,
OPTSTK,JUBLFOOD,27-Oct-2016,1000,CE,0,0,0,257.95,269.2,0,0,0,0,17-AUG-2016,
OPTSTK,JUBLFOOD,27-Oct-2016,1050,CE,0,0,0,219.8,228.2,0,0,0,0,17-AUG-2016,
OPTSTK,JUBLFOOD,27-Oct-2016,1100,CE,0,0,0,185,190.55,0,0,0,0,17-AUG-2016,
OPTSTK,JUBLFOOD,27-Oct-2016,1150,CE,0,0,0,153.95,156.65,0,0,0,0,17-AUG-2016,
OPTSTK,JUBLFOOD,27-Oct-2016,1200,CE,0,0,0,126.65,126.9,0,0,0,0,17-AUG-2016,
OPTSTK,JUBLFOOD,27-Oct-2016,1250,CE,0,0,0,103,101.3,0,0,0,0,17-AUG-2016,
OPTSTK,JUBLFOOD,27-Oct-2016,1300,CE,0,0,0,82.95,79.7,0,0,0,0,17-AUG-2016,
OPTSTK,JUBLFOOD,27-Oct-2016,1350,CE,0,0,0,66.1,61.85,0,0,0,0,17-AUG-2016,
OPTSTK,JUBLFOOD,27-Oct-2016,1400,CE,0,0,0,52.2,47.4,0,0,0,0,17-AUG-2016,
OPTSTK,JUBLFOOD,27-Oct-2016,1450,CE,0,0,0,40.95,35.95,0,0,0,0,17-AUG-2016,
OPTSTK,JUBLFOOD,27-Oct-2016,1500,CE,0,0,0,31.8,26.85,0,0,0,0,17-AUG-2016,
OPTSTK,JUBLFOOD,27-Oct-2016,1550,CE,0,0,0,24.5,19.9,0,0,0,0,17-AUG-2016,
OPTSTK,JUBLFOOD,27-Oct-2016,1600,CE,0,0,0,18.75,14.6,0,0,0,0,17-AUG-2016,
OPTSTK,JUBLFOOD,27-Oct-2016,750,PE,0,0,0,0.8,0.25,0,0,0,0,17-AUG-2016,
OPTSTK,JUBLFOOD,27-Oct-2016,800,PE,0,0,0,1.85,0.65,0,0,0,0,17-AUG-2016,
OPTSTK,JUBLFOOD,27-Oct-2016,850,PE,0,0,0,3.85,1.6,0,0,0,0,17-AUG-2016,
OPTSTK,JUBLFOOD,27-Oct-2016,900,PE,0,0,0,7.3,3.55,0,0,0,0,17-AUG-2016,
OPTSTK,JUBLFOOD,27-Oct-2016,950,PE,0,0,0,12.75,6.95,0,0,0,0,17-AUG-2016,
OPTSTK,JUBLFOOD,27-Oct-2016,1000,PE,0,0,0,20.7,12.5,0,0,0,0,17-AUG-2016,
OPTSTK,JUBLFOOD,27-Oct-2016,1050,PE,0,0,0,31.75,20.8,0,0,0,0,17-AUG-2016,
OPTSTK,JUBLFOOD,27-Oct-2016,1100,PE,0,0,0,46.05,32.5,0,0,0,0,17-AUG-2016,
OPTSTK,JUBLFOOD,27-Oct-2016,1150,PE,0,0,0,64.15,47.95,0,0,0,0,17-AUG-2016,
OPTSTK,JUBLFOOD,27-Oct-2016,1200,PE,0,0,0,85.95,67.5,0,0,0,0,17-AUG-2016,
OPTSTK,JUBLFOOD,27-Oct-2016,1250,PE,0,0,0,111.5,91.25,0,0,0,0,17-AUG-2016,
OPTSTK,JUBLFOOD,27-Oct-2016,1300,PE,0,0,0,140.55,118.95,0,0,0,0,17-AUG-2016,
OPTSTK,JUBLFOOD,27-Oct-2016,1350,PE,0,0,0,172.85,150.45,0,0,0,0,17-AUG-2016,
OPTSTK,JUBLFOOD,27-Oct-2016,1400,PE,0,0,0,208.1,185.3,0,0,0,0,17-AUG-2016,
OPTSTK,JUBLFOOD,27-Oct-2016,1450,PE,0,0,0,246,223.2,0,0,0,0,17-AUG-2016,
OPTSTK,JUBLFOOD,27-Oct-2016,1500,PE,0,0,0,285.95,263.45,0,0,0,0,17-AUG-2016,
OPTSTK,JUBLFOOD,27-Oct-2016,1550,PE,0,0,0,327.85,305.85,0,0,0,0,17-AUG-2016,
OPTSTK,JUBLFOOD,27-Oct-2016,1600,PE,0,0,0,371.25,349.85,0,0,0,0,17-AUG-2016,
OPTSTK,JUSTDIAL,25-Aug-2016,320,CE,0,0,0,288.15,151.85,0,0,0,0,17-AUG-2016,
OPTSTK,JUSTDIAL,25-Aug-2016,340,CE,0,0,0,274.2,131.9,0,0,0,0,17-AUG-2016,
OPTSTK,JUSTDIAL,25-Aug-2016,350,CE,0,0,0,324.4,121.9,0,0,0,0,17-AUG-2016,
OPTSTK,JUSTDIAL,25-Aug-2016,360,CE,0,0,0,254.45,111.9,0,0,0,0,17-AUG-2016,
OPTSTK,JUSTDIAL,25-Aug-2016,380,CE,0,0,0,234.75,92,0,0,0,0,17-AUG-2016,
OPTSTK,JUSTDIAL,25-Aug-2016,400,CE,0,0,0,80,72.25,0,0,800,0,17-AUG-2016,
OPTSTK,JUSTDIAL,25-Aug-2016,420,CE,0,0,0,195.75,53.3,0,0,0,0,17-AUG-2016,
OPTSTK,JUSTDIAL,25-Aug-2016,440,CE,34.55,47.2,34.55,39.25,39.25,13,50.04,5600,800,17-AUG-2016,
OPTSTK,JUSTDIAL,25-Aug-2016,450,CE,24,38,24,28.3,28.3,25,96.19,7200,3200,17-AUG-2016,
OPTSTK,JUSTDIAL,25-Aug-2016,460,CE,19.5,36.8,13.05,22.05,22.05,798,3092.33,57600,43200,17-AUG-2016,
OPTSTK,JUSTDIAL,25-Aug-2016,480,CE,14.15,24.4,7.6,13.45,13.45,2396,9499.58,296800,209600,17-AUG-2016,
OPTSTK,JUSTDIAL,25-Aug-2016,500,CE,15.9,15.9,4.95,8.25,8.25,4124,16814.85,718400,278400,17-AUG-2016,
OPTSTK,JUSTDIAL,25-Aug-2016,520,CE,8.1,10,3.2,5,5,1470,6185.24,314400,60800,17-AUG-2016,
OPTSTK,JUSTDIAL,25-Aug-2016,540,CE,4.55,6.45,2,3.05,3.05,795,3457.51,252000,-28000,17-AUG-2016,
OPTSTK,JUSTDIAL,25-Aug-2016,550,CE,3,5,1.65,2.65,2.65,1173,5189.56,340800,6400,17-AUG-2016,
OPTSTK,JUSTDIAL,25-Aug-2016,560,CE,2.95,4.1,1.2,1.9,1.9,498,2240.49,192000,20000,17-AUG-2016,
OPTSTK,JUSTDIAL,25-Aug-2016,580,CE,1.6,2.65,0.85,1.2,1.2,304,1414.14,135200,23200,17-AUG-2016,
OPTSTK,JUSTDIAL,25-Aug-2016,600,CE,2,2,0.65,0.9,0.9,599,2879.93,563200,30400,17-AUG-2016,
OPTSTK,JUSTDIAL,25-Aug-2016,620,CE,1.85,1.85,0.5,0.65,0.65,78,387.35,84800,-3200,17-AUG-2016,
OPTSTK,JUSTDIAL,25-Aug-2016,640,CE,0.75,0.75,0.5,0.5,0.5,4,20.5,4000,-3200,17-AUG-2016,
OPTSTK,JUSTDIAL,25-Aug-2016,650,CE,0.25,0.85,0.15,0.65,0.65,274,1425.57,219200,-12000,17-AUG-2016,
OPTSTK,JUSTDIAL,25-Aug-2016,660,CE,0.3,0.4,0.2,0.4,0.4,85,448.99,40800,19200,17-AUG-2016,
OPTSTK,JUSTDIAL,25-Aug-2016,680,CE,0.4,0.4,0.4,0.4,0.4,1,5.44,800,-800,17-AUG-2016,
OPTSTK,JUSTDIAL,25-Aug-2016,700,CE,0.35,0.5,0.15,0.4,0.4,644,3607.83,452000,195200,17-AUG-2016,
OPTSTK,JUSTDIAL,25-Aug-2016,720,CE,0.05,0.05,0.05,0.05,0.05,1,5.76,800,0,17-AUG-2016,
OPTSTK,JUSTDIAL,25-Aug-2016,740,CE,0,0,0,11.15,0,0,0,0,0,17-AUG-2016,
OPTSTK,JUSTDIAL,25-Aug-2016,750,CE,0,0,0,70.15,0,0,0,0,0,17-AUG-2016,
OPTSTK,JUSTDIAL,25-Aug-2016,760,CE,0,0,0,8.6,0,0,0,0,0,17-AUG-2016,
OPTSTK,JUSTDIAL,25-Aug-2016,780,CE,0,0,0,6.55,0,0,0,0,0,17-AUG-2016,
OPTSTK,JUSTDIAL,25-Aug-2016,800,CE,0,0,0,55.8,0,0,0,0,0,17-AUG-2016,
OPTSTK,JUSTDIAL,25-Aug-2016,820,CE,0,0,0,3.75,0,0,0,0,0,17-AUG-2016,
OPTSTK,JUSTDIAL,25-Aug-2016,840,CE,0,0,0,2.85,0,0,0,0,0,17-AUG-2016,
OPTSTK,JUSTDIAL,25-Aug-2016,850,CE,0,0,0,44.25,0,0,0,0,0,17-AUG-2016,
OPTSTK,JUSTDIAL,25-Aug-2016,900,CE,0,0,0,35,0,0,0,0,0,17-AUG-2016,
OPTSTK,JUSTDIAL,25-Aug-2016,950,CE,0,0,0,27.55,0,0,0,0,0,17-AUG-2016,
OPTSTK,JUSTDIAL,25-Aug-2016,1000,CE,0,0,0,21.65,0,0,0,0,0,17-AUG-2016,
OPTSTK,JUSTDIAL,25-Aug-2016,1050,CE,0,0,0,17,0,0,0,0,0,17-AUG-2016,
OPTSTK,JUSTDIAL,25-Aug-2016,1100,CE,0,0,0,13.35,0,0,0,0,0,17-AUG-2016,
OPTSTK,JUSTDIAL,25-Aug-2016,1150,CE,0,0,0,10.45,0,0,0,0,0,17-AUG-2016,
OPTSTK,JUSTDIAL,25-Aug-2016,320,PE,0,0,0,0.05,0,0,0,0,0,17-AUG-2016,
OPTSTK,JUSTDIAL,25-Aug-2016,340,PE,0,0,0,0.05,0,0,0,0,0,17-AUG-2016,
OPTSTK,JUSTDIAL,25-Aug-2016,350,PE,1,2.95,0.35,0.6,0.6,84,235.71,64800,13600,17-AUG-2016,
OPTSTK,JUSTDIAL,25-Aug-2016,360,PE,1.25,1.25,0.75,0.9,0.9,58,167.44,42400,36000,17-AUG-2016,
OPTSTK,JUSTDIAL,25-Aug-2016,380,PE,4.75,4.75,0.8,1.35,1.35,324,989.22,108800,50400,17-AUG-2016,
OPTSTK,JUSTDIAL,25-Aug-2016,400,PE,4.3,6.5,1.45,2.55,2.55,1163,3748.27,530400,133600,17-AUG-2016,
OPTSTK,JUSTDIAL,25-Aug-2016,420,PE,6,11,2.65,4.65,4.65,1041,3545.17,151200,-67200,17-AUG-2016,
OPTSTK,JUSTDIAL,25-Aug-2016,440,PE,8.5,18.35,5.05,8.7,8.7,1013,3642.56,136000,24000,17-AUG-2016,
OPTSTK,JUSTDIAL,25-Aug-2016,450,PE,12.4,23.9,7.2,11.95,11.95,1412,5225.06,281600,-23200,17-AUG-2016,
OPTSTK,JUSTDIAL,25-Aug-2016,460,PE,10.55,29,9.75,15.7,15.7,1691,6433.51,220800,77600,17-AUG-2016,
OPTSTK,JUSTDIAL,25-Aug-2016,480,PE,22.4,41.15,16.55,26.5,26.5,763,3089.42,75200,-64000,17-AUG-2016,
OPTSTK,JUSTDIAL,25-Aug-2016,500,PE,34.55,65,28.45,41.15,41.15,260,1128.17,97600,-32800,17-AUG-2016,
OPTSTK,JUSTDIAL,25-Aug-2016,520,PE,69.15,69.15,43.4,52.75,52.75,25,114.47,32800,0,17-AUG-2016,
OPTSTK,JUSTDIAL,25-Aug-2016,540,PE,77.85,77.85,65.2,73.55,73.55,7,34.39,15200,-800,17-AUG-2016,
OPTSTK,JUSTDIAL,25-Aug-2016,550,PE,95.5,95.5,70.1,82,82,10,50.44,16800,0,17-AUG-2016,
OPTSTK,JUSTDIAL,25-Aug-2016,560,PE,0,0,0,86.25,88.1,0,0,4800,0,17-AUG-2016,
OPTSTK,JUSTDIAL,25-Aug-2016,580,PE,0,0,0,124.95,107.9,0,0,6400,0,17-AUG-2016,
OPTSTK,JUSTDIAL,25-Aug-2016,600,PE,0,0,0,84.35,127.8,0,0,6400,0,17-AUG-2016,
OPTSTK,JUSTDIAL,25-Aug-2016,620,PE,0,0,0,47.15,147.75,0,0,0,0,17-AUG-2016,
OPTSTK,JUSTDIAL,25-Aug-2016,640,PE,0,0,0,58.65,167.7,0,0,0,0,17-AUG-2016,
OPTSTK,JUSTDIAL,25-Aug-2016,650,PE,0,0,0,106.65,177.7,0,0,800,0,17-AUG-2016,
OPTSTK,JUSTDIAL,25-Aug-2016,660,PE,0,0,0,71.4,187.7,0,0,0,0,17-AUG-2016,
OPTSTK,JUSTDIAL,25-Aug-2016,680,PE,0,0,0,85.25,207.65,0,0,0,0,17-AUG-2016,
OPTSTK,JUSTDIAL,25-Aug-2016,700,PE,0,0,0,214.6,227.6,0,0,1600,0,17-AUG-2016,
OPTSTK,JUSTDIAL,25-Aug-2016,720,PE,0,0,0,116,247.6,0,0,0,0,17-AUG-2016,
OPTSTK,JUSTDIAL,25-Aug-2016,740,PE,0,0,0,132.6,267.55,0,0,0,0,17-AUG-2016,
OPTSTK,JUSTDIAL,25-Aug-2016,750,PE,278.4,278.4,278.4,278.4,278.4,2,16.45,4000,800,17-AUG-2016,
OPTSTK,JUSTDIAL,25-Aug-2016,760,PE,0,0,0,149.85,287.55,0,0,0,0,17-AUG-2016,
OPTSTK,JUSTDIAL,25-Aug-2016,780,PE,0,0,0,167.6,307.5,0,0,0,0,17-AUG-2016,
OPTSTK,JUSTDIAL,25-Aug-2016,800,PE,0,0,0,260,327.45,0,0,800,0,17-AUG-2016,
OPTSTK,JUSTDIAL,25-Aug-2016,820,PE,0,0,0,204.35,347.45,0,0,0,0,17-AUG-2016,
OPTSTK,JUSTDIAL,25-Aug-2016,840,PE,0,0,0,223.2,367.4,0,0,0,0,17-AUG-2016,
OPTSTK,JUSTDIAL,25-Aug-2016,850,PE,0,0,0,309,377.4,0,0,5600,0,17-AUG-2016,
OPTSTK,JUSTDIAL,25-Aug-2016,900,PE,0,0,0,253.25,427.3,0,0,0,0,17-AUG-2016,
OPTSTK,JUSTDIAL,25-Aug-2016,950,PE,0,0,0,294.9,477.25,0,0,0,0,17-AUG-2016,
OPTSTK,JUSTDIAL,25-Aug-2016,1000,PE,0,0,0,338.1,527.15,0,0,0,0,17-AUG-2016,
OPTSTK,JUSTDIAL,25-Aug-2016,1050,PE,0,0,0,382.55,577.1,0,0,0,0,17-AUG-2016,
OPTSTK,JUSTDIAL,25-Aug-2016,1100,PE,0,0,0,428,627,0,0,0,0,17-AUG-2016,
OPTSTK,JUSTDIAL,25-Aug-2016,1150,PE,0,0,0,474.25,676.95,0,0,0,0,17-AUG-2016,
OPTSTK,JUSTDIAL,29-Sep-2016,320,CE,0,0,0,290.3,154.45,0,0,0,0,17-AUG-2016,
OPTSTK,JUSTDIAL,29-Sep-2016,340,CE,0,0,0,276.7,135.35,0,0,0,0,17-AUG-2016,
OPTSTK,JUSTDIAL,29-Sep-2016,360,CE,0,0,0,257.25,116.8,0,0,0,0,17-AUG-2016,
OPTSTK,JUSTDIAL,29-Sep-2016,380,CE,0,0,0,238,99.2,0,0,0,0,17-AUG-2016,
OPTSTK,JUSTDIAL,29-Sep-2016,400,CE,0,0,0,219.05,82.85,0,0,0,0,17-AUG-2016,
OPTSTK,JUSTDIAL,29-Sep-2016,420,CE,0,0,0,200.45,67.95,0,0,0,0,17-AUG-2016,
OPTSTK,JUSTDIAL,29-Sep-2016,440,CE,0,0,0,182.35,54.7,0,0,0,0,17-AUG-2016,
OPTSTK,JUSTDIAL,29-Sep-2016,460,CE,0,0,0,164.85,43.3,0,0,0,0,17-AUG-2016,
OPTSTK,JUSTDIAL,29-Sep-2016,480,CE,0,0,0,148.1,33.65,0,0,0,0,17-AUG-2016,
OPTSTK,JUSTDIAL,29-Sep-2016,500,CE,34,34,34,34,34,1,4.27,1600,800,17-AUG-2016,
OPTSTK,JUSTDIAL,29-Sep-2016,520,CE,26,26,26,26,26,1,4.36,800,800,17-AUG-2016,
OPTSTK,JUSTDIAL,29-Sep-2016,540,CE,0,0,0,13.5,14.4,0,0,800,0,17-AUG-2016,
OPTSTK,JUSTDIAL,29-Sep-2016,560,CE,11.2,11.2,11.2,11.2,11.2,1,4.56,800,800,17-AUG-2016,
OPTSTK,JUSTDIAL,29-Sep-2016,580,CE,0,0,0,78.85,7.6,0,0,0,0,17-AUG-2016,
OPTSTK,JUSTDIAL,29-Sep-2016,600,CE,0,0,0,68.25,5.4,0,0,0,0,17-AUG-2016,
OPTSTK,JUSTDIAL,29-Sep-2016,620,CE,0,0,0,58.75,3.85,0,0,0,0,17-AUG-2016,
OPTSTK,JUSTDIAL,29-Sep-2016,640,CE,0,0,0,50.3,2.65,0,0,0,0,17-AUG-2016,
OPTSTK,JUSTDIAL,29-Sep-2016,660,CE,0,0,0,42.85,1.85,0,0,0,0,17-AUG-2016,
OPTSTK,JUSTDIAL,29-Sep-2016,680,CE,8,8,8,8,8,1,5.5,3200,800,17-AUG-2016,
OPTSTK,JUSTDIAL,29-Sep-2016,700,CE,0,0,0,30.65,0.85,0,0,0,0,17-AUG-2016,
OPTSTK,JUSTDIAL,29-Sep-2016,720,CE,0,0,0,25.8,0.6,0,0,0,0,17-AUG-2016,
OPTSTK,JUSTDIAL,29-Sep-2016,740,CE,0,0,0,21.6,0.4,0,0,0,0,17-AUG-2016,
OPTSTK,JUSTDIAL,29-Sep-2016,760,CE,0,0,0,18,0.3,0,0,0,0,17-AUG-2016,
OPTSTK,JUSTDIAL,29-Sep-2016,780,CE,0,0,0,14.95,0.2,0,0,0,0,17-AUG-2016,
OPTSTK,JUSTDIAL,29-Sep-2016,800,CE,0,0,0,12.4,0.15,0,0,0,0,17-AUG-2016,
OPTSTK,JUSTDIAL,29-Sep-2016,820,CE,0,0,0,10.2,0.1,0,0,0,0,17-AUG-2016,
OPTSTK,JUSTDIAL,29-Sep-2016,840,CE,0,0,0,8.4,0.05,0,0,0,0,17-AUG-2016,
OPTSTK,JUSTDIAL,29-Sep-2016,860,CE,0,0,0,6.9,0.05,0,0,0,0,17-AUG-2016,
OPTSTK,JUSTDIAL,29-Sep-2016,880,CE,0,0,0,5.65,0.05,0,0,0,0,17-AUG-2016,
OPTSTK,JUSTDIAL,29-Sep-2016,900,CE,0,0,0,4.6,0.05,0,0,0,0,17-AUG-2016,
OPTSTK,JUSTDIAL,29-Sep-2016,320,PE,0,0,0,0.05,0.55,0,0,0,0,17-AUG-2016,
OPTSTK,JUSTDIAL,29-Sep-2016,340,PE,0,0,0,0.2,1.25,0,0,0,0,17-AUG-2016,
OPTSTK,JUSTDIAL,29-Sep-2016,360,PE,0,0,0,0.45,2.55,0,0,0,0,17-AUG-2016,
OPTSTK,JUSTDIAL,29-Sep-2016,380,PE,0,0,0,0.85,4.8,0,0,0,0,17-AUG-2016,
OPTSTK,JUSTDIAL,29-Sep-2016,400,PE,15.25,16,11.55,11.55,11.55,5,16.55,5600,2400,17-AUG-2016,
OPTSTK,JUSTDIAL,29-Sep-2016,420,PE,0,0,0,2.55,13.2,0,0,0,0,17-AUG-2016,
OPTSTK,JUSTDIAL,29-Sep-2016,440,PE,0,0,0,4.1,19.8,0,0,0,0,17-AUG-2016,
OPTSTK,JUSTDIAL,29-Sep-2016,460,PE,0,0,0,6.25,28.2,0,0,0,0,17-AUG-2016,
OPTSTK,JUSTDIAL,29-Sep-2016,480,PE,0,0,0,9.15,38.45,0,0,0,0,17-AUG-2016,
OPTSTK,JUSTDIAL,29-Sep-2016,500,PE,57,57,51.55,53.5,53.5,6,26.61,4000,4000,17-AUG-2016,
OPTSTK,JUSTDIAL,29-Sep-2016,520,PE,0,0,0,17.65,63.8,0,0,0,0,17-AUG-2016,
OPTSTK,JUSTDIAL,29-Sep-2016,540,PE,0,0,0,23.4,78.7,0,0,0,0,17-AUG-2016,
OPTSTK,JUSTDIAL,29-Sep-2016,560,PE,0,0,0,30.2,94.65,0,0,0,0,17-AUG-2016,
OPTSTK,JUSTDIAL,29-Sep-2016,580,PE,0,0,0,38.15,111.55,0,0,0,0,17-AUG-2016,
OPTSTK,JUSTDIAL,29-Sep-2016,600,PE,0,0,0,47.2,129.2,0,0,0,0,17-AUG-2016,
OPTSTK,JUSTDIAL,29-Sep-2016,620,PE,0,0,0,57.35,147.45,0,0,0,0,17-AUG-2016,
OPTSTK,JUSTDIAL,29-Sep-2016,640,PE,0,0,0,68.55,166.15,0,0,0,0,17-AUG-2016,
OPTSTK,JUSTDIAL,29-Sep-2016,660,PE,0,0,0,80.75,185.15,0,0,0,0,17-AUG-2016,
OPTSTK,JUSTDIAL,29-Sep-2016,680,PE,0,0,0,93.85,204.4,0,0,0,0,17-AUG-2016,
OPTSTK,JUSTDIAL,29-Sep-2016,700,PE,0,0,0,107.85,223.85,0,0,0,0,17-AUG-2016,
OPTSTK,JUSTDIAL,29-Sep-2016,720,PE,0,0,0,122.65,243.4,0,0,0,0,17-AUG-2016,
OPTSTK,JUSTDIAL,29-Sep-2016,740,PE,0,0,0,138.1,263.05,0,0,0,0,17-AUG-2016,
OPTSTK,JUSTDIAL,29-Sep-2016,760,PE,0,0,0,154.1,282.75,0,0,0,0,17-AUG-2016,
OPTSTK,JUSTDIAL,29-Sep-2016,780,PE,0,0,0,170.75,302.5,0,0,0,0,17-AUG-2016,
OPTSTK,JUSTDIAL,29-Sep-2016,800,PE,0,0,0,187.8,322.3,0,0,0,0,17-AUG-2016,
OPTSTK,JUSTDIAL,29-Sep-2016,820,PE,0,0,0,205.3,342.1,0,0,0,0,17-AUG-2016,
OPTSTK,JUSTDIAL,29-Sep-2016,840,PE,0,0,0,223.1,361.9,0,0,0,0,17-AUG-2016,
OPTSTK,JUSTDIAL,29-Sep-2016,860,PE,0,0,0,241.25,381.75,0,0,0,0,17-AUG-2016,
OPTSTK,JUSTDIAL,29-Sep-2016,880,PE,0,0,0,259.65,401.55,0,0,0,0,17-AUG-2016,
OPTSTK,JUSTDIAL,29-Sep-2016,900,PE,0,0,0,278.25,421.4,0,0,0,0,17-AUG-2016,
OPTSTK,JUSTDIAL,27-Oct-2016,320,CE,0,0,0,226.25,157.65,0,0,0,0,17-AUG-2016,
OPTSTK,JUSTDIAL,27-Oct-2016,340,CE,0,0,0,206.7,139.55,0,0,0,0,17-AUG-2016,
OPTSTK,JUSTDIAL,27-Oct-2016,360,CE,0,0,0,187.2,122.35,0,0,0,0,17-AUG-2016,
OPTSTK,JUSTDIAL,27-Oct-2016,380,CE,0,0,0,167.95,106.15,0,0,0,0,17-AUG-2016,
OPTSTK,JUSTDIAL,27-Oct-2016,400,CE,0,0,0,149.1,91.15,0,0,0,0,17-AUG-2016,
OPTSTK,JUSTDIAL,27-Oct-2016,420,CE,0,0,0,130.8,77.45,0,0,0,0,17-AUG-2016,
OPTSTK,JUSTDIAL,27-Oct-2016,440,CE,0,0,0,113.25,65.2,0,0,0,0,17-AUG-2016,
OPTSTK,JUSTDIAL,27-Oct-2016,460,CE,0,0,0,96.8,54.4,0,0,0,0,17-AUG-2016,
OPTSTK,JUSTDIAL,27-Oct-2016,480,CE,0,0,0,81.55,44.95,0,0,0,0,17-AUG-2016,
OPTSTK,JUSTDIAL,27-Oct-2016,500,CE,0,0,0,67.75,36.85,0,0,0,0,17-AUG-2016,
OPTSTK,JUSTDIAL,27-Oct-2016,520,CE,0,0,0,55.45,30,0,0,0,0,17-AUG-2016,
OPTSTK,JUSTDIAL,27-Oct-2016,540,CE,0,0,0,44.8,24.2,0,0,0,0,17-AUG-2016,
OPTSTK,JUSTDIAL,27-Oct-2016,560,CE,0,0,0,35.7,19.45,0,0,0,0,17-AUG-2016,
OPTSTK,JUSTDIAL,27-Oct-2016,580,CE,0,0,0,28.05,15.5,0,0,0,0,17-AUG-2016,
OPTSTK,JUSTDIAL,27-Oct-2016,600,CE,0,0,0,21.75,12.3,0,0,0,0,17-AUG-2016,
OPTSTK,JUSTDIAL,27-Oct-2016,620,CE,0,0,0,16.7,9.7,0,0,0,0,17-AUG-2016,
OPTSTK,JUSTDIAL,27-Oct-2016,640,CE,0,0,0,12.65,7.6,0,0,0,0,17-AUG-2016,
OPTSTK,JUSTDIAL,27-Oct-2016,660,CE,0,0,0,9.5,5.95,0,0,0,0,17-AUG-2016,
OPTSTK,JUSTDIAL,27-Oct-2016,680,CE,0,0,0,7.05,4.65,0,0,0,0,17-AUG-2016,
OPTSTK,JUSTDIAL,27-Oct-2016,700,CE,0,0,0,5.2,3.6,0,0,0,0,17-AUG-2016,
OPTSTK,JUSTDIAL,27-Oct-2016,720,CE,0,0,0,3.8,2.8,0,0,0,0,17-AUG-2016,
OPTSTK,JUSTDIAL,27-Oct-2016,740,CE,0,0,0,2.75,2.15,0,0,0,0,17-AUG-2016,
OPTSTK,JUSTDIAL,27-Oct-2016,760,CE,0,0,0,1.95,1.65,0,0,0,0,17-AUG-2016,
OPTSTK,JUSTDIAL,27-Oct-2016,780,CE,0,0,0,1.4,1.25,0,0,0,0,17-AUG-2016,
OPTSTK,JUSTDIAL,27-Oct-2016,800,CE,0,0,0,1,0.95,0,0,0,0,17-AUG-2016,
OPTSTK,JUSTDIAL,27-Oct-2016,820,CE,0,0,0,0.7,0.75,0,0,0,0,17-AUG-2016,
OPTSTK,JUSTDIAL,27-Oct-2016,320,PE,0,0,0,0.05,2.05,0,0,0,0,17-AUG-2016,
OPTSTK,JUSTDIAL,27-Oct-2016,340,PE,0,0,0,0.15,3.7,0,0,0,0,17-AUG-2016,
OPTSTK,JUSTDIAL,27-Oct-2016,360,PE,0,0,0,0.35,6.2,0,0,0,0,17-AUG-2016,
OPTSTK,JUSTDIAL,27-Oct-2016,380,PE,0,0,0,0.75,9.7,0,0,0,0,17-AUG-2016,
OPTSTK,JUSTDIAL,27-Oct-2016,400,PE,0,0,0,1.5,14.45,0,0,0,0,17-AUG-2016,
OPTSTK,JUSTDIAL,27-Oct-2016,420,PE,0,0,0,2.85,20.5,0,0,0,0,17-AUG-2016,
OPTSTK,JUSTDIAL,27-Oct-2016,440,PE,0,0,0,5,28,0,0,0,0,17-AUG-2016,
OPTSTK,JUSTDIAL,27-Oct-2016,460,PE,0,0,0,8.2,36.9,0,0,0,0,17-AUG-2016,
OPTSTK,JUSTDIAL,27-Oct-2016,480,PE,0,0,0,12.65,47.2,0,0,0,0,17-AUG-2016,
OPTSTK,JUSTDIAL,27-Oct-2016,500,PE,0,0,0,18.45,58.85,0,0,0,0,17-AUG-2016,
OPTSTK,JUSTDIAL,27-Oct-2016,520,PE,0,0,0,25.85,71.7,0,0,0,0,17-AUG-2016,
OPTSTK,JUSTDIAL,27-Oct-2016,540,PE,0,0,0,34.8,85.65,0,0,0,0,17-AUG-2016,
OPTSTK,JUSTDIAL,27-Oct-2016,560,PE,0,0,0,45.35,100.65,0,0,0,0,17-AUG-2016,
OPTSTK,JUSTDIAL,27-Oct-2016,580,PE,0,0,0,57.4,116.4,0,0,0,0,17-AUG-2016,
OPTSTK,JUSTDIAL,27-Oct-2016,600,PE,0,0,0,70.75,132.95,0,0,0,0,17-AUG-2016,
OPTSTK,JUSTDIAL,27-Oct-2016,620,PE,0,0,0,85.35,150.05,0,0,0,0,17-AUG-2016,
OPTSTK,JUSTDIAL,27-Oct-2016,640,PE,0,0,0,100.95,167.7,0,0,0,0,17-AUG-2016,
OPTSTK,JUSTDIAL,27-Oct-2016,660,PE,0,0,0,117.45,185.8,0,0,0,0,17-AUG-2016,
OPTSTK,JUSTDIAL,27-Oct-2016,680,PE,0,0,0,134.65,204.2,0,0,0,0,17-AUG-2016,
OPTSTK,JUSTDIAL,27-Oct-2016,700,PE,0,0,0,152.45,222.9,0,0,0,0,17-AUG-2016,
OPTSTK,JUSTDIAL,27-Oct-2016,720,PE,0,0,0,170.7,241.85,0,0,0,0,17-AUG-2016,
OPTSTK,JUSTDIAL,27-Oct-2016,740,PE,0,0,0,189.35,260.95,0,0,0,0,17-AUG-2016,
OPTSTK,JUSTDIAL,27-Oct-2016,760,PE,0,0,0,208.2,280.15,0,0,0,0,17-AUG-2016,
OPTSTK,JUSTDIAL,27-Oct-2016,780,PE,0,0,0,227.3,299.5,0,0,0,0,17-AUG-2016,
OPTSTK,JUSTDIAL,27-Oct-2016,800,PE,0,0,0,246.55,318.95,0,0,0,0,17-AUG-2016,
OPTSTK,JUSTDIAL,27-Oct-2016,820,PE,0,0,0,265.9,338.45,0,0,0,0,17-AUG-2016,
OPTSTK,KOTAKBANK,25-Aug-2016,530,CE,0,0,0,209.85,236.45,0,0,0,0,17-AUG-2016,
OPTSTK,KOTAKBANK,25-Aug-2016,540,CE,0,0,0,200.1,226.5,0,0,0,0,17-AUG-2016,
OPTSTK,KOTAKBANK,25-Aug-2016,550,CE,0,0,0,190.4,216.5,0,0,0,0,17-AUG-2016,
OPTSTK,KOTAKBANK,25-Aug-2016,560,CE,0,0,0,180.75,206.5,0,0,0,0,17-AUG-2016,
OPTSTK,KOTAKBANK,25-Aug-2016,570,CE,0,0,0,171.15,196.5,0,0,0,0,17-AUG-2016,
OPTSTK,KOTAKBANK,25-Aug-2016,580,CE,0,0,0,161.65,186.55,0,0,0,0,17-AUG-2016,
OPTSTK,KOTAKBANK,25-Aug-2016,590,CE,0,0,0,152.25,176.55,0,0,0,0,17-AUG-2016,
OPTSTK,KOTAKBANK,25-Aug-2016,600,CE,0,0,0,142.95,166.55,0,0,0,0,17-AUG-2016,
OPTSTK,KOTAKBANK,25-Aug-2016,610,CE,0,0,0,133.85,156.6,0,0,0,0,17-AUG-2016,
OPTSTK,KOTAKBANK,25-Aug-2016,620,CE,0,0,0,124.9,146.6,0,0,0,0,17-AUG-2016,
OPTSTK,KOTAKBANK,25-Aug-2016,630,CE,0,0,0,116.15,136.6,0,0,0,0,17-AUG-2016,
OPTSTK,KOTAKBANK,25-Aug-2016,640,CE,0,0,0,107.65,126.65,0,0,0,0,17-AUG-2016,
OPTSTK,KOTAKBANK,25-Aug-2016,650,CE,0,0,0,99.4,116.65,0,0,0,0,17-AUG-2016,
OPTSTK,KOTAKBANK,25-Aug-2016,660,CE,0,0,0,91.45,106.65,0,0,0,0,17-AUG-2016,
OPTSTK,KOTAKBANK,25-Aug-2016,670,CE,0,0,0,83.8,96.65,0,0,0,0,17-AUG-2016,
OPTSTK,KOTAKBANK,25-Aug-2016,680,CE,0,0,0,74,86.7,0,0,1600,0,17-AUG-2016,
OPTSTK,KOTAKBANK,25-Aug-2016,690,CE,0,0,0,64,76.7,0,0,1600,0,17-AUG-2016,
OPTSTK,KOTAKBANK,25-Aug-2016,700,CE,0,0,0,70,66.75,0,0,17600,0,17-AUG-2016,
OPTSTK,KOTAKBANK,25-Aug-2016,710,CE,0,0,0,48,56.8,0,0,1600,0,17-AUG-2016,
OPTSTK,KOTAKBANK,25-Aug-2016,720,CE,0,0,0,39,46.95,0,0,63200,0,17-AUG-2016,
OPTSTK,KOTAKBANK,25-Aug-2016,730,CE,0,0,0,37.6,37.35,0,0,1600,0,17-AUG-2016,
OPTSTK,KOTAKBANK,25-Aug-2016,740,CE,0,0,0,29.05,28.25,0,0,3200,0,17-AUG-2016,
OPTSTK,KOTAKBANK,25-Aug-2016,750,CE,19,20.9,17,19.9,19.9,10,61.51,16000,1600,17-AUG-2016,
OPTSTK,KOTAKBANK,25-Aug-2016,760,CE,13,14,10.9,12.3,12.3,17,105.03,95200,800,17-AUG-2016,
OPTSTK,KOTAKBANK,25-Aug-2016,770,CE,9.5,9.5,6.55,7.4,7.4,219,1362.9,218400,8800,17-AUG-2016,
OPTSTK,KOTAKBANK,25-Aug-2016,780,CE,5.65,5.65,3.8,4.65,4.65,79,496.03,208000,24000,17-AUG-2016,
OPTSTK,KOTAKBANK,25-Aug-2016,790,CE,2.7,2.9,2.5,2.7,2.7,14,88.77,40800,800,17-AUG-2016,
OPTSTK,KOTAKBANK,25-Aug-2016,800,CE,1.9,1.9,1.4,1.4,1.4,39,250.13,156800,12800,17-AUG-2016,
OPTSTK,KOTAKBANK,25-Aug-2016,810,CE,0.85,0.85,0.8,0.85,0.85,10,64.86,8800,-3200,17-AUG-2016,
OPTSTK,KOTAKBANK,25-Aug-2016,820,CE,0,0,0,0.7,0.15,0,0,12000,0,17-AUG-2016,
OPTSTK,KOTAKBANK,25-Aug-2016,830,CE,0,0,0,0.6,0.05,0,0,0,0,17-AUG-2016,
OPTSTK,KOTAKBANK,25-Aug-2016,840,CE,0,0,0,0.5,0.05,0,0,20800,0,17-AUG-2016,
OPTSTK,KOTAKBANK,25-Aug-2016,850,CE,0,0,0,0.4,0,0,0,10400,0,17-AUG-2016,
OPTSTK,KOTAKBANK,25-Aug-2016,860,CE,0,0,0,7.45,0,0,0,0,0,17-AUG-2016,
OPTSTK,KOTAKBANK,25-Aug-2016,870,CE,0,0,0,6.3,0,0,0,0,0,17-AUG-2016,
OPTSTK,KOTAKBANK,25-Aug-2016,880,CE,0,0,0,5.3,0,0,0,0,0,17-AUG-2016,
OPTSTK,KOTAKBANK,25-Aug-2016,530,PE,0,0,0,0.15,0,0,0,0,0,17-AUG-2016,
OPTSTK,KOTAKBANK,25-Aug-2016,540,PE,0,0,0,0.25,0,0,0,0,0,17-AUG-2016,
OPTSTK,KOTAKBANK,25-Aug-2016,550,PE,0,0,0,0.4,0,0,0,0,0,17-AUG-2016,
OPTSTK,KOTAKBANK,25-Aug-2016,560,PE,0,0,0,0.55,0,0,0,0,0,17-AUG-2016,
OPTSTK,KOTAKBANK,25-Aug-2016,570,PE,0,0,0,0.8,0,0,0,0,0,17-AUG-2016,
OPTSTK,KOTAKBANK,25-Aug-2016,580,PE,0,0,0,1.1,0,0,0,0,0,17-AUG-2016,
OPTSTK,KOTAKBANK,25-Aug-2016,590,PE,0,0,0,1.5,0,0,0,0,0,17-AUG-2016,
OPTSTK,KOTAKBANK,25-Aug-2016,600,PE,0,0,0,2.05,0,0,0,0,0,17-AUG-2016,
OPTSTK,KOTAKBANK,25-Aug-2016,610,PE,0,0,0,2.75,0,0,0,0,0,17-AUG-2016,
OPTSTK,KOTAKBANK,25-Aug-2016,620,PE,0,0,0,3.65,0,0,0,0,0,17-AUG-2016,
OPTSTK,KOTAKBANK,25-Aug-2016,630,PE,0,0,0,4.7,0,0,0,0,0,17-AUG-2016,
OPTSTK,KOTAKBANK,25-Aug-2016,640,PE,0,0,0,6.05,0,0,0,0,0,17-AUG-2016,
OPTSTK,KOTAKBANK,25-Aug-2016,650,PE,0,0,0,7.6,0,0,0,0,0,17-AUG-2016,
OPTSTK,KOTAKBANK,25-Aug-2016,660,PE,0,0,0,9.45,0,0,0,0,0,17-AUG-2016,
OPTSTK,KOTAKBANK,25-Aug-2016,670,PE,0,0,0,11.65,0,0,0,0,0,17-AUG-2016,
OPTSTK,KOTAKBANK,25-Aug-2016,680,PE,0,0,0,1.55,0,0,0,4000,0,17-AUG-2016,
OPTSTK,KOTAKBANK,25-Aug-2016,690,PE,0,0,0,1.05,0,0,0,1600,0,17-AUG-2016,
OPTSTK,KOTAKBANK,25-Aug-2016,700,PE,0.2,0.2,0.2,0.2,0.2,1,5.6,16800,800,17-AUG-2016,
OPTSTK,KOTAKBANK,25-Aug-2016,710,PE,0,0,0,4.2,0.05,0,0,800,0,17-AUG-2016,
OPTSTK,KOTAKBANK,25-Aug-2016,720,PE,0.6,0.65,0.6,0.65,0.65,7,40.35,28000,0,17-AUG-2016,
OPTSTK,KOTAKBANK,25-Aug-2016,730,PE,1.4,1.4,1.25,1.25,1.25,2,11.7,26400,800,17-AUG-2016,
OPTSTK,KOTAKBANK,25-Aug-2016,740,PE,2.05,2.55,1.95,2.25,2.25,19,112.82,51200,3200,17-AUG-2016,
OPTSTK,KOTAKBANK,25-Aug-2016,750,PE,2.95,5.3,2.95,4,4,54,325.83,65600,-800,17-AUG-2016,
OPTSTK,KOTAKBANK,25-Aug-2016,760,PE,5.3,9,5.3,7.05,7.05,134,822.62,48000,-4800,17-AUG-2016,
OPTSTK,KOTAKBANK,25-Aug-2016,770,PE,11.55,13.6,11.05,11.85,11.85,41,256.57,37600,-11200,17-AUG-2016,
OPTSTK,KOTAKBANK,25-Aug-2016,780,PE,17.85,20.1,17.85,20.1,20.1,6,38.35,18400,-800,17-AUG-2016,
OPTSTK,KOTAKBANK,25-Aug-2016,790,PE,0,0,0,28.35,25.35,0,0,11200,0,17-AUG-2016,
OPTSTK,KOTAKBANK,25-Aug-2016,800,PE,0,0,0,38.1,34.15,0,0,3200,0,17-AUG-2016,
OPTSTK,KOTAKBANK,25-Aug-2016,810,PE,0,0,0,53.85,43.55,0,0,800,0,17-AUG-2016,
OPTSTK,KOTAKBANK,25-Aug-2016,820,PE,0,0,0,89.1,53.3,0,0,0,0,17-AUG-2016,
OPTSTK,KOTAKBANK,25-Aug-2016,830,PE,0,0,0,96.95,63.15,0,0,0,0,17-AUG-2016,
OPTSTK,KOTAKBANK,25-Aug-2016,840,PE,0,0,0,105.05,73.15,0,0,0,0,17-AUG-2016,
OPTSTK,KOTAKBANK,25-Aug-2016,850,PE,0,0,0,87,83.1,0,0,1600,0,17-AUG-2016,
OPTSTK,KOTAKBANK,25-Aug-2016,860,PE,0,0,0,121.9,93.1,0,0,0,0,17-AUG-2016,
OPTSTK,KOTAKBANK,25-Aug-2016,870,PE,0,0,0,130.55,103.05,0,0,0,0,17-AUG-2016,
OPTSTK,KOTAKBANK,25-Aug-2016,880,PE,0,0,0,139.4,113.05,0,0,0,0,17-AUG-2016,
OPTSTK,KOTAKBANK,29-Sep-2016,560,CE,0,0,0,213.3,210.2,0,0,0,0,17-AUG-2016,
OPTSTK,KOTAKBANK,29-Sep-2016,570,CE,0,0,0,203.5,200.3,0,0,0,0,17-AUG-2016,
OPTSTK,KOTAKBANK,29-Sep-2016,580,CE,0,0,0,193.75,190.35,0,0,0,0,17-AUG-2016,
OPTSTK,KOTAKBANK,29-Sep-2016,590,CE,0,0,0,184,180.45,0,0,0,0,17-AUG-2016,
OPTSTK,KOTAKBANK,29-Sep-2016,600,CE,0,0,0,174.3,170.55,0,0,0,0,17-AUG-2016,
OPTSTK,KOTAKBANK,29-Sep-2016,610,CE,0,0,0,164.65,160.6,0,0,0,0,17-AUG-2016,
OPTSTK,KOTAKBANK,29-Sep-2016,620,CE,0,0,0,155.05,150.7,0,0,0,0,17-AUG-2016,
OPTSTK,KOTAKBANK,29-Sep-2016,630,CE,0,0,0,145.55,140.8,0,0,0,0,17-AUG-2016,
OPTSTK,KOTAKBANK,29-Sep-2016,640,CE,0,0,0,136.15,130.9,0,0,0,0,17-AUG-2016,
OPTSTK,KOTAKBANK,29-Sep-2016,650,CE,0,0,0,126.9,121.1,0,0,0,0,17-AUG-2016,
OPTSTK,KOTAKBANK,29-Sep-2016,660,CE,0,0,0,117.8,111.3,0,0,0,0,17-AUG-2016,
OPTSTK,KOTAKBANK,29-Sep-2016,670,CE,0,0,0,108.95,101.55,0,0,0,0,17-AUG-2016,
OPTSTK,KOTAKBANK,29-Sep-2016,680,CE,0,0,0,100.3,92,0,0,0,0,17-AUG-2016,
OPTSTK,KOTAKBANK,29-Sep-2016,690,CE,0,0,0,91.95,82.6,0,0,0,0,17-AUG-2016,
OPTSTK,KOTAKBANK,29-Sep-2016,700,CE,0,0,0,83.9,73.45,0,0,0,0,17-AUG-2016,
OPTSTK,KOTAKBANK,29-Sep-2016,710,CE,0,0,0,76.15,64.65,0,0,0,0,17-AUG-2016,
OPTSTK,KOTAKBANK,29-Sep-2016,720,CE,0,0,0,68.85,56.25,0,0,0,0,17-AUG-2016,
OPTSTK,KOTAKBANK,29-Sep-2016,730,CE,0,0,0,61.85,48.3,0,0,0,0,17-AUG-2016,
OPTSTK,KOTAKBANK,29-Sep-2016,740,CE,0,0,0,55.3,40.95,0,0,0,0,17-AUG-2016,
OPTSTK,KOTAKBANK,29-Sep-2016,750,CE,0,0,0,49.2,34.25,0,0,0,0,17-AUG-2016,
OPTSTK,KOTAKBANK,29-Sep-2016,760,CE,0,0,0,43.5,28.25,0,0,0,0,17-AUG-2016,
OPTSTK,KOTAKBANK,29-Sep-2016,770,CE,0,0,0,38.3,22.95,0,0,0,0,17-AUG-2016,
OPTSTK,KOTAKBANK,29-Sep-2016,780,CE,0,0,0,21,18.35,0,0,1600,0,17-AUG-2016,
OPTSTK,KOTAKBANK,29-Sep-2016,790,CE,0,0,0,17.5,14.45,0,0,1600,0,17-AUG-2016,
OPTSTK,KOTAKBANK,29-Sep-2016,800,CE,0,0,0,13.5,11.2,0,0,800,0,17-AUG-2016,
OPTSTK,KOTAKBANK,29-Sep-2016,810,CE,0,0,0,10.8,8.55,0,0,800,0,17-AUG-2016,
OPTSTK,KOTAKBANK,29-Sep-2016,820,CE,0,0,0,18.6,6.4,0,0,0,0,17-AUG-2016,
OPTSTK,KOTAKBANK,29-Sep-2016,830,CE,0,0,0,15.85,4.7,0,0,0,0,17-AUG-2016,
OPTSTK,KOTAKBANK,29-Sep-2016,840,CE,0,0,0,13.45,3.45,0,0,0,0,17-AUG-2016,
OPTSTK,KOTAKBANK,29-Sep-2016,850,CE,0,0,0,11.35,2.45,0,0,0,0,17-AUG-2016,
OPTSTK,KOTAKBANK,29-Sep-2016,860,CE,0,0,0,9.5,1.75,0,0,0,0,17-AUG-2016,
OPTSTK,KOTAKBANK,29-Sep-2016,870,CE,0,0,0,7.95,1.2,0,0,0,0,17-AUG-2016,
OPTSTK,KOTAKBANK,29-Sep-2016,880,CE,0,0,0,6.6,0.8,0,0,0,0,17-AUG-2016,
OPTSTK,KOTAKBANK,29-Sep-2016,560,PE,0,0,0,0.05,0,0,0,0,0,17-AUG-2016,
OPTSTK,KOTAKBANK,29-Sep-2016,570,PE,0,0,0,0.1,0,0,0,0,0,17-AUG-2016,
OPTSTK,KOTAKBANK,29-Sep-2016,580,PE,0,0,0,0.15,0,0,0,0,0,17-AUG-2016,
OPTSTK,KOTAKBANK,29-Sep-2016,590,PE,0,0,0,0.2,0,0,0,0,0,17-AUG-2016,
OPTSTK,KOTAKBANK,29-Sep-2016,600,PE,0,0,0,0.35,0,0,0,0,0,17-AUG-2016,
OPTSTK,KOTAKBANK,29-Sep-2016,610,PE,0,0,0,0.5,0.05,0,0,0,0,17-AUG-2016,
OPTSTK,KOTAKBANK,29-Sep-2016,620,PE,0,0,0,0.75,0.05,0,0,0,0,17-AUG-2016,
OPTSTK,KOTAKBANK,29-Sep-2016,630,PE,0,0,0,1.05,0.05,0,0,0,0,17-AUG-2016,
OPTSTK,KOTAKBANK,29-Sep-2016,640,PE,0,0,0,1.5,0.1,0,0,0,0,17-AUG-2016,
OPTSTK,KOTAKBANK,29-Sep-2016,650,PE,0,0,0,2.05,0.15,0,0,0,0,17-AUG-2016,
OPTSTK,KOTAKBANK,29-Sep-2016,660,PE,0,0,0,2.8,0.3,0,0,0,0,17-AUG-2016,
OPTSTK,KOTAKBANK,29-Sep-2016,670,PE,0,0,0,3.75,0.5,0,0,0,0,17-AUG-2016,
OPTSTK,KOTAKBANK,29-Sep-2016,680,PE,0,0,0,4.95,0.85,0,0,0,0,17-AUG-2016,
OPTSTK,KOTAKBANK,29-Sep-2016,690,PE,0,0,0,6.4,1.35,0,0,0,0,17-AUG-2016,
OPTSTK,KOTAKBANK,29-Sep-2016,700,PE,0,0,0,8.15,2.15,0,0,0,0,17-AUG-2016,
OPTSTK,KOTAKBANK,29-Sep-2016,710,PE,0,0,0,10.25,3.25,0,0,0,0,17-AUG-2016,
OPTSTK,KOTAKBANK,29-Sep-2016,720,PE,0,0,0,12.75,4.75,0,0,0,0,17-AUG-2016,
OPTSTK,KOTAKBANK,29-Sep-2016,730,PE,9.95,9.95,9,9,9,6,35.5,9600,4800,17-AUG-2016,
OPTSTK,KOTAKBANK,29-Sep-2016,740,PE,11.5,12,11.5,12,12,11,66.15,17600,8800,17-AUG-2016,
OPTSTK,KOTAKBANK,29-Sep-2016,750,PE,14,16,14,16,16,9,55.04,16000,7200,17-AUG-2016,
OPTSTK,KOTAKBANK,29-Sep-2016,760,PE,19,19,19,19,19,1,6.23,1600,800,17-AUG-2016,
OPTSTK,KOTAKBANK,29-Sep-2016,770,PE,23.25,23.25,23.25,23.25,23.25,1,6.34,1600,800,17-AUG-2016,
OPTSTK,KOTAKBANK,29-Sep-2016,780,PE,0,0,0,36.35,26.4,0,0,0,0,17-AUG-2016,
OPTSTK,KOTAKBANK,29-Sep-2016,790,PE,0,0,0,41.85,32.4,0,0,0,0,17-AUG-2016,
OPTSTK,KOTAKBANK,29-Sep-2016,800,PE,0,0,0,47.75,39.05,0,0,0,0,17-AUG-2016,
OPTSTK,KOTAKBANK,29-Sep-2016,810,PE,0,0,0,54.05,46.35,0,0,0,0,17-AUG-2016,
OPTSTK,KOTAKBANK,29-Sep-2016,820,PE,0,0,0,60.75,54.1,0,0,0,0,17-AUG-2016,
OPTSTK,KOTAKBANK,29-Sep-2016,830,PE,0,0,0,67.85,62.35,0,0,0,0,17-AUG-2016,
OPTSTK,KOTAKBANK,29-Sep-2016,840,PE,0,0,0,75.25,71,0,0,0,0,17-AUG-2016,
OPTSTK,KOTAKBANK,29-Sep-2016,850,PE,0,0,0,82.95,79.9,0,0,0,0,17-AUG-2016,
OPTSTK,KOTAKBANK,29-Sep-2016,860,PE,0,0,0,90.95,89.1,0,0,0,0,17-AUG-2016,
OPTSTK,KOTAKBANK,29-Sep-2016,870,PE,0,0,0,99.2,98.5,0,0,0,0,17-AUG-2016,
OPTSTK,KOTAKBANK,29-Sep-2016,880,PE,0,0,0,107.7,108.05,0,0,0,0,17-AUG-2016,
OPTSTK,KOTAKBANK,27-Oct-2016,560,CE,0,0,0,200.05,213.15,0,0,0,0,17-AUG-2016,
OPTSTK,KOTAKBANK,27-Oct-2016,570,CE,0,0,0,190.25,203.3,0,0,0,0,17-AUG-2016,
OPTSTK,KOTAKBANK,27-Oct-2016,580,CE,0,0,0,180.5,193.4,0,0,0,0,17-AUG-2016,
OPTSTK,KOTAKBANK,27-Oct-2016,590,CE,0,0,0,170.75,183.55,0,0,0,0,17-AUG-2016,
OPTSTK,KOTAKBANK,27-Oct-2016,600,CE,0,0,0,161.05,173.7,0,0,0,0,17-AUG-2016,
OPTSTK,KOTAKBANK,27-Oct-2016,610,CE,0,0,0,151.45,163.9,0,0,0,0,17-AUG-2016,
OPTSTK,KOTAKBANK,27-Oct-2016,620,CE,0,0,0,141.9,154.1,0,0,0,0,17-AUG-2016,
OPTSTK,KOTAKBANK,27-Oct-2016,630,CE,0,0,0,132.45,144.35,0,0,0,0,17-AUG-2016,
OPTSTK,KOTAKBANK,27-Oct-2016,640,CE,0,0,0,123.2,134.65,0,0,0,0,17-AUG-2016,
OPTSTK,KOTAKBANK,27-Oct-2016,650,CE,0,0,0,114.05,125.05,0,0,0,0,17-AUG-2016,
OPTSTK,KOTAKBANK,27-Oct-2016,660,CE,0,0,0,105.15,115.55,0,0,0,0,17-AUG-2016,
OPTSTK,KOTAKBANK,27-Oct-2016,670,CE,0,0,0,96.45,106.2,0,0,0,0,17-AUG-2016,
OPTSTK,KOTAKBANK,27-Oct-2016,680,CE,0,0,0,88.1,97.05,0,0,0,0,17-AUG-2016,
OPTSTK,KOTAKBANK,27-Oct-2016,690,CE,0,0,0,80,88.1,0,0,0,0,17-AUG-2016,
OPTSTK,KOTAKBANK,27-Oct-2016,700,CE,0,0,0,72.3,79.5,0,0,0,0,17-AUG-2016,
OPTSTK,KOTAKBANK,27-Oct-2016,710,CE,0,0,0,64.95,71.25,0,0,0,0,17-AUG-2016,
OPTSTK,KOTAKBANK,27-Oct-2016,720,CE,0,0,0,58,63.35,0,0,0,0,17-AUG-2016,
OPTSTK,KOTAKBANK,27-Oct-2016,730,CE,0,0,0,51.55,55.95,0,0,0,0,17-AUG-2016,
OPTSTK,KOTAKBANK,27-Oct-2016,740,CE,0,0,0,45.5,48.95,0,0,0,0,17-AUG-2016,
OPTSTK,KOTAKBANK,27-Oct-2016,750,CE,0,0,0,39.95,42.5,0,0,0,0,17-AUG-2016,
OPTSTK,KOTAKBANK,27-Oct-2016,760,CE,0,0,0,34.85,36.6,0,0,0,0,17-AUG-2016,
OPTSTK,KOTAKBANK,27-Oct-2016,770,CE,0,0,0,30.25,31.2,0,0,0,0,17-AUG-2016,
OPTSTK,KOTAKBANK,27-Oct-2016,780,CE,0,0,0,26.05,26.4,0,0,0,0,17-AUG-2016,
OPTSTK,KOTAKBANK,27-Oct-2016,790,CE,0,0,0,22.3,22.15,0,0,0,0,17-AUG-2016,
OPTSTK,KOTAKBANK,27-Oct-2016,800,CE,0,0,0,19,18.4,0,0,0,0,17-AUG-2016,
OPTSTK,KOTAKBANK,27-Oct-2016,810,CE,0,0,0,16.1,15.15,0,0,0,0,17-AUG-2016,
OPTSTK,KOTAKBANK,27-Oct-2016,820,CE,0,0,0,13.55,12.35,0,0,0,0,17-AUG-2016,
OPTSTK,KOTAKBANK,27-Oct-2016,830,CE,0,0,0,11.35,10,0,0,0,0,17-AUG-2016,
OPTSTK,KOTAKBANK,27-Oct-2016,840,CE,0,0,0,9.45,8.05,0,0,0,0,17-AUG-2016,
OPTSTK,KOTAKBANK,27-Oct-2016,850,CE,0,0,0,7.8,6.4,0,0,0,0,17-AUG-2016,
OPTSTK,KOTAKBANK,27-Oct-2016,860,CE,0,0,0,6.4,5.05,0,0,0,0,17-AUG-2016,
OPTSTK,KOTAKBANK,27-Oct-2016,870,CE,0,0,0,5.25,3.95,0,0,0,0,17-AUG-2016,
OPTSTK,KOTAKBANK,27-Oct-2016,880,CE,0,0,0,4.25,3.05,0,0,0,0,17-AUG-2016,
OPTSTK,KOTAKBANK,27-Oct-2016,560,PE,0,0,0,0.1,0,0,0,0,0,17-AUG-2016,
OPTSTK,KOTAKBANK,27-Oct-2016,570,PE,0,0,0,0.1,0.05,0,0,0,0,17-AUG-2016,
OPTSTK,KOTAKBANK,27-Oct-2016,580,PE,0,0,0,0.2,0.05,0,0,0,0,17-AUG-2016,
OPTSTK,KOTAKBANK,27-Oct-2016,590,PE,0,0,0,0.25,0.05,0,0,0,0,17-AUG-2016,
OPTSTK,KOTAKBANK,27-Oct-2016,600,PE,0,0,0,0.4,0.05,0,0,0,0,17-AUG-2016,
OPTSTK,KOTAKBANK,27-Oct-2016,610,PE,0,0,0,0.6,0.1,0,0,0,0,17-AUG-2016,
OPTSTK,KOTAKBANK,27-Oct-2016,620,PE,0,0,0,0.9,0.2,0,0,0,0,17-AUG-2016,
OPTSTK,KOTAKBANK,27-Oct-2016,630,PE,0,0,0,1.3,0.3,0,0,0,0,17-AUG-2016,
OPTSTK,KOTAKBANK,27-Oct-2016,640,PE,0,0,0,1.85,0.45,0,0,0,0,17-AUG-2016,
OPTSTK,KOTAKBANK,27-Oct-2016,650,PE,0,0,0,2.55,0.7,0,0,0,0,17-AUG-2016,
OPTSTK,KOTAKBANK,27-Oct-2016,660,PE,0,0,0,3.45,1.1,0,0,0,0,17-AUG-2016,
OPTSTK,KOTAKBANK,27-Oct-2016,670,PE,0,0,0,4.6,1.6,0,0,0,0,17-AUG-2016,
OPTSTK,KOTAKBANK,27-Oct-2016,680,PE,0,0,0,6.05,2.3,0,0,0,0,17-AUG-2016,
OPTSTK,KOTAKBANK,27-Oct-2016,690,PE,0,0,0,7.8,3.3,0,0,0,0,17-AUG-2016,
OPTSTK,KOTAKBANK,27-Oct-2016,700,PE,0,0,0,9.9,4.5,0,0,0,0,17-AUG-2016,
OPTSTK,KOTAKBANK,27-Oct-2016,710,PE,0,0,0,12.4,6.1,0,0,0,0,17-AUG-2016,
OPTSTK,KOTAKBANK,27-Oct-2016,720,PE,0,0,0,15.3,8.1,0,0,0,0,17-AUG-2016,
OPTSTK,KOTAKBANK,27-Oct-2016,730,PE,0,0,0,18.65,10.55,0,0,0,0,17-AUG-2016,
OPTSTK,KOTAKBANK,27-Oct-2016,740,PE,0,0,0,22.45,13.4,0,0,0,0,17-AUG-2016,
OPTSTK,KOTAKBANK,27-Oct-2016,750,PE,0,0,0,26.7,16.85,0,0,0,0,17-AUG-2016,
OPTSTK,KOTAKBANK,27-Oct-2016,760,PE,0,0,0,31.45,20.8,0,0,0,0,17-AUG-2016,
OPTSTK,KOTAKBANK,27-Oct-2016,770,PE,0,0,0,36.65,25.3,0,0,0,0,17-AUG-2016,
OPTSTK,KOTAKBANK,27-Oct-2016,780,PE,0,0,0,42.3,30.35,0,0,0,0,17-AUG-2016,
OPTSTK,KOTAKBANK,27-Oct-2016,790,PE,0,0,0,48.4,35.95,0,0,0,0,17-AUG-2016,
OPTSTK,KOTAKBANK,27-Oct-2016,800,PE,0,0,0,54.9,42.1,0,0,0,0,17-AUG-2016,
OPTSTK,KOTAKBANK,27-Oct-2016,810,PE,0,0,0,61.8,48.7,0,0,0,0,17-AUG-2016,
OPTSTK,KOTAKBANK,27-Oct-2016,820,PE,0,0,0,69.15,55.8,0,0,0,0,17-AUG-2016,
OPTSTK,KOTAKBANK,27-Oct-2016,830,PE,0,0,0,76.75,63.3,0,0,0,0,17-AUG-2016,
OPTSTK,KOTAKBANK,27-Oct-2016,840,PE,0,0,0,84.65,71.2,0,0,0,0,17-AUG-2016,
OPTSTK,KOTAKBANK,27-Oct-2016,850,PE,0,0,0,92.85,79.4,0,0,0,0,17-AUG-2016,
OPTSTK,KOTAKBANK,27-Oct-2016,860,PE,0,0,0,101.3,87.9,0,0,0,0,17-AUG-2016,
OPTSTK,KOTAKBANK,27-Oct-2016,870,PE,0,0,0,109.95,96.7,0,0,0,0,17-AUG-2016,
OPTSTK,KOTAKBANK,27-Oct-2016,880,PE,0,0,0,118.8,105.65,0,0,0,0,17-AUG-2016,
OPTSTK,KPIT,25-Aug-2016,85,CE,0,0,0,73.5,41.3,0,0,0,0,17-AUG-2016,
OPTSTK,KPIT,25-Aug-2016,90,CE,0,0,0,68.85,36.3,0,0,0,0,17-AUG-2016,
OPTSTK,KPIT,25-Aug-2016,95,CE,0,0,0,64.25,31.3,0,0,0,0,17-AUG-2016,
OPTSTK,KPIT,25-Aug-2016,100,CE,0,0,0,59.8,26.3,0,0,0,0,17-AUG-2016,
OPTSTK,KPIT,25-Aug-2016,105,CE,0,0,0,61.95,21.35,0,0,0,0,17-AUG-2016,
OPTSTK,KPIT,25-Aug-2016,110,CE,0,0,0,57.05,16.4,0,0,0,0,17-AUG-2016,
OPTSTK,KPIT,25-Aug-2016,115,CE,0,0,0,52.15,11.7,0,0,0,0,17-AUG-2016,
OPTSTK,KPIT,25-Aug-2016,120,CE,0,0,0,47.3,7.55,0,0,0,0,17-AUG-2016,
OPTSTK,KPIT,25-Aug-2016,125,CE,4,4,4,4,4,1,5.16,8000,4000,17-AUG-2016,
OPTSTK,KPIT,25-Aug-2016,130,CE,1.4,1.5,1.25,1.5,1.5,3,15.76,76000,4000,17-AUG-2016,
OPTSTK,KPIT,25-Aug-2016,135,CE,0.7,0.8,0.55,0.55,0.55,4,21.71,120000,8000,17-AUG-2016,
OPTSTK,KPIT,25-Aug-2016,140,CE,0.5,0.5,0.35,0.4,0.4,3,16.85,192000,-8000,17-AUG-2016,
OPTSTK,KPIT,25-Aug-2016,145,CE,0.2,0.3,0.2,0.3,0.3,2,11.62,92000,-4000,17-AUG-2016,
OPTSTK,KPIT,25-Aug-2016,150,CE,0.25,0.3,0.1,0.2,0.2,11,66.1,496000,-16000,17-AUG-2016,
OPTSTK,KPIT,25-Aug-2016,155,CE,0.2,0.2,0.2,0.2,0.2,1,6.2,40000,0,17-AUG-2016,
OPTSTK,KPIT,25-Aug-2016,160,CE,0.1,0.1,0.05,0.1,0.1,3,19.21,96000,-4000,17-AUG-2016,
OPTSTK,KPIT,25-Aug-2016,165,CE,0,0,0,0.3,0,0,0,28000,0,17-AUG-2016,
OPTSTK,KPIT,25-Aug-2016,170,CE,0,0,0,8.9,0,0,0,0,0,17-AUG-2016,
OPTSTK,KPIT,25-Aug-2016,175,CE,0,0,0,6.9,0,0,0,0,0,17-AUG-2016,
OPTSTK,KPIT,25-Aug-2016,180,CE,0,0,0,5.3,0,0,0,0,0,17-AUG-2016,
OPTSTK,KPIT,25-Aug-2016,185,CE,0,0,0,0.5,0,0,0,12000,0,17-AUG-2016,
OPTSTK,KPIT,25-Aug-2016,190,CE,0,0,0,3,0,0,0,0,0,17-AUG-2016,
OPTSTK,KPIT,25-Aug-2016,195,CE,0,0,0,2.2,0,0,0,0,0,17-AUG-2016,
OPTSTK,KPIT,25-Aug-2016,200,CE,0,0,0,1.6,0,0,0,0,0,17-AUG-2016,
OPTSTK,KPIT,25-Aug-2016,205,CE,0,0,0,1.15,0,0,0,0,0,17-AUG-2016,
OPTSTK,KPIT,25-Aug-2016,210,CE,0,0,0,0.8,0,0,0,0,0,17-AUG-2016,
OPTSTK,KPIT,25-Aug-2016,215,CE,0,0,0,0.55,0,0,0,0,0,17-AUG-2016,
OPTSTK,KPIT,25-Aug-2016,220,CE,0,0,0,0.4,0,0,0,0,0,17-AUG-2016,
OPTSTK,KPIT,25-Aug-2016,225,CE,0,0,0,0.3,0,0,0,0,0,17-AUG-2016,
OPTSTK,KPIT,25-Aug-2016,85,PE,0,0,0,0.5,0,0,0,0,0,17-AUG-2016,
OPTSTK,KPIT,25-Aug-2016,90,PE,0,0,0,0.75,0,0,0,0,0,17-AUG-2016,
OPTSTK,KPIT,25-Aug-2016,95,PE,0,0,0,1.1,0,0,0,0,0,17-AUG-2016,
OPTSTK,KPIT,25-Aug-2016,100,PE,0,0,0,0.5,0,0,0,4000,0,17-AUG-2016,
OPTSTK,KPIT,25-Aug-2016,105,PE,0,0,0,0.3,0.05,0,0,0,0,17-AUG-2016,
OPTSTK,KPIT,25-Aug-2016,110,PE,0.3,0.3,0.3,0.3,0.3,1,4.41,8000,0,17-AUG-2016,
OPTSTK,KPIT,25-Aug-2016,115,PE,0,0,0,1.1,0.4,0,0,12000,0,17-AUG-2016,
OPTSTK,KPIT,25-Aug-2016,120,PE,0.95,0.95,0.95,0.95,0.95,1,4.83,40000,0,17-AUG-2016,
OPTSTK,KPIT,25-Aug-2016,125,PE,2.35,2.4,1.35,2.4,2.4,6,30.52,72000,4000,17-AUG-2016,
OPTSTK,KPIT,25-Aug-2016,130,PE,5.35,5.35,5.35,5.35,5.35,1,5.41,32000,-4000,17-AUG-2016,
OPTSTK,KPIT,25-Aug-2016,135,PE,0,0,0,10.2,9.55,0,0,76000,0,17-AUG-2016,
OPTSTK,KPIT,25-Aug-2016,140,PE,0,0,0,12.4,13.95,0,0,48000,0,17-AUG-2016,
OPTSTK,KPIT,25-Aug-2016,145,PE,0,0,0,15,18.75,0,0,28000,0,17-AUG-2016,
OPTSTK,KPIT,25-Aug-2016,150,PE,0,0,0,14.95,23.65,0,0,16000,0,17-AUG-2016,
OPTSTK,KPIT,25-Aug-2016,155,PE,0,0,0,4.35,28.65,0,0,0,0,17-AUG-2016,
OPTSTK,KPIT,25-Aug-2016,160,PE,0,0,0,6.1,33.65,0,0,0,0,17-AUG-2016,
OPTSTK,KPIT,25-Aug-2016,165,PE,0,0,0,8.25,38.6,0,0,0,0,17-AUG-2016,
OPTSTK,KPIT,25-Aug-2016,170,PE,0,0,0,10.8,43.6,0,0,0,0,17-AUG-2016,
OPTSTK,KPIT,25-Aug-2016,175,PE,0,0,0,13.75,48.6,0,0,0,0,17-AUG-2016,
OPTSTK,KPIT,25-Aug-2016,180,PE,0,0,0,17.05,53.6,0,0,0,0,17-AUG-2016,
OPTSTK,KPIT,25-Aug-2016,185,PE,0,0,0,20.65,58.6,0,0,0,0,17-AUG-2016,
OPTSTK,KPIT,25-Aug-2016,190,PE,0,0,0,24.55,63.6,0,0,0,0,17-AUG-2016,
OPTSTK,KPIT,25-Aug-2016,195,PE,0,0,0,28.65,68.6,0,0,0,0,17-AUG-2016,
OPTSTK,KPIT,25-Aug-2016,200,PE,0,0,0,33,73.55,0,0,0,0,17-AUG-2016,
OPTSTK,KPIT,25-Aug-2016,205,PE,0,0,0,37.45,78.55,0,0,0,0,17-AUG-2016,
OPTSTK,KPIT,25-Aug-2016,210,PE,0,0,0,42,83.55,0,0,0,0,17-AUG-2016,
OPTSTK,KPIT,25-Aug-2016,215,PE,0,0,0,46.7,88.55,0,0,0,0,17-AUG-2016,
OPTSTK,KPIT,25-Aug-2016,220,PE,0,0,0,51.45,93.55,0,0,0,0,17-AUG-2016,
OPTSTK,KPIT,25-Aug-2016,225,PE,0,0,0,56.2,98.55,0,0,0,0,17-AUG-2016,
OPTSTK,KPIT,29-Sep-2016,85,CE,0,0,0,75.2,41.9,0,0,0,0,17-AUG-2016,
OPTSTK,KPIT,29-Sep-2016,90,CE,0,0,0,70.85,37,0,0,0,0,17-AUG-2016,
OPTSTK,KPIT,29-Sep-2016,95,CE,0,0,0,66.65,32.2,0,0,0,0,17-AUG-2016,
OPTSTK,KPIT,29-Sep-2016,100,CE,0,0,0,62.6,27.55,0,0,0,0,17-AUG-2016,
OPTSTK,KPIT,29-Sep-2016,105,CE,0,0,0,81.25,23.15,0,0,0,0,17-AUG-2016,
OPTSTK,KPIT,29-Sep-2016,110,CE,0,0,0,76.4,19.05,0,0,0,0,17-AUG-2016,
OPTSTK,KPIT,29-Sep-2016,115,CE,0,0,0,71.6,15.35,0,0,0,0,17-AUG-2016,
OPTSTK,KPIT,29-Sep-2016,120,CE,0,0,0,66.85,12.1,0,0,0,0,17-AUG-2016,
OPTSTK,KPIT,29-Sep-2016,125,CE,0,0,0,62.2,9.35,0,0,0,0,17-AUG-2016,
OPTSTK,KPIT,29-Sep-2016,130,CE,0,0,0,57.65,7.05,0,0,0,0,17-AUG-2016,
OPTSTK,KPIT,29-Sep-2016,135,CE,0,0,0,53.15,5.25,0,0,0,0,17-AUG-2016,
OPTSTK,KPIT,29-Sep-2016,140,CE,0,0,0,2,3.8,0,0,64000,0,17-AUG-2016,
OPTSTK,KPIT,29-Sep-2016,145,CE,0,0,0,44.7,2.7,0,0,0,0,17-AUG-2016,
OPTSTK,KPIT,29-Sep-2016,150,CE,0,0,0,40.7,1.9,0,0,0,0,17-AUG-2016,
OPTSTK,KPIT,29-Sep-2016,155,CE,0,0,0,36.9,1.3,0,0,0,0,17-AUG-2016,
OPTSTK,KPIT,29-Sep-2016,160,CE,0,0,0,33.35,0.9,0,0,0,0,17-AUG-2016,
OPTSTK,KPIT,29-Sep-2016,165,CE,0,0,0,29.95,0.6,0,0,0,0,17-AUG-2016,
OPTSTK,KPIT,29-Sep-2016,170,CE,0,0,0,26.85,0.4,0,0,0,0,17-AUG-2016,
OPTSTK,KPIT,29-Sep-2016,175,CE,0,0,0,23.95,0.25,0,0,0,0,17-AUG-2016,
OPTSTK,KPIT,29-Sep-2016,180,CE,0,0,0,21.25,0.2,0,0,0,0,17-AUG-2016,
OPTSTK,KPIT,29-Sep-2016,185,CE,0,0,0,18.8,0.1,0,0,0,0,17-AUG-2016,
OPTSTK,KPIT,29-Sep-2016,190,CE,0,0,0,16.6,0.1,0,0,0,0,17-AUG-2016,
OPTSTK,KPIT,29-Sep-2016,195,CE,0,0,0,14.55,0.05,0,0,0,0,17-AUG-2016,
OPTSTK,KPIT,29-Sep-2016,200,CE,0,0,0,12.75,0.05,0,0,0,0,17-AUG-2016,
OPTSTK,KPIT,29-Sep-2016,205,CE,0,0,0,11.15,0.05,0,0,0,0,17-AUG-2016,
OPTSTK,KPIT,29-Sep-2016,210,CE,0,0,0,9.7,0.05,0,0,0,0,17-AUG-2016,
OPTSTK,KPIT,29-Sep-2016,215,CE,0,0,0,8.4,0.05,0,0,0,0,17-AUG-2016,
OPTSTK,KPIT,29-Sep-2016,220,CE,0,0,0,7.3,0,0,0,0,0,17-AUG-2016,
OPTSTK,KPIT,29-Sep-2016,225,CE,0,0,0,6.3,0,0,0,0,0,17-AUG-2016,
OPTSTK,KPIT,29-Sep-2016,85,PE,0,0,0,1.6,0.05,0,0,0,0,17-AUG-2016,
OPTSTK,KPIT,29-Sep-2016,90,PE,0,0,0,2.15,0.15,0,0,0,0,17-AUG-2016,
OPTSTK,KPIT,29-Sep-2016,95,PE,0,0,0,2.9,0.3,0,0,0,0,17-AUG-2016,
OPTSTK,KPIT,29-Sep-2016,100,PE,0,0,0,3.75,0.6,0,0,0,0,17-AUG-2016,
OPTSTK,KPIT,29-Sep-2016,105,PE,0,0,0,0.1,1.15,0,0,0,0,17-AUG-2016,
OPTSTK,KPIT,29-Sep-2016,110,PE,0,0,0,0.15,2.05,0,0,0,0,17-AUG-2016,
OPTSTK,KPIT,29-Sep-2016,115,PE,2,2,2,2,2,1,4.68,4000,4000,17-AUG-2016,
OPTSTK,KPIT,29-Sep-2016,120,PE,0,0,0,0.45,5,0,0,0,0,17-AUG-2016,
OPTSTK,KPIT,29-Sep-2016,125,PE,0,0,0,0.7,7.2,0,0,0,0,17-AUG-2016,
OPTSTK,KPIT,29-Sep-2016,130,PE,0,0,0,1.05,9.85,0,0,0,0,17-AUG-2016,
OPTSTK,KPIT,29-Sep-2016,135,PE,0,0,0,1.5,13,0,0,0,0,17-AUG-2016,
OPTSTK,KPIT,29-Sep-2016,140,PE,0,0,0,2.05,16.5,0,0,0,0,17-AUG-2016,
OPTSTK,KPIT,29-Sep-2016,145,PE,0,0,0,2.8,20.4,0,0,0,0,17-AUG-2016,
OPTSTK,KPIT,29-Sep-2016,150,PE,0,0,0,3.75,24.55,0,0,0,0,17-AUG-2016,
OPTSTK,KPIT,29-Sep-2016,155,PE,0,0,0,4.9,28.9,0,0,0,0,17-AUG-2016,
OPTSTK,KPIT,29-Sep-2016,160,PE,0,0,0,6.2,33.45,0,0,0,0,17-AUG-2016,
OPTSTK,KPIT,29-Sep-2016,165,PE,0,0,0,7.75,38.1,0,0,0,0,17-AUG-2016,
OPTSTK,KPIT,29-Sep-2016,170,PE,0,0,0,9.55,42.85,0,0,0,0,17-AUG-2016,
OPTSTK,KPIT,29-Sep-2016,175,PE,0,0,0,11.55,47.7,0,0,0,0,17-AUG-2016,
OPTSTK,KPIT,29-Sep-2016,180,PE,0,0,0,13.8,52.55,0,0,0,0,17-AUG-2016,
OPTSTK,KPIT,29-Sep-2016,185,PE,0,0,0,16.25,57.45,0,0,0,0,17-AUG-2016,
OPTSTK,KPIT,29-Sep-2016,190,PE,0,0,0,18.95,62.4,0,0,0,0,17-AUG-2016,
OPTSTK,KPIT,29-Sep-2016,195,PE,0,0,0,21.85,67.35,0,0,0,0,17-AUG-2016,
OPTSTK,KPIT,29-Sep-2016,200,PE,0,0,0,24.9,72.25,0,0,0,0,17-AUG-2016,
OPTSTK,KPIT,29-Sep-2016,205,PE,0,0,0,28.2,77.2,0,0,0,0,17-AUG-2016,
OPTSTK,KPIT,29-Sep-2016,210,PE,0,0,0,31.65,82.2,0,0,0,0,17-AUG-2016,
OPTSTK,KPIT,29-Sep-2016,215,PE,0,0,0,35.3,87.15,0,0,0,0,17-AUG-2016,
OPTSTK,KPIT,29-Sep-2016,220,PE,0,0,0,39.1,92.1,0,0,0,0,17-AUG-2016,
OPTSTK,KPIT,29-Sep-2016,225,PE,0,0,0,43,97.05,0,0,0,0,17-AUG-2016,
OPTSTK,KPIT,27-Oct-2016,85,CE,0,0,0,55,42.55,0,0,0,0,17-AUG-2016,
OPTSTK,KPIT,27-Oct-2016,90,CE,0,0,0,50.45,37.8,0,0,0,0,17-AUG-2016,
OPTSTK,KPIT,27-Oct-2016,95,CE,0,0,0,46.05,33.25,0,0,0,0,17-AUG-2016,
OPTSTK,KPIT,27-Oct-2016,100,CE,0,0,0,41.8,28.95,0,0,0,0,17-AUG-2016,
OPTSTK,KPIT,27-Oct-2016,105,CE,0,0,0,37.75,24.85,0,0,0,0,17-AUG-2016,
OPTSTK,KPIT,27-Oct-2016,110,CE,0,0,0,33.95,21.1,0,0,0,0,17-AUG-2016,
OPTSTK,KPIT,27-Oct-2016,115,CE,0,0,0,30.4,17.7,0,0,0,0,17-AUG-2016,
OPTSTK,KPIT,27-Oct-2016,120,CE,0,0,0,27.05,14.65,0,0,0,0,17-AUG-2016,
OPTSTK,KPIT,27-Oct-2016,125,CE,0,0,0,24,12,0,0,0,0,17-AUG-2016,
OPTSTK,KPIT,27-Oct-2016,130,CE,0,0,0,21.15,9.7,0,0,0,0,17-AUG-2016,
OPTSTK,KPIT,27-Oct-2016,135,CE,0,0,0,18.6,7.8,0,0,0,0,17-AUG-2016,
OPTSTK,KPIT,27-Oct-2016,140,CE,0,0,0,16.3,6.15,0,0,0,0,17-AUG-2016,
OPTSTK,KPIT,27-Oct-2016,145,CE,0,0,0,14.25,4.85,0,0,0,0,17-AUG-2016,
OPTSTK,KPIT,27-Oct-2016,150,CE,0,0,0,12.4,3.8,0,0,0,0,17-AUG-2016,
OPTSTK,KPIT,27-Oct-2016,155,CE,0,0,0,10.75,2.9,0,0,0,0,17-AUG-2016,
OPTSTK,KPIT,27-Oct-2016,160,CE,0,0,0,9.3,2.25,0,0,0,0,17-AUG-2016,
OPTSTK,KPIT,27-Oct-2016,165,CE,0,0,0,8.05,1.7,0,0,0,0,17-AUG-2016,
OPTSTK,KPIT,27-Oct-2016,170,CE,0,0,0,6.9,1.3,0,0,0,0,17-AUG-2016,
OPTSTK,KPIT,27-Oct-2016,175,CE,0,0,0,5.95,0.95,0,0,0,0,17-AUG-2016,
OPTSTK,KPIT,27-Oct-2016,180,CE,0,0,0,5.1,0.75,0,0,0,0,17-AUG-2016,
OPTSTK,KPIT,27-Oct-2016,185,CE,0,0,0,4.35,0.55,0,0,0,0,17-AUG-2016,
OPTSTK,KPIT,27-Oct-2016,190,CE,0,0,0,3.75,0.4,0,0,0,0,17-AUG-2016,
OPTSTK,KPIT,27-Oct-2016,195,CE,0,0,0,3.2,0.3,0,0,0,0,17-AUG-2016,
OPTSTK,KPIT,27-Oct-2016,200,CE,0,0,0,2.7,0.25,0,0,0,0,17-AUG-2016,
OPTSTK,KPIT,27-Oct-2016,205,CE,0,0,0,2.3,0.15,0,0,0,0,17-AUG-2016,
OPTSTK,KPIT,27-Oct-2016,210,CE,0,0,0,1.95,0.15,0,0,0,0,17-AUG-2016,
OPTSTK,KPIT,27-Oct-2016,215,CE,0,0,0,1.65,0.1,0,0,0,0,17-AUG-2016,
OPTSTK,KPIT,27-Oct-2016,220,CE,0,0,0,1.4,0.1,0,0,0,0,17-AUG-2016,
OPTSTK,KPIT,27-Oct-2016,85,PE,0,0,0,0.6,0.25,0,0,0,0,17-AUG-2016,
OPTSTK,KPIT,27-Oct-2016,90,PE,0,0,0,0.95,0.45,0,0,0,0,17-AUG-2016,
OPTSTK,KPIT,27-Oct-2016,95,PE,0,0,0,1.45,0.85,0,0,0,0,17-AUG-2016,
OPTSTK,KPIT,27-Oct-2016,100,PE,0,0,0,2.15,1.45,0,0,0,0,17-AUG-2016,
OPTSTK,KPIT,27-Oct-2016,105,PE,0,0,0,3,2.3,0,0,0,0,17-AUG-2016,
OPTSTK,KPIT,27-Oct-2016,110,PE,0,0,0,4.1,3.5,0,0,0,0,17-AUG-2016,
OPTSTK,KPIT,27-Oct-2016,115,PE,0,0,0,5.45,5,0,0,0,0,17-AUG-2016,
OPTSTK,KPIT,27-Oct-2016,120,PE,0,0,0,7.05,6.9,0,0,0,0,17-AUG-2016,
OPTSTK,KPIT,27-Oct-2016,125,PE,0,0,0,8.9,9.2,0,0,0,0,17-AUG-2016,
OPTSTK,KPIT,27-Oct-2016,130,PE,0,0,0,11,11.85,0,0,0,0,17-AUG-2016,
OPTSTK,KPIT,27-Oct-2016,135,PE,0,0,0,13.35,14.85,0,0,0,0,17-AUG-2016,
OPTSTK,KPIT,27-Oct-2016,140,PE,0,0,0,15.95,18.15,0,0,0,0,17-AUG-2016,
OPTSTK,KPIT,27-Oct-2016,145,PE,0,0,0,18.8,21.75,0,0,0,0,17-AUG-2016,
OPTSTK,KPIT,27-Oct-2016,150,PE,0,0,0,21.85,25.65,0,0,0,0,17-AUG-2016,
OPTSTK,KPIT,27-Oct-2016,155,PE,0,0,0,25.15,29.7,0,0,0,0,17-AUG-2016,
OPTSTK,KPIT,27-Oct-2016,160,PE,0,0,0,28.6,33.95,0,0,0,0,17-AUG-2016,
OPTSTK,KPIT,27-Oct-2016,165,PE,0,0,0,32.25,38.35,0,0,0,0,17-AUG-2016,
OPTSTK,KPIT,27-Oct-2016,170,PE,0,0,0,36.05,42.85,0,0,0,0,17-AUG-2016,
OPTSTK,KPIT,27-Oct-2016,175,PE,0,0,0,40,47.5,0,0,0,0,17-AUG-2016,
OPTSTK,KPIT,27-Oct-2016,180,PE,0,0,0,44.05,52.2,0,0,0,0,17-AUG-2016,
OPTSTK,KPIT,27-Oct-2016,185,PE,0,0,0,48.25,56.95,0,0,0,0,17-AUG-2016,
OPTSTK,KPIT,27-Oct-2016,190,PE,0,0,0,52.5,61.7,0,0,0,0,17-AUG-2016,
OPTSTK,KPIT,27-Oct-2016,195,PE,0,0,0,56.9,66.55,0,0,0,0,17-AUG-2016,
OPTSTK,KPIT,27-Oct-2016,200,PE,0,0,0,61.3,71.4,0,0,0,0,17-AUG-2016,
OPTSTK,KPIT,27-Oct-2016,205,PE,0,0,0,65.85,76.3,0,0,0,0,17-AUG-2016,
OPTSTK,KPIT,27-Oct-2016,210,PE,0,0,0,70.4,81.2,0,0,0,0,17-AUG-2016,
OPTSTK,KPIT,27-Oct-2016,215,PE,0,0,0,75,86.1,0,0,0,0,17-AUG-2016,
OPTSTK,KPIT,27-Oct-2016,220,PE,0,0,0,79.7,91,0,0,0,0,17-AUG-2016,
OPTSTK,KSCL,25-Aug-2016,240,CE,0,0,0,204.3,135.35,0,0,0,0,17-AUG-2016,
OPTSTK,KSCL,25-Aug-2016,260,CE,0,0,0,184.7,115.35,0,0,0,0,17-AUG-2016,
OPTSTK,KSCL,25-Aug-2016,280,CE,0,0,0,165.3,95.4,0,0,0,0,17-AUG-2016,
OPTSTK,KSCL,25-Aug-2016,300,CE,0,0,0,146.15,75.4,0,0,0,0,17-AUG-2016,
OPTSTK,KSCL,25-Aug-2016,320,CE,0,0,0,127.55,55.45,0,0,0,0,17-AUG-2016,
OPTSTK,KSCL,25-Aug-2016,340,CE,0,0,0,109.7,35.65,0,0,0,0,17-AUG-2016,
OPTSTK,KSCL,25-Aug-2016,360,CE,0,0,0,27.6,17.55,0,0,22500,0,17-AUG-2016,
OPTSTK,KSCL,25-Aug-2016,380,CE,9.5,10,7,8.1,8.1,56,326.74,118500,3000,17-AUG-2016,
OPTSTK,KSCL,25-Aug-2016,400,CE,4.75,4.75,2.8,2.95,2.95,20,121.1,202500,3000,17-AUG-2016,
OPTSTK,KSCL,25-Aug-2016,420,CE,1.6,1.6,1.45,1.45,1.45,7,44.26,75000,-1500,17-AUG-2016,
OPTSTK,KSCL,25-Aug-2016,440,CE,0.85,0.85,0.8,0.8,0.8,3,19.83,40500,-4500,17-AUG-2016,
OPTSTK,KSCL,25-Aug-2016,460,CE,0,0,0,0.5,0,0,0,3000,0,17-AUG-2016,
OPTSTK,KSCL,25-Aug-2016,480,CE,0,0,0,24.65,0,0,0,0,0,17-AUG-2016,
OPTSTK,KSCL,25-Aug-2016,500,CE,0,0,0,0.5,0,0,0,3000,0,17-AUG-2016,
OPTSTK,KSCL,25-Aug-2016,520,CE,0,0,0,14.15,0,0,0,0,0,17-AUG-2016,
OPTSTK,KSCL,25-Aug-2016,540,CE,0,0,0,10.55,0,0,0,0,0,17-AUG-2016,
OPTSTK,KSCL,25-Aug-2016,560,CE,0,0,0,7.75,0,0,0,0,0,17-AUG-2016,
OPTSTK,KSCL,25-Aug-2016,240,PE,0,0,0,0.05,0,0,0,0,0,17-AUG-2016,
OPTSTK,KSCL,25-Aug-2016,260,PE,0,0,0,0.15,0,0,0,0,0,17-AUG-2016,
OPTSTK,KSCL,25-Aug-2016,280,PE,0,0,0,0.35,0,0,0,0,0,17-AUG-2016,
OPTSTK,KSCL,25-Aug-2016,300,PE,0.8,0.8,0.8,0.8,0.8,1,4.51,1500,0,17-AUG-2016,
OPTSTK,KSCL,25-Aug-2016,320,PE,0,0,0,1.9,0,0,0,0,0,17-AUG-2016,
OPTSTK,KSCL,25-Aug-2016,340,PE,1.9,1.9,1.9,1.9,1.9,2,10.25,18000,0,17-AUG-2016,
OPTSTK,KSCL,25-Aug-2016,360,PE,4.75,5.55,4.5,5.05,5.05,20,109.46,43500,-16500,17-AUG-2016,
OPTSTK,KSCL,25-Aug-2016,380,PE,11.6,14.05,11.35,13.5,13.5,7,41.21,37500,-1500,17-AUG-2016,
OPTSTK,KSCL,25-Aug-2016,400,PE,28.7,28.7,28.7,28.7,28.7,2,12.86,34500,-3000,17-AUG-2016,
OPTSTK,KSCL,25-Aug-2016,420,PE,47.2,47.2,47.2,47.2,47.2,2,14.01,19500,0,17-AUG-2016,
OPTSTK,KSCL,25-Aug-2016,440,PE,0,0,0,32.95,64.4,0,0,0,0,17-AUG-2016,
OPTSTK,KSCL,25-Aug-2016,460,PE,0,0,0,43.75,84.4,0,0,0,0,17-AUG-2016,
OPTSTK,KSCL,25-Aug-2016,480,PE,0,0,0,56.1,104.35,0,0,0,0,17-AUG-2016,
OPTSTK,KSCL,25-Aug-2016,500,PE,0,0,0,69.9,124.3,0,0,0,0,17-AUG-2016,
OPTSTK,KSCL,25-Aug-2016,520,PE,0,0,0,84.95,144.3,0,0,0,0,17-AUG-2016,
OPTSTK,KSCL,25-Aug-2016,540,PE,0,0,0,100.95,164.25,0,0,0,0,17-AUG-2016,
OPTSTK,KSCL,25-Aug-2016,560,PE,0,0,0,117.85,184.25,0,0,0,0,17-AUG-2016,
OPTSTK,KSCL,29-Sep-2016,240,CE,0,0,0,208.55,136.9,0,0,0,0,17-AUG-2016,
OPTSTK,KSCL,29-Sep-2016,260,CE,0,0,0,188.9,117.1,0,0,0,0,17-AUG-2016,
OPTSTK,KSCL,29-Sep-2016,280,CE,0,0,0,169.3,97.3,0,0,0,0,17-AUG-2016,
OPTSTK,KSCL,29-Sep-2016,300,CE,0,0,0,149.65,77.7,0,0,0,0,17-AUG-2016,
OPTSTK,KSCL,29-Sep-2016,320,CE,0,0,0,130.2,58.9,0,0,0,0,17-AUG-2016,
OPTSTK,KSCL,29-Sep-2016,340,CE,0,0,0,111,41.7,0,0,0,0,17-AUG-2016,
OPTSTK,KSCL,29-Sep-2016,360,CE,0,0,0,92.4,27.25,0,0,0,0,17-AUG-2016,
OPTSTK,KSCL,29-Sep-2016,380,CE,0,0,0,74.85,16.35,0,0,0,0,17-AUG-2016,
OPTSTK,KSCL,29-Sep-2016,400,CE,0,0,0,14.9,8.95,0,0,61500,0,17-AUG-2016,
OPTSTK,KSCL,29-Sep-2016,420,CE,0,0,0,44.7,4.5,0,0,0,0,17-AUG-2016,
OPTSTK,KSCL,29-Sep-2016,440,CE,0,0,0,32.85,2.05,0,0,0,0,17-AUG-2016,
OPTSTK,KSCL,29-Sep-2016,460,CE,0,0,0,23.35,0.9,0,0,0,0,17-AUG-2016,
OPTSTK,KSCL,29-Sep-2016,480,CE,0,0,0,16.05,0.35,0,0,0,0,17-AUG-2016,
OPTSTK,KSCL,29-Sep-2016,500,CE,0,0,0,10.75,0.15,0,0,0,0,17-AUG-2016,
OPTSTK,KSCL,29-Sep-2016,520,CE,0,0,0,6.95,0.05,0,0,0,0,17-AUG-2016,
OPTSTK,KSCL,29-Sep-2016,540,CE,0,0,0,4.35,0.05,0,0,0,0,17-AUG-2016,
OPTSTK,KSCL,29-Sep-2016,560,CE,0,0,0,2.65,0,0,0,0,0,17-AUG-2016,
OPTSTK,KSCL,29-Sep-2016,240,PE,0,0,0,0.05,0,0,0,0,0,17-AUG-2016,
OPTSTK,KSCL,29-Sep-2016,260,PE,0,0,0,0.05,0.05,0,0,0,0,17-AUG-2016,
OPTSTK,KSCL,29-Sep-2016,280,PE,0,0,0,0.05,0.05,0,0,0,0,17-AUG-2016,
OPTSTK,KSCL,29-Sep-2016,300,PE,0,0,0,0.05,0.35,0,0,0,0,17-AUG-2016,
OPTSTK,KSCL,29-Sep-2016,320,PE,0,0,0,0.25,1.35,0,0,0,0,17-AUG-2016,
OPTSTK,KSCL,29-Sep-2016,340,PE,0,0,0,0.7,4,0,0,0,0,17-AUG-2016,
OPTSTK,KSCL,29-Sep-2016,360,PE,0,0,0,1.75,9.4,0,0,0,0,17-AUG-2016,
OPTSTK,KSCL,29-Sep-2016,380,PE,20.5,20.5,20.5,20.5,20.5,1,6,1500,1500,17-AUG-2016,
OPTSTK,KSCL,29-Sep-2016,400,PE,0,0,0,7.4,30.75,0,0,0,0,17-AUG-2016,
OPTSTK,KSCL,29-Sep-2016,420,PE,0,0,0,13,46.15,0,0,0,0,17-AUG-2016,
OPTSTK,KSCL,29-Sep-2016,440,PE,0,0,0,20.8,63.55,0,0,0,0,17-AUG-2016,
OPTSTK,KSCL,29-Sep-2016,460,PE,0,0,0,30.95,82.2,0,0,0,0,17-AUG-2016,
OPTSTK,KSCL,29-Sep-2016,480,PE,0,0,0,43.3,101.55,0,0,0,0,17-AUG-2016,
OPTSTK,KSCL,29-Sep-2016,500,PE,0,0,0,57.6,121.15,0,0,0,0,17-AUG-2016,
OPTSTK,KSCL,29-Sep-2016,520,PE,0,0,0,73.45,140.9,0,0,0,0,17-AUG-2016,
OPTSTK,KSCL,29-Sep-2016,540,PE,0,0,0,90.5,160.7,0,0,0,0,17-AUG-2016,
OPTSTK,KSCL,29-Sep-2016,560,PE,0,0,0,108.5,180.55,0,0,0,0,17-AUG-2016,
OPTSTK,KSCL,27-Oct-2016,240,CE,0,0,0,155.5,138.2,0,0,0,0,17-AUG-2016,
OPTSTK,KSCL,27-Oct-2016,260,CE,0,0,0,136,118.5,0,0,0,0,17-AUG-2016,
OPTSTK,KSCL,27-Oct-2016,280,CE,0,0,0,116.75,99.05,0,0,0,0,17-AUG-2016,
OPTSTK,KSCL,27-Oct-2016,300,CE,0,0,0,98.1,80.15,0,0,0,0,17-AUG-2016,
OPTSTK,KSCL,27-Oct-2016,320,CE,0,0,0,80.45,62.35,0,0,0,0,17-AUG-2016,
OPTSTK,KSCL,27-Oct-2016,340,CE,0,0,0,64.25,46.4,0,0,0,0,17-AUG-2016,
OPTSTK,KSCL,27-Oct-2016,360,CE,0,0,0,49.85,32.9,0,0,0,0,17-AUG-2016,
OPTSTK,KSCL,27-Oct-2016,380,CE,0,0,0,37.65,22.15,0,0,0,0,17-AUG-2016,
OPTSTK,KSCL,27-Oct-2016,400,CE,0,0,0,27.65,14.25,0,0,0,0,17-AUG-2016,
OPTSTK,KSCL,27-Oct-2016,420,CE,0,0,0,19.75,8.75,0,0,0,0,17-AUG-2016,
OPTSTK,KSCL,27-Oct-2016,440,CE,0,0,0,13.75,5.1,0,0,0,0,17-AUG-2016,
OPTSTK,KSCL,27-Oct-2016,460,CE,0,0,0,9.4,2.85,0,0,0,0,17-AUG-2016,
OPTSTK,KSCL,27-Oct-2016,480,CE,0,0,0,6.25,1.55,0,0,0,0,17-AUG-2016,
OPTSTK,KSCL,27-Oct-2016,500,CE,0,0,0,4.1,0.8,0,0,0,0,17-AUG-2016,
OPTSTK,KSCL,27-Oct-2016,520,CE,0,0,0,2.65,0.4,0,0,0,0,17-AUG-2016,
OPTSTK,KSCL,27-Oct-2016,540,CE,0,0,0,1.65,0.2,0,0,0,0,17-AUG-2016,
OPTSTK,KSCL,27-Oct-2016,560,CE,0,0,0,1.05,0.1,0,0,0,0,17-AUG-2016,
OPTSTK,KSCL,27-Oct-2016,240,PE,0,0,0,0.05,0.05,0,0,0,0,17-AUG-2016,
OPTSTK,KSCL,27-Oct-2016,260,PE,0,0,0,0.2,0.1,0,0,0,0,17-AUG-2016,
OPTSTK,KSCL,27-Oct-2016,280,PE,0,0,0,0.65,0.35,0,0,0,0,17-AUG-2016,
OPTSTK,KSCL,27-Oct-2016,300,PE,0,0,0,1.65,1.2,0,0,0,0,17-AUG-2016,
OPTSTK,KSCL,27-Oct-2016,320,PE,0,0,0,3.65,3.15,0,0,0,0,17-AUG-2016,
OPTSTK,KSCL,27-Oct-2016,340,PE,0,0,0,7.1,6.9,0,0,0,0,17-AUG-2016,
OPTSTK,KSCL,27-Oct-2016,360,PE,0,0,0,12.4,13.15,0,0,0,0,17-AUG-2016,
OPTSTK,KSCL,27-Oct-2016,380,PE,0,0,0,19.8,22.15,0,0,0,0,17-AUG-2016,
OPTSTK,KSCL,27-Oct-2016,400,PE,0,0,0,29.45,33.95,0,0,0,0,17-AUG-2016,
OPTSTK,KSCL,27-Oct-2016,420,PE,0,0,0,41.25,48.2,0,0,0,0,17-AUG-2016,
OPTSTK,KSCL,27-Oct-2016,440,PE,0,0,0,54.9,64.3,0,0,0,0,17-AUG-2016,
OPTSTK,KSCL,27-Oct-2016,460,PE,0,0,0,70.2,81.8,0,0,0,0,17-AUG-2016,
OPTSTK,KSCL,27-Oct-2016,480,PE,0,0,0,86.7,100.2,0,0,0,0,17-AUG-2016,
OPTSTK,KSCL,27-Oct-2016,500,PE,0,0,0,104.2,119.2,0,0,0,0,17-AUG-2016,
OPTSTK,KSCL,27-Oct-2016,520,PE,0,0,0,122.4,138.55,0,0,0,0,17-AUG-2016,
OPTSTK,KSCL,27-Oct-2016,540,PE,0,0,0,141.1,158.05,0,0,0,0,17-AUG-2016,
OPTSTK,KSCL,27-Oct-2016,560,PE,0,0,0,160.1,177.7,0,0,0,0,17-AUG-2016,
OPTSTK,KTKBANK,25-Aug-2016,87.5,CE,0,0,0,42,53.9,0,0,0,0,17-AUG-2016,
OPTSTK,KTKBANK,25-Aug-2016,90,CE,0,0,0,39.7,51.4,0,0,0,0,17-AUG-2016,
OPTSTK,KTKBANK,25-Aug-2016,92.5,CE,0,0,0,37.45,48.9,0,0,0,0,17-AUG-2016,
OPTSTK,KTKBANK,25-Aug-2016,95,CE,0,0,0,35.25,46.4,0,0,0,0,17-AUG-2016,
OPTSTK,KTKBANK,25-Aug-2016,97.5,CE,0,0,0,33.1,43.9,0,0,0,0,17-AUG-2016,
OPTSTK,KTKBANK,25-Aug-2016,100,CE,0,0,0,31,41.4,0,0,0,0,17-AUG-2016,
OPTSTK,KTKBANK,25-Aug-2016,102.5,CE,0,0,0,29,38.9,0,0,0,0,17-AUG-2016,
OPTSTK,KTKBANK,25-Aug-2016,105,CE,0,0,0,27.05,36.45,0,0,0,0,17-AUG-2016,
OPTSTK,KTKBANK,25-Aug-2016,107.5,CE,0,0,0,25.15,33.95,0,0,0,0,17-AUG-2016,
OPTSTK,KTKBANK,25-Aug-2016,110,CE,0,0,0,23.35,31.45,0,0,0,0,17-AUG-2016,
OPTSTK,KTKBANK,25-Aug-2016,112.5,CE,0,0,0,21.6,28.95,0,0,0,0,17-AUG-2016,
OPTSTK,KTKBANK,25-Aug-2016,115,CE,0,0,0,19.95,26.45,0,0,0,0,17-AUG-2016,
OPTSTK,KTKBANK,25-Aug-2016,117.5,CE,0,0,0,18.4,23.95,0,0,0,0,17-AUG-2016,
OPTSTK,KTKBANK,25-Aug-2016,120,CE,0,0,0,28.55,21.45,0,0,24000,0,17-AUG-2016,
OPTSTK,KTKBANK,25-Aug-2016,122.5,CE,0,0,0,15.5,18.95,0,0,0,0,17-AUG-2016,
OPTSTK,KTKBANK,25-Aug-2016,125,CE,0,0,0,14.2,16.45,0,0,0,0,17-AUG-2016,
OPTSTK,KTKBANK,25-Aug-2016,127.5,CE,0,0,0,12.95,14,0,0,0,0,17-AUG-2016,
OPTSTK,KTKBANK,25-Aug-2016,130,CE,0,0,0,10.5,11.6,0,0,6000,0,17-AUG-2016,
OPTSTK,KTKBANK,25-Aug-2016,132.5,CE,0,0,0,10.75,9.3,0,0,0,0,17-AUG-2016,
OPTSTK,KTKBANK,25-Aug-2016,135,CE,0,0,0,7.8,7.15,0,0,30000,0,17-AUG-2016,
OPTSTK,KTKBANK,25-Aug-2016,137.5,CE,0,0,0,5.15,5.25,0,0,6000,0,17-AUG-2016,
OPTSTK,KTKBANK,25-Aug-2016,140,CE,4.25,4.45,2.7,3.2,3.2,6,51.68,288000,6000,17-AUG-2016,
OPTSTK,KTKBANK,25-Aug-2016,142.5,CE,2.5,2.7,2.05,2.05,2.05,4,34.76,54000,0,17-AUG-2016,
OPTSTK,KTKBANK,25-Aug-2016,145,CE,1.95,1.95,0.8,1.05,1.05,52,456.55,666000,-6000,17-AUG-2016,
OPTSTK,KTKBANK,25-Aug-2016,147.5,CE,1.15,1.15,0.65,0.65,0.65,9,80.16,42000,-18000,17-AUG-2016,
OPTSTK,KTKBANK,25-Aug-2016,150,CE,0.6,0.7,0.35,0.4,0.4,24,216.74,900000,-6000,17-AUG-2016,
OPTSTK,KTKBANK,25-Aug-2016,152.5,CE,0,0,0,0.4,0.25,0,0,114000,0,17-AUG-2016,
OPTSTK,KTKBANK,25-Aug-2016,155,CE,0.2,0.2,0.2,0.2,0.2,1,9.31,456000,-6000,17-AUG-2016,
OPTSTK,KTKBANK,25-Aug-2016,157.5,CE,0,0,0,0.5,0.05,0,0,42000,0,17-AUG-2016,
OPTSTK,KTKBANK,25-Aug-2016,160,CE,0.15,0.15,0.15,0.15,0.15,5,48.04,756000,-6000,17-AUG-2016,
OPTSTK,KTKBANK,25-Aug-2016,165,CE,0.1,0.1,0.1,0.1,0.1,1,9.9,156000,-6000,17-AUG-2016,
OPTSTK,KTKBANK,25-Aug-2016,170,CE,0,0,0,0.1,0,0,0,288000,0,17-AUG-2016,
OPTSTK,KTKBANK,25-Aug-2016,175,CE,0,0,0,0.05,0,0,0,78000,0,17-AUG-2016,
OPTSTK,KTKBANK,25-Aug-2016,180,CE,0,0,0,0.05,0,0,0,78000,0,17-AUG-2016,
OPTSTK,KTKBANK,25-Aug-2016,185,CE,0,0,0,0.05,0,0,0,240000,0,17-AUG-2016,
OPTSTK,KTKBANK,25-Aug-2016,87.5,PE,0,0,0,0.5,0,0,0,0,0,17-AUG-2016,
OPTSTK,KTKBANK,25-Aug-2016,90,PE,0,0,0,0.65,0,0,0,0,0,17-AUG-2016,
OPTSTK,KTKBANK,25-Aug-2016,92.5,PE,0,0,0,0.85,0,0,0,0,0,17-AUG-2016,
OPTSTK,KTKBANK,25-Aug-2016,95,PE,0,0,0,1.1,0,0,0,0,0,17-AUG-2016,
OPTSTK,KTKBANK,25-Aug-2016,97.5,PE,0,0,0,1.4,0,0,0,0,0,17-AUG-2016,
OPTSTK,KTKBANK,25-Aug-2016,100,PE,0,0,0,0.05,0,0,0,0,0,17-AUG-2016,
OPTSTK,KTKBANK,25-Aug-2016,102.5,PE,0,0,0,2.2,0,0,0,0,0,17-AUG-2016,
OPTSTK,KTKBANK,25-Aug-2016,105,PE,0,0,0,2.7,0,0,0,0,0,17-AUG-2016,
OPTSTK,KTKBANK,25-Aug-2016,107.5,PE,0,0,0,3.3,0,0,0,0,0,17-AUG-2016,
OPTSTK,KTKBANK,25-Aug-2016,110,PE,0.05,0.05,0.05,0.05,0.05,1,6.6,30000,-6000,17-AUG-2016,
OPTSTK,KTKBANK,25-Aug-2016,112.5,PE,0,0,0,4.65,0,0,0,0,0,17-AUG-2016,
OPTSTK,KTKBANK,25-Aug-2016,115,PE,0,0,0,5.45,0,0,0,0,0,17-AUG-2016,
OPTSTK,KTKBANK,25-Aug-2016,117.5,PE,0,0,0,6.35,0,0,0,0,0,17-AUG-2016,
OPTSTK,KTKBANK,25-Aug-2016,120,PE,0.05,0.1,0.05,0.1,0.1,2,14.4,198000,0,17-AUG-2016,
OPTSTK,KTKBANK,25-Aug-2016,122.5,PE,0.15,0.15,0.15,0.15,0.15,1,7.35,6000,0,17-AUG-2016,
OPTSTK,KTKBANK,25-Aug-2016,125,PE,0.1,0.15,0.1,0.15,0.15,2,15.01,78000,0,17-AUG-2016,
OPTSTK,KTKBANK,25-Aug-2016,127.5,PE,0,0,0,1,0.05,0,0,6000,0,17-AUG-2016,
OPTSTK,KTKBANK,25-Aug-2016,130,PE,0.1,0.1,0.1,0.1,0.1,8,62.44,282000,18000,17-AUG-2016,
OPTSTK,KTKBANK,25-Aug-2016,132.5,PE,0,0,0,0.35,0.35,0,0,24000,0,17-AUG-2016,
OPTSTK,KTKBANK,25-Aug-2016,135,PE,0.55,0.55,0.2,0.35,0.35,15,121.77,408000,18000,17-AUG-2016,
OPTSTK,KTKBANK,25-Aug-2016,137.5,PE,0,0,0,0.4,1.3,0,0,42000,0,17-AUG-2016,
OPTSTK,KTKBANK,25-Aug-2016,140,PE,0.7,1.4,0.7,1.3,1.3,24,203.03,456000,-6000,17-AUG-2016,
OPTSTK,KTKBANK,25-Aug-2016,142.5,PE,1.4,2.15,1.25,2.15,2.15,4,34.6,54000,-6000,17-AUG-2016,
OPTSTK,KTKBANK,25-Aug-2016,145,PE,2.7,3,2.25,3,3,5,44.27,240000,18000,17-AUG-2016,
OPTSTK,KTKBANK,25-Aug-2016,147.5,PE,4.85,4.85,4.85,4.85,4.85,1,9.14,6000,-6000,17-AUG-2016,
OPTSTK,KTKBANK,25-Aug-2016,150,PE,0,0,0,6.7,9,0,0,324000,0,17-AUG-2016,
OPTSTK,KTKBANK,25-Aug-2016,152.5,PE,0,0,0,10.4,11.3,0,0,18000,0,17-AUG-2016,
OPTSTK,KTKBANK,25-Aug-2016,155,PE,0,0,0,15.75,13.65,0,0,48000,0,17-AUG-2016,
OPTSTK,KTKBANK,25-Aug-2016,157.5,PE,0,0,0,31.05,16.1,0,0,0,0,17-AUG-2016,
OPTSTK,KTKBANK,25-Aug-2016,160,PE,0,0,0,12.25,18.55,0,0,6000,0,17-AUG-2016,
OPTSTK,KTKBANK,25-Aug-2016,165,PE,0,0,0,37.3,23.55,0,0,0,0,17-AUG-2016,
OPTSTK,KTKBANK,25-Aug-2016,170,PE,0,0,0,36.4,28.5,0,0,0,0,17-AUG-2016,
OPTSTK,KTKBANK,25-Aug-2016,175,PE,0,0,0,40.6,33.5,0,0,0,0,17-AUG-2016,
OPTSTK,KTKBANK,25-Aug-2016,180,PE,0,0,0,38.5,38.5,0,0,0,0,17-AUG-2016,
OPTSTK,KTKBANK,25-Aug-2016,185,PE,0,0,0,42.5,43.5,0,0,0,0,17-AUG-2016,
OPTSTK,KTKBANK,29-Sep-2016,90,CE,0,0,0,52.45,52,0,0,0,0,17-AUG-2016,
OPTSTK,KTKBANK,29-Sep-2016,95,CE,0,0,0,47.6,47.05,0,0,0,0,17-AUG-2016,
OPTSTK,KTKBANK,29-Sep-2016,100,CE,0,0,0,42.75,42.1,0,0,0,0,17-AUG-2016,
OPTSTK,KTKBANK,29-Sep-2016,105,CE,0,0,0,38.05,37.15,0,0,0,0,17-AUG-2016,
OPTSTK,KTKBANK,29-Sep-2016,110,CE,0,0,0,33.45,32.25,0,0,0,0,17-AUG-2016,
OPTSTK,KTKBANK,29-Sep-2016,115,CE,0,0,0,29.1,27.4,0,0,0,0,17-AUG-2016,
OPTSTK,KTKBANK,29-Sep-2016,120,CE,0,0,0,24.95,22.75,0,0,0,0,17-AUG-2016,
OPTSTK,KTKBANK,29-Sep-2016,125,CE,0,0,0,21.1,18.35,0,0,0,0,17-AUG-2016,
OPTSTK,KTKBANK,29-Sep-2016,130,CE,0,0,0,17.6,14.35,0,0,0,0,17-AUG-2016,
OPTSTK,KTKBANK,29-Sep-2016,135,CE,0,0,0,14.5,10.85,0,0,0,0,17-AUG-2016,
OPTSTK,KTKBANK,29-Sep-2016,140,CE,0,0,0,6,7.9,0,0,18000,0,17-AUG-2016,
OPTSTK,KTKBANK,29-Sep-2016,145,CE,0,0,0,3.85,5.55,0,0,18000,0,17-AUG-2016,
OPTSTK,KTKBANK,29-Sep-2016,150,CE,2,2.15,2,2,2,7,63.85,48000,30000,17-AUG-2016,
OPTSTK,KTKBANK,29-Sep-2016,155,CE,0.9,0.9,0.9,0.9,0.9,1,9.35,60000,6000,17-AUG-2016,
OPTSTK,KTKBANK,29-Sep-2016,160,CE,0,0,0,0.55,1.55,0,0,18000,0,17-AUG-2016,
OPTSTK,KTKBANK,29-Sep-2016,165,CE,0,0,0,3.4,0.95,0,0,0,0,17-AUG-2016,
OPTSTK,KTKBANK,29-Sep-2016,170,CE,0,0,0,2.6,0.55,0,0,0,0,17-AUG-2016,
OPTSTK,KTKBANK,29-Sep-2016,175,CE,0,0,0,1.95,0.35,0,0,0,0,17-AUG-2016,
OPTSTK,KTKBANK,29-Sep-2016,180,CE,0,0,0,1.45,0.2,0,0,0,0,17-AUG-2016,
OPTSTK,KTKBANK,29-Sep-2016,185,CE,0,0,0,1.05,0.1,0,0,0,0,17-AUG-2016,
OPTSTK,KTKBANK,29-Sep-2016,90,PE,0,0,0,0.05,0,0,0,0,0,17-AUG-2016,
OPTSTK,KTKBANK,29-Sep-2016,95,PE,0,0,0,0.1,0,0,0,0,0,17-AUG-2016,
OPTSTK,KTKBANK,29-Sep-2016,100,PE,0,0,0,0.3,0.05,0,0,6000,0,17-AUG-2016,
OPTSTK,KTKBANK,29-Sep-2016,105,PE,0,0,0,0.4,0.05,0,0,0,0,17-AUG-2016,
OPTSTK,KTKBANK,29-Sep-2016,110,PE,0,0,0,0.75,0.1,0,0,0,0,17-AUG-2016,
OPTSTK,KTKBANK,29-Sep-2016,115,PE,0,0,0,1.25,0.25,0,0,0,0,17-AUG-2016,
OPTSTK,KTKBANK,29-Sep-2016,120,PE,0,0,0,2,0.55,0,0,0,0,17-AUG-2016,
OPTSTK,KTKBANK,29-Sep-2016,125,PE,0,0,0,3.1,1.1,0,0,6000,0,17-AUG-2016,
OPTSTK,KTKBANK,29-Sep-2016,130,PE,1,1.1,1,1,1,4,31.44,24000,24000,17-AUG-2016,
OPTSTK,KTKBANK,29-Sep-2016,135,PE,2.15,2.2,2.15,2.2,2.2,2,16.46,12000,12000,17-AUG-2016,
OPTSTK,KTKBANK,29-Sep-2016,140,PE,3.05,3.05,3.05,3.05,3.05,1,8.58,6000,6000,17-AUG-2016,
OPTSTK,KTKBANK,29-Sep-2016,145,PE,0,0,0,11.05,8.15,0,0,0,0,17-AUG-2016,
OPTSTK,KTKBANK,29-Sep-2016,150,PE,0,0,0,14.25,11.3,0,0,18000,0,17-AUG-2016,
OPTSTK,KTKBANK,29-Sep-2016,155,PE,0,0,0,17.25,14.95,0,0,0,0,17-AUG-2016,
OPTSTK,KTKBANK,29-Sep-2016,160,PE,0,0,0,20.85,19,0,0,0,0,17-AUG-2016,
OPTSTK,KTKBANK,29-Sep-2016,165,PE,0,0,0,24.7,23.35,0,0,0,0,17-AUG-2016,
OPTSTK,KTKBANK,29-Sep-2016,170,PE,0,0,0,28.8,27.95,0,0,0,0,17-AUG-2016,
OPTSTK,KTKBANK,29-Sep-2016,175,PE,0,0,0,33.05,32.65,0,0,0,0,17-AUG-2016,
OPTSTK,KTKBANK,29-Sep-2016,180,PE,0,0,0,37.45,37.5,0,0,0,0,17-AUG-2016,
OPTSTK,KTKBANK,29-Sep-2016,185,PE,0,0,0,42,42.35,0,0,0,0,17-AUG-2016,
OPTSTK,KTKBANK,27-Oct-2016,95,CE,0,0,0,59.2,47.55,0,0,0,0,17-AUG-2016,
OPTSTK,KTKBANK,27-Oct-2016,100,CE,0,0,0,54.3,42.65,0,0,0,0,17-AUG-2016,
OPTSTK,KTKBANK,27-Oct-2016,105,CE,0,0,0,49.4,37.8,0,0,0,0,17-AUG-2016,
OPTSTK,KTKBANK,27-Oct-2016,110,CE,0,0,0,44.5,33.05,0,0,0,0,17-AUG-2016,
OPTSTK,KTKBANK,27-Oct-2016,115,CE,0,0,0,39.7,28.45,0,0,0,0,17-AUG-2016,
OPTSTK,KTKBANK,27-Oct-2016,120,CE,0,0,0,34.95,24.1,0,0,0,0,17-AUG-2016,
OPTSTK,KTKBANK,27-Oct-2016,125,CE,0,0,0,30.35,20,0,0,0,0,17-AUG-2016,
OPTSTK,KTKBANK,27-Oct-2016,130,CE,0,0,0,25.95,16.3,0,0,0,0,17-AUG-2016,
OPTSTK,KTKBANK,27-Oct-2016,135,CE,0,0,0,21.85,13,0,0,0,0,17-AUG-2016,
OPTSTK,KTKBANK,27-Oct-2016,140,CE,0,0,0,18.05,10.15,0,0,0,0,17-AUG-2016,
OPTSTK,KTKBANK,27-Oct-2016,145,CE,0,0,0,14.65,7.8,0,0,0,0,17-AUG-2016,
OPTSTK,KTKBANK,27-Oct-2016,150,CE,0,0,0,11.65,5.85,0,0,0,0,17-AUG-2016,
OPTSTK,KTKBANK,27-Oct-2016,155,CE,0,0,0,9.1,4.3,0,0,0,0,17-AUG-2016,
OPTSTK,KTKBANK,27-Oct-2016,160,CE,0,0,0,7,3.15,0,0,0,0,17-AUG-2016,
OPTSTK,KTKBANK,27-Oct-2016,165,CE,0,0,0,5.25,2.2,0,0,0,0,17-AUG-2016,
OPTSTK,KTKBANK,27-Oct-2016,170,CE,0,0,0,3.9,1.55,0,0,0,0,17-AUG-2016,
OPTSTK,KTKBANK,27-Oct-2016,175,CE,0,0,0,2.85,1.05,0,0,0,0,17-AUG-2016,
OPTSTK,KTKBANK,27-Oct-2016,180,CE,0,0,0,2.05,0.75,0,0,0,0,17-AUG-2016,
OPTSTK,KTKBANK,27-Oct-2016,185,CE,0,0,0,1.45,0.5,0,0,0,0,17-AUG-2016,
OPTSTK,KTKBANK,27-Oct-2016,95,PE,0,0,0,0.05,0.05,0,0,0,0,17-AUG-2016,
OPTSTK,KTKBANK,27-Oct-2016,100,PE,0,0,0,0.05,0.1,0,0,0,0,17-AUG-2016,
OPTSTK,KTKBANK,27-Oct-2016,105,PE,0,0,0,0.05,0.15,0,0,0,0,17-AUG-2016,
OPTSTK,KTKBANK,27-Oct-2016,110,PE,0,0,0,0.1,0.35,0,0,0,0,17-AUG-2016,
OPTSTK,KTKBANK,27-Oct-2016,115,PE,0,0,0,0.15,0.7,0,0,0,0,17-AUG-2016,
OPTSTK,KTKBANK,27-Oct-2016,120,PE,0,0,0,0.35,1.25,0,0,0,0,17-AUG-2016,
OPTSTK,KTKBANK,27-Oct-2016,125,PE,0,0,0,0.65,2.1,0,0,0,0,17-AUG-2016,
OPTSTK,KTKBANK,27-Oct-2016,130,PE,0,0,0,1.2,3.3,0,0,0,0,17-AUG-2016,
OPTSTK,KTKBANK,27-Oct-2016,135,PE,0,0,0,1.95,4.95,0,0,0,0,17-AUG-2016,
OPTSTK,KTKBANK,27-Oct-2016,140,PE,0,0,0,3.1,7.05,0,0,0,0,17-AUG-2016,
OPTSTK,KTKBANK,27-Oct-2016,145,PE,0,0,0,4.6,9.6,0,0,0,0,17-AUG-2016,
OPTSTK,KTKBANK,27-Oct-2016,150,PE,0,0,0,6.5,12.6,0,0,0,0,17-AUG-2016,
OPTSTK,KTKBANK,27-Oct-2016,155,PE,0,0,0,8.9,16,0,0,0,0,17-AUG-2016,
OPTSTK,KTKBANK,27-Oct-2016,160,PE,0,0,0,11.7,19.75,0,0,0,0,17-AUG-2016,
OPTSTK,KTKBANK,27-Oct-2016,165,PE,0,0,0,14.85,23.75,0,0,0,0,17-AUG-2016,
OPTSTK,KTKBANK,27-Oct-2016,170,PE,0,0,0,18.45,28.05,0,0,0,0,17-AUG-2016,
OPTSTK,KTKBANK,27-Oct-2016,175,PE,0,0,0,22.3,32.5,0,0,0,0,17-AUG-2016,
OPTSTK,KTKBANK,27-Oct-2016,180,PE,0,0,0,26.4,37.1,0,0,0,0,17-AUG-2016,
OPTSTK,KTKBANK,27-Oct-2016,185,PE,0,0,0,30.7,41.8,0,0,0,0,17-AUG-2016,
OPTSTK,L&TFH,25-Aug-2016,50,CE,0,0,0,24.7,43.55,0,0,0,0,17-AUG-2016,
OPTSTK,L&TFH,25-Aug-2016,52.5,CE,0,0,0,22.25,41.05,0,0,0,0,17-AUG-2016,
OPTSTK,L&TFH,25-Aug-2016,55,CE,0,0,0,19.85,38.55,0,0,0,0,17-AUG-2016,
OPTSTK,L&TFH,25-Aug-2016,57.5,CE,0,0,0,17.5,36.05,0,0,0,0,17-AUG-2016,
OPTSTK,L&TFH,25-Aug-2016,60,CE,0,0,0,15.25,33.55,0,0,0,0,17-AUG-2016,
OPTSTK,L&TFH,25-Aug-2016,62.5,CE,0,0,0,13.05,31.05,0,0,0,0,17-AUG-2016,
OPTSTK,L&TFH,25-Aug-2016,65,CE,0,0,0,21.3,28.55,0,0,9000,0,17-AUG-2016,
OPTSTK,L&TFH,25-Aug-2016,67.5,CE,0,0,0,18.8,26.05,0,0,9000,0,17-AUG-2016,
OPTSTK,L&TFH,25-Aug-2016,70,CE,0,0,0,16.4,23.55,0,0,9000,0,17-AUG-2016,
OPTSTK,L&TFH,25-Aug-2016,72.5,CE,0,0,0,19.3,21.1,0,0,18000,0,17-AUG-2016,
OPTSTK,L&TFH,25-Aug-2016,75,CE,18.7,18.7,18,18.35,18.35,6,50.35,2484000,0,17-AUG-2016,
OPTSTK,L&TFH,25-Aug-2016,77.5,CE,16,17.3,16,17.3,17.3,2,16.94,756000,0,17-AUG-2016,
OPTSTK,L&TFH,25-Aug-2016,80,CE,13.55,13.9,12.95,13.6,13.6,14,117.67,2151000,-90000,17-AUG-2016,
OPTSTK,L&TFH,25-Aug-2016,82.5,CE,0,0,0,10.75,11.15,0,0,2673000,0,17-AUG-2016,
OPTSTK,L&TFH,25-Aug-2016,85,CE,7.7,9.3,7.35,8.65,8.65,216,1815.53,2133000,-1341000,17-AUG-2016,
OPTSTK,L&TFH,25-Aug-2016,87.5,CE,5.7,7,5.5,6.45,6.45,22,185.8,468000,-54000,17-AUG-2016,
OPTSTK,L&TFH,25-Aug-2016,90,CE,3.7,5.1,3.45,4.3,4.3,343,2910.35,2178000,-594000,17-AUG-2016,
OPTSTK,L&TFH,25-Aug-2016,92.5,CE,2.35,3.45,2.1,2.75,2.75,223,1912.78,1053000,-108000,17-AUG-2016,
OPTSTK,L&TFH,25-Aug-2016,95,CE,1.35,2.25,1.25,1.75,1.75,969,8444.02,3105000,252000,17-AUG-2016,
OPTSTK,L&TFH,25-Aug-2016,97.5,CE,1,1.3,0.75,1,1,123,1091.1,720000,117000,17-AUG-2016,
OPTSTK,L&TFH,25-Aug-2016,100,CE,0.6,0.8,0.45,0.6,0.6,277,2508.93,2457000,225000,17-AUG-2016,
OPTSTK,L&TFH,25-Aug-2016,102.5,CE,0.3,0.45,0.3,0.3,0.3,37,342.55,414000,63000,17-AUG-2016,
OPTSTK,L&TFH,25-Aug-2016,105,CE,0.2,0.3,0.2,0.2,0.2,45,426.2,810000,9000,17-AUG-2016,
OPTSTK,L&TFH,25-Aug-2016,107.5,CE,0.2,0.2,0.15,0.15,0.15,6,58.14,81000,18000,17-AUG-2016,
OPTSTK,L&TFH,25-Aug-2016,110,CE,0,0,0,0.05,0.05,0,0,0,0,17-AUG-2016,
OPTSTK,L&TFH,25-Aug-2016,50,PE,0,0,0,0.05,0,0,0,0,0,17-AUG-2016,
OPTSTK,L&TFH,25-Aug-2016,52.5,PE,0,0,0,0.05,0,0,0,0,0,17-AUG-2016,
OPTSTK,L&TFH,25-Aug-2016,55,PE,0,0,0,0.1,0,0,0,0,0,17-AUG-2016,
OPTSTK,L&TFH,25-Aug-2016,57.5,PE,0,0,0,0.25,0,0,0,0,0,17-AUG-2016,
OPTSTK,L&TFH,25-Aug-2016,60,PE,0,0,0,0.4,0,0,0,0,0,17-AUG-2016,
OPTSTK,L&TFH,25-Aug-2016,62.5,PE,0,0,0,0.7,0,0,0,0,0,17-AUG-2016,
OPTSTK,L&TFH,25-Aug-2016,65,PE,0,0,0,0.1,0,0,0,27000,0,17-AUG-2016,
OPTSTK,L&TFH,25-Aug-2016,67.5,PE,0,0,0,0.05,0,0,0,72000,0,17-AUG-2016,
OPTSTK,L&TFH,25-Aug-2016,70,PE,0,0,0,0.05,0,0,0,558000,0,17-AUG-2016,
OPTSTK,L&TFH,25-Aug-2016,72.5,PE,0,0,0,0.05,0,0,0,252000,0,17-AUG-2016,
OPTSTK,L&TFH,25-Aug-2016,75,PE,0.1,0.1,0.1,0.1,0.1,10,67.59,1368000,45000,17-AUG-2016,
OPTSTK,L&TFH,25-Aug-2016,77.5,PE,0.1,0.15,0.05,0.1,0.1,8,55.86,468000,-36000,17-AUG-2016,
OPTSTK,L&TFH,25-Aug-2016,80,PE,0.15,0.15,0.05,0.1,0.1,60,432.6,1737000,-153000,17-AUG-2016,
OPTSTK,L&TFH,25-Aug-2016,82.5,PE,0.2,0.2,0.15,0.15,0.15,13,96.71,1152000,0,17-AUG-2016,
OPTSTK,L&TFH,25-Aug-2016,85,PE,0.4,0.5,0.15,0.15,0.15,323,2477.84,1638000,-540000,17-AUG-2016,
OPTSTK,L&TFH,25-Aug-2016,87.5,PE,0.85,0.85,0.3,0.35,0.35,93,736.61,1062000,-90000,17-AUG-2016,
OPTSTK,L&TFH,25-Aug-2016,90,PE,1.4,1.6,0.75,0.8,0.8,355,2908.18,1305000,162000,17-AUG-2016,
OPTSTK,L&TFH,25-Aug-2016,92.5,PE,2.3,2.3,1.5,1.65,1.65,91,772.67,630000,243000,17-AUG-2016,
OPTSTK,L&TFH,25-Aug-2016,95,PE,2.95,3.95,2.9,3,3,6,53.1,153000,18000,17-AUG-2016,
OPTSTK,L&TFH,25-Aug-2016,97.5,PE,0,0,0,22.3,4.9,0,0,0,0,17-AUG-2016,
OPTSTK,L&TFH,25-Aug-2016,100,PE,0,0,0,8.3,6.9,0,0,45000,0,17-AUG-2016,
OPTSTK,L&TFH,25-Aug-2016,102.5,PE,0,0,0,23.65,9.15,0,0,0,0,17-AUG-2016,
OPTSTK,L&TFH,25-Aug-2016,105,PE,0,0,0,25,11.5,0,0,0,0,17-AUG-2016,
OPTSTK,L&TFH,25-Aug-2016,107.5,PE,0,0,0,27.45,13.95,0,0,0,0,17-AUG-2016,
OPTSTK,L&TFH,25-Aug-2016,110,PE,0,0,0,29.9,16.4,0,0,0,0,17-AUG-2016,
OPTSTK,L&TFH,29-Sep-2016,50,CE,0,0,0,29.85,43.85,0,0,0,0,17-AUG-2016,
OPTSTK,L&TFH,29-Sep-2016,52.5,CE,0,0,0,27.4,41.4,0,0,0,0,17-AUG-2016,
OPTSTK,L&TFH,29-Sep-2016,55,CE,0,0,0,25,38.9,0,0,0,0,17-AUG-2016,
OPTSTK,L&TFH,29-Sep-2016,57.5,CE,0,0,0,22.55,36.45,0,0,0,0,17-AUG-2016,
OPTSTK,L&TFH,29-Sep-2016,60,CE,0,0,0,20.2,33.95,0,0,0,0,17-AUG-2016,
OPTSTK,L&TFH,29-Sep-2016,62.5,CE,0,0,0,17.9,31.5,0,0,0,0,17-AUG-2016,
OPTSTK,L&TFH,29-Sep-2016,65,CE,0,0,0,15.65,29,0,0,0,0,17-AUG-2016,
OPTSTK,L&TFH,29-Sep-2016,67.5,CE,0,0,0,13.55,26.55,0,0,0,0,17-AUG-2016,
OPTSTK,L&TFH,29-Sep-2016,70,CE,0,0,0,11.6,24.15,0,0,0,0,17-AUG-2016,
OPTSTK,L&TFH,29-Sep-2016,72.5,CE,0,0,0,9.75,21.75,0,0,0,0,17-AUG-2016,
OPTSTK,L&TFH,29-Sep-2016,75,CE,0,0,0,8.1,19.4,0,0,0,0,17-AUG-2016,
OPTSTK,L&TFH,29-Sep-2016,77.5,CE,0,0,0,6.65,17.15,0,0,0,0,17-AUG-2016,
OPTSTK,L&TFH,29-Sep-2016,80,CE,0,0,0,11.3,15,0,0,126000,0,17-AUG-2016,
OPTSTK,L&TFH,29-Sep-2016,82.5,CE,0,0,0,4.3,12.95,0,0,0,0,17-AUG-2016,
OPTSTK,L&TFH,29-Sep-2016,85,CE,0,0,0,1.85,11.05,0,0,9000,0,17-AUG-2016,
OPTSTK,L&TFH,29-Sep-2016,87.5,CE,0,0,0,4.9,9.3,0,0,9000,0,17-AUG-2016,
OPTSTK,L&TFH,29-Sep-2016,90,CE,7.3,8.6,7.15,7.85,7.85,16,140.82,171000,45000,17-AUG-2016,
OPTSTK,L&TFH,29-Sep-2016,92.5,CE,6,6.1,5.8,6.1,6.1,7,62.04,81000,45000,17-AUG-2016,
OPTSTK,L&TFH,29-Sep-2016,95,CE,3.85,5.8,3.85,5.7,5.7,41,368.87,342000,207000,17-AUG-2016,
OPTSTK,L&TFH,29-Sep-2016,97.5,CE,3.85,4.7,3.8,4.7,4.7,6,54.82,81000,36000,17-AUG-2016,
OPTSTK,L&TFH,29-Sep-2016,100,CE,2.7,4.1,2.7,3.9,3.9,172,1599.92,1566000,1422000,17-AUG-2016,
OPTSTK,L&TFH,29-Sep-2016,102.5,CE,0,0,0,0.5,2.6,0,0,0,0,17-AUG-2016,
OPTSTK,L&TFH,29-Sep-2016,105,CE,1.85,2.85,1.85,2.85,2.85,6,57.88,54000,45000,17-AUG-2016,
OPTSTK,L&TFH,29-Sep-2016,107.5,CE,1.7,1.7,1.7,1.7,1.7,1,9.82,9000,9000,17-AUG-2016,
OPTSTK,L&TFH,29-Sep-2016,110,CE,1,1.7,1,1.6,1.6,12,120.45,108000,108000,17-AUG-2016,
OPTSTK,L&TFH,29-Sep-2016,50,PE,0,0,0,0.05,0,0,0,0,0,17-AUG-2016,
OPTSTK,L&TFH,29-Sep-2016,52.5,PE,0,0,0,0.05,0,0,0,0,0,17-AUG-2016,
OPTSTK,L&TFH,29-Sep-2016,55,PE,0,0,0,0.05,0,0,0,0,0,17-AUG-2016,
OPTSTK,L&TFH,29-Sep-2016,57.5,PE,0,0,0,0.1,0,0,0,0,0,17-AUG-2016,
OPTSTK,L&TFH,29-Sep-2016,60,PE,0,0,0,0.2,0,0,0,0,0,17-AUG-2016,
OPTSTK,L&TFH,29-Sep-2016,62.5,PE,0,0,0,0.35,0.05,0,0,0,0,17-AUG-2016,
OPTSTK,L&TFH,29-Sep-2016,65,PE,0,0,0,0.55,0.05,0,0,0,0,17-AUG-2016,
OPTSTK,L&TFH,29-Sep-2016,67.5,PE,0,0,0,0.9,0.05,0,0,0,0,17-AUG-2016,
OPTSTK,L&TFH,29-Sep-2016,70,PE,0,0,0,1.4,0.1,0,0,0,0,17-AUG-2016,
OPTSTK,L&TFH,29-Sep-2016,72.5,PE,0,0,0,2.05,0.2,0,0,0,0,17-AUG-2016,
OPTSTK,L&TFH,29-Sep-2016,75,PE,0,0,0,2.85,0.35,0,0,0,0,17-AUG-2016,
OPTSTK,L&TFH,29-Sep-2016,77.5,PE,0,0,0,0.85,0.55,0,0,45000,0,17-AUG-2016,
OPTSTK,L&TFH,29-Sep-2016,80,PE,0.85,0.95,0.6,0.95,0.95,8,58.22,117000,36000,17-AUG-2016,
OPTSTK,L&TFH,29-Sep-2016,82.5,PE,1.25,1.3,1.25,1.3,1.3,2,15.07,63000,18000,17-AUG-2016,
OPTSTK,L&TFH,29-Sep-2016,85,PE,1.75,2.1,1.75,1.95,1.95,3,23.47,45000,9000,17-AUG-2016,
OPTSTK,L&TFH,29-Sep-2016,87.5,PE,0,0,0,4.6,2.65,0,0,9000,0,17-AUG-2016,
OPTSTK,L&TFH,29-Sep-2016,90,PE,3.5,3.7,3.5,3.6,3.6,4,33.69,72000,27000,17-AUG-2016,
OPTSTK,L&TFH,29-Sep-2016,92.5,PE,4.3,4.8,4.1,4.75,4.75,8,69.91,63000,63000,17-AUG-2016,
OPTSTK,L&TFH,29-Sep-2016,95,PE,5.5,6.3,5.45,5.6,5.6,15,136.05,126000,126000,17-AUG-2016,
OPTSTK,L&TFH,29-Sep-2016,97.5,PE,0,0,0,17.7,7.4,0,0,0,0,17-AUG-2016,
OPTSTK,L&TFH,29-Sep-2016,100,PE,0,0,0,19.95,9.05,0,0,0,0,17-AUG-2016,
OPTSTK,L&TFH,29-Sep-2016,102.5,PE,0,0,0,22.2,10.8,0,0,0,0,17-AUG-2016,
OPTSTK,L&TFH,29-Sep-2016,105,PE,0,0,0,24.55,12.7,0,0,0,0,17-AUG-2016,
OPTSTK,L&TFH,29-Sep-2016,107.5,PE,0,0,0,26.9,14.7,0,0,0,0,17-AUG-2016,
OPTSTK,L&TFH,29-Sep-2016,110,PE,0,0,0,29.3,16.8,0,0,0,0,17-AUG-2016,
OPTSTK,L&TFH,27-Oct-2016,52.5,CE,0,0,0,36.2,41.65,0,0,0,0,17-AUG-2016,
OPTSTK,L&TFH,27-Oct-2016,55,CE,0,0,0,33.85,39.2,0,0,0,0,17-AUG-2016,
OPTSTK,L&TFH,27-Oct-2016,57.5,CE,0,0,0,31.5,36.75,0,0,0,0,17-AUG-2016,
OPTSTK,L&TFH,27-Oct-2016,60,CE,0,0,0,29.15,34.3,0,0,0,0,17-AUG-2016,
OPTSTK,L&TFH,27-Oct-2016,62.5,CE,0,0,0,26.9,31.9,0,0,0,0,17-AUG-2016,
OPTSTK,L&TFH,27-Oct-2016,65,CE,0,0,0,24.75,29.45,0,0,0,0,17-AUG-2016,
OPTSTK,L&TFH,27-Oct-2016,67.5,CE,0,0,0,22.6,27.1,0,0,0,0,17-AUG-2016,
OPTSTK,L&TFH,27-Oct-2016,70,CE,0,0,0,20.6,24.75,0,0,0,0,17-AUG-2016,
OPTSTK,L&TFH,27-Oct-2016,72.5,CE,0,0,0,18.65,22.5,0,0,0,0,17-AUG-2016,
OPTSTK,L&TFH,27-Oct-2016,75,CE,0,0,0,16.85,20.3,0,0,0,0,17-AUG-2016,
OPTSTK,L&TFH,27-Oct-2016,77.5,CE,0,0,0,15.15,18.2,0,0,0,0,17-AUG-2016,
OPTSTK,L&TFH,27-Oct-2016,80,CE,0,0,0,13.55,16.2,0,0,0,0,17-AUG-2016,
OPTSTK,L&TFH,27-Oct-2016,82.5,CE,0,0,0,12.1,14.35,0,0,0,0,17-AUG-2016,
OPTSTK,L&TFH,27-Oct-2016,85,CE,0,0,0,10.7,12.6,0,0,0,0,17-AUG-2016,
OPTSTK,L&TFH,27-Oct-2016,87.5,CE,0,0,0,9.5,11,0,0,0,0,17-AUG-2016,
OPTSTK,L&TFH,27-Oct-2016,90,CE,0,0,0,8.35,9.5,0,0,0,0,17-AUG-2016,
OPTSTK,L&TFH,27-Oct-2016,92.5,CE,0,0,0,7.35,8.15,0,0,0,0,17-AUG-2016,
OPTSTK,L&TFH,27-Oct-2016,95,CE,0,0,0,6.4,7,0,0,0,0,17-AUG-2016,
OPTSTK,L&TFH,27-Oct-2016,97.5,CE,0,0,0,5.6,5.9,0,0,0,0,17-AUG-2016,
OPTSTK,L&TFH,27-Oct-2016,100,CE,0,0,0,4.85,5,0,0,0,0,17-AUG-2016,
OPTSTK,L&TFH,27-Oct-2016,102.5,CE,0,0,0,4.2,4.2,0,0,0,0,17-AUG-2016,
OPTSTK,L&TFH,27-Oct-2016,105,CE,0,0,0,3.65,3.5,0,0,0,0,17-AUG-2016,
OPTSTK,L&TFH,27-Oct-2016,107.5,CE,0,0,0,3.15,2.9,0,0,0,0,17-AUG-2016,
OPTSTK,L&TFH,27-Oct-2016,110,CE,0,0,0,2.7,2.4,0,0,0,0,17-AUG-2016,
OPTSTK,L&TFH,27-Oct-2016,52.5,PE,0,0,0,0.1,0,0,0,0,0,17-AUG-2016,
OPTSTK,L&TFH,27-Oct-2016,55,PE,0,0,0,0.2,0.05,0,0,0,0,17-AUG-2016,
OPTSTK,L&TFH,27-Oct-2016,57.5,PE,0,0,0,0.3,0.05,0,0,0,0,17-AUG-2016,
OPTSTK,L&TFH,27-Oct-2016,60,PE,0,0,0,0.45,0.05,0,0,0,0,17-AUG-2016,
OPTSTK,L&TFH,27-Oct-2016,62.5,PE,0,0,0,0.65,0.1,0,0,0,0,17-AUG-2016,
OPTSTK,L&TFH,27-Oct-2016,65,PE,0,0,0,0.9,0.15,0,0,0,0,17-AUG-2016,
OPTSTK,L&TFH,27-Oct-2016,67.5,PE,0,0,0,1.25,0.25,0,0,0,0,17-AUG-2016,
OPTSTK,L&TFH,27-Oct-2016,70,PE,0,0,0,1.7,0.4,0,0,0,0,17-AUG-2016,
OPTSTK,L&TFH,27-Oct-2016,72.5,PE,0,0,0,2.25,0.6,0,0,0,0,17-AUG-2016,
OPTSTK,L&TFH,27-Oct-2016,75,PE,0,0,0,2.85,0.85,0,0,0,0,17-AUG-2016,
OPTSTK,L&TFH,27-Oct-2016,77.5,PE,0,0,0,3.6,1.25,0,0,0,0,17-AUG-2016,
OPTSTK,L&TFH,27-Oct-2016,80,PE,0,0,0,4.5,1.7,0,0,0,0,17-AUG-2016,
OPTSTK,L&TFH,27-Oct-2016,82.5,PE,0,0,0,5.45,2.3,0,0,0,0,17-AUG-2016,
OPTSTK,L&TFH,27-Oct-2016,85,PE,0,0,0,6.55,3,0,0,0,0,17-AUG-2016,
OPTSTK,L&TFH,27-Oct-2016,87.5,PE,0,0,0,7.8,3.85,0,0,0,0,17-AUG-2016,
OPTSTK,L&TFH,27-Oct-2016,90,PE,0,0,0,9.1,4.85,0,0,0,0,17-AUG-2016,
OPTSTK,L&TFH,27-Oct-2016,92.5,PE,0,0,0,10.55,6,0,0,0,0,17-AUG-2016,
OPTSTK,L&TFH,27-Oct-2016,95,PE,0,0,0,12.1,7.25,0,0,0,0,17-AUG-2016,
OPTSTK,L&TFH,27-Oct-2016,97.5,PE,0,0,0,13.7,8.65,0,0,0,0,17-AUG-2016,
OPTSTK,L&TFH,27-Oct-2016,100,PE,0,0,0,15.45,10.2,0,0,0,0,17-AUG-2016,
OPTSTK,L&TFH,27-Oct-2016,102.5,PE,0,0,0,17.25,11.85,0,0,0,0,17-AUG-2016,
OPTSTK,L&TFH,27-Oct-2016,105,PE,0,0,0,19.15,13.65,0,0,0,0,17-AUG-2016,
OPTSTK,L&TFH,27-Oct-2016,107.5,PE,0,0,0,21.1,15.5,0,0,0,0,17-AUG-2016,
OPTSTK,L&TFH,27-Oct-2016,110,PE,0,0,0,23.1,17.45,0,0,0,0,17-AUG-2016,
OPTSTK,LICHSGFIN,25-Aug-2016,310,CE,0,0,0,153.15,238.3,0,0,0,0,17-AUG-2016,
OPTSTK,LICHSGFIN,25-Aug-2016,320,CE,0,0,0,143.5,228.3,0,0,0,0,17-AUG-2016,
OPTSTK,LICHSGFIN,25-Aug-2016,330,CE,0,0,0,133.9,218.3,0,0,0,0,17-AUG-2016,
OPTSTK,LICHSGFIN,25-Aug-2016,340,CE,0,0,0,124.4,208.35,0,0,0,0,17-AUG-2016,
OPTSTK,LICHSGFIN,25-Aug-2016,350,CE,0,0,0,115.1,198.35,0,0,0,0,17-AUG-2016,
OPTSTK,LICHSGFIN,25-Aug-2016,360,CE,0,0,0,105.95,188.35,0,0,0,0,17-AUG-2016,
OPTSTK,LICHSGFIN,25-Aug-2016,370,CE,0,0,0,97.05,178.35,0,0,0,0,17-AUG-2016,
OPTSTK,LICHSGFIN,25-Aug-2016,380,CE,0,0,0,88.45,168.4,0,0,0,0,17-AUG-2016,
OPTSTK,LICHSGFIN,25-Aug-2016,390,CE,0,0,0,80.15,158.4,0,0,0,0,17-AUG-2016,
OPTSTK,LICHSGFIN,25-Aug-2016,400,CE,0,0,0,72.25,148.4,0,0,0,0,17-AUG-2016,
OPTSTK,LICHSGFIN,25-Aug-2016,410,CE,0,0,0,64.75,138.45,0,0,0,0,17-AUG-2016,
OPTSTK,LICHSGFIN,25-Aug-2016,420,CE,0,0,0,81,128.45,0,0,1100,0,17-AUG-2016,
OPTSTK,LICHSGFIN,25-Aug-2016,430,CE,0,0,0,72,118.45,0,0,1100,0,17-AUG-2016,
OPTSTK,LICHSGFIN,25-Aug-2016,440,CE,0,0,0,45,108.5,0,0,0,0,17-AUG-2016,
OPTSTK,LICHSGFIN,25-Aug-2016,450,CE,0,0,0,39.4,98.5,0,0,0,0,17-AUG-2016,
OPTSTK,LICHSGFIN,25-Aug-2016,460,CE,0,0,0,34.3,88.5,0,0,0,0,17-AUG-2016,
OPTSTK,LICHSGFIN,25-Aug-2016,470,CE,0,0,0,81.75,78.55,0,0,1100,0,17-AUG-2016,
OPTSTK,LICHSGFIN,25-Aug-2016,480,CE,0,0,0,71.75,68.6,0,0,20900,0,17-AUG-2016,
OPTSTK,LICHSGFIN,25-Aug-2016,490,CE,0,0,0,30.4,58.75,0,0,5500,0,17-AUG-2016,
OPTSTK,LICHSGFIN,25-Aug-2016,500,CE,0,0,0,49.4,49.1,0,0,29700,0,17-AUG-2016,
OPTSTK,LICHSGFIN,25-Aug-2016,510,CE,0,0,0,39,39.85,0,0,86900,0,17-AUG-2016,
OPTSTK,LICHSGFIN,25-Aug-2016,520,CE,27.55,27.55,26.3,26.3,26.3,2,12.03,158400,-2200,17-AUG-2016,
OPTSTK,LICHSGFIN,25-Aug-2016,530,CE,20.25,23.5,17,23,23,13,78.62,135300,-11000,17-AUG-2016,
OPTSTK,LICHSGFIN,25-Aug-2016,540,CE,16.25,17.1,11,14.4,14.4,53,323.22,150700,3300,17-AUG-2016,
OPTSTK,LICHSGFIN,25-Aug-2016,550,CE,10.35,11.35,6.8,9.5,9.5,306,1882.29,227700,19800,17-AUG-2016,
OPTSTK,LICHSGFIN,25-Aug-2016,560,CE,6.5,7.15,3.85,5.9,5.9,476,2961.78,353100,40700,17-AUG-2016,
OPTSTK,LICHSGFIN,25-Aug-2016,570,CE,4.3,4.3,2.45,3.4,3.4,107,674.81,99000,-17600,17-AUG-2016,
OPTSTK,LICHSGFIN,25-Aug-2016,580,CE,2.45,2.5,1.35,1.9,1.9,70,448.02,128700,-8800,17-AUG-2016,
OPTSTK,LICHSGFIN,25-Aug-2016,590,CE,1.4,1.4,0.7,0.95,0.95,39,253.55,62700,16500,17-AUG-2016,
OPTSTK,LICHSGFIN,25-Aug-2016,600,CE,0.75,0.75,0.45,0.6,0.6,11,72.67,66000,0,17-AUG-2016,
OPTSTK,LICHSGFIN,25-Aug-2016,610,CE,0.3,0.3,0.3,0.3,0.3,2,13.42,4400,-2200,17-AUG-2016,
OPTSTK,LICHSGFIN,25-Aug-2016,620,CE,0,0,0,0.3,0.15,0,0,6600,0,17-AUG-2016,
OPTSTK,LICHSGFIN,25-Aug-2016,630,CE,0,0,0,0.2,0.1,0,0,1100,0,17-AUG-2016,
OPTSTK,LICHSGFIN,25-Aug-2016,640,CE,0,0,0,1.25,0.05,0,0,0,0,17-AUG-2016,
OPTSTK,LICHSGFIN,25-Aug-2016,650,CE,0,0,0,1.05,0.05,0,0,0,0,17-AUG-2016,
OPTSTK,LICHSGFIN,25-Aug-2016,310,PE,0,0,0,0.25,0,0,0,0,0,17-AUG-2016,
OPTSTK,LICHSGFIN,25-Aug-2016,320,PE,0,0,0,0.4,0,0,0,0,0,17-AUG-2016,
OPTSTK,LICHSGFIN,25-Aug-2016,330,PE,0,0,0,0.6,0,0,0,0,0,17-AUG-2016,
OPTSTK,LICHSGFIN,25-Aug-2016,340,PE,0,0,0,0.95,0,0,0,0,0,17-AUG-2016,
OPTSTK,LICHSGFIN,25-Aug-2016,350,PE,0,0,0,1.45,0,0,0,0,0,17-AUG-2016,
OPTSTK,LICHSGFIN,25-Aug-2016,360,PE,0,0,0,2.15,0,0,0,0,0,17-AUG-2016,
OPTSTK,LICHSGFIN,25-Aug-2016,370,PE,0,0,0,3.05,0,0,0,0,0,17-AUG-2016,
OPTSTK,LICHSGFIN,25-Aug-2016,380,PE,0,0,0,4.25,0,0,0,0,0,17-AUG-2016,
OPTSTK,LICHSGFIN,25-Aug-2016,390,PE,0,0,0,5.8,0,0,0,0,0,17-AUG-2016,
OPTSTK,LICHSGFIN,25-Aug-2016,400,PE,0,0,0,7.7,0,0,0,0,0,17-AUG-2016,
OPTSTK,LICHSGFIN,25-Aug-2016,410,PE,0,0,0,10.05,0,0,0,0,0,17-AUG-2016,
OPTSTK,LICHSGFIN,25-Aug-2016,420,PE,0,0,0,2,0,0,0,1100,0,17-AUG-2016,
OPTSTK,LICHSGFIN,25-Aug-2016,430,PE,0,0,0,16.05,0,0,0,0,0,17-AUG-2016,
OPTSTK,LICHSGFIN,25-Aug-2016,440,PE,0,0,0,19.75,0,0,0,0,0,17-AUG-2016,
OPTSTK,LICHSGFIN,25-Aug-2016,450,PE,0,0,0,0.2,0,0,0,5500,0,17-AUG-2016,
OPTSTK,LICHSGFIN,25-Aug-2016,460,PE,0,0,0,0.15,0.05,0,0,23100,0,17-AUG-2016,
OPTSTK,LICHSGFIN,25-Aug-2016,470,PE,0,0,0,0.25,0.05,0,0,37400,0,17-AUG-2016,
OPTSTK,LICHSGFIN,25-Aug-2016,480,PE,0.1,0.1,0.1,0.1,0.1,1,5.28,47300,-1100,17-AUG-2016,
OPTSTK,LICHSGFIN,25-Aug-2016,490,PE,0.2,0.3,0.2,0.3,0.3,4,21.57,40700,0,17-AUG-2016,
OPTSTK,LICHSGFIN,25-Aug-2016,500,PE,0.6,0.6,0.4,0.45,0.45,13,71.56,169400,-6600,17-AUG-2016,
OPTSTK,LICHSGFIN,25-Aug-2016,510,PE,0.75,0.95,0.65,0.7,0.7,27,151.71,147400,-5500,17-AUG-2016,
OPTSTK,LICHSGFIN,25-Aug-2016,520,PE,1.75,2,1.25,1.35,1.35,67,384.41,237600,-28600,17-AUG-2016,
OPTSTK,LICHSGFIN,25-Aug-2016,530,PE,3.3,4,2.5,2.7,2.7,122,715.62,178200,12100,17-AUG-2016,
OPTSTK,LICHSGFIN,25-Aug-2016,540,PE,6.15,7.9,4.95,5.5,5.5,204,1225.64,160600,18700,17-AUG-2016,
OPTSTK,LICHSGFIN,25-Aug-2016,550,PE,9.6,13.35,9.1,9.9,9.9,144,888.58,104500,-2200,17-AUG-2016,
OPTSTK,LICHSGFIN,25-Aug-2016,560,PE,15.95,20,14.95,16.1,16.1,10,63.55,17600,-3300,17-AUG-2016,
OPTSTK,LICHSGFIN,25-Aug-2016,570,PE,27,27,27,27,27,1,6.56,3300,0,17-AUG-2016,
OPTSTK,LICHSGFIN,25-Aug-2016,580,PE,0,0,0,33,33.9,0,0,1100,0,17-AUG-2016,
OPTSTK,LICHSGFIN,25-Aug-2016,590,PE,0,0,0,125.65,42.7,0,0,0,0,17-AUG-2016,
OPTSTK,LICHSGFIN,25-Aug-2016,600,PE,0,0,0,82,52,0,0,1100,0,17-AUG-2016,
OPTSTK,LICHSGFIN,25-Aug-2016,610,PE,0,0,0,144.1,61.65,0,0,0,0,17-AUG-2016,
OPTSTK,LICHSGFIN,25-Aug-2016,620,PE,0,0,0,153.45,71.45,0,0,0,0,17-AUG-2016,
OPTSTK,LICHSGFIN,25-Aug-2016,630,PE,0,0,0,162.9,81.35,0,0,0,0,17-AUG-2016,
OPTSTK,LICHSGFIN,25-Aug-2016,640,PE,0,0,0,172.45,91.3,0,0,0,0,17-AUG-2016,
OPTSTK,LICHSGFIN,25-Aug-2016,650,PE,0,0,0,171.55,101.25,0,0,0,0,17-AUG-2016,
OPTSTK,LICHSGFIN,29-Sep-2016,310,CE,0,0,0,190.5,240.35,0,0,0,0,17-AUG-2016,
OPTSTK,LICHSGFIN,29-Sep-2016,320,CE,0,0,0,180.7,230.4,0,0,0,0,17-AUG-2016,
OPTSTK,LICHSGFIN,29-Sep-2016,330,CE,0,0,0,170.9,220.5,0,0,0,0,17-AUG-2016,
OPTSTK,LICHSGFIN,29-Sep-2016,340,CE,0,0,0,161.1,210.55,0,0,0,0,17-AUG-2016,
OPTSTK,LICHSGFIN,29-Sep-2016,350,CE,0,0,0,151.3,200.65,0,0,0,0,17-AUG-2016,
OPTSTK,LICHSGFIN,29-Sep-2016,360,CE,0,0,0,141.6,190.75,0,0,0,0,17-AUG-2016,
OPTSTK,LICHSGFIN,29-Sep-2016,370,CE,0,0,0,131.9,180.85,0,0,0,0,17-AUG-2016,
OPTSTK,LICHSGFIN,29-Sep-2016,380,CE,0,0,0,122.35,170.95,0,0,0,0,17-AUG-2016,
OPTSTK,LICHSGFIN,29-Sep-2016,390,CE,0,0,0,112.9,161.05,0,0,0,0,17-AUG-2016,
OPTSTK,LICHSGFIN,29-Sep-2016,400,CE,0,0,0,103.6,151.15,0,0,0,0,17-AUG-2016,
OPTSTK,LICHSGFIN,29-Sep-2016,410,CE,0,0,0,94.5,141.35,0,0,0,0,17-AUG-2016,
OPTSTK,LICHSGFIN,29-Sep-2016,420,CE,0,0,0,85.7,131.55,0,0,0,0,17-AUG-2016,
OPTSTK,LICHSGFIN,29-Sep-2016,430,CE,0,0,0,77.2,121.9,0,0,0,0,17-AUG-2016,
OPTSTK,LICHSGFIN,29-Sep-2016,440,CE,0,0,0,69.1,112.35,0,0,0,0,17-AUG-2016,
OPTSTK,LICHSGFIN,29-Sep-2016,450,CE,0,0,0,61.4,102.95,0,0,0,0,17-AUG-2016,
OPTSTK,LICHSGFIN,29-Sep-2016,460,CE,0,0,0,54.15,93.75,0,0,0,0,17-AUG-2016,
OPTSTK,LICHSGFIN,29-Sep-2016,470,CE,0,0,0,47.4,84.8,0,0,0,0,17-AUG-2016,
OPTSTK,LICHSGFIN,29-Sep-2016,480,CE,0,0,0,41.2,76.2,0,0,0,0,17-AUG-2016,
OPTSTK,LICHSGFIN,29-Sep-2016,490,CE,0,0,0,35.55,68,0,0,0,0,17-AUG-2016,
OPTSTK,LICHSGFIN,29-Sep-2016,500,CE,0,0,0,30.45,60.2,0,0,0,0,17-AUG-2016,
OPTSTK,LICHSGFIN,29-Sep-2016,510,CE,0,0,0,25.9,52.9,0,0,0,0,17-AUG-2016,
OPTSTK,LICHSGFIN,29-Sep-2016,520,CE,0,0,0,42.5,46.05,0,0,11000,0,17-AUG-2016,
OPTSTK,LICHSGFIN,29-Sep-2016,530,CE,0,0,0,18.45,39.8,0,0,3300,0,17-AUG-2016,
OPTSTK,LICHSGFIN,29-Sep-2016,540,CE,0,0,0,28.1,34.1,0,0,4400,0,17-AUG-2016,
OPTSTK,LICHSGFIN,29-Sep-2016,550,CE,19.45,22,19.45,22,22,2,12.55,9900,2200,17-AUG-2016,
OPTSTK,LICHSGFIN,29-Sep-2016,560,CE,17.5,17.5,16.5,16.5,16.5,9,57.12,13200,7700,17-AUG-2016,
OPTSTK,LICHSGFIN,29-Sep-2016,570,CE,14,14,14,14,14,1,6.42,4400,1100,17-AUG-2016,
OPTSTK,LICHSGFIN,29-Sep-2016,580,CE,0,0,0,8,16.95,0,0,1100,0,17-AUG-2016,
OPTSTK,LICHSGFIN,29-Sep-2016,590,CE,0,0,0,10,13.95,0,0,6600,0,17-AUG-2016,
OPTSTK,LICHSGFIN,29-Sep-2016,600,CE,6.8,7,6,7,7,6,40.02,6600,5500,17-AUG-2016,
OPTSTK,LICHSGFIN,29-Sep-2016,610,CE,0,0,0,3.45,9.2,0,0,0,0,17-AUG-2016,
OPTSTK,LICHSGFIN,29-Sep-2016,620,CE,0,0,0,2.75,7.4,0,0,0,0,17-AUG-2016,
OPTSTK,LICHSGFIN,29-Sep-2016,630,CE,0,0,0,2.15,5.9,0,0,0,0,17-AUG-2016,
OPTSTK,LICHSGFIN,29-Sep-2016,640,CE,0,0,0,1.7,4.65,0,0,0,0,17-AUG-2016,
OPTSTK,LICHSGFIN,29-Sep-2016,650,CE,0,0,0,1.3,3.65,0,0,0,0,17-AUG-2016,
OPTSTK,LICHSGFIN,29-Sep-2016,310,PE,0,0,0,0.05,0,0,0,0,0,17-AUG-2016,
OPTSTK,LICHSGFIN,29-Sep-2016,320,PE,0,0,0,0.05,0,0,0,0,0,17-AUG-2016,
OPTSTK,LICHSGFIN,29-Sep-2016,330,PE,0,0,0,0.05,0,0,0,0,0,17-AUG-2016,
OPTSTK,LICHSGFIN,29-Sep-2016,340,PE,0,0,0,0.1,0,0,0,0,0,17-AUG-2016,
OPTSTK,LICHSGFIN,29-Sep-2016,350,PE,0,0,0,0.15,0,0,0,0,0,17-AUG-2016,
OPTSTK,LICHSGFIN,29-Sep-2016,360,PE,0,0,0,0.25,0.05,0,0,0,0,17-AUG-2016,
OPTSTK,LICHSGFIN,29-Sep-2016,370,PE,0,0,0,0.4,0.05,0,0,0,0,17-AUG-2016,
OPTSTK,LICHSGFIN,29-Sep-2016,380,PE,0,0,0,0.65,0.05,0,0,0,0,17-AUG-2016,
OPTSTK,LICHSGFIN,29-Sep-2016,390,PE,0,0,0,1,0.1,0,0,0,0,17-AUG-2016,
OPTSTK,LICHSGFIN,29-Sep-2016,400,PE,0,0,0,1.55,0.15,0,0,0,0,17-AUG-2016,
OPTSTK,LICHSGFIN,29-Sep-2016,410,PE,0,0,0,2.3,0.2,0,0,0,0,17-AUG-2016,
OPTSTK,LICHSGFIN,29-Sep-2016,420,PE,0,0,0,3.3,0.35,0,0,0,0,17-AUG-2016,
OPTSTK,LICHSGFIN,29-Sep-2016,430,PE,0,0,0,4.6,0.6,0,0,0,0,17-AUG-2016,
OPTSTK,LICHSGFIN,29-Sep-2016,440,PE,0,0,0,6.3,0.95,0,0,0,0,17-AUG-2016,
OPTSTK,LICHSGFIN,29-Sep-2016,450,PE,0,0,0,8.45,1.5,0,0,0,0,17-AUG-2016,
OPTSTK,LICHSGFIN,29-Sep-2016,460,PE,0,0,0,11.05,2.2,0,0,0,0,17-AUG-2016,
OPTSTK,LICHSGFIN,29-Sep-2016,470,PE,0,0,0,12,3.2,0,0,1100,0,17-AUG-2016,
OPTSTK,LICHSGFIN,29-Sep-2016,480,PE,0,0,0,8,4.5,0,0,1100,0,17-AUG-2016,
OPTSTK,LICHSGFIN,29-Sep-2016,490,PE,0,0,0,21.9,6.2,0,0,0,0,17-AUG-2016,
OPTSTK,LICHSGFIN,29-Sep-2016,500,PE,5.25,5.25,5.25,5.25,5.25,1,5.55,2200,1100,17-AUG-2016,
OPTSTK,LICHSGFIN,29-Sep-2016,510,PE,7,7,7,7,7,3,17.06,3300,3300,17-AUG-2016,
OPTSTK,LICHSGFIN,29-Sep-2016,520,PE,9.5,10,9.5,10,10,2,11.65,2200,2200,17-AUG-2016,
OPTSTK,LICHSGFIN,29-Sep-2016,530,PE,13.9,13.9,13.9,13.9,13.9,1,5.98,1100,1100,17-AUG-2016,
OPTSTK,LICHSGFIN,29-Sep-2016,540,PE,17,17,17,17,17,1,6.12,1100,1100,17-AUG-2016,
OPTSTK,LICHSGFIN,29-Sep-2016,550,PE,21,24.5,21,24,24,6,37.84,6600,5500,17-AUG-2016,
OPTSTK,LICHSGFIN,29-Sep-2016,560,PE,26.5,26.5,26.5,26.5,26.5,1,6.45,1100,1100,17-AUG-2016,
OPTSTK,LICHSGFIN,29-Sep-2016,570,PE,0,0,0,73.3,38,0,0,0,0,17-AUG-2016,
OPTSTK,LICHSGFIN,29-Sep-2016,580,PE,0,0,0,81.55,44.45,0,0,0,0,17-AUG-2016,
OPTSTK,LICHSGFIN,29-Sep-2016,590,PE,0,0,0,90.05,51.35,0,0,0,0,17-AUG-2016,
OPTSTK,LICHSGFIN,29-Sep-2016,600,PE,0,0,0,98.75,58.75,0,0,0,0,17-AUG-2016,
OPTSTK,LICHSGFIN,29-Sep-2016,610,PE,0,0,0,107.7,66.45,0,0,0,0,17-AUG-2016,
OPTSTK,LICHSGFIN,29-Sep-2016,620,PE,0,0,0,116.8,74.6,0,0,0,0,17-AUG-2016,
OPTSTK,LICHSGFIN,29-Sep-2016,630,PE,0,0,0,126.05,83,0,0,0,0,17-AUG-2016,
OPTSTK,LICHSGFIN,29-Sep-2016,640,PE,0,0,0,135.4,91.7,0,0,0,0,17-AUG-2016,
OPTSTK,LICHSGFIN,29-Sep-2016,650,PE,0,0,0,144.85,100.6,0,0,0,0,17-AUG-2016,
OPTSTK,LICHSGFIN,27-Oct-2016,310,CE,0,0,0,209.45,241.95,0,0,0,0,17-AUG-2016,
OPTSTK,LICHSGFIN,27-Oct-2016,320,CE,0,0,0,199.6,232.1,0,0,0,0,17-AUG-2016,
OPTSTK,LICHSGFIN,27-Oct-2016,330,CE,0,0,0,189.8,222.25,0,0,0,0,17-AUG-2016,
OPTSTK,LICHSGFIN,27-Oct-2016,340,CE,0,0,0,180,212.4,0,0,0,0,17-AUG-2016,
OPTSTK,LICHSGFIN,27-Oct-2016,350,CE,0,0,0,170.2,202.55,0,0,0,0,17-AUG-2016,
OPTSTK,LICHSGFIN,27-Oct-2016,360,CE,0,0,0,160.4,192.7,0,0,0,0,17-AUG-2016,
OPTSTK,LICHSGFIN,27-Oct-2016,370,CE,0,0,0,150.65,182.9,0,0,0,0,17-AUG-2016,
OPTSTK,LICHSGFIN,27-Oct-2016,380,CE,0,0,0,140.95,173.15,0,0,0,0,17-AUG-2016,
OPTSTK,LICHSGFIN,27-Oct-2016,390,CE,0,0,0,131.35,163.45,0,0,0,0,17-AUG-2016,
OPTSTK,LICHSGFIN,27-Oct-2016,400,CE,0,0,0,121.85,153.8,0,0,0,0,17-AUG-2016,
OPTSTK,LICHSGFIN,27-Oct-2016,410,CE,0,0,0,112.45,144.25,0,0,0,0,17-AUG-2016,
OPTSTK,LICHSGFIN,27-Oct-2016,420,CE,0,0,0,103.3,134.85,0,0,0,0,17-AUG-2016,
OPTSTK,LICHSGFIN,27-Oct-2016,430,CE,0,0,0,94.35,125.6,0,0,0,0,17-AUG-2016,
OPTSTK,LICHSGFIN,27-Oct-2016,440,CE,0,0,0,85.65,116.5,0,0,0,0,17-AUG-2016,
OPTSTK,LICHSGFIN,27-Oct-2016,450,CE,0,0,0,77.3,107.65,0,0,0,0,17-AUG-2016,
OPTSTK,LICHSGFIN,27-Oct-2016,460,CE,0,0,0,69.35,99.1,0,0,0,0,17-AUG-2016,
OPTSTK,LICHSGFIN,27-Oct-2016,470,CE,0,0,0,61.8,90.8,0,0,0,0,17-AUG-2016,
OPTSTK,LICHSGFIN,27-Oct-2016,480,CE,0,0,0,54.7,82.85,0,0,0,0,17-AUG-2016,
OPTSTK,LICHSGFIN,27-Oct-2016,490,CE,0,0,0,48.1,75.2,0,0,0,0,17-AUG-2016,
OPTSTK,LICHSGFIN,27-Oct-2016,500,CE,0,0,0,42,68,0,0,0,0,17-AUG-2016,
OPTSTK,LICHSGFIN,27-Oct-2016,510,CE,0,0,0,36.4,61.2,0,0,0,0,17-AUG-2016,
OPTSTK,LICHSGFIN,27-Oct-2016,520,CE,0,0,0,31.35,54.8,0,0,0,0,17-AUG-2016,
OPTSTK,LICHSGFIN,27-Oct-2016,530,CE,0,0,0,26.85,48.85,0,0,0,0,17-AUG-2016,
OPTSTK,LICHSGFIN,27-Oct-2016,540,CE,0,0,0,22.8,43.35,0,0,0,0,17-AUG-2016,
OPTSTK,LICHSGFIN,27-Oct-2016,550,CE,0,0,0,19.25,38.3,0,0,0,0,17-AUG-2016,
OPTSTK,LICHSGFIN,27-Oct-2016,560,CE,0,0,0,16.15,33.7,0,0,0,0,17-AUG-2016,
OPTSTK,LICHSGFIN,27-Oct-2016,570,CE,0,0,0,13.45,29.5,0,0,0,0,17-AUG-2016,
OPTSTK,LICHSGFIN,27-Oct-2016,580,CE,0,0,0,11.15,25.7,0,0,0,0,17-AUG-2016,
OPTSTK,LICHSGFIN,27-Oct-2016,590,CE,0,0,0,9.2,22.3,0,0,0,0,17-AUG-2016,
OPTSTK,LICHSGFIN,27-Oct-2016,600,CE,0,0,0,7.5,19.3,0,0,0,0,17-AUG-2016,
OPTSTK,LICHSGFIN,27-Oct-2016,610,CE,0,0,0,6.1,16.6,0,0,0,0,17-AUG-2016,
OPTSTK,LICHSGFIN,27-Oct-2016,620,CE,0,0,0,4.95,14.25,0,0,0,0,17-AUG-2016,
OPTSTK,LICHSGFIN,27-Oct-2016,630,CE,0,0,0,4,12.15,0,0,0,0,17-AUG-2016,
OPTSTK,LICHSGFIN,27-Oct-2016,640,CE,0,0,0,3.2,10.35,0,0,0,0,17-AUG-2016,
OPTSTK,LICHSGFIN,27-Oct-2016,650,CE,0,0,0,2.55,8.75,0,0,0,0,17-AUG-2016,
OPTSTK,LICHSGFIN,27-Oct-2016,310,PE,0,0,0,0.05,0,0,0,0,0,17-AUG-2016,
OPTSTK,LICHSGFIN,27-Oct-2016,320,PE,0,0,0,0.05,0.05,0,0,0,0,17-AUG-2016,
OPTSTK,LICHSGFIN,27-Oct-2016,330,PE,0,0,0,0.05,0.05,0,0,0,0,17-AUG-2016,
OPTSTK,LICHSGFIN,27-Oct-2016,340,PE,0,0,0,0.05,0.05,0,0,0,0,17-AUG-2016,
OPTSTK,LICHSGFIN,27-Oct-2016,350,PE,0,0,0,0.05,0.05,0,0,0,0,17-AUG-2016,
OPTSTK,LICHSGFIN,27-Oct-2016,360,PE,0,0,0,0.1,0.1,0,0,0,0,17-AUG-2016,
OPTSTK,LICHSGFIN,27-Oct-2016,370,PE,0,0,0,0.2,0.2,0,0,0,0,17-AUG-2016,
OPTSTK,LICHSGFIN,27-Oct-2016,380,PE,0,0,0,0.35,0.3,0,0,0,0,17-AUG-2016,
OPTSTK,LICHSGFIN,27-Oct-2016,390,PE,0,0,0,0.55,0.45,0,0,0,0,17-AUG-2016,
OPTSTK,LICHSGFIN,27-Oct-2016,400,PE,0,0,0,0.85,0.65,0,0,0,0,17-AUG-2016,
OPTSTK,LICHSGFIN,27-Oct-2016,410,PE,0,0,0,1.35,1,0,0,0,0,17-AUG-2016,
OPTSTK,LICHSGFIN,27-Oct-2016,420,PE,0,0,0,1.95,1.45,0,0,0,0,17-AUG-2016,
OPTSTK,LICHSGFIN,27-Oct-2016,430,PE,0,0,0,2.85,2.05,0,0,0,0,17-AUG-2016,
OPTSTK,LICHSGFIN,27-Oct-2016,440,PE,0,0,0,4,2.85,0,0,0,0,17-AUG-2016,
OPTSTK,LICHSGFIN,27-Oct-2016,450,PE,0,0,0,5.5,3.85,0,0,0,0,17-AUG-2016,
OPTSTK,LICHSGFIN,27-Oct-2016,460,PE,0,0,0,7.35,5.15,0,0,0,0,17-AUG-2016,
OPTSTK,LICHSGFIN,27-Oct-2016,470,PE,0,0,0,9.65,6.7,0,0,0,0,17-AUG-2016,
OPTSTK,LICHSGFIN,27-Oct-2016,480,PE,0,0,0,12.35,8.65,0,0,0,0,17-AUG-2016,
OPTSTK,LICHSGFIN,27-Oct-2016,490,PE,0,0,0,15.55,10.9,0,0,0,0,17-AUG-2016,
OPTSTK,LICHSGFIN,27-Oct-2016,500,PE,0,0,0,19.3,13.55,0,0,0,0,17-AUG-2016,
OPTSTK,LICHSGFIN,27-Oct-2016,510,PE,0,0,0,23.55,16.6,0,0,0,0,17-AUG-2016,
OPTSTK,LICHSGFIN,27-Oct-2016,520,PE,0,0,0,28.35,20.05,0,0,0,0,17-AUG-2016,
OPTSTK,LICHSGFIN,27-Oct-2016,530,PE,0,0,0,33.65,24,0,0,0,0,17-AUG-2016,
OPTSTK,LICHSGFIN,27-Oct-2016,540,PE,0,0,0,39.45,28.35,0,0,0,0,17-AUG-2016,
OPTSTK,LICHSGFIN,27-Oct-2016,550,PE,0,0,0,45.7,33.2,0,0,0,0,17-AUG-2016,
OPTSTK,LICHSGFIN,27-Oct-2016,560,PE,0,0,0,52.4,38.4,0,0,0,0,17-AUG-2016,
OPTSTK,LICHSGFIN,27-Oct-2016,570,PE,0,0,0,59.55,44.1,0,0,0,0,17-AUG-2016,
OPTSTK,LICHSGFIN,27-Oct-2016,580,PE,0,0,0,67.1,50.15,0,0,0,0,17-AUG-2016,
OPTSTK,LICHSGFIN,27-Oct-2016,590,PE,0,0,0,74.95,56.65,0,0,0,0,17-AUG-2016,
OPTSTK,LICHSGFIN,27-Oct-2016,600,PE,0,0,0,83.1,63.5,0,0,0,0,17-AUG-2016,
OPTSTK,LICHSGFIN,27-Oct-2016,610,PE,0,0,0,91.55,70.65,0,0,0,0,17-AUG-2016,
OPTSTK,LICHSGFIN,27-Oct-2016,620,PE,0,0,0,100.2,78.2,0,0,0,0,17-AUG-2016,
OPTSTK,LICHSGFIN,27-Oct-2016,630,PE,0,0,0,109.05,85.95,0,0,0,0,17-AUG-2016,
OPTSTK,LICHSGFIN,27-Oct-2016,640,PE,0,0,0,118.1,94,0,0,0,0,17-AUG-2016,
OPTSTK,LICHSGFIN,27-Oct-2016,650,PE,0,0,0,127.25,102.3,0,0,0,0,17-AUG-2016,
OPTSTK,LT,25-Aug-2016,950,CE,0,0,0,559.55,553.95,0,0,0,0,17-AUG-2016,
OPTSTK,LT,25-Aug-2016,1000,CE,0,0,0,517.65,504,0,0,0,0,17-AUG-2016,
OPTSTK,LT,25-Aug-2016,1050,CE,0,0,0,477.45,454.1,0,0,0,0,17-AUG-2016,
OPTSTK,LT,25-Aug-2016,1100,CE,0,0,0,439.05,404.15,0,0,0,0,17-AUG-2016,
OPTSTK,LT,25-Aug-2016,1150,CE,0,0,0,402.7,354.25,0,0,0,0,17-AUG-2016,
OPTSTK,LT,25-Aug-2016,1200,CE,0,0,0,368.35,304.3,0,0,0,0,17-AUG-2016,
OPTSTK,LT,25-Aug-2016,1250,CE,240,240,240,240,240,1,7.45,500,0,17-AUG-2016,
OPTSTK,LT,25-Aug-2016,1300,CE,0,0,0,160,204.45,0,0,41500,0,17-AUG-2016,
OPTSTK,LT,25-Aug-2016,1350,CE,0,0,0,134.85,154.65,0,0,1500,0,17-AUG-2016,
OPTSTK,LT,25-Aug-2016,1400,CE,0,0,0,96,105.9,0,0,15000,0,17-AUG-2016,
OPTSTK,LT,25-Aug-2016,1450,CE,50.7,53.25,38,43.3,43.3,195,1455.49,61500,-4500,17-AUG-2016,
OPTSTK,LT,25-Aug-2016,1500,CE,19.05,22.55,14.2,16.3,16.3,1858,14089.25,605000,20000,17-AUG-2016,
OPTSTK,LT,25-Aug-2016,1550,CE,6.55,8.2,4.95,5.45,5.45,1596,12416.22,1201000,24000,17-AUG-2016,
OPTSTK,LT,25-Aug-2016,1600,CE,3,3.55,2.05,2.3,2.3,831,6658.67,1179000,-37000,17-AUG-2016,
OPTSTK,LT,25-Aug-2016,1650,CE,1.65,1.65,1.1,1.2,1.2,359,2964.12,704500,-50000,17-AUG-2016,
OPTSTK,LT,25-Aug-2016,1700,CE,1.1,1.15,0.8,0.9,0.9,247,2100.57,461000,-76000,17-AUG-2016,
OPTSTK,LT,25-Aug-2016,1750,CE,0.7,0.75,0.65,0.75,0.75,50,437.67,103000,-13000,17-AUG-2016,
OPTSTK,LT,25-Aug-2016,1800,CE,0.55,0.55,0.4,0.4,0.4,15,135.03,140500,-500,17-AUG-2016,
OPTSTK,LT,25-Aug-2016,1850,CE,0.4,0.6,0.4,0.6,0.6,7,64.76,32500,-2000,17-AUG-2016,
OPTSTK,LT,25-Aug-2016,1900,CE,0.35,0.35,0.2,0.2,0.2,7,66.51,47000,-3000,17-AUG-2016,
OPTSTK,LT,25-Aug-2016,950,PE,0,0,0,18.45,0,0,0,0,0,17-AUG-2016,
OPTSTK,LT,25-Aug-2016,1000,PE,0,0,0,25.65,0,0,0,0,0,17-AUG-2016,
OPTSTK,LT,25-Aug-2016,1050,PE,0,0,0,34.55,0,0,0,0,0,17-AUG-2016,
OPTSTK,LT,25-Aug-2016,1100,PE,0,0,0,45.3,0,0,0,0,0,17-AUG-2016,
OPTSTK,LT,25-Aug-2016,1150,PE,0,0,0,58.05,0,0,0,0,0,17-AUG-2016,
OPTSTK,LT,25-Aug-2016,1200,PE,0.3,0.3,0.3,0.3,0.3,1,6,32500,-500,17-AUG-2016,
OPTSTK,LT,25-Aug-2016,1250,PE,0.95,0.95,0.95,0.95,0.95,1,6.25,24500,500,17-AUG-2016,
OPTSTK,LT,25-Aug-2016,1300,PE,2.45,2.45,0.65,0.65,0.65,9,58.56,140500,3000,17-AUG-2016,
OPTSTK,LT,25-Aug-2016,1350,PE,0.75,1.15,0.65,0.75,0.75,96,648.42,138000,3000,17-AUG-2016,
OPTSTK,LT,25-Aug-2016,1400,PE,2.25,3.6,1.9,2.6,2.6,534,3745.62,459500,-57500,17-AUG-2016,
OPTSTK,LT,25-Aug-2016,1450,PE,8.55,12.75,7.35,9.7,9.7,1234,9011.92,416000,7000,17-AUG-2016,
OPTSTK,LT,25-Aug-2016,1500,PE,28.25,38.85,25.4,31.85,31.85,473,3626.71,466500,-17500,17-AUG-2016,
OPTSTK,LT,25-Aug-2016,1550,PE,75.4,77,69.2,70.1,70.1,32,259.76,204000,-1000,17-AUG-2016,
OPTSTK,LT,25-Aug-2016,1600,PE,110,119.35,110,116,116,5,42.85,47500,-500,17-AUG-2016,
OPTSTK,LT,25-Aug-2016,1650,PE,0,0,0,167.7,145.45,0,0,9000,0,17-AUG-2016,
OPTSTK,LT,25-Aug-2016,1700,PE,0,0,0,206,195.05,0,0,22000,0,17-AUG-2016,
OPTSTK,LT,25-Aug-2016,1750,PE,0,0,0,170.6,244.9,0,0,500,0,17-AUG-2016,
OPTSTK,LT,25-Aug-2016,1800,PE,0,0,0,300,294.85,0,0,2500,0,17-AUG-2016,
OPTSTK,LT,25-Aug-2016,1850,PE,0,0,0,439.6,344.75,0,0,0,0,17-AUG-2016,
OPTSTK,LT,25-Aug-2016,1900,PE,0,0,0,478.45,394.7,0,0,0,0,17-AUG-2016,
OPTSTK,LT,29-Sep-2016,950,CE,0,0,0,564.65,560.2,0,0,0,0,17-AUG-2016,
OPTSTK,LT,29-Sep-2016,1000,CE,0,0,0,516.8,510.6,0,0,0,0,17-AUG-2016,
OPTSTK,LT,29-Sep-2016,1050,CE,0,0,0,469.85,461,0,0,0,0,17-AUG-2016,
OPTSTK,LT,29-Sep-2016,1100,CE,0,0,0,424.05,411.45,0,0,0,0,17-AUG-2016,
OPTSTK,LT,29-Sep-2016,1150,CE,0,0,0,379.8,361.95,0,0,0,0,17-AUG-2016,
OPTSTK,LT,29-Sep-2016,1200,CE,0,0,0,337.5,312.7,0,0,0,0,17-AUG-2016,
OPTSTK,LT,29-Sep-2016,1250,CE,0,0,0,250,264.15,0,0,500,0,17-AUG-2016,
OPTSTK,LT,29-Sep-2016,1300,CE,0,0,0,260.15,217,0,0,0,0,17-AUG-2016,
OPTSTK,LT,29-Sep-2016,1350,CE,0,0,0,225.55,172.5,0,0,0,0,17-AUG-2016,
OPTSTK,LT,29-Sep-2016,1400,CE,0,0,0,193.95,131.95,0,0,0,0,17-AUG-2016,
OPTSTK,LT,29-Sep-2016,1450,CE,0,0,0,64.5,96.7,0,0,2000,0,17-AUG-2016,
OPTSTK,LT,29-Sep-2016,1500,CE,48,49.35,44.95,49.15,49.15,17,131.53,14000,3500,17-AUG-2016,
OPTSTK,LT,29-Sep-2016,1550,CE,30,30.95,27.85,29.55,29.55,17,134.22,12500,3500,17-AUG-2016,
OPTSTK,LT,29-Sep-2016,1600,CE,20.75,20.75,17,18.45,18.45,6,48.56,16500,2000,17-AUG-2016,
OPTSTK,LT,29-Sep-2016,1650,CE,9,9,9,9,9,1,8.29,1500,500,17-AUG-2016,
OPTSTK,LT,29-Sep-2016,1700,CE,0,0,0,67.15,10.1,0,0,0,0,17-AUG-2016,
OPTSTK,LT,29-Sep-2016,1750,CE,0,0,0,55.05,5.6,0,0,0,0,17-AUG-2016,
OPTSTK,LT,29-Sep-2016,1800,CE,0,0,0,44.85,2.95,0,0,0,0,17-AUG-2016,
OPTSTK,LT,29-Sep-2016,1850,CE,0,0,0,36.25,1.5,0,0,0,0,17-AUG-2016,
OPTSTK,LT,29-Sep-2016,1900,CE,0,0,0,29.2,0.75,0,0,0,0,17-AUG-2016,
OPTSTK,LT,29-Sep-2016,950,PE,0,0,0,1.35,0,0,0,0,0,17-AUG-2016,
OPTSTK,LT,29-Sep-2016,1000,PE,0,0,0,2.65,0,0,0,0,0,17-AUG-2016,
OPTSTK,LT,29-Sep-2016,1050,PE,0,0,0,4.8,0,0,0,0,0,17-AUG-2016,
OPTSTK,LT,29-Sep-2016,1100,PE,0,0,0,8.1,0.05,0,0,0,0,17-AUG-2016,
OPTSTK,LT,29-Sep-2016,1150,PE,0,0,0,13,0.15,0,0,0,0,17-AUG-2016,
OPTSTK,LT,29-Sep-2016,1200,PE,0,0,0,19.8,0.5,0,0,0,0,17-AUG-2016,
OPTSTK,LT,29-Sep-2016,1250,PE,0,0,0,28.9,1.5,0,0,0,0,17-AUG-2016,
OPTSTK,LT,29-Sep-2016,1300,PE,0,0,0,40.7,4,0,0,0,0,17-AUG-2016,
OPTSTK,LT,29-Sep-2016,1350,PE,9.9,10.4,9.1,10.4,10.4,15,101.98,10000,7500,17-AUG-2016,
OPTSTK,LT,29-Sep-2016,1400,PE,17.95,19,17.95,19,19,7,49.64,15000,3500,17-AUG-2016,
OPTSTK,LT,29-Sep-2016,1450,PE,32.5,34.5,32.5,34.5,34.5,8,59.32,6000,2500,17-AUG-2016,
OPTSTK,LT,29-Sep-2016,1500,PE,55,57.55,55,56,56,4,31.12,35000,0,17-AUG-2016,
OPTSTK,LT,29-Sep-2016,1550,PE,85,85,83,83,83,2,16.34,0,0,17-AUG-2016,
OPTSTK,LT,29-Sep-2016,1600,PE,0,0,0,173.55,113.3,0,0,0,0,17-AUG-2016,
OPTSTK,LT,29-Sep-2016,1650,PE,0,0,0,205.85,151.6,0,0,0,0,17-AUG-2016,
OPTSTK,LT,29-Sep-2016,1700,PE,0,0,0,240.6,193.85,0,0,0,0,17-AUG-2016,
OPTSTK,LT,29-Sep-2016,1750,PE,0,0,0,277.6,238.9,0,0,0,0,17-AUG-2016,
OPTSTK,LT,29-Sep-2016,1800,PE,0,0,0,316.55,285.9,0,0,0,0,17-AUG-2016,
OPTSTK,LT,29-Sep-2016,1850,PE,0,0,0,357.05,334.05,0,0,0,0,17-AUG-2016,
OPTSTK,LT,29-Sep-2016,1900,PE,0,0,0,399.15,382.85,0,0,0,0,17-AUG-2016,
OPTSTK,LT,27-Oct-2016,1000,CE,0,0,0,594.5,515.9,0,0,0,0,17-AUG-2016,
OPTSTK,LT,27-Oct-2016,1050,CE,0,0,0,545.45,466.6,0,0,0,0,17-AUG-2016,
OPTSTK,LT,27-Oct-2016,1100,CE,0,0,0,496.55,417.5,0,0,0,0,17-AUG-2016,
OPTSTK,LT,27-Oct-2016,1150,CE,0,0,0,447.95,368.75,0,0,0,0,17-AUG-2016,
OPTSTK,LT,27-Oct-2016,1200,CE,0,0,0,399.9,320.75,0,0,0,0,17-AUG-2016,
OPTSTK,LT,27-Oct-2016,1250,CE,0,0,0,352.85,274.1,0,0,0,0,17-AUG-2016,
OPTSTK,LT,27-Oct-2016,1300,CE,0,0,0,307.25,229.5,0,0,0,0,17-AUG-2016,
OPTSTK,LT,27-Oct-2016,1350,CE,0,0,0,263.75,187.95,0,0,0,0,17-AUG-2016,
OPTSTK,LT,27-Oct-2016,1400,CE,0,0,0,222.95,150.25,0,0,0,0,17-AUG-2016,
OPTSTK,LT,27-Oct-2016,1450,CE,0,0,0,185.45,117,0,0,0,0,17-AUG-2016,
OPTSTK,LT,27-Oct-2016,1500,CE,0,0,0,151.55,88.8,0,0,0,0,17-AUG-2016,
OPTSTK,LT,27-Oct-2016,1550,CE,0,0,0,121.85,65.6,0,0,0,0,17-AUG-2016,
OPTSTK,LT,27-Oct-2016,1600,CE,0,0,0,96.25,47.2,0,0,0,0,17-AUG-2016,
OPTSTK,LT,27-Oct-2016,1650,CE,0,0,0,74.8,33.15,0,0,0,0,17-AUG-2016,
OPTSTK,LT,27-Oct-2016,1700,CE,0,0,0,57.1,22.65,0,0,0,0,17-AUG-2016,
OPTSTK,LT,27-Oct-2016,1750,CE,0,0,0,42.95,15.1,0,0,0,0,17-AUG-2016,
OPTSTK,LT,27-Oct-2016,1800,CE,0,0,0,31.8,9.85,0,0,0,0,17-AUG-2016,
OPTSTK,LT,27-Oct-2016,1850,CE,0,0,0,23.2,6.3,0,0,0,0,17-AUG-2016,
OPTSTK,LT,27-Oct-2016,1900,CE,0,0,0,16.65,3.9,0,0,0,0,17-AUG-2016,
OPTSTK,LT,27-Oct-2016,1000,PE,0,0,0,0.05,0.05,0,0,0,0,17-AUG-2016,
OPTSTK,LT,27-Oct-2016,1050,PE,0,0,0,0.15,0.1,0,0,0,0,17-AUG-2016,
OPTSTK,LT,27-Oct-2016,1100,PE,0,0,0,0.4,0.35,0,0,0,0,17-AUG-2016,
OPTSTK,LT,27-Oct-2016,1150,PE,0,0,0,0.9,0.95,0,0,0,0,17-AUG-2016,
OPTSTK,LT,27-Oct-2016,1200,PE,0,0,0,2.05,2.25,0,0,0,0,17-AUG-2016,
OPTSTK,LT,27-Oct-2016,1250,PE,0,0,0,4.1,4.9,0,0,0,0,17-AUG-2016,
OPTSTK,LT,27-Oct-2016,1300,PE,0,0,0,7.7,9.7,0,0,0,0,17-AUG-2016,
OPTSTK,LT,27-Oct-2016,1350,PE,0,0,0,13.3,17.45,0,0,0,0,17-AUG-2016,
OPTSTK,LT,27-Oct-2016,1400,PE,0,0,0,21.65,29.1,0,0,0,0,17-AUG-2016,
OPTSTK,LT,27-Oct-2016,1450,PE,0,0,0,33.3,45.15,0,0,0,0,17-AUG-2016,
OPTSTK,LT,27-Oct-2016,1500,PE,0,0,0,48.55,66.3,0,0,0,0,17-AUG-2016,
OPTSTK,LT,27-Oct-2016,1550,PE,0,0,0,67.95,92.4,0,0,0,0,17-AUG-2016,
OPTSTK,LT,27-Oct-2016,1600,PE,0,0,0,91.55,123.35,0,0,0,0,17-AUG-2016,
OPTSTK,LT,27-Oct-2016,1650,PE,0,0,0,119.2,158.65,0,0,0,0,17-AUG-2016,
OPTSTK,LT,27-Oct-2016,1700,PE,0,0,0,150.65,197.45,0,0,0,0,17-AUG-2016,
OPTSTK,LT,27-Oct-2016,1750,PE,0,0,0,185.6,239.3,0,0,0,0,17-AUG-2016,
OPTSTK,LT,27-Oct-2016,1800,PE,0,0,0,223.65,283.35,0,0,0,0,17-AUG-2016,
OPTSTK,LT,27-Oct-2016,1850,PE,0,0,0,264.15,329.1,0,0,0,0,17-AUG-2016,
OPTSTK,LT,27-Oct-2016,1900,PE,0,0,0,306.75,376.1,0,0,0,0,17-AUG-2016,
OPTSTK,LUPIN,25-Aug-2016,1000,CE,0,0,0,494.4,596,0,0,0,0,17-AUG-2016,
OPTSTK,LUPIN,25-Aug-2016,1050,CE,0,0,0,449.3,546.1,0,0,0,0,17-AUG-2016,
OPTSTK,LUPIN,25-Aug-2016,1100,CE,0,0,0,405.8,496.15,0,0,0,0,17-AUG-2016,
OPTSTK,LUPIN,25-Aug-2016,1150,CE,0,0,0,364.25,446.25,0,0,0,0,17-AUG-2016,
OPTSTK,LUPIN,25-Aug-2016,1200,CE,0,0,0,324.9,396.3,0,0,0,0,17-AUG-2016,
OPTSTK,LUPIN,25-Aug-2016,1250,CE,0,0,0,288,346.4,0,0,0,0,17-AUG-2016,
OPTSTK,LUPIN,25-Aug-2016,1300,CE,0,0,0,398.65,296.45,0,0,600,0,17-AUG-2016,
OPTSTK,LUPIN,25-Aug-2016,1350,CE,0,0,0,350.3,246.55,0,0,600,0,17-AUG-2016,
OPTSTK,LUPIN,25-Aug-2016,1400,CE,196.85,196.85,196.85,196.85,196.85,2,9.58,600,0,17-AUG-2016,
OPTSTK,LUPIN,25-Aug-2016,1450,CE,0,0,0,253.4,148.1,0,0,900,0,17-AUG-2016,
OPTSTK,LUPIN,25-Aug-2016,1500,CE,101,101,101,101,101,2,9.6,10800,-600,17-AUG-2016,
OPTSTK,LUPIN,25-Aug-2016,1550,CE,54,63.9,48.8,58,58,101,487.15,32700,-9000,17-AUG-2016,
OPTSTK,LUPIN,25-Aug-2016,1600,CE,23.3,32.85,19.6,28.8,28.8,1123,5485.07,284100,-2100,17-AUG-2016,
OPTSTK,LUPIN,25-Aug-2016,1650,CE,12,15,9.35,12.45,12.45,1188,5924.33,343200,10500,17-AUG-2016,
OPTSTK,LUPIN,25-Aug-2016,1700,CE,5.4,7.35,4.7,6,6,1035,5297.43,656700,-22500,17-AUG-2016,
OPTSTK,LUPIN,25-Aug-2016,1750,CE,4.1,4.2,2.6,3.45,3.45,466,2451.33,477000,-17700,17-AUG-2016,
OPTSTK,LUPIN,25-Aug-2016,1800,CE,2.45,2.85,1.9,2.4,2.4,454,2454.76,437700,-32700,17-AUG-2016,
OPTSTK,LUPIN,25-Aug-2016,1850,CE,1.95,2.25,1.5,1.9,1.9,67,372.2,120300,-7800,17-AUG-2016,
OPTSTK,LUPIN,25-Aug-2016,1900,CE,0.6,1.45,0.6,1.25,1.25,24,136.87,218400,-3900,17-AUG-2016,
OPTSTK,LUPIN,25-Aug-2016,1950,CE,0.35,0.6,0.35,0.45,0.45,6,35.1,39000,-900,17-AUG-2016,
OPTSTK,LUPIN,25-Aug-2016,2000,CE,0.3,0.7,0.25,0.3,0.3,17,102.02,66000,-3000,17-AUG-2016,
OPTSTK,LUPIN,25-Aug-2016,2050,CE,0,0,0,1.15,0,0,0,1500,0,17-AUG-2016,
OPTSTK,LUPIN,25-Aug-2016,2100,CE,0,0,0,1.15,0,0,0,300,0,17-AUG-2016,
OPTSTK,LUPIN,25-Aug-2016,2150,CE,0,0,0,1.4,0,0,0,4500,0,17-AUG-2016,
OPTSTK,LUPIN,25-Aug-2016,1000,PE,0,0,0,6.6,0,0,0,0,0,17-AUG-2016,
OPTSTK,LUPIN,25-Aug-2016,1050,PE,0,0,0,10.65,0,0,0,0,0,17-AUG-2016,
OPTSTK,LUPIN,25-Aug-2016,1100,PE,0,0,0,16.25,0,0,0,0,0,17-AUG-2016,
OPTSTK,LUPIN,25-Aug-2016,1150,PE,0,0,0,23.8,0,0,0,0,0,17-AUG-2016,
OPTSTK,LUPIN,25-Aug-2016,1200,PE,0,0,0,33.5,0,0,0,0,0,17-AUG-2016,
OPTSTK,LUPIN,25-Aug-2016,1250,PE,0,0,0,45.75,0,0,0,0,0,17-AUG-2016,
OPTSTK,LUPIN,25-Aug-2016,1300,PE,0,0,0,0.9,0,0,0,3300,0,17-AUG-2016,
OPTSTK,LUPIN,25-Aug-2016,1350,PE,1,1,1,1,1,1,4.05,1500,-300,17-AUG-2016,
OPTSTK,LUPIN,25-Aug-2016,1400,PE,1,1.1,1,1.1,1.1,4,16.81,71100,-1200,17-AUG-2016,
OPTSTK,LUPIN,25-Aug-2016,1450,PE,1.95,2.05,1.4,1.9,1.9,20,87.1,71700,-2700,17-AUG-2016,
OPTSTK,LUPIN,25-Aug-2016,1500,PE,5.8,5.8,3.3,3.7,3.7,470,2120.49,125400,-20100,17-AUG-2016,
OPTSTK,LUPIN,25-Aug-2016,1550,PE,20,20,8.65,10,10,528,2472.33,137100,300,17-AUG-2016,
OPTSTK,LUPIN,25-Aug-2016,1600,PE,38.95,39.8,25,27.85,27.85,399,1949.45,235500,6000,17-AUG-2016,
OPTSTK,LUPIN,25-Aug-2016,1650,PE,70.6,71.25,57.75,60.9,60.9,71,364.71,74100,-2100,17-AUG-2016,
OPTSTK,LUPIN,25-Aug-2016,1700,PE,101.9,114.35,101.15,103.95,103.95,12,64.97,55500,-1200,17-AUG-2016,
OPTSTK,LUPIN,25-Aug-2016,1750,PE,154.35,154.35,147.6,148.7,148.7,12,68.35,90900,0,17-AUG-2016,
OPTSTK,LUPIN,25-Aug-2016,1800,PE,0,0,0,210,203.35,0,0,3900,0,17-AUG-2016,
OPTSTK,LUPIN,25-Aug-2016,1850,PE,257.05,257.05,257.05,257.05,257.05,1,6.32,900,-300,17-AUG-2016,
OPTSTK,LUPIN,25-Aug-2016,1900,PE,0,0,0,317,302.7,0,0,1500,0,17-AUG-2016,
OPTSTK,LUPIN,25-Aug-2016,1950,PE,0,0,0,372.65,352.6,0,0,1200,0,17-AUG-2016,
OPTSTK,LUPIN,25-Aug-2016,2000,PE,0,0,0,302.05,402.55,0,0,1200,0,17-AUG-2016,
OPTSTK,LUPIN,25-Aug-2016,2050,PE,0,0,0,350.05,452.45,0,0,1200,0,17-AUG-2016,
OPTSTK,LUPIN,25-Aug-2016,2100,PE,0,0,0,397.15,502.4,0,0,600,0,17-AUG-2016,
OPTSTK,LUPIN,25-Aug-2016,2150,PE,0,0,0,446.25,552.3,0,0,6300,0,17-AUG-2016,
OPTSTK,LUPIN,29-Sep-2016,1000,CE,0,0,0,557.65,602.6,0,0,0,0,17-AUG-2016,
OPTSTK,LUPIN,29-Sep-2016,1050,CE,0,0,0,508.9,553.05,0,0,0,0,17-AUG-2016,
OPTSTK,LUPIN,29-Sep-2016,1100,CE,0,0,0,460.55,503.5,0,0,0,0,17-AUG-2016,
OPTSTK,LUPIN,29-Sep-2016,1150,CE,0,0,0,412.95,454.1,0,0,0,0,17-AUG-2016,
OPTSTK,LUPIN,29-Sep-2016,1200,CE,0,0,0,366.45,404.95,0,0,0,0,17-AUG-2016,
OPTSTK,LUPIN,29-Sep-2016,1250,CE,0,0,0,321.5,356.4,0,0,0,0,17-AUG-2016,
OPTSTK,LUPIN,29-Sep-2016,1300,CE,0,0,0,278.65,308.85,0,0,0,0,17-AUG-2016,
OPTSTK,LUPIN,29-Sep-2016,1350,CE,0,0,0,238.5,263.05,0,0,0,0,17-AUG-2016,
OPTSTK,LUPIN,29-Sep-2016,1400,CE,0,0,0,201.4,219.7,0,0,0,0,17-AUG-2016,
OPTSTK,LUPIN,29-Sep-2016,1450,CE,0,0,0,167.75,179.6,0,0,0,0,17-AUG-2016,
OPTSTK,LUPIN,29-Sep-2016,1500,CE,0,0,0,105,143.55,0,0,300,0,17-AUG-2016,
OPTSTK,LUPIN,29-Sep-2016,1550,CE,0,0,0,94.25,112.05,0,0,1200,0,17-AUG-2016,
OPTSTK,LUPIN,29-Sep-2016,1600,CE,66,68,65.65,68,68,3,14.99,5100,-300,17-AUG-2016,
OPTSTK,LUPIN,29-Sep-2016,1650,CE,45,48.95,42.5,47,47,13,66.13,4800,2100,17-AUG-2016,
OPTSTK,LUPIN,29-Sep-2016,1700,CE,28.35,31,26.25,29.25,29.25,84,435.51,25500,15000,17-AUG-2016,
OPTSTK,LUPIN,29-Sep-2016,1750,CE,0,0,0,18,32.75,0,0,2400,0,17-AUG-2016,
OPTSTK,LUPIN,29-Sep-2016,1800,CE,17.2,17.2,12,12,12,2,10.88,3300,0,17-AUG-2016,
OPTSTK,LUPIN,29-Sep-2016,1850,CE,0,0,0,24.35,15.4,0,0,0,0,17-AUG-2016,
OPTSTK,LUPIN,29-Sep-2016,1900,CE,0,0,0,18.15,10.2,0,0,0,0,17-AUG-2016,
OPTSTK,LUPIN,29-Sep-2016,1950,CE,0,0,0,13.4,6.65,0,0,0,0,17-AUG-2016,
OPTSTK,LUPIN,29-Sep-2016,2000,CE,0,0,0,9.8,4.25,0,0,0,0,17-AUG-2016,
OPTSTK,LUPIN,29-Sep-2016,2050,CE,0,0,0,7.1,2.65,0,0,0,0,17-AUG-2016,
OPTSTK,LUPIN,29-Sep-2016,2100,CE,0,0,0,5.1,1.65,0,0,0,0,17-AUG-2016,
OPTSTK,LUPIN,29-Sep-2016,2150,CE,0,0,0,3.65,1,0,0,0,0,17-AUG-2016,
OPTSTK,LUPIN,29-Sep-2016,1000,PE,0,0,0,0.25,0,0,0,0,0,17-AUG-2016,
OPTSTK,LUPIN,29-Sep-2016,1050,PE,0,0,0,0.65,0.05,0,0,0,0,17-AUG-2016,
OPTSTK,LUPIN,29-Sep-2016,1100,PE,0,0,0,1.45,0.1,0,0,0,0,17-AUG-2016,
OPTSTK,LUPIN,29-Sep-2016,1150,PE,0,0,0,2.95,0.25,0,0,0,0,17-AUG-2016,
OPTSTK,LUPIN,29-Sep-2016,1200,PE,0,0,0,5.55,0.7,0,0,0,0,17-AUG-2016,
OPTSTK,LUPIN,29-Sep-2016,1250,PE,0,0,0,9.7,1.75,0,0,0,0,17-AUG-2016,
OPTSTK,LUPIN,29-Sep-2016,1300,PE,0,0,0,16,3.85,0,0,0,0,17-AUG-2016,
OPTSTK,LUPIN,29-Sep-2016,1350,PE,0,0,0,24.9,7.6,0,0,0,0,17-AUG-2016,
OPTSTK,LUPIN,29-Sep-2016,1400,PE,0,0,0,37,13.85,0,0,0,0,17-AUG-2016,
OPTSTK,LUPIN,29-Sep-2016,1450,PE,0,0,0,52.4,23.4,0,0,0,0,17-AUG-2016,
OPTSTK,LUPIN,29-Sep-2016,1500,PE,20,24,20,24,24,3,13.69,3000,900,17-AUG-2016,
OPTSTK,LUPIN,29-Sep-2016,1550,PE,38,38,34.7,34.7,34.7,4,19.04,4800,600,17-AUG-2016,
OPTSTK,LUPIN,29-Sep-2016,1600,PE,57,60.5,52.1,56,56,5,24.85,3000,900,17-AUG-2016,
OPTSTK,LUPIN,29-Sep-2016,1650,PE,90,90,84,84,84,2,10.42,600,0,17-AUG-2016,
OPTSTK,LUPIN,29-Sep-2016,1700,PE,120,120,120,120,120,1,5.46,4500,300,17-AUG-2016,
OPTSTK,LUPIN,29-Sep-2016,1750,PE,0,0,0,221.85,174.1,0,0,0,0,17-AUG-2016,
OPTSTK,LUPIN,29-Sep-2016,1800,PE,0,0,0,260.8,213.6,0,0,0,0,17-AUG-2016,
OPTSTK,LUPIN,29-Sep-2016,1850,PE,0,0,0,301.95,255.9,0,0,0,0,17-AUG-2016,
OPTSTK,LUPIN,29-Sep-2016,1900,PE,0,0,0,344.9,300.3,0,0,0,0,17-AUG-2016,
OPTSTK,LUPIN,29-Sep-2016,1950,PE,0,0,0,389.25,346.35,0,0,0,0,17-AUG-2016,
OPTSTK,LUPIN,29-Sep-2016,2000,PE,0,0,0,434.75,393.55,0,0,0,0,17-AUG-2016,
OPTSTK,LUPIN,29-Sep-2016,2050,PE,0,0,0,481.2,441.55,0,0,0,0,17-AUG-2016,
OPTSTK,LUPIN,29-Sep-2016,2100,PE,0,0,0,528.3,490.15,0,0,0,0,17-AUG-2016,
OPTSTK,LUPIN,29-Sep-2016,2150,PE,0,0,0,575.95,539.1,0,0,0,0,17-AUG-2016,
OPTSTK,LUPIN,27-Oct-2016,1100,CE,0,0,0,624,509.9,0,0,0,0,17-AUG-2016,
OPTSTK,LUPIN,27-Oct-2016,1150,CE,0,0,0,575,461.45,0,0,0,0,17-AUG-2016,
OPTSTK,LUPIN,27-Oct-2016,1200,CE,0,0,0,526.3,413.75,0,0,0,0,17-AUG-2016,
OPTSTK,LUPIN,27-Oct-2016,1250,CE,0,0,0,477.95,367.2,0,0,0,0,17-AUG-2016,
OPTSTK,LUPIN,27-Oct-2016,1300,CE,0,0,0,430.3,322.25,0,0,0,0,17-AUG-2016,
OPTSTK,LUPIN,27-Oct-2016,1350,CE,0,0,0,383.65,279.45,0,0,0,0,17-AUG-2016,
OPTSTK,LUPIN,27-Oct-2016,1400,CE,0,0,0,338.45,239.3,0,0,0,0,17-AUG-2016,
OPTSTK,LUPIN,27-Oct-2016,1450,CE,0,0,0,295.25,202.3,0,0,0,0,17-AUG-2016,
OPTSTK,LUPIN,27-Oct-2016,1500,CE,0,0,0,254.45,168.6,0,0,0,0,17-AUG-2016,
OPTSTK,LUPIN,27-Oct-2016,1550,CE,0,0,0,216.6,138.75,0,0,0,0,17-AUG-2016,
OPTSTK,LUPIN,27-Oct-2016,1600,CE,0,0,0,181.85,112.65,0,0,0,0,17-AUG-2016,
OPTSTK,LUPIN,27-Oct-2016,1650,CE,0,0,0,150.8,90.25,0,0,0,0,17-AUG-2016,
OPTSTK,LUPIN,27-Oct-2016,1700,CE,0,0,0,123.35,71.35,0,0,0,0,17-AUG-2016,
OPTSTK,LUPIN,27-Oct-2016,1750,CE,0,0,0,99.6,55.75,0,0,0,0,17-AUG-2016,
OPTSTK,LUPIN,27-Oct-2016,1800,CE,0,0,0,79.4,43.1,0,0,0,0,17-AUG-2016,
OPTSTK,LUPIN,27-Oct-2016,1850,CE,0,0,0,62.5,32.85,0,0,0,0,17-AUG-2016,
OPTSTK,LUPIN,27-Oct-2016,1900,CE,0,0,0,48.6,24.8,0,0,0,0,17-AUG-2016,
OPTSTK,LUPIN,27-Oct-2016,1950,CE,0,0,0,37.4,18.5,0,0,0,0,17-AUG-2016,
OPTSTK,LUPIN,27-Oct-2016,2000,CE,0,0,0,28.4,13.7,0,0,0,0,17-AUG-2016,
OPTSTK,LUPIN,27-Oct-2016,2050,CE,0,0,0,21.35,10,0,0,0,0,17-AUG-2016,
OPTSTK,LUPIN,27-Oct-2016,2100,CE,0,0,0,15.9,7.25,0,0,0,0,17-AUG-2016,
OPTSTK,LUPIN,27-Oct-2016,2150,CE,0,0,0,11.7,5.25,0,0,0,0,17-AUG-2016,
OPTSTK,LUPIN,27-Oct-2016,1100,PE,0,0,0,0.15,0.75,0,0,0,0,17-AUG-2016,
OPTSTK,LUPIN,27-Oct-2016,1150,PE,0,0,0,0.3,1.65,0,0,0,0,17-AUG-2016,
OPTSTK,LUPIN,27-Oct-2016,1200,PE,0,0,0,0.7,3.25,0,0,0,0,17-AUG-2016,
OPTSTK,LUPIN,27-Oct-2016,1250,PE,0,0,0,1.55,6.05,0,0,0,0,17-AUG-2016,
OPTSTK,LUPIN,27-Oct-2016,1300,PE,0,0,0,3,10.45,0,0,0,0,17-AUG-2016,
OPTSTK,LUPIN,27-Oct-2016,1350,PE,0,0,0,5.5,16.95,0,0,0,0,17-AUG-2016,
OPTSTK,LUPIN,27-Oct-2016,1400,PE,0,0,0,9.45,26.15,0,0,0,0,17-AUG-2016,
OPTSTK,LUPIN,27-Oct-2016,1450,PE,0,0,0,15.4,38.45,0,0,0,0,17-AUG-2016,
OPTSTK,LUPIN,27-Oct-2016,1500,PE,0,0,0,23.7,54.1,0,0,0,0,17-AUG-2016,
OPTSTK,LUPIN,27-Oct-2016,1550,PE,0,0,0,35,73.6,0,0,0,0,17-AUG-2016,
OPTSTK,LUPIN,27-Oct-2016,1600,PE,0,0,0,49.45,96.8,0,0,0,0,17-AUG-2016,
OPTSTK,LUPIN,27-Oct-2016,1650,PE,0,0,0,67.5,123.75,0,0,0,0,17-AUG-2016,
OPTSTK,LUPIN,27-Oct-2016,1700,PE,0,0,0,89.2,154.2,0,0,0,0,17-AUG-2016,
OPTSTK,LUPIN,27-Oct-2016,1750,PE,0,0,0,114.6,187.9,0,0,0,0,17-AUG-2016,
OPTSTK,LUPIN,27-Oct-2016,1800,PE,0,0,0,143.55,224.6,0,0,0,0,17-AUG-2016,
OPTSTK,LUPIN,27-Oct-2016,1850,PE,0,0,0,175.75,263.7,0,0,0,0,17-AUG-2016,
OPTSTK,LUPIN,27-Oct-2016,1900,PE,0,0,0,211,304.95,0,0,0,0,17-AUG-2016,
OPTSTK,LUPIN,27-Oct-2016,1950,PE,0,0,0,248.95,348,0,0,0,0,17-AUG-2016,
OPTSTK,LUPIN,27-Oct-2016,2000,PE,0,0,0,289.1,392.5,0,0,0,0,17-AUG-2016,
OPTSTK,LUPIN,27-Oct-2016,2050,PE,0,0,0,331.2,438.2,0,0,0,0,17-AUG-2016,
OPTSTK,LUPIN,27-Oct-2016,2100,PE,0,0,0,374.85,484.8,0,0,0,0,17-AUG-2016,
OPTSTK,LUPIN,27-Oct-2016,2150,PE,0,0,0,419.8,532.05,0,0,0,0,17-AUG-2016,
OPTSTK,M&M,25-Aug-2016,940,CE,0,0,0,416.2,511.95,0,0,0,0,17-AUG-2016,
OPTSTK,M&M,25-Aug-2016,960,CE,0,0,0,396.7,491.95,0,0,0,0,17-AUG-2016,
OPTSTK,M&M,25-Aug-2016,980,CE,0,0,0,377.3,472,0,0,0,0,17-AUG-2016,
OPTSTK,M&M,25-Aug-2016,1000,CE,0,0,0,358,452,0,0,0,0,17-AUG-2016,
OPTSTK,M&M,25-Aug-2016,1020,CE,0,0,0,338.85,432.05,0,0,0,0,17-AUG-2016,
OPTSTK,M&M,25-Aug-2016,1040,CE,0,0,0,319.85,412.1,0,0,0,0,17-AUG-2016,
OPTSTK,M&M,25-Aug-2016,1060,CE,0,0,0,301.05,392.1,0,0,0,0,17-AUG-2016,
OPTSTK,M&M,25-Aug-2016,1080,CE,0,0,0,282.55,372.15,0,0,0,0,17-AUG-2016,
OPTSTK,M&M,25-Aug-2016,1100,CE,0,0,0,264.35,352.15,0,0,0,0,17-AUG-2016,
OPTSTK,M&M,25-Aug-2016,1120,CE,0,0,0,246.55,332.2,0,0,0,0,17-AUG-2016,
OPTSTK,M&M,25-Aug-2016,1140,CE,0,0,0,229.1,312.25,0,0,0,0,17-AUG-2016,
OPTSTK,M&M,25-Aug-2016,1160,CE,0,0,0,212.2,292.25,0,0,0,0,17-AUG-2016,
OPTSTK,M&M,25-Aug-2016,1180,CE,0,0,0,195.8,272.3,0,0,0,0,17-AUG-2016,
OPTSTK,M&M,25-Aug-2016,1200,CE,0,0,0,180.05,252.3,0,0,0,0,17-AUG-2016,
OPTSTK,M&M,25-Aug-2016,1220,CE,0,0,0,164.9,232.35,0,0,0,0,17-AUG-2016,
OPTSTK,M&M,25-Aug-2016,1240,CE,0,0,0,150.5,212.35,0,0,0,0,17-AUG-2016,
OPTSTK,M&M,25-Aug-2016,1260,CE,0,0,0,136.7,192.4,0,0,0,0,17-AUG-2016,
OPTSTK,M&M,25-Aug-2016,1280,CE,0,0,0,123.75,172.45,0,0,0,0,17-AUG-2016,
OPTSTK,M&M,25-Aug-2016,1300,CE,0,0,0,175,152.5,0,0,4000,0,17-AUG-2016,
OPTSTK,M&M,25-Aug-2016,1320,CE,0,0,0,100.2,132.55,0,0,0,0,17-AUG-2016,
OPTSTK,M&M,25-Aug-2016,1340,CE,0,0,0,88.4,112.75,0,0,1000,0,17-AUG-2016,
OPTSTK,M&M,25-Aug-2016,1360,CE,0,0,0,59.6,93.25,0,0,1000,0,17-AUG-2016,
OPTSTK,M&M,25-Aug-2016,1380,CE,0,0,0,115,74.4,0,0,0,0,17-AUG-2016,
OPTSTK,M&M,25-Aug-2016,1400,CE,0,0,0,50,56.8,0,0,3500,0,17-AUG-2016,
OPTSTK,M&M,25-Aug-2016,1420,CE,41,44.65,30.5,38.95,38.95,15,109.38,21500,2500,17-AUG-2016,
OPTSTK,M&M,25-Aug-2016,1440,CE,24.95,29.95,24.35,26.35,26.35,78,572.09,43500,1000,17-AUG-2016,
OPTSTK,M&M,25-Aug-2016,1460,CE,15.5,21.5,15.5,17.45,17.45,582,4302.73,256500,79500,17-AUG-2016,
OPTSTK,M&M,25-Aug-2016,1480,CE,8.6,14,8.6,10.6,10.6,184,1372.24,218500,8500,17-AUG-2016,
OPTSTK,M&M,25-Aug-2016,1500,CE,6.35,9.3,6.35,6.9,6.9,358,2698.74,619000,-18500,17-AUG-2016,
OPTSTK,M&M,25-Aug-2016,1520,CE,4.8,5.95,3.8,4,4,107,815.63,219500,-4000,17-AUG-2016,
OPTSTK,M&M,25-Aug-2016,1540,CE,3.4,3.5,2.4,2.45,2.45,75,578.59,196000,-13000,17-AUG-2016,
OPTSTK,M&M,25-Aug-2016,1560,CE,1.2,2.1,1.2,1.65,1.65,21,163.97,169000,-7000,17-AUG-2016,
OPTSTK,M&M,25-Aug-2016,1580,CE,1.1,1.15,1,1,1,14,110.67,83000,-2500,17-AUG-2016,
OPTSTK,M&M,25-Aug-2016,1600,CE,0.85,0.85,0.4,0.4,0.4,36,288.09,104000,-12000,17-AUG-2016,
OPTSTK,M&M,25-Aug-2016,1620,CE,0,0,0,0.2,0.05,0,0,6000,0,17-AUG-2016,
OPTSTK,M&M,25-Aug-2016,1640,CE,1,1,1,1,1,1,8.2,15000,0,17-AUG-2016,
OPTSTK,M&M,25-Aug-2016,1660,CE,0,0,0,9.05,0,0,0,0,0,17-AUG-2016,
OPTSTK,M&M,25-Aug-2016,1680,CE,0,0,0,0.4,0,0,0,10500,0,17-AUG-2016,
OPTSTK,M&M,25-Aug-2016,1700,CE,0,0,0,6.4,0,0,0,0,0,17-AUG-2016,
OPTSTK,M&M,25-Aug-2016,940,PE,0,0,0,0.3,0,0,0,0,0,17-AUG-2016,
OPTSTK,M&M,25-Aug-2016,960,PE,0,0,0,0.5,0,0,0,0,0,17-AUG-2016,
OPTSTK,M&M,25-Aug-2016,980,PE,0,0,0,0.7,0,0,0,0,0,17-AUG-2016,
OPTSTK,M&M,25-Aug-2016,1000,PE,0,0,0,1.05,0,0,0,0,0,17-AUG-2016,
OPTSTK,M&M,25-Aug-2016,1020,PE,0,0,0,1.55,0,0,0,0,0,17-AUG-2016,
OPTSTK,M&M,25-Aug-2016,1040,PE,0,0,0,2.2,0,0,0,0,0,17-AUG-2016,
OPTSTK,M&M,25-Aug-2016,1060,PE,0,0,0,3.05,0,0,0,0,0,17-AUG-2016,
OPTSTK,M&M,25-Aug-2016,1080,PE,0,0,0,4.2,0,0,0,0,0,17-AUG-2016,
OPTSTK,M&M,25-Aug-2016,1100,PE,0,0,0,5.65,0,0,0,0,0,17-AUG-2016,
OPTSTK,M&M,25-Aug-2016,1120,PE,0,0,0,7.45,0,0,0,0,0,17-AUG-2016,
OPTSTK,M&M,25-Aug-2016,1140,PE,0,0,0,9.7,0,0,0,0,0,17-AUG-2016,
OPTSTK,M&M,25-Aug-2016,1160,PE,0,0,0,12.4,0,0,0,0,0,17-AUG-2016,
OPTSTK,M&M,25-Aug-2016,1180,PE,0,0,0,15.65,0,0,0,0,0,17-AUG-2016,
OPTSTK,M&M,25-Aug-2016,1200,PE,0,0,0,19.55,0,0,0,0,0,17-AUG-2016,
OPTSTK,M&M,25-Aug-2016,1220,PE,0,0,0,24.05,0,0,0,0,0,17-AUG-2016,
OPTSTK,M&M,25-Aug-2016,1240,PE,0,0,0,29.25,0,0,0,0,0,17-AUG-2016,
OPTSTK,M&M,25-Aug-2016,1260,PE,0,0,0,35.15,0,0,0,0,0,17-AUG-2016,
OPTSTK,M&M,25-Aug-2016,1280,PE,0,0,0,2,0,0,0,2500,0,17-AUG-2016,
OPTSTK,M&M,25-Aug-2016,1300,PE,0,0,0,0.4,0.05,0,0,28500,0,17-AUG-2016,
OPTSTK,M&M,25-Aug-2016,1320,PE,0,0,0,3.35,0.1,0,0,9500,0,17-AUG-2016,
OPTSTK,M&M,25-Aug-2016,1340,PE,1.1,1.1,1.1,1.1,1.1,1,6.7,23500,0,17-AUG-2016,
OPTSTK,M&M,25-Aug-2016,1360,PE,1.9,1.9,1.3,1.5,1.5,26,177,70500,-1000,17-AUG-2016,
OPTSTK,M&M,25-Aug-2016,1380,PE,2.65,3.35,2.45,2.5,2.5,36,248.86,122500,-5000,17-AUG-2016,
OPTSTK,M&M,25-Aug-2016,1400,PE,6.45,6.8,4.3,4.45,4.45,114,800.83,284000,0,17-AUG-2016,
OPTSTK,M&M,25-Aug-2016,1420,PE,11.9,11.9,8.45,8.85,8.85,129,922.07,261000,1500,17-AUG-2016,
OPTSTK,M&M,25-Aug-2016,1440,PE,20.1,20.1,15,15.95,15.95,112,816,121500,9500,17-AUG-2016,
OPTSTK,M&M,25-Aug-2016,1460,PE,27.55,31,26,27,27,14,104.13,43500,-1500,17-AUG-2016,
OPTSTK,M&M,25-Aug-2016,1480,PE,40,45,40,40.35,40.35,5,38.02,55000,-500,17-AUG-2016,
OPTSTK,M&M,25-Aug-2016,1500,PE,53.4,53.4,53.4,53.4,53.4,1,7.76,52500,0,17-AUG-2016,
OPTSTK,M&M,25-Aug-2016,1520,PE,0,0,0,75,70,0,0,7500,0,17-AUG-2016,
OPTSTK,M&M,25-Aug-2016,1540,PE,0,0,0,69.75,88.45,0,0,3000,0,17-AUG-2016,
OPTSTK,M&M,25-Aug-2016,1560,PE,0,0,0,120.15,107.7,0,0,2000,0,17-AUG-2016,
OPTSTK,M&M,25-Aug-2016,1580,PE,0,0,0,130.4,127.35,0,0,2500,0,17-AUG-2016,
OPTSTK,M&M,25-Aug-2016,1600,PE,0,0,0,110,147.2,0,0,1500,0,17-AUG-2016,
OPTSTK,M&M,25-Aug-2016,1620,PE,0,0,0,264.65,167.1,0,0,0,0,17-AUG-2016,
OPTSTK,M&M,25-Aug-2016,1640,PE,0,0,0,282.35,187.05,0,0,0,0,17-AUG-2016,
OPTSTK,M&M,25-Aug-2016,1660,PE,0,0,0,300.3,207.05,0,0,0,0,17-AUG-2016,
OPTSTK,M&M,25-Aug-2016,1680,PE,0,0,0,318.55,227,0,0,0,0,17-AUG-2016,
OPTSTK,M&M,25-Aug-2016,1700,PE,0,0,0,336.95,247,0,0,0,0,17-AUG-2016,
OPTSTK,M&M,29-Sep-2016,1020,CE,0,0,0,428,438.8,0,0,0,0,17-AUG-2016,
OPTSTK,M&M,29-Sep-2016,1040,CE,0,0,0,408.35,418.95,0,0,0,0,17-AUG-2016,
OPTSTK,M&M,29-Sep-2016,1060,CE,0,0,0,388.7,399.1,0,0,0,0,17-AUG-2016,
OPTSTK,M&M,29-Sep-2016,1080,CE,0,0,0,369.1,379.25,0,0,0,0,17-AUG-2016,
OPTSTK,M&M,29-Sep-2016,1100,CE,0,0,0,349.45,359.45,0,0,0,0,17-AUG-2016,
OPTSTK,M&M,29-Sep-2016,1120,CE,0,0,0,329.9,339.6,0,0,0,0,17-AUG-2016,
OPTSTK,M&M,29-Sep-2016,1140,CE,0,0,0,310.35,319.8,0,0,0,0,17-AUG-2016,
OPTSTK,M&M,29-Sep-2016,1160,CE,0,0,0,290.85,300,0,0,0,0,17-AUG-2016,
OPTSTK,M&M,29-Sep-2016,1180,CE,0,0,0,271.5,280.25,0,0,0,0,17-AUG-2016,
OPTSTK,M&M,29-Sep-2016,1200,CE,0,0,0,252.25,260.6,0,0,0,0,17-AUG-2016,
OPTSTK,M&M,29-Sep-2016,1220,CE,0,0,0,233.25,241,0,0,0,0,17-AUG-2016,
OPTSTK,M&M,29-Sep-2016,1240,CE,0,0,0,214.5,221.6,0,0,0,0,17-AUG-2016,
OPTSTK,M&M,29-Sep-2016,1260,CE,0,0,0,196.1,202.45,0,0,0,0,17-AUG-2016,
OPTSTK,M&M,29-Sep-2016,1280,CE,0,0,0,178.2,183.65,0,0,0,0,17-AUG-2016,
OPTSTK,M&M,29-Sep-2016,1300,CE,0,0,0,160.8,165.3,0,0,0,0,17-AUG-2016,
OPTSTK,M&M,29-Sep-2016,1320,CE,0,0,0,144.1,147.5,0,0,0,0,17-AUG-2016,
OPTSTK,M&M,29-Sep-2016,1340,CE,0,0,0,128.15,130.4,0,0,0,0,17-AUG-2016,
OPTSTK,M&M,29-Sep-2016,1360,CE,0,0,0,113.15,114.2,0,0,0,0,17-AUG-2016,
OPTSTK,M&M,29-Sep-2016,1380,CE,0,0,0,98.95,99,0,0,0,0,17-AUG-2016,
OPTSTK,M&M,29-Sep-2016,1400,CE,0,0,0,80,84.8,0,0,500,0,17-AUG-2016,
OPTSTK,M&M,29-Sep-2016,1420,CE,0,0,0,73.9,71.85,0,0,0,0,17-AUG-2016,
OPTSTK,M&M,29-Sep-2016,1440,CE,0,0,0,63,60.2,0,0,0,0,17-AUG-2016,
OPTSTK,M&M,29-Sep-2016,1460,CE,52,52,49.5,50,50,3,22.65,2500,0,17-AUG-2016,
OPTSTK,M&M,29-Sep-2016,1480,CE,0,0,0,46,40.7,0,0,0,0,17-AUG-2016,
OPTSTK,M&M,29-Sep-2016,1500,CE,35,35.5,35,35,35,3,23.02,1500,1000,17-AUG-2016,
OPTSTK,M&M,29-Sep-2016,1520,CE,0,0,0,36,26.2,0,0,500,0,17-AUG-2016,
OPTSTK,M&M,29-Sep-2016,1540,CE,0,0,0,24.75,20.6,0,0,0,0,17-AUG-2016,
OPTSTK,M&M,29-Sep-2016,1560,CE,0,0,0,15.5,16.05,0,0,500,0,17-AUG-2016,
OPTSTK,M&M,29-Sep-2016,1580,CE,0,0,0,16,12.3,0,0,0,0,17-AUG-2016,
OPTSTK,M&M,29-Sep-2016,1600,CE,0,0,0,12.05,9.35,0,0,500,0,17-AUG-2016,
OPTSTK,M&M,29-Sep-2016,1620,CE,0,0,0,10,7,0,0,0,0,17-AUG-2016,
OPTSTK,M&M,29-Sep-2016,1640,CE,0,0,0,7.8,5.15,0,0,0,0,17-AUG-2016,
OPTSTK,M&M,29-Sep-2016,1660,CE,0,0,0,6,3.8,0,0,0,0,17-AUG-2016,
OPTSTK,M&M,29-Sep-2016,1680,CE,0,0,0,4.6,2.75,0,0,0,0,17-AUG-2016,
OPTSTK,M&M,29-Sep-2016,1700,CE,0,0,0,3.5,1.95,0,0,0,0,17-AUG-2016,
OPTSTK,M&M,29-Sep-2016,1020,PE,0,0,0,0.05,0,0,0,0,0,17-AUG-2016,
OPTSTK,M&M,29-Sep-2016,1040,PE,0,0,0,0.05,0,0,0,0,0,17-AUG-2016,
OPTSTK,M&M,29-Sep-2016,1060,PE,0,0,0,0.05,0,0,0,0,0,17-AUG-2016,
OPTSTK,M&M,29-Sep-2016,1080,PE,0,0,0,0.05,0,0,0,0,0,17-AUG-2016,
OPTSTK,M&M,29-Sep-2016,1100,PE,0,0,0,0.1,0.05,0,0,0,0,17-AUG-2016,
OPTSTK,M&M,29-Sep-2016,1120,PE,0,0,0,0.15,0.05,0,0,0,0,17-AUG-2016,
OPTSTK,M&M,29-Sep-2016,1140,PE,0,0,0,0.25,0.05,0,0,0,0,17-AUG-2016,
OPTSTK,M&M,29-Sep-2016,1160,PE,0,0,0,0.4,0.1,0,0,0,0,17-AUG-2016,
OPTSTK,M&M,29-Sep-2016,1180,PE,0,0,0,0.7,0.2,0,0,0,0,17-AUG-2016,
OPTSTK,M&M,29-Sep-2016,1200,PE,0,0,0,1.1,0.35,0,0,0,0,17-AUG-2016,
OPTSTK,M&M,29-Sep-2016,1220,PE,0,0,0,1.75,0.65,0,0,0,0,17-AUG-2016,
OPTSTK,M&M,29-Sep-2016,1240,PE,0,0,0,2.65,1.1,0,0,0,0,17-AUG-2016,
OPTSTK,M&M,29-Sep-2016,1260,PE,0,0,0,3.9,1.75,0,0,0,0,17-AUG-2016,
OPTSTK,M&M,29-Sep-2016,1280,PE,0,0,0,5.6,2.8,0,0,0,0,17-AUG-2016,
OPTSTK,M&M,29-Sep-2016,1300,PE,0,0,0,6.8,4.25,0,0,500,0,17-AUG-2016,
OPTSTK,M&M,29-Sep-2016,1320,PE,0,0,0,10.8,6.3,0,0,0,0,17-AUG-2016,
OPTSTK,M&M,29-Sep-2016,1340,PE,0,0,0,14.55,9.05,0,0,0,0,17-AUG-2016,
OPTSTK,M&M,29-Sep-2016,1360,PE,15,15,15,15,15,1,6.87,5000,500,17-AUG-2016,
OPTSTK,M&M,29-Sep-2016,1380,PE,0,0,0,24.6,17.35,0,0,0,0,17-AUG-2016,
OPTSTK,M&M,29-Sep-2016,1400,PE,0,0,0,29.95,22.95,0,0,2000,0,17-AUG-2016,
OPTSTK,M&M,29-Sep-2016,1420,PE,32,36,30,35.5,35.5,5,36.32,500,500,17-AUG-2016,
OPTSTK,M&M,29-Sep-2016,1440,PE,0,0,0,40,38.05,0,0,500,0,17-AUG-2016,
OPTSTK,M&M,29-Sep-2016,1460,PE,58.4,58.4,51.4,51.4,51.4,2,15.14,500,500,17-AUG-2016,
OPTSTK,M&M,29-Sep-2016,1480,PE,0,0,0,68.5,58.2,0,0,0,0,17-AUG-2016,
OPTSTK,M&M,29-Sep-2016,1500,PE,0,0,0,80.55,70.2,0,0,0,0,17-AUG-2016,
OPTSTK,M&M,29-Sep-2016,1520,PE,0,0,0,93.6,83.35,0,0,0,0,17-AUG-2016,
OPTSTK,M&M,29-Sep-2016,1540,PE,0,0,0,107.6,97.65,0,0,0,0,17-AUG-2016,
OPTSTK,M&M,29-Sep-2016,1560,PE,0,0,0,122.5,112.9,0,0,0,0,17-AUG-2016,
OPTSTK,M&M,29-Sep-2016,1580,PE,0,0,0,138.15,129,0,0,0,0,17-AUG-2016,
OPTSTK,M&M,29-Sep-2016,1600,PE,0,0,0,154.5,145.9,0,0,0,0,17-AUG-2016,
OPTSTK,M&M,29-Sep-2016,1620,PE,0,0,0,171.4,163.35,0,0,0,0,17-AUG-2016,
OPTSTK,M&M,29-Sep-2016,1640,PE,0,0,0,188.85,181.4,0,0,0,0,17-AUG-2016,
OPTSTK,M&M,29-Sep-2016,1660,PE,0,0,0,206.75,199.85,0,0,0,0,17-AUG-2016,
OPTSTK,M&M,29-Sep-2016,1680,PE,0,0,0,224.95,218.65,0,0,0,0,17-AUG-2016,
OPTSTK,M&M,29-Sep-2016,1700,PE,0,0,0,243.5,237.7,0,0,0,0,17-AUG-2016,
OPTSTK,M&M,27-Oct-2016,1060,CE,0,0,0,410.75,404.7,0,0,0,0,17-AUG-2016,
OPTSTK,M&M,27-Oct-2016,1080,CE,0,0,0,391.1,385,0,0,0,0,17-AUG-2016,
OPTSTK,M&M,27-Oct-2016,1100,CE,0,0,0,371.45,365.35,0,0,0,0,17-AUG-2016,
OPTSTK,M&M,27-Oct-2016,1120,CE,0,0,0,351.8,345.7,0,0,0,0,17-AUG-2016,
OPTSTK,M&M,27-Oct-2016,1140,CE,0,0,0,332.15,326.15,0,0,0,0,17-AUG-2016,
OPTSTK,M&M,27-Oct-2016,1160,CE,0,0,0,312.55,306.7,0,0,0,0,17-AUG-2016,
OPTSTK,M&M,27-Oct-2016,1180,CE,0,0,0,293,287.35,0,0,0,0,17-AUG-2016,
OPTSTK,M&M,27-Oct-2016,1200,CE,0,0,0,273.5,268.2,0,0,0,0,17-AUG-2016,
OPTSTK,M&M,27-Oct-2016,1220,CE,0,0,0,254.1,249.25,0,0,0,0,17-AUG-2016,
OPTSTK,M&M,27-Oct-2016,1240,CE,0,0,0,234.85,230.6,0,0,0,0,17-AUG-2016,
OPTSTK,M&M,27-Oct-2016,1260,CE,0,0,0,215.85,212.35,0,0,0,0,17-AUG-2016,
OPTSTK,M&M,27-Oct-2016,1280,CE,0,0,0,197.1,194.55,0,0,0,0,17-AUG-2016,
OPTSTK,M&M,27-Oct-2016,1300,CE,0,0,0,178.8,177.25,0,0,0,0,17-AUG-2016,
OPTSTK,M&M,27-Oct-2016,1320,CE,0,0,0,160.95,160.6,0,0,0,0,17-AUG-2016,
OPTSTK,M&M,27-Oct-2016,1340,CE,0,0,0,143.8,144.65,0,0,0,0,17-AUG-2016,
OPTSTK,M&M,27-Oct-2016,1360,CE,0,0,0,127.35,129.45,0,0,0,0,17-AUG-2016,
OPTSTK,M&M,27-Oct-2016,1380,CE,0,0,0,111.75,115.15,0,0,0,0,17-AUG-2016,
OPTSTK,M&M,27-Oct-2016,1400,CE,0,0,0,97.15,101.75,0,0,0,0,17-AUG-2016,
OPTSTK,M&M,27-Oct-2016,1420,CE,0,0,0,83.65,89.3,0,0,0,0,17-AUG-2016,
OPTSTK,M&M,27-Oct-2016,1440,CE,0,0,0,71.3,77.85,0,0,0,0,17-AUG-2016,
OPTSTK,M&M,27-Oct-2016,1460,CE,0,0,0,60.1,67.4,0,0,0,0,17-AUG-2016,
OPTSTK,M&M,27-Oct-2016,1480,CE,0,0,0,50.15,57.95,0,0,0,0,17-AUG-2016,
OPTSTK,M&M,27-Oct-2016,1500,CE,0,0,0,41.4,49.5,0,0,0,0,17-AUG-2016,
OPTSTK,M&M,27-Oct-2016,1520,CE,0,0,0,33.8,41.95,0,0,0,0,17-AUG-2016,
OPTSTK,M&M,27-Oct-2016,1540,CE,0,0,0,27.3,35.35,0,0,0,0,17-AUG-2016,
OPTSTK,M&M,27-Oct-2016,1560,CE,0,0,0,21.8,29.55,0,0,0,0,17-AUG-2016,
OPTSTK,M&M,27-Oct-2016,1580,CE,0,0,0,17.2,24.6,0,0,0,0,17-AUG-2016,
OPTSTK,M&M,27-Oct-2016,1600,CE,0,0,0,13.45,20.25,0,0,0,0,17-AUG-2016,
OPTSTK,M&M,27-Oct-2016,1620,CE,0,0,0,10.4,16.6,0,0,0,0,17-AUG-2016,
OPTSTK,M&M,27-Oct-2016,1640,CE,0,0,0,7.95,13.5,0,0,0,0,17-AUG-2016,
OPTSTK,M&M,27-Oct-2016,1660,CE,0,0,0,6,10.95,0,0,0,0,17-AUG-2016,
OPTSTK,M&M,27-Oct-2016,1680,CE,0,0,0,4.5,8.8,0,0,0,0,17-AUG-2016,
OPTSTK,M&M,27-Oct-2016,1700,CE,0,0,0,3.35,7,0,0,0,0,17-AUG-2016,
OPTSTK,M&M,27-Oct-2016,1060,PE,0,0,0,0.05,0.05,0,0,0,0,17-AUG-2016,
OPTSTK,M&M,27-Oct-2016,1080,PE,0,0,0,0.05,0.1,0,0,0,0,17-AUG-2016,
OPTSTK,M&M,27-Oct-2016,1100,PE,0,0,0,0.05,0.15,0,0,0,0,17-AUG-2016,
OPTSTK,M&M,27-Oct-2016,1120,PE,0,0,0,0.05,0.3,0,0,0,0,17-AUG-2016,
OPTSTK,M&M,27-Oct-2016,1140,PE,0,0,0,0.05,0.45,0,0,0,0,17-AUG-2016,
OPTSTK,M&M,27-Oct-2016,1160,PE,0,0,0,0.1,0.7,0,0,0,0,17-AUG-2016,
OPTSTK,M&M,27-Oct-2016,1180,PE,0,0,0,0.2,1.1,0,0,0,0,17-AUG-2016,
OPTSTK,M&M,27-Oct-2016,1200,PE,0,0,0,0.4,1.7,0,0,0,0,17-AUG-2016,
OPTSTK,M&M,27-Oct-2016,1220,PE,0,0,0,0.65,2.5,0,0,0,0,17-AUG-2016,
OPTSTK,M&M,27-Oct-2016,1240,PE,0,0,0,1.05,3.6,0,0,0,0,17-AUG-2016,
OPTSTK,M&M,27-Oct-2016,1260,PE,0,0,0,1.7,5.05,0,0,0,0,17-AUG-2016,
OPTSTK,M&M,27-Oct-2016,1280,PE,0,0,0,2.6,6.95,0,0,0,0,17-AUG-2016,
OPTSTK,M&M,27-Oct-2016,1300,PE,0,0,0,3.95,9.4,0,0,0,0,17-AUG-2016,
OPTSTK,M&M,27-Oct-2016,1320,PE,0,0,0,5.8,12.5,0,0,0,0,17-AUG-2016,
OPTSTK,M&M,27-Oct-2016,1340,PE,0,0,0,8.25,16.25,0,0,0,0,17-AUG-2016,
OPTSTK,M&M,27-Oct-2016,1360,PE,0,0,0,11.5,20.85,0,0,0,0,17-AUG-2016,
OPTSTK,M&M,27-Oct-2016,1380,PE,0,0,0,15.55,26.25,0,0,0,0,17-AUG-2016,
OPTSTK,M&M,27-Oct-2016,1400,PE,0,0,0,20.6,32.55,0,0,0,0,17-AUG-2016,
OPTSTK,M&M,27-Oct-2016,1420,PE,0,0,0,26.75,39.85,0,0,0,0,17-AUG-2016,
OPTSTK,M&M,27-Oct-2016,1440,PE,0,0,0,34.05,48.15,0,0,0,0,17-AUG-2016,
OPTSTK,M&M,27-Oct-2016,1460,PE,0,0,0,42.55,57.45,0,0,0,0,17-AUG-2016,
OPTSTK,M&M,27-Oct-2016,1480,PE,0,0,0,52.25,67.75,0,0,0,0,17-AUG-2016,
OPTSTK,M&M,27-Oct-2016,1500,PE,0,0,0,63.15,79,0,0,0,0,17-AUG-2016,
OPTSTK,M&M,27-Oct-2016,1520,PE,0,0,0,75.2,91.2,0,0,0,0,17-AUG-2016,
OPTSTK,M&M,27-Oct-2016,1540,PE,0,0,0,88.3,104.3,0,0,0,0,17-AUG-2016,
OPTSTK,M&M,27-Oct-2016,1560,PE,0,0,0,102.5,118.25,0,0,0,0,17-AUG-2016,
OPTSTK,M&M,27-Oct-2016,1580,PE,0,0,0,117.6,133.05,0,0,0,0,17-AUG-2016,
OPTSTK,M&M,27-Oct-2016,1600,PE,0,0,0,133.45,148.45,0,0,0,0,17-AUG-2016,
OPTSTK,M&M,27-Oct-2016,1620,PE,0,0,0,150.05,164.5,0,0,0,0,17-AUG-2016,
OPTSTK,M&M,27-Oct-2016,1640,PE,0,0,0,167.3,181.15,0,0,0,0,17-AUG-2016,
OPTSTK,M&M,27-Oct-2016,1660,PE,0,0,0,185,198.3,0,0,0,0,17-AUG-2016,
OPTSTK,M&M,27-Oct-2016,1680,PE,0,0,0,203.15,215.9,0,0,0,0,17-AUG-2016,
OPTSTK,M&M,27-Oct-2016,1700,PE,0,0,0,221.65,233.85,0,0,0,0,17-AUG-2016,
OPTSTK,M&MFIN,25-Aug-2016,220,CE,0,0,0,104.05,115.4,0,0,0,0,17-AUG-2016,
OPTSTK,M&MFIN,25-Aug-2016,230,CE,0,0,0,94.75,105.4,0,0,0,0,17-AUG-2016,
OPTSTK,M&MFIN,25-Aug-2016,240,CE,0,0,0,85.7,95.45,0,0,0,0,17-AUG-2016,
OPTSTK,M&MFIN,25-Aug-2016,250,CE,0,0,0,77,85.45,0,0,0,0,17-AUG-2016,
OPTSTK,M&MFIN,25-Aug-2016,260,CE,0,0,0,68.65,75.45,0,0,0,0,17-AUG-2016,
OPTSTK,M&MFIN,25-Aug-2016,270,CE,0,0,0,60.8,65.45,0,0,0,0,17-AUG-2016,
OPTSTK,M&MFIN,25-Aug-2016,280,CE,0,0,0,53.45,55.5,0,0,0,0,17-AUG-2016,
OPTSTK,M&MFIN,25-Aug-2016,290,CE,0,0,0,46.6,45.55,0,0,0,0,17-AUG-2016,
OPTSTK,M&MFIN,25-Aug-2016,300,CE,0,0,0,31.05,35.7,0,0,10000,0,17-AUG-2016,
OPTSTK,M&MFIN,25-Aug-2016,310,CE,0,0,0,17.3,26.25,0,0,45000,0,17-AUG-2016,
OPTSTK,M&MFIN,25-Aug-2016,320,CE,15,15.7,15,15.7,15.7,2,16.76,110000,-5000,17-AUG-2016,
OPTSTK,M&MFIN,25-Aug-2016,330,CE,5.1,9.5,4.6,8.7,8.7,153,1290.8,197500,17500,17-AUG-2016,
OPTSTK,M&MFIN,25-Aug-2016,340,CE,2.05,5,2,4,4,232,1992.92,345000,-17500,17-AUG-2016,
OPTSTK,M&MFIN,25-Aug-2016,350,CE,0.95,2,0.75,1.95,1.95,74,650.39,290000,2500,17-AUG-2016,
OPTSTK,M&MFIN,25-Aug-2016,360,CE,0.4,1,0.4,0.95,0.95,21,189.4,145000,-2500,17-AUG-2016,
OPTSTK,M&MFIN,25-Aug-2016,370,CE,0.4,0.4,0.4,0.4,0.4,4,37.04,67500,-2500,17-AUG-2016,
OPTSTK,M&MFIN,25-Aug-2016,380,CE,0,0,0,0.25,0.15,0,0,15000,0,17-AUG-2016,
OPTSTK,M&MFIN,25-Aug-2016,390,CE,0,0,0,8.25,0.05,0,0,0,0,17-AUG-2016,
OPTSTK,M&MFIN,25-Aug-2016,400,CE,0,0,0,0.4,0.05,0,0,5000,0,17-AUG-2016,
OPTSTK,M&MFIN,25-Aug-2016,410,CE,0,0,0,5.45,0,0,0,0,0,17-AUG-2016,
OPTSTK,M&MFIN,25-Aug-2016,420,CE,0,0,0,4.4,0,0,0,0,0,17-AUG-2016,
OPTSTK,M&MFIN,25-Aug-2016,430,CE,0,0,0,3.7,0,0,0,0,0,17-AUG-2016,
OPTSTK,M&MFIN,25-Aug-2016,220,PE,0,0,0,0.75,0,0,0,0,0,17-AUG-2016,
OPTSTK,M&MFIN,25-Aug-2016,230,PE,0,0,0,1.3,0,0,0,0,0,17-AUG-2016,
OPTSTK,M&MFIN,25-Aug-2016,240,PE,0,0,0,2.1,0,0,0,0,0,17-AUG-2016,
OPTSTK,M&MFIN,25-Aug-2016,250,PE,0,0,0,3.2,0,0,0,0,0,17-AUG-2016,
OPTSTK,M&MFIN,25-Aug-2016,260,PE,0,0,0,4.7,0,0,0,0,0,17-AUG-2016,
OPTSTK,M&MFIN,25-Aug-2016,270,PE,0,0,0,6.65,0,0,0,0,0,17-AUG-2016,
OPTSTK,M&MFIN,25-Aug-2016,280,PE,0,0,0,9.1,0,0,0,0,0,17-AUG-2016,
OPTSTK,M&MFIN,25-Aug-2016,290,PE,0.1,0.1,0.1,0.1,0.1,1,7.25,5000,0,17-AUG-2016,
OPTSTK,M&MFIN,25-Aug-2016,300,PE,0.25,0.25,0.1,0.2,0.2,17,127.57,135000,2500,17-AUG-2016,
OPTSTK,M&MFIN,25-Aug-2016,310,PE,0.8,1.1,0.3,0.35,0.35,45,349.24,232500,-37500,17-AUG-2016,
OPTSTK,M&MFIN,25-Aug-2016,320,PE,3,3.2,1,1.25,1.25,56,450,277500,-37500,17-AUG-2016,
OPTSTK,M&MFIN,25-Aug-2016,330,PE,7.5,7.9,2.95,3.4,3.4,103,860.44,217500,72500,17-AUG-2016,
OPTSTK,M&MFIN,25-Aug-2016,340,PE,15,15,10,10,10,7,61.58,57500,-5000,17-AUG-2016,
OPTSTK,M&MFIN,25-Aug-2016,350,PE,0,0,0,31.25,17.1,0,0,12500,0,17-AUG-2016,
OPTSTK,M&MFIN,25-Aug-2016,360,PE,0,0,0,48.95,25.5,0,0,0,0,17-AUG-2016,
OPTSTK,M&MFIN,25-Aug-2016,370,PE,0,0,0,56.25,34.8,0,0,0,0,17-AUG-2016,
OPTSTK,M&MFIN,25-Aug-2016,380,PE,0,0,0,63.95,44.5,0,0,0,0,17-AUG-2016,
OPTSTK,M&MFIN,25-Aug-2016,390,PE,0,0,0,71.95,54.4,0,0,0,0,17-AUG-2016,
OPTSTK,M&MFIN,25-Aug-2016,400,PE,0,0,0,80.25,64.4,0,0,0,0,17-AUG-2016,
OPTSTK,M&MFIN,25-Aug-2016,410,PE,0,0,0,88.8,74.35,0,0,0,0,17-AUG-2016,
OPTSTK,M&MFIN,25-Aug-2016,420,PE,0,0,0,97.55,84.35,0,0,0,0,17-AUG-2016,
OPTSTK,M&MFIN,25-Aug-2016,430,PE,0,0,0,98.55,94.35,0,0,0,0,17-AUG-2016,
OPTSTK,M&MFIN,29-Sep-2016,220,CE,0,0,0,118.5,116.85,0,0,0,0,17-AUG-2016,
OPTSTK,M&MFIN,29-Sep-2016,230,CE,0,0,0,109,106.95,0,0,0,0,17-AUG-2016,
OPTSTK,M&MFIN,29-Sep-2016,240,CE,0,0,0,99.7,97.05,0,0,0,0,17-AUG-2016,
OPTSTK,M&MFIN,29-Sep-2016,250,CE,0,0,0,90.65,87.25,0,0,0,0,17-AUG-2016,
OPTSTK,M&MFIN,29-Sep-2016,260,CE,0,0,0,81.85,77.55,0,0,0,0,17-AUG-2016,
OPTSTK,M&MFIN,29-Sep-2016,270,CE,0,0,0,73.45,68,0,0,0,0,17-AUG-2016,
OPTSTK,M&MFIN,29-Sep-2016,280,CE,0,0,0,65.5,58.8,0,0,0,0,17-AUG-2016,
OPTSTK,M&MFIN,29-Sep-2016,290,CE,0,0,0,58,50,0,0,0,0,17-AUG-2016,
OPTSTK,M&MFIN,29-Sep-2016,300,CE,0,0,0,51,41.75,0,0,0,0,17-AUG-2016,
OPTSTK,M&MFIN,29-Sep-2016,310,CE,0,0,0,44.5,34.25,0,0,0,0,17-AUG-2016,
OPTSTK,M&MFIN,29-Sep-2016,320,CE,0,0,0,38.65,27.5,0,0,0,0,17-AUG-2016,
OPTSTK,M&MFIN,29-Sep-2016,330,CE,0,0,0,11.5,21.65,0,0,2500,0,17-AUG-2016,
OPTSTK,M&MFIN,29-Sep-2016,340,CE,0,0,0,28.55,16.75,0,0,0,0,17-AUG-2016,
OPTSTK,M&MFIN,29-Sep-2016,350,CE,0,0,0,24.3,12.65,0,0,0,0,17-AUG-2016,
OPTSTK,M&MFIN,29-Sep-2016,360,CE,0,0,0,20.55,9.4,0,0,0,0,17-AUG-2016,
OPTSTK,M&MFIN,29-Sep-2016,370,CE,0,0,0,17.3,6.85,0,0,0,0,17-AUG-2016,
OPTSTK,M&MFIN,29-Sep-2016,380,CE,0,0,0,14.5,4.85,0,0,0,0,17-AUG-2016,
OPTSTK,M&MFIN,29-Sep-2016,390,CE,0,0,0,12.1,3.4,0,0,0,0,17-AUG-2016,
OPTSTK,M&MFIN,29-Sep-2016,400,CE,1,1,1,1,1,1,10.02,2500,2500,17-AUG-2016,
OPTSTK,M&MFIN,29-Sep-2016,410,CE,0,0,0,8.25,1.6,0,0,0,0,17-AUG-2016,
OPTSTK,M&MFIN,29-Sep-2016,420,CE,0,0,0,6.8,1.05,0,0,0,0,17-AUG-2016,
OPTSTK,M&MFIN,29-Sep-2016,430,CE,0,0,0,5.55,0.7,0,0,0,0,17-AUG-2016,
OPTSTK,M&MFIN,29-Sep-2016,220,PE,0,0,0,0.45,0.05,0,0,0,0,17-AUG-2016,
OPTSTK,M&MFIN,29-Sep-2016,230,PE,0,0,0,0.8,0.05,0,0,0,0,17-AUG-2016,
OPTSTK,M&MFIN,29-Sep-2016,240,PE,0,0,0,1.3,0.1,0,0,0,0,17-AUG-2016,
OPTSTK,M&MFIN,29-Sep-2016,250,PE,0,0,0,2.05,0.15,0,0,0,0,17-AUG-2016,
OPTSTK,M&MFIN,29-Sep-2016,260,PE,0,0,0,3.15,0.4,0,0,0,0,17-AUG-2016,
OPTSTK,M&MFIN,29-Sep-2016,270,PE,0,0,0,4.55,0.75,0,0,0,0,17-AUG-2016,
OPTSTK,M&MFIN,29-Sep-2016,280,PE,0,0,0,6.4,1.45,0,0,0,0,17-AUG-2016,
OPTSTK,M&MFIN,29-Sep-2016,290,PE,0,0,0,8.7,2.6,0,0,0,0,17-AUG-2016,
OPTSTK,M&MFIN,29-Sep-2016,300,PE,0,0,0,11.55,4.3,0,0,0,0,17-AUG-2016,
OPTSTK,M&MFIN,29-Sep-2016,310,PE,0,0,0,14.9,6.7,0,0,0,0,17-AUG-2016,
OPTSTK,M&MFIN,29-Sep-2016,320,PE,0,0,0,18.85,9.85,0,0,0,0,17-AUG-2016,
OPTSTK,M&MFIN,29-Sep-2016,330,PE,0,0,0,23.3,13.95,0,0,0,0,17-AUG-2016,
OPTSTK,M&MFIN,29-Sep-2016,340,PE,0,0,0,28.35,18.95,0,0,0,0,17-AUG-2016,
OPTSTK,M&MFIN,29-Sep-2016,350,PE,0,0,0,33.95,24.75,0,0,0,0,17-AUG-2016,
OPTSTK,M&MFIN,29-Sep-2016,360,PE,0,0,0,40.05,31.4,0,0,0,0,17-AUG-2016,
OPTSTK,M&MFIN,29-Sep-2016,370,PE,0,0,0,46.6,38.8,0,0,0,0,17-AUG-2016,
OPTSTK,M&MFIN,29-Sep-2016,380,PE,0,0,0,53.6,46.75,0,0,0,0,17-AUG-2016,
OPTSTK,M&MFIN,29-Sep-2016,390,PE,0,0,0,61.05,55.2,0,0,0,0,17-AUG-2016,
OPTSTK,M&MFIN,29-Sep-2016,400,PE,0,0,0,68.8,64.05,0,0,0,0,17-AUG-2016,
OPTSTK,M&MFIN,29-Sep-2016,410,PE,0,0,0,76.85,73.25,0,0,0,0,17-AUG-2016,
OPTSTK,M&MFIN,29-Sep-2016,420,PE,0,0,0,85.2,82.6,0,0,0,0,17-AUG-2016,
OPTSTK,M&MFIN,29-Sep-2016,430,PE,0,0,0,93.8,92.15,0,0,0,0,17-AUG-2016,
OPTSTK,M&MFIN,27-Oct-2016,220,CE,0,0,0,105.35,118.1,0,0,0,0,17-AUG-2016,
OPTSTK,M&MFIN,27-Oct-2016,230,CE,0,0,0,95.9,108.3,0,0,0,0,17-AUG-2016,
OPTSTK,M&MFIN,27-Oct-2016,240,CE,0,0,0,86.7,98.65,0,0,0,0,17-AUG-2016,
OPTSTK,M&MFIN,27-Oct-2016,250,CE,0,0,0,77.8,89.1,0,0,0,0,17-AUG-2016,
OPTSTK,M&MFIN,27-Oct-2016,260,CE,0,0,0,69.25,79.8,0,0,0,0,17-AUG-2016,
OPTSTK,M&MFIN,27-Oct-2016,270,CE,0,0,0,61.15,70.8,0,0,0,0,17-AUG-2016,
OPTSTK,M&MFIN,27-Oct-2016,280,CE,0,0,0,53.5,62.15,0,0,0,0,17-AUG-2016,
OPTSTK,M&MFIN,27-Oct-2016,290,CE,0,0,0,46.45,54,0,0,0,0,17-AUG-2016,
OPTSTK,M&MFIN,27-Oct-2016,300,CE,0,0,0,40,46.4,0,0,0,0,17-AUG-2016,
OPTSTK,M&MFIN,27-Oct-2016,310,CE,0,0,0,34.15,39.4,0,0,0,0,17-AUG-2016,
OPTSTK,M&MFIN,27-Oct-2016,320,CE,0,0,0,28.9,33.1,0,0,0,0,17-AUG-2016,
OPTSTK,M&MFIN,27-Oct-2016,330,CE,0,0,0,24.3,27.5,0,0,0,0,17-AUG-2016,
OPTSTK,M&MFIN,27-Oct-2016,340,CE,0,0,0,20.25,22.6,0,0,0,0,17-AUG-2016,
OPTSTK,M&MFIN,27-Oct-2016,350,CE,0,0,0,16.75,18.35,0,0,0,0,17-AUG-2016,
OPTSTK,M&MFIN,27-Oct-2016,360,CE,0,0,0,13.8,14.75,0,0,0,0,17-AUG-2016,
OPTSTK,M&MFIN,27-Oct-2016,370,CE,0,0,0,11.25,11.75,0,0,0,0,17-AUG-2016,
OPTSTK,M&MFIN,27-Oct-2016,380,CE,0,0,0,9.15,9.25,0,0,0,0,17-AUG-2016,
OPTSTK,M&MFIN,27-Oct-2016,390,CE,0,0,0,7.35,7.25,0,0,0,0,17-AUG-2016,
OPTSTK,M&MFIN,27-Oct-2016,400,CE,0,0,0,5.9,5.6,0,0,0,0,17-AUG-2016,
OPTSTK,M&MFIN,27-Oct-2016,410,CE,0,0,0,4.7,4.3,0,0,0,0,17-AUG-2016,
OPTSTK,M&MFIN,27-Oct-2016,420,CE,0,0,0,3.75,3.25,0,0,0,0,17-AUG-2016,
OPTSTK,M&MFIN,27-Oct-2016,430,CE,0,0,0,2.95,2.45,0,0,0,0,17-AUG-2016,
OPTSTK,M&MFIN,27-Oct-2016,220,PE,0,0,0,0.5,0.1,0,0,0,0,17-AUG-2016,
OPTSTK,M&MFIN,27-Oct-2016,230,PE,0,0,0,0.9,0.2,0,0,0,0,17-AUG-2016,
OPTSTK,M&MFIN,27-Oct-2016,240,PE,0,0,0,1.55,0.4,0,0,0,0,17-AUG-2016,
OPTSTK,M&MFIN,27-Oct-2016,250,PE,0,0,0,2.45,0.75,0,0,0,0,17-AUG-2016,
OPTSTK,M&MFIN,27-Oct-2016,260,PE,0,0,0,3.75,1.3,0,0,0,0,17-AUG-2016,
OPTSTK,M&MFIN,27-Oct-2016,270,PE,0,0,0,5.45,2.15,0,0,0,0,17-AUG-2016,
OPTSTK,M&MFIN,27-Oct-2016,280,PE,0,0,0,7.65,3.35,0,0,0,0,17-AUG-2016,
OPTSTK,M&MFIN,27-Oct-2016,290,PE,0,0,0,10.45,5.1,0,0,0,0,17-AUG-2016,
OPTSTK,M&MFIN,27-Oct-2016,300,PE,0,0,0,13.8,7.35,0,0,0,0,17-AUG-2016,
OPTSTK,M&MFIN,27-Oct-2016,310,PE,0,0,0,17.75,10.25,0,0,0,0,17-AUG-2016,
OPTSTK,M&MFIN,27-Oct-2016,320,PE,0,0,0,22.35,13.8,0,0,0,0,17-AUG-2016,
OPTSTK,M&MFIN,27-Oct-2016,330,PE,0,0,0,27.6,18.05,0,0,0,0,17-AUG-2016,
OPTSTK,M&MFIN,27-Oct-2016,340,PE,0,0,0,33.35,23,0,0,0,0,17-AUG-2016,
OPTSTK,M&MFIN,27-Oct-2016,350,PE,0,0,0,39.7,28.65,0,0,0,0,17-AUG-2016,
OPTSTK,M&MFIN,27-Oct-2016,360,PE,0,0,0,46.55,34.9,0,0,0,0,17-AUG-2016,
OPTSTK,M&MFIN,27-Oct-2016,370,PE,0,0,0,53.85,41.75,0,0,0,0,17-AUG-2016,
OPTSTK,M&MFIN,27-Oct-2016,380,PE,0,0,0,61.6,49.15,0,0,0,0,17-AUG-2016,
OPTSTK,M&MFIN,27-Oct-2016,390,PE,0,0,0,69.6,57,0,0,0,0,17-AUG-2016,
OPTSTK,M&MFIN,27-Oct-2016,400,PE,0,0,0,78,65.2,0,0,0,0,17-AUG-2016,
OPTSTK,M&MFIN,27-Oct-2016,410,PE,0,0,0,86.65,73.75,0,0,0,0,17-AUG-2016,
OPTSTK,M&MFIN,27-Oct-2016,420,PE,0,0,0,95.5,82.6,0,0,0,0,17-AUG-2016,
OPTSTK,M&MFIN,27-Oct-2016,430,PE,0,0,0,104.5,91.7,0,0,0,0,17-AUG-2016,
OPTSTK,MARICO,25-Aug-2016,155,CE,0,0,0,101.55,145.05,0,0,0,0,17-AUG-2016,
OPTSTK,MARICO,25-Aug-2016,160,CE,0,0,0,96.65,140.05,0,0,0,0,17-AUG-2016,
OPTSTK,MARICO,25-Aug-2016,165,CE,0,0,0,91.75,135.05,0,0,0,0,17-AUG-2016,
OPTSTK,MARICO,25-Aug-2016,170,CE,0,0,0,86.85,130.05,0,0,0,0,17-AUG-2016,
OPTSTK,MARICO,25-Aug-2016,175,CE,0,0,0,82,125.1,0,0,0,0,17-AUG-2016,
OPTSTK,MARICO,25-Aug-2016,180,CE,0,0,0,77.15,120.1,0,0,0,0,17-AUG-2016,
OPTSTK,MARICO,25-Aug-2016,185,CE,0,0,0,72.3,115.1,0,0,0,0,17-AUG-2016,
OPTSTK,MARICO,25-Aug-2016,190,CE,0,0,0,67.55,110.1,0,0,0,0,17-AUG-2016,
OPTSTK,MARICO,25-Aug-2016,195,CE,0,0,0,62.85,105.1,0,0,0,0,17-AUG-2016,
OPTSTK,MARICO,25-Aug-2016,200,CE,0,0,0,58.2,100.1,0,0,0,0,17-AUG-2016,
OPTSTK,MARICO,25-Aug-2016,205,CE,0,0,0,53.65,95.15,0,0,0,0,17-AUG-2016,
OPTSTK,MARICO,25-Aug-2016,210,CE,0,0,0,49.25,90.15,0,0,0,0,17-AUG-2016,
OPTSTK,MARICO,25-Aug-2016,215,CE,0,0,0,44.95,85.15,0,0,0,0,17-AUG-2016,
OPTSTK,MARICO,25-Aug-2016,220,CE,0,0,0,40.85,80.15,0,0,0,0,17-AUG-2016,
OPTSTK,MARICO,25-Aug-2016,225,CE,0,0,0,36.9,75.15,0,0,0,0,17-AUG-2016,
OPTSTK,MARICO,25-Aug-2016,230,CE,0,0,0,33.2,70.15,0,0,0,0,17-AUG-2016,
OPTSTK,MARICO,25-Aug-2016,235,CE,0,0,0,29.65,65.15,0,0,0,0,17-AUG-2016,
OPTSTK,MARICO,25-Aug-2016,240,CE,0,0,0,26.35,60.2,0,0,0,0,17-AUG-2016,
OPTSTK,MARICO,25-Aug-2016,245,CE,0,0,0,23.3,55.2,0,0,0,0,17-AUG-2016,
OPTSTK,MARICO,25-Aug-2016,250,CE,0,0,0,20.5,50.2,0,0,0,0,17-AUG-2016,
OPTSTK,MARICO,25-Aug-2016,255,CE,0,0,0,17.9,45.2,0,0,0,0,17-AUG-2016,
OPTSTK,MARICO,25-Aug-2016,260,CE,0,0,0,21.9,40.2,0,0,2600,0,17-AUG-2016,
OPTSTK,MARICO,25-Aug-2016,265,CE,0,0,0,13.45,35.25,0,0,0,0,17-AUG-2016,
OPTSTK,MARICO,25-Aug-2016,270,CE,0,0,0,11.6,30.25,0,0,0,0,17-AUG-2016,
OPTSTK,MARICO,25-Aug-2016,275,CE,0,0,0,10.9,25.35,0,0,39000,0,17-AUG-2016,
OPTSTK,MARICO,25-Aug-2016,280,CE,0,0,0,13,20.55,0,0,0,0,17-AUG-2016,
OPTSTK,MARICO,25-Aug-2016,285,CE,0,0,0,21.55,16.05,0,0,36400,0,17-AUG-2016,
OPTSTK,MARICO,25-Aug-2016,290,CE,9.6,11.35,9.6,11.35,11.35,2,15.62,26000,-5200,17-AUG-2016,
OPTSTK,MARICO,25-Aug-2016,295,CE,0,0,0,4.1,8.35,0,0,10400,0,17-AUG-2016,
OPTSTK,MARICO,25-Aug-2016,300,CE,4.5,6.4,3.15,6.15,6.15,19,150.41,127400,7800,17-AUG-2016,
OPTSTK,MARICO,25-Aug-2016,305,CE,2.5,2.5,2.5,2.5,2.5,1,7.99,36400,0,17-AUG-2016,
OPTSTK,MARICO,25-Aug-2016,310,CE,0.95,1.4,0.95,1.4,1.4,2,16.18,54600,-2600,17-AUG-2016,
OPTSTK,MARICO,25-Aug-2016,315,CE,0,0,0,2,1.05,0,0,2600,0,17-AUG-2016,
OPTSTK,MARICO,25-Aug-2016,320,CE,0.8,0.8,0.8,0.8,0.8,1,8.34,75400,0,17-AUG-2016,
OPTSTK,MARICO,25-Aug-2016,325,CE,0,0,0,1.6,0.25,0,0,0,0,17-AUG-2016,
OPTSTK,MARICO,25-Aug-2016,330,CE,0,0,0,1.3,0.1,0,0,0,0,17-AUG-2016,
OPTSTK,MARICO,25-Aug-2016,335,CE,0,0,0,1.05,0.05,0,0,0,0,17-AUG-2016,
OPTSTK,MARICO,25-Aug-2016,340,CE,0,0,0,0.85,0.05,0,0,0,0,17-AUG-2016,
OPTSTK,MARICO,25-Aug-2016,345,CE,0,0,0,0.7,0,0,0,0,0,17-AUG-2016,
OPTSTK,MARICO,25-Aug-2016,350,CE,0,0,0,0.55,0,0,0,0,0,17-AUG-2016,
OPTSTK,MARICO,25-Aug-2016,155,PE,0,0,0,0.05,0,0,0,0,0,17-AUG-2016,
OPTSTK,MARICO,25-Aug-2016,160,PE,0,0,0,0.05,0,0,0,0,0,17-AUG-2016,
OPTSTK,MARICO,25-Aug-2016,165,PE,0,0,0,0.05,0,0,0,0,0,17-AUG-2016,
OPTSTK,MARICO,25-Aug-2016,170,PE,0,0,0,0.05,0,0,0,0,0,17-AUG-2016,
OPTSTK,MARICO,25-Aug-2016,175,PE,0,0,0,0.1,0,0,0,0,0,17-AUG-2016,
OPTSTK,MARICO,25-Aug-2016,180,PE,0,0,0,0.15,0,0,0,0,0,17-AUG-2016,
OPTSTK,MARICO,25-Aug-2016,185,PE,0,0,0,0.25,0,0,0,0,0,17-AUG-2016,
OPTSTK,MARICO,25-Aug-2016,190,PE,0,0,0,0.4,0,0,0,0,0,17-AUG-2016,
OPTSTK,MARICO,25-Aug-2016,195,PE,0,0,0,0.6,0,0,0,0,0,17-AUG-2016,
OPTSTK,MARICO,25-Aug-2016,200,PE,0,0,0,0.9,0,0,0,0,0,17-AUG-2016,
OPTSTK,MARICO,25-Aug-2016,205,PE,0,0,0,1.25,0,0,0,0,0,17-AUG-2016,
OPTSTK,MARICO,25-Aug-2016,210,PE,0,0,0,1.75,0,0,0,0,0,17-AUG-2016,
OPTSTK,MARICO,25-Aug-2016,215,PE,0,0,0,2.4,0,0,0,0,0,17-AUG-2016,
OPTSTK,MARICO,25-Aug-2016,220,PE,0,0,0,3.2,0,0,0,0,0,17-AUG-2016,
OPTSTK,MARICO,25-Aug-2016,225,PE,0,0,0,4.15,0,0,0,0,0,17-AUG-2016,
OPTSTK,MARICO,25-Aug-2016,230,PE,0,0,0,5.35,0,0,0,0,0,17-AUG-2016,
OPTSTK,MARICO,25-Aug-2016,235,PE,0,0,0,6.7,0,0,0,0,0,17-AUG-2016,
OPTSTK,MARICO,25-Aug-2016,240,PE,0,0,0,8.35,0,0,0,0,0,17-AUG-2016,
OPTSTK,MARICO,25-Aug-2016,245,PE,0,0,0,10.2,0,0,0,0,0,17-AUG-2016,
OPTSTK,MARICO,25-Aug-2016,250,PE,0,0,0,12.25,0,0,0,0,0,17-AUG-2016,
OPTSTK,MARICO,25-Aug-2016,255,PE,0,0,0,14.6,0,0,0,0,0,17-AUG-2016,
OPTSTK,MARICO,25-Aug-2016,260,PE,0,0,0,17.2,0,0,0,0,0,17-AUG-2016,
OPTSTK,MARICO,25-Aug-2016,265,PE,0,0,0,20,0.05,0,0,0,0,17-AUG-2016,
OPTSTK,MARICO,25-Aug-2016,270,PE,0,0,0,0.3,0.05,0,0,26000,0,17-AUG-2016,
OPTSTK,MARICO,25-Aug-2016,275,PE,0,0,0,2.3,0.15,0,0,18200,0,17-AUG-2016,
OPTSTK,MARICO,25-Aug-2016,280,PE,0.15,0.15,0.15,0.15,0.15,1,7.28,44200,0,17-AUG-2016,
OPTSTK,MARICO,25-Aug-2016,285,PE,0,0,0,5,0.8,0,0,7800,0,17-AUG-2016,
OPTSTK,MARICO,25-Aug-2016,290,PE,1.7,1.7,1.7,1.7,1.7,1,7.58,23400,-2600,17-AUG-2016,
OPTSTK,MARICO,25-Aug-2016,295,PE,0,0,0,41.05,3.1,0,0,0,0,17-AUG-2016,
OPTSTK,MARICO,25-Aug-2016,300,PE,8.5,8.5,8.5,8.5,8.5,1,8.02,15600,0,17-AUG-2016,
OPTSTK,MARICO,25-Aug-2016,305,PE,0,0,0,49.3,8.15,0,0,0,0,17-AUG-2016,
OPTSTK,MARICO,25-Aug-2016,310,PE,0,0,0,53.65,11.65,0,0,0,0,17-AUG-2016,
OPTSTK,MARICO,25-Aug-2016,315,PE,0,0,0,58.05,15.75,0,0,0,0,17-AUG-2016,
OPTSTK,MARICO,25-Aug-2016,320,PE,0,0,0,62.5,20.25,0,0,0,0,17-AUG-2016,
OPTSTK,MARICO,25-Aug-2016,325,PE,0,0,0,67.05,24.95,0,0,0,0,17-AUG-2016,
OPTSTK,MARICO,25-Aug-2016,330,PE,0,0,0,71.7,29.8,0,0,0,0,17-AUG-2016,
OPTSTK,MARICO,25-Aug-2016,335,PE,0,0,0,76.35,34.75,0,0,0,0,17-AUG-2016,
OPTSTK,MARICO,25-Aug-2016,340,PE,0,0,0,81.05,39.7,0,0,0,0,17-AUG-2016,
OPTSTK,MARICO,25-Aug-2016,345,PE,0,0,0,85.8,44.7,0,0,0,0,17-AUG-2016,
OPTSTK,MARICO,25-Aug-2016,350,PE,0,0,0,90.55,49.7,0,0,0,0,17-AUG-2016,
OPTSTK,MARICO,29-Sep-2016,165,CE,0,0,0,101.55,136.15,0,0,0,0,17-AUG-2016,
OPTSTK,MARICO,29-Sep-2016,170,CE,0,0,0,96.6,131.2,0,0,0,0,17-AUG-2016,
OPTSTK,MARICO,29-Sep-2016,175,CE,0,0,0,91.7,126.25,0,0,0,0,17-AUG-2016,
OPTSTK,MARICO,29-Sep-2016,180,CE,0,0,0,86.8,121.3,0,0,0,0,17-AUG-2016,
OPTSTK,MARICO,29-Sep-2016,185,CE,0,0,0,81.9,116.3,0,0,0,0,17-AUG-2016,
OPTSTK,MARICO,29-Sep-2016,190,CE,0,0,0,77,111.35,0,0,0,0,17-AUG-2016,
OPTSTK,MARICO,29-Sep-2016,195,CE,0,0,0,72.1,106.4,0,0,0,0,17-AUG-2016,
OPTSTK,MARICO,29-Sep-2016,200,CE,0,0,0,67.2,101.45,0,0,0,0,17-AUG-2016,
OPTSTK,MARICO,29-Sep-2016,205,CE,0,0,0,62.35,96.5,0,0,0,0,17-AUG-2016,
OPTSTK,MARICO,29-Sep-2016,210,CE,0,0,0,57.55,91.5,0,0,0,0,17-AUG-2016,
OPTSTK,MARICO,29-Sep-2016,215,CE,0,0,0,52.75,86.55,0,0,0,0,17-AUG-2016,
OPTSTK,MARICO,29-Sep-2016,220,CE,0,0,0,48.05,81.6,0,0,0,0,17-AUG-2016,
OPTSTK,MARICO,29-Sep-2016,225,CE,0,0,0,43.45,76.65,0,0,0,0,17-AUG-2016,
OPTSTK,MARICO,29-Sep-2016,230,CE,0,0,0,39,71.7,0,0,0,0,17-AUG-2016,
OPTSTK,MARICO,29-Sep-2016,235,CE,0,0,0,34.7,66.8,0,0,0,0,17-AUG-2016,
OPTSTK,MARICO,29-Sep-2016,240,CE,0,0,0,30.6,61.9,0,0,0,0,17-AUG-2016,
OPTSTK,MARICO,29-Sep-2016,245,CE,0,0,0,26.75,57.05,0,0,0,0,17-AUG-2016,
OPTSTK,MARICO,29-Sep-2016,250,CE,0,0,0,23.15,52.25,0,0,0,0,17-AUG-2016,
OPTSTK,MARICO,29-Sep-2016,255,CE,0,0,0,19.85,47.5,0,0,0,0,17-AUG-2016,
OPTSTK,MARICO,29-Sep-2016,260,CE,0,0,0,16.8,42.9,0,0,0,0,17-AUG-2016,
OPTSTK,MARICO,29-Sep-2016,265,CE,0,0,0,14.1,38.4,0,0,0,0,17-AUG-2016,
OPTSTK,MARICO,29-Sep-2016,270,CE,0,0,0,11.75,34.1,0,0,0,0,17-AUG-2016,
OPTSTK,MARICO,29-Sep-2016,275,CE,0,0,0,9.65,30,0,0,0,0,17-AUG-2016,
OPTSTK,MARICO,29-Sep-2016,280,CE,0,0,0,7.85,26.15,0,0,0,0,17-AUG-2016,
OPTSTK,MARICO,29-Sep-2016,285,CE,0,0,0,6.3,22.55,0,0,0,0,17-AUG-2016,
OPTSTK,MARICO,29-Sep-2016,290,CE,0,0,0,5.05,19.25,0,0,0,0,17-AUG-2016,
OPTSTK,MARICO,29-Sep-2016,295,CE,0,0,0,3.95,16.25,0,0,0,0,17-AUG-2016,
OPTSTK,MARICO,29-Sep-2016,300,CE,0,0,0,7,13.55,0,0,2600,0,17-AUG-2016,
OPTSTK,MARICO,29-Sep-2016,305,CE,0,0,0,2.4,11.2,0,0,0,0,17-AUG-2016,
OPTSTK,MARICO,29-Sep-2016,310,CE,0,0,0,1.85,9.15,0,0,0,0,17-AUG-2016,
OPTSTK,MARICO,29-Sep-2016,315,CE,0,0,0,1.4,7.4,0,0,0,0,17-AUG-2016,
OPTSTK,MARICO,29-Sep-2016,320,CE,0,0,0,1.05,5.9,0,0,0,0,17-AUG-2016,
OPTSTK,MARICO,29-Sep-2016,325,CE,0,0,0,0.8,4.65,0,0,0,0,17-AUG-2016,
OPTSTK,MARICO,29-Sep-2016,330,CE,0,0,0,0.6,3.65,0,0,0,0,17-AUG-2016,
OPTSTK,MARICO,29-Sep-2016,335,CE,0,0,0,0.45,2.8,0,0,0,0,17-AUG-2016,
OPTSTK,MARICO,29-Sep-2016,340,CE,0,0,0,0.3,2.15,0,0,0,0,17-AUG-2016,
OPTSTK,MARICO,29-Sep-2016,345,CE,0,0,0,0.25,1.65,0,0,0,0,17-AUG-2016,
OPTSTK,MARICO,29-Sep-2016,350,CE,0,0,0,0.2,1.25,0,0,0,0,17-AUG-2016,
OPTSTK,MARICO,29-Sep-2016,165,PE,0,0,0,0.05,0,0,0,0,0,17-AUG-2016,
OPTSTK,MARICO,29-Sep-2016,170,PE,0,0,0,0.05,0,0,0,0,0,17-AUG-2016,
OPTSTK,MARICO,29-Sep-2016,175,PE,0,0,0,0.05,0,0,0,0,0,17-AUG-2016,
OPTSTK,MARICO,29-Sep-2016,180,PE,0,0,0,0.05,0,0,0,0,0,17-AUG-2016,
OPTSTK,MARICO,29-Sep-2016,185,PE,0,0,0,0.05,0,0,0,0,0,17-AUG-2016,
OPTSTK,MARICO,29-Sep-2016,190,PE,0,0,0,0.05,0,0,0,0,0,17-AUG-2016,
OPTSTK,MARICO,29-Sep-2016,195,PE,0,0,0,0.05,0,0,0,0,0,17-AUG-2016,
OPTSTK,MARICO,29-Sep-2016,200,PE,0,0,0,0.1,0,0,0,0,0,17-AUG-2016,
OPTSTK,MARICO,29-Sep-2016,205,PE,0,0,0,0.15,0,0,0,0,0,17-AUG-2016,
OPTSTK,MARICO,29-Sep-2016,210,PE,0,0,0,0.2,0,0,0,0,0,17-AUG-2016,
OPTSTK,MARICO,29-Sep-2016,215,PE,0,0,0,0.35,0,0,0,0,0,17-AUG-2016,
OPTSTK,MARICO,29-Sep-2016,220,PE,0,0,0,0.55,0.05,0,0,0,0,17-AUG-2016,
OPTSTK,MARICO,29-Sep-2016,225,PE,0,0,0,0.9,0.05,0,0,0,0,17-AUG-2016,
OPTSTK,MARICO,29-Sep-2016,230,PE,0,0,0,1.35,0.05,0,0,0,0,17-AUG-2016,
OPTSTK,MARICO,29-Sep-2016,235,PE,0,0,0,1.95,0.1,0,0,0,0,17-AUG-2016,
OPTSTK,MARICO,29-Sep-2016,240,PE,0,0,0,2.8,0.15,0,0,0,0,17-AUG-2016,
OPTSTK,MARICO,29-Sep-2016,245,PE,0,0,0,3.85,0.25,0,0,0,0,17-AUG-2016,
OPTSTK,MARICO,29-Sep-2016,250,PE,0,0,0,5.15,0.4,0,0,0,0,17-AUG-2016,
OPTSTK,MARICO,29-Sep-2016,255,PE,0,0,0,6.75,0.65,0,0,0,0,17-AUG-2016,
OPTSTK,MARICO,29-Sep-2016,260,PE,0,0,0,8.65,1,0,0,0,0,17-AUG-2016,
OPTSTK,MARICO,29-Sep-2016,265,PE,0,0,0,10.85,1.45,0,0,0,0,17-AUG-2016,
OPTSTK,MARICO,29-Sep-2016,270,PE,0,0,0,13.35,2.1,0,0,0,0,17-AUG-2016,
OPTSTK,MARICO,29-Sep-2016,275,PE,0,0,0,16.2,2.95,0,0,0,0,17-AUG-2016,
OPTSTK,MARICO,29-Sep-2016,280,PE,0,0,0,19.3,4.05,0,0,0,0,17-AUG-2016,
OPTSTK,MARICO,29-Sep-2016,285,PE,0,0,0,22.7,5.4,0,0,0,0,17-AUG-2016,
OPTSTK,MARICO,29-Sep-2016,290,PE,0,0,0,26.3,7.1,0,0,0,0,17-AUG-2016,
OPTSTK,MARICO,29-Sep-2016,295,PE,0,0,0,30.15,9.05,0,0,0,0,17-AUG-2016,
OPTSTK,MARICO,29-Sep-2016,300,PE,0,0,0,34.2,11.3,0,0,0,0,17-AUG-2016,
OPTSTK,MARICO,29-Sep-2016,305,PE,0,0,0,38.4,13.9,0,0,0,0,17-AUG-2016,
OPTSTK,MARICO,29-Sep-2016,310,PE,0,0,0,42.75,16.85,0,0,0,0,17-AUG-2016,
OPTSTK,MARICO,29-Sep-2016,315,PE,0,0,0,47.25,20.05,0,0,0,0,17-AUG-2016,
OPTSTK,MARICO,29-Sep-2016,320,PE,0,0,0,51.8,23.5,0,0,0,0,17-AUG-2016,
OPTSTK,MARICO,29-Sep-2016,325,PE,0,0,0,56.45,27.25,0,0,0,0,17-AUG-2016,
OPTSTK,MARICO,29-Sep-2016,330,PE,0,0,0,61.15,31.15,0,0,0,0,17-AUG-2016,
OPTSTK,MARICO,29-Sep-2016,335,PE,0,0,0,65.9,35.3,0,0,0,0,17-AUG-2016,
OPTSTK,MARICO,29-Sep-2016,340,PE,0,0,0,70.7,39.6,0,0,0,0,17-AUG-2016,
OPTSTK,MARICO,29-Sep-2016,345,PE,0,0,0,75.55,44.05,0,0,0,0,17-AUG-2016,
OPTSTK,MARICO,29-Sep-2016,350,PE,0,0,0,80.4,48.6,0,0,0,0,17-AUG-2016,
OPTSTK,MARICO,27-Oct-2016,185,CE,0,0,0,101.5,117.3,0,0,0,0,17-AUG-2016,
OPTSTK,MARICO,27-Oct-2016,190,CE,0,0,0,96.6,112.35,0,0,0,0,17-AUG-2016,
OPTSTK,MARICO,27-Oct-2016,195,CE,0,0,0,91.7,107.4,0,0,0,0,17-AUG-2016,
OPTSTK,MARICO,27-Oct-2016,200,CE,0,0,0,86.8,102.5,0,0,0,0,17-AUG-2016,
OPTSTK,MARICO,27-Oct-2016,205,CE,0,0,0,81.95,97.55,0,0,0,0,17-AUG-2016,
OPTSTK,MARICO,27-Oct-2016,210,CE,0,0,0,77.1,92.65,0,0,0,0,17-AUG-2016,
OPTSTK,MARICO,27-Oct-2016,215,CE,0,0,0,72.25,87.75,0,0,0,0,17-AUG-2016,
OPTSTK,MARICO,27-Oct-2016,220,CE,0,0,0,67.5,82.85,0,0,0,0,17-AUG-2016,
OPTSTK,MARICO,27-Oct-2016,225,CE,0,0,0,62.8,77.95,0,0,0,0,17-AUG-2016,
OPTSTK,MARICO,27-Oct-2016,230,CE,0,0,0,58.15,73.1,0,0,0,0,17-AUG-2016,
OPTSTK,MARICO,27-Oct-2016,235,CE,0,0,0,53.6,68.3,0,0,0,0,17-AUG-2016,
OPTSTK,MARICO,27-Oct-2016,240,CE,0,0,0,49.2,63.6,0,0,0,0,17-AUG-2016,
OPTSTK,MARICO,27-Oct-2016,245,CE,0,0,0,44.9,58.9,0,0,0,0,17-AUG-2016,
OPTSTK,MARICO,27-Oct-2016,250,CE,0,0,0,40.75,54.3,0,0,0,0,17-AUG-2016,
OPTSTK,MARICO,27-Oct-2016,255,CE,0,0,0,36.8,49.85,0,0,0,0,17-AUG-2016,
OPTSTK,MARICO,27-Oct-2016,260,CE,0,0,0,33.05,45.5,0,0,0,0,17-AUG-2016,
OPTSTK,MARICO,27-Oct-2016,265,CE,0,0,0,29.5,41.35,0,0,0,0,17-AUG-2016,
OPTSTK,MARICO,27-Oct-2016,270,CE,0,0,0,26.2,37.35,0,0,0,0,17-AUG-2016,
OPTSTK,MARICO,27-Oct-2016,275,CE,0,0,0,23.1,33.5,0,0,0,0,17-AUG-2016,
OPTSTK,MARICO,27-Oct-2016,280,CE,0,0,0,20.25,29.9,0,0,0,0,17-AUG-2016,
OPTSTK,MARICO,27-Oct-2016,285,CE,0,0,0,17.65,26.55,0,0,0,0,17-AUG-2016,
OPTSTK,MARICO,27-Oct-2016,290,CE,0,0,0,15.3,23.4,0,0,0,0,17-AUG-2016,
OPTSTK,MARICO,27-Oct-2016,295,CE,0,0,0,13.2,20.5,0,0,0,0,17-AUG-2016,
OPTSTK,MARICO,27-Oct-2016,300,CE,0,0,0,11.3,17.85,0,0,0,0,17-AUG-2016,
OPTSTK,MARICO,27-Oct-2016,305,CE,0,0,0,9.65,15.45,0,0,0,0,17-AUG-2016,
OPTSTK,MARICO,27-Oct-2016,310,CE,0,0,0,8.15,13.3,0,0,0,0,17-AUG-2016,
OPTSTK,MARICO,27-Oct-2016,315,CE,0,0,0,6.9,11.35,0,0,0,0,17-AUG-2016,
OPTSTK,MARICO,27-Oct-2016,320,CE,0,0,0,5.75,9.65,0,0,0,0,17-AUG-2016,
OPTSTK,MARICO,27-Oct-2016,325,CE,0,0,0,4.8,8.15,0,0,0,0,17-AUG-2016,
OPTSTK,MARICO,27-Oct-2016,330,CE,0,0,0,4,6.85,0,0,0,0,17-AUG-2016,
OPTSTK,MARICO,27-Oct-2016,335,CE,0,0,0,3.3,5.75,0,0,0,0,17-AUG-2016,
OPTSTK,MARICO,27-Oct-2016,340,CE,0,0,0,2.7,4.75,0,0,0,0,17-AUG-2016,
OPTSTK,MARICO,27-Oct-2016,345,CE,0,0,0,2.2,3.95,0,0,0,0,17-AUG-2016,
OPTSTK,MARICO,27-Oct-2016,350,CE,0,0,0,1.8,3.25,0,0,0,0,17-AUG-2016,
OPTSTK,MARICO,27-Oct-2016,185,PE,0,0,0,0.05,0,0,0,0,0,17-AUG-2016,
OPTSTK,MARICO,27-Oct-2016,190,PE,0,0,0,0.05,0,0,0,0,0,17-AUG-2016,
OPTSTK,MARICO,27-Oct-2016,195,PE,0,0,0,0.05,0,0,0,0,0,17-AUG-2016,
OPTSTK,MARICO,27-Oct-2016,200,PE,0,0,0,0.1,0.05,0,0,0,0,17-AUG-2016,
OPTSTK,MARICO,27-Oct-2016,205,PE,0,0,0,0.1,0.05,0,0,0,0,17-AUG-2016,
OPTSTK,MARICO,27-Oct-2016,210,PE,0,0,0,0.2,0.05,0,0,0,0,17-AUG-2016,
OPTSTK,MARICO,27-Oct-2016,215,PE,0,0,0,0.25,0.05,0,0,0,0,17-AUG-2016,
OPTSTK,MARICO,27-Oct-2016,220,PE,0,0,0,0.4,0.1,0,0,0,0,17-AUG-2016,
OPTSTK,MARICO,27-Oct-2016,225,PE,0,0,0,0.6,0.15,0,0,0,0,17-AUG-2016,
OPTSTK,MARICO,27-Oct-2016,230,PE,0,0,0,0.9,0.25,0,0,0,0,17-AUG-2016,
OPTSTK,MARICO,27-Oct-2016,235,PE,0,0,0,1.25,0.4,0,0,0,0,17-AUG-2016,
OPTSTK,MARICO,27-Oct-2016,240,PE,0,0,0,1.75,0.6,0,0,0,0,17-AUG-2016,
OPTSTK,MARICO,27-Oct-2016,245,PE,0,0,0,2.4,0.85,0,0,0,0,17-AUG-2016,
OPTSTK,MARICO,27-Oct-2016,250,PE,0,0,0,3.15,1.2,0,0,0,0,17-AUG-2016,
OPTSTK,MARICO,27-Oct-2016,255,PE,0,0,0,4.1,1.65,0,0,0,0,17-AUG-2016,
OPTSTK,MARICO,27-Oct-2016,260,PE,0,0,0,5.3,2.25,0,0,0,0,17-AUG-2016,
OPTSTK,MARICO,27-Oct-2016,265,PE,0,0,0,6.65,3,0,0,0,0,17-AUG-2016,
OPTSTK,MARICO,27-Oct-2016,270,PE,0,0,0,8.25,3.95,0,0,0,0,17-AUG-2016,
OPTSTK,MARICO,27-Oct-2016,275,PE,0,0,0,10.1,5.05,0,0,0,0,17-AUG-2016,
OPTSTK,MARICO,27-Oct-2016,280,PE,0,0,0,12.15,6.4,0,0,0,0,17-AUG-2016,
OPTSTK,MARICO,27-Oct-2016,285,PE,0,0,0,14.45,7.95,0,0,0,0,17-AUG-2016,
OPTSTK,MARICO,27-Oct-2016,290,PE,0,0,0,17.05,9.75,0,0,0,0,17-AUG-2016,
OPTSTK,MARICO,27-Oct-2016,295,PE,0,0,0,19.85,11.8,0,0,0,0,17-AUG-2016,
OPTSTK,MARICO,27-Oct-2016,300,PE,0,0,0,22.85,14.05,0,0,0,0,17-AUG-2016,
OPTSTK,MARICO,27-Oct-2016,305,PE,0,0,0,26.1,16.6,0,0,0,0,17-AUG-2016,
OPTSTK,MARICO,27-Oct-2016,310,PE,0,0,0,29.55,19.35,0,0,0,0,17-AUG-2016,
OPTSTK,MARICO,27-Oct-2016,315,PE,0,0,0,33.15,22.35,0,0,0,0,17-AUG-2016,
OPTSTK,MARICO,27-Oct-2016,320,PE,0,0,0,37,25.6,0,0,0,0,17-AUG-2016,
OPTSTK,MARICO,27-Oct-2016,325,PE,0,0,0,40.9,29.05,0,0,0,0,17-AUG-2016,
OPTSTK,MARICO,27-Oct-2016,330,PE,0,0,0,45,32.65,0,0,0,0,17-AUG-2016,
OPTSTK,MARICO,27-Oct-2016,335,PE,0,0,0,49.25,36.45,0,0,0,0,17-AUG-2016,
OPTSTK,MARICO,27-Oct-2016,340,PE,0,0,0,53.55,40.4,0,0,0,0,17-AUG-2016,
OPTSTK,MARICO,27-Oct-2016,345,PE,0,0,0,58,44.55,0,0,0,0,17-AUG-2016,
OPTSTK,MARICO,27-Oct-2016,350,PE,0,0,0,62.5,48.75,0,0,0,0,17-AUG-2016,
OPTSTK,MARUTI,25-Aug-2016,3100,CE,0,0,0,1650.1,1794.5,0,0,1050,0,17-AUG-2016,
OPTSTK,MARUTI,25-Aug-2016,3150,CE,0,0,0,1031.45,1744.6,0,0,0,0,17-AUG-2016,
OPTSTK,MARUTI,25-Aug-2016,3200,CE,0,0,0,984.5,1694.65,0,0,0,0,17-AUG-2016,
OPTSTK,MARUTI,25-Aug-2016,3250,CE,0,0,0,938.05,1644.75,0,0,0,0,17-AUG-2016,
OPTSTK,MARUTI,25-Aug-2016,3300,CE,0,0,0,892.2,1594.8,0,0,0,0,17-AUG-2016,
OPTSTK,MARUTI,25-Aug-2016,3350,CE,0,0,0,847,1544.9,0,0,0,0,17-AUG-2016,
OPTSTK,MARUTI,25-Aug-2016,3400,CE,0,0,0,802.5,1494.95,0,0,0,0,17-AUG-2016,
OPTSTK,MARUTI,25-Aug-2016,3450,CE,0,0,0,758.9,1445.05,0,0,0,0,17-AUG-2016,
OPTSTK,MARUTI,25-Aug-2016,3500,CE,0,0,0,1220,1395.1,0,0,600,0,17-AUG-2016,
OPTSTK,MARUTI,25-Aug-2016,3550,CE,0,0,0,674.4,1345.2,0,0,0,0,17-AUG-2016,
OPTSTK,MARUTI,25-Aug-2016,3600,CE,0,0,0,1040,1295.25,0,0,150,0,17-AUG-2016,
OPTSTK,MARUTI,25-Aug-2016,3650,CE,0,0,0,594.3,1245.35,0,0,0,0,17-AUG-2016,
OPTSTK,MARUTI,25-Aug-2016,3700,CE,0,0,0,1066,1195.4,0,0,1950,0,17-AUG-2016,
OPTSTK,MARUTI,25-Aug-2016,3750,CE,0,0,0,700,1145.5,0,0,150,0,17-AUG-2016,
OPTSTK,MARUTI,25-Aug-2016,3800,CE,0,0,0,774,1095.55,0,0,1500,0,17-AUG-2016,
OPTSTK,MARUTI,25-Aug-2016,3850,CE,0,0,0,449.2,1045.65,0,0,0,0,17-AUG-2016,
OPTSTK,MARUTI,25-Aug-2016,3900,CE,0,0,0,848.95,995.7,0,0,900,0,17-AUG-2016,
OPTSTK,MARUTI,25-Aug-2016,3950,CE,0,0,0,385.3,945.8,0,0,0,0,17-AUG-2016,
OPTSTK,MARUTI,25-Aug-2016,4000,CE,0,0,0,1016.95,895.85,0,0,3150,0,17-AUG-2016,
OPTSTK,MARUTI,25-Aug-2016,4050,CE,0,0,0,445,845.95,0,0,750,0,17-AUG-2016,
OPTSTK,MARUTI,25-Aug-2016,4100,CE,0,0,0,663.7,796,0,0,1650,0,17-AUG-2016,
OPTSTK,MARUTI,25-Aug-2016,4150,CE,0,0,0,724,746.1,0,0,0,0,17-AUG-2016,
OPTSTK,MARUTI,25-Aug-2016,4200,CE,0,0,0,672,696.15,0,0,1800,0,17-AUG-2016,
OPTSTK,MARUTI,25-Aug-2016,4250,CE,0,0,0,762,646.25,0,0,0,0,17-AUG-2016,
OPTSTK,MARUTI,25-Aug-2016,4300,CE,0,0,0,701.35,596.4,0,0,2100,0,17-AUG-2016,
OPTSTK,MARUTI,25-Aug-2016,4350,CE,0,0,0,672,546.6,0,0,0,0,17-AUG-2016,
OPTSTK,MARUTI,25-Aug-2016,4400,CE,0,0,0,615,496.9,0,0,4650,0,17-AUG-2016,
OPTSTK,MARUTI,25-Aug-2016,4450,CE,0,0,0,525,447.55,0,0,600,0,17-AUG-2016,
OPTSTK,MARUTI,25-Aug-2016,4500,CE,401,401,401,401,401,1,7.35,4800,0,17-AUG-2016,
OPTSTK,MARUTI,25-Aug-2016,4550,CE,0,0,0,347,350.6,0,0,5400,0,17-AUG-2016,
OPTSTK,MARUTI,25-Aug-2016,4600,CE,305,324.35,303,305.7,305.7,7,51.55,12000,-600,17-AUG-2016,
OPTSTK,MARUTI,25-Aug-2016,4650,CE,0,0,0,251.25,258.8,0,0,4950,0,17-AUG-2016,
OPTSTK,MARUTI,25-Aug-2016,4700,CE,216,216,214,214,214,6,44.23,11400,-450,17-AUG-2016,
OPTSTK,MARUTI,25-Aug-2016,4750,CE,176.5,176.5,176.5,176.5,176.5,1,7.38,7350,0,17-AUG-2016,
OPTSTK,MARUTI,25-Aug-2016,4800,CE,117.85,134.15,117.85,124.85,124.85,21,155.29,70200,-600,17-AUG-2016,
OPTSTK,MARUTI,25-Aug-2016,4850,CE,85.95,114.6,85.95,100.05,100.05,128,950.64,10350,-300,17-AUG-2016,
OPTSTK,MARUTI,25-Aug-2016,4900,CE,63.45,86,61.3,73.4,73.4,912,6805.72,89700,-2550,17-AUG-2016,
OPTSTK,MARUTI,25-Aug-2016,4950,CE,44.3,62.15,44.3,52.55,52.55,466,3497.79,39150,750,17-AUG-2016,
OPTSTK,MARUTI,25-Aug-2016,5000,CE,30.3,44.25,30,36.85,36.85,1383,10451.28,225150,-2700,17-AUG-2016,
OPTSTK,MARUTI,25-Aug-2016,5050,CE,24.25,30.85,22.7,25.4,25.4,132,1005.1,30000,0,17-AUG-2016,
OPTSTK,MARUTI,25-Aug-2016,5100,CE,14.65,22,14.2,18.05,18.05,539,4138.6,141150,-6900,17-AUG-2016,
OPTSTK,MARUTI,25-Aug-2016,5150,CE,12.05,15,11.3,12.55,12.55,138,1068.78,20550,3750,17-AUG-2016,
OPTSTK,MARUTI,25-Aug-2016,5200,CE,8,11.55,7.7,9.15,9.15,404,3156.88,130950,-2550,17-AUG-2016,
OPTSTK,MARUTI,25-Aug-2016,5250,CE,6,7,5.85,6,6,16,126.15,25200,150,17-AUG-2016,
OPTSTK,MARUTI,25-Aug-2016,5300,CE,4.45,5.8,4.4,4.85,4.85,127,1010.6,87750,-3900,17-AUG-2016,
OPTSTK,MARUTI,25-Aug-2016,5350,CE,4,4,4,4,4,2,16.06,11400,150,17-AUG-2016,
OPTSTK,MARUTI,25-Aug-2016,5400,CE,2.65,3,2.65,2.75,2.75,12,97.25,14250,0,17-AUG-2016,
OPTSTK,MARUTI,25-Aug-2016,5450,CE,2.05,2.1,2.05,2.1,2.1,6,49.06,1050,-750,17-AUG-2016,
OPTSTK,MARUTI,25-Aug-2016,5500,CE,2.05,2.05,2,2,2,19,156.8,16350,-2850,17-AUG-2016,
OPTSTK,MARUTI,25-Aug-2016,3100,PE,0,0,0,5.55,0,0,0,0,0,17-AUG-2016,
OPTSTK,MARUTI,25-Aug-2016,3150,PE,0,0,0,7.25,0,0,0,0,0,17-AUG-2016,
OPTSTK,MARUTI,25-Aug-2016,3200,PE,0,0,0,9.45,0,0,0,0,0,17-AUG-2016,
OPTSTK,MARUTI,25-Aug-2016,3250,PE,0,0,0,12.1,0,0,0,0,0,17-AUG-2016,
OPTSTK,MARUTI,25-Aug-2016,3300,PE,0,0,0,15.35,0,0,0,0,0,17-AUG-2016,
OPTSTK,MARUTI,25-Aug-2016,3350,PE,0,0,0,19.25,0,0,0,0,0,17-AUG-2016,
OPTSTK,MARUTI,25-Aug-2016,3400,PE,0,0,0,23.85,0,0,0,0,0,17-AUG-2016,
OPTSTK,MARUTI,25-Aug-2016,3450,PE,0,0,0,29.35,0,0,0,0,0,17-AUG-2016,
OPTSTK,MARUTI,25-Aug-2016,3500,PE,0,0,0,0.05,0,0,0,600,0,17-AUG-2016,
OPTSTK,MARUTI,25-Aug-2016,3550,PE,0,0,0,43.1,0,0,0,0,0,17-AUG-2016,
OPTSTK,MARUTI,25-Aug-2016,3600,PE,0,0,0,51.55,0,0,0,0,0,17-AUG-2016,
OPTSTK,MARUTI,25-Aug-2016,3650,PE,0,0,0,61.15,0,0,0,0,0,17-AUG-2016,
OPTSTK,MARUTI,25-Aug-2016,3700,PE,0,0,0,3.5,0,0,0,450,0,17-AUG-2016,
OPTSTK,MARUTI,25-Aug-2016,3750,PE,0,0,0,84.3,0,0,0,0,0,17-AUG-2016,
OPTSTK,MARUTI,25-Aug-2016,3800,PE,0,0,0,2.6,0,0,0,900,0,17-AUG-2016,
OPTSTK,MARUTI,25-Aug-2016,3850,PE,0,0,0,112.55,0,0,0,0,0,17-AUG-2016,
OPTSTK,MARUTI,25-Aug-2016,3900,PE,0,0,0,6.9,0,0,0,750,0,17-AUG-2016,
OPTSTK,MARUTI,25-Aug-2016,3950,PE,0,0,0,146.85,0,0,0,0,0,17-AUG-2016,
OPTSTK,MARUTI,25-Aug-2016,4000,PE,0,0,0,0.4,0,0,0,5700,0,17-AUG-2016,
OPTSTK,MARUTI,25-Aug-2016,4050,PE,0,0,0,3.2,0,0,0,150,0,17-AUG-2016,
OPTSTK,MARUTI,25-Aug-2016,4100,PE,0,0,0,3,0,0,0,17100,0,17-AUG-2016,
OPTSTK,MARUTI,25-Aug-2016,4150,PE,0,0,0,1,0,0,0,1650,0,17-AUG-2016,
OPTSTK,MARUTI,25-Aug-2016,4200,PE,1.75,1.75,1.75,1.75,1.75,1,6.3,19050,-150,17-AUG-2016,
OPTSTK,MARUTI,25-Aug-2016,4250,PE,0,0,0,2.5,0.05,0,0,4050,0,17-AUG-2016,
OPTSTK,MARUTI,25-Aug-2016,4300,PE,3.75,3.75,3.75,3.75,3.75,1,6.45,44550,-150,17-AUG-2016,
OPTSTK,MARUTI,25-Aug-2016,4350,PE,0,0,0,4.35,0.2,0,0,3900,0,17-AUG-2016,
OPTSTK,MARUTI,25-Aug-2016,4400,PE,3.2,3.95,3.2,3.5,3.5,14,92.47,40800,-900,17-AUG-2016,
OPTSTK,MARUTI,25-Aug-2016,4450,PE,5.3,5.3,2.1,2.1,2.1,6,40.07,10200,-150,17-AUG-2016,
OPTSTK,MARUTI,25-Aug-2016,4500,PE,5.95,5.95,3.2,3.5,3.5,123,830.95,62700,-9450,17-AUG-2016,
OPTSTK,MARUTI,25-Aug-2016,4550,PE,6.5,6.5,4.5,5,5,9,61.5,16350,0,17-AUG-2016,
OPTSTK,MARUTI,25-Aug-2016,4600,PE,9.15,9.15,5.95,6.9,6.9,179,1237.13,73050,3300,17-AUG-2016,
OPTSTK,MARUTI,25-Aug-2016,4650,PE,11.95,11.95,9.25,9.25,9.25,6,41.93,18450,0,17-AUG-2016,
OPTSTK,MARUTI,25-Aug-2016,4700,PE,21.2,21.2,12,14.4,14.4,495,3501.29,80700,-4350,17-AUG-2016,
OPTSTK,MARUTI,25-Aug-2016,4750,PE,29.75,29.95,20,21.55,21.55,158,1131.42,23250,-750,17-AUG-2016,
OPTSTK,MARUTI,25-Aug-2016,4800,PE,44.05,44.05,29,33,33,982,7122.2,102900,2850,17-AUG-2016,
OPTSTK,MARUTI,25-Aug-2016,4850,PE,63.8,63.8,43.5,49.7,49.7,435,3199.32,39450,1800,17-AUG-2016,
OPTSTK,MARUTI,25-Aug-2016,4900,PE,95.5,101,62.2,70.8,70.8,563,4201.35,49050,-4950,17-AUG-2016,
OPTSTK,MARUTI,25-Aug-2016,4950,PE,103.65,111,91.1,105.75,105.75,114,864.11,8850,-750,17-AUG-2016,
OPTSTK,MARUTI,25-Aug-2016,5000,PE,134.2,148.1,129.3,138.5,138.5,12,92.46,17400,-300,17-AUG-2016,
OPTSTK,MARUTI,25-Aug-2016,5050,PE,0,0,0,159.35,183.3,0,0,900,0,17-AUG-2016,
OPTSTK,MARUTI,25-Aug-2016,5100,PE,0,0,0,242.3,223.2,0,0,1500,0,17-AUG-2016,
OPTSTK,MARUTI,25-Aug-2016,5150,PE,0,0,0,943.15,265.95,0,0,0,0,17-AUG-2016,
OPTSTK,MARUTI,25-Aug-2016,5200,PE,0,0,0,325,310.9,0,0,300,0,17-AUG-2016,
OPTSTK,MARUTI,25-Aug-2016,5250,PE,0,0,0,298.45,357.5,0,0,300,0,17-AUG-2016,
OPTSTK,MARUTI,25-Aug-2016,5300,PE,0,0,0,400.05,405.3,0,0,450,0,17-AUG-2016,
OPTSTK,MARUTI,25-Aug-2016,5350,PE,0,0,0,462,453.95,0,0,150,0,17-AUG-2016,
OPTSTK,MARUTI,25-Aug-2016,5400,PE,0,0,0,933.15,503.05,0,0,0,0,17-AUG-2016,
OPTSTK,MARUTI,25-Aug-2016,5450,PE,0,0,0,981.75,552.55,0,0,0,0,17-AUG-2016,
OPTSTK,MARUTI,25-Aug-2016,5500,PE,0,0,0,485,602.2,0,0,600,0,17-AUG-2016,
OPTSTK,MARUTI,29-Sep-2016,3200,CE,0,0,0,1046.8,1715.8,0,0,0,0,17-AUG-2016,
OPTSTK,MARUTI,29-Sep-2016,3250,CE,0,0,0,998.85,1666.2,0,0,0,0,17-AUG-2016,
OPTSTK,MARUTI,29-Sep-2016,3300,CE,0,0,0,951.25,1616.6,0,0,0,0,17-AUG-2016,
OPTSTK,MARUTI,29-Sep-2016,3350,CE,0,0,0,904.05,1567,0,0,0,0,17-AUG-2016,
OPTSTK,MARUTI,29-Sep-2016,3400,CE,0,0,0,857.35,1517.4,0,0,0,0,17-AUG-2016,
OPTSTK,MARUTI,29-Sep-2016,3450,CE,0,0,0,811.25,1467.8,0,0,0,0,17-AUG-2016,
OPTSTK,MARUTI,29-Sep-2016,3500,CE,0,0,0,765.85,1418.25,0,0,0,0,17-AUG-2016,
OPTSTK,MARUTI,29-Sep-2016,3550,CE,0,0,0,721.2,1368.7,0,0,0,0,17-AUG-2016,
OPTSTK,MARUTI,29-Sep-2016,3600,CE,0,0,0,677.5,1319.1,0,0,0,0,17-AUG-2016,
OPTSTK,MARUTI,29-Sep-2016,3650,CE,0,0,0,634.75,1269.6,0,0,0,0,17-AUG-2016,
OPTSTK,MARUTI,29-Sep-2016,3700,CE,0,0,0,593.15,1220.1,0,0,0,0,17-AUG-2016,
OPTSTK,MARUTI,29-Sep-2016,3750,CE,0,0,0,552.75,1170.7,0,0,0,0,17-AUG-2016,
OPTSTK,MARUTI,29-Sep-2016,3800,CE,0,0,0,513.65,1121.3,0,0,0,0,17-AUG-2016,
OPTSTK,MARUTI,29-Sep-2016,3850,CE,0,0,0,475.9,1072.1,0,0,0,0,17-AUG-2016,
OPTSTK,MARUTI,29-Sep-2016,3900,CE,0,0,0,439.8,1023,0,0,0,0,17-AUG-2016,
OPTSTK,MARUTI,29-Sep-2016,3950,CE,0,0,0,404.95,974.05,0,0,0,0,17-AUG-2016,
OPTSTK,MARUTI,29-Sep-2016,4000,CE,0,0,0,371.9,925.4,0,0,0,0,17-AUG-2016,
OPTSTK,MARUTI,29-Sep-2016,4050,CE,0,0,0,340.55,877.1,0,0,0,0,17-AUG-2016,
OPTSTK,MARUTI,29-Sep-2016,4100,CE,0,0,0,310.85,829.15,0,0,0,0,17-AUG-2016,
OPTSTK,MARUTI,29-Sep-2016,4150,CE,0,0,0,282.9,781.75,0,0,0,0,17-AUG-2016,
OPTSTK,MARUTI,29-Sep-2016,4200,CE,0,0,0,256.7,734.9,0,0,0,0,17-AUG-2016,
OPTSTK,MARUTI,29-Sep-2016,4250,CE,0,0,0,170,688.8,0,0,0,0,17-AUG-2016,
OPTSTK,MARUTI,29-Sep-2016,4300,CE,0,0,0,209.35,643.55,0,0,0,0,17-AUG-2016,
OPTSTK,MARUTI,29-Sep-2016,4350,CE,0,0,0,188.2,599.25,0,0,0,0,17-AUG-2016,
OPTSTK,MARUTI,29-Sep-2016,4400,CE,0,0,0,168.7,556.1,0,0,0,0,17-AUG-2016,
OPTSTK,MARUTI,29-Sep-2016,4450,CE,0,0,0,150.7,514.15,0,0,0,0,17-AUG-2016,
OPTSTK,MARUTI,29-Sep-2016,4500,CE,0,0,0,134.25,473.6,0,0,0,0,17-AUG-2016,
OPTSTK,MARUTI,29-Sep-2016,4550,CE,0,0,0,119.25,434.55,0,0,0,0,17-AUG-2016,
OPTSTK,MARUTI,29-Sep-2016,4600,CE,0,0,0,440,397.3,0,0,900,0,17-AUG-2016,
OPTSTK,MARUTI,29-Sep-2016,4650,CE,0,0,0,93.5,361.4,0,0,0,0,17-AUG-2016,
OPTSTK,MARUTI,29-Sep-2016,4700,CE,0,0,0,280,327.55,0,0,900,0,17-AUG-2016,
OPTSTK,MARUTI,29-Sep-2016,4750,CE,0,0,0,72.2,295.6,0,0,0,0,17-AUG-2016,
OPTSTK,MARUTI,29-Sep-2016,4800,CE,0,0,0,63.25,265.65,0,0,0,0,17-AUG-2016,
OPTSTK,MARUTI,29-Sep-2016,4850,CE,0,0,0,55.25,237.65,0,0,0,0,17-AUG-2016,
OPTSTK,MARUTI,29-Sep-2016,4900,CE,160.1,160.1,160.1,160.1,160.1,1,7.59,900,0,17-AUG-2016,
OPTSTK,MARUTI,29-Sep-2016,4950,CE,0,0,0,140,187.65,0,0,300,0,17-AUG-2016,
OPTSTK,MARUTI,29-Sep-2016,5000,CE,110,119,110,119,119,5,38.33,1500,-150,17-AUG-2016,
OPTSTK,MARUTI,29-Sep-2016,5050,CE,0,0,0,108,145.55,0,0,300,0,17-AUG-2016,
OPTSTK,MARUTI,29-Sep-2016,5100,CE,80,84,80,82,82,3,23.31,1650,450,17-AUG-2016,
OPTSTK,MARUTI,29-Sep-2016,5150,CE,0,0,0,23.2,110.8,0,0,0,0,17-AUG-2016,
OPTSTK,MARUTI,29-Sep-2016,5200,CE,60,60,60,60,60,2,15.78,750,0,17-AUG-2016,
OPTSTK,MARUTI,29-Sep-2016,5250,CE,0,0,0,14.6,83.1,0,0,0,0,17-AUG-2016,
OPTSTK,MARUTI,29-Sep-2016,5300,CE,0,0,0,58,71.25,0,0,4950,0,17-AUG-2016,
OPTSTK,MARUTI,29-Sep-2016,5350,CE,0,0,0,19.45,60.95,0,0,0,0,17-AUG-2016,
OPTSTK,MARUTI,29-Sep-2016,5400,CE,0,0,0,29,51.9,0,0,450,0,17-AUG-2016,
OPTSTK,MARUTI,29-Sep-2016,5450,CE,0,0,0,20.45,44,0,0,0,0,17-AUG-2016,
OPTSTK,MARUTI,29-Sep-2016,5500,CE,0,0,0,13.65,37.15,0,0,0,0,17-AUG-2016,
OPTSTK,MARUTI,29-Sep-2016,3200,PE,0,0,0,3.1,0,0,0,0,0,17-AUG-2016,
OPTSTK,MARUTI,29-Sep-2016,3250,PE,0,0,0,4.25,0,0,0,0,0,17-AUG-2016,
OPTSTK,MARUTI,29-Sep-2016,3300,PE,0,0,0,5.75,0,0,0,0,0,17-AUG-2016,
OPTSTK,MARUTI,29-Sep-2016,3350,PE,0,0,0,7.65,0.05,0,0,0,0,17-AUG-2016,
OPTSTK,MARUTI,29-Sep-2016,3400,PE,0,0,0,10.1,0.05,0,0,0,0,17-AUG-2016,
OPTSTK,MARUTI,29-Sep-2016,3450,PE,0,0,0,13.1,0.05,0,0,0,0,17-AUG-2016,
OPTSTK,MARUTI,29-Sep-2016,3500,PE,0,0,0,16.8,0.05,0,0,0,0,17-AUG-2016,
OPTSTK,MARUTI,29-Sep-2016,3550,PE,0,0,0,21.3,0.1,0,0,0,0,17-AUG-2016,
OPTSTK,MARUTI,29-Sep-2016,3600,PE,0,0,0,26.7,0.15,0,0,0,0,17-AUG-2016,
OPTSTK,MARUTI,29-Sep-2016,3650,PE,0,0,0,33.05,0.2,0,0,0,0,17-AUG-2016,
OPTSTK,MARUTI,29-Sep-2016,3700,PE,0,0,0,40.55,0.3,0,0,0,0,17-AUG-2016,
OPTSTK,MARUTI,29-Sep-2016,3750,PE,0,0,0,49.3,0.45,0,0,0,0,17-AUG-2016,
OPTSTK,MARUTI,29-Sep-2016,3800,PE,0,0,0,59.3,0.7,0,0,0,0,17-AUG-2016,
OPTSTK,MARUTI,29-Sep-2016,3850,PE,0,0,0,70.7,1.05,0,0,0,0,17-AUG-2016,
OPTSTK,MARUTI,29-Sep-2016,3900,PE,0,0,0,83.7,1.55,0,0,0,0,17-AUG-2016,
OPTSTK,MARUTI,29-Sep-2016,3950,PE,0,0,0,97.95,2.25,0,0,0,0,17-AUG-2016,
OPTSTK,MARUTI,29-Sep-2016,4000,PE,0,0,0,114.05,3.2,0,0,0,0,17-AUG-2016,
OPTSTK,MARUTI,29-Sep-2016,4050,PE,0,0,0,131.8,4.45,0,0,0,0,17-AUG-2016,
OPTSTK,MARUTI,29-Sep-2016,4100,PE,0,0,0,151.2,6.1,0,0,0,0,17-AUG-2016,
OPTSTK,MARUTI,29-Sep-2016,4150,PE,0,0,0,172.4,8.3,0,0,0,0,17-AUG-2016,
OPTSTK,MARUTI,29-Sep-2016,4200,PE,0,0,0,195.3,11.05,0,0,0,0,17-AUG-2016,
OPTSTK,MARUTI,29-Sep-2016,4250,PE,0,0,0,219.85,14.55,0,0,0,0,17-AUG-2016,
OPTSTK,MARUTI,29-Sep-2016,4300,PE,0,0,0,246.2,18.85,0,0,0,0,17-AUG-2016,
OPTSTK,MARUTI,29-Sep-2016,4350,PE,0,0,0,274.15,24.2,0,0,0,0,17-AUG-2016,
OPTSTK,MARUTI,29-Sep-2016,4400,PE,0,0,0,32.55,30.6,0,0,150,0,17-AUG-2016,
OPTSTK,MARUTI,29-Sep-2016,4450,PE,0,0,0,334.9,38.25,0,0,0,0,17-AUG-2016,
OPTSTK,MARUTI,29-Sep-2016,4500,PE,39,39,35,35,35,5,34.03,5700,750,17-AUG-2016,
OPTSTK,MARUTI,29-Sep-2016,4550,PE,0,0,0,401.7,57.85,0,0,0,0,17-AUG-2016,
OPTSTK,MARUTI,29-Sep-2016,4600,PE,57.5,57.5,43.5,54,54,18,125.57,3150,1650,17-AUG-2016,
OPTSTK,MARUTI,29-Sep-2016,4650,PE,0,0,0,474.15,83.9,0,0,0,0,17-AUG-2016,
OPTSTK,MARUTI,29-Sep-2016,4700,PE,85,85,85,85,85,2,14.35,900,300,17-AUG-2016,
OPTSTK,MARUTI,29-Sep-2016,4750,PE,0,0,0,551.1,117.3,0,0,0,0,17-AUG-2016,
OPTSTK,MARUTI,29-Sep-2016,4800,PE,0,0,0,591.25,136.9,0,0,0,0,17-AUG-2016,
OPTSTK,MARUTI,29-Sep-2016,4850,PE,0,0,0,632.35,158.5,0,0,0,0,17-AUG-2016,
OPTSTK,MARUTI,29-Sep-2016,4900,PE,0,0,0,179,182.15,0,0,150,0,17-AUG-2016,
OPTSTK,MARUTI,29-Sep-2016,4950,PE,0,0,0,717.15,207.7,0,0,0,0,17-AUG-2016,
OPTSTK,MARUTI,29-Sep-2016,5000,PE,0,0,0,210,235.3,0,0,750,0,17-AUG-2016,
OPTSTK,MARUTI,29-Sep-2016,5050,PE,0,0,0,804.85,264.8,0,0,0,0,17-AUG-2016,
OPTSTK,MARUTI,29-Sep-2016,5100,PE,0,0,0,300,296.15,0,0,600,0,17-AUG-2016,
OPTSTK,MARUTI,29-Sep-2016,5150,PE,0,0,0,895,329.3,0,0,0,0,17-AUG-2016,
OPTSTK,MARUTI,29-Sep-2016,5200,PE,0,0,0,300,364.1,0,0,150,0,17-AUG-2016,
OPTSTK,MARUTI,29-Sep-2016,5250,PE,0,0,0,912.6,400.75,0,0,0,0,17-AUG-2016,
OPTSTK,MARUTI,29-Sep-2016,5300,PE,0,0,0,872.9,438.5,0,0,0,0,17-AUG-2016,
OPTSTK,MARUTI,29-Sep-2016,5350,PE,0,0,0,918.8,477.8,0,0,0,0,17-AUG-2016,
OPTSTK,MARUTI,29-Sep-2016,5400,PE,0,0,0,916.75,518.35,0,0,0,0,17-AUG-2016,
OPTSTK,MARUTI,29-Sep-2016,5450,PE,0,0,0,962.7,560.05,0,0,0,0,17-AUG-2016,
OPTSTK,MARUTI,29-Sep-2016,5500,PE,0,0,0,952.55,602.75,0,0,0,0,17-AUG-2016,
OPTSTK,MARUTI,27-Oct-2016,3750,CE,0,0,0,1100.8,1193,0,0,0,0,17-AUG-2016,
OPTSTK,MARUTI,27-Oct-2016,3800,CE,0,0,0,1056.05,1144.75,0,0,0,0,17-AUG-2016,
OPTSTK,MARUTI,27-Oct-2016,3850,CE,0,0,0,1011.95,1096.75,0,0,0,0,17-AUG-2016,
OPTSTK,MARUTI,27-Oct-2016,3900,CE,0,0,0,968.5,1049.05,0,0,0,0,17-AUG-2016,
OPTSTK,MARUTI,27-Oct-2016,3950,CE,0,0,0,925.8,1001.8,0,0,0,0,17-AUG-2016,
OPTSTK,MARUTI,27-Oct-2016,4000,CE,0,0,0,883.85,955,0,0,0,0,17-AUG-2016,
OPTSTK,MARUTI,27-Oct-2016,4050,CE,0,0,0,842.8,908.75,0,0,0,0,17-AUG-2016,
OPTSTK,MARUTI,27-Oct-2016,4100,CE,0,0,0,802.6,863.15,0,0,0,0,17-AUG-2016,
OPTSTK,MARUTI,27-Oct-2016,4150,CE,0,0,0,763.35,818.2,0,0,0,0,17-AUG-2016,
OPTSTK,MARUTI,27-Oct-2016,4200,CE,0,0,0,725.05,774.05,0,0,0,0,17-AUG-2016,
OPTSTK,MARUTI,27-Oct-2016,4250,CE,0,0,0,687.8,730.75,0,0,0,0,17-AUG-2016,
OPTSTK,MARUTI,27-Oct-2016,4300,CE,0,0,0,651.7,688.4,0,0,0,0,17-AUG-2016,
OPTSTK,MARUTI,27-Oct-2016,4350,CE,0,0,0,616.55,647.15,0,0,0,0,17-AUG-2016,
OPTSTK,MARUTI,27-Oct-2016,4400,CE,0,0,0,582.35,606.95,0,0,0,0,17-AUG-2016,
OPTSTK,MARUTI,27-Oct-2016,4450,CE,0,0,0,549.5,567.95,0,0,0,0,17-AUG-2016,
OPTSTK,MARUTI,27-Oct-2016,4500,CE,0,0,0,517.85,530.25,0,0,0,0,17-AUG-2016,
OPTSTK,MARUTI,27-Oct-2016,4550,CE,0,0,0,487.35,494,0,0,0,0,17-AUG-2016,
OPTSTK,MARUTI,27-Oct-2016,4600,CE,0,0,0,458.05,458.75,0,0,0,0,17-AUG-2016,
OPTSTK,MARUTI,27-Oct-2016,4650,CE,0,0,0,429.95,425.25,0,0,0,0,17-AUG-2016,
OPTSTK,MARUTI,27-Oct-2016,4700,CE,0,0,0,403,393.2,0,0,0,0,17-AUG-2016,
OPTSTK,MARUTI,27-Oct-2016,4750,CE,0,0,0,377.3,362.65,0,0,0,0,17-AUG-2016,
OPTSTK,MARUTI,27-Oct-2016,4800,CE,0,0,0,352.75,333.65,0,0,0,0,17-AUG-2016,
OPTSTK,MARUTI,27-Oct-2016,4850,CE,0,0,0,329.35,306.25,0,0,0,0,17-AUG-2016,
OPTSTK,MARUTI,27-Oct-2016,4900,CE,0,0,0,307.15,280.35,0,0,0,0,17-AUG-2016,
OPTSTK,MARUTI,27-Oct-2016,4950,CE,0,0,0,286.1,256,0,0,0,0,17-AUG-2016,
OPTSTK,MARUTI,27-Oct-2016,5000,CE,0,0,0,266.1,233.2,0,0,0,0,17-AUG-2016,
OPTSTK,MARUTI,27-Oct-2016,5050,CE,0,0,0,247.25,211.85,0,0,0,0,17-AUG-2016,
OPTSTK,MARUTI,27-Oct-2016,5100,CE,0,0,0,229.4,192.05,0,0,0,0,17-AUG-2016,
OPTSTK,MARUTI,27-Oct-2016,5150,CE,0,0,0,212.6,173.6,0,0,0,0,17-AUG-2016,
OPTSTK,MARUTI,27-Oct-2016,5200,CE,0,0,0,196.8,156.55,0,0,0,0,17-AUG-2016,
OPTSTK,MARUTI,27-Oct-2016,5250,CE,0,0,0,181.95,140.85,0,0,0,0,17-AUG-2016,
OPTSTK,MARUTI,27-Oct-2016,5300,CE,0,0,0,168,126.4,0,0,0,0,17-AUG-2016,
OPTSTK,MARUTI,27-Oct-2016,5350,CE,0,0,0,155,113.2,0,0,0,0,17-AUG-2016,
OPTSTK,MARUTI,27-Oct-2016,5400,CE,0,0,0,143.05,101.35,0,0,0,0,17-AUG-2016,
OPTSTK,MARUTI,27-Oct-2016,5450,CE,0,0,0,131.7,90.2,0,0,0,0,17-AUG-2016,
OPTSTK,MARUTI,27-Oct-2016,5500,CE,0,0,0,121.15,80.2,0,0,0,0,17-AUG-2016,
OPTSTK,MARUTI,27-Oct-2016,3750,PE,0,0,0,22.9,3.15,0,0,0,0,17-AUG-2016,
OPTSTK,MARUTI,27-Oct-2016,3800,PE,0,0,0,27.25,4.2,0,0,0,0,17-AUG-2016,
OPTSTK,MARUTI,27-Oct-2016,3850,PE,0,0,0,32.3,5.55,0,0,0,0,17-AUG-2016,
OPTSTK,MARUTI,27-Oct-2016,3900,PE,0,0,0,38,7.2,0,0,0,0,17-AUG-2016,
OPTSTK,MARUTI,27-Oct-2016,3950,PE,0,0,0,44.45,9.3,0,0,0,0,17-AUG-2016,
OPTSTK,MARUTI,27-Oct-2016,4000,PE,0,0,0,51.65,11.85,0,0,0,0,17-AUG-2016,
OPTSTK,MARUTI,27-Oct-2016,4050,PE,0,0,0,59.7,14.9,0,0,0,0,17-AUG-2016,
OPTSTK,MARUTI,27-Oct-2016,4100,PE,0,0,0,68.65,18.6,0,0,0,0,17-AUG-2016,
OPTSTK,MARUTI,27-Oct-2016,4150,PE,0,0,0,78.55,23,0,0,0,0,17-AUG-2016,
OPTSTK,MARUTI,27-Oct-2016,4200,PE,0,0,0,89.4,28.2,0,0,0,0,17-AUG-2016,
OPTSTK,MARUTI,27-Oct-2016,4250,PE,0,0,0,101.3,34.25,0,0,0,0,17-AUG-2016,
OPTSTK,MARUTI,27-Oct-2016,4300,PE,0,0,0,114.35,41.25,0,0,0,0,17-AUG-2016,
OPTSTK,MARUTI,27-Oct-2016,4350,PE,0,0,0,128.35,49.3,0,0,0,0,17-AUG-2016,
OPTSTK,MARUTI,27-Oct-2016,4400,PE,0,0,0,143.25,58.45,0,0,0,0,17-AUG-2016,
OPTSTK,MARUTI,27-Oct-2016,4450,PE,0,0,0,159.6,68.8,0,0,0,0,17-AUG-2016,
OPTSTK,MARUTI,27-Oct-2016,4500,PE,0,0,0,177.05,80.4,0,0,0,0,17-AUG-2016,
OPTSTK,MARUTI,27-Oct-2016,4550,PE,0,0,0,195.7,93.5,0,0,0,0,17-AUG-2016,
OPTSTK,MARUTI,27-Oct-2016,4600,PE,0,0,0,215.55,107.6,0,0,0,0,17-AUG-2016,
OPTSTK,MARUTI,27-Oct-2016,4650,PE,0,0,0,236.55,123.4,0,0,0,0,17-AUG-2016,
OPTSTK,MARUTI,27-Oct-2016,4700,PE,0,0,0,258.8,140.65,0,0,0,0,17-AUG-2016,
OPTSTK,MARUTI,27-Oct-2016,4750,PE,0,0,0,282.2,159.45,0,0,0,0,17-AUG-2016,
OPTSTK,MARUTI,27-Oct-2016,4800,PE,0,0,0,306.8,179.8,0,0,0,0,17-AUG-2016,
OPTSTK,MARUTI,27-Oct-2016,4850,PE,0,0,0,332.55,201.7,0,0,0,0,17-AUG-2016,
OPTSTK,MARUTI,27-Oct-2016,4900,PE,0,0,0,359.5,225.15,0,0,0,0,17-AUG-2016,
OPTSTK,MARUTI,27-Oct-2016,4950,PE,0,0,0,387.55,250.15,0,0,0,0,17-AUG-2016,
OPTSTK,MARUTI,27-Oct-2016,5000,PE,0,0,0,416.7,276.65,0,0,0,0,17-AUG-2016,
OPTSTK,MARUTI,27-Oct-2016,5050,PE,0,0,0,447,304.7,0,0,0,0,17-AUG-2016,
OPTSTK,MARUTI,27-Oct-2016,5100,PE,0,0,0,478.3,334.2,0,0,0,0,17-AUG-2016,
OPTSTK,MARUTI,27-Oct-2016,5150,PE,0,0,0,510.65,365.1,0,0,0,0,17-AUG-2016,
OPTSTK,MARUTI,27-Oct-2016,5200,PE,0,0,0,543.95,397.4,0,0,0,0,17-AUG-2016,
OPTSTK,MARUTI,27-Oct-2016,5250,PE,0,0,0,578.25,431,0,0,0,0,17-AUG-2016,
OPTSTK,MARUTI,27-Oct-2016,5300,PE,0,0,0,613.45,465.9,0,0,0,0,17-AUG-2016,
OPTSTK,MARUTI,27-Oct-2016,5350,PE,0,0,0,649.55,502,0,0,0,0,17-AUG-2016,
OPTSTK,MARUTI,27-Oct-2016,5400,PE,0,0,0,686.8,539.5,0,0,0,0,17-AUG-2016,
OPTSTK,MARUTI,27-Oct-2016,5450,PE,0,0,0,724.6,577.7,0,0,0,0,17-AUG-2016,
OPTSTK,MARUTI,27-Oct-2016,5500,PE,0,0,0,763.15,617,0,0,0,0,17-AUG-2016,
OPTSTK,MCDOWELL-N,25-Aug-2016,1650,CE,0,0,0,845.5,555.6,0,0,0,0,17-AUG-2016,
OPTSTK,MCDOWELL-N,25-Aug-2016,1700,CE,0,0,0,797.25,505.65,0,0,0,0,17-AUG-2016,
OPTSTK,MCDOWELL-N,25-Aug-2016,1750,CE,0,0,0,749.4,455.75,0,0,0,0,17-AUG-2016,
OPTSTK,MCDOWELL-N,25-Aug-2016,1800,CE,0,0,0,702.1,405.85,0,0,0,0,17-AUG-2016,
OPTSTK,MCDOWELL-N,25-Aug-2016,1850,CE,0,0,0,655.45,356,0,0,0,0,17-AUG-2016,
OPTSTK,MCDOWELL-N,25-Aug-2016,1900,CE,0,0,0,609.65,306.3,0,0,0,0,17-AUG-2016,
OPTSTK,MCDOWELL-N,25-Aug-2016,1950,CE,0,0,0,564.9,257.2,0,0,0,0,17-AUG-2016,
OPTSTK,MCDOWELL-N,25-Aug-2016,2000,CE,0,0,0,521.3,209.35,0,0,0,0,17-AUG-2016,
OPTSTK,MCDOWELL-N,25-Aug-2016,2050,CE,0,0,0,479.1,164,0,0,0,0,17-AUG-2016,
OPTSTK,MCDOWELL-N,25-Aug-2016,2100,CE,0,0,0,148.75,122.65,0,0,500,0,17-AUG-2016,
OPTSTK,MCDOWELL-N,25-Aug-2016,2150,CE,0,0,0,113,86.95,0,0,1500,0,17-AUG-2016,
OPTSTK,MCDOWELL-N,25-Aug-2016,2200,CE,72.85,79.75,44.45,51.45,51.45,63,356.29,15250,-500,17-AUG-2016,
OPTSTK,MCDOWELL-N,25-Aug-2016,2250,CE,45,52.25,23.05,28.25,28.25,37,211.61,14250,2250,17-AUG-2016,
OPTSTK,MCDOWELL-N,25-Aug-2016,2300,CE,22.25,36,16,18.4,18.4,304,1768.33,99000,7500,17-AUG-2016,
OPTSTK,MCDOWELL-N,25-Aug-2016,2350,CE,18.75,22,8.55,10.15,10.15,18,106.42,14750,-500,17-AUG-2016,
OPTSTK,MCDOWELL-N,25-Aug-2016,2400,CE,9.45,14.1,6.5,7.2,7.2,163,982.03,140750,0,17-AUG-2016,
OPTSTK,MCDOWELL-N,25-Aug-2016,2450,CE,7.3,7.3,5.2,5.2,5.2,4,24.56,20750,-250,17-AUG-2016,
OPTSTK,MCDOWELL-N,25-Aug-2016,2500,CE,5.05,5.9,3.7,3.7,3.7,23,144.03,105500,-500,17-AUG-2016,
OPTSTK,MCDOWELL-N,25-Aug-2016,2550,CE,4.6,4.6,2.5,2.6,2.6,13,82.96,15250,-1000,17-AUG-2016,
OPTSTK,MCDOWELL-N,25-Aug-2016,2600,CE,3.15,3.95,2.1,2.4,2.4,29,188.7,103500,250,17-AUG-2016,
OPTSTK,MCDOWELL-N,25-Aug-2016,2650,CE,0,0,0,5.3,0.1,0,0,8750,0,17-AUG-2016,
OPTSTK,MCDOWELL-N,25-Aug-2016,2700,CE,3,3,3,3,3,1,6.75,19750,0,17-AUG-2016,
OPTSTK,MCDOWELL-N,25-Aug-2016,2750,CE,0,0,0,4.25,0.05,0,0,1000,0,17-AUG-2016,
OPTSTK,MCDOWELL-N,25-Aug-2016,2800,CE,0,0,0,2,0,0,0,3000,0,17-AUG-2016,
OPTSTK,MCDOWELL-N,25-Aug-2016,2850,CE,0,0,0,69.5,0,0,0,0,0,17-AUG-2016,
OPTSTK,MCDOWELL-N,25-Aug-2016,2900,CE,0,0,0,1.25,0,0,0,250,0,17-AUG-2016,
OPTSTK,MCDOWELL-N,25-Aug-2016,2950,CE,0,0,0,50.8,0,0,0,0,0,17-AUG-2016,
OPTSTK,MCDOWELL-N,25-Aug-2016,3000,CE,0,0,0,43.25,0,0,0,0,0,17-AUG-2016,
OPTSTK,MCDOWELL-N,25-Aug-2016,3050,CE,0,0,0,36.7,0,0,0,0,0,17-AUG-2016,
OPTSTK,MCDOWELL-N,25-Aug-2016,3100,CE,0,0,0,31.05,0,0,0,0,0,17-AUG-2016,
OPTSTK,MCDOWELL-N,25-Aug-2016,3150,CE,0,0,0,26.2,0,0,0,0,0,17-AUG-2016,
OPTSTK,MCDOWELL-N,25-Aug-2016,3200,CE,0,0,0,22,0,0,0,0,0,17-AUG-2016,
OPTSTK,MCDOWELL-N,25-Aug-2016,3250,CE,0,0,0,18.45,0,0,0,0,0,17-AUG-2016,
OPTSTK,MCDOWELL-N,25-Aug-2016,1650,PE,0,0,0,1.4,0,0,0,0,0,17-AUG-2016,
OPTSTK,MCDOWELL-N,25-Aug-2016,1700,PE,0,0,0,2.25,0,0,0,0,0,17-AUG-2016,
OPTSTK,MCDOWELL-N,25-Aug-2016,1750,PE,0,0,0,0.25,0,0,0,750,0,17-AUG-2016,
OPTSTK,MCDOWELL-N,25-Aug-2016,1800,PE,0,0,0,5.35,0.05,0,0,0,0,17-AUG-2016,
OPTSTK,MCDOWELL-N,25-Aug-2016,1850,PE,0,0,0,7.8,0.1,0,0,0,0,17-AUG-2016,
OPTSTK,MCDOWELL-N,25-Aug-2016,1900,PE,0,0,0,4.25,0.35,0,0,250,0,17-AUG-2016,
OPTSTK,MCDOWELL-N,25-Aug-2016,1950,PE,0,0,0,10.45,1.2,0,0,500,0,17-AUG-2016,
OPTSTK,MCDOWELL-N,25-Aug-2016,2000,PE,4.05,4.75,2.05,3.4,3.4,22,110.2,28000,-3000,17-AUG-2016,
OPTSTK,MCDOWELL-N,25-Aug-2016,2050,PE,0,0,0,7.7,7.85,0,0,1500,0,17-AUG-2016,
OPTSTK,MCDOWELL-N,25-Aug-2016,2100,PE,9.05,14.1,9.05,14.1,14.1,12,63.33,27750,0,17-AUG-2016,
OPTSTK,MCDOWELL-N,25-Aug-2016,2150,PE,0,0,0,2.6,30.6,0,0,6000,0,17-AUG-2016,
OPTSTK,MCDOWELL-N,25-Aug-2016,2200,PE,36,50,30.75,46.85,46.85,56,313.55,36000,-500,17-AUG-2016,
OPTSTK,MCDOWELL-N,25-Aug-2016,2250,PE,51.55,72,51.55,72,72,4,23.08,5500,500,17-AUG-2016,
OPTSTK,MCDOWELL-N,25-Aug-2016,2300,PE,80,119.5,80,119.5,119.5,6,35.84,36500,0,17-AUG-2016,
OPTSTK,MCDOWELL-N,25-Aug-2016,2350,PE,0,0,0,128.85,155.05,0,0,1500,0,17-AUG-2016,
OPTSTK,MCDOWELL-N,25-Aug-2016,2400,PE,0,0,0,173.05,199.25,0,0,80750,0,17-AUG-2016,
OPTSTK,MCDOWELL-N,25-Aug-2016,2450,PE,0,0,0,218,246.05,0,0,20000,0,17-AUG-2016,
OPTSTK,MCDOWELL-N,25-Aug-2016,2500,PE,283.95,283.95,283.95,283.95,283.95,1,6.95,48000,-250,17-AUG-2016,
OPTSTK,MCDOWELL-N,25-Aug-2016,2550,PE,0,0,0,268.1,343.6,0,0,5000,0,17-AUG-2016,
OPTSTK,MCDOWELL-N,25-Aug-2016,2600,PE,0,0,0,450.6,393.25,0,0,3250,0,17-AUG-2016,
OPTSTK,MCDOWELL-N,25-Aug-2016,2650,PE,0,0,0,262.2,443.05,0,0,0,0,17-AUG-2016,
OPTSTK,MCDOWELL-N,25-Aug-2016,2700,PE,0,0,0,172,492.9,0,0,500,0,17-AUG-2016,
OPTSTK,MCDOWELL-N,25-Aug-2016,2750,PE,0,0,0,329.75,542.8,0,0,0,0,17-AUG-2016,
OPTSTK,MCDOWELL-N,25-Aug-2016,2800,PE,0,0,0,366.2,592.75,0,0,0,0,17-AUG-2016,
OPTSTK,MCDOWELL-N,25-Aug-2016,2850,PE,0,0,0,404,642.65,0,0,0,0,17-AUG-2016,
OPTSTK,MCDOWELL-N,25-Aug-2016,2900,PE,0,0,0,443.1,692.6,0,0,0,0,17-AUG-2016,
OPTSTK,MCDOWELL-N,25-Aug-2016,2950,PE,0,0,0,483.55,742.5,0,0,0,0,17-AUG-2016,
OPTSTK,MCDOWELL-N,25-Aug-2016,3000,PE,0,0,0,525.1,792.45,0,0,0,0,17-AUG-2016,
OPTSTK,MCDOWELL-N,25-Aug-2016,3050,PE,0,0,0,567.65,842.35,0,0,0,0,17-AUG-2016,
OPTSTK,MCDOWELL-N,25-Aug-2016,3100,PE,0,0,0,611.1,892.3,0,0,0,0,17-AUG-2016,
OPTSTK,MCDOWELL-N,25-Aug-2016,3150,PE,0,0,0,655.35,942.2,0,0,0,0,17-AUG-2016,
OPTSTK,MCDOWELL-N,25-Aug-2016,3200,PE,0,0,0,700.3,992.15,0,0,0,0,17-AUG-2016,
OPTSTK,MCDOWELL-N,25-Aug-2016,3250,PE,0,0,0,745.85,1042.05,0,0,0,0,17-AUG-2016,
OPTSTK,MCDOWELL-N,29-Sep-2016,1650,CE,0,0,0,879.35,568.5,0,0,0,0,17-AUG-2016,
OPTSTK,MCDOWELL-N,29-Sep-2016,1700,CE,0,0,0,830.25,520.45,0,0,0,0,17-AUG-2016,
OPTSTK,MCDOWELL-N,29-Sep-2016,1750,CE,0,0,0,781.2,473.2,0,0,0,0,17-AUG-2016,
OPTSTK,MCDOWELL-N,29-Sep-2016,1800,CE,0,0,0,732.25,427.1,0,0,0,0,17-AUG-2016,
OPTSTK,MCDOWELL-N,29-Sep-2016,1850,CE,0,0,0,683.4,382.45,0,0,0,0,17-AUG-2016,
OPTSTK,MCDOWELL-N,29-Sep-2016,1900,CE,0,0,0,634.75,339.65,0,0,0,0,17-AUG-2016,
OPTSTK,MCDOWELL-N,29-Sep-2016,1950,CE,0,0,0,586.45,298.95,0,0,0,0,17-AUG-2016,
OPTSTK,MCDOWELL-N,29-Sep-2016,2000,CE,0,0,0,538.65,260.85,0,0,0,0,17-AUG-2016,
OPTSTK,MCDOWELL-N,29-Sep-2016,2050,CE,0,0,0,491.55,225.3,0,0,0,0,17-AUG-2016,
OPTSTK,MCDOWELL-N,29-Sep-2016,2100,CE,0,0,0,445.5,192.85,0,0,0,0,17-AUG-2016,
OPTSTK,MCDOWELL-N,29-Sep-2016,2150,CE,0,0,0,400.7,163.5,0,0,0,0,17-AUG-2016,
OPTSTK,MCDOWELL-N,29-Sep-2016,2200,CE,0,0,0,357.5,137.25,0,0,0,0,17-AUG-2016,
OPTSTK,MCDOWELL-N,29-Sep-2016,2250,CE,0,0,0,316.25,114.1,0,0,0,0,17-AUG-2016,
OPTSTK,MCDOWELL-N,29-Sep-2016,2300,CE,75,75,70,70,70,5,29.67,1250,1250,17-AUG-2016,
OPTSTK,MCDOWELL-N,29-Sep-2016,2350,CE,0,0,0,240.9,76.65,0,0,0,0,17-AUG-2016,
OPTSTK,MCDOWELL-N,29-Sep-2016,2400,CE,0,0,0,207.15,61.95,0,0,0,0,17-AUG-2016,
OPTSTK,MCDOWELL-N,29-Sep-2016,2450,CE,0,0,0,176.5,49.75,0,0,0,0,17-AUG-2016,
OPTSTK,MCDOWELL-N,29-Sep-2016,2500,CE,0,0,0,148.85,39.45,0,0,0,0,17-AUG-2016,
OPTSTK,MCDOWELL-N,29-Sep-2016,2550,CE,0,0,0,124.3,31.1,0,0,0,0,17-AUG-2016,
OPTSTK,MCDOWELL-N,29-Sep-2016,2600,CE,0,0,0,102.8,24.3,0,0,0,0,17-AUG-2016,
OPTSTK,MCDOWELL-N,29-Sep-2016,2650,CE,0,0,0,84.15,18.8,0,0,0,0,17-AUG-2016,
OPTSTK,MCDOWELL-N,29-Sep-2016,2700,CE,0,0,0,68.2,14.45,0,0,0,0,17-AUG-2016,
OPTSTK,MCDOWELL-N,29-Sep-2016,2750,CE,0,0,0,54.85,11.05,0,0,0,0,17-AUG-2016,
OPTSTK,MCDOWELL-N,29-Sep-2016,2800,CE,0,0,0,43.6,8.35,0,0,0,0,17-AUG-2016,
OPTSTK,MCDOWELL-N,29-Sep-2016,2850,CE,0,0,0,34.35,6.3,0,0,0,0,17-AUG-2016,
OPTSTK,MCDOWELL-N,29-Sep-2016,2900,CE,0,0,0,26.8,4.7,0,0,0,0,17-AUG-2016,
OPTSTK,MCDOWELL-N,29-Sep-2016,2950,CE,0,0,0,20.75,3.5,0,0,0,0,17-AUG-2016,
OPTSTK,MCDOWELL-N,29-Sep-2016,3000,CE,0,0,0,15.9,2.6,0,0,0,0,17-AUG-2016,
OPTSTK,MCDOWELL-N,29-Sep-2016,3050,CE,0,0,0,12.1,1.9,0,0,0,0,17-AUG-2016,
OPTSTK,MCDOWELL-N,29-Sep-2016,3100,CE,0,0,0,9.15,1.4,0,0,0,0,17-AUG-2016,
OPTSTK,MCDOWELL-N,29-Sep-2016,3150,CE,0,0,0,6.85,1,0,0,0,0,17-AUG-2016,
OPTSTK,MCDOWELL-N,29-Sep-2016,3200,CE,0,0,0,5.05,0.75,0,0,0,0,17-AUG-2016,
OPTSTK,MCDOWELL-N,29-Sep-2016,3250,CE,0,0,0,3.75,0.55,0,0,0,0,17-AUG-2016,
OPTSTK,MCDOWELL-N,29-Sep-2016,1650,PE,0,0,0,0.05,2.05,0,0,0,0,17-AUG-2016,
OPTSTK,MCDOWELL-N,29-Sep-2016,1700,PE,0,0,0,0.05,3.55,0,0,0,0,17-AUG-2016,
OPTSTK,MCDOWELL-N,29-Sep-2016,1750,PE,0,0,0,0.15,5.9,0,0,0,0,17-AUG-2016,
OPTSTK,MCDOWELL-N,29-Sep-2016,1800,PE,0,0,0,0.3,9.4,0,0,0,0,17-AUG-2016,
OPTSTK,MCDOWELL-N,29-Sep-2016,1850,PE,0,0,0,0.55,14.4,0,0,0,0,17-AUG-2016,
OPTSTK,MCDOWELL-N,29-Sep-2016,1900,PE,0,0,0,1,21.15,0,0,0,0,17-AUG-2016,
OPTSTK,MCDOWELL-N,29-Sep-2016,1950,PE,0,0,0,1.85,30.1,0,0,0,0,17-AUG-2016,
OPTSTK,MCDOWELL-N,29-Sep-2016,2000,PE,0,0,0,3.15,41.6,0,0,0,0,17-AUG-2016,
OPTSTK,MCDOWELL-N,29-Sep-2016,2050,PE,0,0,0,5.2,55.6,0,0,0,0,17-AUG-2016,
OPTSTK,MCDOWELL-N,29-Sep-2016,2100,PE,0,0,0,8.25,72.75,0,0,0,0,17-AUG-2016,
OPTSTK,MCDOWELL-N,29-Sep-2016,2150,PE,0,0,0,12.55,93,0,0,0,0,17-AUG-2016,
OPTSTK,MCDOWELL-N,29-Sep-2016,2200,PE,0,0,0,81.65,116.35,0,0,500,0,17-AUG-2016,
OPTSTK,MCDOWELL-N,29-Sep-2016,2250,PE,0,0,0,26.35,142.8,0,0,0,0,17-AUG-2016,
OPTSTK,MCDOWELL-N,29-Sep-2016,2300,PE,0,0,0,36.5,172.25,0,0,0,0,17-AUG-2016,
OPTSTK,MCDOWELL-N,29-Sep-2016,2350,PE,0,0,0,162,204.55,0,0,1000,0,17-AUG-2016,
OPTSTK,MCDOWELL-N,29-Sep-2016,2400,PE,0,0,0,64.6,239.45,0,0,0,0,17-AUG-2016,
OPTSTK,MCDOWELL-N,29-Sep-2016,2450,PE,0,0,0,83.05,276.85,0,0,0,0,17-AUG-2016,
OPTSTK,MCDOWELL-N,29-Sep-2016,2500,PE,0,0,0,104.55,316.15,0,0,0,0,17-AUG-2016,
OPTSTK,MCDOWELL-N,29-Sep-2016,2550,PE,0,0,0,129.1,357.35,0,0,0,0,17-AUG-2016,
OPTSTK,MCDOWELL-N,29-Sep-2016,2600,PE,0,0,0,156.7,400.15,0,0,0,0,17-AUG-2016,
OPTSTK,MCDOWELL-N,29-Sep-2016,2650,PE,0,0,0,187.15,444.25,0,0,0,0,17-AUG-2016,
OPTSTK,MCDOWELL-N,29-Sep-2016,2700,PE,0,0,0,220.35,489.5,0,0,0,0,17-AUG-2016,
OPTSTK,MCDOWELL-N,29-Sep-2016,2750,PE,0,0,0,256.1,535.65,0,0,0,0,17-AUG-2016,
OPTSTK,MCDOWELL-N,29-Sep-2016,2800,PE,0,0,0,293.95,582.6,0,0,0,0,17-AUG-2016,
OPTSTK,MCDOWELL-N,29-Sep-2016,2850,PE,0,0,0,333.85,630.1,0,0,0,0,17-AUG-2016,
OPTSTK,MCDOWELL-N,29-Sep-2016,2900,PE,0,0,0,375.4,678.1,0,0,0,0,17-AUG-2016,
OPTSTK,MCDOWELL-N,29-Sep-2016,2950,PE,0,0,0,418.45,726.5,0,0,0,0,17-AUG-2016,
OPTSTK,MCDOWELL-N,29-Sep-2016,3000,PE,0,0,0,462.75,775.2,0,0,0,0,17-AUG-2016,
OPTSTK,MCDOWELL-N,29-Sep-2016,3050,PE,0,0,0,508.05,824.1,0,0,0,0,17-AUG-2016,
OPTSTK,MCDOWELL-N,29-Sep-2016,3100,PE,0,0,0,554.2,873.2,0,0,0,0,17-AUG-2016,
OPTSTK,MCDOWELL-N,29-Sep-2016,3150,PE,0,0,0,601.05,922.4,0,0,0,0,17-AUG-2016,
OPTSTK,MCDOWELL-N,29-Sep-2016,3200,PE,0,0,0,648.4,971.75,0,0,0,0,17-AUG-2016,
OPTSTK,MCDOWELL-N,29-Sep-2016,3250,PE,0,0,0,696.15,1021.1,0,0,0,0,17-AUG-2016,
OPTSTK,MCDOWELL-N,27-Oct-2016,1650,CE,0,0,0,910.55,582.8,0,0,0,0,17-AUG-2016,
OPTSTK,MCDOWELL-N,27-Oct-2016,1700,CE,0,0,0,861.65,537.1,0,0,0,0,17-AUG-2016,
OPTSTK,MCDOWELL-N,27-Oct-2016,1750,CE,0,0,0,812.95,492.65,0,0,0,0,17-AUG-2016,
OPTSTK,MCDOWELL-N,27-Oct-2016,1800,CE,0,0,0,764.5,449.6,0,0,0,0,17-AUG-2016,
OPTSTK,MCDOWELL-N,27-Oct-2016,1850,CE,0,0,0,716.4,408.2,0,0,0,0,17-AUG-2016,
OPTSTK,MCDOWELL-N,27-Oct-2016,1900,CE,0,0,0,668.8,368.65,0,0,0,0,17-AUG-2016,
OPTSTK,MCDOWELL-N,27-Oct-2016,1950,CE,0,0,0,621.85,331.25,0,0,0,0,17-AUG-2016,
OPTSTK,MCDOWELL-N,27-Oct-2016,2000,CE,0,0,0,575.75,296,0,0,0,0,17-AUG-2016,
OPTSTK,MCDOWELL-N,27-Oct-2016,2050,CE,0,0,0,530.6,262.95,0,0,0,0,17-AUG-2016,
OPTSTK,MCDOWELL-N,27-Oct-2016,2100,CE,0,0,0,486.75,232.45,0,0,0,0,17-AUG-2016,
OPTSTK,MCDOWELL-N,27-Oct-2016,2150,CE,0,0,0,444.3,204.4,0,0,0,0,17-AUG-2016,
OPTSTK,MCDOWELL-N,27-Oct-2016,2200,CE,0,0,0,403.5,178.75,0,0,0,0,17-AUG-2016,
OPTSTK,MCDOWELL-N,27-Oct-2016,2250,CE,0,0,0,364.55,155.55,0,0,0,0,17-AUG-2016,
OPTSTK,MCDOWELL-N,27-Oct-2016,2300,CE,0,0,0,327.7,134.65,0,0,0,0,17-AUG-2016,
OPTSTK,MCDOWELL-N,27-Oct-2016,2350,CE,0,0,0,292.75,116,0,0,0,0,17-AUG-2016,
OPTSTK,MCDOWELL-N,27-Oct-2016,2400,CE,0,0,0,260.25,99.45,0,0,0,0,17-AUG-2016,
OPTSTK,MCDOWELL-N,27-Oct-2016,2450,CE,0,0,0,230.1,84.85,0,0,0,0,17-AUG-2016,
OPTSTK,MCDOWELL-N,27-Oct-2016,2500,CE,0,0,0,202.35,72.2,0,0,0,0,17-AUG-2016,
OPTSTK,MCDOWELL-N,27-Oct-2016,2550,CE,0,0,0,176.95,61.1,0,0,0,0,17-AUG-2016,
OPTSTK,MCDOWELL-N,27-Oct-2016,2600,CE,0,0,0,153.95,51.4,0,0,0,0,17-AUG-2016,
OPTSTK,MCDOWELL-N,27-Oct-2016,2650,CE,0,0,0,133.2,43.15,0,0,0,0,17-AUG-2016,
OPTSTK,MCDOWELL-N,27-Oct-2016,2700,CE,0,0,0,114.65,36.05,0,0,0,0,17-AUG-2016,
OPTSTK,MCDOWELL-N,27-Oct-2016,2750,CE,0,0,0,98.15,30,0,0,0,0,17-AUG-2016,
OPTSTK,MCDOWELL-N,27-Oct-2016,2800,CE,0,0,0,83.65,24.9,0,0,0,0,17-AUG-2016,
OPTSTK,MCDOWELL-N,27-Oct-2016,2850,CE,0,0,0,71.05,20.55,0,0,0,0,17-AUG-2016,
OPTSTK,MCDOWELL-N,27-Oct-2016,2900,CE,0,0,0,60,16.95,0,0,0,0,17-AUG-2016,
OPTSTK,MCDOWELL-N,27-Oct-2016,2950,CE,0,0,0,50.35,13.9,0,0,0,0,17-AUG-2016,
OPTSTK,MCDOWELL-N,27-Oct-2016,3000,CE,0,0,0,42.1,11.4,0,0,0,0,17-AUG-2016,
OPTSTK,MCDOWELL-N,27-Oct-2016,3050,CE,0,0,0,35.05,9.3,0,0,0,0,17-AUG-2016,
OPTSTK,MCDOWELL-N,27-Oct-2016,3100,CE,0,0,0,29.1,7.55,0,0,0,0,17-AUG-2016,
OPTSTK,MCDOWELL-N,27-Oct-2016,3150,CE,0,0,0,24,6.15,0,0,0,0,17-AUG-2016,
OPTSTK,MCDOWELL-N,27-Oct-2016,3200,CE,0,0,0,19.75,5,0,0,0,0,17-AUG-2016,
OPTSTK,MCDOWELL-N,27-Oct-2016,3250,CE,0,0,0,16.2,4,0,0,0,0,17-AUG-2016,
OPTSTK,MCDOWELL-N,27-Oct-2016,1650,PE,0,0,0,0.35,7.7,0,0,0,0,17-AUG-2016,
OPTSTK,MCDOWELL-N,27-Oct-2016,1700,PE,0,0,0,0.6,11.35,0,0,0,0,17-AUG-2016,
OPTSTK,MCDOWELL-N,27-Oct-2016,1750,PE,0,0,0,1.05,16.2,0,0,0,0,17-AUG-2016,
OPTSTK,MCDOWELL-N,27-Oct-2016,1800,PE,0,0,0,1.75,22.5,0,0,0,0,17-AUG-2016,
OPTSTK,MCDOWELL-N,27-Oct-2016,1850,PE,0,0,0,2.8,30.4,0,0,0,0,17-AUG-2016,
OPTSTK,MCDOWELL-N,27-Oct-2016,1900,PE,0,0,0,4.3,40.25,0,0,0,0,17-AUG-2016,
OPTSTK,MCDOWELL-N,27-Oct-2016,1950,PE,0,0,0,6.5,52.15,0,0,0,0,17-AUG-2016,
OPTSTK,MCDOWELL-N,27-Oct-2016,2000,PE,0,0,0,9.5,66.2,0,0,0,0,17-AUG-2016,
OPTSTK,MCDOWELL-N,27-Oct-2016,2050,PE,0,0,0,13.55,82.55,0,0,0,0,17-AUG-2016,
OPTSTK,MCDOWELL-N,27-Oct-2016,2100,PE,0,0,0,18.85,101.35,0,0,0,0,17-AUG-2016,
OPTSTK,MCDOWELL-N,27-Oct-2016,2150,PE,0,0,0,25.55,122.65,0,0,0,0,17-AUG-2016,
OPTSTK,MCDOWELL-N,27-Oct-2016,2200,PE,0,0,0,33.9,146.35,0,0,0,0,17-AUG-2016,
OPTSTK,MCDOWELL-N,27-Oct-2016,2250,PE,0,0,0,44.05,172.45,0,0,0,0,17-AUG-2016,
OPTSTK,MCDOWELL-N,27-Oct-2016,2300,PE,0,0,0,56.35,200.9,0,0,0,0,17-AUG-2016,
OPTSTK,MCDOWELL-N,27-Oct-2016,2350,PE,0,0,0,70.55,231.6,0,0,0,0,17-AUG-2016,
OPTSTK,MCDOWELL-N,27-Oct-2016,2400,PE,0,0,0,87.2,264.35,0,0,0,0,17-AUG-2016,
OPTSTK,MCDOWELL-N,27-Oct-2016,2450,PE,0,0,0,106.2,299.1,0,0,0,0,17-AUG-2016,
OPTSTK,MCDOWELL-N,27-Oct-2016,2500,PE,0,0,0,127.55,335.75,0,0,0,0,17-AUG-2016,
OPTSTK,MCDOWELL-N,27-Oct-2016,2550,PE,0,0,0,151.3,374,0,0,0,0,17-AUG-2016,
OPTSTK,MCDOWELL-N,27-Oct-2016,2600,PE,0,0,0,177.4,413.65,0,0,0,0,17-AUG-2016,
OPTSTK,MCDOWELL-N,27-Oct-2016,2650,PE,0,0,0,205.8,454.7,0,0,0,0,17-AUG-2016,
OPTSTK,MCDOWELL-N,27-Oct-2016,2700,PE,0,0,0,236.4,496.95,0,0,0,0,17-AUG-2016,
OPTSTK,MCDOWELL-N,27-Oct-2016,2750,PE,0,0,0,269.1,540.25,0,0,0,0,17-AUG-2016,
OPTSTK,MCDOWELL-N,27-Oct-2016,2800,PE,0,0,0,303.7,584.45,0,0,0,0,17-AUG-2016,
OPTSTK,MCDOWELL-N,27-Oct-2016,2850,PE,0,0,0,340.25,629.5,0,0,0,0,17-AUG-2016,
OPTSTK,MCDOWELL-N,27-Oct-2016,2900,PE,0,0,0,378.35,675.2,0,0,0,0,17-AUG-2016,
OPTSTK,MCDOWELL-N,27-Oct-2016,2950,PE,0,0,0,417.8,721.5,0,0,0,0,17-AUG-2016,
OPTSTK,MCDOWELL-N,27-Oct-2016,3000,PE,0,0,0,458.75,768.3,0,0,0,0,17-AUG-2016,
OPTSTK,MCDOWELL-N,27-Oct-2016,3050,PE,0,0,0,500.8,815.55,0,0,0,0,17-AUG-2016,
OPTSTK,MCDOWELL-N,27-Oct-2016,3100,PE,0,0,0,543.95,863.15,0,0,0,0,17-AUG-2016,
OPTSTK,MCDOWELL-N,27-Oct-2016,3150,PE,0,0,0,588.05,911.05,0,0,0,0,17-AUG-2016,
OPTSTK,MCDOWELL-N,27-Oct-2016,3200,PE,0,0,0,632.95,959.2,0,0,0,0,17-AUG-2016,
OPTSTK,MCDOWELL-N,27-Oct-2016,3250,PE,0,0,0,678.5,1007.6,0,0,0,0,17-AUG-2016,
OPTSTK,MCLEODRUSS,25-Aug-2016,110,CE,0,0,0,75.25,74.5,0,0,0,0,17-AUG-2016,
OPTSTK,MCLEODRUSS,25-Aug-2016,115,CE,0,0,0,70.3,69.5,0,0,0,0,17-AUG-2016,
OPTSTK,MCLEODRUSS,25-Aug-2016,120,CE,0,0,0,65.4,64.5,0,0,0,0,17-AUG-2016,
OPTSTK,MCLEODRUSS,25-Aug-2016,125,CE,0,0,0,60.5,59.5,0,0,0,0,17-AUG-2016,
OPTSTK,MCLEODRUSS,25-Aug-2016,130,CE,0,0,0,55.65,54.5,0,0,0,0,17-AUG-2016,
OPTSTK,MCLEODRUSS,25-Aug-2016,135,CE,0,0,0,50.8,49.5,0,0,0,0,17-AUG-2016,
OPTSTK,MCLEODRUSS,25-Aug-2016,140,CE,0,0,0,46,44.55,0,0,0,0,17-AUG-2016,
OPTSTK,MCLEODRUSS,25-Aug-2016,145,CE,0,0,0,41.3,39.55,0,0,0,0,17-AUG-2016,
OPTSTK,MCLEODRUSS,25-Aug-2016,150,CE,0,0,0,36.7,34.55,0,0,0,0,17-AUG-2016,
OPTSTK,MCLEODRUSS,25-Aug-2016,155,CE,0,0,0,32.3,29.55,0,0,0,0,17-AUG-2016,
OPTSTK,MCLEODRUSS,25-Aug-2016,160,CE,0,0,0,28.05,24.65,0,0,0,0,17-AUG-2016,
OPTSTK,MCLEODRUSS,25-Aug-2016,165,CE,0,0,0,24.1,19.8,0,0,0,0,17-AUG-2016,
OPTSTK,MCLEODRUSS,25-Aug-2016,170,CE,0,0,0,20.45,15.2,0,0,0,0,17-AUG-2016,
OPTSTK,MCLEODRUSS,25-Aug-2016,175,CE,0,0,0,17.15,11.05,0,0,0,0,17-AUG-2016,
OPTSTK,MCLEODRUSS,25-Aug-2016,180,CE,7.1,7.1,6.05,7,7,6,33.59,18000,-3000,17-AUG-2016,
OPTSTK,MCLEODRUSS,25-Aug-2016,185,CE,4,4,3.4,3.4,3.4,2,11.32,18000,3000,17-AUG-2016,
OPTSTK,MCLEODRUSS,25-Aug-2016,190,CE,2.15,2.2,1.75,2.15,2.15,6,34.57,87000,-3000,17-AUG-2016,
OPTSTK,MCLEODRUSS,25-Aug-2016,195,CE,1.1,1.1,1.1,1.1,1.1,1,5.88,39000,0,17-AUG-2016,
OPTSTK,MCLEODRUSS,25-Aug-2016,200,CE,0.95,0.95,0.7,0.7,0.7,4,24.1,189000,-3000,17-AUG-2016,
OPTSTK,MCLEODRUSS,25-Aug-2016,205,CE,0.5,0.5,0.5,0.5,0.5,1,6.16,3000,3000,17-AUG-2016,
OPTSTK,MCLEODRUSS,25-Aug-2016,210,CE,0.5,1.8,0.4,1.25,1.25,7,44.31,144000,0,17-AUG-2016,
OPTSTK,MCLEODRUSS,25-Aug-2016,215,CE,0.4,0.4,0.4,0.4,0.4,1,6.46,12000,0,17-AUG-2016,
OPTSTK,MCLEODRUSS,25-Aug-2016,220,CE,0.4,0.4,0.4,0.4,0.4,1,6.61,117000,0,17-AUG-2016,
OPTSTK,MCLEODRUSS,25-Aug-2016,225,CE,0.4,0.4,0.4,0.4,0.4,3,20.28,21000,-3000,17-AUG-2016,
OPTSTK,MCLEODRUSS,25-Aug-2016,230,CE,0,0,0,0.1,0,0,0,51000,0,17-AUG-2016,
OPTSTK,MCLEODRUSS,25-Aug-2016,235,CE,0,0,0,0.8,0,0,0,0,0,17-AUG-2016,
OPTSTK,MCLEODRUSS,25-Aug-2016,240,CE,0,0,0,0.75,0,0,0,15000,0,17-AUG-2016,
OPTSTK,MCLEODRUSS,25-Aug-2016,245,CE,0,0,0,0.4,0,0,0,0,0,17-AUG-2016,
OPTSTK,MCLEODRUSS,25-Aug-2016,250,CE,0,0,0,0.2,0,0,0,3000,0,17-AUG-2016,
OPTSTK,MCLEODRUSS,25-Aug-2016,255,CE,0,0,0,0.2,0,0,0,0,0,17-AUG-2016,
OPTSTK,MCLEODRUSS,25-Aug-2016,110,PE,0,0,0,0.05,0,0,0,0,0,17-AUG-2016,
OPTSTK,MCLEODRUSS,25-Aug-2016,115,PE,0,0,0,0.05,0,0,0,0,0,17-AUG-2016,
OPTSTK,MCLEODRUSS,25-Aug-2016,120,PE,0,0,0,0.05,0,0,0,0,0,17-AUG-2016,
OPTSTK,MCLEODRUSS,25-Aug-2016,125,PE,0,0,0,0.05,0,0,0,0,0,17-AUG-2016,
OPTSTK,MCLEODRUSS,25-Aug-2016,130,PE,0,0,0,0.05,0,0,0,0,0,17-AUG-2016,
OPTSTK,MCLEODRUSS,25-Aug-2016,135,PE,0,0,0,0.15,0,0,0,0,0,17-AUG-2016,
OPTSTK,MCLEODRUSS,25-Aug-2016,140,PE,0,0,0,0.25,0,0,0,0,0,17-AUG-2016,
OPTSTK,MCLEODRUSS,25-Aug-2016,145,PE,0,0,0,0.45,0,0,0,0,0,17-AUG-2016,
OPTSTK,MCLEODRUSS,25-Aug-2016,150,PE,0,0,0,0.75,0,0,0,0,0,17-AUG-2016,
OPTSTK,MCLEODRUSS,25-Aug-2016,155,PE,0,0,0,1.25,0.05,0,0,0,0,17-AUG-2016,
OPTSTK,MCLEODRUSS,25-Aug-2016,160,PE,0,0,0,1.95,0.1,0,0,0,0,17-AUG-2016,
OPTSTK,MCLEODRUSS,25-Aug-2016,165,PE,0,0,0,2,0.25,0,0,0,0,17-AUG-2016,
OPTSTK,MCLEODRUSS,25-Aug-2016,170,PE,0,0,0,1.05,0.65,0,0,3000,0,17-AUG-2016,
OPTSTK,MCLEODRUSS,25-Aug-2016,175,PE,0,0,0,5.75,1.5,0,0,0,0,17-AUG-2016,
OPTSTK,MCLEODRUSS,25-Aug-2016,180,PE,2,2.15,1.65,2.15,2.15,3,16.37,57000,6000,17-AUG-2016,
OPTSTK,MCLEODRUSS,25-Aug-2016,185,PE,0,0,0,7,5.15,0,0,9000,0,17-AUG-2016,
OPTSTK,MCLEODRUSS,25-Aug-2016,190,PE,0,0,0,11.25,8.2,0,0,57000,0,17-AUG-2016,
OPTSTK,MCLEODRUSS,25-Aug-2016,195,PE,0,0,0,12.85,11.9,0,0,9000,0,17-AUG-2016,
OPTSTK,MCLEODRUSS,25-Aug-2016,200,PE,0,0,0,23.7,16.15,0,0,30000,0,17-AUG-2016,
OPTSTK,MCLEODRUSS,25-Aug-2016,205,PE,0,0,0,22.65,20.75,0,0,0,0,17-AUG-2016,
OPTSTK,MCLEODRUSS,25-Aug-2016,210,PE,0,0,0,10.6,25.55,0,0,9000,0,17-AUG-2016,
OPTSTK,MCLEODRUSS,25-Aug-2016,215,PE,0,0,0,15,30.45,0,0,3000,0,17-AUG-2016,
OPTSTK,MCLEODRUSS,25-Aug-2016,220,PE,0,0,0,18,35.4,0,0,3000,0,17-AUG-2016,
OPTSTK,MCLEODRUSS,25-Aug-2016,225,PE,0,0,0,39.2,40.4,0,0,0,0,17-AUG-2016,
OPTSTK,MCLEODRUSS,25-Aug-2016,230,PE,0,0,0,43.75,45.4,0,0,0,0,17-AUG-2016,
OPTSTK,MCLEODRUSS,25-Aug-2016,235,PE,0,0,0,48.35,50.35,0,0,0,0,17-AUG-2016,
OPTSTK,MCLEODRUSS,25-Aug-2016,240,PE,0,0,0,53.05,55.35,0,0,0,0,17-AUG-2016,
OPTSTK,MCLEODRUSS,25-Aug-2016,245,PE,0,0,0,57.8,60.35,0,0,0,0,17-AUG-2016,
OPTSTK,MCLEODRUSS,25-Aug-2016,250,PE,0,0,0,62.6,65.35,0,0,0,0,17-AUG-2016,
OPTSTK,MCLEODRUSS,25-Aug-2016,255,PE,0,0,0,67.4,70.35,0,0,0,0,17-AUG-2016,
OPTSTK,MCLEODRUSS,29-Sep-2016,115,CE,0,0,0,80.95,70.25,0,0,0,0,17-AUG-2016,
OPTSTK,MCLEODRUSS,29-Sep-2016,120,CE,0,0,0,76.05,65.3,0,0,0,0,17-AUG-2016,
OPTSTK,MCLEODRUSS,29-Sep-2016,125,CE,0,0,0,71.2,60.35,0,0,0,0,17-AUG-2016,
OPTSTK,MCLEODRUSS,29-Sep-2016,130,CE,0,0,0,66.4,55.45,0,0,0,0,17-AUG-2016,
OPTSTK,MCLEODRUSS,29-Sep-2016,135,CE,0,0,0,61.6,50.6,0,0,0,0,17-AUG-2016,
OPTSTK,MCLEODRUSS,29-Sep-2016,140,CE,0,0,0,56.9,45.8,0,0,0,0,17-AUG-2016,
OPTSTK,MCLEODRUSS,29-Sep-2016,145,CE,0,0,0,52.3,41.1,0,0,0,0,17-AUG-2016,
OPTSTK,MCLEODRUSS,29-Sep-2016,150,CE,0,0,0,47.85,36.55,0,0,0,0,17-AUG-2016,
OPTSTK,MCLEODRUSS,29-Sep-2016,155,CE,0,0,0,43.5,32.15,0,0,0,0,17-AUG-2016,
OPTSTK,MCLEODRUSS,29-Sep-2016,160,CE,0,0,0,39.35,28,0,0,0,0,17-AUG-2016,
OPTSTK,MCLEODRUSS,29-Sep-2016,165,CE,0,0,0,35.35,24.1,0,0,0,0,17-AUG-2016,
OPTSTK,MCLEODRUSS,29-Sep-2016,170,CE,0,0,0,31.6,20.55,0,0,0,0,17-AUG-2016,
OPTSTK,MCLEODRUSS,29-Sep-2016,175,CE,0,0,0,28.1,17.3,0,0,0,0,17-AUG-2016,
OPTSTK,MCLEODRUSS,29-Sep-2016,180,CE,0,0,0,24.8,14.35,0,0,0,0,17-AUG-2016,
OPTSTK,MCLEODRUSS,29-Sep-2016,185,CE,0,0,0,21.8,11.8,0,0,0,0,17-AUG-2016,
OPTSTK,MCLEODRUSS,29-Sep-2016,190,CE,0,0,0,19,9.6,0,0,0,0,17-AUG-2016,
OPTSTK,MCLEODRUSS,29-Sep-2016,195,CE,0,0,0,16.5,7.7,0,0,0,0,17-AUG-2016,
OPTSTK,MCLEODRUSS,29-Sep-2016,200,CE,0,0,0,14.25,6.15,0,0,0,0,17-AUG-2016,
OPTSTK,MCLEODRUSS,29-Sep-2016,205,CE,0,0,0,12.25,4.85,0,0,0,0,17-AUG-2016,
OPTSTK,MCLEODRUSS,29-Sep-2016,210,CE,0,0,0,10.45,3.75,0,0,0,0,17-AUG-2016,
OPTSTK,MCLEODRUSS,29-Sep-2016,215,CE,0,0,0,8.9,2.9,0,0,0,0,17-AUG-2016,
OPTSTK,MCLEODRUSS,29-Sep-2016,220,CE,0,0,0,7.55,2.2,0,0,0,0,17-AUG-2016,
OPTSTK,MCLEODRUSS,29-Sep-2016,225,CE,0,0,0,6.35,1.7,0,0,0,0,17-AUG-2016,
OPTSTK,MCLEODRUSS,29-Sep-2016,230,CE,0,0,0,5.35,1.25,0,0,0,0,17-AUG-2016,
OPTSTK,MCLEODRUSS,29-Sep-2016,235,CE,0,0,0,4.45,0.95,0,0,0,0,17-AUG-2016,
OPTSTK,MCLEODRUSS,29-Sep-2016,240,CE,0,0,0,3.7,0.7,0,0,0,0,17-AUG-2016,
OPTSTK,MCLEODRUSS,29-Sep-2016,245,CE,0,0,0,3.05,0.5,0,0,0,0,17-AUG-2016,
OPTSTK,MCLEODRUSS,29-Sep-2016,250,CE,0,0,0,2.55,0.4,0,0,0,0,17-AUG-2016,
OPTSTK,MCLEODRUSS,29-Sep-2016,255,CE,0,0,0,2.1,0.3,0,0,0,0,17-AUG-2016,
OPTSTK,MCLEODRUSS,29-Sep-2016,115,PE,0,0,0,0.05,0.05,0,0,0,0,17-AUG-2016,
OPTSTK,MCLEODRUSS,29-Sep-2016,120,PE,0,0,0,0.1,0.05,0,0,0,0,17-AUG-2016,
OPTSTK,MCLEODRUSS,29-Sep-2016,125,PE,0,0,0,0.15,0.05,0,0,0,0,17-AUG-2016,
OPTSTK,MCLEODRUSS,29-Sep-2016,130,PE,0,0,0,0.25,0.1,0,0,0,0,17-AUG-2016,
OPTSTK,MCLEODRUSS,29-Sep-2016,135,PE,0,0,0,0.35,0.2,0,0,0,0,17-AUG-2016,
OPTSTK,MCLEODRUSS,29-Sep-2016,140,PE,0,0,0,0.6,0.35,0,0,0,0,17-AUG-2016,
OPTSTK,MCLEODRUSS,29-Sep-2016,145,PE,0,0,0,0.9,0.6,0,0,0,0,17-AUG-2016,
OPTSTK,MCLEODRUSS,29-Sep-2016,150,PE,0,0,0,1.35,1,0,0,0,0,17-AUG-2016,
OPTSTK,MCLEODRUSS,29-Sep-2016,155,PE,0,0,0,1.9,1.6,0,0,0,0,17-AUG-2016,
OPTSTK,MCLEODRUSS,29-Sep-2016,160,PE,0,0,0,2.65,2.4,0,0,0,0,17-AUG-2016,
OPTSTK,MCLEODRUSS,29-Sep-2016,165,PE,0,0,0,3.6,3.5,0,0,0,0,17-AUG-2016,
OPTSTK,MCLEODRUSS,29-Sep-2016,170,PE,0,0,0,4.75,4.85,0,0,0,0,17-AUG-2016,
OPTSTK,MCLEODRUSS,29-Sep-2016,175,PE,0,0,0,6.15,6.55,0,0,0,0,17-AUG-2016,
OPTSTK,MCLEODRUSS,29-Sep-2016,180,PE,0,0,0,7.75,8.6,0,0,0,0,17-AUG-2016,
OPTSTK,MCLEODRUSS,29-Sep-2016,185,PE,0,0,0,9.65,11,0,0,0,0,17-AUG-2016,
OPTSTK,MCLEODRUSS,29-Sep-2016,190,PE,0,0,0,11.8,13.75,0,0,0,0,17-AUG-2016,
OPTSTK,MCLEODRUSS,29-Sep-2016,195,PE,0,0,0,14.2,16.85,0,0,0,0,17-AUG-2016,
OPTSTK,MCLEODRUSS,29-Sep-2016,200,PE,0,0,0,16.9,20.2,0,0,0,0,17-AUG-2016,
OPTSTK,MCLEODRUSS,29-Sep-2016,205,PE,0,0,0,19.8,23.9,0,0,0,0,17-AUG-2016,
OPTSTK,MCLEODRUSS,29-Sep-2016,210,PE,0,0,0,22.9,27.75,0,0,0,0,17-AUG-2016,
OPTSTK,MCLEODRUSS,29-Sep-2016,215,PE,0,0,0,26.25,31.85,0,0,0,0,17-AUG-2016,
OPTSTK,MCLEODRUSS,29-Sep-2016,220,PE,0,0,0,29.8,36.15,0,0,0,0,17-AUG-2016,
OPTSTK,MCLEODRUSS,29-Sep-2016,225,PE,0,0,0,33.55,40.55,0,0,0,0,17-AUG-2016,
OPTSTK,MCLEODRUSS,29-Sep-2016,230,PE,0,0,0,37.4,45.1,0,0,0,0,17-AUG-2016,
OPTSTK,MCLEODRUSS,29-Sep-2016,235,PE,0,0,0,41.45,49.75,0,0,0,0,17-AUG-2016,
OPTSTK,MCLEODRUSS,29-Sep-2016,240,PE,0,0,0,45.6,54.45,0,0,0,0,17-AUG-2016,
OPTSTK,MCLEODRUSS,29-Sep-2016,245,PE,0,0,0,49.9,59.25,0,0,0,0,17-AUG-2016,
OPTSTK,MCLEODRUSS,29-Sep-2016,250,PE,0,0,0,54.25,64.05,0,0,0,0,17-AUG-2016,
OPTSTK,MCLEODRUSS,29-Sep-2016,255,PE,0,0,0,58.75,68.9,0,0,0,0,17-AUG-2016,
OPTSTK,MCLEODRUSS,27-Oct-2016,125,CE,0,0,0,80.75,61.25,0,0,0,0,17-AUG-2016,
OPTSTK,MCLEODRUSS,27-Oct-2016,130,CE,0,0,0,75.9,56.5,0,0,0,0,17-AUG-2016,
OPTSTK,MCLEODRUSS,27-Oct-2016,135,CE,0,0,0,71.15,51.8,0,0,0,0,17-AUG-2016,
OPTSTK,MCLEODRUSS,27-Oct-2016,140,CE,0,0,0,66.45,47.25,0,0,0,0,17-AUG-2016,
OPTSTK,MCLEODRUSS,27-Oct-2016,145,CE,0,0,0,61.8,42.85,0,0,0,0,17-AUG-2016,
OPTSTK,MCLEODRUSS,27-Oct-2016,150,CE,0,0,0,57.25,38.6,0,0,0,0,17-AUG-2016,
OPTSTK,MCLEODRUSS,27-Oct-2016,155,CE,0,0,0,52.85,34.55,0,0,0,0,17-AUG-2016,
OPTSTK,MCLEODRUSS,27-Oct-2016,160,CE,0,0,0,48.55,30.75,0,0,0,0,17-AUG-2016,
OPTSTK,MCLEODRUSS,27-Oct-2016,165,CE,0,0,0,44.45,27.15,0,0,0,0,17-AUG-2016,
OPTSTK,MCLEODRUSS,27-Oct-2016,170,CE,0,0,0,40.5,23.85,0,0,0,0,17-AUG-2016,
OPTSTK,MCLEODRUSS,27-Oct-2016,175,CE,0,0,0,36.75,20.8,0,0,0,0,17-AUG-2016,
OPTSTK,MCLEODRUSS,27-Oct-2016,180,CE,0,0,0,33.2,18,0,0,0,0,17-AUG-2016,
OPTSTK,MCLEODRUSS,27-Oct-2016,185,CE,0,0,0,29.85,15.5,0,0,0,0,17-AUG-2016,
OPTSTK,MCLEODRUSS,27-Oct-2016,190,CE,0,0,0,26.75,13.3,0,0,0,0,17-AUG-2016,
OPTSTK,MCLEODRUSS,27-Oct-2016,195,CE,0,0,0,23.85,11.3,0,0,0,0,17-AUG-2016,
OPTSTK,MCLEODRUSS,27-Oct-2016,200,CE,0,0,0,21.2,9.55,0,0,0,0,17-AUG-2016,
OPTSTK,MCLEODRUSS,27-Oct-2016,205,CE,0,0,0,18.75,8.05,0,0,0,0,17-AUG-2016,
OPTSTK,MCLEODRUSS,27-Oct-2016,210,CE,0,0,0,16.55,6.75,0,0,0,0,17-AUG-2016,
OPTSTK,MCLEODRUSS,27-Oct-2016,215,CE,0,0,0,14.5,5.6,0,0,0,0,17-AUG-2016,
OPTSTK,MCLEODRUSS,27-Oct-2016,220,CE,0,0,0,12.7,4.65,0,0,0,0,17-AUG-2016,
OPTSTK,MCLEODRUSS,27-Oct-2016,225,CE,0,0,0,11.1,3.85,0,0,0,0,17-AUG-2016,
OPTSTK,MCLEODRUSS,27-Oct-2016,230,CE,0,0,0,9.65,3.15,0,0,0,0,17-AUG-2016,
OPTSTK,MCLEODRUSS,27-Oct-2016,235,CE,0,0,0,8.35,2.6,0,0,0,0,17-AUG-2016,
OPTSTK,MCLEODRUSS,27-Oct-2016,240,CE,0,0,0,7.2,2.1,0,0,0,0,17-AUG-2016,
OPTSTK,MCLEODRUSS,27-Oct-2016,245,CE,0,0,0,6.2,1.7,0,0,0,0,17-AUG-2016,
OPTSTK,MCLEODRUSS,27-Oct-2016,250,CE,0,0,0,5.35,1.4,0,0,0,0,17-AUG-2016,
OPTSTK,MCLEODRUSS,27-Oct-2016,255,CE,0,0,0,4.6,1.1,0,0,0,0,17-AUG-2016,
OPTSTK,MCLEODRUSS,27-Oct-2016,125,PE,0,0,0,0.15,0.25,0,0,0,0,17-AUG-2016,
OPTSTK,MCLEODRUSS,27-Oct-2016,130,PE,0,0,0,0.25,0.45,0,0,0,0,17-AUG-2016,
OPTSTK,MCLEODRUSS,27-Oct-2016,135,PE,0,0,0,0.4,0.7,0,0,0,0,17-AUG-2016,
OPTSTK,MCLEODRUSS,27-Oct-2016,140,PE,0,0,0,0.6,1.1,0,0,0,0,17-AUG-2016,
OPTSTK,MCLEODRUSS,27-Oct-2016,145,PE,0,0,0,0.85,1.6,0,0,0,0,17-AUG-2016,
OPTSTK,MCLEODRUSS,27-Oct-2016,150,PE,0,0,0,1.25,2.3,0,0,0,0,17-AUG-2016,
OPTSTK,MCLEODRUSS,27-Oct-2016,155,PE,0,0,0,1.75,3.2,0,0,0,0,17-AUG-2016,
OPTSTK,MCLEODRUSS,27-Oct-2016,160,PE,0,0,0,2.35,4.3,0,0,0,0,17-AUG-2016,
OPTSTK,MCLEODRUSS,27-Oct-2016,165,PE,0,0,0,3.15,5.65,0,0,0,0,17-AUG-2016,
OPTSTK,MCLEODRUSS,27-Oct-2016,170,PE,0,0,0,4.1,7.25,0,0,0,0,17-AUG-2016,
OPTSTK,MCLEODRUSS,27-Oct-2016,175,PE,0,0,0,5.3,9.15,0,0,0,0,17-AUG-2016,
OPTSTK,MCLEODRUSS,27-Oct-2016,180,PE,0,0,0,6.65,11.3,0,0,0,0,17-AUG-2016,
OPTSTK,MCLEODRUSS,27-Oct-2016,185,PE,0,0,0,8.2,13.75,0,0,0,0,17-AUG-2016,
OPTSTK,MCLEODRUSS,27-Oct-2016,190,PE,0,0,0,10,16.45,0,0,0,0,17-AUG-2016,
OPTSTK,MCLEODRUSS,27-Oct-2016,195,PE,0,0,0,12.05,19.4,0,0,0,0,17-AUG-2016,
OPTSTK,MCLEODRUSS,27-Oct-2016,200,PE,0,0,0,14.3,22.6,0,0,0,0,17-AUG-2016,
OPTSTK,MCLEODRUSS,27-Oct-2016,205,PE,0,0,0,16.8,26,0,0,0,0,17-AUG-2016,
OPTSTK,MCLEODRUSS,27-Oct-2016,210,PE,0,0,0,19.45,29.65,0,0,0,0,17-AUG-2016,
OPTSTK,MCLEODRUSS,27-Oct-2016,215,PE,0,0,0,22.4,33.45,0,0,0,0,17-AUG-2016,
OPTSTK,MCLEODRUSS,27-Oct-2016,220,PE,0,0,0,25.5,37.45,0,0,0,0,17-AUG-2016,
OPTSTK,MCLEODRUSS,27-Oct-2016,225,PE,0,0,0,28.75,41.55,0,0,0,0,17-AUG-2016,
OPTSTK,MCLEODRUSS,27-Oct-2016,230,PE,0,0,0,32.25,45.8,0,0,0,0,17-AUG-2016,
OPTSTK,MCLEODRUSS,27-Oct-2016,235,PE,0,0,0,35.85,50.15,0,0,0,0,17-AUG-2016,
OPTSTK,MCLEODRUSS,27-Oct-2016,240,PE,0,0,0,39.65,54.6,0,0,0,0,17-AUG-2016,
OPTSTK,MCLEODRUSS,27-Oct-2016,245,PE,0,0,0,43.55,59.15,0,0,0,0,17-AUG-2016,
OPTSTK,MCLEODRUSS,27-Oct-2016,250,PE,0,0,0,47.6,63.75,0,0,0,0,17-AUG-2016,
OPTSTK,MCLEODRUSS,27-Oct-2016,255,PE,0,0,0,51.75,68.4,0,0,0,0,17-AUG-2016,
OPTSTK,MINDTREE,25-Aug-2016,420,CE,0,0,0,252.9,147,0,0,0,0,17-AUG-2016,
OPTSTK,MINDTREE,25-Aug-2016,440,CE,0,0,0,233.35,127.05,0,0,0,0,17-AUG-2016,
OPTSTK,MINDTREE,25-Aug-2016,460,CE,0,0,0,213.85,107.05,0,0,0,0,17-AUG-2016,
OPTSTK,MINDTREE,25-Aug-2016,480,CE,0,0,0,194.5,87.15,0,0,0,0,17-AUG-2016,
OPTSTK,MINDTREE,25-Aug-2016,500,CE,0,0,0,175.45,67.45,0,0,0,0,17-AUG-2016,
OPTSTK,MINDTREE,25-Aug-2016,520,CE,0,0,0,156.75,48.55,0,0,0,0,17-AUG-2016,
OPTSTK,MINDTREE,25-Aug-2016,540,CE,0,0,0,33.95,31.7,0,0,0,0,17-AUG-2016,
OPTSTK,MINDTREE,25-Aug-2016,560,CE,0,0,0,23,18.3,0,0,1600,0,17-AUG-2016,
OPTSTK,MINDTREE,25-Aug-2016,580,CE,7,7.95,6,6.3,6.3,11,51.64,15200,800,17-AUG-2016,
OPTSTK,MINDTREE,25-Aug-2016,600,CE,4,4,2,2.05,2.05,5,24.11,38400,-800,17-AUG-2016,
OPTSTK,MINDTREE,25-Aug-2016,620,CE,1.5,1.5,1.5,1.5,1.5,1,4.97,36800,-800,17-AUG-2016,
OPTSTK,MINDTREE,25-Aug-2016,640,CE,1.5,1.5,0.5,0.5,0.5,2,10.25,8800,-800,17-AUG-2016,
OPTSTK,MINDTREE,25-Aug-2016,660,CE,0,0,0,3,0.15,0,0,20800,0,17-AUG-2016,
OPTSTK,MINDTREE,25-Aug-2016,680,CE,0,0,0,42.1,0.05,0,0,0,0,17-AUG-2016,
OPTSTK,MINDTREE,25-Aug-2016,700,CE,0,0,0,3.5,0.05,0,0,1600,0,17-AUG-2016,
OPTSTK,MINDTREE,25-Aug-2016,720,CE,0,0,0,26.8,0,0,0,0,0,17-AUG-2016,
OPTSTK,MINDTREE,25-Aug-2016,740,CE,0,0,0,0.6,0,0,0,800,0,17-AUG-2016,
OPTSTK,MINDTREE,25-Aug-2016,760,CE,0,0,0,16.3,0,0,0,0,0,17-AUG-2016,
OPTSTK,MINDTREE,25-Aug-2016,780,CE,0,0,0,12.5,0,0,0,0,0,17-AUG-2016,
OPTSTK,MINDTREE,25-Aug-2016,800,CE,0,0,0,9.5,0,0,0,0,0,17-AUG-2016,
OPTSTK,MINDTREE,25-Aug-2016,820,CE,0,0,0,7.15,0,0,0,0,0,17-AUG-2016,
OPTSTK,MINDTREE,25-Aug-2016,840,CE,0,0,0,5.3,0,0,0,0,0,17-AUG-2016,
OPTSTK,MINDTREE,25-Aug-2016,860,CE,0,0,0,3.9,0,0,0,0,0,17-AUG-2016,
OPTSTK,MINDTREE,25-Aug-2016,880,CE,0,0,0,2.85,0,0,0,0,0,17-AUG-2016,
OPTSTK,MINDTREE,25-Aug-2016,900,CE,0,0,0,2.1,0,0,0,0,0,17-AUG-2016,
OPTSTK,MINDTREE,25-Aug-2016,920,CE,0,0,0,1.5,0,0,0,0,0,17-AUG-2016,
OPTSTK,MINDTREE,25-Aug-2016,940,CE,0,0,0,1.1,0,0,0,0,0,17-AUG-2016,
OPTSTK,MINDTREE,25-Aug-2016,420,PE,0,0,0,0.05,0,0,0,0,0,17-AUG-2016,
OPTSTK,MINDTREE,25-Aug-2016,440,PE,0,0,0,0.15,0,0,0,0,0,17-AUG-2016,
OPTSTK,MINDTREE,25-Aug-2016,460,PE,0,0,0,0.3,0,0,0,0,0,17-AUG-2016,
OPTSTK,MINDTREE,25-Aug-2016,480,PE,0,0,0,0.6,0.05,0,0,0,0,17-AUG-2016,
OPTSTK,MINDTREE,25-Aug-2016,500,PE,0,0,0,6.6,0.35,0,0,1600,0,17-AUG-2016,
OPTSTK,MINDTREE,25-Aug-2016,520,PE,0,0,0,11.1,1.45,0,0,800,0,17-AUG-2016,
OPTSTK,MINDTREE,25-Aug-2016,540,PE,3,4,3,4,4,5,21.73,7200,800,17-AUG-2016,
OPTSTK,MINDTREE,25-Aug-2016,560,PE,7.2,7.2,7.2,7.2,7.2,1,4.53,5600,0,17-AUG-2016,
OPTSTK,MINDTREE,25-Aug-2016,580,PE,0,0,0,12.9,21.95,0,0,4000,0,17-AUG-2016,
OPTSTK,MINDTREE,25-Aug-2016,600,PE,0,0,0,30,36.7,0,0,5600,0,17-AUG-2016,
OPTSTK,MINDTREE,25-Aug-2016,620,PE,0,0,0,34.35,54.2,0,0,800,0,17-AUG-2016,
OPTSTK,MINDTREE,25-Aug-2016,640,PE,0,0,0,21,73.15,0,0,800,0,17-AUG-2016,
OPTSTK,MINDTREE,25-Aug-2016,660,PE,0,0,0,67.4,92.8,0,0,800,0,17-AUG-2016,
OPTSTK,MINDTREE,25-Aug-2016,680,PE,0,0,0,44.6,112.7,0,0,0,0,17-AUG-2016,
OPTSTK,MINDTREE,25-Aug-2016,700,PE,0,0,0,55.95,132.65,0,0,0,0,17-AUG-2016,
OPTSTK,MINDTREE,25-Aug-2016,720,PE,0,0,0,136,152.6,0,0,800,0,17-AUG-2016,
OPTSTK,MINDTREE,25-Aug-2016,740,PE,0,0,0,82.45,172.55,0,0,0,0,17-AUG-2016,
OPTSTK,MINDTREE,25-Aug-2016,760,PE,0,0,0,97.4,192.55,0,0,0,0,17-AUG-2016,
OPTSTK,MINDTREE,25-Aug-2016,780,PE,0,0,0,113.25,212.5,0,0,0,0,17-AUG-2016,
OPTSTK,MINDTREE,25-Aug-2016,800,PE,0,0,0,129.85,232.45,0,0,0,0,17-AUG-2016,
OPTSTK,MINDTREE,25-Aug-2016,820,PE,0,0,0,147.15,252.45,0,0,0,0,17-AUG-2016,
OPTSTK,MINDTREE,25-Aug-2016,840,PE,0,0,0,164.95,272.4,0,0,0,0,17-AUG-2016,
OPTSTK,MINDTREE,25-Aug-2016,860,PE,0,0,0,183.25,292.4,0,0,0,0,17-AUG-2016,
OPTSTK,MINDTREE,25-Aug-2016,880,PE,0,0,0,201.8,312.35,0,0,0,0,17-AUG-2016,
OPTSTK,MINDTREE,25-Aug-2016,900,PE,0,0,0,220.7,332.3,0,0,0,0,17-AUG-2016,
OPTSTK,MINDTREE,25-Aug-2016,920,PE,0,0,0,239.75,352.3,0,0,0,0,17-AUG-2016,
OPTSTK,MINDTREE,25-Aug-2016,940,PE,0,0,0,258.95,372.25,0,0,0,0,17-AUG-2016,
OPTSTK,MINDTREE,29-Sep-2016,420,CE,0,0,0,252.3,150.3,0,0,0,0,17-AUG-2016,
OPTSTK,MINDTREE,29-Sep-2016,440,CE,0,0,0,232.65,131.15,0,0,0,0,17-AUG-2016,
OPTSTK,MINDTREE,29-Sep-2016,460,CE,0,0,0,213,112.55,0,0,0,0,17-AUG-2016,
OPTSTK,MINDTREE,29-Sep-2016,480,CE,0,0,0,193.4,94.9,0,0,0,0,17-AUG-2016,
OPTSTK,MINDTREE,29-Sep-2016,500,CE,0,0,0,173.85,78.45,0,0,0,0,17-AUG-2016,
OPTSTK,MINDTREE,29-Sep-2016,520,CE,0,0,0,154.45,63.55,0,0,0,0,17-AUG-2016,
OPTSTK,MINDTREE,29-Sep-2016,540,CE,0,0,0,135.3,50.35,0,0,0,0,17-AUG-2016,
OPTSTK,MINDTREE,29-Sep-2016,560,CE,0,0,0,116.65,39,0,0,0,0,17-AUG-2016,
OPTSTK,MINDTREE,29-Sep-2016,580,CE,0,0,0,98.75,29.6,0,0,0,0,17-AUG-2016,
OPTSTK,MINDTREE,29-Sep-2016,600,CE,0,0,0,81.9,21.95,0,0,0,0,17-AUG-2016,
OPTSTK,MINDTREE,29-Sep-2016,620,CE,0,0,0,66.5,15.95,0,0,0,0,17-AUG-2016,
OPTSTK,MINDTREE,29-Sep-2016,640,CE,0,0,0,52.65,11.4,0,0,0,0,17-AUG-2016,
OPTSTK,MINDTREE,29-Sep-2016,660,CE,0,0,0,40.75,7.95,0,0,0,0,17-AUG-2016,
OPTSTK,MINDTREE,29-Sep-2016,680,CE,0,0,0,30.75,5.45,0,0,0,0,17-AUG-2016,
OPTSTK,MINDTREE,29-Sep-2016,700,CE,0,0,0,22.6,3.7,0,0,0,0,17-AUG-2016,
OPTSTK,MINDTREE,29-Sep-2016,720,CE,0,0,0,16.25,2.45,0,0,0,0,17-AUG-2016,
OPTSTK,MINDTREE,29-Sep-2016,740,CE,0,0,0,11.4,1.6,0,0,0,0,17-AUG-2016,
OPTSTK,MINDTREE,29-Sep-2016,760,CE,0,0,0,7.8,1.05,0,0,0,0,17-AUG-2016,
OPTSTK,MINDTREE,29-Sep-2016,780,CE,0,0,0,5.2,0.65,0,0,0,0,17-AUG-2016,
OPTSTK,MINDTREE,29-Sep-2016,800,CE,0,0,0,3.4,0.4,0,0,0,0,17-AUG-2016,
OPTSTK,MINDTREE,29-Sep-2016,820,CE,0,0,0,2.2,0.25,0,0,0,0,17-AUG-2016,
OPTSTK,MINDTREE,29-Sep-2016,840,CE,0,0,0,1.4,0.15,0,0,0,0,17-AUG-2016,
OPTSTK,MINDTREE,29-Sep-2016,860,CE,0,0,0,0.85,0.1,0,0,0,0,17-AUG-2016,
OPTSTK,MINDTREE,29-Sep-2016,880,CE,0,0,0,0.5,0.1,0,0,0,0,17-AUG-2016,
OPTSTK,MINDTREE,29-Sep-2016,900,CE,0,0,0,0.3,0.05,0,0,0,0,17-AUG-2016,
OPTSTK,MINDTREE,29-Sep-2016,920,CE,0,0,0,0.2,0.05,0,0,0,0,17-AUG-2016,
OPTSTK,MINDTREE,29-Sep-2016,940,CE,0,0,0,0.1,0.05,0,0,0,0,17-AUG-2016,
OPTSTK,MINDTREE,29-Sep-2016,420,PE,0,0,0,0.05,0.55,0,0,0,0,17-AUG-2016,
OPTSTK,MINDTREE,29-Sep-2016,440,PE,0,0,0,0.05,1.2,0,0,0,0,17-AUG-2016,
OPTSTK,MINDTREE,29-Sep-2016,460,PE,0,0,0,0.05,2.5,0,0,0,0,17-AUG-2016,
OPTSTK,MINDTREE,29-Sep-2016,480,PE,0,0,0,0.05,4.65,0,0,0,0,17-AUG-2016,
OPTSTK,MINDTREE,29-Sep-2016,500,PE,0,0,0,0.15,8.05,0,0,0,0,17-AUG-2016,
OPTSTK,MINDTREE,29-Sep-2016,520,PE,0,0,0,0.4,13,0,0,0,0,17-AUG-2016,
OPTSTK,MINDTREE,29-Sep-2016,540,PE,0,0,0,0.9,19.6,0,0,0,0,17-AUG-2016,
OPTSTK,MINDTREE,29-Sep-2016,560,PE,0,0,0,10.9,28.15,0,0,800,0,17-AUG-2016,
OPTSTK,MINDTREE,29-Sep-2016,580,PE,0,0,0,3.65,38.55,0,0,0,0,17-AUG-2016,
OPTSTK,MINDTREE,29-Sep-2016,600,PE,0,0,0,6.45,50.75,0,0,0,0,17-AUG-2016,
OPTSTK,MINDTREE,29-Sep-2016,620,PE,0,0,0,10.7,64.6,0,0,0,0,17-AUG-2016,
OPTSTK,MINDTREE,29-Sep-2016,640,PE,0,0,0,16.5,79.85,0,0,0,0,17-AUG-2016,
OPTSTK,MINDTREE,29-Sep-2016,660,PE,0,0,0,24.25,96.25,0,0,0,0,17-AUG-2016,
OPTSTK,MINDTREE,29-Sep-2016,680,PE,0,0,0,33.9,113.6,0,0,0,0,17-AUG-2016,
OPTSTK,MINDTREE,29-Sep-2016,700,PE,0,0,0,45.4,131.65,0,0,0,0,17-AUG-2016,
OPTSTK,MINDTREE,29-Sep-2016,720,PE,0,0,0,58.65,150.25,0,0,0,0,17-AUG-2016,
OPTSTK,MINDTREE,29-Sep-2016,740,PE,0,0,0,73.45,169.25,0,0,0,0,17-AUG-2016,
OPTSTK,MINDTREE,29-Sep-2016,760,PE,0,0,0,89.5,188.55,0,0,0,0,17-AUG-2016,
OPTSTK,MINDTREE,29-Sep-2016,780,PE,0,0,0,106.6,208,0,0,0,0,17-AUG-2016,
OPTSTK,MINDTREE,29-Sep-2016,800,PE,0,0,0,124.45,227.6,0,0,0,0,17-AUG-2016,
OPTSTK,MINDTREE,29-Sep-2016,820,PE,0,0,0,142.85,247.3,0,0,0,0,17-AUG-2016,
OPTSTK,MINDTREE,29-Sep-2016,840,PE,0,0,0,161.7,267,0,0,0,0,17-AUG-2016,
OPTSTK,MINDTREE,29-Sep-2016,860,PE,0,0,0,180.8,286.8,0,0,0,0,17-AUG-2016,
OPTSTK,MINDTREE,29-Sep-2016,880,PE,0,0,0,200.1,306.6,0,0,0,0,17-AUG-2016,
OPTSTK,MINDTREE,29-Sep-2016,900,PE,0,0,0,219.55,326.4,0,0,0,0,17-AUG-2016,
OPTSTK,MINDTREE,29-Sep-2016,920,PE,0,0,0,239.1,346.25,0,0,0,0,17-AUG-2016,
OPTSTK,MINDTREE,29-Sep-2016,940,PE,0,0,0,258.65,366.05,0,0,0,0,17-AUG-2016,
OPTSTK,MINDTREE,27-Oct-2016,420,CE,0,0,0,172.95,153.95,0,0,0,0,17-AUG-2016,
OPTSTK,MINDTREE,27-Oct-2016,440,CE,0,0,0,155.35,135.8,0,0,0,0,17-AUG-2016,
OPTSTK,MINDTREE,27-Oct-2016,460,CE,0,0,0,138.45,118.45,0,0,0,0,17-AUG-2016,
OPTSTK,MINDTREE,27-Oct-2016,480,CE,0,0,0,122.5,102.1,0,0,0,0,17-AUG-2016,
OPTSTK,MINDTREE,27-Oct-2016,500,CE,0,0,0,107.6,86.95,0,0,0,0,17-AUG-2016,
OPTSTK,MINDTREE,27-Oct-2016,520,CE,0,0,0,93.8,73.1,0,0,0,0,17-AUG-2016,
OPTSTK,MINDTREE,27-Oct-2016,540,CE,0,0,0,81.15,60.75,0,0,0,0,17-AUG-2016,
OPTSTK,MINDTREE,27-Oct-2016,560,CE,0,0,0,69.7,49.9,0,0,0,0,17-AUG-2016,
OPTSTK,MINDTREE,27-Oct-2016,580,CE,0,0,0,59.45,40.5,0,0,0,0,17-AUG-2016,
OPTSTK,MINDTREE,27-Oct-2016,600,CE,0,0,0,50.4,32.5,0,0,0,0,17-AUG-2016,
OPTSTK,MINDTREE,27-Oct-2016,620,CE,0,0,0,42.45,25.8,0,0,0,0,17-AUG-2016,
OPTSTK,MINDTREE,27-Oct-2016,640,CE,0,0,0,35.55,20.25,0,0,0,0,17-AUG-2016,
OPTSTK,MINDTREE,27-Oct-2016,660,CE,0,0,0,29.55,15.8,0,0,0,0,17-AUG-2016,
OPTSTK,MINDTREE,27-Oct-2016,680,CE,0,0,0,24.5,12.15,0,0,0,0,17-AUG-2016,
OPTSTK,MINDTREE,27-Oct-2016,700,CE,0,0,0,20.2,9.3,0,0,0,0,17-AUG-2016,
OPTSTK,MINDTREE,27-Oct-2016,720,CE,0,0,0,16.55,7.05,0,0,0,0,17-AUG-2016,
OPTSTK,MINDTREE,27-Oct-2016,740,CE,0,0,0,13.5,5.3,0,0,0,0,17-AUG-2016,
OPTSTK,MINDTREE,27-Oct-2016,760,CE,0,0,0,11,3.95,0,0,0,0,17-AUG-2016,
OPTSTK,MINDTREE,27-Oct-2016,780,CE,0,0,0,8.9,2.95,0,0,0,0,17-AUG-2016,
OPTSTK,MINDTREE,27-Oct-2016,800,CE,0,0,0,7.2,2.15,0,0,0,0,17-AUG-2016,
OPTSTK,MINDTREE,27-Oct-2016,820,CE,0,0,0,5.8,1.6,0,0,0,0,17-AUG-2016,
OPTSTK,MINDTREE,27-Oct-2016,840,CE,0,0,0,4.65,1.15,0,0,0,0,17-AUG-2016,
OPTSTK,MINDTREE,27-Oct-2016,860,CE,0,0,0,3.7,0.85,0,0,0,0,17-AUG-2016,
OPTSTK,MINDTREE,27-Oct-2016,420,PE,0,0,0,3.45,2,0,0,0,0,17-AUG-2016,
OPTSTK,MINDTREE,27-Oct-2016,440,PE,0,0,0,5.45,3.6,0,0,0,0,17-AUG-2016,
OPTSTK,MINDTREE,27-Oct-2016,460,PE,0,0,0,8.25,5.95,0,0,0,0,17-AUG-2016,
OPTSTK,MINDTREE,27-Oct-2016,480,PE,0,0,0,11.95,9.35,0,0,0,0,17-AUG-2016,
OPTSTK,MINDTREE,27-Oct-2016,500,PE,0,0,0,16.7,13.95,0,0,0,0,17-AUG-2016,
OPTSTK,MINDTREE,27-Oct-2016,520,PE,0,0,0,22.55,19.85,0,0,0,0,17-AUG-2016,
OPTSTK,MINDTREE,27-Oct-2016,540,PE,0,0,0,29.55,27.2,0,0,0,0,17-AUG-2016,
OPTSTK,MINDTREE,27-Oct-2016,560,PE,0,0,0,37.8,36.1,0,0,0,0,17-AUG-2016,
OPTSTK,MINDTREE,27-Oct-2016,580,PE,0,0,0,47.2,46.4,0,0,0,0,17-AUG-2016,
OPTSTK,MINDTREE,27-Oct-2016,600,PE,0,0,0,57.8,58.15,0,0,0,0,17-AUG-2016,
OPTSTK,MINDTREE,27-Oct-2016,620,PE,0,0,0,69.5,71.15,0,0,0,0,17-AUG-2016,
OPTSTK,MINDTREE,27-Oct-2016,640,PE,0,0,0,82.25,85.4,0,0,0,0,17-AUG-2016,
OPTSTK,MINDTREE,27-Oct-2016,660,PE,0,0,0,95.95,100.65,0,0,0,0,17-AUG-2016,
OPTSTK,MINDTREE,27-Oct-2016,680,PE,0,0,0,110.55,116.75,0,0,0,0,17-AUG-2016,
OPTSTK,MINDTREE,27-Oct-2016,700,PE,0,0,0,125.9,133.6,0,0,0,0,17-AUG-2016,
OPTSTK,MINDTREE,27-Oct-2016,720,PE,0,0,0,141.9,151.1,0,0,0,0,17-AUG-2016,
OPTSTK,MINDTREE,27-Oct-2016,740,PE,0,0,0,158.5,169.1,0,0,0,0,17-AUG-2016,
OPTSTK,MINDTREE,27-Oct-2016,760,PE,0,0,0,175.65,187.45,0,0,0,0,17-AUG-2016,
OPTSTK,MINDTREE,27-Oct-2016,780,PE,0,0,0,193.2,206.2,0,0,0,0,17-AUG-2016,
OPTSTK,MINDTREE,27-Oct-2016,800,PE,0,0,0,211.15,225.15,0,0,0,0,17-AUG-2016,
OPTSTK,MINDTREE,27-Oct-2016,820,PE,0,0,0,229.4,244.3,0,0,0,0,17-AUG-2016,
OPTSTK,MINDTREE,27-Oct-2016,840,PE,0,0,0,247.9,263.6,0,0,0,0,17-AUG-2016,
OPTSTK,MINDTREE,27-Oct-2016,860,PE,0,0,0,266.65,283.05,0,0,0,0,17-AUG-2016,
OPTSTK,MOTHERSUMI,25-Aug-2016,170,CE,0,0,0,107.6,164.7,0,0,0,0,17-AUG-2016,
OPTSTK,MOTHERSUMI,25-Aug-2016,180,CE,0,0,0,98.4,154.75,0,0,0,0,17-AUG-2016,
OPTSTK,MOTHERSUMI,25-Aug-2016,190,CE,0,0,0,89.5,144.75,0,0,0,0,17-AUG-2016,
OPTSTK,MOTHERSUMI,25-Aug-2016,200,CE,0,0,0,80.95,134.75,0,0,0,0,17-AUG-2016,
OPTSTK,MOTHERSUMI,25-Aug-2016,210,CE,0,0,0,72.8,124.8,0,0,0,0,17-AUG-2016,
OPTSTK,MOTHERSUMI,25-Aug-2016,220,CE,0,0,0,65.1,114.8,0,0,0,0,17-AUG-2016,
OPTSTK,MOTHERSUMI,25-Aug-2016,230,CE,0,0,0,57.95,104.8,0,0,0,0,17-AUG-2016,
OPTSTK,MOTHERSUMI,25-Aug-2016,240,CE,0,0,0,51.25,94.85,0,0,0,0,17-AUG-2016,
OPTSTK,MOTHERSUMI,25-Aug-2016,250,CE,0,0,0,45.1,84.85,0,0,0,0,17-AUG-2016,
OPTSTK,MOTHERSUMI,25-Aug-2016,260,CE,0,0,0,61.5,74.85,0,0,5000,0,17-AUG-2016,
OPTSTK,MOTHERSUMI,25-Aug-2016,270,CE,0,0,0,34.45,64.9,0,0,0,0,17-AUG-2016,
OPTSTK,MOTHERSUMI,25-Aug-2016,280,CE,0,0,0,29.9,55,0,0,0,0,17-AUG-2016,
OPTSTK,MOTHERSUMI,25-Aug-2016,290,CE,0,0,0,25.85,45.3,0,0,0,0,17-AUG-2016,
OPTSTK,MOTHERSUMI,25-Aug-2016,300,CE,26.25,27.95,26.25,27.95,27.95,2,16.35,40000,-2500,17-AUG-2016,
OPTSTK,MOTHERSUMI,25-Aug-2016,310,CE,24.95,26,24.95,25.5,25.5,2,16.77,27500,0,17-AUG-2016,
OPTSTK,MOTHERSUMI,25-Aug-2016,320,CE,10.2,18.9,10,17.6,17.6,88,734.36,120000,-30000,17-AUG-2016,
OPTSTK,MOTHERSUMI,25-Aug-2016,330,CE,4.85,11.6,4.35,10.45,10.45,712,6000.33,305000,-67500,17-AUG-2016,
OPTSTK,MOTHERSUMI,25-Aug-2016,340,CE,3.3,6.6,2.5,5.75,5.75,570,4906.65,452500,-15000,17-AUG-2016,
OPTSTK,MOTHERSUMI,25-Aug-2016,350,CE,1.45,3.55,1.45,3.1,3.1,324,2854.37,997500,-122500,17-AUG-2016,
OPTSTK,MOTHERSUMI,25-Aug-2016,360,CE,0.8,1.9,0.7,1.65,1.65,143,1291.61,517500,-55000,17-AUG-2016,
OPTSTK,MOTHERSUMI,25-Aug-2016,370,CE,0.5,1.1,0.45,0.95,0.95,122,1131.14,370000,5000,17-AUG-2016,
OPTSTK,MOTHERSUMI,25-Aug-2016,380,CE,0.4,0.6,0.3,0.55,0.55,49,466.08,292500,5000,17-AUG-2016,
OPTSTK,MOTHERSUMI,25-Aug-2016,390,CE,0.25,0.4,0.25,0.35,0.35,30,292.73,140000,0,17-AUG-2016,
OPTSTK,MOTHERSUMI,25-Aug-2016,400,CE,0.3,0.3,0.2,0.3,0.3,13,130.08,202500,-17500,17-AUG-2016,
OPTSTK,MOTHERSUMI,25-Aug-2016,410,CE,0.25,0.25,0.25,0.25,0.25,1,10.25,15000,0,17-AUG-2016,
OPTSTK,MOTHERSUMI,25-Aug-2016,170,PE,0,0,0,0.95,0,0,0,0,0,17-AUG-2016,
OPTSTK,MOTHERSUMI,25-Aug-2016,180,PE,0,0,0,1.6,0,0,0,0,0,17-AUG-2016,
OPTSTK,MOTHERSUMI,25-Aug-2016,190,PE,0,0,0,2.5,0,0,0,0,0,17-AUG-2016,
OPTSTK,MOTHERSUMI,25-Aug-2016,200,PE,0,0,0,3.8,0,0,0,0,0,17-AUG-2016,
OPTSTK,MOTHERSUMI,25-Aug-2016,210,PE,0,0,0,5.45,0,0,0,0,0,17-AUG-2016,
OPTSTK,MOTHERSUMI,25-Aug-2016,220,PE,0,0,0,7.6,0,0,0,0,0,17-AUG-2016,
OPTSTK,MOTHERSUMI,25-Aug-2016,230,PE,0,0,0,10.2,0,0,0,0,0,17-AUG-2016,
OPTSTK,MOTHERSUMI,25-Aug-2016,240,PE,0,0,0,1.1,0,0,0,12500,0,17-AUG-2016,
OPTSTK,MOTHERSUMI,25-Aug-2016,250,PE,0,0,0,17.05,0,0,0,0,0,17-AUG-2016,
OPTSTK,MOTHERSUMI,25-Aug-2016,260,PE,0.25,0.25,0.2,0.25,0.25,2,13.01,5000,0,17-AUG-2016,
OPTSTK,MOTHERSUMI,25-Aug-2016,270,PE,0.25,0.4,0.2,0.2,0.2,14,94.58,20000,-20000,17-AUG-2016,
OPTSTK,MOTHERSUMI,25-Aug-2016,280,PE,0.35,0.35,0.2,0.2,0.2,16,112.1,70000,-20000,17-AUG-2016,
OPTSTK,MOTHERSUMI,25-Aug-2016,290,PE,0.45,0.55,0.25,0.3,0.3,18,130.69,100000,-15000,17-AUG-2016,
OPTSTK,MOTHERSUMI,25-Aug-2016,300,PE,1.05,1.15,0.5,0.6,0.6,68,511.31,260000,-20000,17-AUG-2016,
OPTSTK,MOTHERSUMI,25-Aug-2016,310,PE,2.4,2.4,1.05,1.2,1.2,180,1402.91,140000,-35000,17-AUG-2016,
OPTSTK,MOTHERSUMI,25-Aug-2016,320,PE,6.3,6.3,2.15,2.35,2.35,350,2831.43,180000,5000,17-AUG-2016,
OPTSTK,MOTHERSUMI,25-Aug-2016,330,PE,8.9,9,4.55,5.05,5.05,67,563.86,137500,25000,17-AUG-2016,
OPTSTK,MOTHERSUMI,25-Aug-2016,340,PE,16.95,16.95,9.5,9.6,9.6,7,61.66,90000,2500,17-AUG-2016,
OPTSTK,MOTHERSUMI,25-Aug-2016,350,PE,25.9,25.9,23,23,23,3,28.05,65000,0,17-AUG-2016,
OPTSTK,MOTHERSUMI,25-Aug-2016,360,PE,34,34,31.25,31.25,31.25,2,19.63,20000,0,17-AUG-2016,
OPTSTK,MOTHERSUMI,25-Aug-2016,370,PE,0,0,0,48.9,36.65,0,0,2500,0,17-AUG-2016,
OPTSTK,MOTHERSUMI,25-Aug-2016,380,PE,0,0,0,65,45.8,0,0,2500,0,17-AUG-2016,
OPTSTK,MOTHERSUMI,25-Aug-2016,390,PE,0,0,0,97.05,55.35,0,0,0,0,17-AUG-2016,
OPTSTK,MOTHERSUMI,25-Aug-2016,400,PE,0,0,0,100.95,65.15,0,0,0,0,17-AUG-2016,
OPTSTK,MOTHERSUMI,25-Aug-2016,410,PE,0,0,0,117.55,75.05,0,0,0,0,17-AUG-2016,
OPTSTK,MOTHERSUMI,29-Sep-2016,170,CE,0,0,0,123.7,165.85,0,0,0,0,17-AUG-2016,
OPTSTK,MOTHERSUMI,29-Sep-2016,180,CE,0,0,0,114.3,155.95,0,0,0,0,17-AUG-2016,
OPTSTK,MOTHERSUMI,29-Sep-2016,190,CE,0,0,0,105.1,146.05,0,0,0,0,17-AUG-2016,
OPTSTK,MOTHERSUMI,29-Sep-2016,200,CE,0,0,0,96.2,136.15,0,0,0,0,17-AUG-2016,
OPTSTK,MOTHERSUMI,29-Sep-2016,210,CE,0,0,0,87.6,126.3,0,0,0,0,17-AUG-2016,
OPTSTK,MOTHERSUMI,29-Sep-2016,220,CE,0,0,0,79.35,116.5,0,0,0,0,17-AUG-2016,
OPTSTK,MOTHERSUMI,29-Sep-2016,230,CE,0,0,0,71.55,106.8,0,0,0,0,17-AUG-2016,
OPTSTK,MOTHERSUMI,29-Sep-2016,240,CE,0,0,0,64.2,97.25,0,0,0,0,17-AUG-2016,
OPTSTK,MOTHERSUMI,29-Sep-2016,250,CE,0,0,0,57.3,87.9,0,0,0,0,17-AUG-2016,
OPTSTK,MOTHERSUMI,29-Sep-2016,260,CE,0,0,0,50.9,78.85,0,0,0,0,17-AUG-2016,
OPTSTK,MOTHERSUMI,29-Sep-2016,270,CE,0,0,0,45.05,70.15,0,0,0,0,17-AUG-2016,
OPTSTK,MOTHERSUMI,29-Sep-2016,280,CE,0,0,0,39.7,61.85,0,0,0,0,17-AUG-2016,
OPTSTK,MOTHERSUMI,29-Sep-2016,290,CE,0,0,0,34.85,54.1,0,0,0,0,17-AUG-2016,
OPTSTK,MOTHERSUMI,29-Sep-2016,300,CE,0,0,0,30.45,46.9,0,0,0,0,17-AUG-2016,
OPTSTK,MOTHERSUMI,29-Sep-2016,310,CE,0,0,0,26.55,40.25,0,0,0,0,17-AUG-2016,
OPTSTK,MOTHERSUMI,29-Sep-2016,320,CE,0,0,0,16.4,34.3,0,0,2500,0,17-AUG-2016,
OPTSTK,MOTHERSUMI,29-Sep-2016,330,CE,17,19.55,15.55,19.55,19.55,7,60.81,12500,10000,17-AUG-2016,
OPTSTK,MOTHERSUMI,29-Sep-2016,340,CE,14.5,14.5,14.5,14.5,14.5,1,8.86,2500,2500,17-AUG-2016,
OPTSTK,MOTHERSUMI,29-Sep-2016,350,CE,9.9,9.9,9.9,9.9,9.9,1,8.99,5000,2500,17-AUG-2016,
OPTSTK,MOTHERSUMI,29-Sep-2016,360,CE,7.45,7.45,7.45,7.45,7.45,1,9.18,2500,2500,17-AUG-2016,
OPTSTK,MOTHERSUMI,29-Sep-2016,370,CE,0,0,0,14.4,13.55,0,0,5000,0,17-AUG-2016,
OPTSTK,MOTHERSUMI,29-Sep-2016,380,CE,0,0,0,6,11,0,0,2500,0,17-AUG-2016,
OPTSTK,MOTHERSUMI,29-Sep-2016,390,CE,0,0,0,8,8.85,0,0,2500,0,17-AUG-2016,
OPTSTK,MOTHERSUMI,29-Sep-2016,400,CE,0,0,0,7,7.1,0,0,5000,0,17-AUG-2016,
OPTSTK,MOTHERSUMI,29-Sep-2016,410,CE,0,0,0,5.75,5.65,0,0,0,0,17-AUG-2016,
OPTSTK,MOTHERSUMI,29-Sep-2016,170,PE,0,0,0,0.6,0,0,0,0,0,17-AUG-2016,
OPTSTK,MOTHERSUMI,29-Sep-2016,180,PE,0,0,0,1,0.05,0,0,0,0,17-AUG-2016,
OPTSTK,MOTHERSUMI,29-Sep-2016,190,PE,0,0,0,1.65,0.05,0,0,0,0,17-AUG-2016,
OPTSTK,MOTHERSUMI,29-Sep-2016,200,PE,0,0,0,2.55,0.05,0,0,0,0,17-AUG-2016,
OPTSTK,MOTHERSUMI,29-Sep-2016,210,PE,0,0,0,3.75,0.15,0,0,0,0,17-AUG-2016,
OPTSTK,MOTHERSUMI,29-Sep-2016,220,PE,0,0,0,5.35,0.25,0,0,0,0,17-AUG-2016,
OPTSTK,MOTHERSUMI,29-Sep-2016,230,PE,0,0,0,7.35,0.45,0,0,0,0,17-AUG-2016,
OPTSTK,MOTHERSUMI,29-Sep-2016,240,PE,0,0,0,9.85,0.85,0,0,0,0,17-AUG-2016,
OPTSTK,MOTHERSUMI,29-Sep-2016,250,PE,0,0,0,12.8,1.4,0,0,0,0,17-AUG-2016,
OPTSTK,MOTHERSUMI,29-Sep-2016,260,PE,1.2,1.2,1.2,1.2,1.2,1,6.53,2500,2500,17-AUG-2016,
OPTSTK,MOTHERSUMI,29-Sep-2016,270,PE,0,0,0,20.2,3.5,0,0,0,0,17-AUG-2016,
OPTSTK,MOTHERSUMI,29-Sep-2016,280,PE,0,0,0,24.65,5.15,0,0,0,0,17-AUG-2016,
OPTSTK,MOTHERSUMI,29-Sep-2016,290,PE,0,0,0,29.6,7.3,0,0,0,0,17-AUG-2016,
OPTSTK,MOTHERSUMI,29-Sep-2016,300,PE,5.6,5.6,4.05,4.05,4.05,6,45.68,10000,10000,17-AUG-2016,
OPTSTK,MOTHERSUMI,29-Sep-2016,310,PE,0,0,0,40.95,13.3,0,0,0,0,17-AUG-2016,
OPTSTK,MOTHERSUMI,29-Sep-2016,320,PE,0,0,0,11.15,17.25,0,0,2500,0,17-AUG-2016,
OPTSTK,MOTHERSUMI,29-Sep-2016,330,PE,13,13,13,13,13,1,8.57,2500,-2500,17-AUG-2016,
OPTSTK,MOTHERSUMI,29-Sep-2016,340,PE,0,0,0,61.1,27,0,0,0,0,17-AUG-2016,
OPTSTK,MOTHERSUMI,29-Sep-2016,350,PE,0,0,0,24.4,32.85,0,0,2500,0,17-AUG-2016,
OPTSTK,MOTHERSUMI,29-Sep-2016,360,PE,0,0,0,76.3,39.2,0,0,0,0,17-AUG-2016,
OPTSTK,MOTHERSUMI,29-Sep-2016,370,PE,0,0,0,84.3,46.1,0,0,0,0,17-AUG-2016,
OPTSTK,MOTHERSUMI,29-Sep-2016,380,PE,0,0,0,92.5,53.45,0,0,0,0,17-AUG-2016,
OPTSTK,MOTHERSUMI,29-Sep-2016,390,PE,0,0,0,101,61.25,0,0,0,0,17-AUG-2016,
OPTSTK,MOTHERSUMI,29-Sep-2016,400,PE,0,0,0,109.6,69.4,0,0,0,0,17-AUG-2016,
OPTSTK,MOTHERSUMI,29-Sep-2016,410,PE,0,0,0,118.45,77.9,0,0,0,0,17-AUG-2016,
OPTSTK,MOTHERSUMI,27-Oct-2016,210,CE,0,0,0,122,127.9,0,0,0,0,17-AUG-2016,
OPTSTK,MOTHERSUMI,27-Oct-2016,220,CE,0,0,0,112.4,118.45,0,0,0,0,17-AUG-2016,
OPTSTK,MOTHERSUMI,27-Oct-2016,230,CE,0,0,0,102.95,109.2,0,0,0,0,17-AUG-2016,
OPTSTK,MOTHERSUMI,27-Oct-2016,240,CE,0,0,0,93.75,100.15,0,0,0,0,17-AUG-2016,
OPTSTK,MOTHERSUMI,27-Oct-2016,250,CE,0,0,0,84.75,91.45,0,0,0,0,17-AUG-2016,
OPTSTK,MOTHERSUMI,27-Oct-2016,260,CE,0,0,0,76.15,83.05,0,0,0,0,17-AUG-2016,
OPTSTK,MOTHERSUMI,27-Oct-2016,270,CE,0,0,0,67.9,75.1,0,0,0,0,17-AUG-2016,
OPTSTK,MOTHERSUMI,27-Oct-2016,280,CE,0,0,0,60.1,67.5,0,0,0,0,17-AUG-2016,
OPTSTK,MOTHERSUMI,27-Oct-2016,290,CE,0,0,0,52.85,60.4,0,0,0,0,17-AUG-2016,
OPTSTK,MOTHERSUMI,27-Oct-2016,300,CE,0,0,0,46.1,53.75,0,0,0,0,17-AUG-2016,
OPTSTK,MOTHERSUMI,27-Oct-2016,310,CE,0,0,0,39.95,47.65,0,0,0,0,17-AUG-2016,
OPTSTK,MOTHERSUMI,27-Oct-2016,320,CE,0,0,0,34.35,42.05,0,0,0,0,17-AUG-2016,
OPTSTK,MOTHERSUMI,27-Oct-2016,330,CE,0,0,0,29.35,36.9,0,0,0,0,17-AUG-2016,
OPTSTK,MOTHERSUMI,27-Oct-2016,340,CE,0,0,0,24.95,32.25,0,0,0,0,17-AUG-2016,
OPTSTK,MOTHERSUMI,27-Oct-2016,350,CE,0,0,0,21.05,28.1,0,0,0,0,17-AUG-2016,
OPTSTK,MOTHERSUMI,27-Oct-2016,360,CE,0,0,0,17.65,24.35,0,0,0,0,17-AUG-2016,
OPTSTK,MOTHERSUMI,27-Oct-2016,370,CE,0,0,0,14.7,21.05,0,0,0,0,17-AUG-2016,
OPTSTK,MOTHERSUMI,27-Oct-2016,380,CE,0,0,0,12.2,18.1,0,0,0,0,17-AUG-2016,
OPTSTK,MOTHERSUMI,27-Oct-2016,390,CE,0,0,0,10.05,15.55,0,0,0,0,17-AUG-2016,
OPTSTK,MOTHERSUMI,27-Oct-2016,400,CE,0,0,0,8.25,13.3,0,0,0,0,17-AUG-2016,
OPTSTK,MOTHERSUMI,27-Oct-2016,410,CE,0,0,0,6.75,11.35,0,0,0,0,17-AUG-2016,
OPTSTK,MOTHERSUMI,27-Oct-2016,210,PE,0,0,0,0.3,0.65,0,0,0,0,17-AUG-2016,
OPTSTK,MOTHERSUMI,27-Oct-2016,220,PE,0,0,0,0.55,1.05,0,0,0,0,17-AUG-2016,
OPTSTK,MOTHERSUMI,27-Oct-2016,230,PE,0,0,0,0.9,1.65,0,0,0,0,17-AUG-2016,
OPTSTK,MOTHERSUMI,27-Oct-2016,240,PE,0,0,0,1.5,2.5,0,0,0,0,17-AUG-2016,
OPTSTK,MOTHERSUMI,27-Oct-2016,250,PE,0,0,0,2.35,3.65,0,0,0,0,17-AUG-2016,
OPTSTK,MOTHERSUMI,27-Oct-2016,260,PE,0,0,0,3.55,5.15,0,0,0,0,17-AUG-2016,
OPTSTK,MOTHERSUMI,27-Oct-2016,270,PE,0,0,0,5.15,7.05,0,0,0,0,17-AUG-2016,
OPTSTK,MOTHERSUMI,27-Oct-2016,280,PE,0,0,0,7.2,9.35,0,0,0,0,17-AUG-2016,
OPTSTK,MOTHERSUMI,27-Oct-2016,290,PE,0,0,0,9.75,12.1,0,0,0,0,17-AUG-2016,
OPTSTK,MOTHERSUMI,27-Oct-2016,300,PE,0,0,0,12.85,15.3,0,0,0,0,17-AUG-2016,
OPTSTK,MOTHERSUMI,27-Oct-2016,310,PE,0,0,0,16.55,19.05,0,0,0,0,17-AUG-2016,
OPTSTK,MOTHERSUMI,27-Oct-2016,320,PE,0,0,0,20.8,23.3,0,0,0,0,17-AUG-2016,
OPTSTK,MOTHERSUMI,27-Oct-2016,330,PE,0,0,0,25.6,28.05,0,0,0,0,17-AUG-2016,
OPTSTK,MOTHERSUMI,27-Oct-2016,340,PE,0,0,0,31,33.3,0,0,0,0,17-AUG-2016,
OPTSTK,MOTHERSUMI,27-Oct-2016,350,PE,0,0,0,36.9,38.95,0,0,0,0,17-AUG-2016,
OPTSTK,MOTHERSUMI,27-Oct-2016,360,PE,0,0,0,43.35,45.1,0,0,0,0,17-AUG-2016,
OPTSTK,MOTHERSUMI,27-Oct-2016,370,PE,0,0,0,50.25,51.65,0,0,0,0,17-AUG-2016,
OPTSTK,MOTHERSUMI,27-Oct-2016,380,PE,0,0,0,57.55,58.6,0,0,0,0,17-AUG-2016,
OPTSTK,MOTHERSUMI,27-Oct-2016,390,PE,0,0,0,65.25,65.9,0,0,0,0,17-AUG-2016,
OPTSTK,MOTHERSUMI,27-Oct-2016,400,PE,0,0,0,73.3,73.55,0,0,0,0,17-AUG-2016,
OPTSTK,MOTHERSUMI,27-Oct-2016,410,PE,0,0,0,81.6,81.45,0,0,0,0,17-AUG-2016,
OPTSTK,MRF,25-Aug-2016,30800,CE,0,0,0,2005.1,5771.15,0,0,0,0,17-AUG-2016,
OPTSTK,MRF,25-Aug-2016,30850,CE,0,0,0,1973.65,5721.25,0,0,0,0,17-AUG-2016,
OPTSTK,MRF,25-Aug-2016,30900,CE,0,0,0,2150.1,5671.3,0,0,0,0,17-AUG-2016,
OPTSTK,MRF,25-Aug-2016,30950,CE,0,0,0,2117.95,5621.4,0,0,0,0,17-AUG-2016,
OPTSTK,MRF,25-Aug-2016,31000,CE,0,0,0,2173.45,5571.5,0,0,0,0,17-AUG-2016,
OPTSTK,MRF,25-Aug-2016,31050,CE,0,0,0,2141.85,5521.55,0,0,0,0,17-AUG-2016,
OPTSTK,MRF,25-Aug-2016,31100,CE,0,0,0,2110.55,5471.65,0,0,0,0,17-AUG-2016,
OPTSTK,MRF,25-Aug-2016,31150,CE,0,0,0,2079.55,5421.7,0,0,0,0,17-AUG-2016,
OPTSTK,MRF,25-Aug-2016,31200,CE,0,0,0,2234.1,5371.8,0,0,0,0,17-AUG-2016,
OPTSTK,MRF,25-Aug-2016,31250,CE,0,0,0,2202.7,5321.9,0,0,0,0,17-AUG-2016,
OPTSTK,MRF,25-Aug-2016,31300,CE,0,0,0,2171.55,5272,0,0,0,0,17-AUG-2016,
OPTSTK,MRF,25-Aug-2016,31350,CE,0,0,0,2140.7,5222.05,0,0,0,0,17-AUG-2016,
OPTSTK,MRF,25-Aug-2016,31400,CE,0,0,0,2110.1,5172.15,0,0,0,0,17-AUG-2016,
OPTSTK,MRF,25-Aug-2016,31450,CE,0,0,0,2079.75,5122.25,0,0,0,0,17-AUG-2016,
OPTSTK,MRF,25-Aug-2016,31500,CE,0,0,0,2049.7,5072.35,0,0,0,0,17-AUG-2016,
OPTSTK,MRF,25-Aug-2016,31550,CE,0,0,0,2656.95,5022.45,0,0,0,0,17-AUG-2016,
OPTSTK,MRF,25-Aug-2016,31600,CE,0,0,0,2627,4972.55,0,0,0,0,17-AUG-2016,
OPTSTK,MRF,25-Aug-2016,31650,CE,0,0,0,2597.25,4922.65,0,0,0,0,17-AUG-2016,
OPTSTK,MRF,25-Aug-2016,31700,CE,0,0,0,2567.75,4872.75,0,0,0,0,17-AUG-2016,
OPTSTK,MRF,25-Aug-2016,31750,CE,0,0,0,2538.45,4822.9,0,0,0,0,17-AUG-2016,
OPTSTK,MRF,25-Aug-2016,31800,CE,0,0,0,2509.4,4773,0,0,0,0,17-AUG-2016,
OPTSTK,MRF,25-Aug-2016,31850,CE,0,0,0,2480.5,4723.1,0,0,0,0,17-AUG-2016,
OPTSTK,MRF,25-Aug-2016,31900,CE,0,0,0,2451.85,4673.25,0,0,0,0,17-AUG-2016,
OPTSTK,MRF,25-Aug-2016,31950,CE,0,0,0,2423.45,4623.4,0,0,0,0,17-AUG-2016,
OPTSTK,MRF,25-Aug-2016,32000,CE,0,0,0,2395.2,4573.55,0,0,0,0,17-AUG-2016,
OPTSTK,MRF,25-Aug-2016,32050,CE,0,0,0,2367.2,4523.7,0,0,0,0,17-AUG-2016,
OPTSTK,MRF,25-Aug-2016,32100,CE,0,0,0,2339.45,4473.85,0,0,0,0,17-AUG-2016,
OPTSTK,MRF,25-Aug-2016,32150,CE,0,0,0,2311.85,4424,0,0,0,0,17-AUG-2016,
OPTSTK,MRF,25-Aug-2016,32200,CE,0,0,0,2284.5,4374.2,0,0,0,0,17-AUG-2016,
OPTSTK,MRF,25-Aug-2016,32250,CE,0,0,0,2257.4,4324.4,0,0,0,0,17-AUG-2016,
OPTSTK,MRF,25-Aug-2016,32300,CE,0,0,0,2230.45,4274.6,0,0,0,0,17-AUG-2016,
OPTSTK,MRF,25-Aug-2016,32350,CE,0,0,0,2203.75,4224.85,0,0,0,0,17-AUG-2016,
OPTSTK,MRF,25-Aug-2016,32400,CE,0,0,0,2177.25,4175.05,0,0,0,0,17-AUG-2016,
OPTSTK,MRF,25-Aug-2016,32450,CE,0,0,0,2151,4125.35,0,0,0,0,17-AUG-2016,
OPTSTK,MRF,25-Aug-2016,32500,CE,0,0,0,2124.95,4075.6,0,0,0,0,17-AUG-2016,
OPTSTK,MRF,25-Aug-2016,32550,CE,0,0,0,2099.1,4025.9,0,0,0,0,17-AUG-2016,
OPTSTK,MRF,25-Aug-2016,32600,CE,0,0,0,2073.5,3976.25,0,0,0,0,17-AUG-2016,
OPTSTK,MRF,25-Aug-2016,32650,CE,0,0,0,2048.05,3926.6,0,0,0,0,17-AUG-2016,
OPTSTK,MRF,25-Aug-2016,32700,CE,0,0,0,2022.9,3876.95,0,0,0,0,17-AUG-2016,
OPTSTK,MRF,25-Aug-2016,32750,CE,0,0,0,1997.9,3827.4,0,0,0,0,17-AUG-2016,
OPTSTK,MRF,25-Aug-2016,32800,CE,0,0,0,1973.15,3777.85,0,0,0,0,17-AUG-2016,
OPTSTK,MRF,25-Aug-2016,32850,CE,0,0,0,1948.45,3728.3,0,0,0,0,17-AUG-2016,
OPTSTK,MRF,25-Aug-2016,32900,CE,0,0,0,1924.1,3678.85,0,0,0,0,17-AUG-2016,
OPTSTK,MRF,25-Aug-2016,32950,CE,0,0,0,1900,3629.4,0,0,0,0,17-AUG-2016,
OPTSTK,MRF,25-Aug-2016,33000,CE,0,0,0,1876.1,3580,0,0,0,0,17-AUG-2016,
OPTSTK,MRF,25-Aug-2016,33050,CE,0,0,0,1852.4,3530.65,0,0,0,0,17-AUG-2016,
OPTSTK,MRF,25-Aug-2016,33100,CE,0,0,0,1828.9,3481.4,0,0,0,0,17-AUG-2016,
OPTSTK,MRF,25-Aug-2016,33150,CE,0,0,0,1805.65,3432.15,0,0,0,0,17-AUG-2016,
OPTSTK,MRF,25-Aug-2016,33200,CE,0,0,0,1782.6,3383,0,0,0,0,17-AUG-2016,
OPTSTK,MRF,25-Aug-2016,33250,CE,0,0,0,1759.75,3333.9,0,0,0,0,17-AUG-2016,
OPTSTK,MRF,25-Aug-2016,33300,CE,0,0,0,1737.1,3284.85,0,0,0,0,17-AUG-2016,
OPTSTK,MRF,25-Aug-2016,33350,CE,0,0,0,1714.65,3235.9,0,0,0,0,17-AUG-2016,
OPTSTK,MRF,25-Aug-2016,33400,CE,0,0,0,1692.45,3187.05,0,0,0,0,17-AUG-2016,
OPTSTK,MRF,25-Aug-2016,33450,CE,0,0,0,1670.45,3138.25,0,0,0,0,17-AUG-2016,
OPTSTK,MRF,25-Aug-2016,33500,CE,0,0,0,1648.65,3089.55,0,0,0,0,17-AUG-2016,
OPTSTK,MRF,25-Aug-2016,33550,CE,0,0,0,1627.05,3041,0,0,0,0,17-AUG-2016,
OPTSTK,MRF,25-Aug-2016,33600,CE,0,0,0,2257.8,2992.5,0,0,0,0,17-AUG-2016,
OPTSTK,MRF,25-Aug-2016,33650,CE,0,0,0,2232.75,2944.15,0,0,0,0,17-AUG-2016,
OPTSTK,MRF,25-Aug-2016,33700,CE,0,0,0,2207.9,2895.9,0,0,0,0,17-AUG-2016,
OPTSTK,MRF,25-Aug-2016,33750,CE,0,0,0,2183.2,2847.8,0,0,0,0,17-AUG-2016,
OPTSTK,MRF,25-Aug-2016,33800,CE,0,0,0,2158.6,2799.8,0,0,0,0,17-AUG-2016,
OPTSTK,MRF,25-Aug-2016,33850,CE,0,0,0,2134.3,2751.95,0,0,0,0,17-AUG-2016,
OPTSTK,MRF,25-Aug-2016,33900,CE,0,0,0,2110.2,2704.3,0,0,0,0,17-AUG-2016,
OPTSTK,MRF,25-Aug-2016,33950,CE,0,0,0,2086.3,2656.75,0,0,0,0,17-AUG-2016,
OPTSTK,MRF,25-Aug-2016,34000,CE,0,0,0,2062.6,2609.4,0,0,0,0,17-AUG-2016,
OPTSTK,MRF,25-Aug-2016,34050,CE,0,0,0,2039.05,2562.2,0,0,0,0,17-AUG-2016,
OPTSTK,MRF,25-Aug-2016,34100,CE,0,0,0,2015.75,2515.25,0,0,0,0,17-AUG-2016,
OPTSTK,MRF,25-Aug-2016,34150,CE,0,0,0,1992.6,2468.45,0,0,0,0,17-AUG-2016,
OPTSTK,MRF,25-Aug-2016,34200,CE,0,0,0,1969.65,2421.85,0,0,0,0,17-AUG-2016,
OPTSTK,MRF,25-Aug-2016,34250,CE,0,0,0,1946.9,2375.5,0,0,0,0,17-AUG-2016,
OPTSTK,MRF,25-Aug-2016,34300,CE,0,0,0,1924.35,2329.35,0,0,0,0,17-AUG-2016,
OPTSTK,MRF,25-Aug-2016,34350,CE,0,0,0,1901.95,2283.45,0,0,0,0,17-AUG-2016,
OPTSTK,MRF,25-Aug-2016,34400,CE,0,0,0,1879.8,2237.75,0,0,0,0,17-AUG-2016,
OPTSTK,MRF,25-Aug-2016,34450,CE,0,0,0,1857.8,2192.4,0,0,0,0,17-AUG-2016,
OPTSTK,MRF,25-Aug-2016,34500,CE,0,0,0,1836,2147.25,0,0,0,0,17-AUG-2016,
OPTSTK,MRF,25-Aug-2016,34550,CE,0,0,0,1814.35,2102.4,0,0,0,0,17-AUG-2016,
OPTSTK,MRF,25-Aug-2016,34600,CE,0,0,0,1785.7,2057.85,0,0,0,0,17-AUG-2016,
OPTSTK,MRF,25-Aug-2016,34650,CE,0,0,0,1763.6,2013.6,0,0,0,0,17-AUG-2016,
OPTSTK,MRF,25-Aug-2016,34700,CE,0,0,0,1741.7,1969.65,0,0,0,0,17-AUG-2016,
OPTSTK,MRF,25-Aug-2016,34750,CE,0,0,0,1719.95,1926.05,0,0,0,0,17-AUG-2016,
OPTSTK,MRF,25-Aug-2016,34800,CE,0,0,0,2169.55,1882.8,0,0,0,0,17-AUG-2016,
OPTSTK,MRF,25-Aug-2016,34850,CE,0,0,0,2143.15,1839.85,0,0,0,0,17-AUG-2016,
OPTSTK,MRF,25-Aug-2016,34900,CE,0,0,0,2116.95,1797.3,0,0,0,0,17-AUG-2016,
OPTSTK,MRF,25-Aug-2016,34950,CE,0,0,0,2091,1755.15,0,0,0,0,17-AUG-2016,
OPTSTK,MRF,25-Aug-2016,35000,CE,0,0,0,2065.25,1713.35,0,0,0,0,17-AUG-2016,
OPTSTK,MRF,25-Aug-2016,35050,CE,0,0,0,2039.7,1671.95,0,0,0,0,17-AUG-2016,
OPTSTK,MRF,25-Aug-2016,35100,CE,0,0,0,2014.4,1630.95,0,0,0,0,17-AUG-2016,
OPTSTK,MRF,25-Aug-2016,35150,CE,0,0,0,1989.3,1590.4,0,0,0,0,17-AUG-2016,
OPTSTK,MRF,25-Aug-2016,35200,CE,0,0,0,1964.4,1550.3,0,0,0,0,17-AUG-2016,
OPTSTK,MRF,25-Aug-2016,35250,CE,0,0,0,1939.6,1510.6,0,0,0,0,17-AUG-2016,
OPTSTK,MRF,25-Aug-2016,35300,CE,0,0,0,1915.15,1471.35,0,0,0,0,17-AUG-2016,
OPTSTK,MRF,25-Aug-2016,35350,CE,0,0,0,1890.95,1432.6,0,0,0,0,17-AUG-2016,
OPTSTK,MRF,25-Aug-2016,35400,CE,0,0,0,1866.9,1394.3,0,0,0,0,17-AUG-2016,
OPTSTK,MRF,25-Aug-2016,35450,CE,0,0,0,1843.1,1356.5,0,0,0,0,17-AUG-2016,
OPTSTK,MRF,25-Aug-2016,35500,CE,0,0,0,1819.55,1320.6,0,0,0,0,17-AUG-2016,
OPTSTK,MRF,25-Aug-2016,35550,CE,0,0,0,1796.15,1282.15,0,0,0,0,17-AUG-2016,
OPTSTK,MRF,25-Aug-2016,35600,CE,0,0,0,1773,1245.9,0,0,0,0,17-AUG-2016,
OPTSTK,MRF,25-Aug-2016,35650,CE,0,0,0,1750.05,1210.15,0,0,0,0,17-AUG-2016,
OPTSTK,MRF,25-Aug-2016,35700,CE,0,0,0,1727.3,1174.95,0,0,0,0,17-AUG-2016,
OPTSTK,MRF,25-Aug-2016,35750,CE,0,0,0,1704.8,1140.3,0,0,0,0,17-AUG-2016,
OPTSTK,MRF,25-Aug-2016,35800,CE,0,0,0,1682.5,1106.2,0,0,0,0,17-AUG-2016,
OPTSTK,MRF,25-Aug-2016,35850,CE,0,0,0,1660.4,1072.65,0,0,0,0,17-AUG-2016,
OPTSTK,MRF,25-Aug-2016,35900,CE,0,0,0,1638.5,1039.7,0,0,0,0,17-AUG-2016,
OPTSTK,MRF,25-Aug-2016,35950,CE,0,0,0,1616.8,1007.3,0,0,0,0,17-AUG-2016,
OPTSTK,MRF,25-Aug-2016,36000,CE,0,0,0,1595.35,975.45,0,0,0,0,17-AUG-2016,
OPTSTK,MRF,25-Aug-2016,36050,CE,0,0,0,1574.05,944.25,0,0,0,0,17-AUG-2016,
OPTSTK,MRF,25-Aug-2016,36100,CE,0,0,0,1553,913.6,0,0,0,0,17-AUG-2016,
OPTSTK,MRF,25-Aug-2016,36150,CE,0,0,0,1532.15,883.55,0,0,0,0,17-AUG-2016,
OPTSTK,MRF,25-Aug-2016,36200,CE,0,0,0,1436.6,854.1,0,0,0,0,17-AUG-2016,
OPTSTK,MRF,25-Aug-2016,36250,CE,0,0,0,1415.95,825.25,0,0,0,0,17-AUG-2016,
OPTSTK,MRF,25-Aug-2016,36300,CE,0,0,0,1360.6,797.05,0,0,0,0,17-AUG-2016,
OPTSTK,MRF,25-Aug-2016,36350,CE,0,0,0,1339.9,769.4,0,0,0,0,17-AUG-2016,
OPTSTK,MRF,25-Aug-2016,36400,CE,0,0,0,1319.4,742.4,0,0,0,0,17-AUG-2016,
OPTSTK,MRF,25-Aug-2016,36450,CE,0,0,0,1571.4,716,0,0,0,0,17-AUG-2016,
OPTSTK,MRF,25-Aug-2016,36500,CE,0,0,0,1542.45,690.2,0,0,0,0,17-AUG-2016,
OPTSTK,MRF,25-Aug-2016,36550,CE,0,0,0,1513.8,664.85,0,0,0,0,17-AUG-2016,
OPTSTK,MRF,25-Aug-2016,36600,CE,0,0,0,1485.5,640.25,0,0,0,0,17-AUG-2016,
OPTSTK,MRF,25-Aug-2016,36650,CE,0,0,0,1457.55,616.3,0,0,0,0,17-AUG-2016,
OPTSTK,MRF,25-Aug-2016,36700,CE,0,0,0,1429.9,592.95,0,0,0,0,17-AUG-2016,
OPTSTK,MRF,25-Aug-2016,36750,CE,0,0,0,1402.65,570.2,0,0,0,0,17-AUG-2016,
OPTSTK,MRF,25-Aug-2016,36800,CE,0,0,0,1375.7,548.05,0,0,0,0,17-AUG-2016,
OPTSTK,MRF,25-Aug-2016,36850,CE,0,0,0,1349.1,526.5,0,0,0,0,17-AUG-2016,
OPTSTK,MRF,25-Aug-2016,36900,CE,0,0,0,1322.8,505.55,0,0,0,0,17-AUG-2016,
OPTSTK,MRF,25-Aug-2016,36950,CE,0,0,0,1296.9,485.15,0,0,0,0,17-AUG-2016,
OPTSTK,MRF,25-Aug-2016,37000,CE,0,0,0,1271.3,465.4,0,0,0,0,17-AUG-2016,
OPTSTK,MRF,25-Aug-2016,37050,CE,0,0,0,1246.05,446.2,0,0,0,0,17-AUG-2016,
OPTSTK,MRF,25-Aug-2016,37100,CE,0,0,0,1220.95,427.55,0,0,0,0,17-AUG-2016,
OPTSTK,MRF,25-Aug-2016,37150,CE,0,0,0,1196.4,409.5,0,0,0,0,17-AUG-2016,
OPTSTK,MRF,25-Aug-2016,37200,CE,0,0,0,1172.15,392,0,0,0,0,17-AUG-2016,
OPTSTK,MRF,25-Aug-2016,37250,CE,0,0,0,1148.25,375.05,0,0,0,0,17-AUG-2016,
OPTSTK,MRF,25-Aug-2016,37300,CE,0,0,0,1124.65,358.65,0,0,0,0,17-AUG-2016,
OPTSTK,MRF,25-Aug-2016,37350,CE,0,0,0,1101.4,342.8,0,0,0,0,17-AUG-2016,
OPTSTK,MRF,25-Aug-2016,37400,CE,0,0,0,1078.5,327.45,0,0,0,0,17-AUG-2016,
OPTSTK,MRF,25-Aug-2016,37450,CE,0,0,0,1055.95,312.65,0,0,0,0,17-AUG-2016,
OPTSTK,MRF,25-Aug-2016,37500,CE,0,0,0,1033.7,298.35,0,0,0,0,17-AUG-2016,
OPTSTK,MRF,25-Aug-2016,37550,CE,0,0,0,1011.8,284.6,0,0,0,0,17-AUG-2016,
OPTSTK,MRF,25-Aug-2016,37600,CE,0,0,0,990.2,271.3,0,0,0,0,17-AUG-2016,
OPTSTK,MRF,25-Aug-2016,30800,PE,0,0,0,713.05,0.05,0,0,0,0,17-AUG-2016,
OPTSTK,MRF,25-Aug-2016,30850,PE,0,0,0,730.95,0.05,0,0,0,0,17-AUG-2016,
OPTSTK,MRF,25-Aug-2016,30900,PE,0,0,0,691.7,0.05,0,0,0,0,17-AUG-2016,
OPTSTK,MRF,25-Aug-2016,30950,PE,0,0,0,708.9,0.05,0,0,0,0,17-AUG-2016,
OPTSTK,MRF,25-Aug-2016,31000,PE,0,0,0,751.25,0.05,0,0,0,0,17-AUG-2016,
OPTSTK,MRF,25-Aug-2016,31050,PE,0,0,0,768.95,0.05,0,0,0,0,17-AUG-2016,
OPTSTK,MRF,25-Aug-2016,31100,PE,0,0,0,786.95,0.05,0,0,0,0,17-AUG-2016,
OPTSTK,MRF,25-Aug-2016,31150,PE,0,0,0,805.2,0.1,0,0,0,0,17-AUG-2016,
OPTSTK,MRF,25-Aug-2016,31200,PE,0,0,0,788.05,0.1,0,0,0,0,17-AUG-2016,
OPTSTK,MRF,25-Aug-2016,31250,PE,0,0,0,805.9,0.1,0,0,0,0,17-AUG-2016,
OPTSTK,MRF,25-Aug-2016,31300,PE,0,0,0,824.05,0.1,0,0,0,0,17-AUG-2016,
OPTSTK,MRF,25-Aug-2016,31350,PE,0,0,0,842.45,0.1,0,0,0,0,17-AUG-2016,
OPTSTK,MRF,25-Aug-2016,31400,PE,0,0,0,861.15,0.15,0,0,0,0,17-AUG-2016,
OPTSTK,MRF,25-Aug-2016,31450,PE,0,0,0,880.1,0.15,0,0,0,0,17-AUG-2016,
OPTSTK,MRF,25-Aug-2016,31500,PE,0,0,0,899.3,0.2,0,0,0,0,17-AUG-2016,
OPTSTK,MRF,25-Aug-2016,31550,PE,0,0,0,1091.05,0.2,0,0,0,0,17-AUG-2016,
OPTSTK,MRF,25-Aug-2016,31600,PE,0,0,0,1110.2,0.25,0,0,0,0,17-AUG-2016,
OPTSTK,MRF,25-Aug-2016,31650,PE,0,0,0,1129.6,0.25,0,0,0,0,17-AUG-2016,
OPTSTK,MRF,25-Aug-2016,31700,PE,0,0,0,1149.2,0.3,0,0,0,0,17-AUG-2016,
OPTSTK,MRF,25-Aug-2016,31750,PE,0,0,0,1169,0.35,0,0,0,0,17-AUG-2016,
OPTSTK,MRF,25-Aug-2016,31800,PE,0,0,0,1189.05,0.35,0,0,0,0,17-AUG-2016,
OPTSTK,MRF,25-Aug-2016,31850,PE,0,0,0,1209.3,0.4,0,0,0,0,17-AUG-2016,
OPTSTK,MRF,25-Aug-2016,31900,PE,0,0,0,1229.75,0.5,0,0,0,0,17-AUG-2016,
OPTSTK,MRF,25-Aug-2016,31950,PE,0,0,0,1250.4,0.55,0,0,0,0,17-AUG-2016,
OPTSTK,MRF,25-Aug-2016,32000,PE,0,0,0,1271.3,0.6,0,0,0,0,17-AUG-2016,
OPTSTK,MRF,25-Aug-2016,32050,PE,0,0,0,1292.4,0.7,0,0,0,0,17-AUG-2016,
OPTSTK,MRF,25-Aug-2016,32100,PE,0,0,0,1313.75,0.75,0,0,0,0,17-AUG-2016,
OPTSTK,MRF,25-Aug-2016,32150,PE,0,0,0,1335.3,0.85,0,0,0,0,17-AUG-2016,
OPTSTK,MRF,25-Aug-2016,32200,PE,0,0,0,1357.05,1,0,0,0,0,17-AUG-2016,
OPTSTK,MRF,25-Aug-2016,32250,PE,0,0,0,1379,1.1,0,0,0,0,17-AUG-2016,
OPTSTK,MRF,25-Aug-2016,32300,PE,0,0,0,1401.2,1.25,0,0,0,0,17-AUG-2016,
OPTSTK,MRF,25-Aug-2016,32350,PE,0,0,0,1423.6,1.4,0,0,0,0,17-AUG-2016,
OPTSTK,MRF,25-Aug-2016,32400,PE,0,0,0,1446.2,1.55,0,0,0,0,17-AUG-2016,
OPTSTK,MRF,25-Aug-2016,32450,PE,0,0,0,1469.05,1.75,0,0,0,0,17-AUG-2016,
OPTSTK,MRF,25-Aug-2016,32500,PE,0,0,0,1492.1,1.95,0,0,0,0,17-AUG-2016,
OPTSTK,MRF,25-Aug-2016,32550,PE,0,0,0,1515.4,2.15,0,0,0,0,17-AUG-2016,
OPTSTK,MRF,25-Aug-2016,32600,PE,0,0,0,1538.85,2.4,0,0,0,0,17-AUG-2016,
OPTSTK,MRF,25-Aug-2016,32650,PE,0,0,0,1562.55,2.7,0,0,0,0,17-AUG-2016,
OPTSTK,MRF,25-Aug-2016,32700,PE,0,0,0,1586.5,3,0,0,0,0,17-AUG-2016,
OPTSTK,MRF,25-Aug-2016,32750,PE,0,0,0,1610.6,3.35,0,0,0,0,17-AUG-2016,
OPTSTK,MRF,25-Aug-2016,32800,PE,0,0,0,1634.95,3.7,0,0,0,0,17-AUG-2016,
OPTSTK,MRF,25-Aug-2016,32850,PE,0,0,0,1659.4,4.1,0,0,0,0,17-AUG-2016,
OPTSTK,MRF,25-Aug-2016,32900,PE,0,0,0,1684.15,4.55,0,0,0,0,17-AUG-2016,
OPTSTK,MRF,25-Aug-2016,32950,PE,0,0,0,1709.15,5.05,0,0,0,0,17-AUG-2016,
OPTSTK,MRF,25-Aug-2016,33000,PE,0,0,0,1734.35,5.6,0,0,0,0,17-AUG-2016,
OPTSTK,MRF,25-Aug-2016,33050,PE,0,0,0,1759.75,6.15,0,0,0,0,17-AUG-2016,
OPTSTK,MRF,25-Aug-2016,33100,PE,0,0,0,1785.35,6.8,0,0,0,0,17-AUG-2016,
OPTSTK,MRF,25-Aug-2016,33150,PE,0,0,0,1811.2,7.5,0,0,0,0,17-AUG-2016,
OPTSTK,MRF,25-Aug-2016,33200,PE,0,0,0,1837.25,8.25,0,0,0,0,17-AUG-2016,
OPTSTK,MRF,25-Aug-2016,33250,PE,0,0,0,1863.5,9.1,0,0,0,0,17-AUG-2016,
OPTSTK,MRF,25-Aug-2016,33300,PE,0,0,0,1890,10,0,0,0,0,17-AUG-2016,
OPTSTK,MRF,25-Aug-2016,33350,PE,0,0,0,1916.65,10.95,0,0,0,0,17-AUG-2016,
OPTSTK,MRF,25-Aug-2016,33400,PE,0,0,0,1943.55,12.05,0,0,0,0,17-AUG-2016,
OPTSTK,MRF,25-Aug-2016,33450,PE,0,0,0,1970.65,13.15,0,0,0,0,17-AUG-2016,
OPTSTK,MRF,25-Aug-2016,33500,PE,0,0,0,1997.95,14.4,0,0,0,0,17-AUG-2016,
OPTSTK,MRF,25-Aug-2016,33550,PE,0,0,0,2025.45,15.75,0,0,0,0,17-AUG-2016,
OPTSTK,MRF,25-Aug-2016,33600,PE,0,0,0,1733.4,17.2,0,0,0,0,17-AUG-2016,
OPTSTK,MRF,25-Aug-2016,33650,PE,0,0,0,1757.5,18.75,0,0,0,0,17-AUG-2016,
OPTSTK,MRF,25-Aug-2016,33700,PE,0,0,0,1781.75,20.45,0,0,0,0,17-AUG-2016,
OPTSTK,MRF,25-Aug-2016,33750,PE,0,0,0,1806.2,22.25,0,0,0,0,17-AUG-2016,
OPTSTK,MRF,25-Aug-2016,33800,PE,0,0,0,1830.7,24.2,0,0,0,0,17-AUG-2016,
OPTSTK,MRF,25-Aug-2016,33850,PE,0,0,0,1855.55,26.3,0,0,0,0,17-AUG-2016,
OPTSTK,MRF,25-Aug-2016,33900,PE,0,0,0,1880.6,28.5,0,0,0,0,17-AUG-2016,
OPTSTK,MRF,25-Aug-2016,33950,PE,0,0,0,1905.8,30.9,0,0,0,0,17-AUG-2016,
OPTSTK,MRF,25-Aug-2016,34000,PE,0,0,0,1931.25,33.5,0,0,0,0,17-AUG-2016,
OPTSTK,MRF,25-Aug-2016,34050,PE,0,0,0,1956.85,36.25,0,0,0,0,17-AUG-2016,
OPTSTK,MRF,25-Aug-2016,34100,PE,0,0,0,1982.65,39.15,0,0,0,0,17-AUG-2016,
OPTSTK,MRF,25-Aug-2016,34150,PE,0,0,0,2008.65,42.3,0,0,0,0,17-AUG-2016,
OPTSTK,MRF,25-Aug-2016,34200,PE,0,0,0,2034.85,45.65,0,0,0,0,17-AUG-2016,
OPTSTK,MRF,25-Aug-2016,34250,PE,0,0,0,2061.25,49.2,0,0,0,0,17-AUG-2016,
OPTSTK,MRF,25-Aug-2016,34300,PE,0,0,0,2087.8,53,0,0,0,0,17-AUG-2016,
OPTSTK,MRF,25-Aug-2016,34350,PE,0,0,0,2114.55,57,0,0,0,0,17-AUG-2016,
OPTSTK,MRF,25-Aug-2016,34400,PE,0,0,0,2141.5,61.25,0,0,0,0,17-AUG-2016,
OPTSTK,MRF,25-Aug-2016,34450,PE,0,0,0,2168.65,65.8,0,0,0,0,17-AUG-2016,
OPTSTK,MRF,25-Aug-2016,34500,PE,0,0,0,2196,70.6,0,0,0,0,17-AUG-2016,
OPTSTK,MRF,25-Aug-2016,34550,PE,0,0,0,2223.5,75.65,0,0,0,0,17-AUG-2016,
OPTSTK,MRF,25-Aug-2016,34600,PE,0,0,0,2026.85,81.05,0,0,0,0,17-AUG-2016,
OPTSTK,MRF,25-Aug-2016,34650,PE,0,0,0,2053.9,86.7,0,0,0,0,17-AUG-2016,
OPTSTK,MRF,25-Aug-2016,34700,PE,0,0,0,2081.1,92.7,0,0,0,0,17-AUG-2016,
OPTSTK,MRF,25-Aug-2016,34750,PE,0,0,0,2108.55,99.05,0,0,0,0,17-AUG-2016,
OPTSTK,MRF,25-Aug-2016,34800,PE,0,0,0,1473.7,105.7,0,0,0,0,17-AUG-2016,
OPTSTK,MRF,25-Aug-2016,34850,PE,0,0,0,1496.8,112.7,0,0,0,0,17-AUG-2016,
OPTSTK,MRF,25-Aug-2016,34900,PE,0,0,0,1520.1,120.05,0,0,0,0,17-AUG-2016,
OPTSTK,MRF,25-Aug-2016,34950,PE,0,0,0,1543.65,127.8,0,0,0,0,17-AUG-2016,
OPTSTK,MRF,25-Aug-2016,35000,PE,0,0,0,1567.4,135.95,0,0,0,0,17-AUG-2016,
OPTSTK,MRF,25-Aug-2016,35050,PE,0,0,0,1591.35,144.5,0,0,0,0,17-AUG-2016,
OPTSTK,MRF,25-Aug-2016,35100,PE,0,0,0,1615.55,153.4,0,0,0,0,17-AUG-2016,
OPTSTK,MRF,25-Aug-2016,35150,PE,0,0,0,1639.95,162.8,0,0,0,0,17-AUG-2016,
OPTSTK,MRF,25-Aug-2016,35200,PE,0,0,0,1664.55,172.6,0,0,0,0,17-AUG-2016,
OPTSTK,MRF,25-Aug-2016,35250,PE,0,0,0,1689.25,182.8,0,0,0,0,17-AUG-2016,
OPTSTK,MRF,25-Aug-2016,35300,PE,0,0,0,1714.3,193.5,0,0,0,0,17-AUG-2016,
OPTSTK,MRF,25-Aug-2016,35350,PE,0,0,0,1739.55,204.65,0,0,0,0,17-AUG-2016,
OPTSTK,MRF,25-Aug-2016,35400,PE,0,0,0,1765.05,216.3,0,0,0,0,17-AUG-2016,
OPTSTK,MRF,25-Aug-2016,35450,PE,0,0,0,1790.75,228.45,0,0,0,0,17-AUG-2016,
OPTSTK,MRF,25-Aug-2016,35500,PE,0,0,0,1816.65,242.45,0,0,0,0,17-AUG-2016,
OPTSTK,MRF,25-Aug-2016,35550,PE,0,0,0,1842.8,253.9,0,0,0,0,17-AUG-2016,
OPTSTK,MRF,25-Aug-2016,35600,PE,0,0,0,1869.1,267.6,0,0,0,0,17-AUG-2016,
OPTSTK,MRF,25-Aug-2016,35650,PE,0,0,0,1895.65,281.75,0,0,0,0,17-AUG-2016,
OPTSTK,MRF,25-Aug-2016,35700,PE,0,0,0,1922.45,296.5,0,0,0,0,17-AUG-2016,
OPTSTK,MRF,25-Aug-2016,35750,PE,0,0,0,1949.4,311.75,0,0,0,0,17-AUG-2016,
OPTSTK,MRF,25-Aug-2016,35800,PE,0,0,0,1976.6,327.6,0,0,0,0,17-AUG-2016,
OPTSTK,MRF,25-Aug-2016,35850,PE,0,0,0,2004,344,0,0,0,0,17-AUG-2016,
OPTSTK,MRF,25-Aug-2016,35900,PE,0,0,0,2031.6,360.95,0,0,0,0,17-AUG-2016,
OPTSTK,MRF,25-Aug-2016,35950,PE,0,0,0,2059.4,378.45,0,0,0,0,17-AUG-2016,
OPTSTK,MRF,25-Aug-2016,36000,PE,0,0,0,2087.45,396.55,0,0,0,0,17-AUG-2016,
OPTSTK,MRF,25-Aug-2016,36050,PE,0,0,0,2115.65,415.25,0,0,0,0,17-AUG-2016,
OPTSTK,MRF,25-Aug-2016,36100,PE,0,0,0,2144.1,434.55,0,0,0,0,17-AUG-2016,
OPTSTK,MRF,25-Aug-2016,36150,PE,0,0,0,2172.75,454.45,0,0,0,0,17-AUG-2016,
OPTSTK,MRF,25-Aug-2016,36200,PE,0,0,0,2064.8,474.9,0,0,0,0,17-AUG-2016,
OPTSTK,MRF,25-Aug-2016,36250,PE,0,0,0,2093.75,496,0,0,0,0,17-AUG-2016,
OPTSTK,MRF,25-Aug-2016,36300,PE,0,0,0,1948.9,517.7,0,0,0,0,17-AUG-2016,
OPTSTK,MRF,25-Aug-2016,36350,PE,0,0,0,1977.7,540,0,0,0,0,17-AUG-2016,
OPTSTK,MRF,25-Aug-2016,36400,PE,0,0,0,2006.8,562.9,0,0,0,0,17-AUG-2016,
OPTSTK,MRF,25-Aug-2016,36450,PE,0,0,0,831.15,586.4,0,0,0,0,17-AUG-2016,
OPTSTK,MRF,25-Aug-2016,36500,PE,0,0,0,852.05,610.55,0,0,0,0,17-AUG-2016,
OPTSTK,MRF,25-Aug-2016,36550,PE,0,0,0,873.25,635.1,0,0,0,0,17-AUG-2016,
OPTSTK,MRF,25-Aug-2016,36600,PE,0,0,0,894.75,660.45,0,0,0,0,17-AUG-2016,
OPTSTK,MRF,25-Aug-2016,36650,PE,0,0,0,916.65,686.45,0,0,0,0,17-AUG-2016,
OPTSTK,MRF,25-Aug-2016,36700,PE,0,0,0,938.85,713,0,0,0,0,17-AUG-2016,
OPTSTK,MRF,25-Aug-2016,36750,PE,0,0,0,961.4,740.15,0,0,0,0,17-AUG-2016,
OPTSTK,MRF,25-Aug-2016,36800,PE,0,0,0,984.3,767.95,0,0,0,0,17-AUG-2016,
OPTSTK,MRF,25-Aug-2016,36850,PE,0,0,0,1007.5,796.3,0,0,0,0,17-AUG-2016,
OPTSTK,MRF,25-Aug-2016,36900,PE,0,0,0,1031.1,825.3,0,0,0,0,17-AUG-2016,
OPTSTK,MRF,25-Aug-2016,36950,PE,0,0,0,1055,854.85,0,0,0,0,17-AUG-2016,
OPTSTK,MRF,25-Aug-2016,37000,PE,0,0,0,1079.2,885,0,0,0,0,17-AUG-2016,
OPTSTK,MRF,25-Aug-2016,37050,PE,0,0,0,1103.8,915.7,0,0,0,0,17-AUG-2016,
OPTSTK,MRF,25-Aug-2016,37100,PE,0,0,0,1128.55,947,0,0,0,0,17-AUG-2016,
OPTSTK,MRF,25-Aug-2016,37150,PE,0,0,0,1153.8,978.85,0,0,0,0,17-AUG-2016,
OPTSTK,MRF,25-Aug-2016,37200,PE,0,0,0,1179.4,1011.3,0,0,0,0,17-AUG-2016,
OPTSTK,MRF,25-Aug-2016,37250,PE,0,0,0,1205.35,1044.3,0,0,0,0,17-AUG-2016,
OPTSTK,MRF,25-Aug-2016,37300,PE,0,0,0,1231.6,1077.8,0,0,0,0,17-AUG-2016,
OPTSTK,MRF,25-Aug-2016,37350,PE,0,0,0,1258.2,1111.9,0,0,0,0,17-AUG-2016,
OPTSTK,MRF,25-Aug-2016,37400,PE,0,0,0,1285.1,1146.45,0,0,0,0,17-AUG-2016,
OPTSTK,MRF,25-Aug-2016,37450,PE,0,0,0,1312.35,1181.6,0,0,0,0,17-AUG-2016,
OPTSTK,MRF,25-Aug-2016,37500,PE,0,0,0,1339.95,1217.2,0,0,0,0,17-AUG-2016,
OPTSTK,MRF,25-Aug-2016,37550,PE,0,0,0,1367.85,1253.35,0,0,0,0,17-AUG-2016,
OPTSTK,MRF,25-Aug-2016,37600,PE,0,0,0,1396.1,1290,0,0,0,0,17-AUG-2016,
OPTSTK,MRF,29-Sep-2016,32100,CE,0,0,0,2696.95,4837.05,0,0,0,0,17-AUG-2016,
OPTSTK,MRF,29-Sep-2016,32150,CE,0,0,0,2667.35,4792.55,0,0,0,0,17-AUG-2016,
OPTSTK,MRF,29-Sep-2016,32200,CE,0,0,0,2637.9,4748.2,0,0,0,0,17-AUG-2016,
OPTSTK,MRF,29-Sep-2016,32250,CE,0,0,0,2608.7,4704,0,0,0,0,17-AUG-2016,
OPTSTK,MRF,29-Sep-2016,32300,CE,0,0,0,2579.7,4659.9,0,0,0,0,17-AUG-2016,
OPTSTK,MRF,29-Sep-2016,32350,CE,0,0,0,2550.9,4615.95,0,0,0,0,17-AUG-2016,
OPTSTK,MRF,29-Sep-2016,32400,CE,0,0,0,2522.3,4572.15,0,0,0,0,17-AUG-2016,
OPTSTK,MRF,29-Sep-2016,32450,CE,0,0,0,2493.95,4528.45,0,0,0,0,17-AUG-2016,
OPTSTK,MRF,29-Sep-2016,32500,CE,0,0,0,2465.75,4484.95,0,0,0,0,17-AUG-2016,
OPTSTK,MRF,29-Sep-2016,32550,CE,0,0,0,2437.8,4441.6,0,0,0,0,17-AUG-2016,
OPTSTK,MRF,29-Sep-2016,32600,CE,0,0,0,2410.05,4398.4,0,0,0,0,17-AUG-2016,
OPTSTK,MRF,29-Sep-2016,32650,CE,0,0,0,2382.5,4355.35,0,0,0,0,17-AUG-2016,
OPTSTK,MRF,29-Sep-2016,32700,CE,0,0,0,2355.2,4312.45,0,0,0,0,17-AUG-2016,
OPTSTK,MRF,29-Sep-2016,32750,CE,0,0,0,2328.05,4269.7,0,0,0,0,17-AUG-2016,
OPTSTK,MRF,29-Sep-2016,32800,CE,0,0,0,2301.15,4227.15,0,0,0,0,17-AUG-2016,
OPTSTK,MRF,29-Sep-2016,32850,CE,0,0,0,2274.45,4184.7,0,0,0,0,17-AUG-2016,
OPTSTK,MRF,29-Sep-2016,32900,CE,0,0,0,2247.95,4142.5,0,0,0,0,17-AUG-2016,
OPTSTK,MRF,29-Sep-2016,32950,CE,0,0,0,2221.7,4100.4,0,0,0,0,17-AUG-2016,
OPTSTK,MRF,29-Sep-2016,33000,CE,0,0,0,2195.6,4058.5,0,0,0,0,17-AUG-2016,
OPTSTK,MRF,29-Sep-2016,33050,CE,0,0,0,2169.75,4016.8,0,0,0,0,17-AUG-2016,
OPTSTK,MRF,29-Sep-2016,33100,CE,0,0,0,2144.1,3975.25,0,0,0,0,17-AUG-2016,
OPTSTK,MRF,29-Sep-2016,33150,CE,0,0,0,2118.65,3933.85,0,0,0,0,17-AUG-2016,
OPTSTK,MRF,29-Sep-2016,33200,CE,0,0,0,2093.45,3892.65,0,0,0,0,17-AUG-2016,
OPTSTK,MRF,29-Sep-2016,33250,CE,0,0,0,2068.4,3851.65,0,0,0,0,17-AUG-2016,
OPTSTK,MRF,29-Sep-2016,33300,CE,0,0,0,2043.6,3810.85,0,0,0,0,17-AUG-2016,
OPTSTK,MRF,29-Sep-2016,33350,CE,0,0,0,2018.85,3770.2,0,0,0,0,17-AUG-2016,
OPTSTK,MRF,29-Sep-2016,33400,CE,0,0,0,1994.45,3729.75,0,0,0,0,17-AUG-2016,
OPTSTK,MRF,29-Sep-2016,33450,CE,0,0,0,1970.25,3689.5,0,0,0,0,17-AUG-2016,
OPTSTK,MRF,29-Sep-2016,33500,CE,0,0,0,1946.25,3649.45,0,0,0,0,17-AUG-2016,
OPTSTK,MRF,29-Sep-2016,33550,CE,0,0,0,1922.5,3609.55,0,0,0,0,17-AUG-2016,
OPTSTK,MRF,29-Sep-2016,33600,CE,0,0,0,1898.9,3569.9,0,0,0,0,17-AUG-2016,
OPTSTK,MRF,29-Sep-2016,33650,CE,0,0,0,1875.55,3530.45,0,0,0,0,17-AUG-2016,
OPTSTK,MRF,29-Sep-2016,33700,CE,0,0,0,1852.35,3491.15,0,0,0,0,17-AUG-2016,
OPTSTK,MRF,29-Sep-2016,33750,CE,0,0,0,1829.4,3452.1,0,0,0,0,17-AUG-2016,
OPTSTK,MRF,29-Sep-2016,33800,CE,0,0,0,1806.65,3413.25,0,0,0,0,17-AUG-2016,
OPTSTK,MRF,29-Sep-2016,33850,CE,0,0,0,1784.1,3374.6,0,0,0,0,17-AUG-2016,
OPTSTK,MRF,29-Sep-2016,33900,CE,0,0,0,1761.75,3336.2,0,0,0,0,17-AUG-2016,
OPTSTK,MRF,29-Sep-2016,33950,CE,0,0,0,1739.6,3297.95,0,0,0,0,17-AUG-2016,
OPTSTK,MRF,29-Sep-2016,34000,CE,0,0,0,1717.7,3259.95,0,0,0,0,17-AUG-2016,
OPTSTK,MRF,29-Sep-2016,34050,CE,0,0,0,1695.95,3222.15,0,0,0,0,17-AUG-2016,
OPTSTK,MRF,29-Sep-2016,34100,CE,0,0,0,1674.4,3184.6,0,0,0,0,17-AUG-2016,
OPTSTK,MRF,29-Sep-2016,34150,CE,0,0,0,1929.45,3147.25,0,0,0,0,17-AUG-2016,
OPTSTK,MRF,29-Sep-2016,34200,CE,0,0,0,1905.95,3111.5,0,0,0,0,17-AUG-2016,
OPTSTK,MRF,29-Sep-2016,34250,CE,0,0,0,1882.7,3074.5,0,0,0,0,17-AUG-2016,
OPTSTK,MRF,29-Sep-2016,34300,CE,0,0,0,1859.65,3037.75,0,0,0,0,17-AUG-2016,
OPTSTK,MRF,29-Sep-2016,34350,CE,0,0,0,1836.8,3001.25,0,0,0,0,17-AUG-2016,
OPTSTK,MRF,29-Sep-2016,34400,CE,0,0,0,1814.15,2964.95,0,0,0,0,17-AUG-2016,
OPTSTK,MRF,29-Sep-2016,34450,CE,0,0,0,1791.7,2928.9,0,0,0,0,17-AUG-2016,
OPTSTK,MRF,29-Sep-2016,34500,CE,0,0,0,1769.45,2893.05,0,0,0,0,17-AUG-2016,
OPTSTK,MRF,29-Sep-2016,34550,CE,0,0,0,1747.4,2857.5,0,0,0,0,17-AUG-2016,
OPTSTK,MRF,29-Sep-2016,34600,CE,0,0,0,1725.55,2820.7,0,0,0,0,17-AUG-2016,
OPTSTK,MRF,29-Sep-2016,34650,CE,0,0,0,1703.9,2785.65,0,0,0,0,17-AUG-2016,
OPTSTK,MRF,29-Sep-2016,34700,CE,0,0,0,2866.05,2750.85,0,0,0,0,17-AUG-2016,
OPTSTK,MRF,29-Sep-2016,34750,CE,0,0,0,2839.7,2716.3,0,0,0,0,17-AUG-2016,
OPTSTK,MRF,29-Sep-2016,34800,CE,0,0,0,2813.55,2681.95,0,0,0,0,17-AUG-2016,
OPTSTK,MRF,29-Sep-2016,34850,CE,0,0,0,2787.6,2647.9,0,0,0,0,17-AUG-2016,
OPTSTK,MRF,29-Sep-2016,34900,CE,0,0,0,2761.8,2614.05,0,0,0,0,17-AUG-2016,
OPTSTK,MRF,29-Sep-2016,34950,CE,0,0,0,2736.15,2580.5,0,0,0,0,17-AUG-2016,
OPTSTK,MRF,29-Sep-2016,35000,CE,0,0,0,2710.65,2547.15,0,0,0,0,17-AUG-2016,
OPTSTK,MRF,29-Sep-2016,35050,CE,0,0,0,2685.35,2514.05,0,0,0,0,17-AUG-2016,
OPTSTK,MRF,29-Sep-2016,35100,CE,0,0,0,2660.2,2481.2,0,0,0,0,17-AUG-2016,
OPTSTK,MRF,29-Sep-2016,35150,CE,0,0,0,2635.2,2448.6,0,0,0,0,17-AUG-2016,
OPTSTK,MRF,29-Sep-2016,35200,CE,0,0,0,2610.4,2416.3,0,0,0,0,17-AUG-2016,
OPTSTK,MRF,29-Sep-2016,35250,CE,0,0,0,2585.6,2384.2,0,0,0,0,17-AUG-2016,
OPTSTK,MRF,29-Sep-2016,35300,CE,0,0,0,2561.15,2352.35,0,0,0,0,17-AUG-2016,
OPTSTK,MRF,29-Sep-2016,35350,CE,0,0,0,2536.8,2320.8,0,0,0,0,17-AUG-2016,
OPTSTK,MRF,29-Sep-2016,35400,CE,0,0,0,2512.65,2289.45,0,0,0,0,17-AUG-2016,
OPTSTK,MRF,29-Sep-2016,35450,CE,0,0,0,2488.7,2258.4,0,0,0,0,17-AUG-2016,
OPTSTK,MRF,29-Sep-2016,35500,CE,0,0,0,2464.85,2227.6,0,0,0,0,17-AUG-2016,
OPTSTK,MRF,29-Sep-2016,35550,CE,0,0,0,2441.2,2197,0,0,0,0,17-AUG-2016,
OPTSTK,MRF,29-Sep-2016,35600,CE,0,0,0,2417.7,2166.75,0,0,0,0,17-AUG-2016,
OPTSTK,MRF,29-Sep-2016,35650,CE,0,0,0,2394.4,2136.7,0,0,0,0,17-AUG-2016,
OPTSTK,MRF,29-Sep-2016,35700,CE,0,0,0,2371.2,2106.9,0,0,0,0,17-AUG-2016,
OPTSTK,MRF,29-Sep-2016,35750,CE,0,0,0,2348.2,2077.4,0,0,0,0,17-AUG-2016,
OPTSTK,MRF,29-Sep-2016,35800,CE,0,0,0,2325.4,2048.15,0,0,0,0,17-AUG-2016,
OPTSTK,MRF,29-Sep-2016,35850,CE,0,0,0,2302.7,2019.15,0,0,0,0,17-AUG-2016,
OPTSTK,MRF,29-Sep-2016,35900,CE,0,0,0,2280.2,1990.4,0,0,0,0,17-AUG-2016,
OPTSTK,MRF,29-Sep-2016,35950,CE,0,0,0,2257.85,1961.95,0,0,0,0,17-AUG-2016,
OPTSTK,MRF,29-Sep-2016,36000,CE,0,0,0,2235.65,1933.7,0,0,0,0,17-AUG-2016,
OPTSTK,MRF,29-Sep-2016,36050,CE,0,0,0,2213.6,1905.75,0,0,0,0,17-AUG-2016,
OPTSTK,MRF,29-Sep-2016,36100,CE,0,0,0,2191.75,1878.05,0,0,0,0,17-AUG-2016,
OPTSTK,MRF,29-Sep-2016,36150,CE,0,0,0,2170.05,1850.65,0,0,0,0,17-AUG-2016,
OPTSTK,MRF,29-Sep-2016,36200,CE,0,0,0,2071.7,1823.5,0,0,0,0,17-AUG-2016,
OPTSTK,MRF,29-Sep-2016,36250,CE,0,0,0,2050.05,1796.6,0,0,0,0,17-AUG-2016,
OPTSTK,MRF,29-Sep-2016,36300,CE,0,0,0,1996.7,1769.95,0,0,0,0,17-AUG-2016,
OPTSTK,MRF,29-Sep-2016,36350,CE,0,0,0,1974.95,1743.55,0,0,0,0,17-AUG-2016,
OPTSTK,MRF,29-Sep-2016,36400,CE,0,0,0,1953.3,1717.45,0,0,0,0,17-AUG-2016,
OPTSTK,MRF,29-Sep-2016,36450,CE,0,0,0,2519.4,1691.6,0,0,0,0,17-AUG-2016,
OPTSTK,MRF,29-Sep-2016,36500,CE,0,0,0,2492.2,1666,0,0,0,0,17-AUG-2016,
OPTSTK,MRF,29-Sep-2016,36550,CE,0,0,0,2465.2,1640.65,0,0,0,0,17-AUG-2016,
OPTSTK,MRF,29-Sep-2016,36600,CE,0,0,0,2438.45,1615.6,0,0,0,0,17-AUG-2016,
OPTSTK,MRF,29-Sep-2016,36650,CE,0,0,0,2411.85,1590.65,0,0,0,0,17-AUG-2016,
OPTSTK,MRF,29-Sep-2016,36700,CE,0,0,0,2385.45,1566.1,0,0,0,0,17-AUG-2016,
OPTSTK,MRF,29-Sep-2016,36750,CE,0,0,0,2359.25,1541.8,0,0,0,0,17-AUG-2016,
OPTSTK,MRF,29-Sep-2016,36800,CE,0,0,0,2333.25,1517.8,0,0,0,0,17-AUG-2016,
OPTSTK,MRF,29-Sep-2016,36850,CE,0,0,0,2307.4,1494.05,0,0,0,0,17-AUG-2016,
OPTSTK,MRF,29-Sep-2016,36900,CE,0,0,0,2281.8,1470.55,0,0,0,0,17-AUG-2016,
OPTSTK,MRF,29-Sep-2016,36950,CE,0,0,0,2256.4,1447.3,0,0,0,0,17-AUG-2016,
OPTSTK,MRF,29-Sep-2016,37000,CE,0,0,0,2231.15,1424.3,0,0,0,0,17-AUG-2016,
OPTSTK,MRF,29-Sep-2016,37050,CE,0,0,0,2206.15,1401.55,0,0,0,0,17-AUG-2016,
OPTSTK,MRF,29-Sep-2016,37100,CE,0,0,0,2181.15,1379.1,0,0,0,0,17-AUG-2016,
OPTSTK,MRF,29-Sep-2016,37150,CE,0,0,0,2156.55,1356.85,0,0,0,0,17-AUG-2016,
OPTSTK,MRF,29-Sep-2016,37200,CE,0,0,0,2132.1,1334.9,0,0,0,0,17-AUG-2016,
OPTSTK,MRF,29-Sep-2016,37250,CE,0,0,0,2107.85,1313.2,0,0,0,0,17-AUG-2016,
OPTSTK,MRF,29-Sep-2016,37300,CE,0,0,0,2083.8,1291.75,0,0,0,0,17-AUG-2016,
OPTSTK,MRF,29-Sep-2016,37350,CE,0,0,0,2059.95,1270.5,0,0,0,0,17-AUG-2016,
OPTSTK,MRF,29-Sep-2016,37400,CE,0,0,0,2036.25,1249.55,0,0,0,0,17-AUG-2016,
OPTSTK,MRF,29-Sep-2016,37450,CE,0,0,0,2012.8,1228.85,0,0,0,0,17-AUG-2016,
OPTSTK,MRF,29-Sep-2016,37500,CE,0,0,0,1989.5,1208.4,0,0,0,0,17-AUG-2016,
OPTSTK,MRF,29-Sep-2016,37550,CE,0,0,0,1966.45,1188.2,0,0,0,0,17-AUG-2016,
OPTSTK,MRF,29-Sep-2016,37600,CE,0,0,0,1943.55,1168.25,0,0,0,0,17-AUG-2016,
OPTSTK,MRF,29-Sep-2016,32100,PE,0,0,0,1152.15,152.15,0,0,0,0,17-AUG-2016,
OPTSTK,MRF,29-Sep-2016,32150,PE,0,0,0,1171.65,157.25,0,0,0,0,17-AUG-2016,
OPTSTK,MRF,29-Sep-2016,32200,PE,0,0,0,1191.35,162.45,0,0,0,0,17-AUG-2016,
OPTSTK,MRF,29-Sep-2016,32250,PE,0,0,0,1211.25,167.85,0,0,0,0,17-AUG-2016,
OPTSTK,MRF,29-Sep-2016,32300,PE,0,0,0,1231.35,173.35,0,0,0,0,17-AUG-2016,
OPTSTK,MRF,29-Sep-2016,32350,PE,0,0,0,1251.7,179,0,0,0,0,17-AUG-2016,
OPTSTK,MRF,29-Sep-2016,32400,PE,0,0,0,1272.2,184.75,0,0,0,0,17-AUG-2016,
OPTSTK,MRF,29-Sep-2016,32450,PE,0,0,0,1292.95,190.7,0,0,0,0,17-AUG-2016,
OPTSTK,MRF,29-Sep-2016,32500,PE,0,0,0,1313.9,196.8,0,0,0,0,17-AUG-2016,
OPTSTK,MRF,29-Sep-2016,32550,PE,0,0,0,1335.05,203.05,0,0,0,0,17-AUG-2016,
OPTSTK,MRF,29-Sep-2016,32600,PE,0,0,0,1356.45,209.4,0,0,0,0,17-AUG-2016,
OPTSTK,MRF,29-Sep-2016,32650,PE,0,0,0,1378,215.95,0,0,0,0,17-AUG-2016,
OPTSTK,MRF,29-Sep-2016,32700,PE,0,0,0,1399.8,222.65,0,0,0,0,17-AUG-2016,
OPTSTK,MRF,29-Sep-2016,32750,PE,0,0,0,1421.8,229.5,0,0,0,0,17-AUG-2016,
OPTSTK,MRF,29-Sep-2016,32800,PE,0,0,0,1444,236.55,0,0,0,0,17-AUG-2016,
OPTSTK,MRF,29-Sep-2016,32850,PE,0,0,0,1466.4,243.7,0,0,0,0,17-AUG-2016,
OPTSTK,MRF,29-Sep-2016,32900,PE,0,0,0,1489.05,251.1,0,0,0,0,17-AUG-2016,
OPTSTK,MRF,29-Sep-2016,32950,PE,0,0,0,1511.9,258.6,0,0,0,0,17-AUG-2016,
OPTSTK,MRF,29-Sep-2016,33000,PE,0,0,0,1534.9,266.3,0,0,0,0,17-AUG-2016,
OPTSTK,MRF,29-Sep-2016,33050,PE,0,0,0,1558.2,274.15,0,0,0,0,17-AUG-2016,
OPTSTK,MRF,29-Sep-2016,33100,PE,0,0,0,1581.65,282.2,0,0,0,0,17-AUG-2016,
OPTSTK,MRF,29-Sep-2016,33150,PE,0,0,0,1605.3,290.45,0,0,0,0,17-AUG-2016,
OPTSTK,MRF,29-Sep-2016,33200,PE,0,0,0,1629.2,298.85,0,0,0,0,17-AUG-2016,
OPTSTK,MRF,29-Sep-2016,33250,PE,0,0,0,1653.3,307.4,0,0,0,0,17-AUG-2016,
OPTSTK,MRF,29-Sep-2016,33300,PE,0,0,0,1677.6,316.2,0,0,0,0,17-AUG-2016,
OPTSTK,MRF,29-Sep-2016,33350,PE,0,0,0,1701.95,325.15,0,0,0,0,17-AUG-2016,
OPTSTK,MRF,29-Sep-2016,33400,PE,0,0,0,1726.7,334.3,0,0,0,0,17-AUG-2016,
OPTSTK,MRF,29-Sep-2016,33450,PE,0,0,0,1751.6,343.65,0,0,0,0,17-AUG-2016,
OPTSTK,MRF,29-Sep-2016,33500,PE,0,0,0,1776.75,353.15,0,0,0,0,17-AUG-2016,
OPTSTK,MRF,29-Sep-2016,33550,PE,0,0,0,1802.05,362.9,0,0,0,0,17-AUG-2016,
OPTSTK,MRF,29-Sep-2016,33600,PE,0,0,0,1827.6,372.85,0,0,0,0,17-AUG-2016,
OPTSTK,MRF,29-Sep-2016,33650,PE,0,0,0,1853.35,382.95,0,0,0,0,17-AUG-2016,
OPTSTK,MRF,29-Sep-2016,33700,PE,0,0,0,1879.3,393.3,0,0,0,0,17-AUG-2016,
OPTSTK,MRF,29-Sep-2016,33750,PE,0,0,0,1905.45,403.8,0,0,0,0,17-AUG-2016,
OPTSTK,MRF,29-Sep-2016,33800,PE,0,0,0,1931.85,414.55,0,0,0,0,17-AUG-2016,
OPTSTK,MRF,29-Sep-2016,33850,PE,0,0,0,1958.4,425.5,0,0,0,0,17-AUG-2016,
OPTSTK,MRF,29-Sep-2016,33900,PE,0,0,0,1985.15,436.7,0,0,0,0,17-AUG-2016,
OPTSTK,MRF,29-Sep-2016,33950,PE,0,0,0,2012.15,448.05,0,0,0,0,17-AUG-2016,
OPTSTK,MRF,29-Sep-2016,34000,PE,0,0,0,2039.3,459.65,0,0,0,0,17-AUG-2016,
OPTSTK,MRF,29-Sep-2016,34050,PE,0,0,0,2066.7,471.45,0,0,0,0,17-AUG-2016,
OPTSTK,MRF,29-Sep-2016,34100,PE,0,0,0,2094.25,483.45,0,0,0,0,17-AUG-2016,
OPTSTK,MRF,29-Sep-2016,34150,PE,0,0,0,1840.75,495.7,0,0,0,0,17-AUG-2016,
OPTSTK,MRF,29-Sep-2016,34200,PE,0,0,0,1866.45,509.55,0,0,0,0,17-AUG-2016,
OPTSTK,MRF,29-Sep-2016,34250,PE,0,0,0,1892.35,522.2,0,0,0,0,17-AUG-2016,
OPTSTK,MRF,29-Sep-2016,34300,PE,0,0,0,1918.4,535.05,0,0,0,0,17-AUG-2016,
OPTSTK,MRF,29-Sep-2016,34350,PE,0,0,0,1944.7,548.1,0,0,0,0,17-AUG-2016,
OPTSTK,MRF,29-Sep-2016,34400,PE,0,0,0,1971.2,561.4,0,0,0,0,17-AUG-2016,
OPTSTK,MRF,29-Sep-2016,34450,PE,0,0,0,1997.9,574.95,0,0,0,0,17-AUG-2016,
OPTSTK,MRF,29-Sep-2016,34500,PE,0,0,0,2024.8,588.7,0,0,0,0,17-AUG-2016,
OPTSTK,MRF,29-Sep-2016,34550,PE,0,0,0,2051.9,602.75,0,0,0,0,17-AUG-2016,
OPTSTK,MRF,29-Sep-2016,34600,PE,0,0,0,2079.2,615.5,0,0,0,0,17-AUG-2016,
OPTSTK,MRF,29-Sep-2016,34650,PE,0,0,0,2106.7,630.1,0,0,0,0,17-AUG-2016,
OPTSTK,MRF,29-Sep-2016,34700,PE,0,0,0,1838.75,644.85,0,0,0,0,17-AUG-2016,
OPTSTK,MRF,29-Sep-2016,34750,PE,0,0,0,1861.6,659.9,0,0,0,0,17-AUG-2016,
OPTSTK,MRF,29-Sep-2016,34800,PE,0,0,0,1884.65,675.2,0,0,0,0,17-AUG-2016,
OPTSTK,MRF,29-Sep-2016,34850,PE,0,0,0,1907.8,690.7,0,0,0,0,17-AUG-2016,
OPTSTK,MRF,29-Sep-2016,34900,PE,0,0,0,1931.15,706.45,0,0,0,0,17-AUG-2016,
OPTSTK,MRF,29-Sep-2016,34950,PE,0,0,0,1954.7,722.5,0,0,0,0,17-AUG-2016,
OPTSTK,MRF,29-Sep-2016,35000,PE,0,0,0,1978.35,738.75,0,0,0,0,17-AUG-2016,
OPTSTK,MRF,29-Sep-2016,35050,PE,0,0,0,2002.2,755.25,0,0,0,0,17-AUG-2016,
OPTSTK,MRF,29-Sep-2016,35100,PE,0,0,0,2026.25,772,0,0,0,0,17-AUG-2016,
OPTSTK,MRF,29-Sep-2016,35150,PE,0,0,0,2050.4,789,0,0,0,0,17-AUG-2016,
OPTSTK,MRF,29-Sep-2016,35200,PE,0,0,0,2074.75,806.25,0,0,0,0,17-AUG-2016,
OPTSTK,MRF,29-Sep-2016,35250,PE,0,0,0,2099.15,823.75,0,0,0,0,17-AUG-2016,
OPTSTK,MRF,29-Sep-2016,35300,PE,0,0,0,2123.85,841.55,0,0,0,0,17-AUG-2016,
OPTSTK,MRF,29-Sep-2016,35350,PE,0,0,0,2148.65,859.55,0,0,0,0,17-AUG-2016,
OPTSTK,MRF,29-Sep-2016,35400,PE,0,0,0,2173.7,877.8,0,0,0,0,17-AUG-2016,
OPTSTK,MRF,29-Sep-2016,35450,PE,0,0,0,2198.85,896.35,0,0,0,0,17-AUG-2016,
OPTSTK,MRF,29-Sep-2016,35500,PE,0,0,0,2224.2,915.1,0,0,0,0,17-AUG-2016,
OPTSTK,MRF,29-Sep-2016,35550,PE,0,0,0,2249.7,934.15,0,0,0,0,17-AUG-2016,
OPTSTK,MRF,29-Sep-2016,35600,PE,0,0,0,2275.4,953.45,0,0,0,0,17-AUG-2016,
OPTSTK,MRF,29-Sep-2016,35650,PE,0,0,0,2301.2,973,0,0,0,0,17-AUG-2016,
OPTSTK,MRF,29-Sep-2016,35700,PE,0,0,0,2327.2,992.85,0,0,0,0,17-AUG-2016,
OPTSTK,MRF,29-Sep-2016,35750,PE,0,0,0,2353.4,1012.9,0,0,0,0,17-AUG-2016,
OPTSTK,MRF,29-Sep-2016,35800,PE,0,0,0,2379.7,1033.25,0,0,0,0,17-AUG-2016,
OPTSTK,MRF,29-Sep-2016,35850,PE,0,0,0,2406.2,1053.85,0,0,0,0,17-AUG-2016,
OPTSTK,MRF,29-Sep-2016,35900,PE,0,0,0,2432.85,1074.7,0,0,0,0,17-AUG-2016,
OPTSTK,MRF,29-Sep-2016,35950,PE,0,0,0,2459.65,1095.85,0,0,0,0,17-AUG-2016,
OPTSTK,MRF,29-Sep-2016,36000,PE,0,0,0,2486.6,1117.2,0,0,0,0,17-AUG-2016,
OPTSTK,MRF,29-Sep-2016,36050,PE,0,0,0,2513.75,1138.85,0,0,0,0,17-AUG-2016,
OPTSTK,MRF,29-Sep-2016,36100,PE,0,0,0,2541.05,1160.75,0,0,0,0,17-AUG-2016,
OPTSTK,MRF,29-Sep-2016,36150,PE,0,0,0,2568.5,1182.95,0,0,0,0,17-AUG-2016,
OPTSTK,MRF,29-Sep-2016,36200,PE,0,0,0,2458.65,1205.35,0,0,0,0,17-AUG-2016,
OPTSTK,MRF,29-Sep-2016,36250,PE,0,0,0,2486.25,1228.05,0,0,0,0,17-AUG-2016,
OPTSTK,MRF,29-Sep-2016,36300,PE,0,0,0,2342.9,1251,0,0,0,0,17-AUG-2016,
OPTSTK,MRF,29-Sep-2016,36350,PE,0,0,0,2370.35,1274.25,0,0,0,0,17-AUG-2016,
OPTSTK,MRF,29-Sep-2016,36400,PE,0,0,0,2397.95,1297.7,0,0,0,0,17-AUG-2016,
OPTSTK,MRF,29-Sep-2016,36450,PE,0,0,0,1536.75,1321.45,0,0,0,0,17-AUG-2016,
OPTSTK,MRF,29-Sep-2016,36500,PE,0,0,0,1559.1,1345.45,0,0,0,0,17-AUG-2016,
OPTSTK,MRF,29-Sep-2016,36550,PE,0,0,0,1581.6,1369.7,0,0,0,0,17-AUG-2016,
OPTSTK,MRF,29-Sep-2016,36600,PE,0,0,0,1604.3,1394.25,0,0,0,0,17-AUG-2016,
OPTSTK,MRF,29-Sep-2016,36650,PE,0,0,0,1627.2,1418.9,0,0,0,0,17-AUG-2016,
OPTSTK,MRF,29-Sep-2016,36700,PE,0,0,0,1650.3,1443.95,0,0,0,0,17-AUG-2016,
OPTSTK,MRF,29-Sep-2016,36750,PE,0,0,0,1673.6,1469.25,0,0,0,0,17-AUG-2016,
OPTSTK,MRF,29-Sep-2016,36800,PE,0,0,0,1697.1,1494.8,0,0,0,0,17-AUG-2016,
OPTSTK,MRF,29-Sep-2016,36850,PE,0,0,0,1720.8,1520.65,0,0,0,0,17-AUG-2016,
OPTSTK,MRF,29-Sep-2016,36900,PE,0,0,0,1744.7,1546.75,0,0,0,0,17-AUG-2016,
OPTSTK,MRF,29-Sep-2016,36950,PE,0,0,0,1768.75,1573.1,0,0,0,0,17-AUG-2016,
OPTSTK,MRF,29-Sep-2016,37000,PE,0,0,0,1793.05,1599.7,0,0,0,0,17-AUG-2016,
OPTSTK,MRF,29-Sep-2016,37050,PE,0,0,0,1817.5,1626.55,0,0,0,0,17-AUG-2016,
OPTSTK,MRF,29-Sep-2016,37100,PE,0,0,0,1842.05,1653.7,0,0,0,0,17-AUG-2016,
OPTSTK,MRF,29-Sep-2016,37150,PE,0,0,0,1866.9,1681.05,0,0,0,0,17-AUG-2016,
OPTSTK,MRF,29-Sep-2016,37200,PE,0,0,0,1891.95,1708.7,0,0,0,0,17-AUG-2016,
OPTSTK,MRF,29-Sep-2016,37250,PE,0,0,0,1917.25,1736.55,0,0,0,0,17-AUG-2016,
OPTSTK,MRF,29-Sep-2016,37300,PE,0,0,0,1942.65,1764.7,0,0,0,0,17-AUG-2016,
OPTSTK,MRF,29-Sep-2016,37350,PE,0,0,0,1968.3,1793.1,0,0,0,0,17-AUG-2016,
OPTSTK,MRF,29-Sep-2016,37400,PE,0,0,0,1994.15,1821.75,0,0,0,0,17-AUG-2016,
OPTSTK,MRF,29-Sep-2016,37450,PE,0,0,0,2020.2,1850.65,0,0,0,0,17-AUG-2016,
OPTSTK,MRF,29-Sep-2016,37500,PE,0,0,0,2046.4,1879.75,0,0,0,0,17-AUG-2016,
OPTSTK,MRF,29-Sep-2016,37550,PE,0,0,0,2072.8,1909.15,0,0,0,0,17-AUG-2016,
OPTSTK,MRF,29-Sep-2016,37600,PE,0,0,0,2099.4,1938.8,0,0,0,0,17-AUG-2016,
OPTSTK,MRF,27-Oct-2016,33050,CE,0,0,0,2799.05,4417.8,0,0,0,0,17-AUG-2016,
OPTSTK,MRF,27-Oct-2016,33100,CE,0,0,0,2769.65,4379.2,0,0,0,0,17-AUG-2016,
OPTSTK,MRF,27-Oct-2016,33150,CE,0,0,0,2740.4,4340.75,0,0,0,0,17-AUG-2016,
OPTSTK,MRF,27-Oct-2016,33200,CE,0,0,0,2711.35,4302.5,0,0,0,0,17-AUG-2016,
OPTSTK,MRF,27-Oct-2016,33250,CE,0,0,0,2682.55,4264.4,0,0,0,0,17-AUG-2016,
OPTSTK,MRF,27-Oct-2016,33300,CE,0,0,0,2653.9,4226.45,0,0,0,0,17-AUG-2016,
OPTSTK,MRF,27-Oct-2016,33350,CE,0,0,0,2625.45,4188.65,0,0,0,0,17-AUG-2016,
OPTSTK,MRF,27-Oct-2016,33400,CE,0,0,0,2597.25,4151.05,0,0,0,0,17-AUG-2016,
OPTSTK,MRF,27-Oct-2016,33450,CE,0,0,0,2569.2,4113.65,0,0,0,0,17-AUG-2016,
OPTSTK,MRF,27-Oct-2016,33500,CE,0,0,0,2541.4,4076.35,0,0,0,0,17-AUG-2016,
OPTSTK,MRF,27-Oct-2016,33550,CE,0,0,0,2513.75,4039.3,0,0,0,0,17-AUG-2016,
OPTSTK,MRF,27-Oct-2016,33600,CE,0,0,0,2486.3,4003.75,0,0,0,0,17-AUG-2016,
OPTSTK,MRF,27-Oct-2016,33650,CE,0,0,0,2459.1,3966.95,0,0,0,0,17-AUG-2016,
OPTSTK,MRF,27-Oct-2016,33700,CE,0,0,0,2432.05,3930.35,0,0,0,0,17-AUG-2016,
OPTSTK,MRF,27-Oct-2016,33750,CE,0,0,0,2405.25,3893.9,0,0,0,0,17-AUG-2016,
OPTSTK,MRF,27-Oct-2016,33800,CE,0,0,0,2378.6,3857.7,0,0,0,0,17-AUG-2016,
OPTSTK,MRF,27-Oct-2016,33850,CE,0,0,0,2352.2,3821.6,0,0,0,0,17-AUG-2016,
OPTSTK,MRF,27-Oct-2016,33900,CE,0,0,0,2325.95,3785.75,0,0,0,0,17-AUG-2016,
OPTSTK,MRF,27-Oct-2016,33950,CE,0,0,0,2299.9,3750.05,0,0,0,0,17-AUG-2016,
OPTSTK,MRF,27-Oct-2016,34000,CE,0,0,0,2274.1,3714.5,0,0,0,0,17-AUG-2016,
OPTSTK,MRF,27-Oct-2016,34050,CE,0,0,0,2248.45,3679.2,0,0,0,0,17-AUG-2016,
OPTSTK,MRF,27-Oct-2016,34100,CE,0,0,0,2223.05,3644.05,0,0,0,0,17-AUG-2016,
OPTSTK,MRF,27-Oct-2016,34150,CE,0,0,0,2197.8,3609.1,0,0,0,0,17-AUG-2016,
OPTSTK,MRF,27-Oct-2016,34200,CE,0,0,0,2172.75,3572.8,0,0,0,0,17-AUG-2016,
OPTSTK,MRF,27-Oct-2016,34250,CE,0,0,0,2147.95,3538.3,0,0,0,0,17-AUG-2016,
OPTSTK,MRF,27-Oct-2016,34300,CE,0,0,0,2123.15,3503.95,0,0,0,0,17-AUG-2016,
OPTSTK,MRF,27-Oct-2016,34350,CE,0,0,0,2098.75,3469.8,0,0,0,0,17-AUG-2016,
OPTSTK,MRF,27-Oct-2016,34400,CE,0,0,0,2074.5,3435.85,0,0,0,0,17-AUG-2016,
OPTSTK,MRF,27-Oct-2016,34450,CE,0,0,0,2050.45,3402.1,0,0,0,0,17-AUG-2016,
OPTSTK,MRF,27-Oct-2016,34500,CE,0,0,0,2026.6,3368.55,0,0,0,0,17-AUG-2016,
OPTSTK,MRF,27-Oct-2016,34550,CE,0,0,0,2002.95,3335.15,0,0,0,0,17-AUG-2016,
OPTSTK,MRF,27-Oct-2016,34600,CE,0,0,0,1979.5,3301.95,0,0,0,0,17-AUG-2016,
OPTSTK,MRF,27-Oct-2016,34650,CE,0,0,0,1956.25,3269,0,0,0,0,17-AUG-2016,
OPTSTK,MRF,27-Oct-2016,34700,CE,0,0,0,1933.2,3236.2,0,0,0,0,17-AUG-2016,
OPTSTK,MRF,27-Oct-2016,34750,CE,0,0,0,1910.35,3203.6,0,0,0,0,17-AUG-2016,
OPTSTK,MRF,27-Oct-2016,34800,CE,0,0,0,1887.7,3171.2,0,0,0,0,17-AUG-2016,
OPTSTK,MRF,27-Oct-2016,34850,CE,0,0,0,1865.2,3138.95,0,0,0,0,17-AUG-2016,
OPTSTK,MRF,27-Oct-2016,34900,CE,0,0,0,1842.95,3106.95,0,0,0,0,17-AUG-2016,
OPTSTK,MRF,27-Oct-2016,34950,CE,0,0,0,1820.85,3075.15,0,0,0,0,17-AUG-2016,
OPTSTK,MRF,27-Oct-2016,35000,CE,0,0,0,1798.95,3043.55,0,0,0,0,17-AUG-2016,
OPTSTK,MRF,27-Oct-2016,35050,CE,0,0,0,1777.25,3012.1,0,0,0,0,17-AUG-2016,
OPTSTK,MRF,27-Oct-2016,35100,CE,0,0,0,1883.55,2980.9,0,0,0,0,17-AUG-2016,
OPTSTK,MRF,27-Oct-2016,35150,CE,0,0,0,1860.1,2949.9,0,0,0,0,17-AUG-2016,
OPTSTK,MRF,27-Oct-2016,35200,CE,0,0,0,1836.85,2919.05,0,0,0,0,17-AUG-2016,
OPTSTK,MRF,27-Oct-2016,35250,CE,0,0,0,1813.8,2888.45,0,0,0,0,17-AUG-2016,
OPTSTK,MRF,27-Oct-2016,35300,CE,0,0,0,1790.95,2858.05,0,0,0,0,17-AUG-2016,
OPTSTK,MRF,27-Oct-2016,35350,CE,0,0,0,1768.3,2827.8,0,0,0,0,17-AUG-2016,
OPTSTK,MRF,27-Oct-2016,35400,CE,0,0,0,1745.9,2797.8,0,0,0,0,17-AUG-2016,
OPTSTK,MRF,27-Oct-2016,35450,CE,0,0,0,1723.65,2768,0,0,0,0,17-AUG-2016,
OPTSTK,MRF,27-Oct-2016,35500,CE,0,0,0,1701.65,2738.35,0,0,0,0,17-AUG-2016,
OPTSTK,MRF,27-Oct-2016,35550,CE,0,0,0,1679.85,2708.95,0,0,0,0,17-AUG-2016,
OPTSTK,MRF,27-Oct-2016,35600,CE,0,0,0,1658.25,2679.75,0,0,0,0,17-AUG-2016,
OPTSTK,MRF,27-Oct-2016,35650,CE,0,0,0,2041.7,2650.75,0,0,0,0,17-AUG-2016,
OPTSTK,MRF,27-Oct-2016,35700,CE,0,0,0,2017.65,2621.95,0,0,0,0,17-AUG-2016,
OPTSTK,MRF,27-Oct-2016,35750,CE,0,0,0,1993.75,2593.35,0,0,0,0,17-AUG-2016,
OPTSTK,MRF,27-Oct-2016,35800,CE,0,0,0,1970.05,2564.95,0,0,0,0,17-AUG-2016,
OPTSTK,MRF,27-Oct-2016,35850,CE,0,0,0,1946.55,2536.75,0,0,0,0,17-AUG-2016,
OPTSTK,MRF,27-Oct-2016,35900,CE,0,0,0,1923.3,2508.8,0,0,0,0,17-AUG-2016,
OPTSTK,MRF,27-Oct-2016,35950,CE,0,0,0,1900.2,2481,0,0,0,0,17-AUG-2016,
OPTSTK,MRF,27-Oct-2016,36000,CE,0,0,0,1877.3,2453.4,0,0,0,0,17-AUG-2016,
OPTSTK,MRF,27-Oct-2016,36050,CE,0,0,0,1854.6,2426.05,0,0,0,0,17-AUG-2016,
OPTSTK,MRF,27-Oct-2016,36100,CE,0,0,0,1832.1,2398.85,0,0,0,0,17-AUG-2016,
OPTSTK,MRF,27-Oct-2016,36150,CE,0,0,0,1809.8,2371.9,0,0,0,0,17-AUG-2016,
OPTSTK,MRF,27-Oct-2016,36200,CE,0,0,0,1787.7,2345.15,0,0,0,0,17-AUG-2016,
OPTSTK,MRF,27-Oct-2016,36250,CE,0,0,0,1765.8,2318.55,0,0,0,0,17-AUG-2016,
OPTSTK,MRF,27-Oct-2016,36300,CE,0,0,0,1744.1,2292.2,0,0,0,0,17-AUG-2016,
OPTSTK,MRF,27-Oct-2016,36350,CE,0,0,0,3137.3,2266.05,0,0,0,0,17-AUG-2016,
OPTSTK,MRF,27-Oct-2016,36400,CE,0,0,0,3110.35,2240.1,0,0,0,0,17-AUG-2016,
OPTSTK,MRF,27-Oct-2016,36450,CE,0,0,0,3083.55,2214.35,0,0,0,0,17-AUG-2016,
OPTSTK,MRF,27-Oct-2016,36500,CE,0,0,0,3056.95,2188.8,0,0,0,0,17-AUG-2016,
OPTSTK,MRF,27-Oct-2016,36550,CE,0,0,0,3030.45,2163.45,0,0,0,0,17-AUG-2016,
OPTSTK,MRF,27-Oct-2016,36600,CE,0,0,0,3004.15,2138.3,0,0,0,0,17-AUG-2016,
OPTSTK,MRF,27-Oct-2016,36650,CE,0,0,0,2978,2113.35,0,0,0,0,17-AUG-2016,
OPTSTK,MRF,27-Oct-2016,36700,CE,0,0,0,2952,2088.5,0,0,0,0,17-AUG-2016,
OPTSTK,MRF,27-Oct-2016,36750,CE,0,0,0,2926.2,2063.95,0,0,0,0,17-AUG-2016,
OPTSTK,MRF,27-Oct-2016,36800,CE,0,0,0,2900.5,2039.6,0,0,0,0,17-AUG-2016,
OPTSTK,MRF,27-Oct-2016,36850,CE,0,0,0,2875,2015.45,0,0,0,0,17-AUG-2016,
OPTSTK,MRF,27-Oct-2016,36900,CE,0,0,0,2849.65,1991.55,0,0,0,0,17-AUG-2016,
OPTSTK,MRF,27-Oct-2016,36950,CE,0,0,0,2824.45,1967.8,0,0,0,0,17-AUG-2016,
OPTSTK,MRF,27-Oct-2016,37000,CE,0,0,0,2799.4,1944.25,0,0,0,0,17-AUG-2016,
OPTSTK,MRF,27-Oct-2016,37050,CE,0,0,0,2774.5,1920.95,0,0,0,0,17-AUG-2016,
OPTSTK,MRF,27-Oct-2016,37100,CE,0,0,0,2749.8,1897.8,0,0,0,0,17-AUG-2016,
OPTSTK,MRF,27-Oct-2016,37150,CE,0,0,0,2725.05,1874.85,0,0,0,0,17-AUG-2016,
OPTSTK,MRF,27-Oct-2016,37200,CE,0,0,0,2700.65,1852.15,0,0,0,0,17-AUG-2016,
OPTSTK,MRF,27-Oct-2016,37250,CE,0,0,0,2676.4,1829.6,0,0,0,0,17-AUG-2016,
OPTSTK,MRF,27-Oct-2016,37300,CE,0,0,0,2652.3,1807.25,0,0,0,0,17-AUG-2016,
OPTSTK,MRF,27-Oct-2016,37350,CE,0,0,0,2628.35,1785.1,0,0,0,0,17-AUG-2016,
OPTSTK,MRF,27-Oct-2016,37400,CE,0,0,0,2604.55,1763.15,0,0,0,0,17-AUG-2016,
OPTSTK,MRF,27-Oct-2016,37450,CE,0,0,0,2580.9,1741.4,0,0,0,0,17-AUG-2016,
OPTSTK,MRF,27-Oct-2016,37500,CE,0,0,0,2557.45,1719.85,0,0,0,0,17-AUG-2016,
OPTSTK,MRF,27-Oct-2016,37550,CE,0,0,0,2534.1,1698.5,0,0,0,0,17-AUG-2016,
OPTSTK,MRF,27-Oct-2016,37600,CE,0,0,0,2510.95,1677.3,0,0,0,0,17-AUG-2016,
OPTSTK,MRF,27-Oct-2016,33050,PE,0,0,0,1227.4,502.15,0,0,0,0,17-AUG-2016,
OPTSTK,MRF,27-Oct-2016,33100,PE,0,0,0,1247.15,512.85,0,0,0,0,17-AUG-2016,
OPTSTK,MRF,27-Oct-2016,33150,PE,0,0,0,1267.05,523.75,0,0,0,0,17-AUG-2016,
OPTSTK,MRF,27-Oct-2016,33200,PE,0,0,0,1287.15,534.8,0,0,0,0,17-AUG-2016,
OPTSTK,MRF,27-Oct-2016,33250,PE,0,0,0,1307.45,546.05,0,0,0,0,17-AUG-2016,
OPTSTK,MRF,27-Oct-2016,33300,PE,0,0,0,1327.95,557.4,0,0,0,0,17-AUG-2016,
OPTSTK,MRF,27-Oct-2016,33350,PE,0,0,0,1348.7,569,0,0,0,0,17-AUG-2016,
OPTSTK,MRF,27-Oct-2016,33400,PE,0,0,0,1369.6,580.7,0,0,0,0,17-AUG-2016,
OPTSTK,MRF,27-Oct-2016,33450,PE,0,0,0,1390.7,592.6,0,0,0,0,17-AUG-2016,
OPTSTK,MRF,27-Oct-2016,33500,PE,0,0,0,1412,604.7,0,0,0,0,17-AUG-2016,
OPTSTK,MRF,27-Oct-2016,33550,PE,0,0,0,1433.5,616.95,0,0,0,0,17-AUG-2016,
OPTSTK,MRF,27-Oct-2016,33600,PE,0,0,0,1455.25,630.7,0,0,0,0,17-AUG-2016,
OPTSTK,MRF,27-Oct-2016,33650,PE,0,0,0,1477.15,643.25,0,0,0,0,17-AUG-2016,
OPTSTK,MRF,27-Oct-2016,33700,PE,0,0,0,1499.25,656,0,0,0,0,17-AUG-2016,
OPTSTK,MRF,27-Oct-2016,33750,PE,0,0,0,1521.55,668.9,0,0,0,0,17-AUG-2016,
OPTSTK,MRF,27-Oct-2016,33800,PE,0,0,0,1544.1,682,0,0,0,0,17-AUG-2016,
OPTSTK,MRF,27-Oct-2016,33850,PE,0,0,0,1566.8,695.25,0,0,0,0,17-AUG-2016,
OPTSTK,MRF,27-Oct-2016,33900,PE,0,0,0,1589.7,708.7,0,0,0,0,17-AUG-2016,
OPTSTK,MRF,27-Oct-2016,33950,PE,0,0,0,1612.8,722.35,0,0,0,0,17-AUG-2016,
OPTSTK,MRF,27-Oct-2016,34000,PE,0,0,0,1636.15,736.15,0,0,0,0,17-AUG-2016,
OPTSTK,MRF,27-Oct-2016,34050,PE,0,0,0,1659.65,750.15,0,0,0,0,17-AUG-2016,
OPTSTK,MRF,27-Oct-2016,34100,PE,0,0,0,1683.35,764.35,0,0,0,0,17-AUG-2016,
OPTSTK,MRF,27-Oct-2016,34150,PE,0,0,0,1707.25,778.75,0,0,0,0,17-AUG-2016,
OPTSTK,MRF,27-Oct-2016,34200,PE,0,0,0,1731.4,791.8,0,0,0,0,17-AUG-2016,
OPTSTK,MRF,27-Oct-2016,34250,PE,0,0,0,1755.7,806.6,0,0,0,0,17-AUG-2016,
OPTSTK,MRF,27-Oct-2016,34300,PE,0,0,0,1780.05,821.6,0,0,0,0,17-AUG-2016,
OPTSTK,MRF,27-Oct-2016,34350,PE,0,0,0,1804.75,836.8,0,0,0,0,17-AUG-2016,
OPTSTK,MRF,27-Oct-2016,34400,PE,0,0,0,1829.65,852.2,0,0,0,0,17-AUG-2016,
OPTSTK,MRF,27-Oct-2016,34450,PE,0,0,0,1854.75,867.75,0,0,0,0,17-AUG-2016,
OPTSTK,MRF,27-Oct-2016,34500,PE,0,0,0,1880.05,883.5,0,0,0,0,17-AUG-2016,
OPTSTK,MRF,27-Oct-2016,34550,PE,0,0,0,1905.55,899.45,0,0,0,0,17-AUG-2016,
OPTSTK,MRF,27-Oct-2016,34600,PE,0,0,0,1931.25,915.6,0,0,0,0,17-AUG-2016,
OPTSTK,MRF,27-Oct-2016,34650,PE,0,0,0,1957.15,931.95,0,0,0,0,17-AUG-2016,
OPTSTK,MRF,27-Oct-2016,34700,PE,0,0,0,1983.25,948.5,0,0,0,0,17-AUG-2016,
OPTSTK,MRF,27-Oct-2016,34750,PE,0,0,0,2009.5,965.25,0,0,0,0,17-AUG-2016,
OPTSTK,MRF,27-Oct-2016,34800,PE,0,0,0,2036,982.15,0,0,0,0,17-AUG-2016,
OPTSTK,MRF,27-Oct-2016,34850,PE,0,0,0,2062.65,999.3,0,0,0,0,17-AUG-2016,
OPTSTK,MRF,27-Oct-2016,34900,PE,0,0,0,2089.5,1016.6,0,0,0,0,17-AUG-2016,
OPTSTK,MRF,27-Oct-2016,34950,PE,0,0,0,2116.55,1034.15,0,0,0,0,17-AUG-2016,
OPTSTK,MRF,27-Oct-2016,35000,PE,0,0,0,2143.8,1051.85,0,0,0,0,17-AUG-2016,
OPTSTK,MRF,27-Oct-2016,35050,PE,0,0,0,2171.25,1069.75,0,0,0,0,17-AUG-2016,
OPTSTK,MRF,27-Oct-2016,35100,PE,0,0,0,1817.4,1087.9,0,0,0,0,17-AUG-2016,
OPTSTK,MRF,27-Oct-2016,35150,PE,0,0,0,1843.15,1106.2,0,0,0,0,17-AUG-2016,
OPTSTK,MRF,27-Oct-2016,35200,PE,0,0,0,1869.1,1124.7,0,0,0,0,17-AUG-2016,
OPTSTK,MRF,27-Oct-2016,35250,PE,0,0,0,1895.25,1143.45,0,0,0,0,17-AUG-2016,
OPTSTK,MRF,27-Oct-2016,35300,PE,0,0,0,1921.6,1162.35,0,0,0,0,17-AUG-2016,
OPTSTK,MRF,27-Oct-2016,35350,PE,0,0,0,1948.15,1181.45,0,0,0,0,17-AUG-2016,
OPTSTK,MRF,27-Oct-2016,35400,PE,0,0,0,1974.95,1200.8,0,0,0,0,17-AUG-2016,
OPTSTK,MRF,27-Oct-2016,35450,PE,0,0,0,2001.95,1220.3,0,0,0,0,17-AUG-2016,
OPTSTK,MRF,27-Oct-2016,35500,PE,0,0,0,2029.1,1240.05,0,0,0,0,17-AUG-2016,
OPTSTK,MRF,27-Oct-2016,35550,PE,0,0,0,2056.5,1259.95,0,0,0,0,17-AUG-2016,
OPTSTK,MRF,27-Oct-2016,35600,PE,0,0,0,2084.1,1280.1,0,0,0,0,17-AUG-2016,
OPTSTK,MRF,27-Oct-2016,35650,PE,0,0,0,1813.05,1300.4,0,0,0,0,17-AUG-2016,
OPTSTK,MRF,27-Oct-2016,35700,PE,0,0,0,1838.2,1320.95,0,0,0,0,17-AUG-2016,
OPTSTK,MRF,27-Oct-2016,35750,PE,0,0,0,1863.5,1341.7,0,0,0,0,17-AUG-2016,
OPTSTK,MRF,27-Oct-2016,35800,PE,0,0,0,1889.05,1362.6,0,0,0,0,17-AUG-2016,
OPTSTK,MRF,27-Oct-2016,35850,PE,0,0,0,1914.75,1383.75,0,0,0,0,17-AUG-2016,
OPTSTK,MRF,27-Oct-2016,35900,PE,0,0,0,1940.7,1405.1,0,0,0,0,17-AUG-2016,
OPTSTK,MRF,27-Oct-2016,35950,PE,0,0,0,1966.8,1426.65,0,0,0,0,17-AUG-2016,
OPTSTK,MRF,27-Oct-2016,36000,PE,0,0,0,1993.1,1448.4,0,0,0,0,17-AUG-2016,
OPTSTK,MRF,27-Oct-2016,36050,PE,0,0,0,2019.65,1470.35,0,0,0,0,17-AUG-2016,
OPTSTK,MRF,27-Oct-2016,36100,PE,0,0,0,2046.35,1492.5,0,0,0,0,17-AUG-2016,
OPTSTK,MRF,27-Oct-2016,36150,PE,0,0,0,2073.25,1514.9,0,0,0,0,17-AUG-2016,
OPTSTK,MRF,27-Oct-2016,36200,PE,0,0,0,2100.35,1537.45,0,0,0,0,17-AUG-2016,
OPTSTK,MRF,27-Oct-2016,36250,PE,0,0,0,2127.65,1560.2,0,0,0,0,17-AUG-2016,
OPTSTK,MRF,27-Oct-2016,36300,PE,0,0,0,2155.15,1583.2,0,0,0,0,17-AUG-2016,
OPTSTK,MRF,27-Oct-2016,36350,PE,0,0,0,1865.15,1606.35,0,0,0,0,17-AUG-2016,
OPTSTK,MRF,27-Oct-2016,36400,PE,0,0,0,1887.45,1629.75,0,0,0,0,17-AUG-2016,
OPTSTK,MRF,27-Oct-2016,36450,PE,0,0,0,1909.9,1653.35,0,0,0,0,17-AUG-2016,
OPTSTK,MRF,27-Oct-2016,36500,PE,0,0,0,1932.5,1677.1,0,0,0,0,17-AUG-2016,
OPTSTK,MRF,27-Oct-2016,36550,PE,0,0,0,1955.25,1701.1,0,0,0,0,17-AUG-2016,
OPTSTK,MRF,27-Oct-2016,36600,PE,0,0,0,1978.2,1725.3,0,0,0,0,17-AUG-2016,
OPTSTK,MRF,27-Oct-2016,36650,PE,0,0,0,2001.3,1749.7,0,0,0,0,17-AUG-2016,
OPTSTK,MRF,27-Oct-2016,36700,PE,0,0,0,2024.55,1774.15,0,0,0,0,17-AUG-2016,
OPTSTK,MRF,27-Oct-2016,36750,PE,0,0,0,2047.95,1798.95,0,0,0,0,17-AUG-2016,
OPTSTK,MRF,27-Oct-2016,36800,PE,0,0,0,2071.5,1823.95,0,0,0,0,17-AUG-2016,
OPTSTK,MRF,27-Oct-2016,36850,PE,0,0,0,2095.2,1849.15,0,0,0,0,17-AUG-2016,
OPTSTK,MRF,27-Oct-2016,36900,PE,0,0,0,2119.1,1874.55,0,0,0,0,17-AUG-2016,
OPTSTK,MRF,27-Oct-2016,36950,PE,0,0,0,2143.15,1900.15,0,0,0,0,17-AUG-2016,
OPTSTK,MRF,27-Oct-2016,37000,PE,0,0,0,2167.35,1925.95,0,0,0,0,17-AUG-2016,
OPTSTK,MRF,27-Oct-2016,37050,PE,0,0,0,2191.7,1951.9,0,0,0,0,17-AUG-2016,
OPTSTK,MRF,27-Oct-2016,37100,PE,0,0,0,2216.2,1978.1,0,0,0,0,17-AUG-2016,
OPTSTK,MRF,27-Oct-2016,37150,PE,0,0,0,2240.7,2004.5,0,0,0,0,17-AUG-2016,
OPTSTK,MRF,27-Oct-2016,37200,PE,0,0,0,2265.55,2031.1,0,0,0,0,17-AUG-2016,
OPTSTK,MRF,27-Oct-2016,37250,PE,0,0,0,2290.5,2057.9,0,0,0,0,17-AUG-2016,
OPTSTK,MRF,27-Oct-2016,37300,PE,0,0,0,2315.65,2084.9,0,0,0,0,17-AUG-2016,
OPTSTK,MRF,27-Oct-2016,37350,PE,0,0,0,2340.95,2112.1,0,0,0,0,17-AUG-2016,
OPTSTK,MRF,27-Oct-2016,37400,PE,0,0,0,2366.4,2139.5,0,0,0,0,17-AUG-2016,
OPTSTK,MRF,27-Oct-2016,37450,PE,0,0,0,2392,2167.05,0,0,0,0,17-AUG-2016,
OPTSTK,MRF,27-Oct-2016,37500,PE,0,0,0,2417.75,2194.85,0,0,0,0,17-AUG-2016,
OPTSTK,MRF,27-Oct-2016,37550,PE,0,0,0,2443.65,2222.8,0,0,0,0,17-AUG-2016,
OPTSTK,MRF,27-Oct-2016,37600,PE,0,0,0,2469.75,2250.95,0,0,0,0,17-AUG-2016,
OPTSTK,NCC,25-Aug-2016,50,CE,0,0,0,22,32.75,0,0,0,0,17-AUG-2016,
OPTSTK,NCC,25-Aug-2016,52.5,CE,0,0,0,19.65,30.25,0,0,0,0,17-AUG-2016,
OPTSTK,NCC,25-Aug-2016,55,CE,0,0,0,17.35,27.75,0,0,0,0,17-AUG-2016,
OPTSTK,NCC,25-Aug-2016,57.5,CE,0,0,0,15.15,25.25,0,0,0,0,17-AUG-2016,
OPTSTK,NCC,25-Aug-2016,60,CE,0,0,0,13.05,22.75,0,0,0,0,17-AUG-2016,
OPTSTK,NCC,25-Aug-2016,62.5,CE,0,0,0,11.1,20.25,0,0,0,0,17-AUG-2016,
OPTSTK,NCC,25-Aug-2016,65,CE,0,0,0,9.3,17.75,0,0,0,0,17-AUG-2016,
OPTSTK,NCC,25-Aug-2016,67.5,CE,0,0,0,7.7,15.25,0,0,0,0,17-AUG-2016,
OPTSTK,NCC,25-Aug-2016,70,CE,0,0,0,6.3,12.8,0,0,0,0,17-AUG-2016,
OPTSTK,NCC,25-Aug-2016,72.5,CE,0,0,0,5.1,10.3,0,0,0,0,17-AUG-2016,
OPTSTK,NCC,25-Aug-2016,75,CE,0,0,0,5.3,7.9,0,0,32000,0,17-AUG-2016,
OPTSTK,NCC,25-Aug-2016,77.5,CE,5.3,6,5.3,6,6,2,13.3,48000,0,17-AUG-2016,
OPTSTK,NCC,25-Aug-2016,80,CE,3.8,4.35,3,3.7,3.7,117,782.93,408000,-328000,17-AUG-2016,
OPTSTK,NCC,25-Aug-2016,82.5,CE,2.4,2.6,1.8,2.3,2.3,81,548.73,480000,-8000,17-AUG-2016,
OPTSTK,NCC,25-Aug-2016,85,CE,1.5,1.75,1,1.35,1.35,165,1139.54,1024000,112000,17-AUG-2016,
OPTSTK,NCC,25-Aug-2016,87.5,CE,0.8,0.85,0.55,0.6,0.6,16,112.86,128000,16000,17-AUG-2016,
OPTSTK,NCC,25-Aug-2016,90,CE,0.4,0.55,0.3,0.4,0.4,37,267.6,736000,24000,17-AUG-2016,
OPTSTK,NCC,25-Aug-2016,92.5,CE,0.25,0.25,0.25,0.25,0.25,3,22.26,128000,24000,17-AUG-2016,
OPTSTK,NCC,25-Aug-2016,95,CE,0.2,0.2,0.15,0.15,0.15,5,38.06,360000,0,17-AUG-2016,
OPTSTK,NCC,25-Aug-2016,97.5,CE,0,0,0,0.35,0.05,0,0,0,0,17-AUG-2016,
OPTSTK,NCC,25-Aug-2016,50,PE,0,0,0,0.1,0,0,0,0,0,17-AUG-2016,
OPTSTK,NCC,25-Aug-2016,52.5,PE,0,0,0,0.2,0,0,0,0,0,17-AUG-2016,
OPTSTK,NCC,25-Aug-2016,55,PE,0,0,0,0.35,0,0,0,0,0,17-AUG-2016,
OPTSTK,NCC,25-Aug-2016,57.5,PE,0,0,0,0.6,0,0,0,0,0,17-AUG-2016,
OPTSTK,NCC,25-Aug-2016,60,PE,0,0,0,0.95,0,0,0,0,0,17-AUG-2016,
OPTSTK,NCC,25-Aug-2016,62.5,PE,0,0,0,1.5,0,0,0,0,0,17-AUG-2016,
OPTSTK,NCC,25-Aug-2016,65,PE,0,0,0,0.15,0,0,0,16000,0,17-AUG-2016,
OPTSTK,NCC,25-Aug-2016,67.5,PE,0,0,0,0.7,0,0,0,0,0,17-AUG-2016,
OPTSTK,NCC,25-Aug-2016,70,PE,0.1,0.1,0.05,0.05,0.05,4,22.42,64000,-16000,17-AUG-2016,
OPTSTK,NCC,25-Aug-2016,72.5,PE,0.1,0.1,0.1,0.1,0.1,1,5.8,24000,-8000,17-AUG-2016,
OPTSTK,NCC,25-Aug-2016,75,PE,0.3,0.3,0.15,0.15,0.15,17,102.3,184000,-16000,17-AUG-2016,
OPTSTK,NCC,25-Aug-2016,77.5,PE,0.6,0.6,0.5,0.5,0.5,2,12.48,96000,8000,17-AUG-2016,
OPTSTK,NCC,25-Aug-2016,80,PE,1.15,1.25,0.8,0.9,0.9,42,272.35,352000,-8000,17-AUG-2016,
OPTSTK,NCC,25-Aug-2016,82.5,PE,2.05,2.55,1.8,1.85,1.85,10,67.71,88000,24000,17-AUG-2016,
OPTSTK,NCC,25-Aug-2016,85,PE,0,0,0,7.1,3.45,0,0,0,0,17-AUG-2016,
OPTSTK,NCC,25-Aug-2016,87.5,PE,0,0,0,8.5,5.3,0,0,0,0,17-AUG-2016,
OPTSTK,NCC,25-Aug-2016,90,PE,0,0,0,9.5,7.5,0,0,8000,0,17-AUG-2016,
OPTSTK,NCC,25-Aug-2016,92.5,PE,0,0,0,20.45,9.85,0,0,0,0,17-AUG-2016,
OPTSTK,NCC,25-Aug-2016,95,PE,0,0,0,22.75,12.25,0,0,0,0,17-AUG-2016,
OPTSTK,NCC,25-Aug-2016,97.5,PE,0,0,0,25.1,14.75,0,0,0,0,17-AUG-2016,
OPTSTK,NCC,29-Sep-2016,50,CE,0,0,0,25.2,33.1,0,0,0,0,17-AUG-2016,
OPTSTK,NCC,29-Sep-2016,52.5,CE,0,0,0,22.75,30.6,0,0,0,0,17-AUG-2016,
OPTSTK,NCC,29-Sep-2016,55,CE,0,0,0,20.4,28.1,0,0,0,0,17-AUG-2016,
OPTSTK,NCC,29-Sep-2016,57.5,CE,0,0,0,18.05,25.65,0,0,0,0,17-AUG-2016,
OPTSTK,NCC,29-Sep-2016,60,CE,0,0,0,15.8,23.2,0,0,0,0,17-AUG-2016,
OPTSTK,NCC,29-Sep-2016,62.5,CE,0,0,0,13.65,20.8,0,0,0,0,17-AUG-2016,
OPTSTK,NCC,29-Sep-2016,65,CE,0,0,0,11.65,18.4,0,0,0,0,17-AUG-2016,
OPTSTK,NCC,29-Sep-2016,67.5,CE,0,0,0,9.85,16.1,0,0,0,0,17-AUG-2016,
OPTSTK,NCC,29-Sep-2016,70,CE,0,0,0,8.15,13.9,0,0,0,0,17-AUG-2016,
OPTSTK,NCC,29-Sep-2016,72.5,CE,0,0,0,6.7,11.85,0,0,0,0,17-AUG-2016,
OPTSTK,NCC,29-Sep-2016,75,CE,0,0,0,5.4,9.9,0,0,0,0,17-AUG-2016,
OPTSTK,NCC,29-Sep-2016,77.5,CE,0,0,0,4.3,8.2,0,0,0,0,17-AUG-2016,
OPTSTK,NCC,29-Sep-2016,80,CE,0,0,0,6.65,6.65,0,0,24000,0,17-AUG-2016,
OPTSTK,NCC,29-Sep-2016,82.5,CE,4.85,4.85,4.85,4.85,4.85,1,6.98,72000,0,17-AUG-2016,
OPTSTK,NCC,29-Sep-2016,85,CE,0,0,0,3,4.15,0,0,8000,0,17-AUG-2016,
OPTSTK,NCC,29-Sep-2016,87.5,CE,0,0,0,1.55,3.25,0,0,0,0,17-AUG-2016,
OPTSTK,NCC,29-Sep-2016,90,CE,0,0,0,2,2.45,0,0,56000,0,17-AUG-2016,
OPTSTK,NCC,29-Sep-2016,92.5,CE,0,0,0,1.4,1.85,0,0,8000,0,17-AUG-2016,
OPTSTK,NCC,29-Sep-2016,95,CE,0,0,0,0.65,1.35,0,0,0,0,17-AUG-2016,
OPTSTK,NCC,29-Sep-2016,97.5,CE,0,0,0,0.45,1,0,0,0,0,17-AUG-2016,
OPTSTK,NCC,29-Sep-2016,50,PE,0,0,0,0.05,0,0,0,0,0,17-AUG-2016,
OPTSTK,NCC,29-Sep-2016,52.5,PE,0,0,0,0.1,0,0,0,0,0,17-AUG-2016,
OPTSTK,NCC,29-Sep-2016,55,PE,0,0,0,0.15,0.05,0,0,0,0,17-AUG-2016,
OPTSTK,NCC,29-Sep-2016,57.5,PE,0,0,0,0.3,0.05,0,0,0,0,17-AUG-2016,
OPTSTK,NCC,29-Sep-2016,60,PE,0,0,0,0.5,0.05,0,0,0,0,17-AUG-2016,
OPTSTK,NCC,29-Sep-2016,62.5,PE,0,0,0,0.8,0.15,0,0,0,0,17-AUG-2016,
OPTSTK,NCC,29-Sep-2016,65,PE,0,0,0,1.25,0.25,0,0,0,0,17-AUG-2016,
OPTSTK,NCC,29-Sep-2016,67.5,PE,0,0,0,1.9,0.4,0,0,0,0,17-AUG-2016,
OPTSTK,NCC,29-Sep-2016,70,PE,0,0,0,2.65,0.7,0,0,0,0,17-AUG-2016,
OPTSTK,NCC,29-Sep-2016,72.5,PE,0,0,0,3.65,1.1,0,0,0,0,17-AUG-2016,
OPTSTK,NCC,29-Sep-2016,75,PE,1.25,1.25,1.25,1.25,1.25,1,6.1,16000,8000,17-AUG-2016,
OPTSTK,NCC,29-Sep-2016,77.5,PE,0,0,0,2.65,2.4,0,0,8000,0,17-AUG-2016,
OPTSTK,NCC,29-Sep-2016,80,PE,3,3.25,3,3.25,3.25,2,13.3,24000,16000,17-AUG-2016,
OPTSTK,NCC,29-Sep-2016,82.5,PE,0,0,0,9.45,4.5,0,0,0,0,17-AUG-2016,
OPTSTK,NCC,29-Sep-2016,85,PE,0,0,0,11.3,5.85,0,0,0,0,17-AUG-2016,
OPTSTK,NCC,29-Sep-2016,87.5,PE,0,0,0,13.25,7.35,0,0,0,0,17-AUG-2016,
OPTSTK,NCC,29-Sep-2016,90,PE,0,0,0,15.3,9.1,0,0,0,0,17-AUG-2016,
OPTSTK,NCC,29-Sep-2016,92.5,PE,0,0,0,17.5,10.95,0,0,0,0,17-AUG-2016,
OPTSTK,NCC,29-Sep-2016,95,PE,0,0,0,19.7,12.95,0,0,0,0,17-AUG-2016,
OPTSTK,NCC,29-Sep-2016,97.5,PE,0,0,0,22,15.05,0,0,0,0,17-AUG-2016,
OPTSTK,NCC,27-Oct-2016,52.5,CE,0,0,0,30.5,30.9,0,0,0,0,17-AUG-2016,
OPTSTK,NCC,27-Oct-2016,55,CE,0,0,0,28.1,28.45,0,0,0,0,17-AUG-2016,
OPTSTK,NCC,27-Oct-2016,57.5,CE,0,0,0,25.7,26.05,0,0,0,0,17-AUG-2016,
OPTSTK,NCC,27-Oct-2016,60,CE,0,0,0,23.3,23.7,0,0,0,0,17-AUG-2016,
OPTSTK,NCC,27-Oct-2016,62.5,CE,0,0,0,21,21.35,0,0,0,0,17-AUG-2016,
OPTSTK,NCC,27-Oct-2016,65,CE,0,0,0,18.8,19.15,0,0,0,0,17-AUG-2016,
OPTSTK,NCC,27-Oct-2016,67.5,CE,0,0,0,16.65,17,0,0,0,0,17-AUG-2016,
OPTSTK,NCC,27-Oct-2016,70,CE,0,0,0,14.65,14.95,0,0,0,0,17-AUG-2016,
OPTSTK,NCC,27-Oct-2016,72.5,CE,0,0,0,12.75,13.05,0,0,0,0,17-AUG-2016,
OPTSTK,NCC,27-Oct-2016,75,CE,0,0,0,11,11.25,0,0,0,0,17-AUG-2016,
OPTSTK,NCC,27-Oct-2016,77.5,CE,0,0,0,9.4,9.65,0,0,0,0,17-AUG-2016,
OPTSTK,NCC,27-Oct-2016,80,CE,0,0,0,8,8.2,0,0,0,0,17-AUG-2016,
OPTSTK,NCC,27-Oct-2016,82.5,CE,0,0,0,6.7,6.9,0,0,0,0,17-AUG-2016,
OPTSTK,NCC,27-Oct-2016,85,CE,0,0,0,5.6,5.75,0,0,0,0,17-AUG-2016,
OPTSTK,NCC,27-Oct-2016,87.5,CE,0,0,0,4.6,4.75,0,0,0,0,17-AUG-2016,
OPTSTK,NCC,27-Oct-2016,90,CE,0,0,0,3.8,3.9,0,0,0,0,17-AUG-2016,
OPTSTK,NCC,27-Oct-2016,92.5,CE,0,0,0,3.1,3.2,0,0,0,0,17-AUG-2016,
OPTSTK,NCC,27-Oct-2016,95,CE,0,0,0,2.5,2.6,0,0,0,0,17-AUG-2016,
OPTSTK,NCC,27-Oct-2016,97.5,CE,0,0,0,2,2.1,0,0,0,0,17-AUG-2016,
OPTSTK,NCC,27-Oct-2016,52.5,PE,0,0,0,0.05,0.05,0,0,0,0,17-AUG-2016,
OPTSTK,NCC,27-Oct-2016,55,PE,0,0,0,0.1,0.1,0,0,0,0,17-AUG-2016,
OPTSTK,NCC,27-Oct-2016,57.5,PE,0,0,0,0.15,0.15,0,0,0,0,17-AUG-2016,
OPTSTK,NCC,27-Oct-2016,60,PE,0,0,0,0.25,0.25,0,0,0,0,17-AUG-2016,
OPTSTK,NCC,27-Oct-2016,62.5,PE,0,0,0,0.4,0.4,0,0,0,0,17-AUG-2016,
OPTSTK,NCC,27-Oct-2016,65,PE,0,0,0,0.65,0.6,0,0,0,0,17-AUG-2016,
OPTSTK,NCC,27-Oct-2016,67.5,PE,0,0,0,0.95,0.95,0,0,0,0,17-AUG-2016,
OPTSTK,NCC,27-Oct-2016,70,PE,0,0,0,1.4,1.35,0,0,0,0,17-AUG-2016,
OPTSTK,NCC,27-Oct-2016,72.5,PE,0,0,0,1.95,1.9,0,0,0,0,17-AUG-2016,
OPTSTK,NCC,27-Oct-2016,75,PE,0,0,0,2.65,2.6,0,0,0,0,17-AUG-2016,
OPTSTK,NCC,27-Oct-2016,77.5,PE,0,0,0,3.55,3.45,0,0,0,0,17-AUG-2016,
OPTSTK,NCC,27-Oct-2016,80,PE,0,0,0,4.55,4.5,0,0,0,0,17-AUG-2016,
OPTSTK,NCC,27-Oct-2016,82.5,PE,0,0,0,5.75,5.65,0,0,0,0,17-AUG-2016,
OPTSTK,NCC,27-Oct-2016,85,PE,0,0,0,7.05,6.95,0,0,0,0,17-AUG-2016,
OPTSTK,NCC,27-Oct-2016,87.5,PE,0,0,0,8.55,8.45,0,0,0,0,17-AUG-2016,
OPTSTK,NCC,27-Oct-2016,90,PE,0,0,0,10.2,10.05,0,0,0,0,17-AUG-2016,
OPTSTK,NCC,27-Oct-2016,92.5,PE,0,0,0,11.95,11.8,0,0,0,0,17-AUG-2016,
OPTSTK,NCC,27-Oct-2016,95,PE,0,0,0,13.8,13.65,0,0,0,0,17-AUG-2016,
OPTSTK,NCC,27-Oct-2016,97.5,PE,0,0,0,15.75,15.65,0,0,0,0,17-AUG-2016,
OPTSTK,NHPC,25-Aug-2016,2.5,CE,0,0,0,20.2,24.75,0,0,0,0,17-AUG-2016,
OPTSTK,NHPC,25-Aug-2016,5,CE,0,0,0,17.75,22.3,0,0,0,0,17-AUG-2016,
OPTSTK,NHPC,25-Aug-2016,7.5,CE,0,0,0,15.3,19.8,0,0,0,0,17-AUG-2016,
OPTSTK,NHPC,25-Aug-2016,10,CE,0,0,0,12.85,17.3,0,0,0,0,17-AUG-2016,
OPTSTK,NHPC,25-Aug-2016,12.5,CE,0,0,0,10.4,14.8,0,0,0,0,17-AUG-2016,
OPTSTK,NHPC,25-Aug-2016,15,CE,0,0,0,7.95,12.3,0,0,0,0,17-AUG-2016,
OPTSTK,NHPC,25-Aug-2016,17.5,CE,0,0,0,5.55,9.8,0,0,0,0,17-AUG-2016,
OPTSTK,NHPC,25-Aug-2016,20,CE,0,0,0,5.4,7.3,0,0,108000,0,17-AUG-2016,
OPTSTK,NHPC,25-Aug-2016,22.5,CE,0,0,0,4.1,4.8,0,0,81000,0,17-AUG-2016,
OPTSTK,NHPC,25-Aug-2016,25,CE,2.35,2.35,2.25,2.3,2.3,4,29.47,2943000,-27000,17-AUG-2016,
OPTSTK,NHPC,25-Aug-2016,27.5,CE,0.45,0.5,0.35,0.4,0.4,64,482.61,3456000,-135000,17-AUG-2016,
OPTSTK,NHPC,25-Aug-2016,30,CE,0.1,0.1,0.05,0.05,0.05,36,292.31,3834000,324000,17-AUG-2016,
OPTSTK,NHPC,25-Aug-2016,32.5,CE,0,0,0,0.05,0,0,0,0,0,17-AUG-2016,
OPTSTK,NHPC,25-Aug-2016,35,CE,0,0,0,0.05,0,0,0,0,0,17-AUG-2016,
OPTSTK,NHPC,25-Aug-2016,37.5,CE,0,0,0,0.05,0,0,0,0,0,17-AUG-2016,
OPTSTK,NHPC,25-Aug-2016,40,CE,0,0,0,0.05,0,0,0,0,0,17-AUG-2016,
OPTSTK,NHPC,25-Aug-2016,42.5,CE,0,0,0,0.05,0,0,0,0,0,17-AUG-2016,
OPTSTK,NHPC,25-Aug-2016,2.5,PE,0,0,0,0.05,0,0,0,0,0,17-AUG-2016,
OPTSTK,NHPC,25-Aug-2016,5,PE,0,0,0,0.05,0,0,0,0,0,17-AUG-2016,
OPTSTK,NHPC,25-Aug-2016,7.5,PE,0,0,0,0.05,0,0,0,0,0,17-AUG-2016,
OPTSTK,NHPC,25-Aug-2016,10,PE,0,0,0,0.05,0,0,0,0,0,17-AUG-2016,
OPTSTK,NHPC,25-Aug-2016,12.5,PE,0,0,0,0.05,0,0,0,0,0,17-AUG-2016,
OPTSTK,NHPC,25-Aug-2016,15,PE,0,0,0,0.05,0,0,0,0,0,17-AUG-2016,
OPTSTK,NHPC,25-Aug-2016,17.5,PE,0,0,0,0.05,0,0,0,0,0,17-AUG-2016,
OPTSTK,NHPC,25-Aug-2016,20,PE,0,0,0,0.35,0,0,0,0,0,17-AUG-2016,
OPTSTK,NHPC,25-Aug-2016,22.5,PE,0,0,0,0.05,0,0,0,918000,0,17-AUG-2016,
OPTSTK,NHPC,25-Aug-2016,25,PE,0.05,0.05,0.05,0.05,0.05,10,67.63,2322000,27000,17-AUG-2016,
OPTSTK,NHPC,25-Aug-2016,27.5,PE,0.8,0.8,0.6,0.7,0.7,3,22.84,162000,81000,17-AUG-2016,
OPTSTK,NHPC,25-Aug-2016,30,PE,0,0,0,4.6,2.75,0,0,27000,0,17-AUG-2016,
OPTSTK,NHPC,25-Aug-2016,32.5,PE,0,0,0,9.3,5.2,0,0,0,0,17-AUG-2016,
OPTSTK,NHPC,25-Aug-2016,35,PE,0,0,0,11.75,7.7,0,0,0,0,17-AUG-2016,
OPTSTK,NHPC,25-Aug-2016,37.5,PE,0,0,0,14.2,10.2,0,0,0,0,17-AUG-2016,
OPTSTK,NHPC,25-Aug-2016,40,PE,0,0,0,16.65,12.7,0,0,0,0,17-AUG-2016,
OPTSTK,NHPC,25-Aug-2016,42.5,PE,0,0,0,19.1,15.2,0,0,0,0,17-AUG-2016,
OPTSTK,NHPC,29-Sep-2016,2.5,CE,0,0,0,22.75,24.8,0,0,0,0,17-AUG-2016,
OPTSTK,NHPC,29-Sep-2016,5,CE,0,0,0,20.3,22.3,0,0,0,0,17-AUG-2016,
OPTSTK,NHPC,29-Sep-2016,7.5,CE,0,0,0,17.85,19.85,0,0,0,0,17-AUG-2016,
OPTSTK,NHPC,29-Sep-2016,10,CE,0,0,0,15.4,17.35,0,0,0,0,17-AUG-2016,
OPTSTK,NHPC,29-Sep-2016,12.5,CE,0,0,0,12.95,14.85,0,0,0,0,17-AUG-2016,
OPTSTK,NHPC,29-Sep-2016,15,CE,0,0,0,10.5,12.4,0,0,0,0,17-AUG-2016,
OPTSTK,NHPC,29-Sep-2016,17.5,CE,0,0,0,8.05,9.9,0,0,0,0,17-AUG-2016,
OPTSTK,NHPC,29-Sep-2016,20,CE,0,0,0,5.6,7.45,0,0,0,0,17-AUG-2016,
OPTSTK,NHPC,29-Sep-2016,22.5,CE,0,0,0,3.45,4.95,0,0,0,0,17-AUG-2016,
OPTSTK,NHPC,29-Sep-2016,25,CE,0,0,0,2.1,2.7,0,0,54000,0,17-AUG-2016,
OPTSTK,NHPC,29-Sep-2016,27.5,CE,0.8,0.8,0.75,0.8,0.8,3,22.9,162000,54000,17-AUG-2016,
OPTSTK,NHPC,29-Sep-2016,30,CE,0.25,0.4,0.25,0.3,0.3,15,122.78,486000,297000,17-AUG-2016,
OPTSTK,NHPC,29-Sep-2016,32.5,CE,0,0,0,0.1,0.05,0,0,0,0,17-AUG-2016,
OPTSTK,NHPC,29-Sep-2016,35,CE,0,0,0,0.05,0,0,0,0,0,17-AUG-2016,
OPTSTK,NHPC,29-Sep-2016,37.5,CE,0,0,0,0.05,0,0,0,0,0,17-AUG-2016,
OPTSTK,NHPC,29-Sep-2016,40,CE,0,0,0,0.05,0,0,0,0,0,17-AUG-2016,
OPTSTK,NHPC,29-Sep-2016,42.5,CE,0,0,0,0.05,0,0,0,0,0,17-AUG-2016,
OPTSTK,NHPC,29-Sep-2016,2.5,PE,0,0,0,0.05,0,0,0,0,0,17-AUG-2016,
OPTSTK,NHPC,29-Sep-2016,5,PE,0,0,0,0.05,0,0,0,0,0,17-AUG-2016,
OPTSTK,NHPC,29-Sep-2016,7.5,PE,0,0,0,0.05,0,0,0,0,0,17-AUG-2016,
OPTSTK,NHPC,29-Sep-2016,10,PE,0,0,0,0.05,0,0,0,0,0,17-AUG-2016,
OPTSTK,NHPC,29-Sep-2016,12.5,PE,0,0,0,0.05,0,0,0,0,0,17-AUG-2016,
OPTSTK,NHPC,29-Sep-2016,15,PE,0,0,0,0.05,0,0,0,0,0,17-AUG-2016,
OPTSTK,NHPC,29-Sep-2016,17.5,PE,0,0,0,0.05,0,0,0,54000,0,17-AUG-2016,
OPTSTK,NHPC,29-Sep-2016,20,PE,0,0,0,0.2,0,0,0,27000,0,17-AUG-2016,
OPTSTK,NHPC,29-Sep-2016,22.5,PE,0,0,0,0.45,0.05,0,0,81000,0,17-AUG-2016,
OPTSTK,NHPC,29-Sep-2016,25,PE,0,0,0,0.7,0.25,0,0,27000,0,17-AUG-2016,
OPTSTK,NHPC,29-Sep-2016,27.5,PE,0,0,0,2.55,1.05,0,0,0,0,17-AUG-2016,
OPTSTK,NHPC,29-Sep-2016,30,PE,0,0,0,4.55,2.8,0,0,0,0,17-AUG-2016,
OPTSTK,NHPC,29-Sep-2016,32.5,PE,0,0,0,6.8,5.05,0,0,0,0,17-AUG-2016,
OPTSTK,NHPC,29-Sep-2016,35,PE,0,0,0,9.2,7.5,0,0,0,0,17-AUG-2016,
OPTSTK,NHPC,29-Sep-2016,37.5,PE,0,0,0,11.65,9.95,0,0,0,0,17-AUG-2016,
OPTSTK,NHPC,29-Sep-2016,40,PE,0,0,0,14.1,12.45,0,0,0,0,17-AUG-2016,
OPTSTK,NHPC,29-Sep-2016,42.5,PE,0,0,0,16.55,14.95,0,0,0,0,17-AUG-2016,
OPTSTK,NHPC,27-Oct-2016,2.5,CE,0,0,0,22.75,24.8,0,0,0,0,17-AUG-2016,
OPTSTK,NHPC,27-Oct-2016,5,CE,0,0,0,20.3,22.35,0,0,0,0,17-AUG-2016,
OPTSTK,NHPC,27-Oct-2016,7.5,CE,0,0,0,17.85,19.85,0,0,0,0,17-AUG-2016,
OPTSTK,NHPC,27-Oct-2016,10,CE,0,0,0,15.4,17.4,0,0,0,0,17-AUG-2016,
OPTSTK,NHPC,27-Oct-2016,12.5,CE,0,0,0,12.95,14.95,0,0,0,0,17-AUG-2016,
OPTSTK,NHPC,27-Oct-2016,15,CE,0,0,0,10.5,12.45,0,0,0,0,17-AUG-2016,
OPTSTK,NHPC,27-Oct-2016,17.5,CE,0,0,0,8,10,0,0,0,0,17-AUG-2016,
OPTSTK,NHPC,27-Oct-2016,20,CE,0,0,0,5.55,7.55,0,0,0,0,17-AUG-2016,
OPTSTK,NHPC,27-Oct-2016,22.5,CE,0,0,0,3.25,5.15,0,0,0,0,17-AUG-2016,
OPTSTK,NHPC,27-Oct-2016,25,CE,0,0,0,1.45,2.95,0,0,0,0,17-AUG-2016,
OPTSTK,NHPC,27-Oct-2016,27.5,CE,0,0,0,0.5,1.4,0,0,0,0,17-AUG-2016,
OPTSTK,NHPC,27-Oct-2016,30,CE,0,0,0,0.15,0.55,0,0,0,0,17-AUG-2016,
OPTSTK,NHPC,27-Oct-2016,32.5,CE,0,0,0,0.05,0.15,0,0,0,0,17-AUG-2016,
OPTSTK,NHPC,27-Oct-2016,35,CE,0,0,0,0.05,0.05,0,0,0,0,17-AUG-2016,
OPTSTK,NHPC,27-Oct-2016,37.5,CE,0,0,0,0.05,0.05,0,0,0,0,17-AUG-2016,
OPTSTK,NHPC,27-Oct-2016,40,CE,0,0,0,0.05,0,0,0,0,0,17-AUG-2016,
OPTSTK,NHPC,27-Oct-2016,42.5,CE,0,0,0,0.05,0,0,0,0,0,17-AUG-2016,
OPTSTK,NHPC,27-Oct-2016,2.5,PE,0,0,0,0.05,0,0,0,0,0,17-AUG-2016,
OPTSTK,NHPC,27-Oct-2016,5,PE,0,0,0,0.05,0,0,0,0,0,17-AUG-2016,
OPTSTK,NHPC,27-Oct-2016,7.5,PE,0,0,0,0.05,0,0,0,0,0,17-AUG-2016,
OPTSTK,NHPC,27-Oct-2016,10,PE,0,0,0,0.05,0,0,0,0,0,17-AUG-2016,
OPTSTK,NHPC,27-Oct-2016,12.5,PE,0,0,0,0.05,0,0,0,0,0,17-AUG-2016,
OPTSTK,NHPC,27-Oct-2016,15,PE,0,0,0,0.05,0,0,0,0,0,17-AUG-2016,
OPTSTK,NHPC,27-Oct-2016,17.5,PE,0,0,0,0.05,0,0,0,0,0,17-AUG-2016,
OPTSTK,NHPC,27-Oct-2016,20,PE,0,0,0,0.05,0,0,0,0,0,17-AUG-2016,
OPTSTK,NHPC,27-Oct-2016,22.5,PE,0,0,0,0.2,0.1,0,0,0,0,17-AUG-2016,
OPTSTK,NHPC,27-Oct-2016,25,PE,0,0,0,0.85,0.4,0,0,0,0,17-AUG-2016,
OPTSTK,NHPC,27-Oct-2016,27.5,PE,0,0,0,2.3,1.3,0,0,0,0,17-AUG-2016,
OPTSTK,NHPC,27-Oct-2016,30,PE,0,0,0,4.4,2.9,0,0,0,0,17-AUG-2016,
OPTSTK,NHPC,27-Oct-2016,32.5,PE,0,0,0,6.8,5,0,0,0,0,17-AUG-2016,
OPTSTK,NHPC,27-Oct-2016,35,PE,0,0,0,9.2,7.35,0,0,0,0,17-AUG-2016,
OPTSTK,NHPC,27-Oct-2016,37.5,PE,0,0,0,11.7,9.8,0,0,0,0,17-AUG-2016,
OPTSTK,NHPC,27-Oct-2016,40,PE,0,0,0,14.15,12.25,0,0,0,0,17-AUG-2016,
OPTSTK,NHPC,27-Oct-2016,42.5,PE,0,0,0,16.6,14.7,0,0,0,0,17-AUG-2016,
OPTSTK,NIITTECH,25-Aug-2016,310,CE,0,0,0,206.15,98.25,0,0,0,0,17-AUG-2016,
OPTSTK,NIITTECH,25-Aug-2016,320,CE,0,0,0,196.3,88.25,0,0,0,0,17-AUG-2016,
OPTSTK,NIITTECH,25-Aug-2016,330,CE,0,0,0,186.4,78.25,0,0,0,0,17-AUG-2016,
OPTSTK,NIITTECH,25-Aug-2016,340,CE,0,0,0,176.55,68.3,0,0,0,0,17-AUG-2016,
OPTSTK,NIITTECH,25-Aug-2016,350,CE,0,0,0,166.7,58.3,0,0,0,0,17-AUG-2016,
OPTSTK,NIITTECH,25-Aug-2016,360,CE,0,0,0,156.9,48.35,0,0,0,0,17-AUG-2016,
OPTSTK,NIITTECH,25-Aug-2016,370,CE,0,0,0,147.15,38.5,0,0,0,0,17-AUG-2016,
OPTSTK,NIITTECH,25-Aug-2016,380,CE,0,0,0,137.45,29.05,0,0,0,0,17-AUG-2016,
OPTSTK,NIITTECH,25-Aug-2016,390,CE,0,0,0,127.85,20.4,0,0,0,0,17-AUG-2016,
OPTSTK,NIITTECH,25-Aug-2016,400,CE,0,0,0,118.45,13.05,0,0,0,0,17-AUG-2016,
OPTSTK,NIITTECH,25-Aug-2016,410,CE,0,0,0,13,7.5,0,0,0,0,17-AUG-2016,
OPTSTK,NIITTECH,25-Aug-2016,420,CE,0,0,0,11,3.85,0,0,1000,0,17-AUG-2016,
OPTSTK,NIITTECH,25-Aug-2016,430,CE,1.15,3.05,1.15,3.05,3.05,4,17.28,7000,0,17-AUG-2016,
OPTSTK,NIITTECH,25-Aug-2016,440,CE,0,0,0,2.5,0.7,0,0,6000,0,17-AUG-2016,
OPTSTK,NIITTECH,25-Aug-2016,450,CE,0,0,0,6.55,0.25,0,0,1000,0,17-AUG-2016,
OPTSTK,NIITTECH,25-Aug-2016,460,CE,1,1,1,1,1,1,4.61,3000,0,17-AUG-2016,
OPTSTK,NIITTECH,25-Aug-2016,470,CE,0,0,0,1.05,0.05,0,0,13000,0,17-AUG-2016,
OPTSTK,NIITTECH,25-Aug-2016,480,CE,0,0,0,2,0,0,0,6000,0,17-AUG-2016,
OPTSTK,NIITTECH,25-Aug-2016,490,CE,0,0,0,2,0,0,0,3000,0,17-AUG-2016,
OPTSTK,NIITTECH,25-Aug-2016,500,CE,0,0,0,1.85,0,0,0,6000,0,17-AUG-2016,
OPTSTK,NIITTECH,25-Aug-2016,510,CE,0,0,0,3.55,0,0,0,2000,0,17-AUG-2016,
OPTSTK,NIITTECH,25-Aug-2016,520,CE,0,0,0,4.3,0,0,0,2000,0,17-AUG-2016,
OPTSTK,NIITTECH,25-Aug-2016,530,CE,0,0,0,3.4,0,0,0,1000,0,17-AUG-2016,
OPTSTK,NIITTECH,25-Aug-2016,540,CE,0,0,0,22.45,0,0,0,0,0,17-AUG-2016,
OPTSTK,NIITTECH,25-Aug-2016,550,CE,0,0,0,19.05,0,0,0,0,0,17-AUG-2016,
OPTSTK,NIITTECH,25-Aug-2016,560,CE,0,0,0,16.1,0,0,0,0,0,17-AUG-2016,
OPTSTK,NIITTECH,25-Aug-2016,570,CE,0,0,0,13.55,0,0,0,0,0,17-AUG-2016,
OPTSTK,NIITTECH,25-Aug-2016,580,CE,0,0,0,11.3,0,0,0,0,0,17-AUG-2016,
OPTSTK,NIITTECH,25-Aug-2016,590,CE,0,0,0,9.35,0,0,0,0,0,17-AUG-2016,
OPTSTK,NIITTECH,25-Aug-2016,600,CE,0,0,0,7.75,0,0,0,0,0,17-AUG-2016,
OPTSTK,NIITTECH,25-Aug-2016,610,CE,0,0,0,6.35,0,0,0,0,0,17-AUG-2016,
OPTSTK,NIITTECH,25-Aug-2016,620,CE,0,0,0,5.2,0,0,0,0,0,17-AUG-2016,
OPTSTK,NIITTECH,25-Aug-2016,630,CE,0,0,0,4.25,0,0,0,0,0,17-AUG-2016,
OPTSTK,NIITTECH,25-Aug-2016,310,PE,0,0,0,0.05,0,0,0,0,0,17-AUG-2016,
OPTSTK,NIITTECH,25-Aug-2016,320,PE,0,0,0,0.05,0,0,0,0,0,17-AUG-2016,
OPTSTK,NIITTECH,25-Aug-2016,330,PE,0,0,0,0.05,0,0,0,0,0,17-AUG-2016,
OPTSTK,NIITTECH,25-Aug-2016,340,PE,0,0,0,0.1,0,0,0,0,0,17-AUG-2016,
OPTSTK,NIITTECH,25-Aug-2016,350,PE,0,0,0,0.15,0.05,0,0,0,0,17-AUG-2016,
OPTSTK,NIITTECH,25-Aug-2016,360,PE,0,0,0,0.2,0.05,0,0,0,0,17-AUG-2016,
OPTSTK,NIITTECH,25-Aug-2016,370,PE,0,0,0,0.35,0.2,0,0,0,0,17-AUG-2016,
OPTSTK,NIITTECH,25-Aug-2016,380,PE,0,0,0,0.55,0.75,0,0,0,0,17-AUG-2016,
OPTSTK,NIITTECH,25-Aug-2016,390,PE,0,0,0,0.85,2.05,0,0,0,0,17-AUG-2016,
OPTSTK,NIITTECH,25-Aug-2016,400,PE,0,0,0,6.85,4.7,0,0,6000,0,17-AUG-2016,
OPTSTK,NIITTECH,25-Aug-2016,410,PE,0,0,0,10,9.15,0,0,1000,0,17-AUG-2016,
OPTSTK,NIITTECH,25-Aug-2016,420,PE,0,0,0,9.5,15.45,0,0,2000,0,17-AUG-2016,
OPTSTK,NIITTECH,25-Aug-2016,430,PE,0,0,0,3.9,23.35,0,0,0,0,17-AUG-2016,
OPTSTK,NIITTECH,25-Aug-2016,440,PE,0,0,0,9.15,32.3,0,0,1000,0,17-AUG-2016,
OPTSTK,NIITTECH,25-Aug-2016,450,PE,0,0,0,7.1,41.85,0,0,0,0,17-AUG-2016,
OPTSTK,NIITTECH,25-Aug-2016,460,PE,0,0,0,12.5,51.65,0,0,2000,0,17-AUG-2016,
OPTSTK,NIITTECH,25-Aug-2016,470,PE,0,0,0,11.9,61.6,0,0,0,0,17-AUG-2016,
OPTSTK,NIITTECH,25-Aug-2016,480,PE,0,0,0,26,71.55,0,0,1000,0,17-AUG-2016,
OPTSTK,NIITTECH,25-Aug-2016,490,PE,0,0,0,18.5,81.55,0,0,0,0,17-AUG-2016,
OPTSTK,NIITTECH,25-Aug-2016,500,PE,0,0,0,36.25,91.5,0,0,2000,0,17-AUG-2016,
OPTSTK,NIITTECH,25-Aug-2016,510,PE,0,0,0,27.15,101.5,0,0,0,0,17-AUG-2016,
OPTSTK,NIITTECH,25-Aug-2016,520,PE,0,0,0,32.2,111.5,0,0,0,0,17-AUG-2016,
OPTSTK,NIITTECH,25-Aug-2016,530,PE,0,0,0,37.8,121.5,0,0,0,0,17-AUG-2016,
OPTSTK,NIITTECH,25-Aug-2016,540,PE,0,0,0,43.85,131.45,0,0,0,0,17-AUG-2016,
OPTSTK,NIITTECH,25-Aug-2016,550,PE,0,0,0,50.3,141.45,0,0,0,0,17-AUG-2016,
OPTSTK,NIITTECH,25-Aug-2016,560,PE,0,0,0,57.25,151.45,0,0,0,0,17-AUG-2016,
OPTSTK,NIITTECH,25-Aug-2016,570,PE,0,0,0,64.55,161.4,0,0,0,0,17-AUG-2016,
OPTSTK,NIITTECH,25-Aug-2016,580,PE,0,0,0,72.2,171.4,0,0,0,0,17-AUG-2016,
OPTSTK,NIITTECH,25-Aug-2016,590,PE,0,0,0,80.2,181.4,0,0,0,0,17-AUG-2016,
OPTSTK,NIITTECH,25-Aug-2016,600,PE,0,0,0,88.45,191.35,0,0,0,0,17-AUG-2016,
OPTSTK,NIITTECH,25-Aug-2016,610,PE,0,0,0,96.95,201.35,0,0,0,0,17-AUG-2016,
OPTSTK,NIITTECH,25-Aug-2016,620,PE,0,0,0,105.7,211.35,0,0,0,0,17-AUG-2016,
OPTSTK,NIITTECH,25-Aug-2016,630,PE,0,0,0,114.6,221.35,0,0,0,0,17-AUG-2016,
OPTSTK,NIITTECH,29-Sep-2016,310,CE,0,0,0,208.35,100.4,0,0,0,0,17-AUG-2016,
OPTSTK,NIITTECH,29-Sep-2016,320,CE,0,0,0,198.6,90.6,0,0,0,0,17-AUG-2016,
OPTSTK,NIITTECH,29-Sep-2016,330,CE,0,0,0,188.85,80.95,0,0,0,0,17-AUG-2016,
OPTSTK,NIITTECH,29-Sep-2016,340,CE,0,0,0,179.2,71.5,0,0,0,0,17-AUG-2016,
OPTSTK,NIITTECH,29-Sep-2016,350,CE,0,0,0,169.55,62.35,0,0,0,0,17-AUG-2016,
OPTSTK,NIITTECH,29-Sep-2016,360,CE,0,0,0,160.05,53.65,0,0,0,0,17-AUG-2016,
OPTSTK,NIITTECH,29-Sep-2016,370,CE,0,0,0,150.65,45.4,0,0,0,0,17-AUG-2016,
OPTSTK,NIITTECH,29-Sep-2016,380,CE,0,0,0,141.35,37.85,0,0,0,0,17-AUG-2016,
OPTSTK,NIITTECH,29-Sep-2016,390,CE,0,0,0,132.25,31,0,0,0,0,17-AUG-2016,
OPTSTK,NIITTECH,29-Sep-2016,400,CE,0,0,0,123.35,24.95,0,0,0,0,17-AUG-2016,
OPTSTK,NIITTECH,29-Sep-2016,410,CE,0,0,0,114.65,19.7,0,0,0,0,17-AUG-2016,
OPTSTK,NIITTECH,29-Sep-2016,420,CE,0,0,0,13,15.3,0,0,1000,0,17-AUG-2016,
OPTSTK,NIITTECH,29-Sep-2016,430,CE,0,0,0,98.1,11.65,0,0,0,0,17-AUG-2016,
OPTSTK,NIITTECH,29-Sep-2016,440,CE,0,0,0,11.65,8.75,0,0,1000,0,17-AUG-2016,
OPTSTK,NIITTECH,29-Sep-2016,450,CE,0,0,0,82.75,6.45,0,0,0,0,17-AUG-2016,
OPTSTK,NIITTECH,29-Sep-2016,460,CE,0,0,0,75.6,4.65,0,0,0,0,17-AUG-2016,
OPTSTK,NIITTECH,29-Sep-2016,470,CE,0,0,0,68.8,3.3,0,0,0,0,17-AUG-2016,
OPTSTK,NIITTECH,29-Sep-2016,480,CE,0,0,0,62.45,2.3,0,0,0,0,17-AUG-2016,
OPTSTK,NIITTECH,29-Sep-2016,490,CE,0,0,0,56.45,1.6,0,0,0,0,17-AUG-2016,
OPTSTK,NIITTECH,29-Sep-2016,500,CE,0,0,0,50.85,1.1,0,0,0,0,17-AUG-2016,
OPTSTK,NIITTECH,29-Sep-2016,510,CE,0,0,0,45.65,0.75,0,0,0,0,17-AUG-2016,
OPTSTK,NIITTECH,29-Sep-2016,520,CE,0,0,0,40.85,0.5,0,0,0,0,17-AUG-2016,
OPTSTK,NIITTECH,29-Sep-2016,530,CE,0,0,0,36.45,0.3,0,0,0,0,17-AUG-2016,
OPTSTK,NIITTECH,29-Sep-2016,540,CE,0,0,0,32.4,0.2,0,0,0,0,17-AUG-2016,
OPTSTK,NIITTECH,29-Sep-2016,550,CE,0,0,0,28.7,0.15,0,0,0,0,17-AUG-2016,
OPTSTK,NIITTECH,29-Sep-2016,560,CE,0,0,0,25.4,0.1,0,0,0,0,17-AUG-2016,
OPTSTK,NIITTECH,29-Sep-2016,570,CE,0,0,0,22.35,0.05,0,0,0,0,17-AUG-2016,
OPTSTK,NIITTECH,29-Sep-2016,580,CE,0,0,0,19.65,0.05,0,0,0,0,17-AUG-2016,
OPTSTK,NIITTECH,29-Sep-2016,590,CE,0,0,0,17.25,0.05,0,0,0,0,17-AUG-2016,
OPTSTK,NIITTECH,29-Sep-2016,600,CE,0,0,0,15.05,0.05,0,0,0,0,17-AUG-2016,
OPTSTK,NIITTECH,29-Sep-2016,610,CE,0,0,0,13.1,0.05,0,0,0,0,17-AUG-2016,
OPTSTK,NIITTECH,29-Sep-2016,620,CE,0,0,0,11.4,0,0,0,0,0,17-AUG-2016,
OPTSTK,NIITTECH,29-Sep-2016,630,CE,0,0,0,9.9,0,0,0,0,0,17-AUG-2016,
OPTSTK,NIITTECH,29-Sep-2016,310,PE,0,0,0,0.1,0.15,0,0,0,0,17-AUG-2016,
OPTSTK,NIITTECH,29-Sep-2016,320,PE,0,0,0,0.2,0.3,0,0,0,0,17-AUG-2016,
OPTSTK,NIITTECH,29-Sep-2016,330,PE,0,0,0,0.3,0.55,0,0,0,0,17-AUG-2016,
OPTSTK,NIITTECH,29-Sep-2016,340,PE,0,0,0,0.45,1,0,0,0,0,17-AUG-2016,
OPTSTK,NIITTECH,29-Sep-2016,350,PE,0,0,0,0.65,1.8,0,0,0,0,17-AUG-2016,
OPTSTK,NIITTECH,29-Sep-2016,360,PE,0,0,0,0.95,2.95,0,0,0,0,17-AUG-2016,
OPTSTK,NIITTECH,29-Sep-2016,370,PE,0,0,0,1.35,4.65,0,0,0,0,17-AUG-2016,
OPTSTK,NIITTECH,29-Sep-2016,380,PE,0,0,0,1.9,7.05,0,0,0,0,17-AUG-2016,
OPTSTK,NIITTECH,29-Sep-2016,390,PE,0,0,0,2.6,10.1,0,0,0,0,17-AUG-2016,
OPTSTK,NIITTECH,29-Sep-2016,400,PE,0,0,0,3.55,13.95,0,0,0,0,17-AUG-2016,
OPTSTK,NIITTECH,29-Sep-2016,410,PE,0,0,0,4.65,18.65,0,0,0,0,17-AUG-2016,
OPTSTK,NIITTECH,29-Sep-2016,420,PE,0,0,0,6.05,24.15,0,0,0,0,17-AUG-2016,
OPTSTK,NIITTECH,29-Sep-2016,430,PE,0,0,0,7.75,30.45,0,0,0,0,17-AUG-2016,
OPTSTK,NIITTECH,29-Sep-2016,440,PE,0,0,0,9.7,37.4,0,0,0,0,17-AUG-2016,
OPTSTK,NIITTECH,29-Sep-2016,450,PE,0,0,0,12.05,45.05,0,0,0,0,17-AUG-2016,
OPTSTK,NIITTECH,29-Sep-2016,460,PE,0,0,0,14.75,53.2,0,0,0,0,17-AUG-2016,
OPTSTK,NIITTECH,29-Sep-2016,470,PE,0,0,0,17.75,61.75,0,0,0,0,17-AUG-2016,
OPTSTK,NIITTECH,29-Sep-2016,480,PE,0,0,0,21.2,70.7,0,0,0,0,17-AUG-2016,
OPTSTK,NIITTECH,29-Sep-2016,490,PE,0,0,0,25.05,79.9,0,0,0,0,17-AUG-2016,
OPTSTK,NIITTECH,29-Sep-2016,500,PE,0,0,0,29.25,89.3,0,0,0,0,17-AUG-2016,
OPTSTK,NIITTECH,29-Sep-2016,510,PE,0,0,0,33.9,98.85,0,0,0,0,17-AUG-2016,
OPTSTK,NIITTECH,29-Sep-2016,520,PE,0,0,0,38.95,108.55,0,0,0,0,17-AUG-2016,
OPTSTK,NIITTECH,29-Sep-2016,530,PE,0,0,0,44.35,118.3,0,0,0,0,17-AUG-2016,
OPTSTK,NIITTECH,29-Sep-2016,540,PE,0,0,0,50.1,128.1,0,0,0,0,17-AUG-2016,
OPTSTK,NIITTECH,29-Sep-2016,550,PE,0,0,0,56.25,137.95,0,0,0,0,17-AUG-2016,
OPTSTK,NIITTECH,29-Sep-2016,560,PE,0,0,0,62.75,147.8,0,0,0,0,17-AUG-2016,
OPTSTK,NIITTECH,29-Sep-2016,570,PE,0,0,0,69.55,157.7,0,0,0,0,17-AUG-2016,
OPTSTK,NIITTECH,29-Sep-2016,580,PE,0,0,0,76.65,167.6,0,0,0,0,17-AUG-2016,
OPTSTK,NIITTECH,29-Sep-2016,590,PE,0,0,0,84.05,177.5,0,0,0,0,17-AUG-2016,
OPTSTK,NIITTECH,29-Sep-2016,600,PE,0,0,0,91.7,187.4,0,0,0,0,17-AUG-2016,
OPTSTK,NIITTECH,29-Sep-2016,610,PE,0,0,0,99.6,197.35,0,0,0,0,17-AUG-2016,
OPTSTK,NIITTECH,29-Sep-2016,620,PE,0,0,0,107.7,207.25,0,0,0,0,17-AUG-2016,
OPTSTK,NIITTECH,29-Sep-2016,630,PE,0,0,0,116,217.15,0,0,0,0,17-AUG-2016,
OPTSTK,NIITTECH,27-Oct-2016,310,CE,0,0,0,163.05,102.5,0,0,0,0,17-AUG-2016,
OPTSTK,NIITTECH,27-Oct-2016,320,CE,0,0,0,153.35,93.05,0,0,0,0,17-AUG-2016,
OPTSTK,NIITTECH,27-Oct-2016,330,CE,0,0,0,143.7,83.85,0,0,0,0,17-AUG-2016,
OPTSTK,NIITTECH,27-Oct-2016,340,CE,0,0,0,134.2,74.95,0,0,0,0,17-AUG-2016,
OPTSTK,NIITTECH,27-Oct-2016,350,CE,0,0,0,124.8,66.35,0,0,0,0,17-AUG-2016,
OPTSTK,NIITTECH,27-Oct-2016,360,CE,0,0,0,115.55,58.25,0,0,0,0,17-AUG-2016,
OPTSTK,NIITTECH,27-Oct-2016,370,CE,0,0,0,106.55,50.65,0,0,0,0,17-AUG-2016,
OPTSTK,NIITTECH,27-Oct-2016,380,CE,0,0,0,97.8,43.6,0,0,0,0,17-AUG-2016,
OPTSTK,NIITTECH,27-Oct-2016,390,CE,0,0,0,89.3,37.15,0,0,0,0,17-AUG-2016,
OPTSTK,NIITTECH,27-Oct-2016,400,CE,0,0,0,81.15,31.35,0,0,0,0,17-AUG-2016,
OPTSTK,NIITTECH,27-Oct-2016,410,CE,0,0,0,73.4,26.2,0,0,0,0,17-AUG-2016,
OPTSTK,NIITTECH,27-Oct-2016,420,CE,0,0,0,66.05,21.65,0,0,0,0,17-AUG-2016,
OPTSTK,NIITTECH,27-Oct-2016,430,CE,0,0,0,59.05,17.75,0,0,0,0,17-AUG-2016,
OPTSTK,NIITTECH,27-Oct-2016,440,CE,0,0,0,52.6,14.4,0,0,0,0,17-AUG-2016,
OPTSTK,NIITTECH,27-Oct-2016,450,CE,0,0,0,46.6,11.55,0,0,0,0,17-AUG-2016,
OPTSTK,NIITTECH,27-Oct-2016,460,CE,0,0,0,41.05,9.25,0,0,0,0,17-AUG-2016,
OPTSTK,NIITTECH,27-Oct-2016,470,CE,0,0,0,36,7.3,0,0,0,0,17-AUG-2016,
OPTSTK,NIITTECH,27-Oct-2016,480,CE,0,0,0,31.4,5.7,0,0,0,0,17-AUG-2016,
OPTSTK,NIITTECH,27-Oct-2016,490,CE,0,0,0,27.25,4.45,0,0,0,0,17-AUG-2016,
OPTSTK,NIITTECH,27-Oct-2016,500,CE,0,0,0,23.55,3.4,0,0,0,0,17-AUG-2016,
OPTSTK,NIITTECH,27-Oct-2016,510,CE,0,0,0,20.25,2.6,0,0,0,0,17-AUG-2016,
OPTSTK,NIITTECH,27-Oct-2016,520,CE,0,0,0,17.3,2,0,0,0,0,17-AUG-2016,
OPTSTK,NIITTECH,27-Oct-2016,530,CE,0,0,0,14.75,1.5,0,0,0,0,17-AUG-2016,
OPTSTK,NIITTECH,27-Oct-2016,540,CE,0,0,0,12.55,1.1,0,0,0,0,17-AUG-2016,
OPTSTK,NIITTECH,27-Oct-2016,550,CE,0,0,0,10.6,0.85,0,0,0,0,17-AUG-2016,
OPTSTK,NIITTECH,27-Oct-2016,560,CE,0,0,0,8.9,0.6,0,0,0,0,17-AUG-2016,
OPTSTK,NIITTECH,27-Oct-2016,570,CE,0,0,0,7.45,0.45,0,0,0,0,17-AUG-2016,
OPTSTK,NIITTECH,27-Oct-2016,580,CE,0,0,0,6.25,0.35,0,0,0,0,17-AUG-2016,
OPTSTK,NIITTECH,27-Oct-2016,590,CE,0,0,0,5.2,0.25,0,0,0,0,17-AUG-2016,
OPTSTK,NIITTECH,27-Oct-2016,600,CE,0,0,0,4.3,0.2,0,0,0,0,17-AUG-2016,
OPTSTK,NIITTECH,27-Oct-2016,610,CE,0,0,0,3.55,0.15,0,0,0,0,17-AUG-2016,
OPTSTK,NIITTECH,27-Oct-2016,620,CE,0,0,0,2.95,0.1,0,0,0,0,17-AUG-2016,
OPTSTK,NIITTECH,27-Oct-2016,630,CE,0,0,0,2.4,0.1,0,0,0,0,17-AUG-2016,
OPTSTK,NIITTECH,27-Oct-2016,310,PE,0,0,0,0.2,0.6,0,0,0,0,17-AUG-2016,
OPTSTK,NIITTECH,27-Oct-2016,320,PE,0,0,0,0.35,1.05,0,0,0,0,17-AUG-2016,
OPTSTK,NIITTECH,27-Oct-2016,330,PE,0,0,0,0.55,1.7,0,0,0,0,17-AUG-2016,
OPTSTK,NIITTECH,27-Oct-2016,340,PE,0,0,0,0.85,2.65,0,0,0,0,17-AUG-2016,
OPTSTK,NIITTECH,27-Oct-2016,350,PE,0,0,0,1.3,3.95,0,0,0,0,17-AUG-2016,
OPTSTK,NIITTECH,27-Oct-2016,360,PE,0,0,0,1.9,5.7,0,0,0,0,17-AUG-2016,
OPTSTK,NIITTECH,27-Oct-2016,370,PE,0,0,0,2.7,8,0,0,0,0,17-AUG-2016,
OPTSTK,NIITTECH,27-Oct-2016,380,PE,0,0,0,3.75,10.8,0,0,0,0,17-AUG-2016,
OPTSTK,NIITTECH,27-Oct-2016,390,PE,0,0,0,5.1,14.2,0,0,0,0,17-AUG-2016,
OPTSTK,NIITTECH,27-Oct-2016,400,PE,0,0,0,6.8,18.3,0,0,0,0,17-AUG-2016,
OPTSTK,NIITTECH,27-Oct-2016,410,PE,0,0,0,8.85,23,0,0,0,0,17-AUG-2016,
OPTSTK,NIITTECH,27-Oct-2016,420,PE,0,0,0,11.3,28.3,0,0,0,0,17-AUG-2016,
OPTSTK,NIITTECH,27-Oct-2016,430,PE,0,0,0,14.2,34.25,0,0,0,0,17-AUG-2016,
OPTSTK,NIITTECH,27-Oct-2016,440,PE,0,0,0,17.55,40.8,0,0,0,0,17-AUG-2016,
OPTSTK,NIITTECH,27-Oct-2016,450,PE,0,0,0,21.35,47.8,0,0,0,0,17-AUG-2016,
OPTSTK,NIITTECH,27-Oct-2016,460,PE,0,0,0,25.65,55.35,0,0,0,0,17-AUG-2016,
OPTSTK,NIITTECH,27-Oct-2016,470,PE,0,0,0,30.4,63.25,0,0,0,0,17-AUG-2016,
OPTSTK,NIITTECH,27-Oct-2016,480,PE,0,0,0,35.65,71.55,0,0,0,0,17-AUG-2016,
OPTSTK,NIITTECH,27-Oct-2016,490,PE,0,0,0,41.3,80.15,0,0,0,0,17-AUG-2016,
OPTSTK,NIITTECH,27-Oct-2016,500,PE,0,0,0,47.45,89,0,0,0,0,17-AUG-2016,
OPTSTK,NIITTECH,27-Oct-2016,510,PE,0,0,0,53.95,98.05,0,0,0,0,17-AUG-2016,
OPTSTK,NIITTECH,27-Oct-2016,520,PE,0,0,0,60.9,107.3,0,0,0,0,17-AUG-2016,
OPTSTK,NIITTECH,27-Oct-2016,530,PE,0,0,0,68.15,116.7,0,0,0,0,17-AUG-2016,
OPTSTK,NIITTECH,27-Oct-2016,540,PE,0,0,0,75.75,126.2,0,0,0,0,17-AUG-2016,
OPTSTK,NIITTECH,27-Oct-2016,550,PE,0,0,0,83.65,135.75,0,0,0,0,17-AUG-2016,
OPTSTK,NIITTECH,27-Oct-2016,560,PE,0,0,0,91.8,145.4,0,0,0,0,17-AUG-2016,
OPTSTK,NIITTECH,27-Oct-2016,570,PE,0,0,0,100.2,155.1,0,0,0,0,17-AUG-2016,
OPTSTK,NIITTECH,27-Oct-2016,580,PE,0,0,0,108.75,164.85,0,0,0,0,17-AUG-2016,
OPTSTK,NIITTECH,27-Oct-2016,590,PE,0,0,0,117.55,174.65,0,0,0,0,17-AUG-2016,
OPTSTK,NIITTECH,27-Oct-2016,600,PE,0,0,0,126.5,184.45,0,0,0,0,17-AUG-2016,
OPTSTK,NIITTECH,27-Oct-2016,610,PE,0,0,0,135.6,194.25,0,0,0,0,17-AUG-2016,
OPTSTK,NIITTECH,27-Oct-2016,620,PE,0,0,0,144.8,204.1,0,0,0,0,17-AUG-2016,
OPTSTK,NIITTECH,27-Oct-2016,630,PE,0,0,0,154.1,213.95,0,0,0,0,17-AUG-2016,
OPTSTK,NMDC,25-Aug-2016,57.5,CE,0,0,0,35,46.2,0,0,0,0,17-AUG-2016,
OPTSTK,NMDC,25-Aug-2016,60,CE,0,0,0,32.55,43.7,0,0,0,0,17-AUG-2016,
OPTSTK,NMDC,25-Aug-2016,62.5,CE,0,0,0,30.15,41.2,0,0,0,0,17-AUG-2016,
OPTSTK,NMDC,25-Aug-2016,65,CE,0,0,0,27.8,38.7,0,0,0,0,17-AUG-2016,
OPTSTK,NMDC,25-Aug-2016,67.5,CE,0,0,0,25.45,36.2,0,0,0,0,17-AUG-2016,
OPTSTK,NMDC,25-Aug-2016,70,CE,0,0,0,23.2,33.7,0,0,0,0,17-AUG-2016,
OPTSTK,NMDC,25-Aug-2016,72.5,CE,0,0,0,21,31.25,0,0,0,0,17-AUG-2016,
OPTSTK,NMDC,25-Aug-2016,75,CE,0,0,0,18.9,28.75,0,0,0,0,17-AUG-2016,
OPTSTK,NMDC,25-Aug-2016,77.5,CE,0,0,0,16.9,26.25,0,0,0,0,17-AUG-2016,
OPTSTK,NMDC,25-Aug-2016,80,CE,0,0,0,15,23.75,0,0,0,0,17-AUG-2016,
OPTSTK,NMDC,25-Aug-2016,82.5,CE,0,0,0,13.2,21.25,0,0,0,0,17-AUG-2016,
OPTSTK,NMDC,25-Aug-2016,85,CE,0,0,0,11.6,18.75,0,0,0,0,17-AUG-2016,
OPTSTK,NMDC,25-Aug-2016,87.5,CE,0,0,0,15,16.25,0,0,6000,0,17-AUG-2016,
OPTSTK,NMDC,25-Aug-2016,90,CE,0,0,0,10.9,13.75,0,0,24000,0,17-AUG-2016,
OPTSTK,NMDC,25-Aug-2016,92.5,CE,0,0,0,10.25,11.25,0,0,6000,0,17-AUG-2016,
OPTSTK,NMDC,25-Aug-2016,95,CE,7.5,9.5,7.5,9.5,9.5,2,12.42,204000,0,17-AUG-2016,
OPTSTK,NMDC,25-Aug-2016,97.5,CE,5.5,5.5,5.5,5.5,5.5,1,6.18,24000,0,17-AUG-2016,
OPTSTK,NMDC,25-Aug-2016,100,CE,2.2,4.9,1.9,4.5,4.5,82,508.47,450000,-78000,17-AUG-2016,
OPTSTK,NMDC,25-Aug-2016,102.5,CE,1.2,3,1.15,2.8,2.8,41,257.53,180000,30000,17-AUG-2016,
OPTSTK,NMDC,25-Aug-2016,105,CE,0.65,2.2,0.65,1.8,1.8,284,1814.52,1596000,-72000,17-AUG-2016,
OPTSTK,NMDC,25-Aug-2016,107.5,CE,0.6,1.35,0.6,1.15,1.15,21,136.65,198000,48000,17-AUG-2016,
OPTSTK,NMDC,25-Aug-2016,110,CE,0.3,0.85,0.3,0.75,0.75,101,670.29,1092000,36000,17-AUG-2016,
OPTSTK,NMDC,25-Aug-2016,112.5,CE,0.25,0.45,0.25,0.45,0.45,2,13.54,36000,6000,17-AUG-2016,
OPTSTK,NMDC,25-Aug-2016,115,CE,0.2,0.35,0.2,0.35,0.35,16,110.62,102000,-6000,17-AUG-2016,
OPTSTK,NMDC,25-Aug-2016,117.5,CE,0,0,0,1.2,0.05,0,0,0,0,17-AUG-2016,
OPTSTK,NMDC,25-Aug-2016,120,CE,0.1,0.15,0.1,0.15,0.15,5,36.03,522000,-6000,17-AUG-2016,
OPTSTK,NMDC,25-Aug-2016,122.5,CE,0,0,0,0.2,0,0,0,12000,0,17-AUG-2016,
OPTSTK,NMDC,25-Aug-2016,57.5,PE,0,0,0,0.05,0,0,0,0,0,17-AUG-2016,
OPTSTK,NMDC,25-Aug-2016,60,PE,0,0,0,0.1,0,0,0,0,0,17-AUG-2016,
OPTSTK,NMDC,25-Aug-2016,62.5,PE,0,0,0,0.15,0,0,0,0,0,17-AUG-2016,
OPTSTK,NMDC,25-Aug-2016,65,PE,0,0,0,0.25,0,0,0,0,0,17-AUG-2016,
OPTSTK,NMDC,25-Aug-2016,67.5,PE,0,0,0,0.35,0,0,0,0,0,17-AUG-2016,
OPTSTK,NMDC,25-Aug-2016,70,PE,0,0,0,0.55,0,0,0,0,0,17-AUG-2016,
OPTSTK,NMDC,25-Aug-2016,72.5,PE,0,0,0,0.8,0,0,0,0,0,17-AUG-2016,
OPTSTK,NMDC,25-Aug-2016,75,PE,0,0,0,1.15,0,0,0,0,0,17-AUG-2016,
OPTSTK,NMDC,25-Aug-2016,77.5,PE,0,0,0,1.6,0,0,0,0,0,17-AUG-2016,
OPTSTK,NMDC,25-Aug-2016,80,PE,0,0,0,2.15,0,0,0,0,0,17-AUG-2016,
OPTSTK,NMDC,25-Aug-2016,82.5,PE,0,0,0,2.85,0,0,0,0,0,17-AUG-2016,
OPTSTK,NMDC,25-Aug-2016,85,PE,0,0,0,3.65,0,0,0,0,0,17-AUG-2016,
OPTSTK,NMDC,25-Aug-2016,87.5,PE,0,0,0,0.05,0,0,0,54000,0,17-AUG-2016,
OPTSTK,NMDC,25-Aug-2016,90,PE,0.1,0.1,0.05,0.05,0.05,6,32.43,252000,-30000,17-AUG-2016,
OPTSTK,NMDC,25-Aug-2016,92.5,PE,0.2,0.2,0.2,0.2,0.2,1,5.56,48000,-6000,17-AUG-2016,
OPTSTK,NMDC,25-Aug-2016,95,PE,0.2,0.2,0.05,0.05,0.05,19,108.45,438000,-42000,17-AUG-2016,
OPTSTK,NMDC,25-Aug-2016,97.5,PE,0.7,0.75,0.25,0.25,0.25,17,99.82,252000,0,17-AUG-2016,
OPTSTK,NMDC,25-Aug-2016,100,PE,1.55,1.6,0.45,0.55,0.55,111,670.73,444000,-96000,17-AUG-2016,
OPTSTK,NMDC,25-Aug-2016,102.5,PE,1.9,2.45,1.1,1.25,1.25,11,68.63,78000,24000,17-AUG-2016,
OPTSTK,NMDC,25-Aug-2016,105,PE,3,3,3,3,3,1,6.48,132000,0,17-AUG-2016,
OPTSTK,NMDC,25-Aug-2016,107.5,PE,0,0,0,8.2,4.35,0,0,12000,0,17-AUG-2016,
OPTSTK,NMDC,25-Aug-2016,110,PE,0,0,0,9.9,6.5,0,0,12000,0,17-AUG-2016,
OPTSTK,NMDC,25-Aug-2016,112.5,PE,0,0,0,20.9,8.85,0,0,0,0,17-AUG-2016,
OPTSTK,NMDC,25-Aug-2016,115,PE,0,0,0,23.05,11.25,0,0,0,0,17-AUG-2016,
OPTSTK,NMDC,25-Aug-2016,117.5,PE,0,0,0,25.2,13.75,0,0,0,0,17-AUG-2016,
OPTSTK,NMDC,25-Aug-2016,120,PE,0,0,0,18,16.25,0,0,48000,0,17-AUG-2016,
OPTSTK,NMDC,25-Aug-2016,122.5,PE,0,0,0,22.3,18.75,0,0,156000,0,17-AUG-2016,
OPTSTK,NMDC,29-Sep-2016,57.5,CE,0,0,0,37.4,46.6,0,0,0,0,17-AUG-2016,
OPTSTK,NMDC,29-Sep-2016,60,CE,0,0,0,34.95,44.1,0,0,0,0,17-AUG-2016,
OPTSTK,NMDC,29-Sep-2016,62.5,CE,0,0,0,32.5,41.65,0,0,0,0,17-AUG-2016,
OPTSTK,NMDC,29-Sep-2016,65,CE,0,0,0,30.05,39.15,0,0,0,0,17-AUG-2016,
OPTSTK,NMDC,29-Sep-2016,67.5,CE,0,0,0,27.6,36.65,0,0,0,0,17-AUG-2016,
OPTSTK,NMDC,29-Sep-2016,70,CE,0,0,0,25.15,34.2,0,0,0,0,17-AUG-2016,
OPTSTK,NMDC,29-Sep-2016,72.5,CE,0,0,0,22.8,31.7,0,0,0,0,17-AUG-2016,
OPTSTK,NMDC,29-Sep-2016,75,CE,0,0,0,20.45,29.25,0,0,0,0,17-AUG-2016,
OPTSTK,NMDC,29-Sep-2016,77.5,CE,0,0,0,18.15,26.75,0,0,0,0,17-AUG-2016,
OPTSTK,NMDC,29-Sep-2016,80,CE,0,0,0,15.95,24.3,0,0,0,0,17-AUG-2016,
OPTSTK,NMDC,29-Sep-2016,82.5,CE,0,0,0,13.85,21.85,0,0,0,0,17-AUG-2016,
OPTSTK,NMDC,29-Sep-2016,85,CE,0,0,0,11.9,19.4,0,0,0,0,17-AUG-2016,
OPTSTK,NMDC,29-Sep-2016,87.5,CE,0,0,0,10.1,17.05,0,0,0,0,17-AUG-2016,
OPTSTK,NMDC,29-Sep-2016,90,CE,0,0,0,8.45,14.75,0,0,0,0,17-AUG-2016,
OPTSTK,NMDC,29-Sep-2016,92.5,CE,0,0,0,7,12.55,0,0,0,0,17-AUG-2016,
OPTSTK,NMDC,29-Sep-2016,95,CE,0,0,0,5.7,10.45,0,0,0,0,17-AUG-2016,
OPTSTK,NMDC,29-Sep-2016,97.5,CE,0,0,0,4.6,8.6,0,0,0,0,17-AUG-2016,
OPTSTK,NMDC,29-Sep-2016,100,CE,6.2,6.2,6.2,6.2,6.2,1,6.37,12000,6000,17-AUG-2016,
OPTSTK,NMDC,29-Sep-2016,102.5,CE,3.5,4.85,3.5,4.85,4.85,4,25.55,12000,-6000,17-AUG-2016,
OPTSTK,NMDC,29-Sep-2016,105,CE,3.5,4.1,3.5,4.1,4.1,2,13.05,24000,0,17-AUG-2016,
OPTSTK,NMDC,29-Sep-2016,107.5,CE,0,0,0,1.75,3.15,0,0,0,0,17-AUG-2016,
OPTSTK,NMDC,29-Sep-2016,110,CE,0,0,0,1.4,2.3,0,0,6000,0,17-AUG-2016,
OPTSTK,NMDC,29-Sep-2016,112.5,CE,0,0,0,1,1.65,0,0,0,0,17-AUG-2016,
OPTSTK,NMDC,29-Sep-2016,115,CE,0,0,0,0.75,1.15,0,0,0,0,17-AUG-2016,
OPTSTK,NMDC,29-Sep-2016,117.5,CE,0,0,0,0.55,0.8,0,0,0,0,17-AUG-2016,
OPTSTK,NMDC,29-Sep-2016,120,CE,0.1,0.55,0.1,0.55,0.55,2,14.43,0,0,17-AUG-2016,
OPTSTK,NMDC,29-Sep-2016,122.5,CE,0,0,0,0.3,0.35,0,0,0,0,17-AUG-2016,
OPTSTK,NMDC,29-Sep-2016,57.5,PE,0,0,0,0.05,0,0,0,0,0,17-AUG-2016,
OPTSTK,NMDC,29-Sep-2016,60,PE,0,0,0,0.05,0,0,0,0,0,17-AUG-2016,
OPTSTK,NMDC,29-Sep-2016,62.5,PE,0,0,0,0.05,0,0,0,0,0,17-AUG-2016,
OPTSTK,NMDC,29-Sep-2016,65,PE,0,0,0,0.05,0,0,0,0,0,17-AUG-2016,
OPTSTK,NMDC,29-Sep-2016,67.5,PE,0,0,0,0.05,0,0,0,0,0,17-AUG-2016,
OPTSTK,NMDC,29-Sep-2016,70,PE,0,0,0,0.1,0,0,0,0,0,17-AUG-2016,
OPTSTK,NMDC,29-Sep-2016,72.5,PE,0,0,0,0.15,0,0,0,0,0,17-AUG-2016,
OPTSTK,NMDC,29-Sep-2016,75,PE,0,0,0,0.25,0,0,0,0,0,17-AUG-2016,
OPTSTK,NMDC,29-Sep-2016,77.5,PE,0,0,0,0.45,0.05,0,0,0,0,17-AUG-2016,
OPTSTK,NMDC,29-Sep-2016,80,PE,0,0,0,0.7,0.05,0,0,0,0,17-AUG-2016,
OPTSTK,NMDC,29-Sep-2016,82.5,PE,0,0,0,1.05,0.05,0,0,0,0,17-AUG-2016,
OPTSTK,NMDC,29-Sep-2016,85,PE,0,0,0,1.55,0.1,0,0,0,0,17-AUG-2016,
OPTSTK,NMDC,29-Sep-2016,87.5,PE,0,0,0,2.2,0.2,0,0,0,0,17-AUG-2016,
OPTSTK,NMDC,29-Sep-2016,90,PE,0,0,0,0.95,0.4,0,0,12000,0,17-AUG-2016,
OPTSTK,NMDC,29-Sep-2016,92.5,PE,0,0,0,4,0.7,0,0,0,0,17-AUG-2016,
OPTSTK,NMDC,29-Sep-2016,95,PE,0,0,0,5.2,1.1,0,0,0,0,17-AUG-2016,
OPTSTK,NMDC,29-Sep-2016,97.5,PE,0,0,0,2.5,1.7,0,0,6000,0,17-AUG-2016,
OPTSTK,NMDC,29-Sep-2016,100,PE,2.6,2.7,2.05,2.05,2.05,6,36.86,48000,36000,17-AUG-2016,
OPTSTK,NMDC,29-Sep-2016,102.5,PE,3,3,3,3,3,1,6.33,6000,6000,17-AUG-2016,
OPTSTK,NMDC,29-Sep-2016,105,PE,0,0,0,6,4.7,0,0,6000,0,17-AUG-2016,
OPTSTK,NMDC,29-Sep-2016,107.5,PE,0,0,0,13.5,6.15,0,0,0,0,17-AUG-2016,
OPTSTK,NMDC,29-Sep-2016,110,PE,0,0,0,10,7.8,0,0,6000,0,17-AUG-2016,
OPTSTK,NMDC,29-Sep-2016,112.5,PE,0,0,0,17.65,9.65,0,0,0,0,17-AUG-2016,
OPTSTK,NMDC,29-Sep-2016,115,PE,0,0,0,19.85,11.65,0,0,0,0,17-AUG-2016,
OPTSTK,NMDC,29-Sep-2016,117.5,PE,0,0,0,22.1,13.75,0,0,0,0,17-AUG-2016,
OPTSTK,NMDC,29-Sep-2016,120,PE,0,0,0,24.45,16,0,0,0,0,17-AUG-2016,
OPTSTK,NMDC,29-Sep-2016,122.5,PE,0,0,0,26.8,18.3,0,0,0,0,17-AUG-2016,
OPTSTK,NMDC,27-Oct-2016,62.5,CE,0,0,0,41.85,41.95,0,0,0,0,17-AUG-2016,
OPTSTK,NMDC,27-Oct-2016,65,CE,0,0,0,39.4,39.5,0,0,0,0,17-AUG-2016,
OPTSTK,NMDC,27-Oct-2016,67.5,CE,0,0,0,36.95,37,0,0,0,0,17-AUG-2016,
OPTSTK,NMDC,27-Oct-2016,70,CE,0,0,0,34.5,34.55,0,0,0,0,17-AUG-2016,
OPTSTK,NMDC,27-Oct-2016,72.5,CE,0,0,0,32.05,32.1,0,0,0,0,17-AUG-2016,
OPTSTK,NMDC,27-Oct-2016,75,CE,0,0,0,29.6,29.65,0,0,0,0,17-AUG-2016,
OPTSTK,NMDC,27-Oct-2016,77.5,CE,0,0,0,27.15,27.2,0,0,0,0,17-AUG-2016,
OPTSTK,NMDC,27-Oct-2016,80,CE,0,0,0,24.75,24.8,0,0,0,0,17-AUG-2016,
OPTSTK,NMDC,27-Oct-2016,82.5,CE,0,0,0,22.35,22.4,0,0,0,0,17-AUG-2016,
OPTSTK,NMDC,27-Oct-2016,85,CE,0,0,0,20.05,20.1,0,0,0,0,17-AUG-2016,
OPTSTK,NMDC,27-Oct-2016,87.5,CE,0,0,0,17.8,17.85,0,0,0,0,17-AUG-2016,
OPTSTK,NMDC,27-Oct-2016,90,CE,0,0,0,15.65,15.65,0,0,0,0,17-AUG-2016,
OPTSTK,NMDC,27-Oct-2016,92.5,CE,0,0,0,13.6,13.6,0,0,0,0,17-AUG-2016,
OPTSTK,NMDC,27-Oct-2016,95,CE,0,0,0,11.7,11.7,0,0,0,0,17-AUG-2016,
OPTSTK,NMDC,27-Oct-2016,97.5,CE,0,0,0,9.9,9.95,0,0,0,0,17-AUG-2016,
OPTSTK,NMDC,27-Oct-2016,100,CE,0,0,0,8.3,8.35,0,0,0,0,17-AUG-2016,
OPTSTK,NMDC,27-Oct-2016,102.5,CE,0,0,0,6.9,6.9,0,0,0,0,17-AUG-2016,
OPTSTK,NMDC,27-Oct-2016,105,CE,0,0,0,5.65,5.65,0,0,0,0,17-AUG-2016,
OPTSTK,NMDC,27-Oct-2016,107.5,CE,0,0,0,4.55,4.6,0,0,0,0,17-AUG-2016,
OPTSTK,NMDC,27-Oct-2016,110,CE,0,0,0,3.65,3.65,0,0,0,0,17-AUG-2016,
OPTSTK,NMDC,27-Oct-2016,112.5,CE,0,0,0,2.85,2.9,0,0,0,0,17-AUG-2016,
OPTSTK,NMDC,27-Oct-2016,115,CE,0,0,0,2.25,2.25,0,0,0,0,17-AUG-2016,
OPTSTK,NMDC,27-Oct-2016,117.5,CE,0,0,0,1.75,1.75,0,0,0,0,17-AUG-2016,
OPTSTK,NMDC,27-Oct-2016,120,CE,0,0,0,1.3,1.35,0,0,0,0,17-AUG-2016,
OPTSTK,NMDC,27-Oct-2016,122.5,CE,0,0,0,1,1,0,0,0,0,17-AUG-2016,
OPTSTK,NMDC,27-Oct-2016,62.5,PE,0,0,0,0.05,0,0,0,0,0,17-AUG-2016,
OPTSTK,NMDC,27-Oct-2016,65,PE,0,0,0,0.05,0,0,0,0,0,17-AUG-2016,
OPTSTK,NMDC,27-Oct-2016,67.5,PE,0,0,0,0.05,0,0,0,0,0,17-AUG-2016,
OPTSTK,NMDC,27-Oct-2016,70,PE,0,0,0,0.05,0,0,0,0,0,17-AUG-2016,
OPTSTK,NMDC,27-Oct-2016,72.5,PE,0,0,0,0.05,0.05,0,0,0,0,17-AUG-2016,
OPTSTK,NMDC,27-Oct-2016,75,PE,0,0,0,0.05,0.05,0,0,0,0,17-AUG-2016,
OPTSTK,NMDC,27-Oct-2016,77.5,PE,0,0,0,0.05,0.1,0,0,0,0,17-AUG-2016,
OPTSTK,NMDC,27-Oct-2016,80,PE,0,0,0,0.1,0.15,0,0,0,0,17-AUG-2016,
OPTSTK,NMDC,27-Oct-2016,82.5,PE,0,0,0,0.2,0.2,0,0,0,0,17-AUG-2016,
OPTSTK,NMDC,27-Oct-2016,85,PE,0,0,0,0.35,0.35,0,0,0,0,17-AUG-2016,
OPTSTK,NMDC,27-Oct-2016,87.5,PE,0,0,0,0.55,0.55,0,0,0,0,17-AUG-2016,
OPTSTK,NMDC,27-Oct-2016,90,PE,0,0,0,0.85,0.85,0,0,0,0,17-AUG-2016,
OPTSTK,NMDC,27-Oct-2016,92.5,PE,0,0,0,1.25,1.3,0,0,0,0,17-AUG-2016,
OPTSTK,NMDC,27-Oct-2016,95,PE,0,0,0,1.8,1.85,0,0,0,0,17-AUG-2016,
OPTSTK,NMDC,27-Oct-2016,97.5,PE,0,0,0,2.5,2.55,0,0,0,0,17-AUG-2016,
OPTSTK,NMDC,27-Oct-2016,100,PE,0,0,0,3.35,3.4,0,0,0,0,17-AUG-2016,
OPTSTK,NMDC,27-Oct-2016,102.5,PE,0,0,0,4.4,4.45,0,0,0,0,17-AUG-2016,
OPTSTK,NMDC,27-Oct-2016,105,PE,0,0,0,5.6,5.65,0,0,0,0,17-AUG-2016,
OPTSTK,NMDC,27-Oct-2016,107.5,PE,0,0,0,6.95,7.05,0,0,0,0,17-AUG-2016,
OPTSTK,NMDC,27-Oct-2016,110,PE,0,0,0,8.5,8.6,0,0,0,0,17-AUG-2016,
OPTSTK,NMDC,27-Oct-2016,112.5,PE,0,0,0,10.2,10.3,0,0,0,0,17-AUG-2016,
OPTSTK,NMDC,27-Oct-2016,115,PE,0,0,0,12,12.15,0,0,0,0,17-AUG-2016,
OPTSTK,NMDC,27-Oct-2016,117.5,PE,0,0,0,13.95,14.1,0,0,0,0,17-AUG-2016,
OPTSTK,NMDC,27-Oct-2016,120,PE,0,0,0,16,16.15,0,0,0,0,17-AUG-2016,
OPTSTK,NMDC,27-Oct-2016,122.5,PE,0,0,0,18.15,18.3,0,0,0,0,17-AUG-2016,
OPTSTK,NTPC,25-Aug-2016,92.5,CE,0,0,0,50.35,69.2,0,0,0,0,17-AUG-2016,
OPTSTK,NTPC,25-Aug-2016,95,CE,0,0,0,47.9,66.7,0,0,0,0,17-AUG-2016,
OPTSTK,NTPC,25-Aug-2016,97.5,CE,0,0,0,45.45,64.2,0,0,0,0,17-AUG-2016,
OPTSTK,NTPC,25-Aug-2016,100,CE,0,0,0,43.05,61.7,0,0,0,0,17-AUG-2016,
OPTSTK,NTPC,25-Aug-2016,102.5,CE,0,0,0,40.6,59.2,0,0,0,0,17-AUG-2016,
OPTSTK,NTPC,25-Aug-2016,105,CE,0,0,0,38.15,56.75,0,0,0,0,17-AUG-2016,
OPTSTK,NTPC,25-Aug-2016,107.5,CE,0,0,0,35.75,54.25,0,0,0,0,17-AUG-2016,
OPTSTK,NTPC,25-Aug-2016,110,CE,0,0,0,33.35,51.75,0,0,0,0,17-AUG-2016,
OPTSTK,NTPC,25-Aug-2016,112.5,CE,0,0,0,31,49.25,0,0,0,0,17-AUG-2016,
OPTSTK,NTPC,25-Aug-2016,115,CE,0,0,0,28.7,46.75,0,0,0,0,17-AUG-2016,
OPTSTK,NTPC,25-Aug-2016,117.5,CE,0,0,0,26.4,44.25,0,0,0,0,17-AUG-2016,
OPTSTK,NTPC,25-Aug-2016,120,CE,0,0,0,37.5,41.75,0,0,4000,0,17-AUG-2016,
OPTSTK,NTPC,25-Aug-2016,122.5,CE,0,0,0,22.05,39.25,0,0,0,0,17-AUG-2016,
OPTSTK,NTPC,25-Aug-2016,125,CE,0,0,0,19.95,36.75,0,0,0,0,17-AUG-2016,
OPTSTK,NTPC,25-Aug-2016,127.5,CE,0,0,0,18,34.25,0,0,0,0,17-AUG-2016,
OPTSTK,NTPC,25-Aug-2016,130,CE,0,0,0,29.75,31.75,0,0,4000,0,17-AUG-2016,
OPTSTK,NTPC,25-Aug-2016,132.5,CE,0,0,0,14.35,29.25,0,0,0,0,17-AUG-2016,
OPTSTK,NTPC,25-Aug-2016,135,CE,0,0,0,12.7,26.75,0,0,0,0,17-AUG-2016,
OPTSTK,NTPC,25-Aug-2016,137.5,CE,0,0,0,23,24.3,0,0,4000,0,17-AUG-2016,
OPTSTK,NTPC,25-Aug-2016,140,CE,0,0,0,21.4,21.8,0,0,8000,0,17-AUG-2016,
OPTSTK,NTPC,25-Aug-2016,142.5,CE,0,0,0,17,19.3,0,0,4000,0,17-AUG-2016,
OPTSTK,NTPC,25-Aug-2016,145,CE,0,0,0,15,16.8,0,0,12000,0,17-AUG-2016,
OPTSTK,NTPC,25-Aug-2016,147.5,CE,0,0,0,13,14.3,0,0,4000,0,17-AUG-2016,
OPTSTK,NTPC,25-Aug-2016,150,CE,0,0,0,10.8,11.8,0,0,36000,0,17-AUG-2016,
OPTSTK,NTPC,25-Aug-2016,152.5,CE,0,0,0,8.4,9.35,0,0,4000,0,17-AUG-2016,
OPTSTK,NTPC,25-Aug-2016,155,CE,0,0,0,5.05,6.95,0,0,88000,0,17-AUG-2016,
OPTSTK,NTPC,25-Aug-2016,157.5,CE,4.95,4.95,4.8,4.8,4.8,3,19.48,32000,4000,17-AUG-2016,
OPTSTK,NTPC,25-Aug-2016,160,CE,3.4,3.5,3,3.5,3.5,19,124.02,352000,-4000,17-AUG-2016,
OPTSTK,NTPC,25-Aug-2016,162.5,CE,2.3,2.5,1.9,2.15,2.15,40,263.45,112000,20000,17-AUG-2016,
OPTSTK,NTPC,25-Aug-2016,165,CE,1.35,1.45,1.1,1.35,1.35,34,226.17,324000,20000,17-AUG-2016,
OPTSTK,NTPC,25-Aug-2016,167.5,CE,0.7,0.7,0.7,0.7,0.7,2,13.45,108000,-8000,17-AUG-2016,
OPTSTK,NTPC,25-Aug-2016,170,CE,0.45,0.5,0.35,0.5,0.5,17,115.9,532000,8000,17-AUG-2016,
OPTSTK,NTPC,25-Aug-2016,172.5,CE,0.25,0.25,0.25,0.25,0.25,3,20.73,56000,12000,17-AUG-2016,
OPTSTK,NTPC,25-Aug-2016,175,CE,0.2,0.2,0.15,0.15,0.15,23,161.15,324000,52000,17-AUG-2016,
OPTSTK,NTPC,25-Aug-2016,177.5,CE,0,0,0,0.5,0,0,0,8000,0,17-AUG-2016,
OPTSTK,NTPC,25-Aug-2016,180,CE,0,0,0,0.5,0,0,0,0,0,17-AUG-2016,
OPTSTK,NTPC,25-Aug-2016,182.5,CE,0,0,0,0.4,0,0,0,0,0,17-AUG-2016,
OPTSTK,NTPC,25-Aug-2016,185,CE,0,0,0,0.35,0,0,0,0,0,17-AUG-2016,
OPTSTK,NTPC,25-Aug-2016,187.5,CE,0,0,0,0.25,0,0,0,0,0,17-AUG-2016,
OPTSTK,NTPC,25-Aug-2016,92.5,PE,0,0,0,0.05,0,0,0,0,0,17-AUG-2016,
OPTSTK,NTPC,25-Aug-2016,95,PE,0,0,0,0.05,0,0,0,0,0,17-AUG-2016,
OPTSTK,NTPC,25-Aug-2016,97.5,PE,0,0,0,0.05,0,0,0,0,0,17-AUG-2016,
OPTSTK,NTPC,25-Aug-2016,100,PE,0,0,0,0.05,0,0,0,0,0,17-AUG-2016,
OPTSTK,NTPC,25-Aug-2016,102.5,PE,0,0,0,0.05,0,0,0,0,0,17-AUG-2016,
OPTSTK,NTPC,25-Aug-2016,105,PE,0,0,0,0.1,0,0,0,0,0,17-AUG-2016,
OPTSTK,NTPC,25-Aug-2016,107.5,PE,0,0,0,0.15,0,0,0,0,0,17-AUG-2016,
OPTSTK,NTPC,25-Aug-2016,110,PE,0,0,0,0.2,0,0,0,0,0,17-AUG-2016,
OPTSTK,NTPC,25-Aug-2016,112.5,PE,0,0,0,0.3,0,0,0,0,0,17-AUG-2016,
OPTSTK,NTPC,25-Aug-2016,115,PE,0,0,0,0.45,0,0,0,0,0,17-AUG-2016,
OPTSTK,NTPC,25-Aug-2016,117.5,PE,0,0,0,0.6,0,0,0,0,0,17-AUG-2016,
OPTSTK,NTPC,25-Aug-2016,120,PE,0,0,0,0.85,0,0,0,0,0,17-AUG-2016,
OPTSTK,NTPC,25-Aug-2016,122.5,PE,0,0,0,1.15,0,0,0,0,0,17-AUG-2016,
OPTSTK,NTPC,25-Aug-2016,125,PE,0,0,0,1.55,0,0,0,0,0,17-AUG-2016,
OPTSTK,NTPC,25-Aug-2016,127.5,PE,0,0,0,2,0,0,0,0,0,17-AUG-2016,
OPTSTK,NTPC,25-Aug-2016,130,PE,0,0,0,2.6,0,0,0,0,0,17-AUG-2016,
OPTSTK,NTPC,25-Aug-2016,132.5,PE,0,0,0,3.25,0,0,0,0,0,17-AUG-2016,
OPTSTK,NTPC,25-Aug-2016,135,PE,0,0,0,4.05,0,0,0,0,0,17-AUG-2016,
OPTSTK,NTPC,25-Aug-2016,137.5,PE,0,0,0,5,0,0,0,0,0,17-AUG-2016,
OPTSTK,NTPC,25-Aug-2016,140,PE,0,0,0,0.05,0,0,0,20000,0,17-AUG-2016,
OPTSTK,NTPC,25-Aug-2016,142.5,PE,0,0,0,0.05,0,0,0,4000,0,17-AUG-2016,
OPTSTK,NTPC,25-Aug-2016,145,PE,0,0,0,0.25,0,0,0,24000,0,17-AUG-2016,
OPTSTK,NTPC,25-Aug-2016,147.5,PE,0,0,0,0.55,0,0,0,52000,0,17-AUG-2016,
OPTSTK,NTPC,25-Aug-2016,150,PE,0.25,0.25,0.2,0.25,0.25,7,42.06,308000,-8000,17-AUG-2016,
OPTSTK,NTPC,25-Aug-2016,152.5,PE,0.4,0.4,0.4,0.4,0.4,3,18.34,104000,8000,17-AUG-2016,
OPTSTK,NTPC,25-Aug-2016,155,PE,0.7,0.85,0.55,0.6,0.6,12,74.74,168000,8000,17-AUG-2016,
OPTSTK,NTPC,25-Aug-2016,157.5,PE,1.4,1.45,1.1,1.15,1.15,11,69.86,80000,0,17-AUG-2016,
OPTSTK,NTPC,25-Aug-2016,160,PE,2.1,2.4,2.05,2.05,2.05,16,103.85,192000,20000,17-AUG-2016,
OPTSTK,NTPC,25-Aug-2016,162.5,PE,2.6,3.45,2.6,3.45,3.45,3,19.86,24000,-4000,17-AUG-2016,
OPTSTK,NTPC,25-Aug-2016,165,PE,0,0,0,7.5,3.9,0,0,16000,0,17-AUG-2016,
OPTSTK,NTPC,25-Aug-2016,167.5,PE,0,0,0,8.6,6,0,0,4000,0,17-AUG-2016,
OPTSTK,NTPC,25-Aug-2016,170,PE,0,0,0,27,8.3,0,0,0,0,17-AUG-2016,
OPTSTK,NTPC,25-Aug-2016,172.5,PE,0,0,0,29.2,10.75,0,0,0,0,17-AUG-2016,
OPTSTK,NTPC,25-Aug-2016,175,PE,0,0,0,31.45,13.2,0,0,0,0,17-AUG-2016,
OPTSTK,NTPC,25-Aug-2016,177.5,PE,0,0,0,33.75,15.7,0,0,0,0,17-AUG-2016,
OPTSTK,NTPC,25-Aug-2016,180,PE,0,0,0,36.1,18.2,0,0,0,0,17-AUG-2016,
OPTSTK,NTPC,25-Aug-2016,182.5,PE,0,0,0,38.45,20.7,0,0,0,0,17-AUG-2016,
OPTSTK,NTPC,25-Aug-2016,185,PE,0,0,0,40.85,23.2,0,0,0,0,17-AUG-2016,
OPTSTK,NTPC,25-Aug-2016,187.5,PE,0,0,0,43.2,25.7,0,0,0,0,17-AUG-2016,
OPTSTK,NTPC,29-Sep-2016,107.5,CE,0,0,0,50.75,54.95,0,0,0,0,17-AUG-2016,
OPTSTK,NTPC,29-Sep-2016,110,CE,0,0,0,48.35,52.45,0,0,0,0,17-AUG-2016,
OPTSTK,NTPC,29-Sep-2016,112.5,CE,0,0,0,45.9,50,0,0,0,0,17-AUG-2016,
OPTSTK,NTPC,29-Sep-2016,115,CE,0,0,0,43.5,47.5,0,0,0,0,17-AUG-2016,
OPTSTK,NTPC,29-Sep-2016,117.5,CE,0,0,0,41.1,45,0,0,0,0,17-AUG-2016,
OPTSTK,NTPC,29-Sep-2016,120,CE,0,0,0,38.75,42.55,0,0,0,0,17-AUG-2016,
OPTSTK,NTPC,29-Sep-2016,122.5,CE,0,0,0,36.4,40.05,0,0,0,0,17-AUG-2016,
OPTSTK,NTPC,29-Sep-2016,125,CE,0,0,0,34.1,37.6,0,0,0,0,17-AUG-2016,
OPTSTK,NTPC,29-Sep-2016,127.5,CE,0,0,0,31.85,35.1,0,0,0,0,17-AUG-2016,
OPTSTK,NTPC,29-Sep-2016,130,CE,0,0,0,29.65,32.6,0,0,0,0,17-AUG-2016,
OPTSTK,NTPC,29-Sep-2016,132.5,CE,0,0,0,27.5,30.15,0,0,0,0,17-AUG-2016,
OPTSTK,NTPC,29-Sep-2016,135,CE,0,0,0,25.45,27.65,0,0,0,0,17-AUG-2016,
OPTSTK,NTPC,29-Sep-2016,137.5,CE,0,0,0,23.45,25.2,0,0,0,0,17-AUG-2016,
OPTSTK,NTPC,29-Sep-2016,140,CE,0,0,0,21.5,22.75,0,0,0,0,17-AUG-2016,
OPTSTK,NTPC,29-Sep-2016,142.5,CE,0,0,0,19.65,20.3,0,0,0,0,17-AUG-2016,
OPTSTK,NTPC,29-Sep-2016,145,CE,0,0,0,17.9,17.9,0,0,0,0,17-AUG-2016,
OPTSTK,NTPC,29-Sep-2016,147.5,CE,0,0,0,16.25,15.6,0,0,0,0,17-AUG-2016,
OPTSTK,NTPC,29-Sep-2016,150,CE,0,0,0,14.65,13.35,0,0,0,0,17-AUG-2016,
OPTSTK,NTPC,29-Sep-2016,152.5,CE,0,0,0,13.2,11.2,0,0,0,0,17-AUG-2016,
OPTSTK,NTPC,29-Sep-2016,155,CE,0,0,0,11.85,9.25,0,0,0,0,17-AUG-2016,
OPTSTK,NTPC,29-Sep-2016,157.5,CE,0,0,0,10.55,7.45,0,0,0,0,17-AUG-2016,
OPTSTK,NTPC,29-Sep-2016,160,CE,5.5,6,5.5,6,6,2,13.26,24000,0,17-AUG-2016,
OPTSTK,NTPC,29-Sep-2016,162.5,CE,0,0,0,5.05,4.5,0,0,4000,0,17-AUG-2016,
OPTSTK,NTPC,29-Sep-2016,165,CE,0,0,0,7.35,3.4,0,0,0,0,17-AUG-2016,
OPTSTK,NTPC,29-Sep-2016,167.5,CE,0,0,0,3,2.5,0,0,4000,0,17-AUG-2016,
OPTSTK,NTPC,29-Sep-2016,170,CE,0,0,0,5.7,1.8,0,0,0,0,17-AUG-2016,
OPTSTK,NTPC,29-Sep-2016,172.5,CE,0,0,0,4.95,1.25,0,0,0,0,17-AUG-2016,
OPTSTK,NTPC,29-Sep-2016,175,CE,1.25,1.4,1.25,1.3,1.3,3,21.15,52000,8000,17-AUG-2016,
OPTSTK,NTPC,29-Sep-2016,177.5,CE,0,0,0,3.75,0.55,0,0,0,0,17-AUG-2016,
OPTSTK,NTPC,29-Sep-2016,180,CE,0,0,0,1,0.35,0,0,4000,0,17-AUG-2016,
OPTSTK,NTPC,29-Sep-2016,182.5,CE,0,0,0,2.8,0.25,0,0,0,0,17-AUG-2016,
OPTSTK,NTPC,29-Sep-2016,185,CE,0,0,0,2.4,0.15,0,0,0,0,17-AUG-2016,
OPTSTK,NTPC,29-Sep-2016,187.5,CE,0,0,0,2.05,0.1,0,0,0,0,17-AUG-2016,
OPTSTK,NTPC,29-Sep-2016,107.5,PE,0,0,0,0.05,0,0,0,0,0,17-AUG-2016,
OPTSTK,NTPC,29-Sep-2016,110,PE,0,0,0,0.1,0,0,0,0,0,17-AUG-2016,
OPTSTK,NTPC,29-Sep-2016,112.5,PE,0,0,0,0.1,0,0,0,0,0,17-AUG-2016,
OPTSTK,NTPC,29-Sep-2016,115,PE,0,0,0,0.15,0,0,0,0,0,17-AUG-2016,
OPTSTK,NTPC,29-Sep-2016,117.5,PE,0,0,0,0.25,0,0,0,0,0,17-AUG-2016,
OPTSTK,NTPC,29-Sep-2016,120,PE,0,0,0,0.35,0,0,0,0,0,17-AUG-2016,
OPTSTK,NTPC,29-Sep-2016,122.5,PE,0,0,0,0.45,0,0,0,0,0,17-AUG-2016,
OPTSTK,NTPC,29-Sep-2016,125,PE,0,0,0,0.6,0,0,0,0,0,17-AUG-2016,
OPTSTK,NTPC,29-Sep-2016,127.5,PE,0,0,0,0.8,0,0,0,0,0,17-AUG-2016,
OPTSTK,NTPC,29-Sep-2016,130,PE,0,0,0,1.05,0,0,0,0,0,17-AUG-2016,
OPTSTK,NTPC,29-Sep-2016,132.5,PE,0,0,0,1.35,0,0,0,0,0,17-AUG-2016,
OPTSTK,NTPC,29-Sep-2016,135,PE,0,0,0,1.75,0.05,0,0,0,0,17-AUG-2016,
OPTSTK,NTPC,29-Sep-2016,137.5,PE,0,0,0,2.2,0.05,0,0,0,0,17-AUG-2016,
OPTSTK,NTPC,29-Sep-2016,140,PE,0,0,0,2.7,0.05,0,0,0,0,17-AUG-2016,
OPTSTK,NTPC,29-Sep-2016,142.5,PE,0,0,0,3.35,0.1,0,0,0,0,17-AUG-2016,
OPTSTK,NTPC,29-Sep-2016,145,PE,0,0,0,4.05,0.2,0,0,0,0,17-AUG-2016,
OPTSTK,NTPC,29-Sep-2016,147.5,PE,0,0,0,4.8,0.35,0,0,0,0,17-AUG-2016,
OPTSTK,NTPC,29-Sep-2016,150,PE,0,0,0,2.2,0.55,0,0,16000,0,17-AUG-2016,
OPTSTK,NTPC,29-Sep-2016,152.5,PE,0,0,0,6.7,0.95,0,0,0,0,17-AUG-2016,
OPTSTK,NTPC,29-Sep-2016,155,PE,0,0,0,7.8,1.45,0,0,0,0,17-AUG-2016,
OPTSTK,NTPC,29-Sep-2016,157.5,PE,0,0,0,9,2.15,0,0,0,0,17-AUG-2016,
OPTSTK,NTPC,29-Sep-2016,160,PE,0,0,0,10.3,3.05,0,0,0,0,17-AUG-2016,
OPTSTK,NTPC,29-Sep-2016,162.5,PE,0,0,0,11.65,4.15,0,0,0,0,17-AUG-2016,
OPTSTK,NTPC,29-Sep-2016,165,PE,0,0,0,13.15,5.5,0,0,0,0,17-AUG-2016,
OPTSTK,NTPC,29-Sep-2016,167.5,PE,0,0,0,9.75,7.1,0,0,4000,0,17-AUG-2016,
OPTSTK,NTPC,29-Sep-2016,170,PE,0,0,0,16.4,8.85,0,0,0,0,17-AUG-2016,
OPTSTK,NTPC,29-Sep-2016,172.5,PE,0,0,0,18.1,10.8,0,0,0,0,17-AUG-2016,
OPTSTK,NTPC,29-Sep-2016,175,PE,0,0,0,19.95,12.85,0,0,0,0,17-AUG-2016,
OPTSTK,NTPC,29-Sep-2016,177.5,PE,0,0,0,21.8,15.05,0,0,0,0,17-AUG-2016,
OPTSTK,NTPC,29-Sep-2016,180,PE,0,0,0,23.75,17.35,0,0,0,0,17-AUG-2016,
OPTSTK,NTPC,29-Sep-2016,182.5,PE,0,0,0,25.75,19.7,0,0,0,0,17-AUG-2016,
OPTSTK,NTPC,29-Sep-2016,185,PE,0,0,0,27.85,22.1,0,0,0,0,17-AUG-2016,
OPTSTK,NTPC,29-Sep-2016,187.5,PE,0,0,0,29.95,24.55,0,0,0,0,17-AUG-2016,
OPTSTK,NTPC,27-Oct-2016,107.5,CE,0,0,0,52.95,55.5,0,0,0,0,17-AUG-2016,
OPTSTK,NTPC,27-Oct-2016,110,CE,0,0,0,50.5,53.05,0,0,0,0,17-AUG-2016,
OPTSTK,NTPC,27-Oct-2016,112.5,CE,0,0,0,48.05,50.55,0,0,0,0,17-AUG-2016,
OPTSTK,NTPC,27-Oct-2016,115,CE,0,0,0,45.6,48.1,0,0,0,0,17-AUG-2016,
OPTSTK,NTPC,27-Oct-2016,117.5,CE,0,0,0,43.15,45.65,0,0,0,0,17-AUG-2016,
OPTSTK,NTPC,27-Oct-2016,120,CE,0,0,0,40.7,43.15,0,0,0,0,17-AUG-2016,
OPTSTK,NTPC,27-Oct-2016,122.5,CE,0,0,0,38.25,40.7,0,0,0,0,17-AUG-2016,
OPTSTK,NTPC,27-Oct-2016,125,CE,0,0,0,35.85,38.25,0,0,0,0,17-AUG-2016,
OPTSTK,NTPC,27-Oct-2016,127.5,CE,0,0,0,33.45,35.8,0,0,0,0,17-AUG-2016,
OPTSTK,NTPC,27-Oct-2016,130,CE,0,0,0,31.05,33.3,0,0,0,0,17-AUG-2016,
OPTSTK,NTPC,27-Oct-2016,132.5,CE,0,0,0,28.7,30.85,0,0,0,0,17-AUG-2016,
OPTSTK,NTPC,27-Oct-2016,135,CE,0,0,0,26.4,28.45,0,0,0,0,17-AUG-2016,
OPTSTK,NTPC,27-Oct-2016,137.5,CE,0,0,0,24.15,26,0,0,0,0,17-AUG-2016,
OPTSTK,NTPC,27-Oct-2016,140,CE,0,0,0,21.95,23.6,0,0,0,0,17-AUG-2016,
OPTSTK,NTPC,27-Oct-2016,142.5,CE,0,0,0,19.8,21.25,0,0,0,0,17-AUG-2016,
OPTSTK,NTPC,27-Oct-2016,145,CE,0,0,0,17.8,19,0,0,0,0,17-AUG-2016,
OPTSTK,NTPC,27-Oct-2016,147.5,CE,0,0,0,15.85,16.75,0,0,0,0,17-AUG-2016,
OPTSTK,NTPC,27-Oct-2016,150,CE,0,0,0,14.05,14.65,0,0,0,0,17-AUG-2016,
OPTSTK,NTPC,27-Oct-2016,152.5,CE,0,0,0,12.35,12.65,0,0,0,0,17-AUG-2016,
OPTSTK,NTPC,27-Oct-2016,155,CE,0,0,0,10.75,10.8,0,0,0,0,17-AUG-2016,
OPTSTK,NTPC,27-Oct-2016,157.5,CE,0,0,0,9.35,9.1,0,0,0,0,17-AUG-2016,
OPTSTK,NTPC,27-Oct-2016,160,CE,0,0,0,8,7.55,0,0,0,0,17-AUG-2016,
OPTSTK,NTPC,27-Oct-2016,162.5,CE,0,0,0,6.85,6.2,0,0,0,0,17-AUG-2016,
OPTSTK,NTPC,27-Oct-2016,165,CE,0,0,0,5.8,5,0,0,0,0,17-AUG-2016,
OPTSTK,NTPC,27-Oct-2016,167.5,CE,0,0,0,4.85,3.95,0,0,0,0,17-AUG-2016,
OPTSTK,NTPC,27-Oct-2016,170,CE,0,0,0,4.05,3.1,0,0,0,0,17-AUG-2016,
OPTSTK,NTPC,27-Oct-2016,172.5,CE,0,0,0,3.35,2.4,0,0,0,0,17-AUG-2016,
OPTSTK,NTPC,27-Oct-2016,175,CE,0,0,0,2.75,1.85,0,0,0,0,17-AUG-2016,
OPTSTK,NTPC,27-Oct-2016,177.5,CE,0,0,0,2.25,1.4,0,0,0,0,17-AUG-2016,
OPTSTK,NTPC,27-Oct-2016,180,CE,0,0,0,1.85,1.05,0,0,0,0,17-AUG-2016,
OPTSTK,NTPC,27-Oct-2016,182.5,CE,0,0,0,1.45,0.75,0,0,0,0,17-AUG-2016,
OPTSTK,NTPC,27-Oct-2016,185,CE,0,0,0,1.2,0.55,0,0,0,0,17-AUG-2016,
OPTSTK,NTPC,27-Oct-2016,187.5,CE,0,0,0,0.95,0.4,0,0,0,0,17-AUG-2016,
OPTSTK,NTPC,27-Oct-2016,107.5,PE,0,0,0,0.05,0,0,0,0,0,17-AUG-2016,
OPTSTK,NTPC,27-Oct-2016,110,PE,0,0,0,0.05,0,0,0,0,0,17-AUG-2016,
OPTSTK,NTPC,27-Oct-2016,112.5,PE,0,0,0,0.05,0,0,0,0,0,17-AUG-2016,
OPTSTK,NTPC,27-Oct-2016,115,PE,0,0,0,0.05,0,0,0,0,0,17-AUG-2016,
OPTSTK,NTPC,27-Oct-2016,117.5,PE,0,0,0,0.05,0,0,0,0,0,17-AUG-2016,
OPTSTK,NTPC,27-Oct-2016,120,PE,0,0,0,0.05,0,0,0,0,0,17-AUG-2016,
OPTSTK,NTPC,27-Oct-2016,122.5,PE,0,0,0,0.05,0,0,0,0,0,17-AUG-2016,
OPTSTK,NTPC,27-Oct-2016,125,PE,0,0,0,0.1,0,0,0,0,0,17-AUG-2016,
OPTSTK,NTPC,27-Oct-2016,127.5,PE,0,0,0,0.15,0.05,0,0,0,0,17-AUG-2016,
OPTSTK,NTPC,27-Oct-2016,130,PE,0,0,0,0.2,0.05,0,0,0,0,17-AUG-2016,
OPTSTK,NTPC,27-Oct-2016,132.5,PE,0,0,0,0.35,0.05,0,0,0,0,17-AUG-2016,
OPTSTK,NTPC,27-Oct-2016,135,PE,0,0,0,0.45,0.1,0,0,0,0,17-AUG-2016,
OPTSTK,NTPC,27-Oct-2016,137.5,PE,0,0,0,0.65,0.1,0,0,0,0,17-AUG-2016,
OPTSTK,NTPC,27-Oct-2016,140,PE,0,0,0,0.95,0.2,0,0,0,0,17-AUG-2016,
OPTSTK,NTPC,27-Oct-2016,142.5,PE,0,0,0,1.3,0.3,0,0,0,0,17-AUG-2016,
OPTSTK,NTPC,27-Oct-2016,145,PE,0,0,0,1.7,0.5,0,0,0,0,17-AUG-2016,
OPTSTK,NTPC,27-Oct-2016,147.5,PE,0,0,0,2.25,0.75,0,0,0,0,17-AUG-2016,
OPTSTK,NTPC,27-Oct-2016,150,PE,0,0,0,2.9,1.1,0,0,0,0,17-AUG-2016,
OPTSTK,NTPC,27-Oct-2016,152.5,PE,0,0,0,3.65,1.55,0,0,0,0,17-AUG-2016,
OPTSTK,NTPC,27-Oct-2016,155,PE,0,0,0,4.5,2.2,0,0,0,0,17-AUG-2016,
OPTSTK,NTPC,27-Oct-2016,157.5,PE,0,0,0,5.55,2.95,0,0,0,0,17-AUG-2016,
OPTSTK,NTPC,27-Oct-2016,160,PE,0,0,0,6.65,3.85,0,0,0,0,17-AUG-2016,
OPTSTK,NTPC,27-Oct-2016,162.5,PE,0,0,0,7.95,4.95,0,0,0,0,17-AUG-2016,
OPTSTK,NTPC,27-Oct-2016,165,PE,0,0,0,9.35,6.25,0,0,0,0,17-AUG-2016,
OPTSTK,NTPC,27-Oct-2016,167.5,PE,0,0,0,10.9,7.7,0,0,0,0,17-AUG-2016,
OPTSTK,NTPC,27-Oct-2016,170,PE,0,0,0,12.55,9.3,0,0,0,0,17-AUG-2016,
OPTSTK,NTPC,27-Oct-2016,172.5,PE,0,0,0,14.3,11.05,0,0,0,0,17-AUG-2016,
OPTSTK,NTPC,27-Oct-2016,175,PE,0,0,0,16.15,12.95,0,0,0,0,17-AUG-2016,
OPTSTK,NTPC,27-Oct-2016,177.5,PE,0,0,0,18.1,14.95,0,0,0,0,17-AUG-2016,
OPTSTK,NTPC,27-Oct-2016,180,PE,0,0,0,20.15,17.1,0,0,0,0,17-AUG-2016,
OPTSTK,NTPC,27-Oct-2016,182.5,PE,0,0,0,22.25,19.25,0,0,0,0,17-AUG-2016,
OPTSTK,NTPC,27-Oct-2016,185,PE,0,0,0,24.4,21.55,0,0,0,0,17-AUG-2016,
OPTSTK,NTPC,27-Oct-2016,187.5,PE,0,0,0,26.6,23.85,0,0,0,0,17-AUG-2016,
OPTSTK,OFSS,25-Aug-2016,2600,CE,0,0,0,913.4,1097.85,0,0,0,0,17-AUG-2016,
OPTSTK,OFSS,25-Aug-2016,2650,CE,0,0,0,865,1047.95,0,0,0,0,17-AUG-2016,
OPTSTK,OFSS,25-Aug-2016,2700,CE,0,0,0,816.95,998,0,0,0,0,17-AUG-2016,
OPTSTK,OFSS,25-Aug-2016,2750,CE,0,0,0,769.25,948.1,0,0,0,0,17-AUG-2016,
OPTSTK,OFSS,25-Aug-2016,2800,CE,0,0,0,722.05,898.15,0,0,0,0,17-AUG-2016,
OPTSTK,OFSS,25-Aug-2016,2850,CE,0,0,0,675.55,848.25,0,0,0,0,17-AUG-2016,
OPTSTK,OFSS,25-Aug-2016,2900,CE,0,0,0,629.8,798.3,0,0,0,0,17-AUG-2016,
OPTSTK,OFSS,25-Aug-2016,2950,CE,0,0,0,584.95,748.4,0,0,0,0,17-AUG-2016,
OPTSTK,OFSS,25-Aug-2016,3000,CE,0,0,0,541.2,698.45,0,0,0,0,17-AUG-2016,
OPTSTK,OFSS,25-Aug-2016,3050,CE,0,0,0,498.75,648.55,0,0,0,0,17-AUG-2016,
OPTSTK,OFSS,25-Aug-2016,3100,CE,0,0,0,457.65,598.6,0,0,0,0,17-AUG-2016,
OPTSTK,OFSS,25-Aug-2016,3150,CE,0,0,0,418.15,548.7,0,0,0,0,17-AUG-2016,
OPTSTK,OFSS,25-Aug-2016,3200,CE,0,0,0,380.35,498.75,0,0,0,0,17-AUG-2016,
OPTSTK,OFSS,25-Aug-2016,3250,CE,0,0,0,344.5,448.85,0,0,0,0,17-AUG-2016,
OPTSTK,OFSS,25-Aug-2016,3300,CE,0,0,0,310.4,398.95,0,0,0,0,17-AUG-2016,
OPTSTK,OFSS,25-Aug-2016,3350,CE,0,0,0,278.45,349.2,0,0,0,0,17-AUG-2016,
OPTSTK,OFSS,25-Aug-2016,3400,CE,0,0,0,248.6,299.75,0,0,0,0,17-AUG-2016,
OPTSTK,OFSS,25-Aug-2016,3450,CE,0,0,0,220.95,251.1,0,0,0,0,17-AUG-2016,
OPTSTK,OFSS,25-Aug-2016,3500,CE,0,0,0,270,203.95,0,0,1650,0,17-AUG-2016,
OPTSTK,OFSS,25-Aug-2016,3550,CE,0,0,0,171.95,159.6,0,0,0,0,17-AUG-2016,
OPTSTK,OFSS,25-Aug-2016,3600,CE,0,0,0,150.6,119.4,0,0,0,0,17-AUG-2016,
OPTSTK,OFSS,25-Aug-2016,3650,CE,0,0,0,131.3,84.75,0,0,0,0,17-AUG-2016,
OPTSTK,OFSS,25-Aug-2016,3700,CE,0,0,0,113.9,56.8,0,0,0,0,17-AUG-2016,
OPTSTK,OFSS,25-Aug-2016,3750,CE,0,0,0,98.35,35.7,0,0,0,0,17-AUG-2016,
OPTSTK,OFSS,25-Aug-2016,3800,CE,0,0,0,73.35,21,0,0,150,0,17-AUG-2016,
OPTSTK,OFSS,25-Aug-2016,3850,CE,0,0,0,72.55,11.5,0,0,0,0,17-AUG-2016,
OPTSTK,OFSS,25-Aug-2016,3900,CE,0,0,0,61.7,5.85,0,0,0,0,17-AUG-2016,
OPTSTK,OFSS,25-Aug-2016,3950,CE,0,0,0,52.35,2.8,0,0,0,0,17-AUG-2016,
OPTSTK,OFSS,25-Aug-2016,4000,CE,0,0,0,35,1.25,0,0,750,0,17-AUG-2016,
OPTSTK,OFSS,25-Aug-2016,4050,CE,0,0,0,37.15,0.5,0,0,0,0,17-AUG-2016,
OPTSTK,OFSS,25-Aug-2016,4100,CE,0,0,0,31.1,0.2,0,0,0,0,17-AUG-2016,
OPTSTK,OFSS,25-Aug-2016,4150,CE,0,0,0,25.95,0.1,0,0,0,0,17-AUG-2016,
OPTSTK,OFSS,25-Aug-2016,4200,CE,0,0,0,21.55,0.05,0,0,0,0,17-AUG-2016,
OPTSTK,OFSS,25-Aug-2016,4250,CE,0,0,0,17.85,0.05,0,0,0,0,17-AUG-2016,
OPTSTK,OFSS,25-Aug-2016,2600,PE,0,0,0,1.35,0,0,0,0,0,17-AUG-2016,
OPTSTK,OFSS,25-Aug-2016,2650,PE,0,0,0,2.1,0,0,0,0,0,17-AUG-2016,
OPTSTK,OFSS,25-Aug-2016,2700,PE,0,0,0,3.1,0,0,0,0,0,17-AUG-2016,
OPTSTK,OFSS,25-Aug-2016,2750,PE,0,0,0,4.55,0,0,0,0,0,17-AUG-2016,
OPTSTK,OFSS,25-Aug-2016,2800,PE,0,0,0,6.45,0,0,0,0,0,17-AUG-2016,
OPTSTK,OFSS,25-Aug-2016,2850,PE,0,0,0,9.05,0,0,0,0,0,17-AUG-2016,
OPTSTK,OFSS,25-Aug-2016,2900,PE,0,0,0,12.4,0,0,0,0,0,17-AUG-2016,
OPTSTK,OFSS,25-Aug-2016,2950,PE,0,0,0,16.7,0,0,0,0,0,17-AUG-2016,
OPTSTK,OFSS,25-Aug-2016,3000,PE,0,0,0,22.05,0,0,0,0,0,17-AUG-2016,
OPTSTK,OFSS,25-Aug-2016,3050,PE,0,0,0,28.65,0,0,0,0,0,17-AUG-2016,
OPTSTK,OFSS,25-Aug-2016,3100,PE,0,0,0,36.7,0,0,0,0,0,17-AUG-2016,
OPTSTK,OFSS,25-Aug-2016,3150,PE,0,0,0,46.3,0,0,0,0,0,17-AUG-2016,
OPTSTK,OFSS,25-Aug-2016,3200,PE,0,0,0,57.65,0,0,0,0,0,17-AUG-2016,
OPTSTK,OFSS,25-Aug-2016,3250,PE,0,0,0,70.9,0.05,0,0,0,0,17-AUG-2016,
OPTSTK,OFSS,25-Aug-2016,3300,PE,0,0,0,85.85,0.1,0,0,0,0,17-AUG-2016,
OPTSTK,OFSS,25-Aug-2016,3350,PE,0,0,0,103.05,0.25,0,0,0,0,17-AUG-2016,
OPTSTK,OFSS,25-Aug-2016,3400,PE,0,0,0,122.3,0.75,0,0,0,0,17-AUG-2016,
OPTSTK,OFSS,25-Aug-2016,3450,PE,0,0,0,143.75,2,0,0,0,0,17-AUG-2016,
OPTSTK,OFSS,25-Aug-2016,3500,PE,0,0,0,50,4.8,0,0,150,0,17-AUG-2016,
OPTSTK,OFSS,25-Aug-2016,3550,PE,0,0,0,192.95,10.35,0,0,0,0,17-AUG-2016,
OPTSTK,OFSS,25-Aug-2016,3600,PE,0,0,0,220.75,20.05,0,0,0,0,17-AUG-2016,
OPTSTK,OFSS,25-Aug-2016,3650,PE,0,0,0,250.55,35.35,0,0,0,0,17-AUG-2016,
OPTSTK,OFSS,25-Aug-2016,3700,PE,0,0,0,282.25,57.3,0,0,0,0,17-AUG-2016,
OPTSTK,OFSS,25-Aug-2016,3750,PE,0,0,0,315.8,86.15,0,0,0,0,17-AUG-2016,
OPTSTK,OFSS,25-Aug-2016,3800,PE,0,0,0,351.1,121.35,0,0,0,0,17-AUG-2016,
OPTSTK,OFSS,25-Aug-2016,3850,PE,0,0,0,388.2,161.8,0,0,0,0,17-AUG-2016,
OPTSTK,OFSS,25-Aug-2016,3900,PE,0,0,0,426.5,206.1,0,0,0,0,17-AUG-2016,
OPTSTK,OFSS,25-Aug-2016,3950,PE,0,0,0,466.2,252.9,0,0,0,0,17-AUG-2016,
OPTSTK,OFSS,25-Aug-2016,4000,PE,0,0,0,507.2,301.3,0,0,0,0,17-AUG-2016,
OPTSTK,OFSS,25-Aug-2016,4050,PE,0,0,0,549.25,350.5,0,0,0,0,17-AUG-2016,
OPTSTK,OFSS,25-Aug-2016,4100,PE,0,0,0,592.35,400.1,0,0,0,0,17-AUG-2016,
OPTSTK,OFSS,25-Aug-2016,4150,PE,0,0,0,636.25,449.95,0,0,0,0,17-AUG-2016,
OPTSTK,OFSS,25-Aug-2016,4200,PE,0,0,0,681,499.8,0,0,0,0,17-AUG-2016,
OPTSTK,OFSS,25-Aug-2016,4250,PE,0,0,0,726.35,549.7,0,0,0,0,17-AUG-2016,
OPTSTK,OFSS,29-Sep-2016,2600,CE,0,0,0,910.3,1115,0,0,0,0,17-AUG-2016,
OPTSTK,OFSS,29-Sep-2016,2650,CE,0,0,0,861.3,1065.45,0,0,0,0,17-AUG-2016,
OPTSTK,OFSS,29-Sep-2016,2700,CE,0,0,0,812.35,1015.85,0,0,0,0,17-AUG-2016,
OPTSTK,OFSS,29-Sep-2016,2750,CE,0,0,0,763.5,966.25,0,0,0,0,17-AUG-2016,
OPTSTK,OFSS,29-Sep-2016,2800,CE,0,0,0,714.85,916.7,0,0,0,0,17-AUG-2016,
OPTSTK,OFSS,29-Sep-2016,2850,CE,0,0,0,666.5,867.15,0,0,0,0,17-AUG-2016,
OPTSTK,OFSS,29-Sep-2016,2900,CE,0,0,0,618.5,817.7,0,0,0,0,17-AUG-2016,
OPTSTK,OFSS,29-Sep-2016,2950,CE,0,0,0,571.1,768.3,0,0,0,0,17-AUG-2016,
OPTSTK,OFSS,29-Sep-2016,3000,CE,0,0,0,524.45,719.05,0,0,0,0,17-AUG-2016,
OPTSTK,OFSS,29-Sep-2016,3050,CE,0,0,0,478.75,670.05,0,0,0,0,17-AUG-2016,
OPTSTK,OFSS,29-Sep-2016,3100,CE,0,0,0,434.25,621.35,0,0,0,0,17-AUG-2016,
OPTSTK,OFSS,29-Sep-2016,3150,CE,0,0,0,391.2,573.15,0,0,0,0,17-AUG-2016,
OPTSTK,OFSS,29-Sep-2016,3200,CE,0,0,0,349.9,525.65,0,0,0,0,17-AUG-2016,
OPTSTK,OFSS,29-Sep-2016,3250,CE,0,0,0,310.55,479.05,0,0,0,0,17-AUG-2016,
OPTSTK,OFSS,29-Sep-2016,3300,CE,0,0,0,273.6,433.55,0,0,0,0,17-AUG-2016,
OPTSTK,OFSS,29-Sep-2016,3350,CE,0,0,0,238.8,389.5,0,0,0,0,17-AUG-2016,
OPTSTK,OFSS,29-Sep-2016,3400,CE,0,0,0,206.85,347.2,0,0,0,0,17-AUG-2016,
OPTSTK,OFSS,29-Sep-2016,3450,CE,0,0,0,177.55,306.9,0,0,0,0,17-AUG-2016,
OPTSTK,OFSS,29-Sep-2016,3500,CE,0,0,0,151.1,269.05,0,0,0,0,17-AUG-2016,
OPTSTK,OFSS,29-Sep-2016,3550,CE,0,0,0,127.45,233.4,0,0,0,0,17-AUG-2016,
OPTSTK,OFSS,29-Sep-2016,3600,CE,0,0,0,106.5,200.7,0,0,0,0,17-AUG-2016,
OPTSTK,OFSS,29-Sep-2016,3650,CE,0,0,0,88.2,170.9,0,0,0,0,17-AUG-2016,
OPTSTK,OFSS,29-Sep-2016,3700,CE,0,0,0,72.4,144.1,0,0,0,0,17-AUG-2016,
OPTSTK,OFSS,29-Sep-2016,3750,CE,0,0,0,59,120.2,0,0,0,0,17-AUG-2016,
OPTSTK,OFSS,29-Sep-2016,3800,CE,0,0,0,47.5,99.25,0,0,0,0,17-AUG-2016,
OPTSTK,OFSS,29-Sep-2016,3850,CE,0,0,0,37.95,81.1,0,0,0,0,17-AUG-2016,
OPTSTK,OFSS,29-Sep-2016,3900,CE,0,0,0,30.05,65.6,0,0,0,0,17-AUG-2016,
OPTSTK,OFSS,29-Sep-2016,3950,CE,0,0,0,23.6,52.65,0,0,0,0,17-AUG-2016,
OPTSTK,OFSS,29-Sep-2016,4000,CE,0,0,0,18.35,41.6,0,0,0,0,17-AUG-2016,
OPTSTK,OFSS,29-Sep-2016,4050,CE,0,0,0,14.15,32.6,0,0,0,0,17-AUG-2016,
OPTSTK,OFSS,29-Sep-2016,4100,CE,0,0,0,10.85,25.3,0,0,0,0,17-AUG-2016,
OPTSTK,OFSS,29-Sep-2016,4150,CE,0,0,0,8.25,19.4,0,0,0,0,17-AUG-2016,
OPTSTK,OFSS,29-Sep-2016,4200,CE,0,0,0,6.2,14.75,0,0,0,0,17-AUG-2016,
OPTSTK,OFSS,29-Sep-2016,4250,CE,0,0,0,4.65,11.1,0,0,0,0,17-AUG-2016,
OPTSTK,OFSS,29-Sep-2016,2600,PE,0,0,0,0.1,0,0,0,0,0,17-AUG-2016,
OPTSTK,OFSS,29-Sep-2016,2650,PE,0,0,0,0.2,0,0,0,0,0,17-AUG-2016,
OPTSTK,OFSS,29-Sep-2016,2700,PE,0,0,0,0.4,0.05,0,0,0,0,17-AUG-2016,
OPTSTK,OFSS,29-Sep-2016,2750,PE,0,0,0,0.65,0.05,0,0,0,0,17-AUG-2016,
OPTSTK,OFSS,29-Sep-2016,2800,PE,0,0,0,1.15,0.1,0,0,0,0,17-AUG-2016,
OPTSTK,OFSS,29-Sep-2016,2850,PE,0,0,0,1.9,0.15,0,0,0,0,17-AUG-2016,
OPTSTK,OFSS,29-Sep-2016,2900,PE,0,0,0,3.05,0.25,0,0,0,0,17-AUG-2016,
OPTSTK,OFSS,29-Sep-2016,2950,PE,0,0,0,4.75,0.45,0,0,0,0,17-AUG-2016,
OPTSTK,OFSS,29-Sep-2016,3000,PE,0,0,0,7.2,0.8,0,0,0,0,17-AUG-2016,
OPTSTK,OFSS,29-Sep-2016,3050,PE,0,0,0,10.6,1.4,0,0,0,0,17-AUG-2016,
OPTSTK,OFSS,29-Sep-2016,3100,PE,0,0,0,15.2,2.3,0,0,0,0,17-AUG-2016,
OPTSTK,OFSS,29-Sep-2016,3150,PE,0,0,0,21.3,3.7,0,0,0,0,17-AUG-2016,
OPTSTK,OFSS,29-Sep-2016,3200,PE,0,0,0,29.1,5.8,0,0,0,0,17-AUG-2016,
OPTSTK,OFSS,29-Sep-2016,3250,PE,0,0,0,38.9,8.75,0,0,0,0,17-AUG-2016,
OPTSTK,OFSS,29-Sep-2016,3300,PE,0,0,0,51.05,12.9,0,0,0,0,17-AUG-2016,
OPTSTK,OFSS,29-Sep-2016,3350,PE,0,0,0,65.4,18.45,0,0,0,0,17-AUG-2016,
OPTSTK,OFSS,29-Sep-2016,3400,PE,0,0,0,82.5,25.75,0,0,0,0,17-AUG-2016,
OPTSTK,OFSS,29-Sep-2016,3450,PE,0,0,0,102.35,35,0,0,0,0,17-AUG-2016,
OPTSTK,OFSS,29-Sep-2016,3500,PE,0,0,0,125,46.75,0,0,0,0,17-AUG-2016,
OPTSTK,OFSS,29-Sep-2016,3550,PE,0,0,0,150.45,60.7,0,0,0,0,17-AUG-2016,
OPTSTK,OFSS,29-Sep-2016,3600,PE,0,0,0,178.65,77.6,0,0,0,0,17-AUG-2016,
OPTSTK,OFSS,29-Sep-2016,3650,PE,0,0,0,209.45,97.4,0,0,0,0,17-AUG-2016,
OPTSTK,OFSS,29-Sep-2016,3700,PE,0,0,0,242.75,120.15,0,0,0,0,17-AUG-2016,
OPTSTK,OFSS,29-Sep-2016,3750,PE,0,0,0,278.5,145.9,0,0,0,0,17-AUG-2016,
OPTSTK,OFSS,29-Sep-2016,3800,PE,0,0,0,316.1,174.55,0,0,0,0,17-AUG-2016,
OPTSTK,OFSS,29-Sep-2016,3850,PE,0,0,0,355.7,206,0,0,0,0,17-AUG-2016,
OPTSTK,OFSS,29-Sep-2016,3900,PE,0,0,0,396.9,240.05,0,0,0,0,17-AUG-2016,
OPTSTK,OFSS,29-Sep-2016,3950,PE,0,0,0,439.55,276.7,0,0,0,0,17-AUG-2016,
OPTSTK,OFSS,29-Sep-2016,4000,PE,0,0,0,483.45,315.25,0,0,0,0,17-AUG-2016,
OPTSTK,OFSS,29-Sep-2016,4050,PE,0,0,0,528.35,355.85,0,0,0,0,17-AUG-2016,
OPTSTK,OFSS,29-Sep-2016,4100,PE,0,0,0,574.15,398.15,0,0,0,0,17-AUG-2016,
OPTSTK,OFSS,29-Sep-2016,4150,PE,0,0,0,620.65,441.9,0,0,0,0,17-AUG-2016,
OPTSTK,OFSS,29-Sep-2016,4200,PE,0,0,0,667.75,486.8,0,0,0,0,17-AUG-2016,
OPTSTK,OFSS,29-Sep-2016,4250,PE,0,0,0,715.3,532.75,0,0,0,0,17-AUG-2016,
OPTSTK,OFSS,27-Oct-2016,2700,CE,0,0,0,1071.8,1030.2,0,0,0,0,17-AUG-2016,
OPTSTK,OFSS,27-Oct-2016,2750,CE,0,0,0,1023.35,981.05,0,0,0,0,17-AUG-2016,
OPTSTK,OFSS,27-Oct-2016,2800,CE,0,0,0,975.1,932,0,0,0,0,17-AUG-2016,
OPTSTK,OFSS,27-Oct-2016,2850,CE,0,0,0,927.2,883.1,0,0,0,0,17-AUG-2016,
OPTSTK,OFSS,27-Oct-2016,2900,CE,0,0,0,879.65,834.4,0,0,0,0,17-AUG-2016,
OPTSTK,OFSS,27-Oct-2016,2950,CE,0,0,0,832.6,786,0,0,0,0,17-AUG-2016,
OPTSTK,OFSS,27-Oct-2016,3000,CE,0,0,0,786.1,737.95,0,0,0,0,17-AUG-2016,
OPTSTK,OFSS,27-Oct-2016,3050,CE,0,0,0,740.35,690.45,0,0,0,0,17-AUG-2016,
OPTSTK,OFSS,27-Oct-2016,3100,CE,0,0,0,695.35,643.6,0,0,0,0,17-AUG-2016,
OPTSTK,OFSS,27-Oct-2016,3150,CE,0,0,0,651.25,597.5,0,0,0,0,17-AUG-2016,
OPTSTK,OFSS,27-Oct-2016,3200,CE,0,0,0,608.25,552.4,0,0,0,0,17-AUG-2016,
OPTSTK,OFSS,27-Oct-2016,3250,CE,0,0,0,566.35,508.4,0,0,0,0,17-AUG-2016,
OPTSTK,OFSS,27-Oct-2016,3300,CE,0,0,0,525.75,465.75,0,0,0,0,17-AUG-2016,
OPTSTK,OFSS,27-Oct-2016,3350,CE,0,0,0,486.5,424.6,0,0,0,0,17-AUG-2016,
OPTSTK,OFSS,27-Oct-2016,3400,CE,0,0,0,448.8,385.15,0,0,0,0,17-AUG-2016,
OPTSTK,OFSS,27-Oct-2016,3450,CE,0,0,0,412.75,347.65,0,0,0,0,17-AUG-2016,
OPTSTK,OFSS,27-Oct-2016,3500,CE,0,0,0,378.1,311.8,0,0,0,0,17-AUG-2016,
OPTSTK,OFSS,27-Oct-2016,3550,CE,0,0,0,345.35,278.35,0,0,0,0,17-AUG-2016,
OPTSTK,OFSS,27-Oct-2016,3600,CE,0,0,0,314.4,247.05,0,0,0,0,17-AUG-2016,
OPTSTK,OFSS,27-Oct-2016,3650,CE,0,0,0,285.25,218.05,0,0,0,0,17-AUG-2016,
OPTSTK,OFSS,27-Oct-2016,3700,CE,0,0,0,257.9,191.35,0,0,0,0,17-AUG-2016,
OPTSTK,OFSS,27-Oct-2016,3750,CE,0,0,0,232.45,166.95,0,0,0,0,17-AUG-2016,
OPTSTK,OFSS,27-Oct-2016,3800,CE,0,0,0,208.75,144.8,0,0,0,0,17-AUG-2016,
OPTSTK,OFSS,27-Oct-2016,3850,CE,0,0,0,186.85,124.9,0,0,0,0,17-AUG-2016,
OPTSTK,OFSS,27-Oct-2016,3900,CE,0,0,0,166.75,107.1,0,0,0,0,17-AUG-2016,
OPTSTK,OFSS,27-Oct-2016,3950,CE,0,0,0,148.25,91.3,0,0,0,0,17-AUG-2016,
OPTSTK,OFSS,27-Oct-2016,4000,CE,0,0,0,131.4,77.4,0,0,0,0,17-AUG-2016,
OPTSTK,OFSS,27-Oct-2016,4050,CE,0,0,0,116.1,65.45,0,0,0,0,17-AUG-2016,
OPTSTK,OFSS,27-Oct-2016,4100,CE,0,0,0,102.25,54.75,0,0,0,0,17-AUG-2016,
OPTSTK,OFSS,27-Oct-2016,4150,CE,0,0,0,89.95,45.65,0,0,0,0,17-AUG-2016,
OPTSTK,OFSS,27-Oct-2016,4200,CE,0,0,0,78.8,37.85,0,0,0,0,17-AUG-2016,
OPTSTK,OFSS,27-Oct-2016,4250,CE,0,0,0,68.65,31.2,0,0,0,0,17-AUG-2016,
OPTSTK,OFSS,27-Oct-2016,2700,PE,0,0,0,1.45,0.25,0,0,0,0,17-AUG-2016,
OPTSTK,OFSS,27-Oct-2016,2750,PE,0,0,0,2.1,0.45,0,0,0,0,17-AUG-2016,
OPTSTK,OFSS,27-Oct-2016,2800,PE,0,0,0,3,0.7,0,0,0,0,17-AUG-2016,
OPTSTK,OFSS,27-Oct-2016,2850,PE,0,0,0,4.2,1.15,0,0,0,0,17-AUG-2016,
OPTSTK,OFSS,27-Oct-2016,2900,PE,0,0,0,5.85,1.8,0,0,0,0,17-AUG-2016,
OPTSTK,OFSS,27-Oct-2016,2950,PE,0,0,0,7.9,2.7,0,0,0,0,17-AUG-2016,
OPTSTK,OFSS,27-Oct-2016,3000,PE,0,0,0,10.6,4,0,0,0,0,17-AUG-2016,
OPTSTK,OFSS,27-Oct-2016,3050,PE,0,0,0,13.95,5.85,0,0,0,0,17-AUG-2016,
OPTSTK,OFSS,27-Oct-2016,3100,PE,0,0,0,18.1,8.3,0,0,0,0,17-AUG-2016,
OPTSTK,OFSS,27-Oct-2016,3150,PE,0,0,0,23.15,11.55,0,0,0,0,17-AUG-2016,
OPTSTK,OFSS,27-Oct-2016,3200,PE,0,0,0,29.25,15.75,0,0,0,0,17-AUG-2016,
OPTSTK,OFSS,27-Oct-2016,3250,PE,0,0,0,36.5,21.1,0,0,0,0,17-AUG-2016,
OPTSTK,OFSS,27-Oct-2016,3300,PE,0,0,0,45.05,27.8,0,0,0,0,17-AUG-2016,
OPTSTK,OFSS,27-Oct-2016,3350,PE,0,0,0,54.95,36,0,0,0,0,17-AUG-2016,
OPTSTK,OFSS,27-Oct-2016,3400,PE,0,0,0,66.4,45.85,0,0,0,0,17-AUG-2016,
OPTSTK,OFSS,27-Oct-2016,3450,PE,0,0,0,79.45,57.7,0,0,0,0,17-AUG-2016,
OPTSTK,OFSS,27-Oct-2016,3500,PE,0,0,0,93.95,71.2,0,0,0,0,17-AUG-2016,
OPTSTK,OFSS,27-Oct-2016,3550,PE,0,0,0,110.35,87.05,0,0,0,0,17-AUG-2016,
OPTSTK,OFSS,27-Oct-2016,3600,PE,0,0,0,128.55,105.1,0,0,0,0,17-AUG-2016,
OPTSTK,OFSS,27-Oct-2016,3650,PE,0,0,0,148.55,125.45,0,0,0,0,17-AUG-2016,
OPTSTK,OFSS,27-Oct-2016,3700,PE,0,0,0,170.35,148.05,0,0,0,0,17-AUG-2016,
OPTSTK,OFSS,27-Oct-2016,3750,PE,0,0,0,194,173,0,0,0,0,17-AUG-2016,
OPTSTK,OFSS,27-Oct-2016,3800,PE,0,0,0,219.5,200.2,0,0,0,0,17-AUG-2016,
OPTSTK,OFSS,27-Oct-2016,3850,PE,0,0,0,246.75,229.6,0,0,0,0,17-AUG-2016,
OPTSTK,OFSS,27-Oct-2016,3900,PE,0,0,0,275.75,261.15,0,0,0,0,17-AUG-2016,
OPTSTK,OFSS,27-Oct-2016,3950,PE,0,0,0,306.4,294.7,0,0,0,0,17-AUG-2016,
OPTSTK,OFSS,27-Oct-2016,4000,PE,0,0,0,338.7,330.1,0,0,0,0,17-AUG-2016,
OPTSTK,OFSS,27-Oct-2016,4050,PE,0,0,0,372.5,367.5,0,0,0,0,17-AUG-2016,
OPTSTK,OFSS,27-Oct-2016,4100,PE,0,0,0,407.8,406.15,0,0,0,0,17-AUG-2016,
OPTSTK,OFSS,27-Oct-2016,4150,PE,0,0,0,444.65,446.35,0,0,0,0,17-AUG-2016,
OPTSTK,OFSS,27-Oct-2016,4200,PE,0,0,0,482.65,487.9,0,0,0,0,17-AUG-2016,
OPTSTK,OFSS,27-Oct-2016,4250,PE,0,0,0,521.65,530.6,0,0,0,0,17-AUG-2016,
OPTSTK,OIL,25-Aug-2016,220,CE,0,0,0,131.65,150.3,0,0,0,0,17-AUG-2016,
OPTSTK,OIL,25-Aug-2016,230,CE,0,0,0,121.85,140.3,0,0,0,0,17-AUG-2016,
OPTSTK,OIL,25-Aug-2016,240,CE,0,0,0,112,130.35,0,0,0,0,17-AUG-2016,
OPTSTK,OIL,25-Aug-2016,250,CE,0,0,0,102.2,120.35,0,0,0,0,17-AUG-2016,
OPTSTK,OIL,25-Aug-2016,260,CE,0,0,0,92.45,110.35,0,0,0,0,17-AUG-2016,
OPTSTK,OIL,25-Aug-2016,270,CE,0,0,0,82.8,100.35,0,0,0,0,17-AUG-2016,
OPTSTK,OIL,25-Aug-2016,275,CE,0,0,0,80.25,95.4,0,0,0,0,17-AUG-2016,
OPTSTK,OIL,25-Aug-2016,280,CE,0,0,0,73.25,90.4,0,0,0,0,17-AUG-2016,
OPTSTK,OIL,25-Aug-2016,285,CE,0,0,0,70.4,85.4,0,0,0,0,17-AUG-2016,
OPTSTK,OIL,25-Aug-2016,290,CE,0,0,0,63.95,80.4,0,0,0,0,17-AUG-2016,
OPTSTK,OIL,25-Aug-2016,295,CE,0,0,0,60.6,75.4,0,0,0,0,17-AUG-2016,
OPTSTK,OIL,25-Aug-2016,300,CE,0,0,0,55,70.4,0,0,0,0,17-AUG-2016,
OPTSTK,OIL,25-Aug-2016,305,CE,0,0,0,51,65.45,0,0,0,0,17-AUG-2016,
OPTSTK,OIL,25-Aug-2016,310,CE,0,0,0,46.55,60.45,0,0,0,0,17-AUG-2016,
OPTSTK,OIL,25-Aug-2016,315,CE,0,0,0,41.75,55.45,0,0,0,0,17-AUG-2016,
OPTSTK,OIL,25-Aug-2016,320,CE,0,0,0,38.7,50.45,0,0,0,0,17-AUG-2016,
OPTSTK,OIL,25-Aug-2016,325,CE,0,0,0,33.1,45.45,0,0,0,0,17-AUG-2016,
OPTSTK,OIL,25-Aug-2016,330,CE,0,0,0,31.55,40.45,0,0,0,0,17-AUG-2016,
OPTSTK,OIL,25-Aug-2016,335,CE,0,0,0,25.3,35.45,0,0,0,0,17-AUG-2016,
OPTSTK,OIL,25-Aug-2016,340,CE,0,0,0,25.25,30.5,0,0,0,0,17-AUG-2016,
OPTSTK,OIL,25-Aug-2016,345,CE,0,0,0,18.5,25.55,0,0,0,0,17-AUG-2016,
OPTSTK,OIL,25-Aug-2016,350,CE,0,0,0,19.3,20.65,0,0,1700,0,17-AUG-2016,
OPTSTK,OIL,25-Aug-2016,355,CE,0,0,0,12.95,15.95,0,0,0,0,17-AUG-2016,
OPTSTK,OIL,25-Aug-2016,360,CE,0,0,0,20,11.65,0,0,1700,0,17-AUG-2016,
OPTSTK,OIL,25-Aug-2016,365,CE,0,0,0,8.65,7.9,0,0,0,0,17-AUG-2016,
OPTSTK,OIL,25-Aug-2016,370,CE,6.4,7.3,6.4,6.95,6.95,3,19.22,17000,1700,17-AUG-2016,
OPTSTK,OIL,25-Aug-2016,375,CE,0,0,0,4.2,2.8,0,0,11900,0,17-AUG-2016,
OPTSTK,OIL,25-Aug-2016,380,CE,1.5,1.6,1.5,1.6,1.6,3,19.45,25500,-1700,17-AUG-2016,
OPTSTK,OIL,25-Aug-2016,385,CE,0,0,0,1.45,0.65,0,0,23800,0,17-AUG-2016,
OPTSTK,OIL,25-Aug-2016,390,CE,0,0,0,5,0.3,0,0,3400,0,17-AUG-2016,
OPTSTK,OIL,25-Aug-2016,395,CE,0,0,0,2.55,0.1,0,0,1700,0,17-AUG-2016,
OPTSTK,OIL,25-Aug-2016,400,CE,0,0,0,0.4,0.05,0,0,3400,0,17-AUG-2016,
OPTSTK,OIL,25-Aug-2016,405,CE,0,0,0,1.25,0.05,0,0,1700,0,17-AUG-2016,
OPTSTK,OIL,25-Aug-2016,410,CE,0,0,0,1,0,0,0,20400,0,17-AUG-2016,
OPTSTK,OIL,25-Aug-2016,415,CE,0,0,0,0.6,0,0,0,0,0,17-AUG-2016,
OPTSTK,OIL,25-Aug-2016,420,CE,0,0,0,2.1,0,0,0,0,0,17-AUG-2016,
OPTSTK,OIL,25-Aug-2016,425,CE,0,0,0,0.3,0,0,0,0,0,17-AUG-2016,
OPTSTK,OIL,25-Aug-2016,430,CE,0,0,0,1.45,0,0,0,0,0,17-AUG-2016,
OPTSTK,OIL,25-Aug-2016,435,CE,0,0,0,0.15,0,0,0,0,0,17-AUG-2016,
OPTSTK,OIL,25-Aug-2016,440,CE,0,0,0,0.95,0,0,0,0,0,17-AUG-2016,
OPTSTK,OIL,25-Aug-2016,445,CE,0,0,0,0.1,0,0,0,0,0,17-AUG-2016,
OPTSTK,OIL,25-Aug-2016,450,CE,0,0,0,0.65,0,0,0,0,0,17-AUG-2016,
OPTSTK,OIL,25-Aug-2016,220,PE,0,0,0,0.05,0,0,0,0,0,17-AUG-2016,
OPTSTK,OIL,25-Aug-2016,230,PE,0,0,0,0.05,0,0,0,0,0,17-AUG-2016,
OPTSTK,OIL,25-Aug-2016,240,PE,0,0,0,0.05,0,0,0,0,0,17-AUG-2016,
OPTSTK,OIL,25-Aug-2016,250,PE,0,0,0,0.05,0,0,0,0,0,17-AUG-2016,
OPTSTK,OIL,25-Aug-2016,260,PE,0,0,0,0.15,0,0,0,0,0,17-AUG-2016,
OPTSTK,OIL,25-Aug-2016,270,PE,0,0,0,0.25,0,0,0,0,0,17-AUG-2016,
OPTSTK,OIL,25-Aug-2016,275,PE,0,0,0,0.05,0,0,0,0,0,17-AUG-2016,
OPTSTK,OIL,25-Aug-2016,280,PE,0,0,0,0.55,0,0,0,0,0,17-AUG-2016,
OPTSTK,OIL,25-Aug-2016,285,PE,0,0,0,0.05,0,0,0,0,0,17-AUG-2016,
OPTSTK,OIL,25-Aug-2016,290,PE,0,0,0,1.1,0,0,0,0,0,17-AUG-2016,
OPTSTK,OIL,25-Aug-2016,295,PE,0,0,0,0.2,0,0,0,0,0,17-AUG-2016,
OPTSTK,OIL,25-Aug-2016,300,PE,0,0,0,1.95,0,0,0,0,0,17-AUG-2016,
OPTSTK,OIL,25-Aug-2016,305,PE,0,0,0,0.5,0,0,0,0,0,17-AUG-2016,
OPTSTK,OIL,25-Aug-2016,310,PE,0,0,0,3.3,0,0,0,0,0,17-AUG-2016,
OPTSTK,OIL,25-Aug-2016,315,PE,0,0,0,1.15,0,0,0,0,0,17-AUG-2016,
OPTSTK,OIL,25-Aug-2016,320,PE,0,0,0,5.3,0,0,0,0,0,17-AUG-2016,
OPTSTK,OIL,25-Aug-2016,325,PE,0,0,0,2.35,0,0,0,0,0,17-AUG-2016,
OPTSTK,OIL,25-Aug-2016,330,PE,0,0,0,7.95,0,0,0,0,0,17-AUG-2016,
OPTSTK,OIL,25-Aug-2016,335,PE,0,0,0,4.4,0,0,0,0,0,17-AUG-2016,
OPTSTK,OIL,25-Aug-2016,340,PE,0,0,0,11.5,0.05,0,0,0,0,17-AUG-2016,
OPTSTK,OIL,25-Aug-2016,345,PE,0,0,0,7.55,0.05,0,0,0,0,17-AUG-2016,
OPTSTK,OIL,25-Aug-2016,350,PE,0,0,0,1.9,0.2,0,0,1700,0,17-AUG-2016,
OPTSTK,OIL,25-Aug-2016,355,PE,0,0,0,11.9,0.5,0,0,0,0,17-AUG-2016,
OPTSTK,OIL,25-Aug-2016,360,PE,0,0,0,4.05,1.15,0,0,5100,0,17-AUG-2016,
OPTSTK,OIL,25-Aug-2016,365,PE,0,0,0,17.5,2.4,0,0,0,0,17-AUG-2016,
OPTSTK,OIL,25-Aug-2016,370,PE,0,0,0,3.5,4.45,0,0,8500,0,17-AUG-2016,
OPTSTK,OIL,25-Aug-2016,375,PE,0,0,0,24.25,7.3,0,0,0,0,17-AUG-2016,
OPTSTK,OIL,25-Aug-2016,380,PE,0,0,0,10.3,10.9,0,0,5100,0,17-AUG-2016,
OPTSTK,OIL,25-Aug-2016,385,PE,0,0,0,32,15.15,0,0,0,0,17-AUG-2016,
OPTSTK,OIL,25-Aug-2016,390,PE,0,0,0,41.5,19.75,0,0,0,0,17-AUG-2016,
OPTSTK,OIL,25-Aug-2016,395,PE,0,0,0,40.45,24.55,0,0,0,0,17-AUG-2016,
OPTSTK,OIL,25-Aug-2016,400,PE,0,0,0,49.55,29.5,0,0,0,0,17-AUG-2016,
OPTSTK,OIL,25-Aug-2016,405,PE,0,0,0,49.5,34.45,0,0,0,0,17-AUG-2016,
OPTSTK,OIL,25-Aug-2016,410,PE,0,0,0,58.05,39.45,0,0,0,0,17-AUG-2016,
OPTSTK,OIL,25-Aug-2016,415,PE,0,0,0,58.85,44.45,0,0,0,0,17-AUG-2016,
OPTSTK,OIL,25-Aug-2016,420,PE,0,0,0,66.95,49.45,0,0,0,0,17-AUG-2016,
OPTSTK,OIL,25-Aug-2016,425,PE,0,0,0,68.45,54.45,0,0,0,0,17-AUG-2016,
OPTSTK,OIL,25-Aug-2016,430,PE,0,0,0,76.05,59.45,0,0,0,0,17-AUG-2016,
OPTSTK,OIL,25-Aug-2016,435,PE,0,0,0,78.2,64.4,0,0,0,0,17-AUG-2016,
OPTSTK,OIL,25-Aug-2016,440,PE,0,0,0,85.4,69.4,0,0,0,0,17-AUG-2016,
OPTSTK,OIL,25-Aug-2016,445,PE,0,0,0,88.05,74.4,0,0,0,0,17-AUG-2016,
OPTSTK,OIL,25-Aug-2016,450,PE,0,0,0,94.9,79.4,0,0,0,0,17-AUG-2016,
OPTSTK,OIL,29-Sep-2016,250,CE,0,0,0,106.65,122,0,0,0,0,17-AUG-2016,
OPTSTK,OIL,29-Sep-2016,255,CE,0,0,0,101.75,117.05,0,0,0,0,17-AUG-2016,
OPTSTK,OIL,29-Sep-2016,260,CE,0,0,0,96.85,112.05,0,0,0,0,17-AUG-2016,
OPTSTK,OIL,29-Sep-2016,265,CE,0,0,0,91.95,107.1,0,0,0,0,17-AUG-2016,
OPTSTK,OIL,29-Sep-2016,270,CE,0,0,0,87.05,102.15,0,0,0,0,17-AUG-2016,
OPTSTK,OIL,29-Sep-2016,275,CE,0,0,0,82.2,97.2,0,0,0,0,17-AUG-2016,
OPTSTK,OIL,29-Sep-2016,280,CE,0,0,0,77.35,92.25,0,0,0,0,17-AUG-2016,
OPTSTK,OIL,29-Sep-2016,285,CE,0,0,0,72.55,87.3,0,0,0,0,17-AUG-2016,
OPTSTK,OIL,29-Sep-2016,290,CE,0,0,0,67.75,82.3,0,0,0,0,17-AUG-2016,
OPTSTK,OIL,29-Sep-2016,295,CE,0,0,0,63.05,77.35,0,0,0,0,17-AUG-2016,
OPTSTK,OIL,29-Sep-2016,300,CE,0,0,0,58.4,72.4,0,0,0,0,17-AUG-2016,
OPTSTK,OIL,29-Sep-2016,305,CE,0,0,0,53.85,67.45,0,0,0,0,17-AUG-2016,
OPTSTK,OIL,29-Sep-2016,310,CE,0,0,0,49.4,62.55,0,0,0,0,17-AUG-2016,
OPTSTK,OIL,29-Sep-2016,315,CE,0,0,0,45.1,57.6,0,0,0,0,17-AUG-2016,
OPTSTK,OIL,29-Sep-2016,320,CE,0,0,0,40.95,52.75,0,0,0,0,17-AUG-2016,
OPTSTK,OIL,29-Sep-2016,325,CE,0,0,0,36.95,47.9,0,0,0,0,17-AUG-2016,
OPTSTK,OIL,29-Sep-2016,330,CE,0,0,0,33.15,43.15,0,0,0,0,17-AUG-2016,
OPTSTK,OIL,29-Sep-2016,335,CE,0,0,0,29.6,38.5,0,0,0,0,17-AUG-2016,
OPTSTK,OIL,29-Sep-2016,340,CE,0,0,0,26.2,34,0,0,0,0,17-AUG-2016,
OPTSTK,OIL,29-Sep-2016,345,CE,0,0,0,23.1,29.7,0,0,0,0,17-AUG-2016,
OPTSTK,OIL,29-Sep-2016,350,CE,0,0,0,20.2,25.6,0,0,0,0,17-AUG-2016,
OPTSTK,OIL,29-Sep-2016,355,CE,0,0,0,17.55,21.8,0,0,0,0,17-AUG-2016,
OPTSTK,OIL,29-Sep-2016,360,CE,0,0,0,15.15,18.3,0,0,0,0,17-AUG-2016,
OPTSTK,OIL,29-Sep-2016,365,CE,0,0,0,13,15.1,0,0,0,0,17-AUG-2016,
OPTSTK,OIL,29-Sep-2016,370,CE,0,0,0,11.1,12.3,0,0,0,0,17-AUG-2016,
OPTSTK,OIL,29-Sep-2016,375,CE,0,0,0,9.4,9.85,0,0,0,0,17-AUG-2016,
OPTSTK,OIL,29-Sep-2016,380,CE,7.4,8.5,7.4,8.5,8.5,14,92.32,23800,23800,17-AUG-2016,
OPTSTK,OIL,29-Sep-2016,385,CE,0,0,0,6.6,6.05,0,0,0,0,17-AUG-2016,
OPTSTK,OIL,29-Sep-2016,390,CE,0,0,0,5.5,4.6,0,0,0,0,17-AUG-2016,
OPTSTK,OIL,29-Sep-2016,395,CE,0,0,0,4.55,3.45,0,0,0,0,17-AUG-2016,
OPTSTK,OIL,29-Sep-2016,400,CE,0,0,0,3.7,2.55,0,0,0,0,17-AUG-2016,
OPTSTK,OIL,29-Sep-2016,405,CE,0,0,0,3.05,1.85,0,0,0,0,17-AUG-2016,
OPTSTK,OIL,29-Sep-2016,410,CE,0,0,0,2.45,1.35,0,0,0,0,17-AUG-2016,
OPTSTK,OIL,29-Sep-2016,415,CE,0,0,0,2,0.95,0,0,0,0,17-AUG-2016,
OPTSTK,OIL,29-Sep-2016,420,CE,0,0,0,1.6,0.65,0,0,0,0,17-AUG-2016,
OPTSTK,OIL,29-Sep-2016,425,CE,0,0,0,1.25,0.45,0,0,0,0,17-AUG-2016,
OPTSTK,OIL,29-Sep-2016,430,CE,0,0,0,1,0.3,0,0,0,0,17-AUG-2016,
OPTSTK,OIL,29-Sep-2016,435,CE,0,0,0,0.8,0.2,0,0,0,0,17-AUG-2016,
OPTSTK,OIL,29-Sep-2016,440,CE,0,0,0,0.6,0.15,0,0,0,0,17-AUG-2016,
OPTSTK,OIL,29-Sep-2016,445,CE,0,0,0,0.5,0.1,0,0,0,0,17-AUG-2016,
OPTSTK,OIL,29-Sep-2016,450,CE,0,0,0,0.4,0.05,0,0,0,0,17-AUG-2016,
OPTSTK,OIL,29-Sep-2016,250,PE,0,0,0,0.05,0,0,0,0,0,17-AUG-2016,
OPTSTK,OIL,29-Sep-2016,255,PE,0,0,0,0.05,0,0,0,0,0,17-AUG-2016,
OPTSTK,OIL,29-Sep-2016,260,PE,0,0,0,0.05,0,0,0,0,0,17-AUG-2016,
OPTSTK,OIL,29-Sep-2016,265,PE,0,0,0,0.05,0,0,0,0,0,17-AUG-2016,
OPTSTK,OIL,29-Sep-2016,270,PE,0,0,0,0.1,0,0,0,0,0,17-AUG-2016,
OPTSTK,OIL,29-Sep-2016,275,PE,0,0,0,0.15,0,0,0,0,0,17-AUG-2016,
OPTSTK,OIL,29-Sep-2016,280,PE,0,0,0,0.2,0,0,0,0,0,17-AUG-2016,
OPTSTK,OIL,29-Sep-2016,285,PE,0,0,0,0.3,0,0,0,0,0,17-AUG-2016,
OPTSTK,OIL,29-Sep-2016,290,PE,0,0,0,0.45,0,0,0,0,0,17-AUG-2016,
OPTSTK,OIL,29-Sep-2016,295,PE,0,0,0,0.65,0,0,0,0,0,17-AUG-2016,
OPTSTK,OIL,29-Sep-2016,300,PE,0,0,0,0.9,0.05,0,0,0,0,17-AUG-2016,
OPTSTK,OIL,29-Sep-2016,305,PE,0,0,0,1.25,0.05,0,0,0,0,17-AUG-2016,
OPTSTK,OIL,29-Sep-2016,310,PE,0,0,0,1.75,0.05,0,0,0,0,17-AUG-2016,
OPTSTK,OIL,29-Sep-2016,315,PE,0,0,0,2.35,0.1,0,0,0,0,17-AUG-2016,
OPTSTK,OIL,29-Sep-2016,320,PE,0,0,0,3.1,0.2,0,0,0,0,17-AUG-2016,
OPTSTK,OIL,29-Sep-2016,325,PE,0,0,0,4,0.3,0,0,0,0,17-AUG-2016,
OPTSTK,OIL,29-Sep-2016,330,PE,0,0,0,5.15,0.5,0,0,0,0,17-AUG-2016,
OPTSTK,OIL,29-Sep-2016,335,PE,0,0,0,6.45,0.85,0,0,0,0,17-AUG-2016,
OPTSTK,OIL,29-Sep-2016,340,PE,0,0,0,8,1.3,0,0,0,0,17-AUG-2016,
OPTSTK,OIL,29-Sep-2016,345,PE,0,0,0,9.8,1.95,0,0,0,0,17-AUG-2016,
OPTSTK,OIL,29-Sep-2016,350,PE,0,0,0,11.8,2.8,0,0,0,0,17-AUG-2016,
OPTSTK,OIL,29-Sep-2016,355,PE,0,0,0,14.1,4,0,0,0,0,17-AUG-2016,
OPTSTK,OIL,29-Sep-2016,360,PE,0,0,0,16.6,5.4,0,0,0,0,17-AUG-2016,
OPTSTK,OIL,29-Sep-2016,365,PE,0,0,0,19.35,7.2,0,0,0,0,17-AUG-2016,
OPTSTK,OIL,29-Sep-2016,370,PE,0,0,0,22.35,9.35,0,0,0,0,17-AUG-2016,
OPTSTK,OIL,29-Sep-2016,375,PE,0,0,0,25.55,11.9,0,0,0,0,17-AUG-2016,
OPTSTK,OIL,29-Sep-2016,380,PE,0,0,0,29,14.75,0,0,0,0,17-AUG-2016,
OPTSTK,OIL,29-Sep-2016,385,PE,0,0,0,32.6,18,0,0,0,0,17-AUG-2016,
OPTSTK,OIL,29-Sep-2016,390,PE,0,0,0,36.4,21.5,0,0,0,0,17-AUG-2016,
OPTSTK,OIL,29-Sep-2016,395,PE,0,0,0,40.35,25.3,0,0,0,0,17-AUG-2016,
OPTSTK,OIL,29-Sep-2016,400,PE,0,0,0,44.45,29.4,0,0,0,0,17-AUG-2016,
OPTSTK,OIL,29-Sep-2016,405,PE,0,0,0,48.65,33.65,0,0,0,0,17-AUG-2016,
OPTSTK,OIL,29-Sep-2016,410,PE,0,0,0,53,38.05,0,0,0,0,17-AUG-2016,
OPTSTK,OIL,29-Sep-2016,415,PE,0,0,0,57.45,42.65,0,0,0,0,17-AUG-2016,
OPTSTK,OIL,29-Sep-2016,420,PE,0,0,0,61.95,47.3,0,0,0,0,17-AUG-2016,
OPTSTK,OIL,29-Sep-2016,425,PE,0,0,0,66.55,52.05,0,0,0,0,17-AUG-2016,
OPTSTK,OIL,29-Sep-2016,430,PE,0,0,0,71.2,56.9,0,0,0,0,17-AUG-2016,
OPTSTK,OIL,29-Sep-2016,435,PE,0,0,0,75.9,61.75,0,0,0,0,17-AUG-2016,
OPTSTK,OIL,29-Sep-2016,440,PE,0,0,0,80.65,66.65,0,0,0,0,17-AUG-2016,
OPTSTK,OIL,29-Sep-2016,445,PE,0,0,0,85.45,71.55,0,0,0,0,17-AUG-2016,
OPTSTK,OIL,29-Sep-2016,450,PE,0,0,0,90.25,76.5,0,0,0,0,17-AUG-2016,
OPTSTK,OIL,27-Oct-2016,270,CE,0,0,0,105,103.55,0,0,0,0,17-AUG-2016,
OPTSTK,OIL,27-Oct-2016,275,CE,0,0,0,100.15,98.65,0,0,0,0,17-AUG-2016,
OPTSTK,OIL,27-Oct-2016,280,CE,0,0,0,95.25,93.7,0,0,0,0,17-AUG-2016,
OPTSTK,OIL,27-Oct-2016,285,CE,0,0,0,90.4,88.8,0,0,0,0,17-AUG-2016,
OPTSTK,OIL,27-Oct-2016,290,CE,0,0,0,85.6,83.85,0,0,0,0,17-AUG-2016,
OPTSTK,OIL,27-Oct-2016,295,CE,0,0,0,80.8,78.95,0,0,0,0,17-AUG-2016,
OPTSTK,OIL,27-Oct-2016,300,CE,0,0,0,76.1,74.05,0,0,0,0,17-AUG-2016,
OPTSTK,OIL,27-Oct-2016,305,CE,0,0,0,71.4,69.2,0,0,0,0,17-AUG-2016,
OPTSTK,OIL,27-Oct-2016,310,CE,0,0,0,66.8,64.35,0,0,0,0,17-AUG-2016,
OPTSTK,OIL,27-Oct-2016,315,CE,0,0,0,62.25,59.55,0,0,0,0,17-AUG-2016,
OPTSTK,OIL,27-Oct-2016,320,CE,0,0,0,57.85,54.85,0,0,0,0,17-AUG-2016,
OPTSTK,OIL,27-Oct-2016,325,CE,0,0,0,53.55,50.2,0,0,0,0,17-AUG-2016,
OPTSTK,OIL,27-Oct-2016,330,CE,0,0,0,49.35,45.7,0,0,0,0,17-AUG-2016,
OPTSTK,OIL,27-Oct-2016,335,CE,0,0,0,45.3,41.3,0,0,0,0,17-AUG-2016,
OPTSTK,OIL,27-Oct-2016,340,CE,0,0,0,41.45,37.05,0,0,0,0,17-AUG-2016,
OPTSTK,OIL,27-Oct-2016,345,CE,0,0,0,37.75,33,0,0,0,0,17-AUG-2016,
OPTSTK,OIL,27-Oct-2016,350,CE,0,0,0,34.2,29.2,0,0,0,0,17-AUG-2016,
OPTSTK,OIL,27-Oct-2016,355,CE,0,0,0,30.85,25.6,0,0,0,0,17-AUG-2016,
OPTSTK,OIL,27-Oct-2016,360,CE,0,0,0,27.75,22.25,0,0,0,0,17-AUG-2016,
OPTSTK,OIL,27-Oct-2016,365,CE,0,0,0,24.8,19.2,0,0,0,0,17-AUG-2016,
OPTSTK,OIL,27-Oct-2016,370,CE,0,0,0,22.1,16.4,0,0,0,0,17-AUG-2016,
OPTSTK,OIL,27-Oct-2016,375,CE,0,0,0,19.55,13.85,0,0,0,0,17-AUG-2016,
OPTSTK,OIL,27-Oct-2016,380,CE,0,0,0,17.25,11.65,0,0,0,0,17-AUG-2016,
OPTSTK,OIL,27-Oct-2016,385,CE,0,0,0,15.15,9.7,0,0,0,0,17-AUG-2016,
OPTSTK,OIL,27-Oct-2016,390,CE,0,0,0,13.25,7.95,0,0,0,0,17-AUG-2016,
OPTSTK,OIL,27-Oct-2016,395,CE,0,0,0,11.55,6.5,0,0,0,0,17-AUG-2016,
OPTSTK,OIL,27-Oct-2016,400,CE,0,0,0,10,5.3,0,0,0,0,17-AUG-2016,
OPTSTK,OIL,27-Oct-2016,405,CE,0,0,0,8.65,4.2,0,0,0,0,17-AUG-2016,
OPTSTK,OIL,27-Oct-2016,410,CE,0,0,0,7.45,3.35,0,0,0,0,17-AUG-2016,
OPTSTK,OIL,27-Oct-2016,415,CE,0,0,0,6.35,2.65,0,0,0,0,17-AUG-2016,
OPTSTK,OIL,27-Oct-2016,420,CE,0,0,0,5.4,2.05,0,0,0,0,17-AUG-2016,
OPTSTK,OIL,27-Oct-2016,425,CE,0,0,0,4.6,1.6,0,0,0,0,17-AUG-2016,
OPTSTK,OIL,27-Oct-2016,430,CE,0,0,0,3.9,1.25,0,0,0,0,17-AUG-2016,
OPTSTK,OIL,27-Oct-2016,435,CE,0,0,0,3.25,0.95,0,0,0,0,17-AUG-2016,
OPTSTK,OIL,27-Oct-2016,440,CE,0,0,0,2.75,0.7,0,0,0,0,17-AUG-2016,
OPTSTK,OIL,27-Oct-2016,445,CE,0,0,0,2.3,0.55,0,0,0,0,17-AUG-2016,
OPTSTK,OIL,27-Oct-2016,450,CE,0,0,0,1.9,0.4,0,0,0,0,17-AUG-2016,
OPTSTK,OIL,27-Oct-2016,270,PE,0,0,0,0.05,0,0,0,0,0,17-AUG-2016,
OPTSTK,OIL,27-Oct-2016,275,PE,0,0,0,0.1,0,0,0,0,0,17-AUG-2016,
OPTSTK,OIL,27-Oct-2016,280,PE,0,0,0,0.15,0.05,0,0,0,0,17-AUG-2016,
OPTSTK,OIL,27-Oct-2016,285,PE,0,0,0,0.2,0.05,0,0,0,0,17-AUG-2016,
OPTSTK,OIL,27-Oct-2016,290,PE,0,0,0,0.3,0.05,0,0,0,0,17-AUG-2016,
OPTSTK,OIL,27-Oct-2016,295,PE,0,0,0,0.45,0.05,0,0,0,0,17-AUG-2016,
OPTSTK,OIL,27-Oct-2016,300,PE,0,0,0,0.6,0.1,0,0,0,0,17-AUG-2016,
OPTSTK,OIL,27-Oct-2016,305,PE,0,0,0,0.85,0.2,0,0,0,0,17-AUG-2016,
OPTSTK,OIL,27-Oct-2016,310,PE,0,0,0,1.15,0.25,0,0,0,0,17-AUG-2016,
OPTSTK,OIL,27-Oct-2016,315,PE,0,0,0,1.55,0.4,0,0,0,0,17-AUG-2016,
OPTSTK,OIL,27-Oct-2016,320,PE,0,0,0,2.05,0.65,0,0,0,0,17-AUG-2016,
OPTSTK,OIL,27-Oct-2016,325,PE,0,0,0,2.65,0.95,0,0,0,0,17-AUG-2016,
OPTSTK,OIL,27-Oct-2016,330,PE,0,0,0,3.4,1.35,0,0,0,0,17-AUG-2016,
OPTSTK,OIL,27-Oct-2016,335,PE,0,0,0,4.25,1.9,0,0,0,0,17-AUG-2016,
OPTSTK,OIL,27-Oct-2016,340,PE,0,0,0,5.3,2.6,0,0,0,0,17-AUG-2016,
OPTSTK,OIL,27-Oct-2016,345,PE,0,0,0,6.5,3.45,0,0,0,0,17-AUG-2016,
OPTSTK,OIL,27-Oct-2016,350,PE,0,0,0,7.9,4.55,0,0,0,0,17-AUG-2016,
OPTSTK,OIL,27-Oct-2016,355,PE,0,0,0,9.45,5.9,0,0,0,0,17-AUG-2016,
OPTSTK,OIL,27-Oct-2016,360,PE,0,0,0,11.25,7.5,0,0,0,0,17-AUG-2016,
OPTSTK,OIL,27-Oct-2016,365,PE,0,0,0,13.25,9.35,0,0,0,0,17-AUG-2016,
OPTSTK,OIL,27-Oct-2016,370,PE,0,0,0,15.45,11.5,0,0,0,0,17-AUG-2016,
OPTSTK,OIL,27-Oct-2016,375,PE,0,0,0,17.85,13.9,0,0,0,0,17-AUG-2016,
OPTSTK,OIL,27-Oct-2016,380,PE,0,0,0,20.45,16.6,0,0,0,0,17-AUG-2016,
OPTSTK,OIL,27-Oct-2016,385,PE,0,0,0,23.25,19.6,0,0,0,0,17-AUG-2016,
OPTSTK,OIL,27-Oct-2016,390,PE,0,0,0,26.25,22.8,0,0,0,0,17-AUG-2016,
OPTSTK,OIL,27-Oct-2016,395,PE,0,0,0,29.45,26.3,0,0,0,0,17-AUG-2016,
OPTSTK,OIL,27-Oct-2016,400,PE,0,0,0,32.85,30,0,0,0,0,17-AUG-2016,
OPTSTK,OIL,27-Oct-2016,405,PE,0,0,0,36.35,33.85,0,0,0,0,17-AUG-2016,
OPTSTK,OIL,27-Oct-2016,410,PE,0,0,0,40.1,37.95,0,0,0,0,17-AUG-2016,
OPTSTK,OIL,27-Oct-2016,415,PE,0,0,0,43.9,42.15,0,0,0,0,17-AUG-2016,
OPTSTK,OIL,27-Oct-2016,420,PE,0,0,0,47.9,46.5,0,0,0,0,17-AUG-2016,
OPTSTK,OIL,27-Oct-2016,425,PE,0,0,0,52,51,0,0,0,0,17-AUG-2016,
OPTSTK,OIL,27-Oct-2016,430,PE,0,0,0,56.2,55.55,0,0,0,0,17-AUG-2016,
OPTSTK,OIL,27-Oct-2016,435,PE,0,0,0,60.5,60.2,0,0,0,0,17-AUG-2016,
OPTSTK,OIL,27-Oct-2016,440,PE,0,0,0,64.9,64.9,0,0,0,0,17-AUG-2016,
OPTSTK,OIL,27-Oct-2016,445,PE,0,0,0,69.35,69.65,0,0,0,0,17-AUG-2016,
OPTSTK,OIL,27-Oct-2016,450,PE,0,0,0,73.85,74.45,0,0,0,0,17-AUG-2016,
OPTSTK,ONGC,25-Aug-2016,145,CE,0,0,0,73.75,93.05,0,0,0,0,17-AUG-2016,
OPTSTK,ONGC,25-Aug-2016,150,CE,0,0,0,68.9,88.05,0,0,0,0,17-AUG-2016,
OPTSTK,ONGC,25-Aug-2016,155,CE,0,0,0,64.1,83.05,0,0,0,0,17-AUG-2016,
OPTSTK,ONGC,25-Aug-2016,160,CE,0,0,0,59.4,78.05,0,0,0,0,17-AUG-2016,
OPTSTK,ONGC,25-Aug-2016,165,CE,0,0,0,54.75,73.05,0,0,0,0,17-AUG-2016,
OPTSTK,ONGC,25-Aug-2016,170,CE,0,0,0,50.2,68.05,0,0,0,0,17-AUG-2016,
OPTSTK,ONGC,25-Aug-2016,175,CE,0,0,0,45.75,63.1,0,0,0,0,17-AUG-2016,
OPTSTK,ONGC,25-Aug-2016,180,CE,0,0,0,41.5,58.1,0,0,0,0,17-AUG-2016,
OPTSTK,ONGC,25-Aug-2016,185,CE,0,0,0,37.4,53.1,0,0,0,0,17-AUG-2016,
OPTSTK,ONGC,25-Aug-2016,190,CE,0,0,0,33.5,48.1,0,0,0,0,17-AUG-2016,
OPTSTK,ONGC,25-Aug-2016,195,CE,0,0,0,29.8,43.1,0,0,0,0,17-AUG-2016,
OPTSTK,ONGC,25-Aug-2016,200,CE,0,0,0,26.9,38.1,0,0,10000,0,17-AUG-2016,
OPTSTK,ONGC,25-Aug-2016,205,CE,0,0,0,29,33.15,0,0,2500,0,17-AUG-2016,
OPTSTK,ONGC,25-Aug-2016,210,CE,26,27,26,27,27,3,17.73,32500,-5000,17-AUG-2016,
OPTSTK,ONGC,25-Aug-2016,215,CE,22.8,22.8,22.8,22.8,22.8,1,5.94,30000,0,17-AUG-2016,
OPTSTK,ONGC,25-Aug-2016,220,CE,15.5,18.25,15.5,17.95,17.95,22,130.03,255000,-25000,17-AUG-2016,
OPTSTK,ONGC,25-Aug-2016,225,CE,12,13.7,11.2,13.7,13.7,9,53.36,430000,-7500,17-AUG-2016,
OPTSTK,ONGC,25-Aug-2016,230,CE,7.8,9.65,7.15,9.05,9.05,257,1530.73,1272500,-210000,17-AUG-2016,
OPTSTK,ONGC,25-Aug-2016,235,CE,4.55,6.3,4.35,5.8,5.8,652,3915.88,650000,-350000,17-AUG-2016,
OPTSTK,ONGC,25-Aug-2016,240,CE,2.75,3.85,2.55,3.5,3.5,693,4214.07,1460000,-45000,17-AUG-2016,
OPTSTK,ONGC,25-Aug-2016,245,CE,1.6,2.2,1.5,2.05,2.05,152,937.95,165000,-40000,17-AUG-2016,
OPTSTK,ONGC,25-Aug-2016,250,CE,1,1.25,0.8,1.15,1.15,169,1060.67,1202500,-82500,17-AUG-2016,
OPTSTK,ONGC,25-Aug-2016,255,CE,0.55,0.65,0.5,0.6,0.6,16,102.22,97500,15000,17-AUG-2016,
OPTSTK,ONGC,25-Aug-2016,260,CE,0.35,0.45,0.35,0.35,0.35,32,208.3,347500,42500,17-AUG-2016,
OPTSTK,ONGC,25-Aug-2016,265,CE,0,0,0,0.4,0.05,0,0,2500,0,17-AUG-2016,
OPTSTK,ONGC,25-Aug-2016,270,CE,0.25,0.25,0.2,0.2,0.2,5,33.78,27500,12500,17-AUG-2016,
OPTSTK,ONGC,25-Aug-2016,275,CE,0,0,0,0.2,0,0,0,0,0,17-AUG-2016,
OPTSTK,ONGC,25-Aug-2016,280,CE,0,0,0,0.05,0,0,0,2500,0,17-AUG-2016,
OPTSTK,ONGC,25-Aug-2016,285,CE,0,0,0,1.4,0,0,0,0,0,17-AUG-2016,
OPTSTK,ONGC,25-Aug-2016,290,CE,0,0,0,1.1,0,0,0,0,0,17-AUG-2016,
OPTSTK,ONGC,25-Aug-2016,295,CE,0,0,0,0.9,0,0,0,0,0,17-AUG-2016,
OPTSTK,ONGC,25-Aug-2016,300,CE,0,0,0,0.15,0,0,0,7500,0,17-AUG-2016,
OPTSTK,ONGC,25-Aug-2016,305,CE,0,0,0,0.6,0,0,0,0,0,17-AUG-2016,
OPTSTK,ONGC,25-Aug-2016,145,PE,0,0,0,0.1,0,0,0,0,0,17-AUG-2016,
OPTSTK,ONGC,25-Aug-2016,150,PE,0,0,0,0.2,0,0,0,0,0,17-AUG-2016,
OPTSTK,ONGC,25-Aug-2016,155,PE,0,0,0,0.3,0,0,0,0,0,17-AUG-2016,
OPTSTK,ONGC,25-Aug-2016,160,PE,0,0,0,0.5,0,0,0,0,0,17-AUG-2016,
OPTSTK,ONGC,25-Aug-2016,165,PE,0,0,0,0.8,0,0,0,2500,0,17-AUG-2016,
OPTSTK,ONGC,25-Aug-2016,170,PE,0,0,0,1.1,0,0,0,0,0,17-AUG-2016,
OPTSTK,ONGC,25-Aug-2016,175,PE,0,0,0,1.6,0,0,0,0,0,17-AUG-2016,
OPTSTK,ONGC,25-Aug-2016,180,PE,0,0,0,2.2,0,0,0,0,0,17-AUG-2016,
OPTSTK,ONGC,25-Aug-2016,185,PE,0,0,0,3.05,0,0,0,0,0,17-AUG-2016,
OPTSTK,ONGC,25-Aug-2016,190,PE,0,0,0,0.35,0,0,0,27500,0,17-AUG-2016,
OPTSTK,ONGC,25-Aug-2016,195,PE,0,0,0,0.5,0,0,0,7500,0,17-AUG-2016,
OPTSTK,ONGC,25-Aug-2016,200,PE,0.05,0.05,0.05,0.05,0.05,15,75.01,425000,-35000,17-AUG-2016,
OPTSTK,ONGC,25-Aug-2016,205,PE,0.05,0.05,0.05,0.05,0.05,1,5.12,90000,-2500,17-AUG-2016,
OPTSTK,ONGC,25-Aug-2016,210,PE,0.1,0.1,0.05,0.05,0.05,8,42.01,335000,-7500,17-AUG-2016,
OPTSTK,ONGC,25-Aug-2016,215,PE,0.1,0.15,0.1,0.1,0.1,12,64.53,135000,0,17-AUG-2016,
OPTSTK,ONGC,25-Aug-2016,220,PE,0.3,0.45,0.2,0.25,0.25,78,429.63,477500,-65000,17-AUG-2016,
OPTSTK,ONGC,25-Aug-2016,225,PE,0.75,0.9,0.5,0.55,0.55,88,496.48,392500,50000,17-AUG-2016,
OPTSTK,ONGC,25-Aug-2016,230,PE,2,2.1,1.15,1.35,1.35,197,1140.64,567500,2500,17-AUG-2016,
OPTSTK,ONGC,25-Aug-2016,235,PE,3.95,4.25,2.6,3.15,3.15,116,691.39,165000,55000,17-AUG-2016,
OPTSTK,ONGC,25-Aug-2016,240,PE,7.1,7.3,5.2,5.65,5.65,45,276.78,147500,10000,17-AUG-2016,
OPTSTK,ONGC,25-Aug-2016,245,PE,0,0,0,31.25,8.3,0,0,0,0,17-AUG-2016,
OPTSTK,ONGC,25-Aug-2016,250,PE,14.5,14.5,12.9,13,13,3,19.76,85000,5000,17-AUG-2016,
OPTSTK,ONGC,25-Aug-2016,255,PE,0,0,0,39.05,17.05,0,0,0,0,17-AUG-2016,
OPTSTK,ONGC,25-Aug-2016,260,PE,0,0,0,36.05,21.9,0,0,7500,0,17-AUG-2016,
OPTSTK,ONGC,25-Aug-2016,265,PE,0,0,0,47.35,26.85,0,0,0,0,17-AUG-2016,
OPTSTK,ONGC,25-Aug-2016,270,PE,0,0,0,51.7,31.8,0,0,0,0,17-AUG-2016,
OPTSTK,ONGC,25-Aug-2016,275,PE,0,0,0,56.15,36.8,0,0,0,0,17-AUG-2016,
OPTSTK,ONGC,25-Aug-2016,280,PE,0,0,0,54.7,41.8,0,0,5000,0,17-AUG-2016,
OPTSTK,ONGC,25-Aug-2016,285,PE,0,0,0,60.4,46.8,0,0,32500,0,17-AUG-2016,
OPTSTK,ONGC,25-Aug-2016,290,PE,0,0,0,69.9,51.8,0,0,0,0,17-AUG-2016,
OPTSTK,ONGC,25-Aug-2016,295,PE,0,0,0,74.6,56.8,0,0,0,0,17-AUG-2016,
OPTSTK,ONGC,25-Aug-2016,300,PE,63.75,63.75,62.25,62.25,62.25,4,36.33,95000,-10000,17-AUG-2016,
OPTSTK,ONGC,25-Aug-2016,305,PE,0,0,0,84.1,66.75,0,0,0,0,17-AUG-2016,
OPTSTK,ONGC,29-Sep-2016,145,CE,0,0,0,73.9,94,0,0,0,0,17-AUG-2016,
OPTSTK,ONGC,29-Sep-2016,150,CE,0,0,0,69,89.05,0,0,0,0,17-AUG-2016,
OPTSTK,ONGC,29-Sep-2016,155,CE,0,0,0,64.15,84.05,0,0,0,0,17-AUG-2016,
OPTSTK,ONGC,29-Sep-2016,160,CE,0,0,0,59.3,79.1,0,0,0,0,17-AUG-2016,
OPTSTK,ONGC,29-Sep-2016,165,CE,0,0,0,54.5,74.15,0,0,0,0,17-AUG-2016,
OPTSTK,ONGC,29-Sep-2016,170,CE,0,0,0,49.8,69.2,0,0,0,0,17-AUG-2016,
OPTSTK,ONGC,29-Sep-2016,175,CE,0,0,0,45.2,64.25,0,0,0,0,17-AUG-2016,
OPTSTK,ONGC,29-Sep-2016,180,CE,0,0,0,40.7,59.3,0,0,0,0,17-AUG-2016,
OPTSTK,ONGC,29-Sep-2016,185,CE,0,0,0,36.35,54.35,0,0,0,0,17-AUG-2016,
OPTSTK,ONGC,29-Sep-2016,190,CE,0,0,0,32.25,49.4,0,0,0,0,17-AUG-2016,
OPTSTK,ONGC,29-Sep-2016,195,CE,0,0,0,28.35,44.5,0,0,0,0,17-AUG-2016,
OPTSTK,ONGC,29-Sep-2016,200,CE,0,0,0,24.7,39.65,0,0,0,0,17-AUG-2016,
OPTSTK,ONGC,29-Sep-2016,205,CE,0,0,0,21.3,34.9,0,0,0,0,17-AUG-2016,
OPTSTK,ONGC,29-Sep-2016,210,CE,0,0,0,18.2,30.3,0,0,0,0,17-AUG-2016,
OPTSTK,ONGC,29-Sep-2016,215,CE,0,0,0,15.45,25.9,0,0,0,0,17-AUG-2016,
OPTSTK,ONGC,29-Sep-2016,220,CE,18.7,18.7,18.7,18.7,18.7,1,5.96,82500,-2500,17-AUG-2016,
OPTSTK,ONGC,29-Sep-2016,225,CE,0,0,0,10,17.95,0,0,7500,0,17-AUG-2016,
OPTSTK,ONGC,29-Sep-2016,230,CE,12.05,12.7,11.35,12.45,12.45,20,121.03,145000,32500,17-AUG-2016,
OPTSTK,ONGC,29-Sep-2016,235,CE,9.3,9.3,9,9.15,9.15,4,24.41,15000,2500,17-AUG-2016,
OPTSTK,ONGC,29-Sep-2016,240,CE,7.35,7.8,6.75,7.45,7.45,10,61.81,107500,17500,17-AUG-2016,
OPTSTK,ONGC,29-Sep-2016,245,CE,0,0,0,4.75,6.75,0,0,0,0,17-AUG-2016,
OPTSTK,ONGC,29-Sep-2016,250,CE,4.95,4.95,4.5,4.5,4.5,2,12.73,147500,5000,17-AUG-2016,
OPTSTK,ONGC,29-Sep-2016,255,CE,0,0,0,3,3.65,0,0,0,0,17-AUG-2016,
OPTSTK,ONGC,29-Sep-2016,260,CE,0,0,0,3,2.6,0,0,12500,0,17-AUG-2016,
OPTSTK,ONGC,29-Sep-2016,265,CE,0,0,0,1.85,1.8,0,0,0,0,17-AUG-2016,
OPTSTK,ONGC,29-Sep-2016,270,CE,0,0,0,1.5,1.25,0,0,112500,0,17-AUG-2016,
OPTSTK,ONGC,29-Sep-2016,275,CE,0,0,0,2.5,0.8,0,0,0,0,17-AUG-2016,
OPTSTK,ONGC,29-Sep-2016,280,CE,0,0,0,0.85,0.55,0,0,0,0,17-AUG-2016,
OPTSTK,ONGC,29-Sep-2016,285,CE,0,0,0,0.65,0.35,0,0,0,0,17-AUG-2016,
OPTSTK,ONGC,29-Sep-2016,290,CE,0,0,0,0.5,0.25,0,0,0,0,17-AUG-2016,
OPTSTK,ONGC,29-Sep-2016,295,CE,0,0,0,0.35,0.15,0,0,0,0,17-AUG-2016,
OPTSTK,ONGC,29-Sep-2016,300,CE,0,0,0,0.3,0.1,0,0,0,0,17-AUG-2016,
OPTSTK,ONGC,29-Sep-2016,305,CE,0,0,0,0.2,0.05,0,0,0,0,17-AUG-2016,
OPTSTK,ONGC,29-Sep-2016,145,PE,0,0,0,0.05,0,0,0,0,0,17-AUG-2016,
OPTSTK,ONGC,29-Sep-2016,150,PE,0,0,0,0.05,0,0,0,0,0,17-AUG-2016,
OPTSTK,ONGC,29-Sep-2016,155,PE,0,0,0,0.1,0,0,0,0,0,17-AUG-2016,
OPTSTK,ONGC,29-Sep-2016,160,PE,0,0,0,0.2,0,0,0,0,0,17-AUG-2016,
OPTSTK,ONGC,29-Sep-2016,165,PE,0,0,0,0.3,0,0,0,0,0,17-AUG-2016,
OPTSTK,ONGC,29-Sep-2016,170,PE,0,0,0,0.5,0,0,0,0,0,17-AUG-2016,
OPTSTK,ONGC,29-Sep-2016,175,PE,0,0,0,0.8,0,0,0,0,0,17-AUG-2016,
OPTSTK,ONGC,29-Sep-2016,180,PE,0,0,0,1.2,0.05,0,0,0,0,17-AUG-2016,
OPTSTK,ONGC,29-Sep-2016,185,PE,0,0,0,1.8,0.05,0,0,0,0,17-AUG-2016,
OPTSTK,ONGC,29-Sep-2016,190,PE,0,0,0,2.6,0.05,0,0,0,0,17-AUG-2016,
OPTSTK,ONGC,29-Sep-2016,195,PE,0,0,0,3.6,0.15,0,0,0,0,17-AUG-2016,
OPTSTK,ONGC,29-Sep-2016,200,PE,0,0,0,1.3,0.25,0,0,2500,0,17-AUG-2016,
OPTSTK,ONGC,29-Sep-2016,205,PE,0,0,0,6.35,0.45,0,0,0,0,17-AUG-2016,
OPTSTK,ONGC,29-Sep-2016,210,PE,1.4,1.4,1.4,1.4,1.4,10,52.85,25000,17500,17-AUG-2016,
OPTSTK,ONGC,29-Sep-2016,215,PE,2.2,2.2,2.2,2.2,2.2,4,21.72,20000,10000,17-AUG-2016,
OPTSTK,ONGC,29-Sep-2016,220,PE,3.25,3.35,3,3,3,18,100.42,110000,27500,17-AUG-2016,
OPTSTK,ONGC,29-Sep-2016,225,PE,4.2,4.2,3.95,3.95,3.95,4,22.9,57500,2500,17-AUG-2016,
OPTSTK,ONGC,29-Sep-2016,230,PE,6.75,6.75,6,6,6,9,53.17,80000,20000,17-AUG-2016,
OPTSTK,ONGC,29-Sep-2016,235,PE,9,9.5,9,9.5,9.5,3,18.31,12500,5000,17-AUG-2016,
OPTSTK,ONGC,29-Sep-2016,240,PE,11,11,11,11,11,7,43.92,22500,17500,17-AUG-2016,
OPTSTK,ONGC,29-Sep-2016,245,PE,0,0,0,29.15,11.95,0,0,0,0,17-AUG-2016,
OPTSTK,ONGC,29-Sep-2016,250,PE,0,0,0,19,15.2,0,0,5000,0,17-AUG-2016,
OPTSTK,ONGC,29-Sep-2016,255,PE,0,0,0,37.2,18.75,0,0,0,0,17-AUG-2016,
OPTSTK,ONGC,29-Sep-2016,260,PE,0,0,0,29,22.7,0,0,2500,0,17-AUG-2016,
OPTSTK,ONGC,29-Sep-2016,265,PE,0,0,0,45.85,26.85,0,0,0,0,17-AUG-2016,
OPTSTK,ONGC,29-Sep-2016,270,PE,0,0,0,50.35,31.25,0,0,0,0,17-AUG-2016,
OPTSTK,ONGC,29-Sep-2016,275,PE,0,0,0,54.95,35.8,0,0,0,0,17-AUG-2016,
OPTSTK,ONGC,29-Sep-2016,280,PE,0,0,0,59.6,40.45,0,0,0,0,17-AUG-2016,
OPTSTK,ONGC,29-Sep-2016,285,PE,0,0,0,64.3,45.25,0,0,0,0,17-AUG-2016,
OPTSTK,ONGC,29-Sep-2016,290,PE,0,0,0,69.05,50.1,0,0,0,0,17-AUG-2016,
OPTSTK,ONGC,29-Sep-2016,295,PE,0,0,0,73.85,54.95,0,0,0,0,17-AUG-2016,
OPTSTK,ONGC,29-Sep-2016,300,PE,63.1,63.2,62,62,62,4,36.28,10000,10000,17-AUG-2016,
OPTSTK,ONGC,29-Sep-2016,305,PE,0,0,0,83.55,64.8,0,0,0,0,17-AUG-2016,
OPTSTK,ONGC,27-Oct-2016,145,CE,0,0,0,78.9,94.75,0,0,0,0,17-AUG-2016,
OPTSTK,ONGC,27-Oct-2016,150,CE,0,0,0,74.05,89.8,0,0,0,0,17-AUG-2016,
OPTSTK,ONGC,27-Oct-2016,155,CE,0,0,0,69.2,84.9,0,0,0,0,17-AUG-2016,
OPTSTK,ONGC,27-Oct-2016,160,CE,0,0,0,64.4,79.95,0,0,0,0,17-AUG-2016,
OPTSTK,ONGC,27-Oct-2016,165,CE,0,0,0,59.65,75.05,0,0,0,0,17-AUG-2016,
OPTSTK,ONGC,27-Oct-2016,170,CE,0,0,0,54.95,70.1,0,0,0,0,17-AUG-2016,
OPTSTK,ONGC,27-Oct-2016,175,CE,0,0,0,50.4,65.2,0,0,0,0,17-AUG-2016,
OPTSTK,ONGC,27-Oct-2016,180,CE,0,0,0,45.95,60.3,0,0,0,0,17-AUG-2016,
OPTSTK,ONGC,27-Oct-2016,185,CE,0,0,0,41.65,55.4,0,0,0,0,17-AUG-2016,
OPTSTK,ONGC,27-Oct-2016,190,CE,0,0,0,37.55,50.6,0,0,0,0,17-AUG-2016,
OPTSTK,ONGC,27-Oct-2016,195,CE,0,0,0,33.6,45.85,0,0,0,0,17-AUG-2016,
OPTSTK,ONGC,27-Oct-2016,200,CE,0,0,0,29.9,41.2,0,0,0,0,17-AUG-2016,
OPTSTK,ONGC,27-Oct-2016,205,CE,0,0,0,26.45,36.7,0,0,0,0,17-AUG-2016,
OPTSTK,ONGC,27-Oct-2016,210,CE,0,0,0,23.2,32.35,0,0,0,0,17-AUG-2016,
OPTSTK,ONGC,27-Oct-2016,215,CE,0,0,0,20.25,28.25,0,0,0,0,17-AUG-2016,
OPTSTK,ONGC,27-Oct-2016,220,CE,0,0,0,17.55,24.4,0,0,0,0,17-AUG-2016,
OPTSTK,ONGC,27-Oct-2016,225,CE,0,0,0,15.15,20.8,0,0,0,0,17-AUG-2016,
OPTSTK,ONGC,27-Oct-2016,230,CE,0,0,0,12.95,17.55,0,0,0,0,17-AUG-2016,
OPTSTK,ONGC,27-Oct-2016,235,CE,0,0,0,11.05,14.65,0,0,0,0,17-AUG-2016,
OPTSTK,ONGC,27-Oct-2016,240,CE,0,0,0,9.35,12.05,0,0,0,0,17-AUG-2016,
OPTSTK,ONGC,27-Oct-2016,245,CE,0,0,0,7.85,9.8,0,0,0,0,17-AUG-2016,
OPTSTK,ONGC,27-Oct-2016,250,CE,0,0,0,6.6,7.9,0,0,0,0,17-AUG-2016,
OPTSTK,ONGC,27-Oct-2016,255,CE,0,0,0,5.5,6.25,0,0,0,0,17-AUG-2016,
OPTSTK,ONGC,27-Oct-2016,260,CE,0,0,0,4.55,4.9,0,0,0,0,17-AUG-2016,
OPTSTK,ONGC,27-Oct-2016,265,CE,0,0,0,3.75,3.8,0,0,0,0,17-AUG-2016,
OPTSTK,ONGC,27-Oct-2016,270,CE,0,0,0,3.05,2.95,0,0,0,0,17-AUG-2016,
OPTSTK,ONGC,27-Oct-2016,275,CE,0,0,0,2.5,2.2,0,0,0,0,17-AUG-2016,
OPTSTK,ONGC,27-Oct-2016,280,CE,0,0,0,2.05,1.65,0,0,0,0,17-AUG-2016,
OPTSTK,ONGC,27-Oct-2016,285,CE,0,0,0,1.65,1.25,0,0,0,0,17-AUG-2016,
OPTSTK,ONGC,27-Oct-2016,290,CE,0,0,0,1.3,0.9,0,0,0,0,17-AUG-2016,
OPTSTK,ONGC,27-Oct-2016,295,CE,0,0,0,1.05,0.65,0,0,0,0,17-AUG-2016,
OPTSTK,ONGC,27-Oct-2016,300,CE,0,0,0,0.85,0.5,0,0,0,0,17-AUG-2016,
OPTSTK,ONGC,27-Oct-2016,305,CE,0,0,0,0.7,0.35,0,0,0,0,17-AUG-2016,
OPTSTK,ONGC,27-Oct-2016,145,PE,0,0,0,0.05,0,0,0,0,0,17-AUG-2016,
OPTSTK,ONGC,27-Oct-2016,150,PE,0,0,0,0.1,0,0,0,0,0,17-AUG-2016,
OPTSTK,ONGC,27-Oct-2016,155,PE,0,0,0,0.2,0,0,0,0,0,17-AUG-2016,
OPTSTK,ONGC,27-Oct-2016,160,PE,0,0,0,0.3,0,0,0,0,0,17-AUG-2016,
OPTSTK,ONGC,27-Oct-2016,165,PE,0,0,0,0.45,0.05,0,0,0,0,17-AUG-2016,
OPTSTK,ONGC,27-Oct-2016,170,PE,0,0,0,0.7,0.05,0,0,0,0,17-AUG-2016,
OPTSTK,ONGC,27-Oct-2016,175,PE,0,0,0,1.05,0.05,0,0,0,0,17-AUG-2016,
OPTSTK,ONGC,27-Oct-2016,180,PE,0,0,0,1.5,0.1,0,0,0,0,17-AUG-2016,
OPTSTK,ONGC,27-Oct-2016,185,PE,0,0,0,2.1,0.15,0,0,0,0,17-AUG-2016,
OPTSTK,ONGC,27-Oct-2016,190,PE,0,0,0,2.9,0.25,0,0,0,0,17-AUG-2016,
OPTSTK,ONGC,27-Oct-2016,195,PE,0,0,0,3.9,0.45,0,0,0,0,17-AUG-2016,
OPTSTK,ONGC,27-Oct-2016,200,PE,0,0,0,5.1,0.75,0,0,0,0,17-AUG-2016,
OPTSTK,ONGC,27-Oct-2016,205,PE,0,0,0,6.55,1.15,0,0,0,0,17-AUG-2016,
OPTSTK,ONGC,27-Oct-2016,210,PE,0,0,0,8.25,1.75,0,0,0,0,17-AUG-2016,
OPTSTK,ONGC,27-Oct-2016,215,PE,0,0,0,10.2,2.6,0,0,0,0,17-AUG-2016,
OPTSTK,ONGC,27-Oct-2016,220,PE,0,0,0,12.45,3.65,0,0,0,0,17-AUG-2016,
OPTSTK,ONGC,27-Oct-2016,225,PE,0,0,0,14.95,5,0,0,0,0,17-AUG-2016,
OPTSTK,ONGC,27-Oct-2016,230,PE,0,0,0,17.65,6.7,0,0,0,0,17-AUG-2016,
OPTSTK,ONGC,27-Oct-2016,235,PE,0,0,0,20.65,8.7,0,0,0,0,17-AUG-2016,
OPTSTK,ONGC,27-Oct-2016,240,PE,0,0,0,23.85,11.05,0,0,0,0,17-AUG-2016,
OPTSTK,ONGC,27-Oct-2016,245,PE,0,0,0,27.3,13.75,0,0,0,0,17-AUG-2016,
OPTSTK,ONGC,27-Oct-2016,250,PE,0,0,0,30.95,16.75,0,0,0,0,17-AUG-2016,
OPTSTK,ONGC,27-Oct-2016,255,PE,0,0,0,34.75,20.05,0,0,0,0,17-AUG-2016,
OPTSTK,ONGC,27-Oct-2016,260,PE,0,0,0,38.7,23.65,0,0,0,0,17-AUG-2016,
OPTSTK,ONGC,27-Oct-2016,265,PE,0,0,0,42.85,27.5,0,0,0,0,17-AUG-2016,
OPTSTK,ONGC,27-Oct-2016,270,PE,0,0,0,47.05,31.55,0,0,0,0,17-AUG-2016,
OPTSTK,ONGC,27-Oct-2016,275,PE,0,0,0,51.4,35.75,0,0,0,0,17-AUG-2016,
OPTSTK,ONGC,27-Oct-2016,280,PE,0,0,0,55.85,40.15,0,0,0,0,17-AUG-2016,
OPTSTK,ONGC,27-Oct-2016,285,PE,0,0,0,60.4,44.65,0,0,0,0,17-AUG-2016,
OPTSTK,ONGC,27-Oct-2016,290,PE,0,0,0,65,49.25,0,0,0,0,17-AUG-2016,
OPTSTK,ONGC,27-Oct-2016,295,PE,0,0,0,69.65,53.95,0,0,0,0,17-AUG-2016,
OPTSTK,ONGC,27-Oct-2016,300,PE,0,0,0,74.35,58.7,0,0,0,0,17-AUG-2016,
OPTSTK,ONGC,27-Oct-2016,305,PE,0,0,0,79.1,63.5,0,0,0,0,17-AUG-2016,
OPTSTK,ORIENTBANK,25-Aug-2016,45,CE,0,0,0,38.15,71.45,0,0,0,0,17-AUG-2016,
OPTSTK,ORIENTBANK,25-Aug-2016,50,CE,0,0,0,33.3,66.45,0,0,0,0,17-AUG-2016,
OPTSTK,ORIENTBANK,25-Aug-2016,55,CE,0,0,0,28.6,61.45,0,0,0,0,17-AUG-2016,
OPTSTK,ORIENTBANK,25-Aug-2016,60,CE,0,0,0,24.05,56.45,0,0,0,0,17-AUG-2016,
OPTSTK,ORIENTBANK,25-Aug-2016,65,CE,0,0,0,19.85,51.45,0,0,0,0,17-AUG-2016,
OPTSTK,ORIENTBANK,25-Aug-2016,70,CE,0,0,0,16.05,46.45,0,0,0,0,17-AUG-2016,
OPTSTK,ORIENTBANK,25-Aug-2016,75,CE,0,0,0,12.7,41.5,0,0,0,0,17-AUG-2016,
OPTSTK,ORIENTBANK,25-Aug-2016,77.5,CE,0,0,0,31.7,39,0,0,0,0,17-AUG-2016,
OPTSTK,ORIENTBANK,25-Aug-2016,80,CE,0,0,0,9.9,36.5,0,0,0,0,17-AUG-2016,
OPTSTK,ORIENTBANK,25-Aug-2016,82.5,CE,0,0,0,27.05,34,0,0,0,0,17-AUG-2016,
OPTSTK,ORIENTBANK,25-Aug-2016,85,CE,0,0,0,7.55,31.5,0,0,0,0,17-AUG-2016,
OPTSTK,ORIENTBANK,25-Aug-2016,87.5,CE,0,0,0,22.7,29,0,0,0,0,17-AUG-2016,
OPTSTK,ORIENTBANK,25-Aug-2016,90,CE,0,0,0,5.65,26.5,0,0,0,0,17-AUG-2016,
OPTSTK,ORIENTBANK,25-Aug-2016,92.5,CE,0,0,0,18.65,24,0,0,0,0,17-AUG-2016,
OPTSTK,ORIENTBANK,25-Aug-2016,95,CE,0,0,0,4.2,21.5,0,0,0,0,17-AUG-2016,
OPTSTK,ORIENTBANK,25-Aug-2016,97.5,CE,0,0,0,15,19.05,0,0,0,0,17-AUG-2016,
OPTSTK,ORIENTBANK,25-Aug-2016,100,CE,0,0,0,13.5,16.6,0,0,12000,0,17-AUG-2016,
OPTSTK,ORIENTBANK,25-Aug-2016,102.5,CE,0,0,0,11.8,14.15,0,0,0,0,17-AUG-2016,
OPTSTK,ORIENTBANK,25-Aug-2016,105,CE,0,0,0,9.25,11.85,0,0,36000,0,17-AUG-2016,
OPTSTK,ORIENTBANK,25-Aug-2016,107.5,CE,0,0,0,9.15,9.6,0,0,0,0,17-AUG-2016,
OPTSTK,ORIENTBANK,25-Aug-2016,110,CE,6,9.9,6,7.55,7.55,33,234.51,234000,-42000,17-AUG-2016,
OPTSTK,ORIENTBANK,25-Aug-2016,112.5,CE,5.8,5.8,5.8,5.8,5.8,1,7.09,24000,6000,17-AUG-2016,
OPTSTK,ORIENTBANK,25-Aug-2016,115,CE,2.75,5.8,2.75,3.45,3.45,207,1477.79,474000,-180000,17-AUG-2016,
OPTSTK,ORIENTBANK,25-Aug-2016,117.5,CE,2.45,4,2.15,2.55,2.55,41,296.99,84000,42000,17-AUG-2016,
OPTSTK,ORIENTBANK,25-Aug-2016,120,CE,1.2,2.95,1,1.5,1.5,495,3624.66,1362000,144000,17-AUG-2016,
OPTSTK,ORIENTBANK,25-Aug-2016,122.5,CE,1.2,2,0.9,1.05,1.05,18,133.88,108000,24000,17-AUG-2016,
OPTSTK,ORIENTBANK,25-Aug-2016,125,CE,0.45,1.35,0.45,0.65,0.65,100,754.99,768000,108000,17-AUG-2016,
OPTSTK,ORIENTBANK,25-Aug-2016,127.5,CE,0.55,0.8,0.5,0.5,0.5,8,61.51,18000,-6000,17-AUG-2016,
OPTSTK,ORIENTBANK,25-Aug-2016,130,CE,0.35,0.5,0.25,0.25,0.25,63,492.59,822000,192000,17-AUG-2016,
OPTSTK,ORIENTBANK,25-Aug-2016,132.5,CE,0.2,0.2,0.2,0.2,0.2,1,7.96,12000,0,17-AUG-2016,
OPTSTK,ORIENTBANK,25-Aug-2016,135,CE,0.25,0.25,0.25,0.25,0.25,1,8.11,66000,-6000,17-AUG-2016,
OPTSTK,ORIENTBANK,25-Aug-2016,137.5,CE,0.2,0.2,0.2,0.2,0.2,1,8.26,0,-6000,17-AUG-2016,
OPTSTK,ORIENTBANK,25-Aug-2016,140,CE,0.1,0.15,0.1,0.1,0.1,29,243.78,462000,84000,17-AUG-2016,
OPTSTK,ORIENTBANK,25-Aug-2016,142.5,CE,0.15,0.15,0.15,0.15,0.15,1,8.55,6000,-6000,17-AUG-2016,
OPTSTK,ORIENTBANK,25-Aug-2016,145,CE,0.1,0.1,0.1,0.1,0.1,1,8.7,48000,-6000,17-AUG-2016,
OPTSTK,ORIENTBANK,25-Aug-2016,45,PE,0,0,0,0.05,0,0,0,0,0,17-AUG-2016,
OPTSTK,ORIENTBANK,25-Aug-2016,50,PE,0,0,0,0.1,0,0,0,0,0,17-AUG-2016,
OPTSTK,ORIENTBANK,25-Aug-2016,55,PE,0,0,0,0.3,0,0,0,0,0,17-AUG-2016,
OPTSTK,ORIENTBANK,25-Aug-2016,60,PE,0,0,0,0.7,0,0,0,0,0,17-AUG-2016,
OPTSTK,ORIENTBANK,25-Aug-2016,65,PE,0,0,0,1.4,0,0,0,0,0,17-AUG-2016,
OPTSTK,ORIENTBANK,25-Aug-2016,70,PE,0,0,0,2.5,0,0,0,0,0,17-AUG-2016,
OPTSTK,ORIENTBANK,25-Aug-2016,75,PE,0.05,0.05,0.05,0.05,0.05,33,148.59,198000,198000,17-AUG-2016,
OPTSTK,ORIENTBANK,25-Aug-2016,77.5,PE,0.05,0.05,0.05,0.05,0.05,42,195.42,252000,252000,17-AUG-2016,
OPTSTK,ORIENTBANK,25-Aug-2016,80,PE,0.05,0.1,0.05,0.1,0.1,60,288.23,360000,360000,17-AUG-2016,
OPTSTK,ORIENTBANK,25-Aug-2016,82.5,PE,0,0,0,0.6,0,0,0,0,0,17-AUG-2016,
OPTSTK,ORIENTBANK,25-Aug-2016,85,PE,0.05,0.05,0.05,0.05,0.05,8,40.82,48000,48000,17-AUG-2016,
OPTSTK,ORIENTBANK,25-Aug-2016,87.5,PE,0,0,0,2.4,0,0,0,6000,0,17-AUG-2016,
OPTSTK,ORIENTBANK,25-Aug-2016,90,PE,0.1,0.1,0.05,0.05,0.05,20,108.07,120000,120000,17-AUG-2016,
OPTSTK,ORIENTBANK,25-Aug-2016,92.5,PE,0,0,0,2.4,0,0,0,6000,0,17-AUG-2016,
OPTSTK,ORIENTBANK,25-Aug-2016,95,PE,0.1,0.1,0.05,0.1,0.1,11,62.76,72000,54000,17-AUG-2016,
OPTSTK,ORIENTBANK,25-Aug-2016,97.5,PE,0,0,0,0.25,0.05,0,0,12000,0,17-AUG-2016,
OPTSTK,ORIENTBANK,25-Aug-2016,100,PE,0.15,0.2,0.05,0.15,0.15,36,216.24,360000,-66000,17-AUG-2016,
OPTSTK,ORIENTBANK,25-Aug-2016,102.5,PE,0,0,0,5.15,0.15,0,0,0,0,17-AUG-2016,
OPTSTK,ORIENTBANK,25-Aug-2016,105,PE,0.3,0.3,0.15,0.2,0.2,32,202.01,426000,-18000,17-AUG-2016,
OPTSTK,ORIENTBANK,25-Aug-2016,107.5,PE,0,0,0,7.4,0.6,0,0,0,0,17-AUG-2016,
OPTSTK,ORIENTBANK,25-Aug-2016,110,PE,1.25,1.25,0.4,0.5,0.5,130,862.46,426000,6000,17-AUG-2016,
OPTSTK,ORIENTBANK,25-Aug-2016,112.5,PE,0,0,0,3.65,1.75,0,0,12000,0,17-AUG-2016,
OPTSTK,ORIENTBANK,25-Aug-2016,115,PE,3.1,3.1,1.1,1.95,1.95,115,806.08,360000,132000,17-AUG-2016,
OPTSTK,ORIENTBANK,25-Aug-2016,117.5,PE,2.95,3.25,2.3,3.25,3.25,5,36.07,30000,30000,17-AUG-2016,
OPTSTK,ORIENTBANK,25-Aug-2016,120,PE,5.4,5.4,3.35,4.75,4.75,16,119.37,366000,30000,17-AUG-2016,
OPTSTK,ORIENTBANK,25-Aug-2016,122.5,PE,0,0,0,9,7.3,0,0,6000,0,17-AUG-2016,
OPTSTK,ORIENTBANK,25-Aug-2016,125,PE,0,0,0,16,9.3,0,0,12000,0,17-AUG-2016,
OPTSTK,ORIENTBANK,25-Aug-2016,127.5,PE,0,0,0,20.75,11.5,0,0,0,0,17-AUG-2016,
OPTSTK,ORIENTBANK,25-Aug-2016,130,PE,0,0,0,21.1,13.75,0,0,126000,0,17-AUG-2016,
OPTSTK,ORIENTBANK,25-Aug-2016,132.5,PE,0,0,0,24.95,16.15,0,0,0,0,17-AUG-2016,
OPTSTK,ORIENTBANK,25-Aug-2016,135,PE,0,0,0,48.65,18.55,0,0,0,0,17-AUG-2016,
OPTSTK,ORIENTBANK,25-Aug-2016,137.5,PE,0,0,0,29.3,21,0,0,0,0,17-AUG-2016,
OPTSTK,ORIENTBANK,25-Aug-2016,140,PE,0,0,0,24,23.5,0,0,18000,0,17-AUG-2016,
OPTSTK,ORIENTBANK,25-Aug-2016,142.5,PE,0,0,0,33.85,25.95,0,0,0,0,17-AUG-2016,
OPTSTK,ORIENTBANK,25-Aug-2016,145,PE,0,0,0,50.4,28.45,0,0,0,0,17-AUG-2016,
OPTSTK,ORIENTBANK,29-Sep-2016,67.5,CE,0,0,0,41.95,49.4,0,0,0,0,17-AUG-2016,
OPTSTK,ORIENTBANK,29-Sep-2016,70,CE,0,0,0,39.6,46.95,0,0,0,0,17-AUG-2016,
OPTSTK,ORIENTBANK,29-Sep-2016,72.5,CE,0,0,0,37.25,44.45,0,0,0,0,17-AUG-2016,
OPTSTK,ORIENTBANK,29-Sep-2016,75,CE,0,0,0,34.95,42,0,0,0,0,17-AUG-2016,
OPTSTK,ORIENTBANK,29-Sep-2016,77.5,CE,0,0,0,32.7,39.55,0,0,0,0,17-AUG-2016,
OPTSTK,ORIENTBANK,29-Sep-2016,80,CE,0,0,0,30.5,37.1,0,0,0,0,17-AUG-2016,
OPTSTK,ORIENTBANK,29-Sep-2016,82.5,CE,0,0,0,28.4,34.65,0,0,0,0,17-AUG-2016,
OPTSTK,ORIENTBANK,29-Sep-2016,85,CE,0,0,0,26.35,32.25,0,0,0,0,17-AUG-2016,
OPTSTK,ORIENTBANK,29-Sep-2016,87.5,CE,0,0,0,24.35,29.9,0,0,0,0,17-AUG-2016,
OPTSTK,ORIENTBANK,29-Sep-2016,90,CE,0,0,0,22.45,27.55,0,0,0,0,17-AUG-2016,
OPTSTK,ORIENTBANK,29-Sep-2016,92.5,CE,0,0,0,20.65,25.3,0,0,0,0,17-AUG-2016,
OPTSTK,ORIENTBANK,29-Sep-2016,95,CE,0,0,0,18.9,23.1,0,0,0,0,17-AUG-2016,
OPTSTK,ORIENTBANK,29-Sep-2016,97.5,CE,0,0,0,17.3,21,0,0,0,0,17-AUG-2016,
OPTSTK,ORIENTBANK,29-Sep-2016,100,CE,0,0,0,15.75,18.95,0,0,0,0,17-AUG-2016,
OPTSTK,ORIENTBANK,29-Sep-2016,102.5,CE,0,0,0,14.3,17,0,0,0,0,17-AUG-2016,
OPTSTK,ORIENTBANK,29-Sep-2016,105,CE,0,0,0,13,15.2,0,0,0,0,17-AUG-2016,
OPTSTK,ORIENTBANK,29-Sep-2016,107.5,CE,0,0,0,11.75,13.5,0,0,0,0,17-AUG-2016,
OPTSTK,ORIENTBANK,29-Sep-2016,110,CE,10.5,10.5,10.05,10.05,10.05,14,100.97,18000,-6000,17-AUG-2016,
OPTSTK,ORIENTBANK,29-Sep-2016,112.5,CE,0,0,0,9.5,10.45,0,0,0,0,17-AUG-2016,
OPTSTK,ORIENTBANK,29-Sep-2016,115,CE,6.9,7.6,6.8,7.35,7.35,8,58.59,66000,18000,17-AUG-2016,
OPTSTK,ORIENTBANK,29-Sep-2016,117.5,CE,0,0,0,8,7.9,0,0,6000,0,17-AUG-2016,
OPTSTK,ORIENTBANK,29-Sep-2016,120,CE,5.1,6.95,5,5.05,5.05,36,270.39,66000,36000,17-AUG-2016,
OPTSTK,ORIENTBANK,29-Sep-2016,122.5,CE,0,0,0,6.1,5.85,0,0,0,0,17-AUG-2016,
OPTSTK,ORIENTBANK,29-Sep-2016,125,CE,3.5,4.2,3.45,4.2,4.2,5,38.62,6000,6000,17-AUG-2016,
OPTSTK,ORIENTBANK,29-Sep-2016,127.5,CE,0,0,0,4.8,4.25,0,0,0,0,17-AUG-2016,
OPTSTK,ORIENTBANK,29-Sep-2016,130,CE,0,0,0,4.25,3.6,0,0,0,0,17-AUG-2016,
OPTSTK,ORIENTBANK,29-Sep-2016,132.5,CE,0,0,0,3.8,3.05,0,0,0,0,17-AUG-2016,
OPTSTK,ORIENTBANK,29-Sep-2016,135,CE,0,0,0,2.25,2.55,0,0,6000,0,17-AUG-2016,
OPTSTK,ORIENTBANK,29-Sep-2016,137.5,CE,0,0,0,2.95,2.1,0,0,0,0,17-AUG-2016,
OPTSTK,ORIENTBANK,29-Sep-2016,140,CE,0,0,0,2.6,1.75,0,0,0,0,17-AUG-2016,
OPTSTK,ORIENTBANK,29-Sep-2016,142.5,CE,0,0,0,2.3,1.45,0,0,0,0,17-AUG-2016,
OPTSTK,ORIENTBANK,29-Sep-2016,145,CE,0,0,0,2,1.2,0,0,0,0,17-AUG-2016,
OPTSTK,ORIENTBANK,29-Sep-2016,67.5,PE,0,0,0,0.2,0,0,0,0,0,17-AUG-2016,
OPTSTK,ORIENTBANK,29-Sep-2016,70,PE,0,0,0,0.3,0.05,0,0,0,0,17-AUG-2016,
OPTSTK,ORIENTBANK,29-Sep-2016,72.5,PE,0,0,0,0.4,0.05,0,0,0,0,17-AUG-2016,
OPTSTK,ORIENTBANK,29-Sep-2016,75,PE,0,0,0,0.6,0.05,0,0,0,0,17-AUG-2016,
OPTSTK,ORIENTBANK,29-Sep-2016,77.5,PE,0,0,0,0.8,0.05,0,0,0,0,17-AUG-2016,
OPTSTK,ORIENTBANK,29-Sep-2016,80,PE,0,0,0,1.05,0.1,0,0,0,0,17-AUG-2016,
OPTSTK,ORIENTBANK,29-Sep-2016,82.5,PE,0,0,0,1.4,0.15,0,0,0,0,17-AUG-2016,
OPTSTK,ORIENTBANK,29-Sep-2016,85,PE,0,0,0,1.8,0.25,0,0,0,0,17-AUG-2016,
OPTSTK,ORIENTBANK,29-Sep-2016,87.5,PE,0,0,0,2.25,0.35,0,0,0,0,17-AUG-2016,
OPTSTK,ORIENTBANK,29-Sep-2016,90,PE,0,0,0,2.8,0.5,0,0,0,0,17-AUG-2016,
OPTSTK,ORIENTBANK,29-Sep-2016,92.5,PE,0,0,0,3.45,0.7,0,0,0,0,17-AUG-2016,
OPTSTK,ORIENTBANK,29-Sep-2016,95,PE,0,0,0,4.2,1,0,0,0,0,17-AUG-2016,
OPTSTK,ORIENTBANK,29-Sep-2016,97.5,PE,0,0,0,5,1.35,0,0,0,0,17-AUG-2016,
OPTSTK,ORIENTBANK,29-Sep-2016,100,PE,0,0,0,5.95,1.8,0,0,0,0,17-AUG-2016,
OPTSTK,ORIENTBANK,29-Sep-2016,102.5,PE,0,0,0,6.95,2.35,0,0,0,0,17-AUG-2016,
OPTSTK,ORIENTBANK,29-Sep-2016,105,PE,0,0,0,2.95,3,0,0,18000,0,17-AUG-2016,
OPTSTK,ORIENTBANK,29-Sep-2016,107.5,PE,0,0,0,9.3,3.8,0,0,0,0,17-AUG-2016,
OPTSTK,ORIENTBANK,29-Sep-2016,110,PE,3.8,3.8,2.75,3.1,3.1,13,88.28,96000,48000,17-AUG-2016,
OPTSTK,ORIENTBANK,29-Sep-2016,112.5,PE,0,0,0,11.95,5.7,0,0,0,0,17-AUG-2016,
OPTSTK,ORIENTBANK,29-Sep-2016,115,PE,5.65,5.65,5,5.35,5.35,10,72.26,54000,54000,17-AUG-2016,
OPTSTK,ORIENTBANK,29-Sep-2016,117.5,PE,0,0,0,15,8.1,0,0,0,0,17-AUG-2016,
OPTSTK,ORIENTBANK,29-Sep-2016,120,PE,6.9,7.5,6.6,7.5,7.5,5,38.07,18000,18000,17-AUG-2016,
OPTSTK,ORIENTBANK,29-Sep-2016,122.5,PE,0,0,0,18.35,11.05,0,0,0,0,17-AUG-2016,
OPTSTK,ORIENTBANK,29-Sep-2016,125,PE,0,0,0,20.15,12.65,0,0,0,0,17-AUG-2016,
OPTSTK,ORIENTBANK,29-Sep-2016,127.5,PE,0,0,0,22,14.35,0,0,0,0,17-AUG-2016,
OPTSTK,ORIENTBANK,29-Sep-2016,130,PE,0,0,0,23.9,16.2,0,0,0,0,17-AUG-2016,
OPTSTK,ORIENTBANK,29-Sep-2016,132.5,PE,0,0,0,25.9,18.1,0,0,0,0,17-AUG-2016,
OPTSTK,ORIENTBANK,29-Sep-2016,135,PE,0,0,0,27.9,20.1,0,0,0,0,17-AUG-2016,
OPTSTK,ORIENTBANK,29-Sep-2016,137.5,PE,0,0,0,29.95,22.15,0,0,0,0,17-AUG-2016,
OPTSTK,ORIENTBANK,29-Sep-2016,140,PE,0,0,0,32.05,24.25,0,0,0,0,17-AUG-2016,
OPTSTK,ORIENTBANK,29-Sep-2016,142.5,PE,0,0,0,34.2,26.45,0,0,0,0,17-AUG-2016,
OPTSTK,ORIENTBANK,29-Sep-2016,145,PE,0,0,0,36.4,28.65,0,0,0,0,17-AUG-2016,
OPTSTK,ORIENTBANK,27-Oct-2016,77.5,CE,0,0,0,42.15,40.15,0,0,0,0,17-AUG-2016,
OPTSTK,ORIENTBANK,27-Oct-2016,80,CE,0,0,0,39.85,37.8,0,0,0,0,17-AUG-2016,
OPTSTK,ORIENTBANK,27-Oct-2016,82.5,CE,0,0,0,37.55,35.45,0,0,0,0,17-AUG-2016,
OPTSTK,ORIENTBANK,27-Oct-2016,85,CE,0,0,0,35.35,33.2,0,0,0,0,17-AUG-2016,
OPTSTK,ORIENTBANK,27-Oct-2016,87.5,CE,0,0,0,33.2,30.95,0,0,0,0,17-AUG-2016,
OPTSTK,ORIENTBANK,27-Oct-2016,90,CE,0,0,0,31.05,28.8,0,0,0,0,17-AUG-2016,
OPTSTK,ORIENTBANK,27-Oct-2016,92.5,CE,0,0,0,29,26.7,0,0,0,0,17-AUG-2016,
OPTSTK,ORIENTBANK,27-Oct-2016,95,CE,0,0,0,27.05,24.65,0,0,0,0,17-AUG-2016,
OPTSTK,ORIENTBANK,27-Oct-2016,97.5,CE,0,0,0,25.15,22.7,0,0,0,0,17-AUG-2016,
OPTSTK,ORIENTBANK,27-Oct-2016,100,CE,0,0,0,23.3,20.85,0,0,0,0,17-AUG-2016,
OPTSTK,ORIENTBANK,27-Oct-2016,102.5,CE,0,0,0,21.6,19.05,0,0,0,0,17-AUG-2016,
OPTSTK,ORIENTBANK,27-Oct-2016,105,CE,0,0,0,19.9,17.4,0,0,0,0,17-AUG-2016,
OPTSTK,ORIENTBANK,27-Oct-2016,107.5,CE,0,0,0,18.35,15.8,0,0,0,0,17-AUG-2016,
OPTSTK,ORIENTBANK,27-Oct-2016,110,CE,0,0,0,16.85,14.35,0,0,0,0,17-AUG-2016,
OPTSTK,ORIENTBANK,27-Oct-2016,112.5,CE,0,0,0,15.45,12.95,0,0,0,0,17-AUG-2016,
OPTSTK,ORIENTBANK,27-Oct-2016,115,CE,0,0,0,14.15,11.65,0,0,0,0,17-AUG-2016,
OPTSTK,ORIENTBANK,27-Oct-2016,117.5,CE,0,0,0,12.9,10.45,0,0,0,0,17-AUG-2016,
OPTSTK,ORIENTBANK,27-Oct-2016,120,CE,0,0,0,11.75,9.4,0,0,0,0,17-AUG-2016,
OPTSTK,ORIENTBANK,27-Oct-2016,122.5,CE,0,0,0,10.7,8.4,0,0,0,0,17-AUG-2016,
OPTSTK,ORIENTBANK,27-Oct-2016,125,CE,0,0,0,9.7,7.45,0,0,0,0,17-AUG-2016,
OPTSTK,ORIENTBANK,27-Oct-2016,127.5,CE,0,0,0,8.8,6.65,0,0,0,0,17-AUG-2016,
OPTSTK,ORIENTBANK,27-Oct-2016,130,CE,0,0,0,7.95,5.85,0,0,0,0,17-AUG-2016,
OPTSTK,ORIENTBANK,27-Oct-2016,132.5,CE,0,0,0,7.2,5.2,0,0,0,0,17-AUG-2016,
OPTSTK,ORIENTBANK,27-Oct-2016,135,CE,0,0,0,6.5,4.6,0,0,0,0,17-AUG-2016,
OPTSTK,ORIENTBANK,27-Oct-2016,137.5,CE,0,0,0,5.85,4.05,0,0,0,0,17-AUG-2016,
OPTSTK,ORIENTBANK,27-Oct-2016,140,CE,0,0,0,5.25,3.55,0,0,0,0,17-AUG-2016,
OPTSTK,ORIENTBANK,27-Oct-2016,142.5,CE,0,0,0,4.7,3.1,0,0,0,0,17-AUG-2016,
OPTSTK,ORIENTBANK,27-Oct-2016,145,CE,0,0,0,4.25,2.7,0,0,0,0,17-AUG-2016,
OPTSTK,ORIENTBANK,27-Oct-2016,77.5,PE,0,0,0,0.4,0.25,0,0,0,0,17-AUG-2016,
OPTSTK,ORIENTBANK,27-Oct-2016,80,PE,0,0,0,0.55,0.35,0,0,0,0,17-AUG-2016,
OPTSTK,ORIENTBANK,27-Oct-2016,82.5,PE,0,0,0,0.75,0.5,0,0,0,0,17-AUG-2016,
OPTSTK,ORIENTBANK,27-Oct-2016,85,PE,0,0,0,1,0.7,0,0,0,0,17-AUG-2016,
OPTSTK,ORIENTBANK,27-Oct-2016,87.5,PE,0,0,0,1.25,0.95,0,0,0,0,17-AUG-2016,
OPTSTK,ORIENTBANK,27-Oct-2016,90,PE,0,0,0,1.6,1.25,0,0,0,0,17-AUG-2016,
OPTSTK,ORIENTBANK,27-Oct-2016,92.5,PE,0,0,0,2.05,1.6,0,0,0,0,17-AUG-2016,
OPTSTK,ORIENTBANK,27-Oct-2016,95,PE,0,0,0,2.5,2.05,0,0,0,0,17-AUG-2016,
OPTSTK,ORIENTBANK,27-Oct-2016,97.5,PE,0,0,0,3.05,2.55,0,0,0,0,17-AUG-2016,
OPTSTK,ORIENTBANK,27-Oct-2016,100,PE,0,0,0,3.7,3.15,0,0,0,0,17-AUG-2016,
OPTSTK,ORIENTBANK,27-Oct-2016,102.5,PE,0,0,0,4.4,3.85,0,0,0,0,17-AUG-2016,
OPTSTK,ORIENTBANK,27-Oct-2016,105,PE,0,0,0,5.2,4.65,0,0,0,0,17-AUG-2016,
OPTSTK,ORIENTBANK,27-Oct-2016,107.5,PE,0,0,0,6.1,5.55,0,0,0,0,17-AUG-2016,
OPTSTK,ORIENTBANK,27-Oct-2016,110,PE,0,0,0,7.05,6.5,0,0,0,0,17-AUG-2016,
OPTSTK,ORIENTBANK,27-Oct-2016,112.5,PE,0,0,0,8.15,7.6,0,0,0,0,17-AUG-2016,
OPTSTK,ORIENTBANK,27-Oct-2016,115,PE,0,0,0,9.25,8.8,0,0,0,0,17-AUG-2016,
OPTSTK,ORIENTBANK,27-Oct-2016,117.5,PE,0,0,0,10.5,10.05,0,0,0,0,17-AUG-2016,
OPTSTK,ORIENTBANK,27-Oct-2016,120,PE,0,0,0,11.8,11.45,0,0,0,0,17-AUG-2016,
OPTSTK,ORIENTBANK,27-Oct-2016,122.5,PE,0,0,0,13.2,12.9,0,0,0,0,17-AUG-2016,
OPTSTK,ORIENTBANK,27-Oct-2016,125,PE,0,0,0,14.65,14.45,0,0,0,0,17-AUG-2016,
OPTSTK,ORIENTBANK,27-Oct-2016,127.5,PE,0,0,0,16.2,16.1,0,0,0,0,17-AUG-2016,
OPTSTK,ORIENTBANK,27-Oct-2016,130,PE,0,0,0,17.85,17.8,0,0,0,0,17-AUG-2016,
OPTSTK,ORIENTBANK,27-Oct-2016,132.5,PE,0,0,0,19.5,19.55,0,0,0,0,17-AUG-2016,
OPTSTK,ORIENTBANK,27-Oct-2016,135,PE,0,0,0,21.25,21.45,0,0,0,0,17-AUG-2016,
OPTSTK,ORIENTBANK,27-Oct-2016,137.5,PE,0,0,0,23.1,23.35,0,0,0,0,17-AUG-2016,
OPTSTK,ORIENTBANK,27-Oct-2016,140,PE,0,0,0,24.95,25.35,0,0,0,0,17-AUG-2016,
OPTSTK,ORIENTBANK,27-Oct-2016,142.5,PE,0,0,0,26.85,27.35,0,0,0,0,17-AUG-2016,
OPTSTK,ORIENTBANK,27-Oct-2016,145,PE,0,0,0,28.85,29.45,0,0,0,0,17-AUG-2016,
OPTSTK,PAGEIND,25-Aug-2016,12300,CE,0,0,0,1668.15,2051.7,0,0,0,0,17-AUG-2016,
OPTSTK,PAGEIND,25-Aug-2016,12350,CE,0,0,0,1635.35,2002.05,0,0,0,0,17-AUG-2016,
OPTSTK,PAGEIND,25-Aug-2016,12400,CE,0,0,0,1602.9,1952.45,0,0,0,0,17-AUG-2016,
OPTSTK,PAGEIND,25-Aug-2016,12450,CE,0,0,0,1570.9,1902.9,0,0,0,0,17-AUG-2016,
OPTSTK,PAGEIND,25-Aug-2016,12500,CE,0,0,0,1539.25,1853.45,0,0,0,0,17-AUG-2016,
OPTSTK,PAGEIND,25-Aug-2016,12550,CE,0,0,0,1508.05,1804.1,0,0,0,0,17-AUG-2016,
OPTSTK,PAGEIND,25-Aug-2016,12600,CE,0,0,0,1477.25,1754.85,0,0,0,0,17-AUG-2016,
OPTSTK,PAGEIND,25-Aug-2016,12650,CE,0,0,0,1446.85,1705.7,0,0,0,0,17-AUG-2016,
OPTSTK,PAGEIND,25-Aug-2016,12700,CE,0,0,0,1416.85,1656.75,0,0,0,0,17-AUG-2016,
OPTSTK,PAGEIND,25-Aug-2016,12750,CE,0,0,0,1387.25,1607.9,0,0,0,0,17-AUG-2016,
OPTSTK,PAGEIND,25-Aug-2016,12800,CE,0,0,0,1358.05,1559.3,0,0,0,0,17-AUG-2016,
OPTSTK,PAGEIND,25-Aug-2016,12850,CE,0,0,0,1329.3,1510.85,0,0,0,0,17-AUG-2016,
OPTSTK,PAGEIND,25-Aug-2016,12900,CE,0,0,0,1300.95,1462.7,0,0,0,0,17-AUG-2016,
OPTSTK,PAGEIND,25-Aug-2016,12950,CE,0,0,0,1273,1414.8,0,0,0,0,17-AUG-2016,
OPTSTK,PAGEIND,25-Aug-2016,13000,CE,0,0,0,1245.45,1367.15,0,0,0,0,17-AUG-2016,
OPTSTK,PAGEIND,25-Aug-2016,13050,CE,0,0,0,1218.35,1319.9,0,0,0,0,17-AUG-2016,
OPTSTK,PAGEIND,25-Aug-2016,13100,CE,0,0,0,1191.6,1273,0,0,0,0,17-AUG-2016,
OPTSTK,PAGEIND,25-Aug-2016,13150,CE,0,0,0,1165.3,1226.5,0,0,0,0,17-AUG-2016,
OPTSTK,PAGEIND,25-Aug-2016,13200,CE,0,0,0,1139.4,1180.45,0,0,0,0,17-AUG-2016,
OPTSTK,PAGEIND,25-Aug-2016,13250,CE,0,0,0,1113.95,1134.85,0,0,0,0,17-AUG-2016,
OPTSTK,PAGEIND,25-Aug-2016,13300,CE,0,0,0,1088.85,1089.8,0,0,0,0,17-AUG-2016,
OPTSTK,PAGEIND,25-Aug-2016,13350,CE,0,0,0,1064.1,1045.35,0,0,0,0,17-AUG-2016,
OPTSTK,PAGEIND,25-Aug-2016,13400,CE,0,0,0,1039.85,1001.5,0,0,0,0,17-AUG-2016,
OPTSTK,PAGEIND,25-Aug-2016,13450,CE,0,0,0,1016,958.3,0,0,0,0,17-AUG-2016,
OPTSTK,PAGEIND,25-Aug-2016,13500,CE,0,0,0,992.5,915.8,0,0,0,0,17-AUG-2016,
OPTSTK,PAGEIND,25-Aug-2016,13550,CE,0,0,0,969.45,874.05,0,0,0,0,17-AUG-2016,
OPTSTK,PAGEIND,25-Aug-2016,13600,CE,0,0,0,946.75,833.1,0,0,0,0,17-AUG-2016,
OPTSTK,PAGEIND,25-Aug-2016,13650,CE,0,0,0,924.5,793,0,0,0,0,17-AUG-2016,
OPTSTK,PAGEIND,25-Aug-2016,13700,CE,0,0,0,902.6,753.75,0,0,0,0,17-AUG-2016,
OPTSTK,PAGEIND,25-Aug-2016,13750,CE,0,0,0,881.1,715.45,0,0,0,0,17-AUG-2016,
OPTSTK,PAGEIND,25-Aug-2016,13800,CE,0,0,0,860,678.6,0,0,0,0,17-AUG-2016,
OPTSTK,PAGEIND,25-Aug-2016,13850,CE,0,0,0,839.25,641.6,0,0,0,0,17-AUG-2016,
OPTSTK,PAGEIND,25-Aug-2016,13900,CE,0,0,0,818.9,606.3,0,0,0,0,17-AUG-2016,
OPTSTK,PAGEIND,25-Aug-2016,13950,CE,0,0,0,798.95,572,0,0,0,0,17-AUG-2016,
OPTSTK,PAGEIND,25-Aug-2016,14000,CE,0,0,0,779.35,538.85,0,0,0,0,17-AUG-2016,
OPTSTK,PAGEIND,25-Aug-2016,14050,CE,0,0,0,760.15,506.8,0,0,0,0,17-AUG-2016,
OPTSTK,PAGEIND,25-Aug-2016,14100,CE,0,0,0,741.3,475.9,0,0,0,0,17-AUG-2016,
OPTSTK,PAGEIND,25-Aug-2016,14150,CE,0,0,0,722.8,446.15,0,0,0,0,17-AUG-2016,
OPTSTK,PAGEIND,25-Aug-2016,14200,CE,0,0,0,704.65,417.55,0,0,0,0,17-AUG-2016,
OPTSTK,PAGEIND,25-Aug-2016,14250,CE,0,0,0,686.9,390.15,0,0,0,0,17-AUG-2016,
OPTSTK,PAGEIND,25-Aug-2016,14300,CE,0,0,0,669.5,363.95,0,0,0,0,17-AUG-2016,
OPTSTK,PAGEIND,25-Aug-2016,14350,CE,0,0,0,679.9,338.8,0,0,0,0,17-AUG-2016,
OPTSTK,PAGEIND,25-Aug-2016,14400,CE,0,0,0,662.25,314.95,0,0,0,0,17-AUG-2016,
OPTSTK,PAGEIND,25-Aug-2016,14450,CE,0,0,0,644.9,292.25,0,0,0,0,17-AUG-2016,
OPTSTK,PAGEIND,25-Aug-2016,14500,CE,0,0,0,972.4,270.7,0,0,0,0,17-AUG-2016,
OPTSTK,PAGEIND,25-Aug-2016,14550,CE,0,0,0,951.5,250.3,0,0,0,0,17-AUG-2016,
OPTSTK,PAGEIND,25-Aug-2016,14600,CE,0,0,0,930.95,231,0,0,0,0,17-AUG-2016,
OPTSTK,PAGEIND,25-Aug-2016,14650,CE,0,0,0,910.75,212.8,0,0,0,0,17-AUG-2016,
OPTSTK,PAGEIND,25-Aug-2016,14700,CE,0,0,0,890.9,195.7,0,0,0,0,17-AUG-2016,
OPTSTK,PAGEIND,25-Aug-2016,14750,CE,0,0,0,871.35,179.65,0,0,0,0,17-AUG-2016,
OPTSTK,PAGEIND,25-Aug-2016,14800,CE,0,0,0,852.15,164.6,0,0,0,0,17-AUG-2016,
OPTSTK,PAGEIND,25-Aug-2016,14850,CE,0,0,0,833.3,150.5,0,0,0,0,17-AUG-2016,
OPTSTK,PAGEIND,25-Aug-2016,14900,CE,0,0,0,814.75,138,0,0,0,0,17-AUG-2016,
OPTSTK,PAGEIND,25-Aug-2016,14950,CE,0,0,0,796.55,125.9,0,0,0,0,17-AUG-2016,
OPTSTK,PAGEIND,25-Aug-2016,15000,CE,0,0,0,778.65,114,0,0,0,0,17-AUG-2016,
OPTSTK,PAGEIND,25-Aug-2016,15050,CE,0,0,0,936.9,103.5,0,0,0,0,17-AUG-2016,
OPTSTK,PAGEIND,25-Aug-2016,15100,CE,0,0,0,917.6,93.8,0,0,0,0,17-AUG-2016,
OPTSTK,PAGEIND,25-Aug-2016,15150,CE,0,0,0,898.65,84.85,0,0,0,0,17-AUG-2016,
OPTSTK,PAGEIND,25-Aug-2016,15200,CE,0,0,0,879.95,76.6,0,0,0,0,17-AUG-2016,
OPTSTK,PAGEIND,25-Aug-2016,15250,CE,0,0,0,861.6,69,0,0,0,0,17-AUG-2016,
OPTSTK,PAGEIND,25-Aug-2016,15300,CE,0,0,0,843.5,62.05,0,0,0,0,17-AUG-2016,
OPTSTK,PAGEIND,25-Aug-2016,15350,CE,0,0,0,181.75,55.7,0,0,0,0,17-AUG-2016,
OPTSTK,PAGEIND,25-Aug-2016,15400,CE,0,0,0,407,49.9,0,0,0,0,17-AUG-2016,
OPTSTK,PAGEIND,25-Aug-2016,15450,CE,0,0,0,388.65,44.65,0,0,0,0,17-AUG-2016,
OPTSTK,PAGEIND,25-Aug-2016,12300,PE,0,0,0,428.7,1.1,0,0,0,0,17-AUG-2016,
OPTSTK,PAGEIND,25-Aug-2016,12350,PE,0,0,0,445,1.35,0,0,0,0,17-AUG-2016,
OPTSTK,PAGEIND,25-Aug-2016,12400,PE,0,0,0,461.65,1.7,0,0,0,0,17-AUG-2016,
OPTSTK,PAGEIND,25-Aug-2016,12450,PE,0,0,0,478.75,2.1,0,0,0,0,17-AUG-2016,
OPTSTK,PAGEIND,25-Aug-2016,12500,PE,0,0,0,496.2,2.55,0,0,0,0,17-AUG-2016,
OPTSTK,PAGEIND,25-Aug-2016,12550,PE,0,0,0,514.1,3.1,0,0,0,0,17-AUG-2016,
OPTSTK,PAGEIND,25-Aug-2016,12600,PE,0,0,0,532.4,3.8,0,0,0,0,17-AUG-2016,
OPTSTK,PAGEIND,25-Aug-2016,12650,PE,0,0,0,551.1,4.6,0,0,0,0,17-AUG-2016,
OPTSTK,PAGEIND,25-Aug-2016,12700,PE,0,0,0,570.2,5.55,0,0,0,0,17-AUG-2016,
OPTSTK,PAGEIND,25-Aug-2016,12750,PE,0,0,0,589.75,6.65,0,0,0,0,17-AUG-2016,
OPTSTK,PAGEIND,25-Aug-2016,12800,PE,0,0,0,609.65,7.95,0,0,0,0,17-AUG-2016,
OPTSTK,PAGEIND,25-Aug-2016,12850,PE,0,0,0,630,9.45,0,0,0,0,17-AUG-2016,
OPTSTK,PAGEIND,25-Aug-2016,12900,PE,0,0,0,650.75,11.2,0,0,0,0,17-AUG-2016,
OPTSTK,PAGEIND,25-Aug-2016,12950,PE,0,0,0,671.9,13.2,0,0,0,0,17-AUG-2016,
OPTSTK,PAGEIND,25-Aug-2016,13000,PE,0,0,0,693.5,15.5,0,0,0,0,17-AUG-2016,
OPTSTK,PAGEIND,25-Aug-2016,13050,PE,0,0,0,715.5,18.15,0,0,0,0,17-AUG-2016,
OPTSTK,PAGEIND,25-Aug-2016,13100,PE,0,0,0,737.85,21.2,0,0,0,0,17-AUG-2016,
OPTSTK,PAGEIND,25-Aug-2016,13150,PE,0,0,0,760.7,24.6,0,0,0,0,17-AUG-2016,
OPTSTK,PAGEIND,25-Aug-2016,13200,PE,0,0,0,783.9,28.5,0,0,0,0,17-AUG-2016,
OPTSTK,PAGEIND,25-Aug-2016,13250,PE,0,0,0,807.5,32.85,0,0,0,0,17-AUG-2016,
OPTSTK,PAGEIND,25-Aug-2016,13300,PE,0,0,0,831.55,37.75,0,0,0,0,17-AUG-2016,
OPTSTK,PAGEIND,25-Aug-2016,13350,PE,0,0,0,855.9,43.2,0,0,0,0,17-AUG-2016,
OPTSTK,PAGEIND,25-Aug-2016,13400,PE,0,0,0,880.75,49.25,0,0,0,0,17-AUG-2016,
OPTSTK,PAGEIND,25-Aug-2016,13450,PE,0,0,0,906,56,0,0,0,0,17-AUG-2016,
OPTSTK,PAGEIND,25-Aug-2016,13500,PE,0,0,0,931.65,63.4,0,0,0,0,17-AUG-2016,
OPTSTK,PAGEIND,25-Aug-2016,13550,PE,0,0,0,957.65,71.6,0,0,0,0,17-AUG-2016,
OPTSTK,PAGEIND,25-Aug-2016,13600,PE,0,0,0,984.1,80.55,0,0,0,0,17-AUG-2016,
OPTSTK,PAGEIND,25-Aug-2016,13650,PE,0,0,0,1010.95,90.4,0,0,0,0,17-AUG-2016,
OPTSTK,PAGEIND,25-Aug-2016,13700,PE,0,0,0,1038.15,101.05,0,0,0,0,17-AUG-2016,
OPTSTK,PAGEIND,25-Aug-2016,13750,PE,0,0,0,1065.75,112.65,0,0,0,0,17-AUG-2016,
OPTSTK,PAGEIND,25-Aug-2016,13800,PE,0,0,0,1093.75,125.75,0,0,0,0,17-AUG-2016,
OPTSTK,PAGEIND,25-Aug-2016,13850,PE,0,0,0,1122.15,138.65,0,0,0,0,17-AUG-2016,
OPTSTK,PAGEIND,25-Aug-2016,13900,PE,0,0,0,1150.9,153.3,0,0,0,0,17-AUG-2016,
OPTSTK,PAGEIND,25-Aug-2016,13950,PE,0,0,0,1180.05,168.95,0,0,0,0,17-AUG-2016,
OPTSTK,PAGEIND,25-Aug-2016,14000,PE,0,0,0,1209.55,185.7,0,0,0,0,17-AUG-2016,
OPTSTK,PAGEIND,25-Aug-2016,14050,PE,0,0,0,1239.45,203.6,0,0,0,0,17-AUG-2016,
OPTSTK,PAGEIND,25-Aug-2016,14100,PE,0,0,0,1269.7,222.6,0,0,0,0,17-AUG-2016,
OPTSTK,PAGEIND,25-Aug-2016,14150,PE,0,0,0,1300.3,242.8,0,0,0,0,17-AUG-2016,
OPTSTK,PAGEIND,25-Aug-2016,14200,PE,0,0,0,1331.3,264.15,0,0,0,0,17-AUG-2016,
OPTSTK,PAGEIND,25-Aug-2016,14250,PE,0,0,0,1362.65,286.65,0,0,0,0,17-AUG-2016,
OPTSTK,PAGEIND,25-Aug-2016,14300,PE,0,0,0,1394.35,310.35,0,0,0,0,17-AUG-2016,
OPTSTK,PAGEIND,25-Aug-2016,14350,PE,0,0,0,1309,335.15,0,0,0,0,17-AUG-2016,
OPTSTK,PAGEIND,25-Aug-2016,14400,PE,0,0,0,1340.45,361.2,0,0,0,0,17-AUG-2016,
OPTSTK,PAGEIND,25-Aug-2016,14450,PE,0,0,0,1372.25,388.45,0,0,0,0,17-AUG-2016,
OPTSTK,PAGEIND,25-Aug-2016,14500,PE,0,0,0,1200.15,416.8,0,0,0,0,17-AUG-2016,
OPTSTK,PAGEIND,25-Aug-2016,14550,PE,0,0,0,1228.4,446.3,0,0,0,0,17-AUG-2016,
OPTSTK,PAGEIND,25-Aug-2016,14600,PE,0,0,0,1257,476.95,0,0,0,0,17-AUG-2016,
OPTSTK,PAGEIND,25-Aug-2016,14650,PE,0,0,0,1285.95,508.7,0,0,0,0,17-AUG-2016,
OPTSTK,PAGEIND,25-Aug-2016,14700,PE,0,0,0,1315.25,541.5,0,0,0,0,17-AUG-2016,
OPTSTK,PAGEIND,25-Aug-2016,14750,PE,0,0,0,1344.85,575.35,0,0,0,0,17-AUG-2016,
OPTSTK,PAGEIND,25-Aug-2016,14800,PE,0,0,0,1374.8,610.25,0,0,0,0,17-AUG-2016,
OPTSTK,PAGEIND,25-Aug-2016,14850,PE,0,0,0,1405.05,646.1,0,0,0,0,17-AUG-2016,
OPTSTK,PAGEIND,25-Aug-2016,14900,PE,0,0,0,1435.7,683.5,0,0,0,0,17-AUG-2016,
OPTSTK,PAGEIND,25-Aug-2016,14950,PE,0,0,0,1466.6,721.35,0,0,0,0,17-AUG-2016,
OPTSTK,PAGEIND,25-Aug-2016,15000,PE,0,0,0,1497.85,759.35,0,0,0,0,17-AUG-2016,
OPTSTK,PAGEIND,25-Aug-2016,15050,PE,0,0,0,1416.35,798.8,0,0,0,0,17-AUG-2016,
OPTSTK,PAGEIND,25-Aug-2016,15100,PE,0,0,0,1446.25,839,0,0,0,0,17-AUG-2016,
OPTSTK,PAGEIND,25-Aug-2016,15150,PE,0,0,0,1476.4,880,0,0,0,0,17-AUG-2016,
OPTSTK,PAGEIND,25-Aug-2016,15200,PE,0,0,0,1506.9,921.65,0,0,0,0,17-AUG-2016,
OPTSTK,PAGEIND,25-Aug-2016,15250,PE,0,0,0,1537.7,964,0,0,0,0,17-AUG-2016,
OPTSTK,PAGEIND,25-Aug-2016,15300,PE,0,0,0,1568.8,1007,0,0,0,0,17-AUG-2016,
OPTSTK,PAGEIND,25-Aug-2016,15350,PE,0,0,0,1117.85,1050.55,0,0,0,0,17-AUG-2016,
OPTSTK,PAGEIND,25-Aug-2016,15400,PE,0,0,0,804.65,1094.7,0,0,0,0,17-AUG-2016,
OPTSTK,PAGEIND,25-Aug-2016,15450,PE,0,0,0,836.1,1139.35,0,0,0,0,17-AUG-2016,
OPTSTK,PAGEIND,29-Sep-2016,12700,CE,0,0,0,1286.35,1905.2,0,0,0,0,17-AUG-2016,
OPTSTK,PAGEIND,29-Sep-2016,12750,CE,0,0,0,1250.9,1865.25,0,0,0,0,17-AUG-2016,
OPTSTK,PAGEIND,29-Sep-2016,12800,CE,0,0,0,1403.15,1825.7,0,0,0,0,17-AUG-2016,
OPTSTK,PAGEIND,29-Sep-2016,12850,CE,0,0,0,1367,1786.55,0,0,0,0,17-AUG-2016,
OPTSTK,PAGEIND,29-Sep-2016,12900,CE,0,0,0,1330.8,1747.8,0,0,0,0,17-AUG-2016,
OPTSTK,PAGEIND,29-Sep-2016,12950,CE,0,0,0,1295.1,1709.5,0,0,0,0,17-AUG-2016,
OPTSTK,PAGEIND,29-Sep-2016,13000,CE,0,0,0,1500.55,1671.6,0,0,0,0,17-AUG-2016,
OPTSTK,PAGEIND,29-Sep-2016,13050,CE,0,0,0,1464.55,1634.15,0,0,0,0,17-AUG-2016,
OPTSTK,PAGEIND,29-Sep-2016,13100,CE,0,0,0,1428.95,1597.6,0,0,0,0,17-AUG-2016,
OPTSTK,PAGEIND,29-Sep-2016,13150,CE,0,0,0,1393.85,1561,0,0,0,0,17-AUG-2016,
OPTSTK,PAGEIND,29-Sep-2016,13200,CE,0,0,0,1358.7,1524.8,0,0,0,0,17-AUG-2016,
OPTSTK,PAGEIND,29-Sep-2016,13250,CE,0,0,0,1324.65,1489.1,0,0,0,0,17-AUG-2016,
OPTSTK,PAGEIND,29-Sep-2016,13300,CE,0,0,0,1291.05,1453.85,0,0,0,0,17-AUG-2016,
OPTSTK,PAGEIND,29-Sep-2016,13350,CE,0,0,0,1258,1418.55,0,0,0,0,17-AUG-2016,
OPTSTK,PAGEIND,29-Sep-2016,13400,CE,0,0,0,1225.45,1384.3,0,0,0,0,17-AUG-2016,
OPTSTK,PAGEIND,29-Sep-2016,13450,CE,0,0,0,1193.35,1350.55,0,0,0,0,17-AUG-2016,
OPTSTK,PAGEIND,29-Sep-2016,13500,CE,0,0,0,1161.8,1317.25,0,0,0,0,17-AUG-2016,
OPTSTK,PAGEIND,29-Sep-2016,13550,CE,0,0,0,1130.8,1284.5,0,0,0,0,17-AUG-2016,
OPTSTK,PAGEIND,29-Sep-2016,13600,CE,0,0,0,1100.25,1252.2,0,0,0,0,17-AUG-2016,
OPTSTK,PAGEIND,29-Sep-2016,13650,CE,0,0,0,1070.25,1220.4,0,0,0,0,17-AUG-2016,
OPTSTK,PAGEIND,29-Sep-2016,13700,CE,0,0,0,1040.8,1189.1,0,0,0,0,17-AUG-2016,
OPTSTK,PAGEIND,29-Sep-2016,13750,CE,0,0,0,1011.85,1158.3,0,0,0,0,17-AUG-2016,
OPTSTK,PAGEIND,29-Sep-2016,13800,CE,0,0,0,983.4,1128,0,0,0,0,17-AUG-2016,
OPTSTK,PAGEIND,29-Sep-2016,13850,CE,0,0,0,955.5,1098.25,0,0,0,0,17-AUG-2016,
OPTSTK,PAGEIND,29-Sep-2016,13900,CE,0,0,0,928.1,1068.95,0,0,0,0,17-AUG-2016,
OPTSTK,PAGEIND,29-Sep-2016,13950,CE,0,0,0,901.25,1040.2,0,0,0,0,17-AUG-2016,
OPTSTK,PAGEIND,29-Sep-2016,14000,CE,0,0,0,874.95,1011.95,0,0,0,0,17-AUG-2016,
OPTSTK,PAGEIND,29-Sep-2016,14050,CE,0,0,0,849.15,984.2,0,0,0,0,17-AUG-2016,
OPTSTK,PAGEIND,29-Sep-2016,14100,CE,0,0,0,823.85,956.95,0,0,0,0,17-AUG-2016,
OPTSTK,PAGEIND,29-Sep-2016,14150,CE,0,0,0,799.05,930.25,0,0,0,0,17-AUG-2016,
OPTSTK,PAGEIND,29-Sep-2016,14200,CE,0,0,0,774.8,904,0,0,0,0,17-AUG-2016,
OPTSTK,PAGEIND,29-Sep-2016,14250,CE,0,0,0,751.1,878.3,0,0,0,0,17-AUG-2016,
OPTSTK,PAGEIND,29-Sep-2016,14300,CE,0,0,0,727.9,853.1,0,0,0,0,17-AUG-2016,
OPTSTK,PAGEIND,29-Sep-2016,14350,CE,0,0,0,705.2,828.35,0,0,0,0,17-AUG-2016,
OPTSTK,PAGEIND,29-Sep-2016,14400,CE,0,0,0,683.05,804.15,0,0,0,0,17-AUG-2016,
OPTSTK,PAGEIND,29-Sep-2016,14450,CE,0,0,0,661.4,780.45,0,0,0,0,17-AUG-2016,
OPTSTK,PAGEIND,29-Sep-2016,14500,CE,0,0,0,640.2,757.3,0,0,0,0,17-AUG-2016,
OPTSTK,PAGEIND,29-Sep-2016,14550,CE,0,0,0,619.55,734.6,0,0,0,0,17-AUG-2016,
OPTSTK,PAGEIND,29-Sep-2016,14600,CE,0,0,0,599.4,712.4,0,0,0,0,17-AUG-2016,
OPTSTK,PAGEIND,29-Sep-2016,14650,CE,0,0,0,579.7,690.7,0,0,0,0,17-AUG-2016,
OPTSTK,PAGEIND,29-Sep-2016,14700,CE,0,0,0,560.55,669.45,0,0,0,0,17-AUG-2016,
OPTSTK,PAGEIND,29-Sep-2016,14750,CE,0,0,0,541.8,648.7,0,0,0,0,17-AUG-2016,
OPTSTK,PAGEIND,29-Sep-2016,14800,CE,0,0,0,523.6,628.45,0,0,0,0,17-AUG-2016,
OPTSTK,PAGEIND,29-Sep-2016,14850,CE,0,0,0,505.8,608.7,0,0,0,0,17-AUG-2016,
OPTSTK,PAGEIND,29-Sep-2016,14900,CE,0,0,0,488.55,589.35,0,0,0,0,17-AUG-2016,
OPTSTK,PAGEIND,29-Sep-2016,14950,CE,0,0,0,471.7,570.5,0,0,0,0,17-AUG-2016,
OPTSTK,PAGEIND,29-Sep-2016,15000,CE,0,0,0,455.3,552.15,0,0,0,0,17-AUG-2016,
OPTSTK,PAGEIND,29-Sep-2016,15050,CE,0,0,0,420.2,534.2,0,0,0,0,17-AUG-2016,
OPTSTK,PAGEIND,29-Sep-2016,15100,CE,0,0,0,538.65,516.7,0,0,0,0,17-AUG-2016,
OPTSTK,PAGEIND,29-Sep-2016,15150,CE,0,0,0,521.1,499.7,0,0,0,0,17-AUG-2016,
OPTSTK,PAGEIND,29-Sep-2016,15200,CE,0,0,0,504.05,483.1,0,0,0,0,17-AUG-2016,
OPTSTK,PAGEIND,29-Sep-2016,15250,CE,0,0,0,487.4,466.9,0,0,0,0,17-AUG-2016,
OPTSTK,PAGEIND,29-Sep-2016,15300,CE,0,0,0,471.2,451.15,0,0,0,0,17-AUG-2016,
OPTSTK,PAGEIND,29-Sep-2016,15350,CE,0,0,0,455.4,435.85,0,0,0,0,17-AUG-2016,
OPTSTK,PAGEIND,29-Sep-2016,15400,CE,0,0,0,772.85,420.95,0,0,0,0,17-AUG-2016,
OPTSTK,PAGEIND,29-Sep-2016,15450,CE,0,0,0,752.35,406.45,0,0,0,0,17-AUG-2016,
OPTSTK,PAGEIND,29-Sep-2016,12700,PE,0,0,0,263.15,170.2,0,0,0,0,17-AUG-2016,
OPTSTK,PAGEIND,29-Sep-2016,12750,PE,0,0,0,276.9,179.85,0,0,0,0,17-AUG-2016,
OPTSTK,PAGEIND,29-Sep-2016,12800,PE,0,0,0,216.6,189.85,0,0,0,0,17-AUG-2016,
OPTSTK,PAGEIND,29-Sep-2016,12850,PE,0,0,0,229.6,200.3,0,0,0,0,17-AUG-2016,
OPTSTK,PAGEIND,29-Sep-2016,12900,PE,0,0,0,242.55,211.2,0,0,0,0,17-AUG-2016,
OPTSTK,PAGEIND,29-Sep-2016,12950,PE,0,0,0,256.05,222.45,0,0,0,0,17-AUG-2016,
OPTSTK,PAGEIND,29-Sep-2016,13000,PE,0,0,0,253.85,234.15,0,0,0,0,17-AUG-2016,
OPTSTK,PAGEIND,29-Sep-2016,13050,PE,0,0,0,266.9,246.3,0,0,0,0,17-AUG-2016,
OPTSTK,PAGEIND,29-Sep-2016,13100,PE,0,0,0,280.45,259.35,0,0,0,0,17-AUG-2016,
OPTSTK,PAGEIND,29-Sep-2016,13150,PE,0,0,0,294.5,272.35,0,0,0,0,17-AUG-2016,
OPTSTK,PAGEIND,29-Sep-2016,13200,PE,0,0,0,308.45,285.75,0,0,0,0,17-AUG-2016,
OPTSTK,PAGEIND,29-Sep-2016,13250,PE,0,0,0,323.5,299.65,0,0,0,0,17-AUG-2016,
OPTSTK,PAGEIND,29-Sep-2016,13300,PE,0,0,0,339.05,314,0,0,0,0,17-AUG-2016,
OPTSTK,PAGEIND,29-Sep-2016,13350,PE,0,0,0,355.1,328.25,0,0,0,0,17-AUG-2016,
OPTSTK,PAGEIND,29-Sep-2016,13400,PE,0,0,0,371.65,343.6,0,0,0,0,17-AUG-2016,
OPTSTK,PAGEIND,29-Sep-2016,13450,PE,0,0,0,388.7,359.45,0,0,0,0,17-AUG-2016,
OPTSTK,PAGEIND,29-Sep-2016,13500,PE,0,0,0,406.25,375.8,0,0,0,0,17-AUG-2016,
OPTSTK,PAGEIND,29-Sep-2016,13550,PE,0,0,0,424.35,392.6,0,0,0,0,17-AUG-2016,
OPTSTK,PAGEIND,29-Sep-2016,13600,PE,0,0,0,442.95,409.9,0,0,0,0,17-AUG-2016,
OPTSTK,PAGEIND,29-Sep-2016,13650,PE,0,0,0,462.05,427.7,0,0,0,0,17-AUG-2016,
OPTSTK,PAGEIND,29-Sep-2016,13700,PE,0,0,0,481.7,446,0,0,0,0,17-AUG-2016,
OPTSTK,PAGEIND,29-Sep-2016,13750,PE,0,0,0,501.85,464.8,0,0,0,0,17-AUG-2016,
OPTSTK,PAGEIND,29-Sep-2016,13800,PE,0,0,0,522.55,484.1,0,0,0,0,17-AUG-2016,
OPTSTK,PAGEIND,29-Sep-2016,13850,PE,0,0,0,543.75,503.9,0,0,0,0,17-AUG-2016,
OPTSTK,PAGEIND,29-Sep-2016,13900,PE,0,0,0,565.5,524.25,0,0,0,0,17-AUG-2016,
OPTSTK,PAGEIND,29-Sep-2016,13950,PE,0,0,0,587.75,545.05,0,0,0,0,17-AUG-2016,
OPTSTK,PAGEIND,29-Sep-2016,14000,PE,0,0,0,610.55,566.4,0,0,0,0,17-AUG-2016,
OPTSTK,PAGEIND,29-Sep-2016,14050,PE,0,0,0,633.85,588.25,0,0,0,0,17-AUG-2016,
OPTSTK,PAGEIND,29-Sep-2016,14100,PE,0,0,0,657.7,610.6,0,0,0,0,17-AUG-2016,
OPTSTK,PAGEIND,29-Sep-2016,14150,PE,0,0,0,682,633.45,0,0,0,0,17-AUG-2016,
OPTSTK,PAGEIND,29-Sep-2016,14200,PE,0,0,0,706.9,656.85,0,0,0,0,17-AUG-2016,
OPTSTK,PAGEIND,29-Sep-2016,14250,PE,0,0,0,732.3,680.75,0,0,0,0,17-AUG-2016,
OPTSTK,PAGEIND,29-Sep-2016,14300,PE,0,0,0,758.2,705.15,0,0,0,0,17-AUG-2016,
OPTSTK,PAGEIND,29-Sep-2016,14350,PE,0,0,0,784.65,729.95,0,0,0,0,17-AUG-2016,
OPTSTK,PAGEIND,29-Sep-2016,14400,PE,0,0,0,811.55,755.4,0,0,0,0,17-AUG-2016,
OPTSTK,PAGEIND,29-Sep-2016,14450,PE,0,0,0,839,781.3,0,0,0,0,17-AUG-2016,
OPTSTK,PAGEIND,29-Sep-2016,14500,PE,0,0,0,867,807.7,0,0,0,0,17-AUG-2016,
OPTSTK,PAGEIND,29-Sep-2016,14550,PE,0,0,0,895.45,834.6,0,0,0,0,17-AUG-2016,
OPTSTK,PAGEIND,29-Sep-2016,14600,PE,0,0,0,924.4,862,0,0,0,0,17-AUG-2016,
OPTSTK,PAGEIND,29-Sep-2016,14650,PE,0,0,0,953.85,889.9,0,0,0,0,17-AUG-2016,
OPTSTK,PAGEIND,29-Sep-2016,14700,PE,0,0,0,983.75,918.25,0,0,0,0,17-AUG-2016,
OPTSTK,PAGEIND,29-Sep-2016,14750,PE,0,0,0,1014.15,947.1,0,0,0,0,17-AUG-2016,
OPTSTK,PAGEIND,29-Sep-2016,14800,PE,0,0,0,1045.05,976.45,0,0,0,0,17-AUG-2016,
OPTSTK,PAGEIND,29-Sep-2016,14850,PE,0,0,0,1076.4,1006.25,0,0,0,0,17-AUG-2016,
OPTSTK,PAGEIND,29-Sep-2016,14900,PE,0,0,0,1108.2,1036.55,0,0,0,0,17-AUG-2016,
OPTSTK,PAGEIND,29-Sep-2016,14950,PE,0,0,0,1140.5,1067.3,0,0,0,0,17-AUG-2016,
OPTSTK,PAGEIND,29-Sep-2016,15000,PE,0,0,0,1173.25,1098.5,0,0,0,0,17-AUG-2016,
OPTSTK,PAGEIND,29-Sep-2016,15050,PE,0,0,0,1153.9,1130.15,0,0,0,0,17-AUG-2016,
OPTSTK,PAGEIND,29-Sep-2016,15100,PE,0,0,0,1124.9,1162.25,0,0,0,0,17-AUG-2016,
OPTSTK,PAGEIND,29-Sep-2016,15150,PE,0,0,0,1156.8,1194.85,0,0,0,0,17-AUG-2016,
OPTSTK,PAGEIND,29-Sep-2016,15200,PE,0,0,0,1189.15,1227.8,0,0,0,0,17-AUG-2016,
OPTSTK,PAGEIND,29-Sep-2016,15250,PE,0,0,0,1221.95,1261.25,0,0,0,0,17-AUG-2016,
OPTSTK,PAGEIND,29-Sep-2016,15300,PE,0,0,0,1255.2,1295.1,0,0,0,0,17-AUG-2016,
OPTSTK,PAGEIND,29-Sep-2016,15350,PE,0,0,0,1288.85,1329.4,0,0,0,0,17-AUG-2016,
OPTSTK,PAGEIND,29-Sep-2016,15400,PE,0,0,0,1067.65,1364.05,0,0,0,0,17-AUG-2016,
OPTSTK,PAGEIND,29-Sep-2016,15450,PE,0,0,0,1096.6,1399.15,0,0,0,0,17-AUG-2016,
OPTSTK,PAGEIND,27-Oct-2016,12700,CE,0,0,0,1282.65,2102.2,0,0,0,0,17-AUG-2016,
OPTSTK,PAGEIND,27-Oct-2016,12750,CE,0,0,0,1246.25,2065.85,0,0,0,0,17-AUG-2016,
OPTSTK,PAGEIND,27-Oct-2016,12800,CE,0,0,0,1209.9,2029.3,0,0,0,0,17-AUG-2016,
OPTSTK,PAGEIND,27-Oct-2016,12850,CE,0,0,0,1174.05,1993.1,0,0,0,0,17-AUG-2016,
OPTSTK,PAGEIND,27-Oct-2016,12900,CE,0,0,0,1138.8,1957.25,0,0,0,0,17-AUG-2016,
OPTSTK,PAGEIND,27-Oct-2016,12950,CE,0,0,0,1103.65,1921.8,0,0,0,0,17-AUG-2016,
OPTSTK,PAGEIND,27-Oct-2016,13000,CE,0,0,0,1069.65,1886.65,0,0,0,0,17-AUG-2016,
OPTSTK,PAGEIND,27-Oct-2016,13050,CE,0,0,0,1036.25,1851.95,0,0,0,0,17-AUG-2016,
OPTSTK,PAGEIND,27-Oct-2016,13100,CE,0,0,0,1003.45,1817.6,0,0,0,0,17-AUG-2016,
OPTSTK,PAGEIND,27-Oct-2016,13150,CE,0,0,0,971.25,1783.05,0,0,0,0,17-AUG-2016,
OPTSTK,PAGEIND,27-Oct-2016,13200,CE,0,0,0,939.7,1749.5,0,0,0,0,17-AUG-2016,
OPTSTK,PAGEIND,27-Oct-2016,13250,CE,0,0,0,908.75,1716.3,0,0,0,0,17-AUG-2016,
OPTSTK,PAGEIND,27-Oct-2016,13300,CE,0,0,0,878.4,1683.55,0,0,0,0,17-AUG-2016,
OPTSTK,PAGEIND,27-Oct-2016,13350,CE,0,0,0,848.75,1651.15,0,0,0,0,17-AUG-2016,
OPTSTK,PAGEIND,27-Oct-2016,13400,CE,0,0,0,819.7,1619.15,0,0,0,0,17-AUG-2016,
OPTSTK,PAGEIND,27-Oct-2016,13450,CE,0,0,0,791.3,1587.5,0,0,0,0,17-AUG-2016,
OPTSTK,PAGEIND,27-Oct-2016,13500,CE,0,0,0,763.55,1556.3,0,0,0,0,17-AUG-2016,
OPTSTK,PAGEIND,27-Oct-2016,13550,CE,0,0,0,736.4,1525.45,0,0,0,0,17-AUG-2016,
OPTSTK,PAGEIND,27-Oct-2016,13600,CE,0,0,0,709.95,1495,0,0,0,0,17-AUG-2016,
OPTSTK,PAGEIND,27-Oct-2016,13650,CE,0,0,0,684.1,1464.95,0,0,0,0,17-AUG-2016,
OPTSTK,PAGEIND,27-Oct-2016,13700,CE,0,0,0,658.9,1435.3,0,0,0,0,17-AUG-2016,
OPTSTK,PAGEIND,27-Oct-2016,13750,CE,0,0,0,634.3,1406.05,0,0,0,0,17-AUG-2016,
OPTSTK,PAGEIND,27-Oct-2016,13800,CE,0,0,0,610.35,1377.2,0,0,0,0,17-AUG-2016,
OPTSTK,PAGEIND,27-Oct-2016,13850,CE,0,0,0,587.1,1348.75,0,0,0,0,17-AUG-2016,
OPTSTK,PAGEIND,27-Oct-2016,13900,CE,0,0,0,564.4,1320.7,0,0,0,0,17-AUG-2016,
OPTSTK,PAGEIND,27-Oct-2016,13950,CE,0,0,0,542.4,1293.05,0,0,0,0,17-AUG-2016,
OPTSTK,PAGEIND,27-Oct-2016,14000,CE,0,0,0,521,1265.75,0,0,0,0,17-AUG-2016,
OPTSTK,PAGEIND,27-Oct-2016,14050,CE,0,0,0,500.2,1238.9,0,0,0,0,17-AUG-2016,
OPTSTK,PAGEIND,27-Oct-2016,14100,CE,0,0,0,480,1212.45,0,0,0,0,17-AUG-2016,
OPTSTK,PAGEIND,27-Oct-2016,14150,CE,0,0,0,460.4,1186.35,0,0,0,0,17-AUG-2016,
OPTSTK,PAGEIND,27-Oct-2016,14200,CE,0,0,0,441.45,1160.7,0,0,0,0,17-AUG-2016,
OPTSTK,PAGEIND,27-Oct-2016,14250,CE,0,0,0,423.05,1135.4,0,0,0,0,17-AUG-2016,
OPTSTK,PAGEIND,27-Oct-2016,14300,CE,0,0,0,405.25,1110.5,0,0,0,0,17-AUG-2016,
OPTSTK,PAGEIND,27-Oct-2016,14350,CE,0,0,0,388,1085.95,0,0,0,0,17-AUG-2016,
OPTSTK,PAGEIND,27-Oct-2016,14400,CE,0,0,0,371.3,1061.85,0,0,0,0,17-AUG-2016,
OPTSTK,PAGEIND,27-Oct-2016,14450,CE,0,0,0,355.2,1038.15,0,0,0,0,17-AUG-2016,
OPTSTK,PAGEIND,27-Oct-2016,14500,CE,0,0,0,339.6,1014.8,0,0,0,0,17-AUG-2016,
OPTSTK,PAGEIND,27-Oct-2016,14550,CE,0,0,0,324.55,991.85,0,0,0,0,17-AUG-2016,
OPTSTK,PAGEIND,27-Oct-2016,14600,CE,0,0,0,939.45,969.3,0,0,0,0,17-AUG-2016,
OPTSTK,PAGEIND,27-Oct-2016,14650,CE,0,0,0,916.8,947.1,0,0,0,0,17-AUG-2016,
OPTSTK,PAGEIND,27-Oct-2016,14700,CE,0,0,0,894.55,925.3,0,0,0,0,17-AUG-2016,
OPTSTK,PAGEIND,27-Oct-2016,14750,CE,0,0,0,872.75,903.85,0,0,0,0,17-AUG-2016,
OPTSTK,PAGEIND,27-Oct-2016,14800,CE,0,0,0,851.3,882.8,0,0,0,0,17-AUG-2016,
OPTSTK,PAGEIND,27-Oct-2016,14850,CE,0,0,0,830.25,862.15,0,0,0,0,17-AUG-2016,
OPTSTK,PAGEIND,27-Oct-2016,14900,CE,0,0,0,809.6,841.8,0,0,0,0,17-AUG-2016,
OPTSTK,PAGEIND,27-Oct-2016,14950,CE,0,0,0,789.35,821.85,0,0,0,0,17-AUG-2016,
OPTSTK,PAGEIND,27-Oct-2016,15000,CE,0,0,0,769.45,802.3,0,0,0,0,17-AUG-2016,
OPTSTK,PAGEIND,27-Oct-2016,15050,CE,0,0,0,749.95,783.05,0,0,0,0,17-AUG-2016,
OPTSTK,PAGEIND,27-Oct-2016,15100,CE,0,0,0,730.85,764.2,0,0,0,0,17-AUG-2016,
OPTSTK,PAGEIND,27-Oct-2016,15150,CE,0,0,0,712.1,745.7,0,0,0,0,17-AUG-2016,
OPTSTK,PAGEIND,27-Oct-2016,15200,CE,0,0,0,693.75,727.5,0,0,0,0,17-AUG-2016,
OPTSTK,PAGEIND,27-Oct-2016,15250,CE,0,0,0,675.75,709.7,0,0,0,0,17-AUG-2016,
OPTSTK,PAGEIND,27-Oct-2016,15300,CE,0,0,0,658.1,692.25,0,0,0,0,17-AUG-2016,
OPTSTK,PAGEIND,27-Oct-2016,15350,CE,0,0,0,640.85,675.1,0,0,0,0,17-AUG-2016,
OPTSTK,PAGEIND,27-Oct-2016,15400,CE,0,0,0,1001.15,658.3,0,0,0,0,17-AUG-2016,
OPTSTK,PAGEIND,27-Oct-2016,15450,CE,0,0,0,980.05,641.85,0,0,0,0,17-AUG-2016,
OPTSTK,PAGEIND,27-Oct-2016,12700,PE,0,0,0,191.55,300.7,0,0,0,0,17-AUG-2016,
OPTSTK,PAGEIND,27-Oct-2016,12750,PE,0,0,0,204.3,313.65,0,0,0,0,17-AUG-2016,
OPTSTK,PAGEIND,27-Oct-2016,12800,PE,0,0,0,217.05,326.45,0,0,0,0,17-AUG-2016,
OPTSTK,PAGEIND,27-Oct-2016,12850,PE,0,0,0,230.35,339.55,0,0,0,0,17-AUG-2016,
OPTSTK,PAGEIND,27-Oct-2016,12900,PE,0,0,0,244.25,353.05,0,0,0,0,17-AUG-2016,
OPTSTK,PAGEIND,27-Oct-2016,12950,PE,0,0,0,258.25,366.9,0,0,0,0,17-AUG-2016,
OPTSTK,PAGEIND,27-Oct-2016,13000,PE,0,0,0,273.35,381.15,0,0,0,0,17-AUG-2016,
OPTSTK,PAGEIND,27-Oct-2016,13050,PE,0,0,0,289.1,395.75,0,0,0,0,17-AUG-2016,
OPTSTK,PAGEIND,27-Oct-2016,13100,PE,0,0,0,305.45,410.75,0,0,0,0,17-AUG-2016,
OPTSTK,PAGEIND,27-Oct-2016,13150,PE,0,0,0,322.4,425.5,0,0,0,0,17-AUG-2016,
OPTSTK,PAGEIND,27-Oct-2016,13200,PE,0,0,0,340,441.3,0,0,0,0,17-AUG-2016,
OPTSTK,PAGEIND,27-Oct-2016,13250,PE,0,0,0,358.2,457.45,0,0,0,0,17-AUG-2016,
OPTSTK,PAGEIND,27-Oct-2016,13300,PE,0,0,0,377,474,0,0,0,0,17-AUG-2016,
OPTSTK,PAGEIND,27-Oct-2016,13350,PE,0,0,0,396.45,490.95,0,0,0,0,17-AUG-2016,
OPTSTK,PAGEIND,27-Oct-2016,13400,PE,0,0,0,416.55,508.3,0,0,0,0,17-AUG-2016,
OPTSTK,PAGEIND,27-Oct-2016,13450,PE,0,0,0,437.3,526,0,0,0,0,17-AUG-2016,
OPTSTK,PAGEIND,27-Oct-2016,13500,PE,0,0,0,458.7,544.1,0,0,0,0,17-AUG-2016,
OPTSTK,PAGEIND,27-Oct-2016,13550,PE,0,0,0,480.7,562.6,0,0,0,0,17-AUG-2016,
OPTSTK,PAGEIND,27-Oct-2016,13600,PE,0,0,0,503.35,581.5,0,0,0,0,17-AUG-2016,
OPTSTK,PAGEIND,27-Oct-2016,13650,PE,0,0,0,526.65,600.8,0,0,0,0,17-AUG-2016,
OPTSTK,PAGEIND,27-Oct-2016,13700,PE,0,0,0,550.6,620.45,0,0,0,0,17-AUG-2016,
OPTSTK,PAGEIND,27-Oct-2016,13750,PE,0,0,0,575.15,640.55,0,0,0,0,17-AUG-2016,
OPTSTK,PAGEIND,27-Oct-2016,13800,PE,0,0,0,600.35,661.05,0,0,0,0,17-AUG-2016,
OPTSTK,PAGEIND,27-Oct-2016,13850,PE,0,0,0,626.2,681.9,0,0,0,0,17-AUG-2016,
OPTSTK,PAGEIND,27-Oct-2016,13900,PE,0,0,0,652.7,703.2,0,0,0,0,17-AUG-2016,
OPTSTK,PAGEIND,27-Oct-2016,13950,PE,0,0,0,679.8,724.85,0,0,0,0,17-AUG-2016,
OPTSTK,PAGEIND,27-Oct-2016,14000,PE,0,0,0,707.55,746.9,0,0,0,0,17-AUG-2016,
OPTSTK,PAGEIND,27-Oct-2016,14050,PE,0,0,0,735.9,769.4,0,0,0,0,17-AUG-2016,
OPTSTK,PAGEIND,27-Oct-2016,14100,PE,0,0,0,764.85,792.25,0,0,0,0,17-AUG-2016,
OPTSTK,PAGEIND,27-Oct-2016,14150,PE,0,0,0,794.4,815.5,0,0,0,0,17-AUG-2016,
OPTSTK,PAGEIND,27-Oct-2016,14200,PE,0,0,0,824.55,839.15,0,0,0,0,17-AUG-2016,
OPTSTK,PAGEIND,27-Oct-2016,14250,PE,0,0,0,855.3,863.2,0,0,0,0,17-AUG-2016,
OPTSTK,PAGEIND,27-Oct-2016,14300,PE,0,0,0,886.65,887.65,0,0,0,0,17-AUG-2016,
OPTSTK,PAGEIND,27-Oct-2016,14350,PE,0,0,0,918.55,912.45,0,0,0,0,17-AUG-2016,
OPTSTK,PAGEIND,27-Oct-2016,14400,PE,0,0,0,951,937.65,0,0,0,0,17-AUG-2016,
OPTSTK,PAGEIND,27-Oct-2016,14450,PE,0,0,0,984,963.3,0,0,0,0,17-AUG-2016,
OPTSTK,PAGEIND,27-Oct-2016,14500,PE,0,0,0,1017.6,989.3,0,0,0,0,17-AUG-2016,
OPTSTK,PAGEIND,27-Oct-2016,14550,PE,0,0,0,1051.7,1015.65,0,0,0,0,17-AUG-2016,
OPTSTK,PAGEIND,27-Oct-2016,14600,PE,0,0,0,954.65,1042.45,0,0,0,0,17-AUG-2016,
OPTSTK,PAGEIND,27-Oct-2016,14650,PE,0,0,0,981.15,1069.6,0,0,0,0,17-AUG-2016,
OPTSTK,PAGEIND,27-Oct-2016,14700,PE,0,0,0,1008.1,1097.1,0,0,0,0,17-AUG-2016,
OPTSTK,PAGEIND,27-Oct-2016,14750,PE,0,0,0,1035.45,1125,0,0,0,0,17-AUG-2016,
OPTSTK,PAGEIND,27-Oct-2016,14800,PE,0,0,0,1063.15,1153.3,0,0,0,0,17-AUG-2016,
OPTSTK,PAGEIND,27-Oct-2016,14850,PE,0,0,0,1091.3,1181.95,0,0,0,0,17-AUG-2016,
OPTSTK,PAGEIND,27-Oct-2016,14900,PE,0,0,0,1119.8,1210.95,0,0,0,0,17-AUG-2016,
OPTSTK,PAGEIND,27-Oct-2016,14950,PE,0,0,0,1148.7,1240.35,0,0,0,0,17-AUG-2016,
OPTSTK,PAGEIND,27-Oct-2016,15000,PE,0,0,0,1178,1270.1,0,0,0,0,17-AUG-2016,
OPTSTK,PAGEIND,27-Oct-2016,15050,PE,0,0,0,1207.7,1300.2,0,0,0,0,17-AUG-2016,
OPTSTK,PAGEIND,27-Oct-2016,15100,PE,0,0,0,1237.75,1330.7,0,0,0,0,17-AUG-2016,
OPTSTK,PAGEIND,27-Oct-2016,15150,PE,0,0,0,1268.15,1361.5,0,0,0,0,17-AUG-2016,
OPTSTK,PAGEIND,27-Oct-2016,15200,PE,0,0,0,1298.95,1392.65,0,0,0,0,17-AUG-2016,
OPTSTK,PAGEIND,27-Oct-2016,15250,PE,0,0,0,1330.15,1424.2,0,0,0,0,17-AUG-2016,
OPTSTK,PAGEIND,27-Oct-2016,15300,PE,0,0,0,1361.65,1456.05,0,0,0,0,17-AUG-2016,
OPTSTK,PAGEIND,27-Oct-2016,15350,PE,0,0,0,1393.55,1488.25,0,0,0,0,17-AUG-2016,
OPTSTK,PAGEIND,27-Oct-2016,15400,PE,0,0,0,1215,1520.8,0,0,0,0,17-AUG-2016,
OPTSTK,PAGEIND,27-Oct-2016,15450,PE,0,0,0,1243.05,1553.65,0,0,0,0,17-AUG-2016,
OPTSTK,PCJEWELLER,25-Aug-2016,240,CE,0,0,0,134.1,189.4,0,0,0,0,17-AUG-2016,
OPTSTK,PCJEWELLER,25-Aug-2016,260,CE,0,0,0,114.7,169.4,0,0,0,0,17-AUG-2016,
OPTSTK,PCJEWELLER,25-Aug-2016,270,CE,0,0,0,118.45,159.4,0,0,0,0,17-AUG-2016,
OPTSTK,PCJEWELLER,25-Aug-2016,280,CE,0,0,0,95.7,149.45,0,0,0,0,17-AUG-2016,
OPTSTK,PCJEWELLER,25-Aug-2016,290,CE,0,0,0,98.7,139.45,0,0,0,0,17-AUG-2016,
OPTSTK,PCJEWELLER,25-Aug-2016,300,CE,0,0,0,77.6,129.45,0,0,0,0,17-AUG-2016,
OPTSTK,PCJEWELLER,25-Aug-2016,310,CE,0,0,0,79.1,119.5,0,0,0,0,17-AUG-2016,
OPTSTK,PCJEWELLER,25-Aug-2016,320,CE,0,0,0,60.9,109.5,0,0,0,0,17-AUG-2016,
OPTSTK,PCJEWELLER,25-Aug-2016,330,CE,0,0,0,60.1,99.5,0,0,0,0,17-AUG-2016,
OPTSTK,PCJEWELLER,25-Aug-2016,340,CE,0,0,0,46.15,89.55,0,0,0,0,17-AUG-2016,
OPTSTK,PCJEWELLER,25-Aug-2016,350,CE,0,0,0,42.6,79.55,0,0,0,0,17-AUG-2016,
OPTSTK,PCJEWELLER,25-Aug-2016,360,CE,0,0,0,33.75,69.6,0,0,0,0,17-AUG-2016,
OPTSTK,PCJEWELLER,25-Aug-2016,370,CE,0,0,0,27.7,59.65,0,0,0,0,17-AUG-2016,
OPTSTK,PCJEWELLER,25-Aug-2016,380,CE,0,0,0,23.8,49.85,0,0,0,0,17-AUG-2016,
OPTSTK,PCJEWELLER,25-Aug-2016,390,CE,0,0,0,16.4,40.3,0,0,0,0,17-AUG-2016,
OPTSTK,PCJEWELLER,25-Aug-2016,400,CE,0,0,0,28.4,31.25,0,0,3000,0,17-AUG-2016,
OPTSTK,PCJEWELLER,25-Aug-2016,410,CE,0,0,0,24.9,23.1,0,0,7500,0,17-AUG-2016,
OPTSTK,PCJEWELLER,25-Aug-2016,420,CE,14.7,14.7,14.7,14.7,14.7,1,6.52,16500,0,17-AUG-2016,
OPTSTK,PCJEWELLER,25-Aug-2016,430,CE,6.85,11.7,6.85,11.25,11.25,10,66.11,15000,-9000,17-AUG-2016,
OPTSTK,PCJEWELLER,25-Aug-2016,440,CE,6.7,6.9,6.7,6.9,6.9,3,20.1,12000,0,17-AUG-2016,
OPTSTK,PCJEWELLER,25-Aug-2016,450,CE,0,0,0,13.7,3.7,0,0,1500,0,17-AUG-2016,
OPTSTK,PCJEWELLER,25-Aug-2016,460,CE,0,0,0,1.3,1.95,0,0,3000,0,17-AUG-2016,
OPTSTK,PCJEWELLER,25-Aug-2016,470,CE,0,0,0,0.75,0.95,0,0,0,0,17-AUG-2016,
OPTSTK,PCJEWELLER,25-Aug-2016,480,CE,0,0,0,2.6,0.45,0,0,0,0,17-AUG-2016,
OPTSTK,PCJEWELLER,25-Aug-2016,490,CE,0,0,0,0.3,0.2,0,0,0,0,17-AUG-2016,
OPTSTK,PCJEWELLER,25-Aug-2016,500,CE,0,0,0,1.55,0.1,0,0,0,0,17-AUG-2016,
OPTSTK,PCJEWELLER,25-Aug-2016,510,CE,0,0,0,0.1,0.05,0,0,0,0,17-AUG-2016,
OPTSTK,PCJEWELLER,25-Aug-2016,240,PE,0,0,0,0.1,0,0,0,0,0,17-AUG-2016,
OPTSTK,PCJEWELLER,25-Aug-2016,260,PE,0,0,0,0.3,0,0,0,0,0,17-AUG-2016,
OPTSTK,PCJEWELLER,25-Aug-2016,270,PE,0,0,0,0.05,0,0,0,0,0,17-AUG-2016,
OPTSTK,PCJEWELLER,25-Aug-2016,280,PE,0,0,0,1,0,0,0,0,0,17-AUG-2016,
OPTSTK,PCJEWELLER,25-Aug-2016,290,PE,0,0,0,0.05,0,0,0,0,0,17-AUG-2016,
OPTSTK,PCJEWELLER,25-Aug-2016,300,PE,0,0,0,2.5,0,0,0,0,0,17-AUG-2016,
OPTSTK,PCJEWELLER,25-Aug-2016,310,PE,0,0,0,0.25,0,0,0,0,0,17-AUG-2016,
OPTSTK,PCJEWELLER,25-Aug-2016,320,PE,0,0,0,5.45,0,0,0,0,0,17-AUG-2016,
OPTSTK,PCJEWELLER,25-Aug-2016,330,PE,0,0,0,1,0,0,0,1500,0,17-AUG-2016,
OPTSTK,PCJEWELLER,25-Aug-2016,340,PE,0,0,0,10.35,0,0,0,0,0,17-AUG-2016,
OPTSTK,PCJEWELLER,25-Aug-2016,350,PE,0,0,0,3.25,0,0,0,0,0,17-AUG-2016,
OPTSTK,PCJEWELLER,25-Aug-2016,360,PE,0,0,0,17.55,0.05,0,0,0,0,17-AUG-2016,
OPTSTK,PCJEWELLER,25-Aug-2016,370,PE,0,0,0,8.15,0.1,0,0,0,0,17-AUG-2016,
OPTSTK,PCJEWELLER,25-Aug-2016,380,PE,0,0,0,27.3,0.25,0,0,0,0,17-AUG-2016,
OPTSTK,PCJEWELLER,25-Aug-2016,390,PE,0,0,0,16.65,0.7,0,0,0,0,17-AUG-2016,
OPTSTK,PCJEWELLER,25-Aug-2016,400,PE,0,0,0,3.95,1.65,0,0,45000,0,17-AUG-2016,
OPTSTK,PCJEWELLER,25-Aug-2016,410,PE,0,0,0,7.2,3.45,0,0,3000,0,17-AUG-2016,
OPTSTK,PCJEWELLER,25-Aug-2016,420,PE,0,0,0,21.05,6.5,0,0,3000,0,17-AUG-2016,
OPTSTK,PCJEWELLER,25-Aug-2016,430,PE,0,0,0,27,10.9,0,0,1500,0,17-AUG-2016,
OPTSTK,PCJEWELLER,25-Aug-2016,440,PE,0,0,0,69.25,16.8,0,0,0,0,17-AUG-2016,
OPTSTK,PCJEWELLER,25-Aug-2016,450,PE,0,0,0,50.55,24,0,0,1500,0,17-AUG-2016,
OPTSTK,PCJEWELLER,25-Aug-2016,460,PE,0,0,0,86.3,32.25,0,0,0,0,17-AUG-2016,
OPTSTK,PCJEWELLER,25-Aug-2016,470,PE,0,0,0,80.15,41.25,0,0,0,0,17-AUG-2016,
OPTSTK,PCJEWELLER,25-Aug-2016,480,PE,0,0,0,104.3,50.75,0,0,0,0,17-AUG-2016,
OPTSTK,PCJEWELLER,25-Aug-2016,490,PE,0,0,0,99.45,60.45,0,0,0,0,17-AUG-2016,
OPTSTK,PCJEWELLER,25-Aug-2016,500,PE,0,0,0,122.85,70.35,0,0,0,0,17-AUG-2016,
OPTSTK,PCJEWELLER,25-Aug-2016,510,PE,0,0,0,119.05,80.3,0,0,0,0,17-AUG-2016,
OPTSTK,PCJEWELLER,29-Sep-2016,240,CE,0,0,0,149.75,190.95,0,0,0,0,17-AUG-2016,
OPTSTK,PCJEWELLER,29-Sep-2016,250,CE,0,0,0,139.95,181.05,0,0,0,0,17-AUG-2016,
OPTSTK,PCJEWELLER,29-Sep-2016,260,CE,0,0,0,130.15,171.15,0,0,0,0,17-AUG-2016,
OPTSTK,PCJEWELLER,29-Sep-2016,270,CE,0,0,0,120.35,161.2,0,0,0,0,17-AUG-2016,
OPTSTK,PCJEWELLER,29-Sep-2016,280,CE,0,0,0,110.55,151.3,0,0,0,0,17-AUG-2016,
OPTSTK,PCJEWELLER,29-Sep-2016,290,CE,0,0,0,100.85,141.4,0,0,0,0,17-AUG-2016,
OPTSTK,PCJEWELLER,29-Sep-2016,300,CE,0,0,0,91.25,131.55,0,0,0,0,17-AUG-2016,
OPTSTK,PCJEWELLER,29-Sep-2016,310,CE,0,0,0,81.8,121.7,0,0,0,0,17-AUG-2016,
OPTSTK,PCJEWELLER,29-Sep-2016,320,CE,0,0,0,72.6,112,0,0,0,0,17-AUG-2016,
OPTSTK,PCJEWELLER,29-Sep-2016,330,CE,0,0,0,63.7,102.35,0,0,0,0,17-AUG-2016,
OPTSTK,PCJEWELLER,29-Sep-2016,340,CE,0,0,0,55.25,92.9,0,0,0,0,17-AUG-2016,
OPTSTK,PCJEWELLER,29-Sep-2016,350,CE,0,0,0,47.3,83.65,0,0,0,0,17-AUG-2016,
OPTSTK,PCJEWELLER,29-Sep-2016,360,CE,0,0,0,40,74.7,0,0,0,0,17-AUG-2016,
OPTSTK,PCJEWELLER,29-Sep-2016,370,CE,0,0,0,33.3,66.15,0,0,0,0,17-AUG-2016,
OPTSTK,PCJEWELLER,29-Sep-2016,380,CE,0,0,0,27.35,58.05,0,0,0,0,17-AUG-2016,
OPTSTK,PCJEWELLER,29-Sep-2016,390,CE,0,0,0,22.2,50.45,0,0,0,0,17-AUG-2016,
OPTSTK,PCJEWELLER,29-Sep-2016,400,CE,0,0,0,17.7,43.35,0,0,0,0,17-AUG-2016,
OPTSTK,PCJEWELLER,29-Sep-2016,410,CE,0,0,0,13.95,36.95,0,0,0,0,17-AUG-2016,
OPTSTK,PCJEWELLER,29-Sep-2016,420,CE,0,0,0,10.85,31.15,0,0,0,0,17-AUG-2016,
OPTSTK,PCJEWELLER,29-Sep-2016,430,CE,0,0,0,8.35,26,0,0,0,0,17-AUG-2016,
OPTSTK,PCJEWELLER,29-Sep-2016,440,CE,11.45,11.45,11.45,11.45,11.45,1,6.77,1500,1500,17-AUG-2016,
OPTSTK,PCJEWELLER,29-Sep-2016,450,CE,0,0,0,4.7,17.55,0,0,0,0,17-AUG-2016,
OPTSTK,PCJEWELLER,29-Sep-2016,460,CE,0,0,0,3.5,14.25,0,0,0,0,17-AUG-2016,
OPTSTK,PCJEWELLER,29-Sep-2016,470,CE,0,0,0,2.55,11.4,0,0,0,0,17-AUG-2016,
OPTSTK,PCJEWELLER,29-Sep-2016,480,CE,0,0,0,1.85,9.1,0,0,0,0,17-AUG-2016,
OPTSTK,PCJEWELLER,29-Sep-2016,490,CE,0,0,0,1.3,7.15,0,0,0,0,17-AUG-2016,
OPTSTK,PCJEWELLER,29-Sep-2016,500,CE,0,0,0,0.95,5.6,0,0,0,0,17-AUG-2016,
OPTSTK,PCJEWELLER,29-Sep-2016,510,CE,0,0,0,0.65,4.35,0,0,0,0,17-AUG-2016,
OPTSTK,PCJEWELLER,29-Sep-2016,240,PE,0,0,0,0.05,0,0,0,0,0,17-AUG-2016,
OPTSTK,PCJEWELLER,29-Sep-2016,250,PE,0,0,0,0.05,0,0,0,0,0,17-AUG-2016,
OPTSTK,PCJEWELLER,29-Sep-2016,260,PE,0,0,0,0.05,0,0,0,0,0,17-AUG-2016,
OPTSTK,PCJEWELLER,29-Sep-2016,270,PE,0,0,0,0.05,0.05,0,0,0,0,17-AUG-2016,
OPTSTK,PCJEWELLER,29-Sep-2016,280,PE,0,0,0,0.1,0.05,0,0,0,0,17-AUG-2016,
OPTSTK,PCJEWELLER,29-Sep-2016,290,PE,0,0,0,0.25,0.05,0,0,0,0,17-AUG-2016,
OPTSTK,PCJEWELLER,29-Sep-2016,300,PE,0,0,0,0.45,0.1,0,0,0,0,17-AUG-2016,
OPTSTK,PCJEWELLER,29-Sep-2016,310,PE,0,0,0,0.85,0.2,0,0,0,0,17-AUG-2016,
OPTSTK,PCJEWELLER,29-Sep-2016,320,PE,0,0,0,1.45,0.4,0,0,0,0,17-AUG-2016,
OPTSTK,PCJEWELLER,29-Sep-2016,330,PE,0,0,0,2.4,0.7,0,0,0,0,17-AUG-2016,
OPTSTK,PCJEWELLER,29-Sep-2016,340,PE,0,0,0,3.75,1.15,0,0,0,0,17-AUG-2016,
OPTSTK,PCJEWELLER,29-Sep-2016,350,PE,0,0,0,5.65,1.8,0,0,0,0,17-AUG-2016,
OPTSTK,PCJEWELLER,29-Sep-2016,360,PE,0,0,0,8.1,2.8,0,0,0,0,17-AUG-2016,
OPTSTK,PCJEWELLER,29-Sep-2016,370,PE,0,0,0,11.25,4.15,0,0,0,0,17-AUG-2016,
OPTSTK,PCJEWELLER,29-Sep-2016,380,PE,0,0,0,19.55,5.95,0,0,4500,0,17-AUG-2016,
OPTSTK,PCJEWELLER,29-Sep-2016,390,PE,0,0,0,19.75,8.3,0,0,4500,0,17-AUG-2016,
OPTSTK,PCJEWELLER,29-Sep-2016,400,PE,0,0,0,25.15,11.15,0,0,0,0,17-AUG-2016,
OPTSTK,PCJEWELLER,29-Sep-2016,410,PE,0,0,0,31.2,14.6,0,0,0,0,17-AUG-2016,
OPTSTK,PCJEWELLER,29-Sep-2016,420,PE,0,0,0,37.95,18.75,0,0,0,0,17-AUG-2016,
OPTSTK,PCJEWELLER,29-Sep-2016,430,PE,0,0,0,45.25,23.5,0,0,0,0,17-AUG-2016,
OPTSTK,PCJEWELLER,29-Sep-2016,440,PE,0,0,0,53.05,28.9,0,0,0,0,17-AUG-2016,
OPTSTK,PCJEWELLER,29-Sep-2016,450,PE,0,0,0,61.25,34.9,0,0,0,0,17-AUG-2016,
OPTSTK,PCJEWELLER,29-Sep-2016,460,PE,0,0,0,69.85,41.5,0,0,0,0,17-AUG-2016,
OPTSTK,PCJEWELLER,29-Sep-2016,470,PE,0,0,0,78.75,48.6,0,0,0,0,17-AUG-2016,
OPTSTK,PCJEWELLER,29-Sep-2016,480,PE,0,0,0,87.85,56.2,0,0,0,0,17-AUG-2016,
OPTSTK,PCJEWELLER,29-Sep-2016,490,PE,0,0,0,97.15,64.2,0,0,0,0,17-AUG-2016,
OPTSTK,PCJEWELLER,29-Sep-2016,500,PE,0,0,0,106.6,72.55,0,0,0,0,17-AUG-2016,
OPTSTK,PCJEWELLER,29-Sep-2016,510,PE,0,0,0,116.15,81.2,0,0,0,0,17-AUG-2016,
OPTSTK,PCJEWELLER,27-Oct-2016,260,CE,0,0,0,167.8,172.55,0,0,0,0,17-AUG-2016,
OPTSTK,PCJEWELLER,27-Oct-2016,270,CE,0,0,0,158.2,162.75,0,0,0,0,17-AUG-2016,
OPTSTK,PCJEWELLER,27-Oct-2016,280,CE,0,0,0,148.7,152.95,0,0,0,0,17-AUG-2016,
OPTSTK,PCJEWELLER,27-Oct-2016,290,CE,0,0,0,139.35,143.25,0,0,0,0,17-AUG-2016,
OPTSTK,PCJEWELLER,27-Oct-2016,300,CE,0,0,0,130.2,133.6,0,0,0,0,17-AUG-2016,
OPTSTK,PCJEWELLER,27-Oct-2016,310,CE,0,0,0,121.2,124.1,0,0,0,0,17-AUG-2016,
OPTSTK,PCJEWELLER,27-Oct-2016,320,CE,0,0,0,112.45,114.7,0,0,0,0,17-AUG-2016,
OPTSTK,PCJEWELLER,27-Oct-2016,330,CE,0,0,0,104,105.55,0,0,0,0,17-AUG-2016,
OPTSTK,PCJEWELLER,27-Oct-2016,340,CE,0,0,0,95.8,96.65,0,0,0,0,17-AUG-2016,
OPTSTK,PCJEWELLER,27-Oct-2016,350,CE,0,0,0,87.95,88,0,0,0,0,17-AUG-2016,
OPTSTK,PCJEWELLER,27-Oct-2016,360,CE,0,0,0,80.45,79.7,0,0,0,0,17-AUG-2016,
OPTSTK,PCJEWELLER,27-Oct-2016,370,CE,0,0,0,73.35,71.8,0,0,0,0,17-AUG-2016,
OPTSTK,PCJEWELLER,27-Oct-2016,380,CE,0,0,0,66.6,64.35,0,0,0,0,17-AUG-2016,
OPTSTK,PCJEWELLER,27-Oct-2016,390,CE,0,0,0,60.3,57.3,0,0,0,0,17-AUG-2016,
OPTSTK,PCJEWELLER,27-Oct-2016,400,CE,0,0,0,54.4,50.75,0,0,0,0,17-AUG-2016,
OPTSTK,PCJEWELLER,27-Oct-2016,410,CE,0,0,0,48.95,44.7,0,0,0,0,17-AUG-2016,
OPTSTK,PCJEWELLER,27-Oct-2016,420,CE,0,0,0,43.85,39.15,0,0,0,0,17-AUG-2016,
OPTSTK,PCJEWELLER,27-Oct-2016,430,CE,0,0,0,39.2,34.1,0,0,0,0,17-AUG-2016,
OPTSTK,PCJEWELLER,27-Oct-2016,440,CE,0,0,0,34.9,29.55,0,0,0,0,17-AUG-2016,
OPTSTK,PCJEWELLER,27-Oct-2016,450,CE,0,0,0,31,25.45,0,0,0,0,17-AUG-2016,
OPTSTK,PCJEWELLER,27-Oct-2016,460,CE,0,0,0,27.45,21.8,0,0,0,0,17-AUG-2016,
OPTSTK,PCJEWELLER,27-Oct-2016,470,CE,0,0,0,24.25,18.6,0,0,0,0,17-AUG-2016,
OPTSTK,PCJEWELLER,27-Oct-2016,480,CE,0,0,0,21.35,15.8,0,0,0,0,17-AUG-2016,
OPTSTK,PCJEWELLER,27-Oct-2016,490,CE,0,0,0,18.8,13.35,0,0,0,0,17-AUG-2016,
OPTSTK,PCJEWELLER,27-Oct-2016,500,CE,0,0,0,16.5,11.25,0,0,0,0,17-AUG-2016,
OPTSTK,PCJEWELLER,27-Oct-2016,510,CE,0,0,0,14.4,9.4,0,0,0,0,17-AUG-2016,
OPTSTK,PCJEWELLER,27-Oct-2016,260,PE,0,0,0,0.4,0.05,0,0,0,0,17-AUG-2016,
OPTSTK,PCJEWELLER,27-Oct-2016,270,PE,0,0,0,0.65,0.15,0,0,0,0,17-AUG-2016,
OPTSTK,PCJEWELLER,27-Oct-2016,280,PE,0,0,0,1,0.2,0,0,0,0,17-AUG-2016,
OPTSTK,PCJEWELLER,27-Oct-2016,290,PE,0,0,0,1.5,0.35,0,0,0,0,17-AUG-2016,
OPTSTK,PCJEWELLER,27-Oct-2016,300,PE,0,0,0,2.15,0.6,0,0,0,0,17-AUG-2016,
OPTSTK,PCJEWELLER,27-Oct-2016,310,PE,0,0,0,3,0.95,0,0,0,0,17-AUG-2016,
OPTSTK,PCJEWELLER,27-Oct-2016,320,PE,0,0,0,4.05,1.45,0,0,0,0,17-AUG-2016,
OPTSTK,PCJEWELLER,27-Oct-2016,330,PE,0,0,0,5.4,2.15,0,0,0,0,17-AUG-2016,
OPTSTK,PCJEWELLER,27-Oct-2016,340,PE,0,0,0,7.05,3.1,0,0,0,0,17-AUG-2016,
OPTSTK,PCJEWELLER,27-Oct-2016,350,PE,0,0,0,9.05,4.35,0,0,0,0,17-AUG-2016,
OPTSTK,PCJEWELLER,27-Oct-2016,360,PE,0,0,0,11.4,5.9,0,0,0,0,17-AUG-2016,
OPTSTK,PCJEWELLER,27-Oct-2016,370,PE,0,0,0,14.1,7.9,0,0,0,0,17-AUG-2016,
OPTSTK,PCJEWELLER,27-Oct-2016,380,PE,0,0,0,17.2,10.3,0,0,0,0,17-AUG-2016,
OPTSTK,PCJEWELLER,27-Oct-2016,390,PE,0,0,0,20.7,13.1,0,0,0,0,17-AUG-2016,
OPTSTK,PCJEWELLER,27-Oct-2016,400,PE,0,0,0,24.65,16.4,0,0,0,0,17-AUG-2016,
OPTSTK,PCJEWELLER,27-Oct-2016,410,PE,0,0,0,29,20.25,0,0,0,0,17-AUG-2016,
OPTSTK,PCJEWELLER,27-Oct-2016,420,PE,0,0,0,33.75,24.55,0,0,0,0,17-AUG-2016,
OPTSTK,PCJEWELLER,27-Oct-2016,430,PE,0,0,0,38.9,29.35,0,0,0,0,17-AUG-2016,
OPTSTK,PCJEWELLER,27-Oct-2016,440,PE,0,0,0,44.45,34.65,0,0,0,0,17-AUG-2016,
OPTSTK,PCJEWELLER,27-Oct-2016,450,PE,0,0,0,50.35,40.45,0,0,0,0,17-AUG-2016,
OPTSTK,PCJEWELLER,27-Oct-2016,460,PE,0,0,0,56.65,46.7,0,0,0,0,17-AUG-2016,
OPTSTK,PCJEWELLER,27-Oct-2016,470,PE,0,0,0,63.3,53.35,0,0,0,0,17-AUG-2016,
OPTSTK,PCJEWELLER,27-Oct-2016,480,PE,0,0,0,70.2,60.4,0,0,0,0,17-AUG-2016,
OPTSTK,PCJEWELLER,27-Oct-2016,490,PE,0,0,0,77.45,67.85,0,0,0,0,17-AUG-2016,
OPTSTK,PCJEWELLER,27-Oct-2016,500,PE,0,0,0,85,75.6,0,0,0,0,17-AUG-2016,
OPTSTK,PCJEWELLER,27-Oct-2016,510,PE,0,0,0,92.75,83.6,0,0,0,0,17-AUG-2016,
OPTSTK,PETRONET,25-Aug-2016,170,CE,0,0,0,102.8,150.3,0,0,0,0,17-AUG-2016,
OPTSTK,PETRONET,25-Aug-2016,180,CE,0,0,0,93.15,140.35,0,0,0,0,17-AUG-2016,
OPTSTK,PETRONET,25-Aug-2016,190,CE,0,0,0,83.6,130.35,0,0,0,0,17-AUG-2016,
OPTSTK,PETRONET,25-Aug-2016,195,CE,0,0,0,101.35,125.35,0,0,0,0,17-AUG-2016,
OPTSTK,PETRONET,25-Aug-2016,200,CE,0,0,0,74.25,120.35,0,0,0,0,17-AUG-2016,
OPTSTK,PETRONET,25-Aug-2016,205,CE,0,0,0,91.45,115.4,0,0,0,0,17-AUG-2016,
OPTSTK,PETRONET,25-Aug-2016,210,CE,0,0,0,65.25,110.4,0,0,0,0,17-AUG-2016,
OPTSTK,PETRONET,25-Aug-2016,215,CE,0,0,0,81.6,105.4,0,0,0,0,17-AUG-2016,
OPTSTK,PETRONET,25-Aug-2016,220,CE,0,0,0,56.7,100.4,0,0,0,0,17-AUG-2016,
OPTSTK,PETRONET,25-Aug-2016,225,CE,0,0,0,71.75,95.4,0,0,0,0,17-AUG-2016,
OPTSTK,PETRONET,25-Aug-2016,230,CE,0,0,0,48.65,90.4,0,0,0,0,17-AUG-2016,
OPTSTK,PETRONET,25-Aug-2016,235,CE,0,0,0,62,85.4,0,0,0,0,17-AUG-2016,
OPTSTK,PETRONET,25-Aug-2016,240,CE,0,0,0,41.25,80.45,0,0,0,0,17-AUG-2016,
OPTSTK,PETRONET,25-Aug-2016,245,CE,0,0,0,52.45,75.45,0,0,0,0,17-AUG-2016,
OPTSTK,PETRONET,25-Aug-2016,250,CE,0,0,0,34.5,70.45,0,0,0,0,17-AUG-2016,
OPTSTK,PETRONET,25-Aug-2016,255,CE,0,0,0,43.25,65.45,0,0,0,0,17-AUG-2016,
OPTSTK,PETRONET,25-Aug-2016,260,CE,0,0,0,28.5,60.45,0,0,0,0,17-AUG-2016,
OPTSTK,PETRONET,25-Aug-2016,265,CE,0,0,0,34.65,55.45,0,0,0,0,17-AUG-2016,
OPTSTK,PETRONET,25-Aug-2016,270,CE,0,0,0,28.75,50.45,0,0,54000,0,17-AUG-2016,
OPTSTK,PETRONET,25-Aug-2016,275,CE,0,0,0,26.9,45.5,0,0,0,0,17-AUG-2016,
OPTSTK,PETRONET,25-Aug-2016,280,CE,0,0,0,18.8,40.5,0,0,0,0,17-AUG-2016,
OPTSTK,PETRONET,25-Aug-2016,285,CE,0,0,0,20.15,35.5,0,0,0,0,17-AUG-2016,
OPTSTK,PETRONET,25-Aug-2016,290,CE,0,0,0,25,30.5,0,0,3000,0,17-AUG-2016,
OPTSTK,PETRONET,25-Aug-2016,295,CE,0,0,0,27,25.6,0,0,0,0,17-AUG-2016,
OPTSTK,PETRONET,25-Aug-2016,300,CE,20,20,20,20,20,1,9.6,57000,-3000,17-AUG-2016,
OPTSTK,PETRONET,25-Aug-2016,305,CE,0,0,0,11.45,16.15,0,0,6000,0,17-AUG-2016,
OPTSTK,PETRONET,25-Aug-2016,310,CE,13,13,11.95,12.5,12.5,11,106.42,81000,-27000,17-AUG-2016,
OPTSTK,PETRONET,25-Aug-2016,315,CE,10,10,10,10,10,1,9.75,30000,3000,17-AUG-2016,
OPTSTK,PETRONET,25-Aug-2016,320,CE,6.9,7.4,5.5,6,6,33,323.17,168000,-24000,17-AUG-2016,
OPTSTK,PETRONET,25-Aug-2016,325,CE,4.1,4.1,4.1,4.1,4.1,1,9.87,9000,0,17-AUG-2016,
OPTSTK,PETRONET,25-Aug-2016,330,CE,3.2,3.2,1.95,2.4,2.4,30,299.19,141000,-6000,17-AUG-2016,
OPTSTK,PETRONET,25-Aug-2016,335,CE,0,0,0,1.85,0.85,0,0,6000,0,17-AUG-2016,
OPTSTK,PETRONET,25-Aug-2016,340,CE,0.6,1.1,0.6,0.7,0.7,16,163.63,117000,6000,17-AUG-2016,
OPTSTK,PETRONET,25-Aug-2016,345,CE,0,0,0,1.65,0.15,0,0,0,0,17-AUG-2016,
OPTSTK,PETRONET,25-Aug-2016,350,CE,0.75,0.75,0.25,0.45,0.45,3,31.54,51000,0,17-AUG-2016,
OPTSTK,PETRONET,25-Aug-2016,355,CE,0,0,0,0.95,0.05,0,0,0,0,17-AUG-2016,
OPTSTK,PETRONET,25-Aug-2016,360,CE,0,0,0,0.8,0.05,0,0,3000,0,17-AUG-2016,
OPTSTK,PETRONET,25-Aug-2016,365,CE,0,0,0,0.55,0,0,0,0,0,17-AUG-2016,
OPTSTK,PETRONET,25-Aug-2016,370,CE,0,0,0,1.75,0,0,0,0,0,17-AUG-2016,
OPTSTK,PETRONET,25-Aug-2016,170,PE,0,0,0,0.1,0,0,0,0,0,17-AUG-2016,
OPTSTK,PETRONET,25-Aug-2016,180,PE,0,0,0,0.25,0,0,0,0,0,17-AUG-2016,
OPTSTK,PETRONET,25-Aug-2016,190,PE,0,0,0,0.55,0,0,0,0,0,17-AUG-2016,
OPTSTK,PETRONET,25-Aug-2016,195,PE,0,0,0,0.05,0,0,0,0,0,17-AUG-2016,
OPTSTK,PETRONET,25-Aug-2016,200,PE,0,0,0,1.05,0,0,0,0,0,17-AUG-2016,
OPTSTK,PETRONET,25-Aug-2016,205,PE,0,0,0,0.05,0,0,0,0,0,17-AUG-2016,
OPTSTK,PETRONET,25-Aug-2016,210,PE,0,0,0,1.85,0,0,0,0,0,17-AUG-2016,
OPTSTK,PETRONET,25-Aug-2016,215,PE,0,0,0,0.05,0,0,0,0,0,17-AUG-2016,
OPTSTK,PETRONET,25-Aug-2016,220,PE,0,0,0,3.1,0,0,0,0,0,17-AUG-2016,
OPTSTK,PETRONET,25-Aug-2016,225,PE,0,0,0,0.1,0,0,0,0,0,17-AUG-2016,
OPTSTK,PETRONET,25-Aug-2016,230,PE,0,0,0,4.9,0,0,0,0,0,17-AUG-2016,
OPTSTK,PETRONET,25-Aug-2016,235,PE,0,0,0,0.25,0,0,0,0,0,17-AUG-2016,
OPTSTK,PETRONET,25-Aug-2016,240,PE,0,0,0,7.3,0,0,0,0,0,17-AUG-2016,
OPTSTK,PETRONET,25-Aug-2016,245,PE,0,0,0,0.55,0,0,0,0,0,17-AUG-2016,
OPTSTK,PETRONET,25-Aug-2016,250,PE,0,0,0,10.4,0,0,0,0,0,17-AUG-2016,
OPTSTK,PETRONET,25-Aug-2016,255,PE,0,0,0,1.25,0,0,0,0,0,17-AUG-2016,
OPTSTK,PETRONET,25-Aug-2016,260,PE,0,0,0,14.2,0,0,0,0,0,17-AUG-2016,
OPTSTK,PETRONET,25-Aug-2016,265,PE,0,0,0,2.55,0,0,0,0,0,17-AUG-2016,
OPTSTK,PETRONET,25-Aug-2016,270,PE,0,0,0,0.3,0,0,0,18000,0,17-AUG-2016,
OPTSTK,PETRONET,25-Aug-2016,275,PE,0,0,0,4.7,0,0,0,0,0,17-AUG-2016,
OPTSTK,PETRONET,25-Aug-2016,280,PE,0,0,0,0.3,0,0,0,24000,0,17-AUG-2016,
OPTSTK,PETRONET,25-Aug-2016,285,PE,0,0,0,7.8,0,0,0,0,0,17-AUG-2016,
OPTSTK,PETRONET,25-Aug-2016,290,PE,0.4,0.4,0.3,0.3,0.3,3,26.13,57000,-6000,17-AUG-2016,
OPTSTK,PETRONET,25-Aug-2016,295,PE,0,0,0,3.5,0.1,0,0,9000,0,17-AUG-2016,
OPTSTK,PETRONET,25-Aug-2016,300,PE,0.5,0.7,0.5,0.7,0.7,4,36.07,75000,6000,17-AUG-2016,
OPTSTK,PETRONET,25-Aug-2016,305,PE,0,0,0,1.9,0.6,0,0,6000,0,17-AUG-2016,
OPTSTK,PETRONET,25-Aug-2016,310,PE,2.05,2.25,1.6,1.6,1.6,12,112.28,48000,-9000,17-AUG-2016,
OPTSTK,PETRONET,25-Aug-2016,315,PE,3.2,3.2,3.2,3.2,3.2,1,9.54,21000,0,17-AUG-2016,
OPTSTK,PETRONET,25-Aug-2016,320,PE,5.65,5.65,5.5,5.5,5.5,2,19.53,21000,0,17-AUG-2016,
OPTSTK,PETRONET,25-Aug-2016,325,PE,0,0,0,31.6,7.6,0,0,0,0,17-AUG-2016,
OPTSTK,PETRONET,25-Aug-2016,330,PE,12,12,11,11,11,2,20.49,3000,0,17-AUG-2016,
OPTSTK,PETRONET,25-Aug-2016,335,PE,0,0,0,39.85,15.3,0,0,0,0,17-AUG-2016,
OPTSTK,PETRONET,25-Aug-2016,340,PE,0,0,0,68.45,19.85,0,0,0,0,17-AUG-2016,
OPTSTK,PETRONET,25-Aug-2016,345,PE,0,0,0,48.7,24.6,0,0,0,0,17-AUG-2016,
OPTSTK,PETRONET,25-Aug-2016,350,PE,0,0,0,77.25,29.5,0,0,0,0,17-AUG-2016,
OPTSTK,PETRONET,25-Aug-2016,355,PE,0,0,0,57.9,34.45,0,0,0,0,17-AUG-2016,
OPTSTK,PETRONET,25-Aug-2016,360,PE,0,0,0,86.3,39.45,0,0,0,0,17-AUG-2016,
OPTSTK,PETRONET,25-Aug-2016,365,PE,0,0,0,67.35,44.45,0,0,0,0,17-AUG-2016,
OPTSTK,PETRONET,25-Aug-2016,370,PE,0,0,0,95.5,49.4,0,0,0,0,17-AUG-2016,
OPTSTK,PETRONET,29-Sep-2016,195,CE,0,0,0,102.7,126.65,0,0,0,0,17-AUG-2016,
OPTSTK,PETRONET,29-Sep-2016,200,CE,0,0,0,97.8,121.7,0,0,0,0,17-AUG-2016,
OPTSTK,PETRONET,29-Sep-2016,205,CE,0,0,0,92.9,116.75,0,0,0,0,17-AUG-2016,
OPTSTK,PETRONET,29-Sep-2016,210,CE,0,0,0,88,111.75,0,0,0,0,17-AUG-2016,
OPTSTK,PETRONET,29-Sep-2016,215,CE,0,0,0,83.15,106.8,0,0,0,0,17-AUG-2016,
OPTSTK,PETRONET,29-Sep-2016,220,CE,0,0,0,78.3,101.85,0,0,0,0,17-AUG-2016,
OPTSTK,PETRONET,29-Sep-2016,225,CE,0,0,0,73.55,96.9,0,0,0,0,17-AUG-2016,
OPTSTK,PETRONET,29-Sep-2016,230,CE,0,0,0,68.8,91.95,0,0,0,0,17-AUG-2016,
OPTSTK,PETRONET,29-Sep-2016,235,CE,0,0,0,64.1,86.95,0,0,0,0,17-AUG-2016,
OPTSTK,PETRONET,29-Sep-2016,240,CE,0,0,0,59.5,82,0,0,0,0,17-AUG-2016,
OPTSTK,PETRONET,29-Sep-2016,245,CE,0,0,0,55,77.05,0,0,0,0,17-AUG-2016,
OPTSTK,PETRONET,29-Sep-2016,250,CE,0,0,0,50.6,72.1,0,0,0,0,17-AUG-2016,
OPTSTK,PETRONET,29-Sep-2016,255,CE,0,0,0,46.35,67.15,0,0,0,0,17-AUG-2016,
OPTSTK,PETRONET,29-Sep-2016,260,CE,0,0,0,42.25,62.25,0,0,0,0,17-AUG-2016,
OPTSTK,PETRONET,29-Sep-2016,265,CE,0,0,0,38.35,57.35,0,0,0,0,17-AUG-2016,
OPTSTK,PETRONET,29-Sep-2016,270,CE,0,0,0,34.6,52.5,0,0,0,0,17-AUG-2016,
OPTSTK,PETRONET,29-Sep-2016,275,CE,0,0,0,31.05,47.7,0,0,0,0,17-AUG-2016,
OPTSTK,PETRONET,29-Sep-2016,280,CE,0,0,0,27.75,43.05,0,0,0,0,17-AUG-2016,
OPTSTK,PETRONET,29-Sep-2016,285,CE,0,0,0,24.65,38.45,0,0,0,0,17-AUG-2016,
OPTSTK,PETRONET,29-Sep-2016,290,CE,0,0,0,21.8,34.05,0,0,0,0,17-AUG-2016,
OPTSTK,PETRONET,29-Sep-2016,295,CE,0,0,0,19.15,29.85,0,0,0,0,17-AUG-2016,
OPTSTK,PETRONET,29-Sep-2016,300,CE,0,0,0,16.75,25.85,0,0,0,0,17-AUG-2016,
OPTSTK,PETRONET,29-Sep-2016,305,CE,0,0,0,14.6,22.15,0,0,0,0,17-AUG-2016,
OPTSTK,PETRONET,29-Sep-2016,310,CE,0,0,0,12.6,18.75,0,0,0,0,17-AUG-2016,
OPTSTK,PETRONET,29-Sep-2016,315,CE,0,0,0,10.85,15.7,0,0,0,0,17-AUG-2016,
OPTSTK,PETRONET,29-Sep-2016,320,CE,14.5,14.5,14.5,14.5,14.5,1,10.03,3000,3000,17-AUG-2016,
OPTSTK,PETRONET,29-Sep-2016,325,CE,0,0,0,7.95,10.55,0,0,0,0,17-AUG-2016,
OPTSTK,PETRONET,29-Sep-2016,330,CE,0,0,0,6.75,8.45,0,0,0,0,17-AUG-2016,
OPTSTK,PETRONET,29-Sep-2016,335,CE,0,0,0,5.7,6.7,0,0,0,0,17-AUG-2016,
OPTSTK,PETRONET,29-Sep-2016,340,CE,0,0,0,4.8,5.25,0,0,0,0,17-AUG-2016,
OPTSTK,PETRONET,29-Sep-2016,345,CE,0,0,0,4,4.05,0,0,0,0,17-AUG-2016,
OPTSTK,PETRONET,29-Sep-2016,350,CE,4,4,4,4,4,2,21.24,6000,6000,17-AUG-2016,
OPTSTK,PETRONET,29-Sep-2016,355,CE,0,0,0,2.75,2.35,0,0,0,0,17-AUG-2016,
OPTSTK,PETRONET,29-Sep-2016,360,CE,0,0,0,2.3,1.75,0,0,0,0,17-AUG-2016,
OPTSTK,PETRONET,29-Sep-2016,365,CE,0,0,0,1.9,1.25,0,0,0,0,17-AUG-2016,
OPTSTK,PETRONET,29-Sep-2016,370,CE,0,0,0,1.55,0.9,0,0,0,0,17-AUG-2016,
OPTSTK,PETRONET,29-Sep-2016,195,PE,0,0,0,0.05,0,0,0,0,0,17-AUG-2016,
OPTSTK,PETRONET,29-Sep-2016,200,PE,0,0,0,0.05,0,0,0,0,0,17-AUG-2016,
OPTSTK,PETRONET,29-Sep-2016,205,PE,0,0,0,0.05,0,0,0,0,0,17-AUG-2016,
OPTSTK,PETRONET,29-Sep-2016,210,PE,0,0,0,0.1,0,0,0,0,0,17-AUG-2016,
OPTSTK,PETRONET,29-Sep-2016,215,PE,0,0,0,0.15,0,0,0,0,0,17-AUG-2016,
OPTSTK,PETRONET,29-Sep-2016,220,PE,0,0,0,0.25,0,0,0,0,0,17-AUG-2016,
OPTSTK,PETRONET,29-Sep-2016,225,PE,0,0,0,0.35,0,0,0,0,0,17-AUG-2016,
OPTSTK,PETRONET,29-Sep-2016,230,PE,0,0,0,0.5,0,0,0,0,0,17-AUG-2016,
OPTSTK,PETRONET,29-Sep-2016,235,PE,0,0,0,0.75,0,0,0,0,0,17-AUG-2016,
OPTSTK,PETRONET,29-Sep-2016,240,PE,0,0,0,1.05,0,0,0,0,0,17-AUG-2016,
OPTSTK,PETRONET,29-Sep-2016,245,PE,0,0,0,1.5,0.05,0,0,0,0,17-AUG-2016,
OPTSTK,PETRONET,29-Sep-2016,250,PE,0,0,0,2,0.05,0,0,0,0,17-AUG-2016,
OPTSTK,PETRONET,29-Sep-2016,255,PE,0,0,0,2.65,0.05,0,0,0,0,17-AUG-2016,
OPTSTK,PETRONET,29-Sep-2016,260,PE,0,0,0,3.5,0.1,0,0,0,0,17-AUG-2016,
OPTSTK,PETRONET,29-Sep-2016,265,PE,0,0,0,4.45,0.15,0,0,0,0,17-AUG-2016,
OPTSTK,PETRONET,29-Sep-2016,270,PE,0,0,0,5.65,0.25,0,0,0,0,17-AUG-2016,
OPTSTK,PETRONET,29-Sep-2016,275,PE,0,0,0,7,0.45,0,0,0,0,17-AUG-2016,
OPTSTK,PETRONET,29-Sep-2016,280,PE,0,0,0,8.6,0.7,0,0,0,0,17-AUG-2016,
OPTSTK,PETRONET,29-Sep-2016,285,PE,0,0,0,10.45,1.1,0,0,0,0,17-AUG-2016,
OPTSTK,PETRONET,29-Sep-2016,290,PE,0,0,0,12.5,1.65,0,0,0,0,17-AUG-2016,
OPTSTK,PETRONET,29-Sep-2016,295,PE,0,0,0,14.75,2.4,0,0,0,0,17-AUG-2016,
OPTSTK,PETRONET,29-Sep-2016,300,PE,0,0,0,17.25,3.4,0,0,0,0,17-AUG-2016,
OPTSTK,PETRONET,29-Sep-2016,305,PE,0,0,0,20,4.65,0,0,0,0,17-AUG-2016,
OPTSTK,PETRONET,29-Sep-2016,310,PE,0,0,0,22.95,6.2,0,0,0,0,17-AUG-2016,
OPTSTK,PETRONET,29-Sep-2016,315,PE,0,0,0,26.1,8.1,0,0,0,0,17-AUG-2016,
OPTSTK,PETRONET,29-Sep-2016,320,PE,0,0,0,29.45,10.3,0,0,0,0,17-AUG-2016,
OPTSTK,PETRONET,29-Sep-2016,325,PE,0,0,0,33,12.85,0,0,0,0,17-AUG-2016,
OPTSTK,PETRONET,29-Sep-2016,330,PE,0,0,0,36.7,15.75,0,0,0,0,17-AUG-2016,
OPTSTK,PETRONET,29-Sep-2016,335,PE,0,0,0,40.55,18.95,0,0,0,0,17-AUG-2016,
OPTSTK,PETRONET,29-Sep-2016,340,PE,0,0,0,44.55,22.45,0,0,0,0,17-AUG-2016,
OPTSTK,PETRONET,29-Sep-2016,345,PE,0,0,0,48.7,26.2,0,0,0,0,17-AUG-2016,
OPTSTK,PETRONET,29-Sep-2016,350,PE,0,0,0,52.95,30.2,0,0,0,0,17-AUG-2016,
OPTSTK,PETRONET,29-Sep-2016,355,PE,0,0,0,57.3,34.4,0,0,0,0,17-AUG-2016,
OPTSTK,PETRONET,29-Sep-2016,360,PE,0,0,0,61.7,38.75,0,0,0,0,17-AUG-2016,
OPTSTK,PETRONET,29-Sep-2016,365,PE,0,0,0,66.25,43.25,0,0,0,0,17-AUG-2016,
OPTSTK,PETRONET,29-Sep-2016,370,PE,0,0,0,70.8,47.9,0,0,0,0,17-AUG-2016,
OPTSTK,PETRONET,27-Oct-2016,195,CE,0,0,0,105.65,127.65,0,0,0,0,17-AUG-2016,
OPTSTK,PETRONET,27-Oct-2016,200,CE,0,0,0,100.75,122.75,0,0,0,0,17-AUG-2016,
OPTSTK,PETRONET,27-Oct-2016,205,CE,0,0,0,95.85,117.8,0,0,0,0,17-AUG-2016,
OPTSTK,PETRONET,27-Oct-2016,210,CE,0,0,0,90.95,112.85,0,0,0,0,17-AUG-2016,
OPTSTK,PETRONET,27-Oct-2016,215,CE,0,0,0,86.05,107.95,0,0,0,0,17-AUG-2016,
OPTSTK,PETRONET,27-Oct-2016,220,CE,0,0,0,81.1,103,0,0,0,0,17-AUG-2016,
OPTSTK,PETRONET,27-Oct-2016,225,CE,0,0,0,76.25,98.1,0,0,0,0,17-AUG-2016,
OPTSTK,PETRONET,27-Oct-2016,230,CE,0,0,0,71.35,93.15,0,0,0,0,17-AUG-2016,
OPTSTK,PETRONET,27-Oct-2016,235,CE,0,0,0,66.5,88.25,0,0,0,0,17-AUG-2016,
OPTSTK,PETRONET,27-Oct-2016,240,CE,0,0,0,61.7,83.3,0,0,0,0,17-AUG-2016,
OPTSTK,PETRONET,27-Oct-2016,245,CE,0,0,0,56.95,78.4,0,0,0,0,17-AUG-2016,
OPTSTK,PETRONET,27-Oct-2016,250,CE,0,0,0,52.25,73.55,0,0,0,0,17-AUG-2016,
OPTSTK,PETRONET,27-Oct-2016,255,CE,0,0,0,47.65,68.7,0,0,0,0,17-AUG-2016,
OPTSTK,PETRONET,27-Oct-2016,260,CE,0,0,0,43.2,63.9,0,0,0,0,17-AUG-2016,
OPTSTK,PETRONET,27-Oct-2016,265,CE,0,0,0,38.85,59.2,0,0,0,0,17-AUG-2016,
OPTSTK,PETRONET,27-Oct-2016,270,CE,0,0,0,34.7,54.5,0,0,0,0,17-AUG-2016,
OPTSTK,PETRONET,27-Oct-2016,275,CE,0,0,0,30.8,49.95,0,0,0,0,17-AUG-2016,
OPTSTK,PETRONET,27-Oct-2016,280,CE,0,0,0,27.1,45.55,0,0,0,0,17-AUG-2016,
OPTSTK,PETRONET,27-Oct-2016,285,CE,0,0,0,23.6,41.25,0,0,0,0,17-AUG-2016,
OPTSTK,PETRONET,27-Oct-2016,290,CE,0,0,0,20.4,37.1,0,0,0,0,17-AUG-2016,
OPTSTK,PETRONET,27-Oct-2016,295,CE,0,0,0,17.5,33.2,0,0,0,0,17-AUG-2016,
OPTSTK,PETRONET,27-Oct-2016,300,CE,0,0,0,14.85,29.5,0,0,0,0,17-AUG-2016,
OPTSTK,PETRONET,27-Oct-2016,305,CE,0,0,0,12.5,26,0,0,0,0,17-AUG-2016,
OPTSTK,PETRONET,27-Oct-2016,310,CE,0,0,0,10.45,22.75,0,0,0,0,17-AUG-2016,
OPTSTK,PETRONET,27-Oct-2016,315,CE,0,0,0,8.65,19.8,0,0,0,0,17-AUG-2016,
OPTSTK,PETRONET,27-Oct-2016,320,CE,0,0,0,7.1,17.1,0,0,0,0,17-AUG-2016,
OPTSTK,PETRONET,27-Oct-2016,325,CE,0,0,0,5.8,14.6,0,0,0,0,17-AUG-2016,
OPTSTK,PETRONET,27-Oct-2016,330,CE,0,0,0,4.65,12.45,0,0,0,0,17-AUG-2016,
OPTSTK,PETRONET,27-Oct-2016,335,CE,0,0,0,3.75,10.5,0,0,0,0,17-AUG-2016,
OPTSTK,PETRONET,27-Oct-2016,340,CE,0,0,0,2.95,8.8,0,0,0,0,17-AUG-2016,
OPTSTK,PETRONET,27-Oct-2016,345,CE,0,0,0,2.35,7.3,0,0,0,0,17-AUG-2016,
OPTSTK,PETRONET,27-Oct-2016,350,CE,0,0,0,1.8,6.05,0,0,0,0,17-AUG-2016,
OPTSTK,PETRONET,27-Oct-2016,355,CE,0,0,0,1.4,4.95,0,0,0,0,17-AUG-2016,
OPTSTK,PETRONET,27-Oct-2016,360,CE,0,0,0,1.1,4.05,0,0,0,0,17-AUG-2016,
OPTSTK,PETRONET,27-Oct-2016,365,CE,0,0,0,0.85,3.25,0,0,0,0,17-AUG-2016,
OPTSTK,PETRONET,27-Oct-2016,370,CE,0,0,0,0.65,2.6,0,0,0,0,17-AUG-2016,
OPTSTK,PETRONET,27-Oct-2016,195,PE,0,0,0,0.05,0,0,0,0,0,17-AUG-2016,
OPTSTK,PETRONET,27-Oct-2016,200,PE,0,0,0,0.05,0,0,0,0,0,17-AUG-2016,
OPTSTK,PETRONET,27-Oct-2016,205,PE,0,0,0,0.05,0,0,0,0,0,17-AUG-2016,
OPTSTK,PETRONET,27-Oct-2016,210,PE,0,0,0,0.05,0,0,0,0,0,17-AUG-2016,
OPTSTK,PETRONET,27-Oct-2016,215,PE,0,0,0,0.05,0,0,0,0,0,17-AUG-2016,
OPTSTK,PETRONET,27-Oct-2016,220,PE,0,0,0,0.05,0,0,0,0,0,17-AUG-2016,
OPTSTK,PETRONET,27-Oct-2016,225,PE,0,0,0,0.05,0.05,0,0,0,0,17-AUG-2016,
OPTSTK,PETRONET,27-Oct-2016,230,PE,0,0,0,0.1,0.05,0,0,0,0,17-AUG-2016,
OPTSTK,PETRONET,27-Oct-2016,235,PE,0,0,0,0.15,0.05,0,0,0,0,17-AUG-2016,
OPTSTK,PETRONET,27-Oct-2016,240,PE,0,0,0,0.25,0.05,0,0,0,0,17-AUG-2016,
OPTSTK,PETRONET,27-Oct-2016,245,PE,0,0,0,0.45,0.1,0,0,0,0,17-AUG-2016,
OPTSTK,PETRONET,27-Oct-2016,250,PE,0,0,0,0.65,0.15,0,0,0,0,17-AUG-2016,
OPTSTK,PETRONET,27-Oct-2016,255,PE,0,0,0,1,0.25,0,0,0,0,17-AUG-2016,
OPTSTK,PETRONET,27-Oct-2016,260,PE,0,0,0,1.4,0.4,0,0,0,0,17-AUG-2016,
OPTSTK,PETRONET,27-Oct-2016,265,PE,0,0,0,2,0.6,0,0,0,0,17-AUG-2016,
OPTSTK,PETRONET,27-Oct-2016,270,PE,0,0,0,2.8,0.85,0,0,0,0,17-AUG-2016,
OPTSTK,PETRONET,27-Oct-2016,275,PE,0,0,0,3.75,1.25,0,0,0,0,17-AUG-2016,
OPTSTK,PETRONET,27-Oct-2016,280,PE,0,0,0,4.95,1.75,0,0,0,0,17-AUG-2016,
OPTSTK,PETRONET,27-Oct-2016,285,PE,0,0,0,6.4,2.4,0,0,0,0,17-AUG-2016,
OPTSTK,PETRONET,27-Oct-2016,290,PE,0,0,0,8.15,3.2,0,0,0,0,17-AUG-2016,
OPTSTK,PETRONET,27-Oct-2016,295,PE,0,0,0,10.15,4.2,0,0,0,0,17-AUG-2016,
OPTSTK,PETRONET,27-Oct-2016,300,PE,0,0,0,12.4,5.45,0,0,0,0,17-AUG-2016,
OPTSTK,PETRONET,27-Oct-2016,305,PE,0,0,0,15,6.9,0,0,0,0,17-AUG-2016,
OPTSTK,PETRONET,27-Oct-2016,310,PE,0,0,0,17.85,8.6,0,0,0,0,17-AUG-2016,
OPTSTK,PETRONET,27-Oct-2016,315,PE,0,0,0,20.95,10.55,0,0,0,0,17-AUG-2016,
OPTSTK,PETRONET,27-Oct-2016,320,PE,0,0,0,24.3,12.75,0,0,0,0,17-AUG-2016,
OPTSTK,PETRONET,27-Oct-2016,325,PE,0,0,0,27.9,15.25,0,0,0,0,17-AUG-2016,
OPTSTK,PETRONET,27-Oct-2016,330,PE,0,0,0,31.7,18,0,0,0,0,17-AUG-2016,
OPTSTK,PETRONET,27-Oct-2016,335,PE,0,0,0,35.65,21,0,0,0,0,17-AUG-2016,
OPTSTK,PETRONET,27-Oct-2016,340,PE,0,0,0,39.8,24.2,0,0,0,0,17-AUG-2016,
OPTSTK,PETRONET,27-Oct-2016,345,PE,0,0,0,44.1,27.65,0,0,0,0,17-AUG-2016,
OPTSTK,PETRONET,27-Oct-2016,350,PE,0,0,0,48.5,31.35,0,0,0,0,17-AUG-2016,
OPTSTK,PETRONET,27-Oct-2016,355,PE,0,0,0,53,35.15,0,0,0,0,17-AUG-2016,
OPTSTK,PETRONET,27-Oct-2016,360,PE,0,0,0,57.6,39.2,0,0,0,0,17-AUG-2016,
OPTSTK,PETRONET,27-Oct-2016,365,PE,0,0,0,62.25,43.35,0,0,0,0,17-AUG-2016,
OPTSTK,PETRONET,27-Oct-2016,370,PE,0,0,0,67,47.65,0,0,0,0,17-AUG-2016,
OPTSTK,PFC,25-Aug-2016,110,CE,0,0,0,59.55,123.55,0,0,0,0,17-AUG-2016,
OPTSTK,PFC,25-Aug-2016,115,CE,0,0,0,54.8,118.55,0,0,0,0,17-AUG-2016,
OPTSTK,PFC,25-Aug-2016,120,CE,0,0,0,50.1,113.55,0,0,0,0,17-AUG-2016,
OPTSTK,PFC,25-Aug-2016,125,CE,0,0,0,45.55,108.55,0,0,0,0,17-AUG-2016,
OPTSTK,PFC,25-Aug-2016,130,CE,0,0,0,41.15,103.55,0,0,0,0,17-AUG-2016,
OPTSTK,PFC,25-Aug-2016,135,CE,0,0,0,36.95,98.55,0,0,0,0,17-AUG-2016,
OPTSTK,PFC,25-Aug-2016,140,CE,0,0,0,32.9,93.6,0,0,0,0,17-AUG-2016,
OPTSTK,PFC,25-Aug-2016,145,CE,0,0,0,29.15,88.6,0,0,0,0,17-AUG-2016,
OPTSTK,PFC,25-Aug-2016,150,CE,0,0,0,25.6,83.6,0,0,0,0,17-AUG-2016,
OPTSTK,PFC,25-Aug-2016,155,CE,0,0,0,22.35,78.6,0,0,0,0,17-AUG-2016,
OPTSTK,PFC,25-Aug-2016,160,CE,0,0,0,19.4,73.6,0,0,0,0,17-AUG-2016,
OPTSTK,PFC,25-Aug-2016,165,CE,0,0,0,16.7,68.6,0,0,0,0,17-AUG-2016,
OPTSTK,PFC,25-Aug-2016,170,CE,0,0,0,14.3,63.6,0,0,0,0,17-AUG-2016,
OPTSTK,PFC,25-Aug-2016,175,CE,0,0,0,12.15,58.65,0,0,0,0,17-AUG-2016,
OPTSTK,PFC,25-Aug-2016,180,CE,0,0,0,10.3,53.65,0,0,0,0,17-AUG-2016,
OPTSTK,PFC,25-Aug-2016,185,CE,0,0,0,8.65,48.65,0,0,0,0,17-AUG-2016,
OPTSTK,PFC,25-Aug-2016,190,CE,0,0,0,24,43.65,0,0,6000,0,17-AUG-2016,
OPTSTK,PFC,25-Aug-2016,195,CE,0,0,0,6,38.65,0,0,0,0,17-AUG-2016,
OPTSTK,PFC,25-Aug-2016,200,CE,30.5,30.5,30.5,30.5,30.5,1,6.91,36000,-3000,17-AUG-2016,
OPTSTK,PFC,25-Aug-2016,205,CE,0,0,0,14.55,28.75,0,0,6000,0,17-AUG-2016,
OPTSTK,PFC,25-Aug-2016,210,CE,19.6,21,19.6,21,21,4,27.65,36000,-9000,17-AUG-2016,
OPTSTK,PFC,25-Aug-2016,215,CE,16,17.5,16,17.5,17.5,2,13.9,27000,0,17-AUG-2016,
OPTSTK,PFC,25-Aug-2016,220,CE,13,14.4,12.5,13.9,13.9,15,105.04,345000,-9000,17-AUG-2016,
OPTSTK,PFC,25-Aug-2016,225,CE,7.4,10,7.4,9.75,9.75,35,245.71,147000,-54000,17-AUG-2016,
OPTSTK,PFC,25-Aug-2016,230,CE,4.45,6.65,4.35,6.45,6.45,220,1556.79,558000,-195000,17-AUG-2016,
OPTSTK,PFC,25-Aug-2016,235,CE,2.9,4.2,2.9,4.05,4.05,74,529.84,165000,-27000,17-AUG-2016,
OPTSTK,PFC,25-Aug-2016,240,CE,1.75,2.55,1.75,2.3,2.3,111,806.74,486000,0,17-AUG-2016,
OPTSTK,PFC,25-Aug-2016,245,CE,1.4,1.55,1.1,1.1,1.1,12,88.68,48000,6000,17-AUG-2016,
OPTSTK,PFC,25-Aug-2016,250,CE,0.65,0.9,0.6,0.7,0.7,16,120.37,204000,12000,17-AUG-2016,
OPTSTK,PFC,25-Aug-2016,255,CE,0.45,0.45,0.4,0.4,0.4,4,30.65,21000,3000,17-AUG-2016,
OPTSTK,PFC,25-Aug-2016,260,CE,0.3,0.35,0.3,0.3,0.3,5,39.04,21000,0,17-AUG-2016,
OPTSTK,PFC,25-Aug-2016,265,CE,0,0,0,0.15,0.1,0,0,0,0,17-AUG-2016,
OPTSTK,PFC,25-Aug-2016,110,PE,0,0,0,0.2,0,0,0,0,0,17-AUG-2016,
OPTSTK,PFC,25-Aug-2016,115,PE,0,0,0,0.4,0,0,0,0,0,17-AUG-2016,
OPTSTK,PFC,25-Aug-2016,120,PE,0,0,0,0.6,0,0,0,0,0,17-AUG-2016,
OPTSTK,PFC,25-Aug-2016,125,PE,0,0,0,1,0,0,0,0,0,17-AUG-2016,
OPTSTK,PFC,25-Aug-2016,130,PE,0,0,0,1.5,0,0,0,0,0,17-AUG-2016,
OPTSTK,PFC,25-Aug-2016,135,PE,0,0,0,2.2,0,0,0,0,0,17-AUG-2016,
OPTSTK,PFC,25-Aug-2016,140,PE,0,0,0,3.05,0,0,0,0,0,17-AUG-2016,
OPTSTK,PFC,25-Aug-2016,145,PE,0,0,0,4.2,0,0,0,0,0,17-AUG-2016,
OPTSTK,PFC,25-Aug-2016,150,PE,0,0,0,5.6,0,0,0,0,0,17-AUG-2016,
OPTSTK,PFC,25-Aug-2016,155,PE,0,0,0,7.25,0,0,0,0,0,17-AUG-2016,
OPTSTK,PFC,25-Aug-2016,160,PE,0,0,0,9.2,0,0,0,0,0,17-AUG-2016,
OPTSTK,PFC,25-Aug-2016,165,PE,0,0,0,11.4,0,0,0,0,0,17-AUG-2016,
OPTSTK,PFC,25-Aug-2016,170,PE,0,0,0,13.9,0,0,0,0,0,17-AUG-2016,
OPTSTK,PFC,25-Aug-2016,175,PE,0,0,0,16.7,0,0,0,0,0,17-AUG-2016,
OPTSTK,PFC,25-Aug-2016,180,PE,0.1,0.1,0.1,0.1,0.1,1,5.4,12000,0,17-AUG-2016,
OPTSTK,PFC,25-Aug-2016,185,PE,0,0,0,3.6,0,0,0,3000,0,17-AUG-2016,
OPTSTK,PFC,25-Aug-2016,190,PE,0,0,0,0.1,0,0,0,21000,0,17-AUG-2016,
OPTSTK,PFC,25-Aug-2016,195,PE,0.1,0.1,0.1,0.1,0.1,1,5.85,21000,-3000,17-AUG-2016,
OPTSTK,PFC,25-Aug-2016,200,PE,0.05,0.15,0.05,0.15,0.15,5,30.01,186000,-9000,17-AUG-2016,
OPTSTK,PFC,25-Aug-2016,205,PE,0.1,0.15,0.1,0.15,0.15,10,61.54,45000,-24000,17-AUG-2016,
OPTSTK,PFC,25-Aug-2016,210,PE,0.4,0.4,0.2,0.2,0.2,15,94.6,147000,-24000,17-AUG-2016,
OPTSTK,PFC,25-Aug-2016,215,PE,0.6,0.6,0.3,0.3,0.3,12,77.56,72000,0,17-AUG-2016,
OPTSTK,PFC,25-Aug-2016,220,PE,1.4,1.4,0.6,0.7,0.7,53,351.25,177000,15000,17-AUG-2016,
OPTSTK,PFC,25-Aug-2016,225,PE,2.6,2.6,1.25,1.5,1.5,21,142.95,48000,18000,17-AUG-2016,
OPTSTK,PFC,25-Aug-2016,230,PE,5,5,2.7,2.9,2.9,32,224.28,78000,36000,17-AUG-2016,
OPTSTK,PFC,25-Aug-2016,235,PE,0,0,0,19.5,6.25,0,0,9000,0,17-AUG-2016,
OPTSTK,PFC,25-Aug-2016,240,PE,0,0,0,13,9.35,0,0,9000,0,17-AUG-2016,
OPTSTK,PFC,25-Aug-2016,245,PE,0,0,0,65.25,13.05,0,0,0,0,17-AUG-2016,
OPTSTK,PFC,25-Aug-2016,250,PE,0,0,0,64.45,17.25,0,0,0,0,17-AUG-2016,
OPTSTK,PFC,25-Aug-2016,255,PE,0,0,0,69.35,21.75,0,0,0,0,17-AUG-2016,
OPTSTK,PFC,25-Aug-2016,260,PE,0,0,0,70,26.5,0,0,0,0,17-AUG-2016,
OPTSTK,PFC,25-Aug-2016,265,PE,0,0,0,68.9,31.35,0,0,0,0,17-AUG-2016,
OPTSTK,PFC,29-Sep-2016,110,CE,0,0,0,61.35,124.25,0,0,0,0,17-AUG-2016,
OPTSTK,PFC,29-Sep-2016,115,CE,0,0,0,56.45,119.3,0,0,0,0,17-AUG-2016,
OPTSTK,PFC,29-Sep-2016,120,CE,0,0,0,51.6,114.35,0,0,0,0,17-AUG-2016,
OPTSTK,PFC,29-Sep-2016,125,CE,0,0,0,46.7,109.4,0,0,0,0,17-AUG-2016,
OPTSTK,PFC,29-Sep-2016,130,CE,0,0,0,41.9,104.4,0,0,0,0,17-AUG-2016,
OPTSTK,PFC,29-Sep-2016,135,CE,0,0,0,37.2,99.45,0,0,0,0,17-AUG-2016,
OPTSTK,PFC,29-Sep-2016,140,CE,0,0,0,32.65,94.5,0,0,0,0,17-AUG-2016,
OPTSTK,PFC,29-Sep-2016,145,CE,0,0,0,28.25,89.55,0,0,0,0,17-AUG-2016,
OPTSTK,PFC,29-Sep-2016,150,CE,0,0,0,24.1,84.6,0,0,0,0,17-AUG-2016,
OPTSTK,PFC,29-Sep-2016,155,CE,0,0,0,20.3,79.65,0,0,0,0,17-AUG-2016,
OPTSTK,PFC,29-Sep-2016,160,CE,0,0,0,16.8,74.7,0,0,0,0,17-AUG-2016,
OPTSTK,PFC,29-Sep-2016,165,CE,0,0,0,13.7,69.75,0,0,0,0,17-AUG-2016,
OPTSTK,PFC,29-Sep-2016,170,CE,0,0,0,10.95,64.85,0,0,0,0,17-AUG-2016,
OPTSTK,PFC,29-Sep-2016,175,CE,0,0,0,8.65,59.95,0,0,0,0,17-AUG-2016,
OPTSTK,PFC,29-Sep-2016,180,CE,0,0,0,6.75,55.1,0,0,0,0,17-AUG-2016,
OPTSTK,PFC,29-Sep-2016,185,CE,0,0,0,5.15,50.35,0,0,0,0,17-AUG-2016,
OPTSTK,PFC,29-Sep-2016,190,CE,0,0,0,3.9,45.65,0,0,0,0,17-AUG-2016,
OPTSTK,PFC,29-Sep-2016,195,CE,0,0,0,2.9,41.15,0,0,0,0,17-AUG-2016,
OPTSTK,PFC,29-Sep-2016,200,CE,0,0,0,2.1,36.75,0,0,0,0,17-AUG-2016,
OPTSTK,PFC,29-Sep-2016,205,CE,0,0,0,1.55,32.55,0,0,0,0,17-AUG-2016,
OPTSTK,PFC,29-Sep-2016,210,CE,0,0,0,1.1,28.6,0,0,0,0,17-AUG-2016,
OPTSTK,PFC,29-Sep-2016,215,CE,0,0,0,0.8,24.9,0,0,0,0,17-AUG-2016,
OPTSTK,PFC,29-Sep-2016,220,CE,0,0,0,8,21.45,0,0,9000,0,17-AUG-2016,
OPTSTK,PFC,29-Sep-2016,225,CE,0,0,0,7.5,18.3,0,0,3000,0,17-AUG-2016,
OPTSTK,PFC,29-Sep-2016,230,CE,11.5,11.5,11,11.5,11.5,4,28.96,15000,12000,17-AUG-2016,
OPTSTK,PFC,29-Sep-2016,235,CE,8.75,9,8.75,9,9,3,21.95,9000,9000,17-AUG-2016,
OPTSTK,PFC,29-Sep-2016,240,CE,0,0,0,5.95,10.8,0,0,3000,0,17-AUG-2016,
OPTSTK,PFC,29-Sep-2016,245,CE,0,0,0,0.6,8.85,0,0,0,0,17-AUG-2016,
OPTSTK,PFC,29-Sep-2016,250,CE,0,0,0,1.95,7.2,0,0,3000,0,17-AUG-2016,
OPTSTK,PFC,29-Sep-2016,255,CE,0,0,0,0.7,5.85,0,0,0,0,17-AUG-2016,
OPTSTK,PFC,29-Sep-2016,260,CE,2.7,2.7,2.7,2.7,2.7,2,15.76,9000,6000,17-AUG-2016,
OPTSTK,PFC,29-Sep-2016,265,CE,0,0,0,0.9,3.7,0,0,0,0,17-AUG-2016,
OPTSTK,PFC,29-Sep-2016,110,PE,0,0,0,0.05,0,0,0,0,0,17-AUG-2016,
OPTSTK,PFC,29-Sep-2016,115,PE,0,0,0,0.05,0,0,0,0,0,17-AUG-2016,
OPTSTK,PFC,29-Sep-2016,120,PE,0,0,0,0.05,0,0,0,0,0,17-AUG-2016,
OPTSTK,PFC,29-Sep-2016,125,PE,0,0,0,0.1,0,0,0,0,0,17-AUG-2016,
OPTSTK,PFC,29-Sep-2016,130,PE,0,0,0,0.25,0,0,0,0,0,17-AUG-2016,
OPTSTK,PFC,29-Sep-2016,135,PE,0,0,0,0.45,0,0,0,0,0,17-AUG-2016,
OPTSTK,PFC,29-Sep-2016,140,PE,0,0,0,0.75,0,0,0,0,0,17-AUG-2016,
OPTSTK,PFC,29-Sep-2016,145,PE,0,0,0,1.3,0,0,0,0,0,17-AUG-2016,
OPTSTK,PFC,29-Sep-2016,150,PE,0,0,0,2.05,0,0,0,0,0,17-AUG-2016,
OPTSTK,PFC,29-Sep-2016,155,PE,0,0,0,3.15,0.05,0,0,0,0,17-AUG-2016,
OPTSTK,PFC,29-Sep-2016,160,PE,0,0,0,4.55,0.05,0,0,0,0,17-AUG-2016,
OPTSTK,PFC,29-Sep-2016,165,PE,0,0,0,6.35,0.05,0,0,0,0,17-AUG-2016,
OPTSTK,PFC,29-Sep-2016,170,PE,0,0,0,8.55,0.1,0,0,0,0,17-AUG-2016,
OPTSTK,PFC,29-Sep-2016,175,PE,0,0,0,11.15,0.2,0,0,0,0,17-AUG-2016,
OPTSTK,PFC,29-Sep-2016,180,PE,0,0,0,1,0.3,0,0,3000,0,17-AUG-2016,
OPTSTK,PFC,29-Sep-2016,185,PE,0,0,0,1.8,0.5,0,0,6000,0,17-AUG-2016,
OPTSTK,PFC,29-Sep-2016,190,PE,0,0,0,21.15,0.8,0,0,0,0,17-AUG-2016,
OPTSTK,PFC,29-Sep-2016,195,PE,0,0,0,25.05,1.2,0,0,0,0,17-AUG-2016,
OPTSTK,PFC,29-Sep-2016,200,PE,0,0,0,4,1.8,0,0,9000,0,17-AUG-2016,
OPTSTK,PFC,29-Sep-2016,205,PE,0,0,0,33.5,2.55,0,0,0,0,17-AUG-2016,
OPTSTK,PFC,29-Sep-2016,210,PE,2.5,2.8,2.5,2.8,2.8,2,12.75,6000,6000,17-AUG-2016,
OPTSTK,PFC,29-Sep-2016,215,PE,0,0,0,42.6,4.8,0,0,0,0,17-AUG-2016,
OPTSTK,PFC,29-Sep-2016,220,PE,0,0,0,47.25,6.3,0,0,0,0,17-AUG-2016,
OPTSTK,PFC,29-Sep-2016,225,PE,0,0,0,52,8.15,0,0,0,0,17-AUG-2016,
OPTSTK,PFC,29-Sep-2016,230,PE,9.5,9.5,9.5,9.5,9.5,2,14.37,9000,6000,17-AUG-2016,
OPTSTK,PFC,29-Sep-2016,235,PE,12,12,12,12,12,1,7.41,3000,3000,17-AUG-2016,
OPTSTK,PFC,29-Sep-2016,240,PE,0,0,0,66.5,15.5,0,0,0,0,17-AUG-2016,
OPTSTK,PFC,29-Sep-2016,245,PE,0,0,0,64.05,18.55,0,0,0,0,17-AUG-2016,
OPTSTK,PFC,29-Sep-2016,250,PE,0,0,0,63.5,21.85,0,0,0,0,17-AUG-2016,
OPTSTK,PFC,29-Sep-2016,255,PE,0,0,0,68.2,25.4,0,0,0,0,17-AUG-2016,
OPTSTK,PFC,29-Sep-2016,260,PE,0,0,0,68.8,29.2,0,0,0,0,17-AUG-2016,
OPTSTK,PFC,29-Sep-2016,265,PE,0,0,0,67.85,33.2,0,0,0,0,17-AUG-2016,
OPTSTK,PFC,27-Oct-2016,150,CE,0,0,0,72.55,85.4,0,0,0,0,17-AUG-2016,
OPTSTK,PFC,27-Oct-2016,155,CE,0,0,0,67.9,80.55,0,0,0,0,17-AUG-2016,
OPTSTK,PFC,27-Oct-2016,160,CE,0,0,0,63.35,75.65,0,0,0,0,17-AUG-2016,
OPTSTK,PFC,27-Oct-2016,165,CE,0,0,0,58.95,70.85,0,0,0,0,17-AUG-2016,
OPTSTK,PFC,27-Oct-2016,170,CE,0,0,0,54.6,66.05,0,0,0,0,17-AUG-2016,
OPTSTK,PFC,27-Oct-2016,175,CE,0,0,0,50.45,61.35,0,0,0,0,17-AUG-2016,
OPTSTK,PFC,27-Oct-2016,180,CE,0,0,0,46.45,56.75,0,0,0,0,17-AUG-2016,
OPTSTK,PFC,27-Oct-2016,185,CE,0,0,0,42.6,52.25,0,0,0,0,17-AUG-2016,
OPTSTK,PFC,27-Oct-2016,190,CE,0,0,0,38.95,47.85,0,0,0,0,17-AUG-2016,
OPTSTK,PFC,27-Oct-2016,195,CE,0,0,0,35.45,43.6,0,0,0,0,17-AUG-2016,
OPTSTK,PFC,27-Oct-2016,200,CE,0,0,0,32.2,39.55,0,0,0,0,17-AUG-2016,
OPTSTK,PFC,27-Oct-2016,205,CE,0,0,0,29.1,35.7,0,0,0,0,17-AUG-2016,
OPTSTK,PFC,27-Oct-2016,210,CE,0,0,0,26.25,32.05,0,0,0,0,17-AUG-2016,
OPTSTK,PFC,27-Oct-2016,215,CE,0,0,0,23.6,28.6,0,0,0,0,17-AUG-2016,
OPTSTK,PFC,27-Oct-2016,220,CE,0,0,0,21.1,25.4,0,0,0,0,17-AUG-2016,
OPTSTK,PFC,27-Oct-2016,225,CE,0,0,0,18.85,22.45,0,0,0,0,17-AUG-2016,
OPTSTK,PFC,27-Oct-2016,230,CE,0,0,0,16.8,19.7,0,0,0,0,17-AUG-2016,
OPTSTK,PFC,27-Oct-2016,235,CE,0,0,0,14.9,17.2,0,0,0,0,17-AUG-2016,
OPTSTK,PFC,27-Oct-2016,240,CE,0,0,0,13.2,15,0,0,0,0,17-AUG-2016,
OPTSTK,PFC,27-Oct-2016,245,CE,0,0,0,11.65,12.95,0,0,0,0,17-AUG-2016,
OPTSTK,PFC,27-Oct-2016,250,CE,0,0,0,10.25,11.15,0,0,0,0,17-AUG-2016,
OPTSTK,PFC,27-Oct-2016,255,CE,0,0,0,9,9.55,0,0,0,0,17-AUG-2016,
OPTSTK,PFC,27-Oct-2016,260,CE,0,0,0,7.9,8.15,0,0,0,0,17-AUG-2016,
OPTSTK,PFC,27-Oct-2016,265,CE,0,0,0,6.9,6.95,0,0,0,0,17-AUG-2016,
OPTSTK,PFC,27-Oct-2016,150,PE,0,0,0,0.65,0.05,0,0,0,0,17-AUG-2016,
OPTSTK,PFC,27-Oct-2016,155,PE,0,0,0,0.95,0.1,0,0,0,0,17-AUG-2016,
OPTSTK,PFC,27-Oct-2016,160,PE,0,0,0,1.3,0.2,0,0,0,0,17-AUG-2016,
OPTSTK,PFC,27-Oct-2016,165,PE,0,0,0,1.8,0.3,0,0,0,0,17-AUG-2016,
OPTSTK,PFC,27-Oct-2016,170,PE,0,0,0,2.4,0.45,0,0,0,0,17-AUG-2016,
OPTSTK,PFC,27-Oct-2016,175,PE,0,0,0,3.15,0.7,0,0,0,0,17-AUG-2016,
OPTSTK,PFC,27-Oct-2016,180,PE,0,0,0,4.05,1,0,0,0,0,17-AUG-2016,
OPTSTK,PFC,27-Oct-2016,185,PE,0,0,0,5.1,1.4,0,0,0,0,17-AUG-2016,
OPTSTK,PFC,27-Oct-2016,190,PE,0,0,0,6.35,1.95,0,0,0,0,17-AUG-2016,
OPTSTK,PFC,27-Oct-2016,195,PE,0,0,0,7.8,2.65,0,0,0,0,17-AUG-2016,
OPTSTK,PFC,27-Oct-2016,200,PE,0,0,0,9.45,3.55,0,0,0,0,17-AUG-2016,
OPTSTK,PFC,27-Oct-2016,205,PE,0,0,0,11.3,4.6,0,0,0,0,17-AUG-2016,
OPTSTK,PFC,27-Oct-2016,210,PE,0,0,0,13.35,5.9,0,0,0,0,17-AUG-2016,
OPTSTK,PFC,27-Oct-2016,215,PE,0,0,0,15.6,7.4,0,0,0,0,17-AUG-2016,
OPTSTK,PFC,27-Oct-2016,220,PE,0,0,0,18.05,9.1,0,0,0,0,17-AUG-2016,
OPTSTK,PFC,27-Oct-2016,225,PE,0,0,0,20.7,11.1,0,0,0,0,17-AUG-2016,
OPTSTK,PFC,27-Oct-2016,230,PE,0,0,0,23.55,13.3,0,0,0,0,17-AUG-2016,
OPTSTK,PFC,27-Oct-2016,235,PE,0,0,0,26.55,15.75,0,0,0,0,17-AUG-2016,
OPTSTK,PFC,27-Oct-2016,240,PE,0,0,0,29.75,18.45,0,0,0,0,17-AUG-2016,
OPTSTK,PFC,27-Oct-2016,245,PE,0,0,0,33.15,21.35,0,0,0,0,17-AUG-2016,
OPTSTK,PFC,27-Oct-2016,250,PE,0,0,0,36.65,24.45,0,0,0,0,17-AUG-2016,
OPTSTK,PFC,27-Oct-2016,255,PE,0,0,0,40.35,27.8,0,0,0,0,17-AUG-2016,
OPTSTK,PFC,27-Oct-2016,260,PE,0,0,0,44.15,31.35,0,0,0,0,17-AUG-2016,
OPTSTK,PFC,27-Oct-2016,265,PE,0,0,0,48.05,35.05,0,0,0,0,17-AUG-2016,
OPTSTK,PIDILITIND,25-Aug-2016,480,CE,0,0,0,209.75,228.45,0,0,0,0,17-AUG-2016,
OPTSTK,PIDILITIND,25-Aug-2016,490,CE,0,0,0,200.15,218.45,0,0,0,0,17-AUG-2016,
OPTSTK,PIDILITIND,25-Aug-2016,500,CE,0,0,0,190.65,208.45,0,0,0,0,17-AUG-2016,
OPTSTK,PIDILITIND,25-Aug-2016,510,CE,0,0,0,181.2,198.5,0,0,0,0,17-AUG-2016,
OPTSTK,PIDILITIND,25-Aug-2016,520,CE,0,0,0,171.85,188.5,0,0,0,0,17-AUG-2016,
OPTSTK,PIDILITIND,25-Aug-2016,530,CE,0,0,0,162.6,178.5,0,0,0,0,17-AUG-2016,
OPTSTK,PIDILITIND,25-Aug-2016,540,CE,0,0,0,153.55,168.55,0,0,0,0,17-AUG-2016,
OPTSTK,PIDILITIND,25-Aug-2016,550,CE,0,0,0,144.65,158.55,0,0,0,0,17-AUG-2016,
OPTSTK,PIDILITIND,25-Aug-2016,560,CE,0,0,0,135.9,148.55,0,0,0,0,17-AUG-2016,
OPTSTK,PIDILITIND,25-Aug-2016,570,CE,0,0,0,127.4,138.55,0,0,0,0,17-AUG-2016,
OPTSTK,PIDILITIND,25-Aug-2016,580,CE,0,0,0,119.1,128.6,0,0,0,0,17-AUG-2016,
OPTSTK,PIDILITIND,25-Aug-2016,590,CE,0,0,0,111.05,118.6,0,0,0,0,17-AUG-2016,
OPTSTK,PIDILITIND,25-Aug-2016,600,CE,0,0,0,103.3,108.6,0,0,0,0,17-AUG-2016,
OPTSTK,PIDILITIND,25-Aug-2016,610,CE,0,0,0,95.8,98.65,0,0,0,0,17-AUG-2016,
OPTSTK,PIDILITIND,25-Aug-2016,620,CE,0,0,0,88.65,88.65,0,0,0,0,17-AUG-2016,
OPTSTK,PIDILITIND,25-Aug-2016,630,CE,0,0,0,81.7,78.65,0,0,0,0,17-AUG-2016,
OPTSTK,PIDILITIND,25-Aug-2016,640,CE,0,0,0,95,68.7,0,0,1000,0,17-AUG-2016,
OPTSTK,PIDILITIND,25-Aug-2016,650,CE,0,0,0,69,58.75,0,0,0,0,17-AUG-2016,
OPTSTK,PIDILITIND,25-Aug-2016,660,CE,0,0,0,63.1,48.9,0,0,0,0,17-AUG-2016,
OPTSTK,PIDILITIND,25-Aug-2016,670,CE,0,0,0,69,39.35,0,0,1000,0,17-AUG-2016,
OPTSTK,PIDILITIND,25-Aug-2016,680,CE,0,0,0,52.4,30.25,0,0,0,0,17-AUG-2016,
OPTSTK,PIDILITIND,25-Aug-2016,690,CE,0,0,0,47.55,22.05,0,0,0,0,17-AUG-2016,
OPTSTK,PIDILITIND,25-Aug-2016,700,CE,0,0,0,17,15.05,0,0,2000,0,17-AUG-2016,
OPTSTK,PIDILITIND,25-Aug-2016,710,CE,8.9,8.9,8.9,8.9,8.9,1,7.18,2000,0,17-AUG-2016,
OPTSTK,PIDILITIND,25-Aug-2016,720,CE,6.8,6.8,4,4.3,4.3,29,210.32,42000,15000,17-AUG-2016,
OPTSTK,PIDILITIND,25-Aug-2016,730,CE,3.9,3.9,1.95,2.4,2.4,15,109.9,19000,4000,17-AUG-2016,
OPTSTK,PIDILITIND,25-Aug-2016,740,CE,1.6,1.6,1.45,1.55,1.55,3,22.24,36000,-1000,17-AUG-2016,
OPTSTK,PIDILITIND,25-Aug-2016,750,CE,0.6,1.15,0.55,1,1,5,37.54,85000,-4000,17-AUG-2016,
OPTSTK,PIDILITIND,25-Aug-2016,760,CE,0.75,1.55,0.35,1.15,1.15,28,213.04,31000,-1000,17-AUG-2016,
OPTSTK,PIDILITIND,25-Aug-2016,770,CE,0.55,0.6,0.55,0.6,0.6,3,23.11,20000,-3000,17-AUG-2016,
OPTSTK,PIDILITIND,25-Aug-2016,780,CE,0.5,0.5,0.05,0.05,0.05,3,23.41,24000,-2000,17-AUG-2016,
OPTSTK,PIDILITIND,25-Aug-2016,790,CE,0,0,0,4.35,0.05,0,0,4000,0,17-AUG-2016,
OPTSTK,PIDILITIND,25-Aug-2016,800,CE,0.4,0.4,0.4,0.4,0.4,2,16,65000,-2000,17-AUG-2016,
OPTSTK,PIDILITIND,25-Aug-2016,810,CE,0,0,0,4.9,0,0,0,1000,0,17-AUG-2016,
OPTSTK,PIDILITIND,25-Aug-2016,820,CE,0,0,0,1,0,0,0,0,0,17-AUG-2016,
OPTSTK,PIDILITIND,25-Aug-2016,830,CE,0,0,0,9.4,0,0,0,0,0,17-AUG-2016,
OPTSTK,PIDILITIND,25-Aug-2016,840,CE,0,0,0,1,0,0,0,5000,0,17-AUG-2016,
OPTSTK,PIDILITIND,25-Aug-2016,850,CE,0,0,0,2,0,0,0,2000,0,17-AUG-2016,
OPTSTK,PIDILITIND,25-Aug-2016,860,CE,0,0,0,6.3,0,0,0,0,0,17-AUG-2016,
OPTSTK,PIDILITIND,25-Aug-2016,870,CE,0,0,0,5.5,0,0,0,0,0,17-AUG-2016,
OPTSTK,PIDILITIND,25-Aug-2016,480,PE,0,0,0,0.55,0,0,0,0,0,17-AUG-2016,
OPTSTK,PIDILITIND,25-Aug-2016,490,PE,0,0,0,0.75,0,0,0,0,0,17-AUG-2016,
OPTSTK,PIDILITIND,25-Aug-2016,500,PE,0,0,0,1.05,0,0,0,0,0,17-AUG-2016,
OPTSTK,PIDILITIND,25-Aug-2016,510,PE,0,0,0,1.45,0,0,0,0,0,17-AUG-2016,
OPTSTK,PIDILITIND,25-Aug-2016,520,PE,0,0,0,1.9,0,0,0,0,0,17-AUG-2016,
OPTSTK,PIDILITIND,25-Aug-2016,530,PE,0,0,0,2.5,0,0,0,0,0,17-AUG-2016,
OPTSTK,PIDILITIND,25-Aug-2016,540,PE,0,0,0,3.25,0,0,0,0,0,17-AUG-2016,
OPTSTK,PIDILITIND,25-Aug-2016,550,PE,0,0,0,4.15,0,0,0,0,0,17-AUG-2016,
OPTSTK,PIDILITIND,25-Aug-2016,560,PE,0,0,0,5.25,0,0,0,0,0,17-AUG-2016,
OPTSTK,PIDILITIND,25-Aug-2016,570,PE,0,0,0,6.55,0,0,0,0,0,17-AUG-2016,
OPTSTK,PIDILITIND,25-Aug-2016,580,PE,0,0,0,8.1,0,0,0,0,0,17-AUG-2016,
OPTSTK,PIDILITIND,25-Aug-2016,590,PE,0,0,0,9.9,0,0,0,0,0,17-AUG-2016,
OPTSTK,PIDILITIND,25-Aug-2016,600,PE,0,0,0,11.95,0,0,0,0,0,17-AUG-2016,
OPTSTK,PIDILITIND,25-Aug-2016,610,PE,0,0,0,14.25,0,0,0,0,0,17-AUG-2016,
OPTSTK,PIDILITIND,25-Aug-2016,620,PE,0,0,0,16.9,0,0,0,0,0,17-AUG-2016,
OPTSTK,PIDILITIND,25-Aug-2016,630,PE,0,0,0,19.85,0,0,0,0,0,17-AUG-2016,
OPTSTK,PIDILITIND,25-Aug-2016,640,PE,0,0,0,23.1,0.05,0,0,0,0,17-AUG-2016,
OPTSTK,PIDILITIND,25-Aug-2016,650,PE,0,0,0,26.75,0.1,0,0,0,0,17-AUG-2016,
OPTSTK,PIDILITIND,25-Aug-2016,660,PE,0,0,0,30.7,0.25,0,0,0,0,17-AUG-2016,
OPTSTK,PIDILITIND,25-Aug-2016,670,PE,0,0,0,35,0.65,0,0,0,0,17-AUG-2016,
OPTSTK,PIDILITIND,25-Aug-2016,680,PE,0,0,0,39.6,1.55,0,0,0,0,17-AUG-2016,
OPTSTK,PIDILITIND,25-Aug-2016,690,PE,0,0,0,4.6,3.3,0,0,1000,0,17-AUG-2016,
OPTSTK,PIDILITIND,25-Aug-2016,700,PE,4.95,6.5,4.95,6.5,6.5,5,35.28,42000,1000,17-AUG-2016,
OPTSTK,PIDILITIND,25-Aug-2016,710,PE,7.5,10,7.5,9.65,9.65,3,21.57,11000,1000,17-AUG-2016,
OPTSTK,PIDILITIND,25-Aug-2016,720,PE,15.45,15.45,15.45,15.45,15.45,2,14.7,36000,0,17-AUG-2016,
OPTSTK,PIDILITIND,25-Aug-2016,730,PE,19.95,19.95,19.95,19.95,19.95,1,7.49,8000,1000,17-AUG-2016,
OPTSTK,PIDILITIND,25-Aug-2016,740,PE,0,0,0,17.95,32.65,0,0,7000,0,17-AUG-2016,
OPTSTK,PIDILITIND,25-Aug-2016,750,PE,0,0,0,40,41.85,0,0,6000,0,17-AUG-2016,
OPTSTK,PIDILITIND,25-Aug-2016,760,PE,0,0,0,22.75,51.45,0,0,2000,0,17-AUG-2016,
OPTSTK,PIDILITIND,25-Aug-2016,770,PE,0,0,0,95.6,61.25,0,0,0,0,17-AUG-2016,
OPTSTK,PIDILITIND,25-Aug-2016,780,PE,0,0,0,38.3,71.2,0,0,1000,0,17-AUG-2016,
OPTSTK,PIDILITIND,25-Aug-2016,790,PE,0,0,0,110.95,81.15,0,0,0,0,17-AUG-2016,
OPTSTK,PIDILITIND,25-Aug-2016,800,PE,0,0,0,118.9,91.15,0,0,0,0,17-AUG-2016,
OPTSTK,PIDILITIND,25-Aug-2016,810,PE,0,0,0,86,101.1,0,0,1000,0,17-AUG-2016,
OPTSTK,PIDILITIND,25-Aug-2016,820,PE,0,0,0,135.45,111.1,0,0,0,0,17-AUG-2016,
OPTSTK,PIDILITIND,25-Aug-2016,830,PE,0,0,0,143.95,121.1,0,0,0,0,17-AUG-2016,
OPTSTK,PIDILITIND,25-Aug-2016,840,PE,0,0,0,152.6,131.05,0,0,0,0,17-AUG-2016,
OPTSTK,PIDILITIND,25-Aug-2016,850,PE,0,0,0,161.4,141.05,0,0,0,0,17-AUG-2016,
OPTSTK,PIDILITIND,25-Aug-2016,860,PE,0,0,0,170.3,151.05,0,0,0,0,17-AUG-2016,
OPTSTK,PIDILITIND,25-Aug-2016,870,PE,0,0,0,179.3,161,0,0,0,0,17-AUG-2016,
OPTSTK,PIDILITIND,29-Sep-2016,520,CE,0,0,0,209.15,191.95,0,0,0,0,17-AUG-2016,
OPTSTK,PIDILITIND,29-Sep-2016,530,CE,0,0,0,199.35,182,0,0,0,0,17-AUG-2016,
OPTSTK,PIDILITIND,29-Sep-2016,540,CE,0,0,0,189.6,172.1,0,0,0,0,17-AUG-2016,
OPTSTK,PIDILITIND,29-Sep-2016,550,CE,0,0,0,179.85,162.2,0,0,0,0,17-AUG-2016,
OPTSTK,PIDILITIND,29-Sep-2016,560,CE,0,0,0,170.1,152.3,0,0,0,0,17-AUG-2016,
OPTSTK,PIDILITIND,29-Sep-2016,570,CE,0,0,0,160.45,142.4,0,0,0,0,17-AUG-2016,
OPTSTK,PIDILITIND,29-Sep-2016,580,CE,0,0,0,150.9,132.55,0,0,0,0,17-AUG-2016,
OPTSTK,PIDILITIND,29-Sep-2016,590,CE,0,0,0,141.4,122.7,0,0,0,0,17-AUG-2016,
OPTSTK,PIDILITIND,29-Sep-2016,600,CE,0,0,0,132,112.95,0,0,0,0,17-AUG-2016,
OPTSTK,PIDILITIND,29-Sep-2016,610,CE,0,0,0,122.8,103.3,0,0,0,0,17-AUG-2016,
OPTSTK,PIDILITIND,29-Sep-2016,620,CE,0,0,0,113.75,93.8,0,0,0,0,17-AUG-2016,
OPTSTK,PIDILITIND,29-Sep-2016,630,CE,0,0,0,104.9,84.45,0,0,0,0,17-AUG-2016,
OPTSTK,PIDILITIND,29-Sep-2016,640,CE,0,0,0,96.35,75.4,0,0,0,0,17-AUG-2016,
OPTSTK,PIDILITIND,29-Sep-2016,650,CE,0,0,0,88.05,66.7,0,0,0,0,17-AUG-2016,
OPTSTK,PIDILITIND,29-Sep-2016,660,CE,0,0,0,80.1,58.4,0,0,0,0,17-AUG-2016,
OPTSTK,PIDILITIND,29-Sep-2016,670,CE,0,0,0,72.45,50.55,0,0,0,0,17-AUG-2016,
OPTSTK,PIDILITIND,29-Sep-2016,680,CE,0,0,0,65.25,43.25,0,0,0,0,17-AUG-2016,
OPTSTK,PIDILITIND,29-Sep-2016,690,CE,0,0,0,58.4,36.6,0,0,0,0,17-AUG-2016,
OPTSTK,PIDILITIND,29-Sep-2016,700,CE,0,0,0,52,30.55,0,0,0,0,17-AUG-2016,
OPTSTK,PIDILITIND,29-Sep-2016,710,CE,0,0,0,46.05,25.2,0,0,0,0,17-AUG-2016,
OPTSTK,PIDILITIND,29-Sep-2016,720,CE,0,0,0,40.6,20.5,0,0,0,0,17-AUG-2016,
OPTSTK,PIDILITIND,29-Sep-2016,730,CE,0,0,0,35.55,16.45,0,0,0,0,17-AUG-2016,
OPTSTK,PIDILITIND,29-Sep-2016,740,CE,0,0,0,30.95,13.05,0,0,0,0,17-AUG-2016,
OPTSTK,PIDILITIND,29-Sep-2016,750,CE,0,0,0,26.8,10.2,0,0,0,0,17-AUG-2016,
OPTSTK,PIDILITIND,29-Sep-2016,760,CE,0,0,0,23.1,7.85,0,0,0,0,17-AUG-2016,
OPTSTK,PIDILITIND,29-Sep-2016,770,CE,0,0,0,19.8,6,0,0,0,0,17-AUG-2016,
OPTSTK,PIDILITIND,29-Sep-2016,780,CE,0,0,0,16.85,4.5,0,0,0,0,17-AUG-2016,
OPTSTK,PIDILITIND,29-Sep-2016,790,CE,0,0,0,14.3,3.35,0,0,0,0,17-AUG-2016,
OPTSTK,PIDILITIND,29-Sep-2016,800,CE,0,0,0,12.05,2.45,0,0,0,0,17-AUG-2016,
OPTSTK,PIDILITIND,29-Sep-2016,810,CE,0,0,0,10.1,1.75,0,0,0,0,17-AUG-2016,
OPTSTK,PIDILITIND,29-Sep-2016,820,CE,0,0,0,8.45,1.25,0,0,0,0,17-AUG-2016,
OPTSTK,PIDILITIND,29-Sep-2016,830,CE,0,0,0,7,0.9,0,0,0,0,17-AUG-2016,
OPTSTK,PIDILITIND,29-Sep-2016,840,CE,0,0,0,5.8,0.6,0,0,0,0,17-AUG-2016,
OPTSTK,PIDILITIND,29-Sep-2016,850,CE,0,0,0,4.75,0.45,0,0,0,0,17-AUG-2016,
OPTSTK,PIDILITIND,29-Sep-2016,860,CE,0,0,0,3.9,0.3,0,0,0,0,17-AUG-2016,
OPTSTK,PIDILITIND,29-Sep-2016,870,CE,0,0,0,3.15,0.2,0,0,0,0,17-AUG-2016,
OPTSTK,PIDILITIND,29-Sep-2016,520,PE,0,0,0,0.05,0,0,0,0,0,17-AUG-2016,
OPTSTK,PIDILITIND,29-Sep-2016,530,PE,0,0,0,0.1,0,0,0,0,0,17-AUG-2016,
OPTSTK,PIDILITIND,29-Sep-2016,540,PE,0,0,0,0.15,0.05,0,0,0,0,17-AUG-2016,
OPTSTK,PIDILITIND,29-Sep-2016,550,PE,0,0,0,0.2,0.05,0,0,0,0,17-AUG-2016,
OPTSTK,PIDILITIND,29-Sep-2016,560,PE,0,0,0,0.35,0.05,0,0,0,0,17-AUG-2016,
OPTSTK,PIDILITIND,29-Sep-2016,570,PE,0,0,0,0.5,0.1,0,0,0,0,17-AUG-2016,
OPTSTK,PIDILITIND,29-Sep-2016,580,PE,0,0,0,0.75,0.15,0,0,0,0,17-AUG-2016,
OPTSTK,PIDILITIND,29-Sep-2016,590,PE,0,0,0,1.05,0.25,0,0,0,0,17-AUG-2016,
OPTSTK,PIDILITIND,29-Sep-2016,600,PE,0,0,0,1.5,0.4,0,0,0,0,17-AUG-2016,
OPTSTK,PIDILITIND,29-Sep-2016,610,PE,0,0,0,2.1,0.65,0,0,0,0,17-AUG-2016,
OPTSTK,PIDILITIND,29-Sep-2016,620,PE,0,0,0,2.9,1.05,0,0,0,0,17-AUG-2016,
OPTSTK,PIDILITIND,29-Sep-2016,630,PE,0,0,0,3.9,1.65,0,0,0,0,17-AUG-2016,
OPTSTK,PIDILITIND,29-Sep-2016,640,PE,0,0,0,5.15,2.55,0,0,0,0,17-AUG-2016,
OPTSTK,PIDILITIND,29-Sep-2016,650,PE,0,0,0,6.65,3.75,0,0,0,0,17-AUG-2016,
OPTSTK,PIDILITIND,29-Sep-2016,660,PE,0,0,0,8.5,5.35,0,0,0,0,17-AUG-2016,
OPTSTK,PIDILITIND,29-Sep-2016,670,PE,0,0,0,10.7,7.45,0,0,0,0,17-AUG-2016,
OPTSTK,PIDILITIND,29-Sep-2016,680,PE,0,0,0,13.35,10.05,0,0,0,0,17-AUG-2016,
OPTSTK,PIDILITIND,29-Sep-2016,690,PE,0,0,0,16.3,13.3,0,0,0,0,17-AUG-2016,
OPTSTK,PIDILITIND,29-Sep-2016,700,PE,0,0,0,13.95,17.2,0,0,1000,0,17-AUG-2016,
OPTSTK,PIDILITIND,29-Sep-2016,710,PE,0,0,0,23.65,21.75,0,0,0,0,17-AUG-2016,
OPTSTK,PIDILITIND,29-Sep-2016,720,PE,0,0,0,27.95,27,0,0,0,0,17-AUG-2016,
OPTSTK,PIDILITIND,29-Sep-2016,730,PE,0,0,0,32.75,32.85,0,0,0,0,17-AUG-2016,
OPTSTK,PIDILITIND,29-Sep-2016,740,PE,0,0,0,38,39.35,0,0,0,0,17-AUG-2016,
OPTSTK,PIDILITIND,29-Sep-2016,750,PE,0,0,0,43.65,46.4,0,0,0,0,17-AUG-2016,
OPTSTK,PIDILITIND,29-Sep-2016,760,PE,0,0,0,49.8,54,0,0,0,0,17-AUG-2016,
OPTSTK,PIDILITIND,29-Sep-2016,770,PE,0,0,0,56.3,62.05,0,0,0,0,17-AUG-2016,
OPTSTK,PIDILITIND,29-Sep-2016,780,PE,0,0,0,63.2,70.5,0,0,0,0,17-AUG-2016,
OPTSTK,PIDILITIND,29-Sep-2016,790,PE,0,0,0,70.45,79.25,0,0,0,0,17-AUG-2016,
OPTSTK,PIDILITIND,29-Sep-2016,800,PE,0,0,0,78,88.25,0,0,0,0,17-AUG-2016,
OPTSTK,PIDILITIND,29-Sep-2016,810,PE,0,0,0,85.9,97.5,0,0,0,0,17-AUG-2016,
OPTSTK,PIDILITIND,29-Sep-2016,820,PE,0,0,0,94.05,106.9,0,0,0,0,17-AUG-2016,
OPTSTK,PIDILITIND,29-Sep-2016,830,PE,0,0,0,102.45,116.45,0,0,0,0,17-AUG-2016,
OPTSTK,PIDILITIND,29-Sep-2016,840,PE,0,0,0,111.05,126.1,0,0,0,0,17-AUG-2016,
OPTSTK,PIDILITIND,29-Sep-2016,850,PE,0,0,0,119.85,135.85,0,0,0,0,17-AUG-2016,
OPTSTK,PIDILITIND,29-Sep-2016,860,PE,0,0,0,128.8,145.65,0,0,0,0,17-AUG-2016,
OPTSTK,PIDILITIND,29-Sep-2016,870,PE,0,0,0,137.9,155.45,0,0,0,0,17-AUG-2016,
OPTSTK,PIDILITIND,27-Oct-2016,550,CE,0,0,0,211.1,165.2,0,0,0,0,17-AUG-2016,
OPTSTK,PIDILITIND,27-Oct-2016,560,CE,0,0,0,201.3,155.4,0,0,0,0,17-AUG-2016,
OPTSTK,PIDILITIND,27-Oct-2016,570,CE,0,0,0,191.5,145.7,0,0,0,0,17-AUG-2016,
OPTSTK,PIDILITIND,27-Oct-2016,580,CE,0,0,0,181.75,136.05,0,0,0,0,17-AUG-2016,
OPTSTK,PIDILITIND,27-Oct-2016,590,CE,0,0,0,172.05,126.5,0,0,0,0,17-AUG-2016,
OPTSTK,PIDILITIND,27-Oct-2016,600,CE,0,0,0,162.35,117.1,0,0,0,0,17-AUG-2016,
OPTSTK,PIDILITIND,27-Oct-2016,610,CE,0,0,0,152.75,107.85,0,0,0,0,17-AUG-2016,
OPTSTK,PIDILITIND,27-Oct-2016,620,CE,0,0,0,143.2,98.8,0,0,0,0,17-AUG-2016,
OPTSTK,PIDILITIND,27-Oct-2016,630,CE,0,0,0,133.8,90,0,0,0,0,17-AUG-2016,
OPTSTK,PIDILITIND,27-Oct-2016,640,CE,0,0,0,124.55,81.5,0,0,0,0,17-AUG-2016,
OPTSTK,PIDILITIND,27-Oct-2016,650,CE,0,0,0,115.4,73.35,0,0,0,0,17-AUG-2016,
OPTSTK,PIDILITIND,27-Oct-2016,660,CE,0,0,0,106.55,65.6,0,0,0,0,17-AUG-2016,
OPTSTK,PIDILITIND,27-Oct-2016,670,CE,0,0,0,97.85,58.25,0,0,0,0,17-AUG-2016,
OPTSTK,PIDILITIND,27-Oct-2016,680,CE,0,0,0,89.5,51.35,0,0,0,0,17-AUG-2016,
OPTSTK,PIDILITIND,27-Oct-2016,690,CE,0,0,0,81.45,45,0,0,0,0,17-AUG-2016,
OPTSTK,PIDILITIND,27-Oct-2016,700,CE,0,0,0,73.7,39.1,0,0,0,0,17-AUG-2016,
OPTSTK,PIDILITIND,27-Oct-2016,710,CE,0,0,0,66.4,33.75,0,0,0,0,17-AUG-2016,
OPTSTK,PIDILITIND,27-Oct-2016,720,CE,0,0,0,59.45,28.9,0,0,0,0,17-AUG-2016,
OPTSTK,PIDILITIND,27-Oct-2016,730,CE,0,0,0,52.95,24.55,0,0,0,0,17-AUG-2016,
OPTSTK,PIDILITIND,27-Oct-2016,740,CE,0,0,0,46.9,20.75,0,0,0,0,17-AUG-2016,
OPTSTK,PIDILITIND,27-Oct-2016,750,CE,0,0,0,41.3,17.35,0,0,0,0,17-AUG-2016,
OPTSTK,PIDILITIND,27-Oct-2016,760,CE,0,0,0,36.15,14.45,0,0,0,0,17-AUG-2016,
OPTSTK,PIDILITIND,27-Oct-2016,770,CE,0,0,0,31.45,11.95,0,0,0,0,17-AUG-2016,
OPTSTK,PIDILITIND,27-Oct-2016,780,CE,0,0,0,27.25,9.75,0,0,0,0,17-AUG-2016,
OPTSTK,PIDILITIND,27-Oct-2016,790,CE,0,0,0,23.4,7.95,0,0,0,0,17-AUG-2016,
OPTSTK,PIDILITIND,27-Oct-2016,800,CE,0,0,0,20.05,6.4,0,0,0,0,17-AUG-2016,
OPTSTK,PIDILITIND,27-Oct-2016,810,CE,0,0,0,17.05,5.15,0,0,0,0,17-AUG-2016,
OPTSTK,PIDILITIND,27-Oct-2016,820,CE,0,0,0,14.45,4.1,0,0,0,0,17-AUG-2016,
OPTSTK,PIDILITIND,27-Oct-2016,830,CE,0,0,0,12.15,3.25,0,0,0,0,17-AUG-2016,
OPTSTK,PIDILITIND,27-Oct-2016,840,CE,0,0,0,10.15,2.55,0,0,0,0,17-AUG-2016,
OPTSTK,PIDILITIND,27-Oct-2016,850,CE,0,0,0,8.45,2,0,0,0,0,17-AUG-2016,
OPTSTK,PIDILITIND,27-Oct-2016,860,CE,0,0,0,7,1.55,0,0,0,0,17-AUG-2016,
OPTSTK,PIDILITIND,27-Oct-2016,870,CE,0,0,0,5.75,1.2,0,0,0,0,17-AUG-2016,
OPTSTK,PIDILITIND,27-Oct-2016,550,PE,0,0,0,0.05,0.15,0,0,0,0,17-AUG-2016,
OPTSTK,PIDILITIND,27-Oct-2016,560,PE,0,0,0,0.1,0.25,0,0,0,0,17-AUG-2016,
OPTSTK,PIDILITIND,27-Oct-2016,570,PE,0,0,0,0.15,0.4,0,0,0,0,17-AUG-2016,
OPTSTK,PIDILITIND,27-Oct-2016,580,PE,0,0,0,0.2,0.6,0,0,0,0,17-AUG-2016,
OPTSTK,PIDILITIND,27-Oct-2016,590,PE,0,0,0,0.3,0.95,0,0,0,0,17-AUG-2016,
OPTSTK,PIDILITIND,27-Oct-2016,600,PE,0,0,0,0.45,1.4,0,0,0,0,17-AUG-2016,
OPTSTK,PIDILITIND,27-Oct-2016,610,PE,0,0,0,0.65,2,0,0,0,0,17-AUG-2016,
OPTSTK,PIDILITIND,27-Oct-2016,620,PE,0,0,0,0.95,2.8,0,0,0,0,17-AUG-2016,
OPTSTK,PIDILITIND,27-Oct-2016,630,PE,0,0,0,1.4,3.9,0,0,0,0,17-AUG-2016,
OPTSTK,PIDILITIND,27-Oct-2016,640,PE,0,0,0,1.95,5.25,0,0,0,0,17-AUG-2016,
OPTSTK,PIDILITIND,27-Oct-2016,650,PE,0,0,0,2.65,7,0,0,0,0,17-AUG-2016,
OPTSTK,PIDILITIND,27-Oct-2016,660,PE,0,0,0,3.6,9.1,0,0,0,0,17-AUG-2016,
OPTSTK,PIDILITIND,27-Oct-2016,670,PE,0,0,0,4.75,11.65,0,0,0,0,17-AUG-2016,
OPTSTK,PIDILITIND,27-Oct-2016,680,PE,0,0,0,6.2,14.6,0,0,0,0,17-AUG-2016,
OPTSTK,PIDILITIND,27-Oct-2016,690,PE,0,0,0,7.95,18.1,0,0,0,0,17-AUG-2016,
OPTSTK,PIDILITIND,27-Oct-2016,700,PE,0,0,0,10.1,22.05,0,0,0,0,17-AUG-2016,
OPTSTK,PIDILITIND,27-Oct-2016,710,PE,0,0,0,12.6,26.6,0,0,0,0,17-AUG-2016,
OPTSTK,PIDILITIND,27-Oct-2016,720,PE,0,0,0,15.45,31.6,0,0,0,0,17-AUG-2016,
OPTSTK,PIDILITIND,27-Oct-2016,730,PE,0,0,0,18.8,37.15,0,0,0,0,17-AUG-2016,
OPTSTK,PIDILITIND,27-Oct-2016,740,PE,0,0,0,22.55,43.15,0,0,0,0,17-AUG-2016,
OPTSTK,PIDILITIND,27-Oct-2016,750,PE,0,0,0,26.8,49.65,0,0,0,0,17-AUG-2016,
OPTSTK,PIDILITIND,27-Oct-2016,760,PE,0,0,0,31.5,56.6,0,0,0,0,17-AUG-2016,
OPTSTK,PIDILITIND,27-Oct-2016,770,PE,0,0,0,36.65,64,0,0,0,0,17-AUG-2016,
OPTSTK,PIDILITIND,27-Oct-2016,780,PE,0,0,0,42.25,71.65,0,0,0,0,17-AUG-2016,
OPTSTK,PIDILITIND,27-Oct-2016,790,PE,0,0,0,48.25,79.7,0,0,0,0,17-AUG-2016,
OPTSTK,PIDILITIND,27-Oct-2016,800,PE,0,0,0,54.7,88.05,0,0,0,0,17-AUG-2016,
OPTSTK,PIDILITIND,27-Oct-2016,810,PE,0,0,0,61.55,96.65,0,0,0,0,17-AUG-2016,
OPTSTK,PIDILITIND,27-Oct-2016,820,PE,0,0,0,68.75,105.45,0,0,0,0,17-AUG-2016,
OPTSTK,PIDILITIND,27-Oct-2016,830,PE,0,0,0,76.25,114.5,0,0,0,0,17-AUG-2016,
OPTSTK,PIDILITIND,27-Oct-2016,840,PE,0,0,0,84.1,123.65,0,0,0,0,17-AUG-2016,
OPTSTK,PIDILITIND,27-Oct-2016,850,PE,0,0,0,92.25,132.95,0,0,0,0,17-AUG-2016,
OPTSTK,PIDILITIND,27-Oct-2016,860,PE,0,0,0,100.6,142.4,0,0,0,0,17-AUG-2016,
OPTSTK,PIDILITIND,27-Oct-2016,870,PE,0,0,0,109.2,151.9,0,0,0,0,17-AUG-2016,
OPTSTK,PNB,25-Aug-2016,52.5,CE,0,0,0,23.2,72.6,0,0,0,0,17-AUG-2016,
OPTSTK,PNB,25-Aug-2016,55,CE,0,0,0,20.9,70.1,0,0,0,0,17-AUG-2016,
OPTSTK,PNB,25-Aug-2016,57.5,CE,0,0,0,18.7,67.6,0,0,0,0,17-AUG-2016,
OPTSTK,PNB,25-Aug-2016,60,CE,0,0,0,16.55,65.1,0,0,0,0,17-AUG-2016,
OPTSTK,PNB,25-Aug-2016,62.5,CE,0,0,0,14.55,62.6,0,0,0,0,17-AUG-2016,
OPTSTK,PNB,25-Aug-2016,65,CE,0,0,0,12.65,60.1,0,0,0,0,17-AUG-2016,
OPTSTK,PNB,25-Aug-2016,67.5,CE,0,0,0,10.95,57.6,0,0,0,0,17-AUG-2016,
OPTSTK,PNB,25-Aug-2016,70,CE,0,0,0,9.35,55.1,0,0,0,0,17-AUG-2016,
OPTSTK,PNB,25-Aug-2016,72.5,CE,0,0,0,7.95,52.65,0,0,0,0,17-AUG-2016,
OPTSTK,PNB,25-Aug-2016,75,CE,0,0,0,6.7,50.15,0,0,0,0,17-AUG-2016,
OPTSTK,PNB,25-Aug-2016,77.5,CE,0,0,0,5.55,47.65,0,0,0,0,17-AUG-2016,
OPTSTK,PNB,25-Aug-2016,80,CE,0,0,0,48.55,45.15,0,0,77000,0,17-AUG-2016,
OPTSTK,PNB,25-Aug-2016,82.5,CE,0,0,0,3.8,42.65,0,0,0,0,17-AUG-2016,
OPTSTK,PNB,25-Aug-2016,85,CE,0,0,0,3.1,40.15,0,0,0,0,17-AUG-2016,
OPTSTK,PNB,25-Aug-2016,87.5,CE,0,0,0,2.5,37.65,0,0,0,0,17-AUG-2016,
OPTSTK,PNB,25-Aug-2016,90,CE,0,0,0,40.5,35.15,0,0,7000,0,17-AUG-2016,
OPTSTK,PNB,25-Aug-2016,92.5,CE,0,0,0,1.65,32.65,0,0,0,0,17-AUG-2016,
OPTSTK,PNB,25-Aug-2016,95,CE,0,0,0,35.3,30.15,0,0,42000,0,17-AUG-2016,
OPTSTK,PNB,25-Aug-2016,97.5,CE,0,0,0,19.95,27.65,0,0,14000,0,17-AUG-2016,
OPTSTK,PNB,25-Aug-2016,100,CE,0,0,0,16.2,25.2,0,0,63000,0,17-AUG-2016,
OPTSTK,PNB,25-Aug-2016,102.5,CE,0,0,0,17.2,22.7,0,0,14000,0,17-AUG-2016,
OPTSTK,PNB,25-Aug-2016,105,CE,0,0,0,17.7,20.25,0,0,21000,0,17-AUG-2016,
OPTSTK,PNB,25-Aug-2016,107.5,CE,0,0,0,9.65,17.8,0,0,21000,0,17-AUG-2016,
OPTSTK,PNB,25-Aug-2016,110,CE,14.7,16.3,14.7,16.3,16.3,4,35.12,147000,-7000,17-AUG-2016,
OPTSTK,PNB,25-Aug-2016,112.5,CE,12.5,12.5,12.5,12.5,12.5,1,8.75,21000,0,17-AUG-2016,
OPTSTK,PNB,25-Aug-2016,115,CE,9,12,8.75,10.55,10.55,28,245.97,434000,-105000,17-AUG-2016,
OPTSTK,PNB,25-Aug-2016,117.5,CE,7,9,7,8,8,7,61.49,140000,0,17-AUG-2016,
OPTSTK,PNB,25-Aug-2016,120,CE,4.25,7.5,4.1,6.25,6.25,241,2123.49,1631000,-336000,17-AUG-2016,
OPTSTK,PNB,25-Aug-2016,122.5,CE,3.2,5.6,3,4.5,4.5,96,851.99,357000,-112000,17-AUG-2016,
OPTSTK,PNB,25-Aug-2016,125,CE,1.9,4.15,1.9,3.1,3.1,1526,13694.17,2541000,-658000,17-AUG-2016,
OPTSTK,PNB,25-Aug-2016,127.5,CE,1.45,2.9,1.4,2.05,2.05,442,4018.25,791000,210000,17-AUG-2016,
OPTSTK,PNB,25-Aug-2016,130,CE,0.9,2.1,0.9,1.4,1.4,1727,15902,4466000,7000,17-AUG-2016,
OPTSTK,PNB,25-Aug-2016,132.5,CE,0.8,1.45,0.65,0.95,0.95,120,1121.84,721000,182000,17-AUG-2016,
OPTSTK,PNB,25-Aug-2016,135,CE,0.5,1,0.4,0.65,0.65,734,6971.83,3227000,-273000,17-AUG-2016,
OPTSTK,PNB,25-Aug-2016,137.5,CE,0.35,0.7,0.3,0.4,0.4,35,338.04,448000,77000,17-AUG-2016,
OPTSTK,PNB,25-Aug-2016,140,CE,0.25,0.5,0.2,0.3,0.3,616,6051.57,3493000,-42000,17-AUG-2016,
OPTSTK,PNB,25-Aug-2016,142.5,CE,0.2,0.35,0.15,0.2,0.2,28,279.86,504000,84000,17-AUG-2016,
OPTSTK,PNB,25-Aug-2016,145,CE,0.15,0.25,0.1,0.15,0.15,62,630.08,1274000,-112000,17-AUG-2016,
OPTSTK,PNB,25-Aug-2016,147.5,CE,0.15,0.15,0.15,0.15,0.15,7,72.34,189000,21000,17-AUG-2016,
OPTSTK,PNB,25-Aug-2016,150,CE,0.1,0.2,0.1,0.1,0.1,230,2417.22,4277000,-84000,17-AUG-2016,
OPTSTK,PNB,25-Aug-2016,152.5,CE,0.15,0.15,0.15,0.15,0.15,1,10.68,91000,-7000,17-AUG-2016,
OPTSTK,PNB,25-Aug-2016,155,CE,0.05,0.1,0.05,0.1,0.1,7,75.99,1351000,-28000,17-AUG-2016,
OPTSTK,PNB,25-Aug-2016,52.5,PE,0,0,0,0.25,0,0,0,0,0,17-AUG-2016,
OPTSTK,PNB,25-Aug-2016,55,PE,0,0,0,0.4,0,0,0,0,0,17-AUG-2016,
OPTSTK,PNB,25-Aug-2016,57.5,PE,0,0,0,0.6,0,0,0,0,0,17-AUG-2016,
OPTSTK,PNB,25-Aug-2016,60,PE,0,0,0,0.95,0,0,0,0,0,17-AUG-2016,
OPTSTK,PNB,25-Aug-2016,62.5,PE,0,0,0,1.4,0,0,0,0,0,17-AUG-2016,
OPTSTK,PNB,25-Aug-2016,65,PE,0,0,0,1.95,0,0,0,0,0,17-AUG-2016,
OPTSTK,PNB,25-Aug-2016,67.5,PE,0,0,0,2.7,0,0,0,0,0,17-AUG-2016,
OPTSTK,PNB,25-Aug-2016,70,PE,0,0,0,3.55,0,0,0,0,0,17-AUG-2016,
OPTSTK,PNB,25-Aug-2016,72.5,PE,0,0,0,4.6,0,0,0,0,0,17-AUG-2016,
OPTSTK,PNB,25-Aug-2016,75,PE,0,0,0,5.8,0,0,0,0,0,17-AUG-2016,
OPTSTK,PNB,25-Aug-2016,77.5,PE,0,0,0,7.15,0,0,0,0,0,17-AUG-2016,
OPTSTK,PNB,25-Aug-2016,80,PE,0,0,0,0.05,0,0,0,7000,0,17-AUG-2016,
OPTSTK,PNB,25-Aug-2016,82.5,PE,0,0,0,0.05,0,0,0,21000,0,17-AUG-2016,
OPTSTK,PNB,25-Aug-2016,85,PE,0,0,0,0.05,0,0,0,259000,0,17-AUG-2016,
OPTSTK,PNB,25-Aug-2016,87.5,PE,0,0,0,13.9,0,0,0,0,0,17-AUG-2016,
OPTSTK,PNB,25-Aug-2016,90,PE,0.05,0.05,0.05,0.05,0.05,9,56.73,168000,-14000,17-AUG-2016,
OPTSTK,PNB,25-Aug-2016,92.5,PE,0,0,0,17.95,0,0,0,0,0,17-AUG-2016,
OPTSTK,PNB,25-Aug-2016,95,PE,0.05,0.1,0.05,0.1,0.1,4,26.62,280000,-14000,17-AUG-2016,
OPTSTK,PNB,25-Aug-2016,97.5,PE,0.1,0.1,0.1,0.1,0.1,3,20.49,70000,0,17-AUG-2016,
OPTSTK,PNB,25-Aug-2016,100,PE,0.1,0.15,0.05,0.1,0.1,23,161.15,1386000,-35000,17-AUG-2016,
OPTSTK,PNB,25-Aug-2016,102.5,PE,0.1,0.1,0.1,0.1,0.1,12,86.18,105000,70000,17-AUG-2016,
OPTSTK,PNB,25-Aug-2016,105,PE,0.15,0.2,0.1,0.1,0.1,108,794.7,728000,-147000,17-AUG-2016,
OPTSTK,PNB,25-Aug-2016,107.5,PE,0.2,0.2,0.1,0.2,0.2,54,406.95,406000,70000,17-AUG-2016,
OPTSTK,PNB,25-Aug-2016,110,PE,0.4,0.4,0.15,0.25,0.25,179,1381.35,2128000,14000,17-AUG-2016,
OPTSTK,PNB,25-Aug-2016,112.5,PE,0.5,0.5,0.25,0.3,0.3,46,363.35,287000,-63000,17-AUG-2016,
OPTSTK,PNB,25-Aug-2016,115,PE,0.9,0.9,0.35,0.45,0.45,270,2183.55,1197000,-56000,17-AUG-2016,
OPTSTK,PNB,25-Aug-2016,117.5,PE,1.35,1.45,0.6,0.65,0.65,93,770.33,490000,154000,17-AUG-2016,
OPTSTK,PNB,25-Aug-2016,120,PE,1.85,2.15,1,1.15,1.15,675,5732.21,2597000,84000,17-AUG-2016,
OPTSTK,PNB,25-Aug-2016,122.5,PE,2.95,3.2,1.55,1.85,1.85,97,845.76,364000,147000,17-AUG-2016,
OPTSTK,PNB,25-Aug-2016,125,PE,4,4.25,2.35,2.95,2.95,271,2425.84,1449000,651000,17-AUG-2016,
OPTSTK,PNB,25-Aug-2016,127.5,PE,4.9,4.9,4,4.1,4.1,6,55.33,35000,-7000,17-AUG-2016,
OPTSTK,PNB,25-Aug-2016,130,PE,7.5,8.6,5.5,6.25,6.25,58,553.38,483000,-168000,17-AUG-2016,
OPTSTK,PNB,25-Aug-2016,132.5,PE,10.3,10.3,10.3,10.3,10.3,2,19.99,56000,14000,17-AUG-2016,
OPTSTK,PNB,25-Aug-2016,135,PE,9.8,9.8,9.8,9.8,9.8,1,10.13,224000,7000,17-AUG-2016,
OPTSTK,PNB,25-Aug-2016,137.5,PE,0,0,0,10.25,13.05,0,0,7000,0,17-AUG-2016,
OPTSTK,PNB,25-Aug-2016,140,PE,0,0,0,17.85,15.3,0,0,28000,0,17-AUG-2016,
OPTSTK,PNB,25-Aug-2016,142.5,PE,0,0,0,13.6,17.6,0,0,7000,0,17-AUG-2016,
OPTSTK,PNB,25-Aug-2016,145,PE,0,0,0,22.2,20,0,0,14000,0,17-AUG-2016,
OPTSTK,PNB,25-Aug-2016,147.5,PE,0,0,0,17.05,22.4,0,0,7000,0,17-AUG-2016,
OPTSTK,PNB,25-Aug-2016,150,PE,0,0,0,21.5,24.85,0,0,7000,0,17-AUG-2016,
OPTSTK,PNB,25-Aug-2016,152.5,PE,0,0,0,20.95,27.35,0,0,7000,0,17-AUG-2016,
OPTSTK,PNB,25-Aug-2016,155,PE,0,0,0,40.2,29.8,0,0,0,0,17-AUG-2016,
OPTSTK,PNB,29-Sep-2016,65,CE,0,0,0,42.15,60.55,0,0,0,0,17-AUG-2016,
OPTSTK,PNB,29-Sep-2016,67.5,CE,0,0,0,39.75,58.05,0,0,0,0,17-AUG-2016,
OPTSTK,PNB,29-Sep-2016,70,CE,0,0,0,37.35,55.6,0,0,0,0,17-AUG-2016,
OPTSTK,PNB,29-Sep-2016,72.5,CE,0,0,0,35,53.1,0,0,0,0,17-AUG-2016,
OPTSTK,PNB,29-Sep-2016,75,CE,0,0,0,32.7,50.65,0,0,0,0,17-AUG-2016,
OPTSTK,PNB,29-Sep-2016,77.5,CE,0,0,0,30.4,48.2,0,0,0,0,17-AUG-2016,
OPTSTK,PNB,29-Sep-2016,80,CE,0,0,0,28.2,45.75,0,0,0,0,17-AUG-2016,
OPTSTK,PNB,29-Sep-2016,82.5,CE,0,0,0,26.05,43.3,0,0,0,0,17-AUG-2016,
OPTSTK,PNB,29-Sep-2016,85,CE,0,0,0,23.95,40.85,0,0,0,0,17-AUG-2016,
OPTSTK,PNB,29-Sep-2016,87.5,CE,0,0,0,21.95,38.45,0,0,0,0,17-AUG-2016,
OPTSTK,PNB,29-Sep-2016,90,CE,0,0,0,20.05,36.1,0,0,0,0,17-AUG-2016,
OPTSTK,PNB,29-Sep-2016,92.5,CE,0,0,0,18.25,33.75,0,0,0,0,17-AUG-2016,
OPTSTK,PNB,29-Sep-2016,95,CE,0,0,0,16.55,31.5,0,0,0,0,17-AUG-2016,
OPTSTK,PNB,29-Sep-2016,97.5,CE,0,0,0,14.95,29.25,0,0,0,0,17-AUG-2016,
OPTSTK,PNB,29-Sep-2016,100,CE,0,0,0,13.45,27.05,0,0,0,0,17-AUG-2016,
OPTSTK,PNB,29-Sep-2016,102.5,CE,0,0,0,12.05,24.95,0,0,0,0,17-AUG-2016,
OPTSTK,PNB,29-Sep-2016,105,CE,0,0,0,10.75,22.95,0,0,0,0,17-AUG-2016,
OPTSTK,PNB,29-Sep-2016,107.5,CE,0,0,0,9.55,21,0,0,0,0,17-AUG-2016,
OPTSTK,PNB,29-Sep-2016,110,CE,0,0,0,8.5,19.15,0,0,0,0,17-AUG-2016,
OPTSTK,PNB,29-Sep-2016,112.5,CE,14.5,15,14.5,15,15,2,17.81,14000,14000,17-AUG-2016,
OPTSTK,PNB,29-Sep-2016,115,CE,13,13.5,12.1,12.25,12.25,10,89.2,98000,70000,17-AUG-2016,
OPTSTK,PNB,29-Sep-2016,117.5,CE,0,0,0,6.75,14.2,0,0,0,0,17-AUG-2016,
OPTSTK,PNB,29-Sep-2016,120,CE,8.65,9.3,8.2,9.3,9.3,15,135.35,56000,14000,17-AUG-2016,
OPTSTK,PNB,29-Sep-2016,122.5,CE,0,0,0,4.45,11.4,0,0,0,0,17-AUG-2016,
OPTSTK,PNB,29-Sep-2016,125,CE,7.5,7.65,6.5,6.85,6.85,14,129.38,224000,42000,17-AUG-2016,
OPTSTK,PNB,29-Sep-2016,127.5,CE,0,0,0,3.35,9.05,0,0,0,0,17-AUG-2016,
OPTSTK,PNB,29-Sep-2016,130,CE,3.9,5.4,3.9,4.6,4.6,10,94.25,196000,49000,17-AUG-2016,
OPTSTK,PNB,29-Sep-2016,132.5,CE,0,0,0,2.3,7.05,0,0,7000,0,17-AUG-2016,
OPTSTK,PNB,29-Sep-2016,135,CE,2.75,3.75,2.75,3.15,3.15,7,67.72,42000,35000,17-AUG-2016,
OPTSTK,PNB,29-Sep-2016,137.5,CE,0,0,0,1.9,5.45,0,0,0,0,17-AUG-2016,
OPTSTK,PNB,29-Sep-2016,140,CE,2.5,2.5,2.05,2.1,2.1,9,89.66,77000,28000,17-AUG-2016,
OPTSTK,PNB,29-Sep-2016,142.5,CE,0,0,0,1.2,4.15,0,0,28000,0,17-AUG-2016,
OPTSTK,PNB,29-Sep-2016,145,CE,0,0,0,1.2,3.6,0,0,35000,0,17-AUG-2016,
OPTSTK,PNB,29-Sep-2016,147.5,CE,0,0,0,2.85,3.15,0,0,0,0,17-AUG-2016,
OPTSTK,PNB,29-Sep-2016,150,CE,1.25,1.25,1.25,1.25,1.25,1,10.58,28000,7000,17-AUG-2016,
OPTSTK,PNB,29-Sep-2016,152.5,CE,0,0,0,2.25,2.35,0,0,0,0,17-AUG-2016,
OPTSTK,PNB,29-Sep-2016,155,CE,0,0,0,1.35,2,0,0,7000,0,17-AUG-2016,
OPTSTK,PNB,29-Sep-2016,65,PE,0,0,0,0.1,0,0,0,0,0,17-AUG-2016,
OPTSTK,PNB,29-Sep-2016,67.5,PE,0,0,0,0.15,0,0,0,0,0,17-AUG-2016,
OPTSTK,PNB,29-Sep-2016,70,PE,0,0,0,0.2,0.05,0,0,0,0,17-AUG-2016,
OPTSTK,PNB,29-Sep-2016,72.5,PE,0,0,0,0.3,0.05,0,0,0,0,17-AUG-2016,
OPTSTK,PNB,29-Sep-2016,75,PE,0,0,0,0.45,0.05,0,0,0,0,17-AUG-2016,
OPTSTK,PNB,29-Sep-2016,77.5,PE,0,0,0,0.65,0.05,0,0,0,0,17-AUG-2016,
OPTSTK,PNB,29-Sep-2016,80,PE,0,0,0,0.9,0.1,0,0,0,0,17-AUG-2016,
OPTSTK,PNB,29-Sep-2016,82.5,PE,0,0,0,1.2,0.1,0,0,0,0,17-AUG-2016,
OPTSTK,PNB,29-Sep-2016,85,PE,0,0,0,1.55,0.2,0,0,0,0,17-AUG-2016,
OPTSTK,PNB,29-Sep-2016,87.5,PE,0,0,0,2,0.25,0,0,0,0,17-AUG-2016,
OPTSTK,PNB,29-Sep-2016,90,PE,0,0,0,2.55,0.35,0,0,0,0,17-AUG-2016,
OPTSTK,PNB,29-Sep-2016,92.5,PE,0,0,0,3.2,0.5,0,0,0,0,17-AUG-2016,
OPTSTK,PNB,29-Sep-2016,95,PE,0.4,0.4,0.35,0.35,0.35,3,20.02,28000,-7000,17-AUG-2016,
OPTSTK,PNB,29-Sep-2016,97.5,PE,0,0,0,4.8,0.95,0,0,0,0,17-AUG-2016,
OPTSTK,PNB,29-Sep-2016,100,PE,0.7,0.7,0.55,0.55,0.55,6,42.26,140000,0,17-AUG-2016,
OPTSTK,PNB,29-Sep-2016,102.5,PE,0.75,0.75,0.7,0.7,0.7,2,14.45,28000,-14000,17-AUG-2016,
OPTSTK,PNB,29-Sep-2016,105,PE,1,1,0.75,0.95,0.95,10,74.14,287000,7000,17-AUG-2016,
OPTSTK,PNB,29-Sep-2016,107.5,PE,0,0,0,9.25,2.65,0,0,0,0,17-AUG-2016,
OPTSTK,PNB,29-Sep-2016,110,PE,1.45,1.7,1.45,1.7,1.7,3,23.43,49000,21000,17-AUG-2016,
OPTSTK,PNB,29-Sep-2016,112.5,PE,0,0,0,2.55,4,0,0,7000,0,17-AUG-2016,
OPTSTK,PNB,29-Sep-2016,115,PE,3.25,3.25,2.4,2.65,2.65,41,337.75,476000,154000,17-AUG-2016,
OPTSTK,PNB,29-Sep-2016,117.5,PE,0,0,0,15.35,5.75,0,0,0,0,17-AUG-2016,
OPTSTK,PNB,29-Sep-2016,120,PE,4.1,4.3,3.7,4.25,4.25,7,60.8,42000,28000,17-AUG-2016,
OPTSTK,PNB,29-Sep-2016,122.5,PE,0,0,0,18.9,7.9,0,0,0,0,17-AUG-2016,
OPTSTK,PNB,29-Sep-2016,125,PE,6,6.45,6,6.45,6.45,2,18.37,133000,14000,17-AUG-2016,
OPTSTK,PNB,29-Sep-2016,127.5,PE,0,0,0,22.7,10.5,0,0,0,0,17-AUG-2016,
OPTSTK,PNB,29-Sep-2016,130,PE,9.3,9.4,9.2,9.35,9.35,19,185.28,133000,133000,17-AUG-2016,
OPTSTK,PNB,29-Sep-2016,132.5,PE,0,0,0,26.8,13.5,0,0,0,0,17-AUG-2016,
OPTSTK,PNB,29-Sep-2016,135,PE,0,0,0,28.9,15.1,0,0,0,0,17-AUG-2016,
OPTSTK,PNB,29-Sep-2016,137.5,PE,0,0,0,31.05,16.85,0,0,0,0,17-AUG-2016,
OPTSTK,PNB,29-Sep-2016,140,PE,0,0,0,33.25,18.65,0,0,0,0,17-AUG-2016,
OPTSTK,PNB,29-Sep-2016,142.5,PE,0,0,0,35.45,20.5,0,0,0,0,17-AUG-2016,
OPTSTK,PNB,29-Sep-2016,145,PE,0,0,0,37.75,22.45,0,0,0,0,17-AUG-2016,
OPTSTK,PNB,29-Sep-2016,147.5,PE,0,0,0,35.25,24.45,0,0,0,0,17-AUG-2016,
OPTSTK,PNB,29-Sep-2016,150,PE,0,0,0,37.4,26.5,0,0,0,0,17-AUG-2016,
OPTSTK,PNB,29-Sep-2016,152.5,PE,0,0,0,39.55,28.6,0,0,0,0,17-AUG-2016,
OPTSTK,PNB,29-Sep-2016,155,PE,0,0,0,40.5,30.75,0,0,0,0,17-AUG-2016,
OPTSTK,PNB,27-Oct-2016,90,CE,0,0,0,42.65,37.25,0,0,0,0,17-AUG-2016,
OPTSTK,PNB,27-Oct-2016,92.5,CE,0,0,0,40.65,35.1,0,0,0,0,17-AUG-2016,
OPTSTK,PNB,27-Oct-2016,95,CE,0,0,0,38.65,32.95,0,0,0,0,17-AUG-2016,
OPTSTK,PNB,27-Oct-2016,97.5,CE,0,0,0,36.75,30.9,0,0,0,0,17-AUG-2016,
OPTSTK,PNB,27-Oct-2016,100,CE,0,0,0,34.85,28.9,0,0,0,0,17-AUG-2016,
OPTSTK,PNB,27-Oct-2016,102.5,CE,0,0,0,33.05,27,0,0,0,0,17-AUG-2016,
OPTSTK,PNB,27-Oct-2016,105,CE,0,0,0,31.3,25.15,0,0,0,0,17-AUG-2016,
OPTSTK,PNB,27-Oct-2016,107.5,CE,0,0,0,29.65,23.35,0,0,0,0,17-AUG-2016,
OPTSTK,PNB,27-Oct-2016,110,CE,0,0,0,28,21.65,0,0,0,0,17-AUG-2016,
OPTSTK,PNB,27-Oct-2016,112.5,CE,0,0,0,26.45,20.05,0,0,0,0,17-AUG-2016,
OPTSTK,PNB,27-Oct-2016,115,CE,0,0,0,24.95,18.5,0,0,0,0,17-AUG-2016,
OPTSTK,PNB,27-Oct-2016,117.5,CE,0,0,0,23.55,17.05,0,0,0,0,17-AUG-2016,
OPTSTK,PNB,27-Oct-2016,120,CE,0,0,0,22.15,15.7,0,0,0,0,17-AUG-2016,
OPTSTK,PNB,27-Oct-2016,122.5,CE,0,0,0,20.85,14.4,0,0,0,0,17-AUG-2016,
OPTSTK,PNB,27-Oct-2016,125,CE,0,0,0,19.6,13.2,0,0,0,0,17-AUG-2016,
OPTSTK,PNB,27-Oct-2016,127.5,CE,0,0,0,18.45,12.1,0,0,0,0,17-AUG-2016,
OPTSTK,PNB,27-Oct-2016,130,CE,0,0,0,17.3,11.05,0,0,0,0,17-AUG-2016,
OPTSTK,PNB,27-Oct-2016,132.5,CE,0,0,0,16.25,10.05,0,0,0,0,17-AUG-2016,
OPTSTK,PNB,27-Oct-2016,135,CE,0,0,0,15.2,9.15,0,0,0,0,17-AUG-2016,
OPTSTK,PNB,27-Oct-2016,137.5,CE,0,0,0,14.25,8.35,0,0,0,0,17-AUG-2016,
OPTSTK,PNB,27-Oct-2016,140,CE,0,0,0,13.35,7.55,0,0,0,0,17-AUG-2016,
OPTSTK,PNB,27-Oct-2016,142.5,CE,0,0,0,12.5,6.85,0,0,0,0,17-AUG-2016,
OPTSTK,PNB,27-Oct-2016,145,CE,0,0,0,11.7,6.2,0,0,0,0,17-AUG-2016,
OPTSTK,PNB,27-Oct-2016,147.5,CE,0,0,0,10.95,5.6,0,0,0,0,17-AUG-2016,
OPTSTK,PNB,27-Oct-2016,150,CE,0,0,0,10.2,5.05,0,0,0,0,17-AUG-2016,
OPTSTK,PNB,27-Oct-2016,152.5,CE,0,0,0,9.55,4.55,0,0,0,0,17-AUG-2016,
OPTSTK,PNB,27-Oct-2016,155,CE,0,0,0,8.9,4.1,0,0,0,0,17-AUG-2016,
OPTSTK,PNB,27-Oct-2016,90,PE,0,0,0,2.15,1.05,0,0,0,0,17-AUG-2016,
OPTSTK,PNB,27-Oct-2016,92.5,PE,0,0,0,2.6,1.35,0,0,0,0,17-AUG-2016,
OPTSTK,PNB,27-Oct-2016,95,PE,0,0,0,3.05,1.7,0,0,0,0,17-AUG-2016,
OPTSTK,PNB,27-Oct-2016,97.5,PE,0,0,0,3.6,2.1,0,0,0,0,17-AUG-2016,
OPTSTK,PNB,27-Oct-2016,100,PE,0,0,0,4.2,2.55,0,0,0,0,17-AUG-2016,
OPTSTK,PNB,27-Oct-2016,102.5,PE,0,0,0,4.85,3.1,0,0,0,0,17-AUG-2016,
OPTSTK,PNB,27-Oct-2016,105,PE,0,0,0,5.55,3.75,0,0,0,0,17-AUG-2016,
OPTSTK,PNB,27-Oct-2016,107.5,PE,0,0,0,6.35,4.4,0,0,0,0,17-AUG-2016,
OPTSTK,PNB,27-Oct-2016,110,PE,0,0,0,7.15,5.2,0,0,0,0,17-AUG-2016,
OPTSTK,PNB,27-Oct-2016,112.5,PE,0,0,0,8.05,6.05,0,0,0,0,17-AUG-2016,
OPTSTK,PNB,27-Oct-2016,115,PE,0,0,0,9.05,7,0,0,0,0,17-AUG-2016,
OPTSTK,PNB,27-Oct-2016,117.5,PE,0,0,0,10.05,8,0,0,0,0,17-AUG-2016,
OPTSTK,PNB,27-Oct-2016,120,PE,0,0,0,11.15,9.1,0,0,0,0,17-AUG-2016,
OPTSTK,PNB,27-Oct-2016,122.5,PE,0,0,0,12.3,10.3,0,0,0,0,17-AUG-2016,
OPTSTK,PNB,27-Oct-2016,125,PE,0,0,0,13.5,11.55,0,0,0,0,17-AUG-2016,
OPTSTK,PNB,27-Oct-2016,127.5,PE,0,0,0,14.8,12.9,0,0,0,0,17-AUG-2016,
OPTSTK,PNB,27-Oct-2016,130,PE,0,0,0,16.1,14.3,0,0,0,0,17-AUG-2016,
OPTSTK,PNB,27-Oct-2016,132.5,PE,0,0,0,17.5,15.8,0,0,0,0,17-AUG-2016,
OPTSTK,PNB,27-Oct-2016,135,PE,0,0,0,18.95,17.35,0,0,0,0,17-AUG-2016,
OPTSTK,PNB,27-Oct-2016,137.5,PE,0,0,0,20.45,19,0,0,0,0,17-AUG-2016,
OPTSTK,PNB,27-Oct-2016,140,PE,0,0,0,22,20.7,0,0,0,0,17-AUG-2016,
OPTSTK,PNB,27-Oct-2016,142.5,PE,0,0,0,23.6,22.45,0,0,0,0,17-AUG-2016,
OPTSTK,PNB,27-Oct-2016,145,PE,0,0,0,25.25,24.25,0,0,0,0,17-AUG-2016,
OPTSTK,PNB,27-Oct-2016,147.5,PE,0,0,0,26.95,26.15,0,0,0,0,17-AUG-2016,
OPTSTK,PNB,27-Oct-2016,150,PE,0,0,0,28.7,28.05,0,0,0,0,17-AUG-2016,
OPTSTK,PNB,27-Oct-2016,152.5,PE,0,0,0,30.45,30.05,0,0,0,0,17-AUG-2016,
OPTSTK,PNB,27-Oct-2016,155,PE,0,0,0,32.3,32.05,0,0,0,0,17-AUG-2016,
OPTSTK,POWERGRID,25-Aug-2016,100,CE,0,0,0,73.9,74.8,0,0,4000,0,17-AUG-2016,
OPTSTK,POWERGRID,25-Aug-2016,102.5,CE,0,0,0,49.95,72.3,0,0,0,0,17-AUG-2016,
OPTSTK,POWERGRID,25-Aug-2016,105,CE,0,0,0,47.5,69.85,0,0,0,0,17-AUG-2016,
OPTSTK,POWERGRID,25-Aug-2016,107.5,CE,0,0,0,45.05,67.35,0,0,0,0,17-AUG-2016,
OPTSTK,POWERGRID,25-Aug-2016,110,CE,0,0,0,42.6,64.85,0,0,0,0,17-AUG-2016,
OPTSTK,POWERGRID,25-Aug-2016,112.5,CE,0,0,0,40.15,62.35,0,0,0,0,17-AUG-2016,
OPTSTK,POWERGRID,25-Aug-2016,115,CE,0,0,0,37.7,59.85,0,0,0,0,17-AUG-2016,
OPTSTK,POWERGRID,25-Aug-2016,117.5,CE,0,0,0,35.25,57.35,0,0,0,0,17-AUG-2016,
OPTSTK,POWERGRID,25-Aug-2016,120,CE,0,0,0,32.85,54.85,0,0,0,0,17-AUG-2016,
OPTSTK,POWERGRID,25-Aug-2016,122.5,CE,0,0,0,30.45,52.35,0,0,0,0,17-AUG-2016,
OPTSTK,POWERGRID,25-Aug-2016,125,CE,0,0,0,28.05,49.85,0,0,0,0,17-AUG-2016,
OPTSTK,POWERGRID,25-Aug-2016,127.5,CE,0,0,0,25.75,47.35,0,0,0,0,17-AUG-2016,
OPTSTK,POWERGRID,25-Aug-2016,130,CE,0,0,0,44.65,44.85,0,0,4000,0,17-AUG-2016,
OPTSTK,POWERGRID,25-Aug-2016,132.5,CE,0,0,0,21.2,42.35,0,0,0,0,17-AUG-2016,
OPTSTK,POWERGRID,25-Aug-2016,135,CE,0,0,0,19.05,39.85,0,0,0,0,17-AUG-2016,
OPTSTK,POWERGRID,25-Aug-2016,137.5,CE,0,0,0,17,37.4,0,0,0,0,17-AUG-2016,
OPTSTK,POWERGRID,25-Aug-2016,140,CE,0,0,0,35,34.9,0,0,4000,0,17-AUG-2016,
OPTSTK,POWERGRID,25-Aug-2016,142.5,CE,0,0,0,13.2,32.4,0,0,0,0,17-AUG-2016,
OPTSTK,POWERGRID,25-Aug-2016,145,CE,0,0,0,32.5,29.9,0,0,40000,0,17-AUG-2016,
OPTSTK,POWERGRID,25-Aug-2016,147.5,CE,0,0,0,9.9,27.4,0,0,0,0,17-AUG-2016,
OPTSTK,POWERGRID,25-Aug-2016,150,CE,0,0,0,28.4,24.9,0,0,8000,0,17-AUG-2016,
OPTSTK,POWERGRID,25-Aug-2016,152.5,CE,0,0,0,24.5,22.4,0,0,32000,0,17-AUG-2016,
OPTSTK,POWERGRID,25-Aug-2016,155,CE,20.5,20.5,20.5,20.5,20.5,1,7.02,28000,-4000,17-AUG-2016,
OPTSTK,POWERGRID,25-Aug-2016,157.5,CE,19,19,18,18,18,2,14.08,8000,-4000,17-AUG-2016,
OPTSTK,POWERGRID,25-Aug-2016,160,CE,0,0,0,17.5,14.95,0,0,56000,0,17-AUG-2016,
OPTSTK,POWERGRID,25-Aug-2016,162.5,CE,0,0,0,8.85,12.5,0,0,4000,0,17-AUG-2016,
OPTSTK,POWERGRID,25-Aug-2016,165,CE,0,0,0,15.9,10.15,0,0,8000,0,17-AUG-2016,
OPTSTK,POWERGRID,25-Aug-2016,167.5,CE,0,0,0,6.05,7.95,0,0,4000,0,17-AUG-2016,
OPTSTK,POWERGRID,25-Aug-2016,170,CE,7,7.2,6.05,6.15,6.15,9,63.61,80000,20000,17-AUG-2016,
OPTSTK,POWERGRID,25-Aug-2016,172.5,CE,4.7,4.7,4.7,4.7,4.7,1,7.08,28000,0,17-AUG-2016,
OPTSTK,POWERGRID,25-Aug-2016,175,CE,5,5,2.8,2.95,2.95,35,249.87,176000,56000,17-AUG-2016,
OPTSTK,POWERGRID,25-Aug-2016,177.5,CE,3.6,3.6,1.95,2,2,32,230.34,148000,56000,17-AUG-2016,
OPTSTK,POWERGRID,25-Aug-2016,180,CE,2.9,3.15,1.3,1.4,1.4,568,4135.74,1608000,528000,17-AUG-2016,
OPTSTK,POWERGRID,25-Aug-2016,182.5,CE,2,2.15,0.85,0.95,0.95,108,794.1,284000,48000,17-AUG-2016,
OPTSTK,POWERGRID,25-Aug-2016,185,CE,1.4,1.6,0.65,0.7,0.7,476,3540.76,1248000,-236000,17-AUG-2016,
OPTSTK,POWERGRID,25-Aug-2016,187.5,CE,1.1,1.1,0.45,0.5,0.5,56,421.54,116000,-76000,17-AUG-2016,
OPTSTK,POWERGRID,25-Aug-2016,190,CE,0.7,0.8,0.3,0.35,0.35,190,1447.61,1084000,-68000,17-AUG-2016,
OPTSTK,POWERGRID,25-Aug-2016,192.5,CE,0.35,0.35,0.2,0.25,0.25,5,38.55,40000,0,17-AUG-2016,
OPTSTK,POWERGRID,25-Aug-2016,195,CE,0.2,0.3,0.15,0.25,0.25,22,171.79,220000,4000,17-AUG-2016,
OPTSTK,POWERGRID,25-Aug-2016,197.5,CE,0.15,0.15,0.15,0.15,0.15,1,7.9,8000,-4000,17-AUG-2016,
OPTSTK,POWERGRID,25-Aug-2016,200,CE,0.25,0.25,0.1,0.15,0.15,59,472.27,496000,-128000,17-AUG-2016,
OPTSTK,POWERGRID,25-Aug-2016,202.5,CE,0,0,0,0.05,0,0,0,0,0,17-AUG-2016,
OPTSTK,POWERGRID,25-Aug-2016,205,CE,0,0,0,0.05,0,0,0,0,0,17-AUG-2016,
OPTSTK,POWERGRID,25-Aug-2016,100,PE,0,0,0,0.05,0,0,0,0,0,17-AUG-2016,
OPTSTK,POWERGRID,25-Aug-2016,102.5,PE,0,0,0,0.05,0,0,0,0,0,17-AUG-2016,
OPTSTK,POWERGRID,25-Aug-2016,105,PE,0,0,0,0.05,0,0,0,0,0,17-AUG-2016,
OPTSTK,POWERGRID,25-Aug-2016,107.5,PE,0,0,0,0.05,0,0,0,0,0,17-AUG-2016,
OPTSTK,POWERGRID,25-Aug-2016,110,PE,0,0,0,0.05,0,0,0,0,0,17-AUG-2016,
OPTSTK,POWERGRID,25-Aug-2016,112.5,PE,0,0,0,0.05,0,0,0,0,0,17-AUG-2016,
OPTSTK,POWERGRID,25-Aug-2016,115,PE,0,0,0,0.05,0,0,0,0,0,17-AUG-2016,
OPTSTK,POWERGRID,25-Aug-2016,117.5,PE,0,0,0,0.05,0,0,0,0,0,17-AUG-2016,
OPTSTK,POWERGRID,25-Aug-2016,120,PE,0,0,0,0.1,0,0,0,0,0,17-AUG-2016,
OPTSTK,POWERGRID,25-Aug-2016,122.5,PE,0,0,0,0.15,0,0,0,0,0,17-AUG-2016,
OPTSTK,POWERGRID,25-Aug-2016,125,PE,0,0,0,0.25,0,0,0,0,0,17-AUG-2016,
OPTSTK,POWERGRID,25-Aug-2016,127.5,PE,0,0,0,0.35,0,0,0,0,0,17-AUG-2016,
OPTSTK,POWERGRID,25-Aug-2016,130,PE,0,0,0,0.5,0,0,0,0,0,17-AUG-2016,
OPTSTK,POWERGRID,25-Aug-2016,132.5,PE,0,0,0,0.75,0,0,0,0,0,17-AUG-2016,
OPTSTK,POWERGRID,25-Aug-2016,135,PE,0,0,0,1.05,0,0,0,0,0,17-AUG-2016,
OPTSTK,POWERGRID,25-Aug-2016,137.5,PE,0,0,0,1.45,0,0,0,0,0,17-AUG-2016,
OPTSTK,POWERGRID,25-Aug-2016,140,PE,0,0,0,1.95,0,0,0,0,0,17-AUG-2016,
OPTSTK,POWERGRID,25-Aug-2016,142.5,PE,0,0,0,2.55,0,0,0,0,0,17-AUG-2016,
OPTSTK,POWERGRID,25-Aug-2016,145,PE,0,0,0,3.3,0,0,0,0,0,17-AUG-2016,
OPTSTK,POWERGRID,25-Aug-2016,147.5,PE,0,0,0,4.2,0,0,0,0,0,17-AUG-2016,
OPTSTK,POWERGRID,25-Aug-2016,150,PE,0,0,0,0.3,0,0,0,52000,0,17-AUG-2016,
OPTSTK,POWERGRID,25-Aug-2016,152.5,PE,0,0,0,6.35,0,0,0,0,0,17-AUG-2016,
OPTSTK,POWERGRID,25-Aug-2016,155,PE,0,0,0,0.1,0,0,0,32000,0,17-AUG-2016,
OPTSTK,POWERGRID,25-Aug-2016,157.5,PE,0,0,0,9.1,0.05,0,0,0,0,17-AUG-2016,
OPTSTK,POWERGRID,25-Aug-2016,160,PE,0.1,0.2,0.1,0.2,0.2,6,38.42,64000,0,17-AUG-2016,
OPTSTK,POWERGRID,25-Aug-2016,162.5,PE,0,0,0,0.3,0.1,0,0,24000,0,17-AUG-2016,
OPTSTK,POWERGRID,25-Aug-2016,165,PE,0.3,0.3,0.2,0.25,0.25,8,52.87,120000,-12000,17-AUG-2016,
OPTSTK,POWERGRID,25-Aug-2016,167.5,PE,0,0,0,1,0.55,0,0,28000,0,17-AUG-2016,
OPTSTK,POWERGRID,25-Aug-2016,170,PE,0.6,1,0.5,0.9,0.9,93,635.24,340000,-24000,17-AUG-2016,
OPTSTK,POWERGRID,25-Aug-2016,172.5,PE,1.2,1.8,1.2,1.6,1.6,19,132.27,68000,-16000,17-AUG-2016,
OPTSTK,POWERGRID,25-Aug-2016,175,PE,1.7,2.75,1.25,2.65,2.65,148,1048.22,344000,-80000,17-AUG-2016,
OPTSTK,POWERGRID,25-Aug-2016,177.5,PE,2.8,4.35,2.45,4.25,4.25,80,579.26,80000,-28000,17-AUG-2016,
OPTSTK,POWERGRID,25-Aug-2016,180,PE,3.95,6.05,3.55,6.05,6.05,71,525.81,236000,-80000,17-AUG-2016,
OPTSTK,POWERGRID,25-Aug-2016,182.5,PE,5.8,7,5.5,7,7,5,37.75,20000,4000,17-AUG-2016,
OPTSTK,POWERGRID,25-Aug-2016,185,PE,6.85,9,6.85,9,9,4,30.84,32000,12000,17-AUG-2016,
OPTSTK,POWERGRID,25-Aug-2016,187.5,PE,0,0,0,12.25,12.7,0,0,4000,0,17-AUG-2016,
OPTSTK,POWERGRID,25-Aug-2016,190,PE,0,0,0,11,15.15,0,0,12000,0,17-AUG-2016,
OPTSTK,POWERGRID,25-Aug-2016,192.5,PE,0,0,0,38.65,17.6,0,0,0,0,17-AUG-2016,
OPTSTK,POWERGRID,25-Aug-2016,195,PE,0,0,0,41.05,20.1,0,0,0,0,17-AUG-2016,
OPTSTK,POWERGRID,25-Aug-2016,197.5,PE,0,0,0,43.5,22.6,0,0,0,0,17-AUG-2016,
OPTSTK,POWERGRID,25-Aug-2016,200,PE,0,0,0,45.9,25.05,0,0,0,0,17-AUG-2016,
OPTSTK,POWERGRID,25-Aug-2016,202.5,PE,0,0,0,47.35,27.55,0,0,0,0,17-AUG-2016,
OPTSTK,POWERGRID,25-Aug-2016,205,PE,0,0,0,47.7,30.05,0,0,0,0,17-AUG-2016,
OPTSTK,POWERGRID,29-Sep-2016,112.5,CE,0,0,0,52.6,63.1,0,0,0,0,17-AUG-2016,
OPTSTK,POWERGRID,29-Sep-2016,115,CE,0,0,0,50.15,60.6,0,0,0,0,17-AUG-2016,
OPTSTK,POWERGRID,29-Sep-2016,117.5,CE,0,0,0,47.7,58.1,0,0,0,0,17-AUG-2016,
OPTSTK,POWERGRID,29-Sep-2016,120,CE,0,0,0,45.25,55.65,0,0,0,0,17-AUG-2016,
OPTSTK,POWERGRID,29-Sep-2016,122.5,CE,0,0,0,42.8,53.15,0,0,0,0,17-AUG-2016,
OPTSTK,POWERGRID,29-Sep-2016,125,CE,0,0,0,40.4,50.7,0,0,0,0,17-AUG-2016,
OPTSTK,POWERGRID,29-Sep-2016,127.5,CE,0,0,0,37.95,48.2,0,0,0,0,17-AUG-2016,
OPTSTK,POWERGRID,29-Sep-2016,130,CE,0,0,0,35.55,45.7,0,0,0,0,17-AUG-2016,
OPTSTK,POWERGRID,29-Sep-2016,132.5,CE,0,0,0,33.2,43.25,0,0,0,0,17-AUG-2016,
OPTSTK,POWERGRID,29-Sep-2016,135,CE,0,0,0,30.85,40.75,0,0,0,0,17-AUG-2016,
OPTSTK,POWERGRID,29-Sep-2016,137.5,CE,0,0,0,28.55,38.3,0,0,0,0,17-AUG-2016,
OPTSTK,POWERGRID,29-Sep-2016,140,CE,0,0,0,26.3,35.85,0,0,0,0,17-AUG-2016,
OPTSTK,POWERGRID,29-Sep-2016,142.5,CE,0,0,0,24.1,33.4,0,0,0,0,17-AUG-2016,
OPTSTK,POWERGRID,29-Sep-2016,145,CE,0,0,0,21.95,30.95,0,0,0,0,17-AUG-2016,
OPTSTK,POWERGRID,29-Sep-2016,147.5,CE,0,0,0,19.9,28.55,0,0,0,0,17-AUG-2016,
OPTSTK,POWERGRID,29-Sep-2016,150,CE,0,0,0,17.95,26.15,0,0,0,0,17-AUG-2016,
OPTSTK,POWERGRID,29-Sep-2016,152.5,CE,0,0,0,16.1,23.85,0,0,0,0,17-AUG-2016,
OPTSTK,POWERGRID,29-Sep-2016,155,CE,0,0,0,14.35,21.55,0,0,0,0,17-AUG-2016,
OPTSTK,POWERGRID,29-Sep-2016,157.5,CE,0,0,0,12.7,19.35,0,0,0,0,17-AUG-2016,
OPTSTK,POWERGRID,29-Sep-2016,160,CE,0,0,0,11.2,17.25,0,0,0,0,17-AUG-2016,
OPTSTK,POWERGRID,29-Sep-2016,162.5,CE,0,0,0,9.8,15.25,0,0,0,0,17-AUG-2016,
OPTSTK,POWERGRID,29-Sep-2016,165,CE,0,0,0,8.5,13.35,0,0,0,0,17-AUG-2016,
OPTSTK,POWERGRID,29-Sep-2016,167.5,CE,0,0,0,7.35,11.55,0,0,0,0,17-AUG-2016,
OPTSTK,POWERGRID,29-Sep-2016,170,CE,0,0,0,10,9.95,0,0,4000,0,17-AUG-2016,
OPTSTK,POWERGRID,29-Sep-2016,172.5,CE,0,0,0,5.4,8.45,0,0,0,0,17-AUG-2016,
OPTSTK,POWERGRID,29-Sep-2016,175,CE,0,0,0,4.55,7.15,0,0,0,0,17-AUG-2016,
OPTSTK,POWERGRID,29-Sep-2016,177.5,CE,0,0,0,3.85,5.95,0,0,0,0,17-AUG-2016,
OPTSTK,POWERGRID,29-Sep-2016,180,CE,4.7,4.7,3.85,3.85,3.85,5,36.86,24000,16000,17-AUG-2016,
OPTSTK,POWERGRID,29-Sep-2016,182.5,CE,4.2,4.2,3.2,3.2,3.2,15,111.82,64000,56000,17-AUG-2016,
OPTSTK,POWERGRID,29-Sep-2016,185,CE,3.2,3.2,2.7,2.7,2.7,4,30.09,16000,12000,17-AUG-2016,
OPTSTK,POWERGRID,29-Sep-2016,187.5,CE,0,0,0,1.85,2.6,0,0,0,0,17-AUG-2016,
OPTSTK,POWERGRID,29-Sep-2016,190,CE,2.2,2.2,1.5,1.5,1.5,8,61.35,28000,28000,17-AUG-2016,
OPTSTK,POWERGRID,29-Sep-2016,192.5,CE,0,0,0,1.25,1.6,0,0,0,0,17-AUG-2016,
OPTSTK,POWERGRID,29-Sep-2016,195,CE,0,0,0,1,1.25,0,0,0,0,17-AUG-2016,
OPTSTK,POWERGRID,29-Sep-2016,197.5,CE,0,0,0,0.8,0.95,0,0,0,0,17-AUG-2016,
OPTSTK,POWERGRID,29-Sep-2016,200,CE,0.7,0.7,0.7,0.7,0.7,1,8.02,4000,0,17-AUG-2016,
OPTSTK,POWERGRID,29-Sep-2016,202.5,CE,0,0,0,0.5,0.55,0,0,0,0,17-AUG-2016,
OPTSTK,POWERGRID,29-Sep-2016,205,CE,0,0,0,0.4,0.45,0,0,0,0,17-AUG-2016,
OPTSTK,POWERGRID,29-Sep-2016,112.5,PE,0,0,0,0.05,0,0,0,0,0,17-AUG-2016,
OPTSTK,POWERGRID,29-Sep-2016,115,PE,0,0,0,0.05,0,0,0,0,0,17-AUG-2016,
OPTSTK,POWERGRID,29-Sep-2016,117.5,PE,0,0,0,0.05,0,0,0,0,0,17-AUG-2016,
OPTSTK,POWERGRID,29-Sep-2016,120,PE,0,0,0,0.05,0,0,0,0,0,17-AUG-2016,
OPTSTK,POWERGRID,29-Sep-2016,122.5,PE,0,0,0,0.05,0,0,0,0,0,17-AUG-2016,
OPTSTK,POWERGRID,29-Sep-2016,125,PE,0,0,0,0.1,0,0,0,0,0,17-AUG-2016,
OPTSTK,POWERGRID,29-Sep-2016,127.5,PE,0,0,0,0.1,0,0,0,0,0,17-AUG-2016,
OPTSTK,POWERGRID,29-Sep-2016,130,PE,0,0,0,0.2,0,0,0,0,0,17-AUG-2016,
OPTSTK,POWERGRID,29-Sep-2016,132.5,PE,0,0,0,0.25,0.05,0,0,0,0,17-AUG-2016,
OPTSTK,POWERGRID,29-Sep-2016,135,PE,0,0,0,0.35,0.05,0,0,0,0,17-AUG-2016,
OPTSTK,POWERGRID,29-Sep-2016,137.5,PE,0,0,0,0.5,0.05,0,0,0,0,17-AUG-2016,
OPTSTK,POWERGRID,29-Sep-2016,140,PE,0,0,0,0.7,0.05,0,0,0,0,17-AUG-2016,
OPTSTK,POWERGRID,29-Sep-2016,142.5,PE,0,0,0,1,0.1,0,0,0,0,17-AUG-2016,
OPTSTK,POWERGRID,29-Sep-2016,145,PE,0,0,0,1.3,0.15,0,0,0,0,17-AUG-2016,
OPTSTK,POWERGRID,29-Sep-2016,147.5,PE,0,0,0,1.7,0.2,0,0,0,0,17-AUG-2016,
OPTSTK,POWERGRID,29-Sep-2016,150,PE,0,0,0,2.2,0.3,0,0,0,0,17-AUG-2016,
OPTSTK,POWERGRID,29-Sep-2016,152.5,PE,0,0,0,2.8,0.45,0,0,0,0,17-AUG-2016,
OPTSTK,POWERGRID,29-Sep-2016,155,PE,0,0,0,3.5,0.65,0,0,0,0,17-AUG-2016,
OPTSTK,POWERGRID,29-Sep-2016,157.5,PE,0,0,0,4.35,0.95,0,0,0,0,17-AUG-2016,
OPTSTK,POWERGRID,29-Sep-2016,160,PE,0,0,0,0.9,1.3,0,0,4000,0,17-AUG-2016,
OPTSTK,POWERGRID,29-Sep-2016,162.5,PE,0,0,0,6.3,1.75,0,0,0,0,17-AUG-2016,
OPTSTK,POWERGRID,29-Sep-2016,165,PE,0,0,0,7.5,2.35,0,0,0,0,17-AUG-2016,
OPTSTK,POWERGRID,29-Sep-2016,167.5,PE,0,0,0,8.8,3.05,0,0,0,0,17-AUG-2016,
OPTSTK,POWERGRID,29-Sep-2016,170,PE,3,3.4,3,3.4,3.4,11,76.23,52000,40000,17-AUG-2016,
OPTSTK,POWERGRID,29-Sep-2016,172.5,PE,0,0,0,11.75,4.9,0,0,0,0,17-AUG-2016,
OPTSTK,POWERGRID,29-Sep-2016,175,PE,0,0,0,13.4,6.05,0,0,0,0,17-AUG-2016,
OPTSTK,POWERGRID,29-Sep-2016,177.5,PE,0,0,0,15.1,7.35,0,0,0,0,17-AUG-2016,
OPTSTK,POWERGRID,29-Sep-2016,180,PE,0,0,0,6.25,8.8,0,0,20000,0,17-AUG-2016,
OPTSTK,POWERGRID,29-Sep-2016,182.5,PE,0,0,0,18.85,10.4,0,0,0,0,17-AUG-2016,
OPTSTK,POWERGRID,29-Sep-2016,185,PE,0,0,0,8.65,12.1,0,0,4000,0,17-AUG-2016,
OPTSTK,POWERGRID,29-Sep-2016,187.5,PE,0,0,0,22.95,13.95,0,0,0,0,17-AUG-2016,
OPTSTK,POWERGRID,29-Sep-2016,190,PE,0,0,0,25.05,15.85,0,0,0,0,17-AUG-2016,
OPTSTK,POWERGRID,29-Sep-2016,192.5,PE,0,0,0,27.25,17.9,0,0,0,0,17-AUG-2016,
OPTSTK,POWERGRID,29-Sep-2016,195,PE,0,0,0,29.45,20.05,0,0,0,0,17-AUG-2016,
OPTSTK,POWERGRID,29-Sep-2016,197.5,PE,0,0,0,31.7,22.2,0,0,0,0,17-AUG-2016,
OPTSTK,POWERGRID,29-Sep-2016,200,PE,0,0,0,34,24.45,0,0,0,0,17-AUG-2016,
OPTSTK,POWERGRID,29-Sep-2016,202.5,PE,0,0,0,36.35,26.75,0,0,0,0,17-AUG-2016,
OPTSTK,POWERGRID,29-Sep-2016,205,PE,0,0,0,38.7,29.1,0,0,0,0,17-AUG-2016,
OPTSTK,POWERGRID,27-Oct-2016,125,CE,0,0,0,53.45,51.35,0,0,0,0,17-AUG-2016,
OPTSTK,POWERGRID,27-Oct-2016,127.5,CE,0,0,0,51.05,48.9,0,0,0,0,17-AUG-2016,
OPTSTK,POWERGRID,27-Oct-2016,130,CE,0,0,0,48.65,46.45,0,0,0,0,17-AUG-2016,
OPTSTK,POWERGRID,27-Oct-2016,132.5,CE,0,0,0,46.25,44,0,0,0,0,17-AUG-2016,
OPTSTK,POWERGRID,27-Oct-2016,135,CE,0,0,0,43.9,41.55,0,0,0,0,17-AUG-2016,
OPTSTK,POWERGRID,27-Oct-2016,137.5,CE,0,0,0,41.55,39.15,0,0,0,0,17-AUG-2016,
OPTSTK,POWERGRID,27-Oct-2016,140,CE,0,0,0,39.25,36.75,0,0,0,0,17-AUG-2016,
OPTSTK,POWERGRID,27-Oct-2016,142.5,CE,0,0,0,36.95,34.35,0,0,0,0,17-AUG-2016,
OPTSTK,POWERGRID,27-Oct-2016,145,CE,0,0,0,34.75,32,0,0,0,0,17-AUG-2016,
OPTSTK,POWERGRID,27-Oct-2016,147.5,CE,0,0,0,32.55,29.7,0,0,0,0,17-AUG-2016,
OPTSTK,POWERGRID,27-Oct-2016,150,CE,0,0,0,30.45,27.45,0,0,0,0,17-AUG-2016,
OPTSTK,POWERGRID,27-Oct-2016,152.5,CE,0,0,0,28.35,25.25,0,0,0,0,17-AUG-2016,
OPTSTK,POWERGRID,27-Oct-2016,155,CE,0,0,0,26.35,23.1,0,0,0,0,17-AUG-2016,
OPTSTK,POWERGRID,27-Oct-2016,157.5,CE,0,0,0,24.45,21.05,0,0,0,0,17-AUG-2016,
OPTSTK,POWERGRID,27-Oct-2016,160,CE,0,0,0,22.6,19.1,0,0,0,0,17-AUG-2016,
OPTSTK,POWERGRID,27-Oct-2016,162.5,CE,0,0,0,20.8,17.2,0,0,0,0,17-AUG-2016,
OPTSTK,POWERGRID,27-Oct-2016,165,CE,0,0,0,19.1,15.45,0,0,0,0,17-AUG-2016,
OPTSTK,POWERGRID,27-Oct-2016,167.5,CE,0,0,0,17.5,13.75,0,0,0,0,17-AUG-2016,
OPTSTK,POWERGRID,27-Oct-2016,170,CE,0,0,0,15.95,12.2,0,0,0,0,17-AUG-2016,
OPTSTK,POWERGRID,27-Oct-2016,172.5,CE,0,0,0,14.5,10.8,0,0,0,0,17-AUG-2016,
OPTSTK,POWERGRID,27-Oct-2016,175,CE,0,0,0,13.2,9.45,0,0,0,0,17-AUG-2016,
OPTSTK,POWERGRID,27-Oct-2016,177.5,CE,0,0,0,11.9,8.25,0,0,0,0,17-AUG-2016,
OPTSTK,POWERGRID,27-Oct-2016,180,CE,0,0,0,10.75,7.15,0,0,0,0,17-AUG-2016,
OPTSTK,POWERGRID,27-Oct-2016,182.5,CE,0,0,0,9.65,6.15,0,0,0,0,17-AUG-2016,
OPTSTK,POWERGRID,27-Oct-2016,185,CE,0,0,0,8.65,5.3,0,0,0,0,17-AUG-2016,
OPTSTK,POWERGRID,27-Oct-2016,187.5,CE,0,0,0,7.75,4.5,0,0,0,0,17-AUG-2016,
OPTSTK,POWERGRID,27-Oct-2016,190,CE,0,0,0,6.9,3.8,0,0,0,0,17-AUG-2016,
OPTSTK,POWERGRID,27-Oct-2016,192.5,CE,0,0,0,6.15,3.25,0,0,0,0,17-AUG-2016,
OPTSTK,POWERGRID,27-Oct-2016,195,CE,0,0,0,5.45,2.7,0,0,0,0,17-AUG-2016,
OPTSTK,POWERGRID,27-Oct-2016,197.5,CE,0,0,0,4.8,2.25,0,0,0,0,17-AUG-2016,
OPTSTK,POWERGRID,27-Oct-2016,200,CE,0,0,0,4.25,1.9,0,0,0,0,17-AUG-2016,
OPTSTK,POWERGRID,27-Oct-2016,202.5,CE,0,0,0,3.75,1.55,0,0,0,0,17-AUG-2016,
OPTSTK,POWERGRID,27-Oct-2016,205,CE,0,0,0,3.3,1.3,0,0,0,0,17-AUG-2016,
OPTSTK,POWERGRID,27-Oct-2016,125,PE,0,0,0,0.1,0.05,0,0,0,0,17-AUG-2016,
OPTSTK,POWERGRID,27-Oct-2016,127.5,PE,0,0,0,0.15,0.05,0,0,0,0,17-AUG-2016,
OPTSTK,POWERGRID,27-Oct-2016,130,PE,0,0,0,0.2,0.05,0,0,0,0,17-AUG-2016,
OPTSTK,POWERGRID,27-Oct-2016,132.5,PE,0,0,0,0.25,0.05,0,0,0,0,17-AUG-2016,
OPTSTK,POWERGRID,27-Oct-2016,135,PE,0,0,0,0.35,0.1,0,0,0,0,17-AUG-2016,
OPTSTK,POWERGRID,27-Oct-2016,137.5,PE,0,0,0,0.5,0.15,0,0,0,0,17-AUG-2016,
OPTSTK,POWERGRID,27-Oct-2016,140,PE,0,0,0,0.65,0.2,0,0,0,0,17-AUG-2016,
OPTSTK,POWERGRID,27-Oct-2016,142.5,PE,0,0,0,0.8,0.3,0,0,0,0,17-AUG-2016,
OPTSTK,POWERGRID,27-Oct-2016,145,PE,0,0,0,1.05,0.4,0,0,0,0,17-AUG-2016,
OPTSTK,POWERGRID,27-Oct-2016,147.5,PE,0,0,0,1.3,0.6,0,0,0,0,17-AUG-2016,
OPTSTK,POWERGRID,27-Oct-2016,150,PE,0,0,0,1.65,0.8,0,0,0,0,17-AUG-2016,
OPTSTK,POWERGRID,27-Oct-2016,152.5,PE,0,0,0,2.05,1.05,0,0,0,0,17-AUG-2016,
OPTSTK,POWERGRID,27-Oct-2016,155,PE,0,0,0,2.5,1.4,0,0,0,0,17-AUG-2016,
OPTSTK,POWERGRID,27-Oct-2016,157.5,PE,0,0,0,3,1.8,0,0,0,0,17-AUG-2016,
OPTSTK,POWERGRID,27-Oct-2016,160,PE,0,0,0,3.65,2.3,0,0,0,0,17-AUG-2016,
OPTSTK,POWERGRID,27-Oct-2016,162.5,PE,0,0,0,4.3,2.9,0,0,0,0,17-AUG-2016,
OPTSTK,POWERGRID,27-Oct-2016,165,PE,0,0,0,5.05,3.6,0,0,0,0,17-AUG-2016,
OPTSTK,POWERGRID,27-Oct-2016,167.5,PE,0,0,0,5.9,4.4,0,0,0,0,17-AUG-2016,
OPTSTK,POWERGRID,27-Oct-2016,170,PE,0,0,0,6.85,5.3,0,0,0,0,17-AUG-2016,
OPTSTK,POWERGRID,27-Oct-2016,172.5,PE,0,0,0,7.85,6.35,0,0,0,0,17-AUG-2016,
OPTSTK,POWERGRID,27-Oct-2016,175,PE,0,0,0,8.95,7.45,0,0,0,0,17-AUG-2016,
OPTSTK,POWERGRID,27-Oct-2016,177.5,PE,0,0,0,10.15,8.75,0,0,0,0,17-AUG-2016,
OPTSTK,POWERGRID,27-Oct-2016,180,PE,0,0,0,11.45,10.1,0,0,0,0,17-AUG-2016,
OPTSTK,POWERGRID,27-Oct-2016,182.5,PE,0,0,0,12.85,11.6,0,0,0,0,17-AUG-2016,
OPTSTK,POWERGRID,27-Oct-2016,185,PE,0,0,0,14.3,13.15,0,0,0,0,17-AUG-2016,
OPTSTK,POWERGRID,27-Oct-2016,187.5,PE,0,0,0,15.85,14.85,0,0,0,0,17-AUG-2016,
OPTSTK,POWERGRID,27-Oct-2016,190,PE,0,0,0,17.45,16.65,0,0,0,0,17-AUG-2016,
OPTSTK,POWERGRID,27-Oct-2016,192.5,PE,0,0,0,19.15,18.5,0,0,0,0,17-AUG-2016,
OPTSTK,POWERGRID,27-Oct-2016,195,PE,0,0,0,20.9,20.45,0,0,0,0,17-AUG-2016,
OPTSTK,POWERGRID,27-Oct-2016,197.5,PE,0,0,0,22.7,22.5,0,0,0,0,17-AUG-2016,
OPTSTK,POWERGRID,27-Oct-2016,200,PE,0,0,0,24.6,24.55,0,0,0,0,17-AUG-2016,
OPTSTK,POWERGRID,27-Oct-2016,202.5,PE,0,0,0,26.55,26.7,0,0,0,0,17-AUG-2016,
OPTSTK,POWERGRID,27-Oct-2016,205,PE,0,0,0,28.55,28.9,0,0,0,0,17-AUG-2016,
OPTSTK,PTC,25-Aug-2016,45,CE,0,0,0,24.85,32.65,0,0,0,0,17-AUG-2016,
OPTSTK,PTC,25-Aug-2016,47.5,CE,0,0,0,22.4,30.15,0,0,0,0,17-AUG-2016,
OPTSTK,PTC,25-Aug-2016,50,CE,0,0,0,19.95,27.65,0,0,0,0,17-AUG-2016,
OPTSTK,PTC,25-Aug-2016,52.5,CE,0,0,0,17.55,25.15,0,0,0,0,17-AUG-2016,
OPTSTK,PTC,25-Aug-2016,55,CE,0,0,0,15.25,22.65,0,0,0,0,17-AUG-2016,
OPTSTK,PTC,25-Aug-2016,57.5,CE,0,0,0,13,20.15,0,0,0,0,17-AUG-2016,
OPTSTK,PTC,25-Aug-2016,60,CE,0,0,0,10.9,17.65,0,0,0,0,17-AUG-2016,
OPTSTK,PTC,25-Aug-2016,62.5,CE,0,0,0,8.95,15.15,0,0,0,0,17-AUG-2016,
OPTSTK,PTC,25-Aug-2016,65,CE,0,0,0,7.2,12.65,0,0,0,0,17-AUG-2016,
OPTSTK,PTC,25-Aug-2016,67.5,CE,0,0,0,5.7,10.15,0,0,0,0,17-AUG-2016,
OPTSTK,PTC,25-Aug-2016,70,CE,0,0,0,4.4,7.7,0,0,0,0,17-AUG-2016,
OPTSTK,PTC,25-Aug-2016,72.5,CE,0,0,0,3.35,5.25,0,0,0,0,17-AUG-2016,
OPTSTK,PTC,25-Aug-2016,75,CE,0,0,0,3.5,3.05,0,0,32000,0,17-AUG-2016,
OPTSTK,PTC,25-Aug-2016,77.5,CE,1.4,1.8,1.4,1.8,1.8,3,18.99,72000,16000,17-AUG-2016,
OPTSTK,PTC,25-Aug-2016,80,CE,0.75,0.8,0.6,0.65,0.65,7,45.18,272000,0,17-AUG-2016,
OPTSTK,PTC,25-Aug-2016,82.5,CE,0.35,0.35,0.3,0.3,0.3,6,39.75,104000,-24000,17-AUG-2016,
OPTSTK,PTC,25-Aug-2016,85,CE,0.1,0.25,0.1,0.25,0.25,7,47.7,232000,8000,17-AUG-2016,
OPTSTK,PTC,25-Aug-2016,87.5,CE,0,0,0,0.4,0,0,0,16000,0,17-AUG-2016,
OPTSTK,PTC,25-Aug-2016,90,CE,0.1,0.1,0.1,0.1,0.1,1,7.2,128000,-8000,17-AUG-2016,
OPTSTK,PTC,25-Aug-2016,92.5,CE,0.05,0.05,0.05,0.05,0.05,2,14.8,16000,-16000,17-AUG-2016,
OPTSTK,PTC,25-Aug-2016,95,CE,0.05,0.05,0.05,0.05,0.05,1,7.6,16000,-8000,17-AUG-2016,
OPTSTK,PTC,25-Aug-2016,97.5,CE,0.05,0.05,0.05,0.05,0.05,1,7.8,0,-8000,17-AUG-2016,
OPTSTK,PTC,25-Aug-2016,45,PE,0,0,0,0.05,0,0,0,0,0,17-AUG-2016,
OPTSTK,PTC,25-Aug-2016,47.5,PE,0,0,0,0.05,0,0,0,0,0,17-AUG-2016,
OPTSTK,PTC,25-Aug-2016,50,PE,0,0,0,0.05,0,0,0,0,0,17-AUG-2016,
OPTSTK,PTC,25-Aug-2016,52.5,PE,0,0,0,0.15,0,0,0,0,0,17-AUG-2016,
OPTSTK,PTC,25-Aug-2016,55,PE,0,0,0,0.25,0,0,0,0,0,17-AUG-2016,
OPTSTK,PTC,25-Aug-2016,57.5,PE,0,0,0,0.5,0,0,0,0,0,17-AUG-2016,
OPTSTK,PTC,25-Aug-2016,60,PE,0,0,0,0.85,0,0,0,0,0,17-AUG-2016,
OPTSTK,PTC,25-Aug-2016,62.5,PE,0,0,0,1.35,0,0,0,0,0,17-AUG-2016,
OPTSTK,PTC,25-Aug-2016,65,PE,0,0,0,2.05,0,0,0,0,0,17-AUG-2016,
OPTSTK,PTC,25-Aug-2016,67.5,PE,0,0,0,3,0,0,0,0,0,17-AUG-2016,
OPTSTK,PTC,25-Aug-2016,70,PE,0,0,0,0.45,0.05,0,0,72000,0,17-AUG-2016,
OPTSTK,PTC,25-Aug-2016,72.5,PE,0.25,0.55,0.25,0.55,0.55,2,11.66,160000,0,17-AUG-2016,
OPTSTK,PTC,25-Aug-2016,75,PE,0.8,0.8,0.7,0.7,0.7,2,12.12,232000,8000,17-AUG-2016,
OPTSTK,PTC,25-Aug-2016,77.5,PE,2.1,2.1,1.25,1.4,1.4,4,25.33,88000,8000,17-AUG-2016,
OPTSTK,PTC,25-Aug-2016,80,PE,0,0,0,3.5,2.85,0,0,120000,0,17-AUG-2016,
OPTSTK,PTC,25-Aug-2016,82.5,PE,0,0,0,12.95,4.95,0,0,0,0,17-AUG-2016,
OPTSTK,PTC,25-Aug-2016,85,PE,0,0,0,7.85,7.35,0,0,8000,0,17-AUG-2016,
OPTSTK,PTC,25-Aug-2016,87.5,PE,0,0,0,6.7,9.85,0,0,8000,0,17-AUG-2016,
OPTSTK,PTC,25-Aug-2016,90,PE,0,0,0,9.95,12.35,0,0,16000,0,17-AUG-2016,
OPTSTK,PTC,25-Aug-2016,92.5,PE,0,0,0,22.05,14.85,0,0,0,0,17-AUG-2016,
OPTSTK,PTC,25-Aug-2016,95,PE,0,0,0,24.45,17.35,0,0,0,0,17-AUG-2016,
OPTSTK,PTC,25-Aug-2016,97.5,PE,0,0,0,23.65,19.8,0,0,0,0,17-AUG-2016,
OPTSTK,PTC,29-Sep-2016,47.5,CE,0,0,0,30.4,30.45,0,0,0,0,17-AUG-2016,
OPTSTK,PTC,29-Sep-2016,50,CE,0,0,0,27.95,27.95,0,0,0,0,17-AUG-2016,
OPTSTK,PTC,29-Sep-2016,52.5,CE,0,0,0,25.55,25.5,0,0,0,0,17-AUG-2016,
OPTSTK,PTC,29-Sep-2016,55,CE,0,0,0,23.15,23,0,0,0,0,17-AUG-2016,
OPTSTK,PTC,29-Sep-2016,57.5,CE,0,0,0,20.75,20.55,0,0,0,0,17-AUG-2016,
OPTSTK,PTC,29-Sep-2016,60,CE,0,0,0,18.45,18.05,0,0,0,0,17-AUG-2016,
OPTSTK,PTC,29-Sep-2016,62.5,CE,0,0,0,16.25,15.6,0,0,0,0,17-AUG-2016,
OPTSTK,PTC,29-Sep-2016,65,CE,0,0,0,14.15,13.2,0,0,0,0,17-AUG-2016,
OPTSTK,PTC,29-Sep-2016,67.5,CE,0,0,0,12.15,10.85,0,0,0,0,17-AUG-2016,
OPTSTK,PTC,29-Sep-2016,70,CE,0,0,0,10.35,8.65,0,0,0,0,17-AUG-2016,
OPTSTK,PTC,29-Sep-2016,72.5,CE,0,0,0,8.65,6.6,0,0,0,0,17-AUG-2016,
OPTSTK,PTC,29-Sep-2016,75,CE,0,0,0,7.2,4.85,0,0,0,0,17-AUG-2016,
OPTSTK,PTC,29-Sep-2016,77.5,CE,0,0,0,5.9,3.45,0,0,0,0,17-AUG-2016,
OPTSTK,PTC,29-Sep-2016,80,CE,2,2,2,2,2,1,6.56,16000,8000,17-AUG-2016,
OPTSTK,PTC,29-Sep-2016,82.5,CE,0,0,0,3.8,1.5,0,0,0,0,17-AUG-2016,
OPTSTK,PTC,29-Sep-2016,85,CE,0,0,0,3.05,0.9,0,0,0,0,17-AUG-2016,
OPTSTK,PTC,29-Sep-2016,87.5,CE,0,0,0,2.4,0.55,0,0,0,0,17-AUG-2016,
OPTSTK,PTC,29-Sep-2016,90,CE,0,0,0,1.05,0.3,0,0,48000,0,17-AUG-2016,
OPTSTK,PTC,29-Sep-2016,92.5,CE,0,0,0,1.4,0.2,0,0,0,0,17-AUG-2016,
OPTSTK,PTC,29-Sep-2016,95,CE,0,0,0,1.1,0.1,0,0,0,0,17-AUG-2016,
OPTSTK,PTC,29-Sep-2016,97.5,CE,0,0,0,0.8,0.05,0,0,0,0,17-AUG-2016,
OPTSTK,PTC,29-Sep-2016,47.5,PE,0,0,0,0.05,0,0,0,0,0,17-AUG-2016,
OPTSTK,PTC,29-Sep-2016,50,PE,0,0,0,0.05,0,0,0,0,0,17-AUG-2016,
OPTSTK,PTC,29-Sep-2016,52.5,PE,0,0,0,0.05,0,0,0,0,0,17-AUG-2016,
OPTSTK,PTC,29-Sep-2016,55,PE,0,0,0,0.1,0,0,0,0,0,17-AUG-2016,
OPTSTK,PTC,29-Sep-2016,57.5,PE,0,0,0,0.2,0,0,0,0,0,17-AUG-2016,
OPTSTK,PTC,29-Sep-2016,60,PE,0,0,0,0.35,0.05,0,0,0,0,17-AUG-2016,
OPTSTK,PTC,29-Sep-2016,62.5,PE,0,0,0,0.6,0.05,0,0,0,0,17-AUG-2016,
OPTSTK,PTC,29-Sep-2016,65,PE,0,0,0,0.95,0.1,0,0,0,0,17-AUG-2016,
OPTSTK,PTC,29-Sep-2016,67.5,PE,0,0,0,1.4,0.25,0,0,0,0,17-AUG-2016,
OPTSTK,PTC,29-Sep-2016,70,PE,0,0,0,2.05,0.5,0,0,0,0,17-AUG-2016,
OPTSTK,PTC,29-Sep-2016,72.5,PE,0,0,0,2,1,0,0,72000,0,17-AUG-2016,
OPTSTK,PTC,29-Sep-2016,75,PE,0,0,0,3.8,1.7,0,0,0,0,17-AUG-2016,
OPTSTK,PTC,29-Sep-2016,77.5,PE,0,0,0,4.95,2.75,0,0,0,0,17-AUG-2016,
OPTSTK,PTC,29-Sep-2016,80,PE,0,0,0,6.3,4.1,0,0,0,0,17-AUG-2016,
OPTSTK,PTC,29-Sep-2016,82.5,PE,0,0,0,7.8,5.75,0,0,0,0,17-AUG-2016,
OPTSTK,PTC,29-Sep-2016,85,PE,0,0,0,9.5,7.7,0,0,0,0,17-AUG-2016,
OPTSTK,PTC,29-Sep-2016,87.5,PE,0,0,0,11.3,9.8,0,0,0,0,17-AUG-2016,
OPTSTK,PTC,29-Sep-2016,90,PE,0,0,0,13.2,12.05,0,0,0,0,17-AUG-2016,
OPTSTK,PTC,29-Sep-2016,92.5,PE,0,0,0,15.25,14.4,0,0,0,0,17-AUG-2016,
OPTSTK,PTC,29-Sep-2016,95,PE,0,0,0,17.35,16.8,0,0,0,0,17-AUG-2016,
OPTSTK,PTC,29-Sep-2016,97.5,PE,0,0,0,19.55,19.2,0,0,0,0,17-AUG-2016,
OPTSTK,PTC,27-Oct-2016,50,CE,0,0,0,32.05,28.25,0,0,0,0,17-AUG-2016,
OPTSTK,PTC,27-Oct-2016,52.5,CE,0,0,0,29.55,25.75,0,0,0,0,17-AUG-2016,
OPTSTK,PTC,27-Oct-2016,55,CE,0,0,0,27.1,23.3,0,0,0,0,17-AUG-2016,
OPTSTK,PTC,27-Oct-2016,57.5,CE,0,0,0,24.65,20.85,0,0,0,0,17-AUG-2016,
OPTSTK,PTC,27-Oct-2016,60,CE,0,0,0,22.25,18.4,0,0,0,0,17-AUG-2016,
OPTSTK,PTC,27-Oct-2016,62.5,CE,0,0,0,19.85,16.05,0,0,0,0,17-AUG-2016,
OPTSTK,PTC,27-Oct-2016,65,CE,0,0,0,17.45,13.7,0,0,0,0,17-AUG-2016,
OPTSTK,PTC,27-Oct-2016,67.5,CE,0,0,0,15.2,11.5,0,0,0,0,17-AUG-2016,
OPTSTK,PTC,27-Oct-2016,70,CE,0,0,0,13,9.45,0,0,0,0,17-AUG-2016,
OPTSTK,PTC,27-Oct-2016,72.5,CE,0,0,0,10.95,7.55,0,0,0,0,17-AUG-2016,
OPTSTK,PTC,27-Oct-2016,75,CE,0,0,0,9.05,5.9,0,0,0,0,17-AUG-2016,
OPTSTK,PTC,27-Oct-2016,77.5,CE,0,0,0,7.35,4.5,0,0,0,0,17-AUG-2016,
OPTSTK,PTC,27-Oct-2016,80,CE,0,0,0,5.85,3.35,0,0,0,0,17-AUG-2016,
OPTSTK,PTC,27-Oct-2016,82.5,CE,0,0,0,4.6,2.45,0,0,0,0,17-AUG-2016,
OPTSTK,PTC,27-Oct-2016,85,CE,0,0,0,3.55,1.75,0,0,0,0,17-AUG-2016,
OPTSTK,PTC,27-Oct-2016,87.5,CE,0,0,0,2.65,1.2,0,0,0,0,17-AUG-2016,
OPTSTK,PTC,27-Oct-2016,90,CE,0,0,0,2,0.8,0,0,0,0,17-AUG-2016,
OPTSTK,PTC,27-Oct-2016,92.5,CE,0,0,0,1.45,0.55,0,0,0,0,17-AUG-2016,
OPTSTK,PTC,27-Oct-2016,95,CE,0,0,0,1.05,0.35,0,0,0,0,17-AUG-2016,
OPTSTK,PTC,27-Oct-2016,97.5,CE,0,0,0,0.75,0.25,0,0,0,0,17-AUG-2016,
OPTSTK,PTC,27-Oct-2016,50,PE,0,0,0,0.05,0,0,0,0,0,17-AUG-2016,
OPTSTK,PTC,27-Oct-2016,52.5,PE,0,0,0,0.05,0,0,0,0,0,17-AUG-2016,
OPTSTK,PTC,27-Oct-2016,55,PE,0,0,0,0.05,0.05,0,0,0,0,17-AUG-2016,
OPTSTK,PTC,27-Oct-2016,57.5,PE,0,0,0,0.05,0.05,0,0,0,0,17-AUG-2016,
OPTSTK,PTC,27-Oct-2016,60,PE,0,0,0,0.05,0.05,0,0,0,0,17-AUG-2016,
OPTSTK,PTC,27-Oct-2016,62.5,PE,0,0,0,0.1,0.15,0,0,0,0,17-AUG-2016,
OPTSTK,PTC,27-Oct-2016,65,PE,0,0,0,0.2,0.3,0,0,0,0,17-AUG-2016,
OPTSTK,PTC,27-Oct-2016,67.5,PE,0,0,0,0.35,0.55,0,0,0,0,17-AUG-2016,
OPTSTK,PTC,27-Oct-2016,70,PE,0,0,0,0.65,0.95,0,0,0,0,17-AUG-2016,
OPTSTK,PTC,27-Oct-2016,72.5,PE,0,0,0,1.05,1.55,0,0,0,0,17-AUG-2016,
OPTSTK,PTC,27-Oct-2016,75,PE,0,0,0,1.6,2.35,0,0,0,0,17-AUG-2016,
OPTSTK,PTC,27-Oct-2016,77.5,PE,0,0,0,2.35,3.45,0,0,0,0,17-AUG-2016,
OPTSTK,PTC,27-Oct-2016,80,PE,0,0,0,3.35,4.75,0,0,0,0,17-AUG-2016,
OPTSTK,PTC,27-Oct-2016,82.5,PE,0,0,0,4.55,6.3,0,0,0,0,17-AUG-2016,
OPTSTK,PTC,27-Oct-2016,85,PE,0,0,0,5.9,8.05,0,0,0,0,17-AUG-2016,
OPTSTK,PTC,27-Oct-2016,87.5,PE,0,0,0,7.5,10,0,0,0,0,17-AUG-2016,
OPTSTK,PTC,27-Oct-2016,90,PE,0,0,0,9.3,12.05,0,0,0,0,17-AUG-2016,
OPTSTK,PTC,27-Oct-2016,92.5,PE,0,0,0,11.2,14.25,0,0,0,0,17-AUG-2016,
OPTSTK,PTC,27-Oct-2016,95,PE,0,0,0,13.25,16.55,0,0,0,0,17-AUG-2016,
OPTSTK,PTC,27-Oct-2016,97.5,PE,0,0,0,15.4,18.9,0,0,0,0,17-AUG-2016,
OPTSTK,RCOM,25-Aug-2016,32.5,CE,0,0,0,15.75,17.15,0,0,0,0,17-AUG-2016,
OPTSTK,RCOM,25-Aug-2016,35,CE,0,0,0,13.45,14.65,0,0,0,0,17-AUG-2016,
OPTSTK,RCOM,25-Aug-2016,37.5,CE,0,0,0,11.35,12.2,0,0,0,0,17-AUG-2016,
OPTSTK,RCOM,25-Aug-2016,40,CE,0,0,0,9.35,9.7,0,0,0,0,17-AUG-2016,
OPTSTK,RCOM,25-Aug-2016,42.5,CE,0,0,0,7.6,7.2,0,0,0,0,17-AUG-2016,
OPTSTK,RCOM,25-Aug-2016,45,CE,0,0,0,6.05,4.75,0,0,0,0,17-AUG-2016,
OPTSTK,RCOM,25-Aug-2016,47.5,CE,1.3,2.75,1.3,2.4,2.4,6,29.78,430000,-30000,17-AUG-2016,
OPTSTK,RCOM,25-Aug-2016,50,CE,0.45,1.15,0.45,1.05,1.05,53,269.65,3170000,-160000,17-AUG-2016,
OPTSTK,RCOM,25-Aug-2016,52.5,CE,0.25,0.6,0.25,0.55,0.55,48,254.03,5410000,-350000,17-AUG-2016,
OPTSTK,RCOM,25-Aug-2016,55,CE,0.3,0.35,0.15,0.3,0.3,69,381.23,10710000,-310000,17-AUG-2016,
OPTSTK,RCOM,25-Aug-2016,57.5,CE,0.15,0.15,0.1,0.1,0.1,5,28.81,2650000,-10000,17-AUG-2016,
OPTSTK,RCOM,25-Aug-2016,60,CE,0.05,0.15,0.05,0.15,0.15,38,228.36,7570000,-270000,17-AUG-2016,
OPTSTK,RCOM,25-Aug-2016,62.5,CE,0.05,0.05,0.05,0.05,0.05,8,50.04,1900000,-80000,17-AUG-2016,
OPTSTK,RCOM,25-Aug-2016,65,CE,0.05,0.05,0.05,0.05,0.05,8,52.04,2300000,-10000,17-AUG-2016,
OPTSTK,RCOM,25-Aug-2016,67.5,CE,0,0,0,0.7,0,0,0,210000,0,17-AUG-2016,
OPTSTK,RCOM,25-Aug-2016,70,CE,0,0,0,0.05,0,0,0,1530000,0,17-AUG-2016,
OPTSTK,RCOM,25-Aug-2016,72.5,CE,0,0,0,0.05,0,0,0,290000,0,17-AUG-2016,
OPTSTK,RCOM,25-Aug-2016,32.5,PE,0,0,0,0.15,0,0,0,0,0,17-AUG-2016,
OPTSTK,RCOM,25-Aug-2016,35,PE,0.05,0.05,0.05,0.05,0.05,3,10.51,50000,-30000,17-AUG-2016,
OPTSTK,RCOM,25-Aug-2016,37.5,PE,0.05,0.05,0.05,0.05,0.05,6,22.53,410000,-60000,17-AUG-2016,
OPTSTK,RCOM,25-Aug-2016,40,PE,0,0,0,0.1,0,0,0,270000,0,17-AUG-2016,
OPTSTK,RCOM,25-Aug-2016,42.5,PE,0.1,0.1,0.05,0.05,0.05,3,12.77,1250000,-30000,17-AUG-2016,
OPTSTK,RCOM,25-Aug-2016,45,PE,0.2,0.2,0.1,0.15,0.15,8,36.13,1950000,-70000,17-AUG-2016,
OPTSTK,RCOM,25-Aug-2016,47.5,PE,0.75,0.75,0.45,0.55,0.55,26,124.98,1780000,-210000,17-AUG-2016,
OPTSTK,RCOM,25-Aug-2016,50,PE,1.85,2.4,1.45,1.55,1.55,15,77.4,2650000,-50000,17-AUG-2016,
OPTSTK,RCOM,25-Aug-2016,52.5,PE,3.8,3.8,3.7,3.7,3.7,7,39.39,1270000,-70000,17-AUG-2016,
OPTSTK,RCOM,25-Aug-2016,55,PE,0,0,0,6.6,5.4,0,0,1080000,0,17-AUG-2016,
OPTSTK,RCOM,25-Aug-2016,57.5,PE,0,0,0,7.45,7.85,0,0,120000,0,17-AUG-2016,
OPTSTK,RCOM,25-Aug-2016,60,PE,0,0,0,11.7,10.35,0,0,230000,0,17-AUG-2016,
OPTSTK,RCOM,25-Aug-2016,62.5,PE,0,0,0,14.7,12.85,0,0,0,0,17-AUG-2016,
OPTSTK,RCOM,25-Aug-2016,65,PE,0,0,0,12.7,15.3,0,0,20000,0,17-AUG-2016,
OPTSTK,RCOM,25-Aug-2016,67.5,PE,0,0,0,19.25,17.8,0,0,0,0,17-AUG-2016,
OPTSTK,RCOM,25-Aug-2016,70,PE,0,0,0,17.35,20.3,0,0,100000,0,17-AUG-2016,
OPTSTK,RCOM,25-Aug-2016,72.5,PE,0,0,0,20.45,22.8,0,0,110000,0,17-AUG-2016,
OPTSTK,RCOM,29-Sep-2016,32.5,CE,0,0,0,19.15,17.4,0,0,0,0,17-AUG-2016,
OPTSTK,RCOM,29-Sep-2016,35,CE,0,0,0,16.85,14.9,0,0,0,0,17-AUG-2016,
OPTSTK,RCOM,29-Sep-2016,37.5,CE,0,0,0,14.65,12.5,0,0,0,0,17-AUG-2016,
OPTSTK,RCOM,29-Sep-2016,40,CE,0,0,0,12.55,10.1,0,0,0,0,17-AUG-2016,
OPTSTK,RCOM,29-Sep-2016,42.5,CE,0,0,0,10.65,7.9,0,0,0,0,17-AUG-2016,
OPTSTK,RCOM,29-Sep-2016,45,CE,0,0,0,8.9,5.95,0,0,0,0,17-AUG-2016,
OPTSTK,RCOM,29-Sep-2016,47.5,CE,0,0,0,7.35,4.25,0,0,0,0,17-AUG-2016,
OPTSTK,RCOM,29-Sep-2016,50,CE,0,0,0,1.75,2.9,0,0,80000,0,17-AUG-2016,
OPTSTK,RCOM,29-Sep-2016,52.5,CE,0,0,0,2.5,1.9,0,0,20000,0,17-AUG-2016,
OPTSTK,RCOM,29-Sep-2016,55,CE,0,0,0,1.65,1.2,0,0,320000,0,17-AUG-2016,
OPTSTK,RCOM,29-Sep-2016,57.5,CE,0,0,0,3.05,0.7,0,0,0,0,17-AUG-2016,
OPTSTK,RCOM,29-Sep-2016,60,CE,0,0,0,0.85,0.4,0,0,70000,0,17-AUG-2016,
OPTSTK,RCOM,29-Sep-2016,62.5,CE,0,0,0,1.2,0.25,0,0,10000,0,17-AUG-2016,
OPTSTK,RCOM,29-Sep-2016,65,CE,0,0,0,1.45,0.15,0,0,0,0,17-AUG-2016,
OPTSTK,RCOM,29-Sep-2016,67.5,CE,0,0,0,1.15,0.1,0,0,0,0,17-AUG-2016,
OPTSTK,RCOM,29-Sep-2016,70,CE,0,0,0,0.3,0.05,0,0,390000,0,17-AUG-2016,
OPTSTK,RCOM,29-Sep-2016,72.5,CE,0,0,0,0.3,0.05,0,0,20000,0,17-AUG-2016,
OPTSTK,RCOM,29-Sep-2016,32.5,PE,0,0,0,0.15,0,0,0,0,0,17-AUG-2016,
OPTSTK,RCOM,29-Sep-2016,35,PE,0,0,0,0.3,0.05,0,0,0,0,17-AUG-2016,
OPTSTK,RCOM,29-Sep-2016,37.5,PE,0,0,0,0.55,0.1,0,0,0,0,17-AUG-2016,
OPTSTK,RCOM,29-Sep-2016,40,PE,0,0,0,0.5,0.2,0,0,110000,0,17-AUG-2016,
OPTSTK,RCOM,29-Sep-2016,42.5,PE,0,0,0,0.85,0.45,0,0,140000,0,17-AUG-2016,
OPTSTK,RCOM,29-Sep-2016,45,PE,0,0,0,1.4,0.95,0,0,130000,0,17-AUG-2016,
OPTSTK,RCOM,29-Sep-2016,47.5,PE,0,0,0,2.1,1.75,0,0,50000,0,17-AUG-2016,
OPTSTK,RCOM,29-Sep-2016,50,PE,0,0,0,3.9,2.9,0,0,50000,0,17-AUG-2016,
OPTSTK,RCOM,29-Sep-2016,52.5,PE,0,0,0,5.45,4.35,0,0,0,0,17-AUG-2016,
OPTSTK,RCOM,29-Sep-2016,55,PE,0,0,0,6,6.15,0,0,10000,0,17-AUG-2016,
OPTSTK,RCOM,29-Sep-2016,57.5,PE,0,0,0,8.6,8.15,0,0,0,0,17-AUG-2016,
OPTSTK,RCOM,29-Sep-2016,60,PE,0,0,0,10.4,10.35,0,0,0,0,17-AUG-2016,
OPTSTK,RCOM,29-Sep-2016,62.5,PE,0,0,0,12.35,12.65,0,0,0,0,17-AUG-2016,
OPTSTK,RCOM,29-Sep-2016,65,PE,0,0,0,14.35,15,0,0,0,0,17-AUG-2016,
OPTSTK,RCOM,29-Sep-2016,67.5,PE,0,0,0,16.5,17.45,0,0,0,0,17-AUG-2016,
OPTSTK,RCOM,29-Sep-2016,70,PE,0,0,0,18.7,19.9,0,0,0,0,17-AUG-2016,
OPTSTK,RCOM,29-Sep-2016,72.5,PE,0,0,0,20.95,22.35,0,0,0,0,17-AUG-2016,
OPTSTK,RCOM,27-Oct-2016,32.5,CE,0,0,0,19.5,17.6,0,0,0,0,17-AUG-2016,
OPTSTK,RCOM,27-Oct-2016,35,CE,0,0,0,17.1,15.15,0,0,0,0,17-AUG-2016,
OPTSTK,RCOM,27-Oct-2016,37.5,CE,0,0,0,14.75,12.8,0,0,0,0,17-AUG-2016,
OPTSTK,RCOM,27-Oct-2016,40,CE,0,0,0,12.5,10.6,0,0,0,0,17-AUG-2016,
OPTSTK,RCOM,27-Oct-2016,42.5,CE,0,0,0,10.4,8.55,0,0,0,0,17-AUG-2016,
OPTSTK,RCOM,27-Oct-2016,45,CE,0,0,0,8.45,6.7,0,0,0,0,17-AUG-2016,
OPTSTK,RCOM,27-Oct-2016,47.5,CE,0,0,0,6.75,5.15,0,0,0,0,17-AUG-2016,
OPTSTK,RCOM,27-Oct-2016,50,CE,0,0,0,5.3,3.85,0,0,0,0,17-AUG-2016,
OPTSTK,RCOM,27-Oct-2016,52.5,CE,0,0,0,4.05,2.8,0,0,0,0,17-AUG-2016,
OPTSTK,RCOM,27-Oct-2016,55,CE,0,0,0,3.05,2,0,0,0,0,17-AUG-2016,
OPTSTK,RCOM,27-Oct-2016,57.5,CE,0,0,0,2.25,1.4,0,0,0,0,17-AUG-2016,
OPTSTK,RCOM,27-Oct-2016,60,CE,0,0,0,1.65,0.95,0,0,0,0,17-AUG-2016,
OPTSTK,RCOM,27-Oct-2016,62.5,CE,0,0,0,1.2,0.65,0,0,0,0,17-AUG-2016,
OPTSTK,RCOM,27-Oct-2016,65,CE,0,0,0,0.85,0.45,0,0,0,0,17-AUG-2016,
OPTSTK,RCOM,27-Oct-2016,67.5,CE,0,0,0,0.6,0.3,0,0,0,0,17-AUG-2016,
OPTSTK,RCOM,27-Oct-2016,70,CE,0,0,0,0.4,0.2,0,0,0,0,17-AUG-2016,
OPTSTK,RCOM,27-Oct-2016,72.5,CE,0,0,0,0.3,0.15,0,0,0,0,17-AUG-2016,
OPTSTK,RCOM,27-Oct-2016,32.5,PE,0,0,0,0.05,0.05,0,0,0,0,17-AUG-2016,
OPTSTK,RCOM,27-Oct-2016,35,PE,0,0,0,0.1,0.1,0,0,0,0,17-AUG-2016,
OPTSTK,RCOM,27-Oct-2016,37.5,PE,0,0,0,0.2,0.2,0,0,0,0,17-AUG-2016,
OPTSTK,RCOM,27-Oct-2016,40,PE,0,0,0,0.4,0.45,0,0,0,0,17-AUG-2016,
OPTSTK,RCOM,27-Oct-2016,42.5,PE,0,0,0,0.75,0.9,0,0,0,0,17-AUG-2016,
OPTSTK,RCOM,27-Oct-2016,45,PE,0,0,0,1.3,1.5,0,0,0,0,17-AUG-2016,
OPTSTK,RCOM,27-Oct-2016,47.5,PE,0,0,0,2.05,2.4,0,0,0,0,17-AUG-2016,
OPTSTK,RCOM,27-Oct-2016,50,PE,0,0,0,3,3.6,0,0,0,0,17-AUG-2016,
OPTSTK,RCOM,27-Oct-2016,52.5,PE,0,0,0,4.25,5,0,0,0,0,17-AUG-2016,
OPTSTK,RCOM,27-Oct-2016,55,PE,0,0,0,5.7,6.65,0,0,0,0,17-AUG-2016,
OPTSTK,RCOM,27-Oct-2016,57.5,PE,0,0,0,7.35,8.55,0,0,0,0,17-AUG-2016,
OPTSTK,RCOM,27-Oct-2016,60,PE,0,0,0,9.2,10.55,0,0,0,0,17-AUG-2016,
OPTSTK,RCOM,27-Oct-2016,62.5,PE,0,0,0,11.2,12.7,0,0,0,0,17-AUG-2016,
OPTSTK,RCOM,27-Oct-2016,65,PE,0,0,0,13.35,14.95,0,0,0,0,17-AUG-2016,
OPTSTK,RCOM,27-Oct-2016,67.5,PE,0,0,0,15.55,17.3,0,0,0,0,17-AUG-2016,
OPTSTK,RCOM,27-Oct-2016,70,PE,0,0,0,17.8,19.65,0,0,0,0,17-AUG-2016,
OPTSTK,RCOM,27-Oct-2016,72.5,PE,0,0,0,20.15,22.05,0,0,0,0,17-AUG-2016,
OPTSTK,RECLTD,25-Aug-2016,110,CE,0,0,0,47.15,123.25,0,0,0,0,17-AUG-2016,
OPTSTK,RECLTD,25-Aug-2016,115,CE,0,0,0,42.35,118.25,0,0,0,0,17-AUG-2016,
OPTSTK,RECLTD,25-Aug-2016,120,CE,0,0,0,37.6,113.25,0,0,0,0,17-AUG-2016,
OPTSTK,RECLTD,25-Aug-2016,125,CE,0,0,0,33.05,108.25,0,0,0,0,17-AUG-2016,
OPTSTK,RECLTD,25-Aug-2016,130,CE,0,0,0,28.7,103.25,0,0,0,0,17-AUG-2016,
OPTSTK,RECLTD,25-Aug-2016,135,CE,0,0,0,24.55,98.25,0,0,0,0,17-AUG-2016,
OPTSTK,RECLTD,25-Aug-2016,140,CE,0,0,0,20.75,93.3,0,0,0,0,17-AUG-2016,
OPTSTK,RECLTD,25-Aug-2016,145,CE,0,0,0,17.25,88.3,0,0,0,0,17-AUG-2016,
OPTSTK,RECLTD,25-Aug-2016,150,CE,0,0,0,14.15,83.3,0,0,0,0,17-AUG-2016,
OPTSTK,RECLTD,25-Aug-2016,155,CE,0,0,0,11.45,78.3,0,0,0,0,17-AUG-2016,
OPTSTK,RECLTD,25-Aug-2016,160,CE,0,0,0,9.1,73.3,0,0,0,0,17-AUG-2016,
OPTSTK,RECLTD,25-Aug-2016,165,CE,0,0,0,7.15,68.3,0,0,0,0,17-AUG-2016,
OPTSTK,RECLTD,25-Aug-2016,170,CE,0,0,0,51.6,63.3,0,0,6000,0,17-AUG-2016,
OPTSTK,RECLTD,25-Aug-2016,175,CE,0,0,0,4.25,58.35,0,0,0,0,17-AUG-2016,
OPTSTK,RECLTD,25-Aug-2016,180,CE,0,0,0,42,53.35,0,0,12000,0,17-AUG-2016,
OPTSTK,RECLTD,25-Aug-2016,185,CE,0,0,0,2.4,48.35,0,0,0,0,17-AUG-2016,
OPTSTK,RECLTD,25-Aug-2016,190,CE,37,37,37,37,37,1,6.81,15000,-3000,17-AUG-2016,
OPTSTK,RECLTD,25-Aug-2016,195,CE,0,0,0,27.05,38.35,0,0,48000,0,17-AUG-2016,
OPTSTK,RECLTD,25-Aug-2016,200,CE,0,0,0,21.65,33.4,0,0,189000,0,17-AUG-2016,
OPTSTK,RECLTD,25-Aug-2016,205,CE,0,0,0,17.45,28.45,0,0,18000,0,17-AUG-2016,
OPTSTK,RECLTD,25-Aug-2016,210,CE,15.4,18.85,15.4,18.15,18.15,20,136.59,243000,-21000,17-AUG-2016,
OPTSTK,RECLTD,25-Aug-2016,215,CE,11,14.45,11,13.25,13.25,24,163.84,321000,-18000,17-AUG-2016,
OPTSTK,RECLTD,25-Aug-2016,220,CE,7.65,10,7.25,9,9,136,932.65,873000,-144000,17-AUG-2016,
OPTSTK,RECLTD,25-Aug-2016,225,CE,3.8,6.5,3.8,5.85,5.85,370,2555.78,741000,-177000,17-AUG-2016,
OPTSTK,RECLTD,25-Aug-2016,230,CE,2.75,4.1,2.5,3.4,3.4,762,5333.7,1785000,-228000,17-AUG-2016,
OPTSTK,RECLTD,25-Aug-2016,235,CE,1.55,2.6,1.55,2.15,2.15,432,3073.62,948000,336000,17-AUG-2016,
OPTSTK,RECLTD,25-Aug-2016,240,CE,1.25,1.65,0.95,1.25,1.25,469,3394.92,1797000,225000,17-AUG-2016,
OPTSTK,RECLTD,25-Aug-2016,245,CE,0.65,1,0.6,0.75,0.75,26,191.74,171000,21000,17-AUG-2016,
OPTSTK,RECLTD,25-Aug-2016,250,CE,0.5,0.65,0.4,0.55,0.55,172,1292.71,738000,36000,17-AUG-2016,
OPTSTK,RECLTD,25-Aug-2016,255,CE,0.35,0.4,0.3,0.3,0.3,6,45.96,24000,-6000,17-AUG-2016,
OPTSTK,RECLTD,25-Aug-2016,260,CE,0.25,0.35,0.2,0.3,0.3,50,390.41,222000,81000,17-AUG-2016,
OPTSTK,RECLTD,25-Aug-2016,265,CE,0,0,0,0.3,0.1,0,0,18000,0,17-AUG-2016,
OPTSTK,RECLTD,25-Aug-2016,110,PE,0,0,0,0.1,0,0,0,0,0,17-AUG-2016,
OPTSTK,RECLTD,25-Aug-2016,115,PE,0,0,0,0.25,0,0,0,0,0,17-AUG-2016,
OPTSTK,RECLTD,25-Aug-2016,120,PE,0,0,0,0.45,0,0,0,0,0,17-AUG-2016,
OPTSTK,RECLTD,25-Aug-2016,125,PE,0,0,0,0.8,0,0,0,0,0,17-AUG-2016,
OPTSTK,RECLTD,25-Aug-2016,130,PE,0,0,0,1.3,0,0,0,0,0,17-AUG-2016,
OPTSTK,RECLTD,25-Aug-2016,135,PE,0,0,0,2.1,0,0,0,0,0,17-AUG-2016,
OPTSTK,RECLTD,25-Aug-2016,140,PE,0,0,0,3.2,0,0,0,0,0,17-AUG-2016,
OPTSTK,RECLTD,25-Aug-2016,145,PE,0,0,0,4.6,0,0,0,0,0,17-AUG-2016,
OPTSTK,RECLTD,25-Aug-2016,150,PE,0,0,0,6.4,0,0,0,0,0,17-AUG-2016,
OPTSTK,RECLTD,25-Aug-2016,155,PE,0,0,0,8.6,0,0,0,0,0,17-AUG-2016,
OPTSTK,RECLTD,25-Aug-2016,160,PE,0,0,0,11.2,0,0,0,0,0,17-AUG-2016,
OPTSTK,RECLTD,25-Aug-2016,165,PE,0,0,0,14.15,0,0,0,0,0,17-AUG-2016,
OPTSTK,RECLTD,25-Aug-2016,170,PE,0,0,0,0.2,0,0,0,63000,0,17-AUG-2016,
OPTSTK,RECLTD,25-Aug-2016,175,PE,0,0,0,0.5,0,0,0,33000,0,17-AUG-2016,
OPTSTK,RECLTD,25-Aug-2016,180,PE,0,0,0,0.15,0,0,0,120000,0,17-AUG-2016,
OPTSTK,RECLTD,25-Aug-2016,185,PE,0,0,0,0.1,0,0,0,21000,0,17-AUG-2016,
OPTSTK,RECLTD,25-Aug-2016,190,PE,0.15,0.15,0.15,0.15,0.15,1,5.7,237000,0,17-AUG-2016,
OPTSTK,RECLTD,25-Aug-2016,195,PE,0.1,0.1,0.1,0.1,0.1,3,17.55,99000,0,17-AUG-2016,
OPTSTK,RECLTD,25-Aug-2016,200,PE,0.1,0.1,0.05,0.1,0.1,17,102.03,399000,-36000,17-AUG-2016,
OPTSTK,RECLTD,25-Aug-2016,205,PE,0.15,0.15,0.1,0.1,0.1,37,227.68,132000,-63000,17-AUG-2016,
OPTSTK,RECLTD,25-Aug-2016,210,PE,0.4,0.4,0.2,0.3,0.3,83,523.6,486000,-60000,17-AUG-2016,
OPTSTK,RECLTD,25-Aug-2016,215,PE,1.15,1.15,0.45,0.6,0.6,112,724.53,270000,-39000,17-AUG-2016,
OPTSTK,RECLTD,25-Aug-2016,220,PE,2.1,2.1,1,1.3,1.3,242,1607.3,645000,-33000,17-AUG-2016,
OPTSTK,RECLTD,25-Aug-2016,225,PE,3,3.95,2.5,2.8,2.8,131,895.78,435000,168000,17-AUG-2016,
OPTSTK,RECLTD,25-Aug-2016,230,PE,6.35,6.55,4.85,5.2,5.2,81,572.55,633000,48000,17-AUG-2016,
OPTSTK,RECLTD,25-Aug-2016,235,PE,10.25,10.25,10.25,10.25,10.25,1,7.35,24000,-3000,17-AUG-2016,
OPTSTK,RECLTD,25-Aug-2016,240,PE,11.15,11.15,11.15,11.15,11.15,1,7.53,9000,3000,17-AUG-2016,
OPTSTK,RECLTD,25-Aug-2016,245,PE,15.2,17,15.2,17,17,2,15.66,9000,6000,17-AUG-2016,
OPTSTK,RECLTD,25-Aug-2016,250,PE,0,0,0,21.5,17.35,0,0,42000,0,17-AUG-2016,
OPTSTK,RECLTD,25-Aug-2016,255,PE,0,0,0,65.85,21.95,0,0,0,0,17-AUG-2016,
OPTSTK,RECLTD,25-Aug-2016,260,PE,0,0,0,69.7,26.75,0,0,0,0,17-AUG-2016,
OPTSTK,RECLTD,25-Aug-2016,265,PE,0,0,0,69.15,31.65,0,0,0,0,17-AUG-2016,
OPTSTK,RECLTD,29-Sep-2016,110,CE,0,0,0,65.45,123.95,0,0,0,0,17-AUG-2016,
OPTSTK,RECLTD,29-Sep-2016,115,CE,0,0,0,60.55,119,0,0,0,0,17-AUG-2016,
OPTSTK,RECLTD,29-Sep-2016,120,CE,0,0,0,55.65,114.05,0,0,0,0,17-AUG-2016,
OPTSTK,RECLTD,29-Sep-2016,125,CE,0,0,0,50.85,109.1,0,0,0,0,17-AUG-2016,
OPTSTK,RECLTD,29-Sep-2016,130,CE,0,0,0,46.1,104.1,0,0,0,0,17-AUG-2016,
OPTSTK,RECLTD,29-Sep-2016,135,CE,0,0,0,41.4,99.15,0,0,0,0,17-AUG-2016,
OPTSTK,RECLTD,29-Sep-2016,140,CE,0,0,0,36.9,94.2,0,0,0,0,17-AUG-2016,
OPTSTK,RECLTD,29-Sep-2016,145,CE,0,0,0,32.55,89.25,0,0,0,0,17-AUG-2016,
OPTSTK,RECLTD,29-Sep-2016,150,CE,0,0,0,28.4,84.3,0,0,0,0,17-AUG-2016,
OPTSTK,RECLTD,29-Sep-2016,155,CE,0,0,0,24.55,79.35,0,0,0,0,17-AUG-2016,
OPTSTK,RECLTD,29-Sep-2016,160,CE,0,0,0,20.95,74.4,0,0,0,0,17-AUG-2016,
OPTSTK,RECLTD,29-Sep-2016,165,CE,0,0,0,17.7,69.45,0,0,0,0,17-AUG-2016,
OPTSTK,RECLTD,29-Sep-2016,170,CE,0,0,0,14.8,64.5,0,0,0,0,17-AUG-2016,
OPTSTK,RECLTD,29-Sep-2016,175,CE,0,0,0,12.25,59.6,0,0,0,0,17-AUG-2016,
OPTSTK,RECLTD,29-Sep-2016,180,CE,0,0,0,10,54.75,0,0,0,0,17-AUG-2016,
OPTSTK,RECLTD,29-Sep-2016,185,CE,0,0,0,8.1,49.95,0,0,0,0,17-AUG-2016,
OPTSTK,RECLTD,29-Sep-2016,190,CE,0,0,0,6.5,45.25,0,0,0,0,17-AUG-2016,
OPTSTK,RECLTD,29-Sep-2016,195,CE,0,0,0,5.15,40.65,0,0,0,0,17-AUG-2016,
OPTSTK,RECLTD,29-Sep-2016,200,CE,28,28,28,28,28,1,6.84,6000,0,17-AUG-2016,
OPTSTK,RECLTD,29-Sep-2016,205,CE,0,0,0,3.15,32,0,0,0,0,17-AUG-2016,
OPTSTK,RECLTD,29-Sep-2016,210,CE,0,0,0,10.25,27.95,0,0,3000,0,17-AUG-2016,
OPTSTK,RECLTD,29-Sep-2016,215,CE,0,0,0,1.85,24.25,0,0,0,0,17-AUG-2016,
OPTSTK,RECLTD,29-Sep-2016,220,CE,0,0,0,7,20.75,0,0,3000,0,17-AUG-2016,
OPTSTK,RECLTD,29-Sep-2016,225,CE,0,0,0,9,17.6,0,0,9000,0,17-AUG-2016,
OPTSTK,RECLTD,29-Sep-2016,230,CE,8.4,8.6,7.45,7.9,7.9,9,64.3,51000,18000,17-AUG-2016,
OPTSTK,RECLTD,29-Sep-2016,235,CE,7.25,7.25,7.25,7.25,7.25,1,7.26,27000,3000,17-AUG-2016,
OPTSTK,RECLTD,29-Sep-2016,240,CE,4.5,5.4,4,4.65,4.65,31,227.46,147000,39000,17-AUG-2016,
OPTSTK,RECLTD,29-Sep-2016,245,CE,0,0,0,0.35,8.2,0,0,0,0,17-AUG-2016,
OPTSTK,RECLTD,29-Sep-2016,250,CE,2.65,2.85,2.25,2.25,2.25,17,128.81,231000,27000,17-AUG-2016,
OPTSTK,RECLTD,29-Sep-2016,255,CE,0,0,0,0.8,5.25,0,0,0,0,17-AUG-2016,
OPTSTK,RECLTD,29-Sep-2016,260,CE,0.5,1.75,0.5,1.75,1.75,2,15.66,75000,0,17-AUG-2016,
OPTSTK,RECLTD,29-Sep-2016,265,CE,0,0,0,0.8,3.25,0,0,0,0,17-AUG-2016,
OPTSTK,RECLTD,29-Sep-2016,110,PE,0,0,0,0.05,0,0,0,0,0,17-AUG-2016,
OPTSTK,RECLTD,29-Sep-2016,115,PE,0,0,0,0.05,0,0,0,0,0,17-AUG-2016,
OPTSTK,RECLTD,29-Sep-2016,120,PE,0,0,0,0.1,0,0,0,0,0,17-AUG-2016,
OPTSTK,RECLTD,29-Sep-2016,125,PE,0,0,0,0.2,0,0,0,0,0,17-AUG-2016,
OPTSTK,RECLTD,29-Sep-2016,130,PE,0,0,0,0.35,0,0,0,0,0,17-AUG-2016,
OPTSTK,RECLTD,29-Sep-2016,135,PE,0,0,0,0.6,0,0,0,0,0,17-AUG-2016,
OPTSTK,RECLTD,29-Sep-2016,140,PE,0,0,0,0.95,0,0,0,0,0,17-AUG-2016,
OPTSTK,RECLTD,29-Sep-2016,145,PE,0,0,0,1.55,0,0,0,0,0,17-AUG-2016,
OPTSTK,RECLTD,29-Sep-2016,150,PE,0,0,0,2.3,0,0,0,0,0,17-AUG-2016,
OPTSTK,RECLTD,29-Sep-2016,155,PE,0,0,0,3.35,0.05,0,0,0,0,17-AUG-2016,
OPTSTK,RECLTD,29-Sep-2016,160,PE,0,0,0,4.7,0.05,0,0,0,0,17-AUG-2016,
OPTSTK,RECLTD,29-Sep-2016,165,PE,0,0,0,6.35,0.05,0,0,0,0,17-AUG-2016,
OPTSTK,RECLTD,29-Sep-2016,170,PE,0,0,0,8.35,0.1,0,0,0,0,17-AUG-2016,
OPTSTK,RECLTD,29-Sep-2016,175,PE,0,0,0,10.7,0.15,0,0,0,0,17-AUG-2016,
OPTSTK,RECLTD,29-Sep-2016,180,PE,0,0,0,13.35,0.25,0,0,0,0,17-AUG-2016,
OPTSTK,RECLTD,29-Sep-2016,185,PE,0,0,0,16.35,0.4,0,0,0,0,17-AUG-2016,
OPTSTK,RECLTD,29-Sep-2016,190,PE,0,0,0,19.65,0.65,0,0,0,0,17-AUG-2016,
OPTSTK,RECLTD,29-Sep-2016,195,PE,0,0,0,23.25,1.05,0,0,0,0,17-AUG-2016,
OPTSTK,RECLTD,29-Sep-2016,200,PE,0.2,0.2,0.2,0.2,0.2,1,6,9000,3000,17-AUG-2016,
OPTSTK,RECLTD,29-Sep-2016,205,PE,0,0,0,31.05,2.25,0,0,0,0,17-AUG-2016,
OPTSTK,RECLTD,29-Sep-2016,210,PE,2.35,2.5,2.05,2.3,2.3,12,76.39,207000,24000,17-AUG-2016,
OPTSTK,RECLTD,29-Sep-2016,215,PE,3.5,3.5,3.5,3.5,3.5,1,6.55,63000,3000,17-AUG-2016,
OPTSTK,RECLTD,29-Sep-2016,220,PE,4.45,5.5,4.45,5.5,5.5,21,142.02,39000,-54000,17-AUG-2016,
OPTSTK,RECLTD,29-Sep-2016,225,PE,0,0,0,48.65,7.75,0,0,0,0,17-AUG-2016,
OPTSTK,RECLTD,29-Sep-2016,230,PE,0,0,0,53.3,9.85,0,0,0,0,17-AUG-2016,
OPTSTK,RECLTD,29-Sep-2016,235,PE,0,0,0,58,12.3,0,0,0,0,17-AUG-2016,
OPTSTK,RECLTD,29-Sep-2016,240,PE,15.6,15.6,15.6,15.6,15.6,1,7.66,3000,3000,17-AUG-2016,
OPTSTK,RECLTD,29-Sep-2016,245,PE,0,0,0,67.55,18.15,0,0,0,0,17-AUG-2016,
OPTSTK,RECLTD,29-Sep-2016,250,PE,0,0,0,66.65,21.5,0,0,0,0,17-AUG-2016,
OPTSTK,RECLTD,29-Sep-2016,255,PE,0,0,0,64.8,25.15,0,0,0,0,17-AUG-2016,
OPTSTK,RECLTD,29-Sep-2016,260,PE,0,0,0,68.45,29,0,0,0,0,17-AUG-2016,
OPTSTK,RECLTD,29-Sep-2016,265,PE,0,0,0,68.05,33.05,0,0,0,0,17-AUG-2016,
OPTSTK,RECLTD,27-Oct-2016,140,CE,0,0,0,74.8,94.95,0,0,0,0,17-AUG-2016,
OPTSTK,RECLTD,27-Oct-2016,145,CE,0,0,0,70.05,90,0,0,0,0,17-AUG-2016,
OPTSTK,RECLTD,27-Oct-2016,150,CE,0,0,0,65.35,85.1,0,0,0,0,17-AUG-2016,
OPTSTK,RECLTD,27-Oct-2016,155,CE,0,0,0,60.75,80.2,0,0,0,0,17-AUG-2016,
OPTSTK,RECLTD,27-Oct-2016,160,CE,0,0,0,56.25,75.3,0,0,0,0,17-AUG-2016,
OPTSTK,RECLTD,27-Oct-2016,165,CE,0,0,0,51.9,70.5,0,0,0,0,17-AUG-2016,
OPTSTK,RECLTD,27-Oct-2016,170,CE,0,0,0,47.65,65.65,0,0,0,0,17-AUG-2016,
OPTSTK,RECLTD,27-Oct-2016,175,CE,0,0,0,43.55,60.95,0,0,0,0,17-AUG-2016,
OPTSTK,RECLTD,27-Oct-2016,180,CE,0,0,0,39.7,56.25,0,0,0,0,17-AUG-2016,
OPTSTK,RECLTD,27-Oct-2016,185,CE,0,0,0,36,51.7,0,0,0,0,17-AUG-2016,
OPTSTK,RECLTD,27-Oct-2016,190,CE,0,0,0,32.5,47.3,0,0,0,0,17-AUG-2016,
OPTSTK,RECLTD,27-Oct-2016,195,CE,0,0,0,29.2,43,0,0,0,0,17-AUG-2016,
OPTSTK,RECLTD,27-Oct-2016,200,CE,0,0,0,26.15,38.9,0,0,0,0,17-AUG-2016,
OPTSTK,RECLTD,27-Oct-2016,205,CE,0,0,0,23.3,34.95,0,0,0,0,17-AUG-2016,
OPTSTK,RECLTD,27-Oct-2016,210,CE,0,0,0,20.7,31.25,0,0,0,0,17-AUG-2016,
OPTSTK,RECLTD,27-Oct-2016,215,CE,0,0,0,18.3,27.8,0,0,0,0,17-AUG-2016,
OPTSTK,RECLTD,27-Oct-2016,220,CE,0,0,0,16.1,24.55,0,0,0,0,17-AUG-2016,
OPTSTK,RECLTD,27-Oct-2016,225,CE,0,0,0,14.15,21.55,0,0,0,0,17-AUG-2016,
OPTSTK,RECLTD,27-Oct-2016,230,CE,0,0,0,12.35,18.8,0,0,0,0,17-AUG-2016,
OPTSTK,RECLTD,27-Oct-2016,235,CE,0,0,0,10.8,16.35,0,0,0,0,17-AUG-2016,
OPTSTK,RECLTD,27-Oct-2016,240,CE,0,0,0,9.35,14.1,0,0,0,0,17-AUG-2016,
OPTSTK,RECLTD,27-Oct-2016,245,CE,0,0,0,8.1,12.1,0,0,0,0,17-AUG-2016,
OPTSTK,RECLTD,27-Oct-2016,250,CE,0,0,0,7,10.35,0,0,0,0,17-AUG-2016,
OPTSTK,RECLTD,27-Oct-2016,255,CE,0,0,0,6,8.75,0,0,0,0,17-AUG-2016,
OPTSTK,RECLTD,27-Oct-2016,260,CE,0,0,0,5.15,7.4,0,0,0,0,17-AUG-2016,
OPTSTK,RECLTD,27-Oct-2016,265,CE,0,0,0,4.4,6.25,0,0,0,0,17-AUG-2016,
OPTSTK,RECLTD,27-Oct-2016,140,PE,0,0,0,0.3,0.05,0,0,0,0,17-AUG-2016,
OPTSTK,RECLTD,27-Oct-2016,145,PE,0,0,0,0.45,0.05,0,0,0,0,17-AUG-2016,
OPTSTK,RECLTD,27-Oct-2016,150,PE,0,0,0,0.7,0.05,0,0,0,0,17-AUG-2016,
OPTSTK,RECLTD,27-Oct-2016,155,PE,0,0,0,1,0.1,0,0,0,0,17-AUG-2016,
OPTSTK,RECLTD,27-Oct-2016,160,PE,0,0,0,1.4,0.15,0,0,0,0,17-AUG-2016,
OPTSTK,RECLTD,27-Oct-2016,165,PE,0,0,0,1.95,0.25,0,0,0,0,17-AUG-2016,
OPTSTK,RECLTD,27-Oct-2016,170,PE,0,0,0,2.6,0.35,0,0,0,0,17-AUG-2016,
OPTSTK,RECLTD,27-Oct-2016,175,PE,0,0,0,3.45,0.55,0,0,0,0,17-AUG-2016,
OPTSTK,RECLTD,27-Oct-2016,180,PE,0,0,0,4.5,0.8,0,0,0,0,17-AUG-2016,
OPTSTK,RECLTD,27-Oct-2016,185,PE,0,0,0,5.7,1.2,0,0,0,0,17-AUG-2016,
OPTSTK,RECLTD,27-Oct-2016,190,PE,0,0,0,7.1,1.7,0,0,0,0,17-AUG-2016,
OPTSTK,RECLTD,27-Oct-2016,195,PE,0,0,0,8.75,2.35,0,0,0,0,17-AUG-2016,
OPTSTK,RECLTD,27-Oct-2016,200,PE,0,0,0,10.6,3.15,0,0,0,0,17-AUG-2016,
OPTSTK,RECLTD,27-Oct-2016,205,PE,0,0,0,12.7,4.2,0,0,0,0,17-AUG-2016,
OPTSTK,RECLTD,27-Oct-2016,210,PE,0,0,0,15,5.4,0,0,0,0,17-AUG-2016,
OPTSTK,RECLTD,27-Oct-2016,215,PE,0,0,0,17.5,6.85,0,0,0,0,17-AUG-2016,
OPTSTK,RECLTD,27-Oct-2016,220,PE,0,0,0,20.25,8.55,0,0,0,0,17-AUG-2016,
OPTSTK,RECLTD,27-Oct-2016,225,PE,0,0,0,23.2,10.5,0,0,0,0,17-AUG-2016,
OPTSTK,RECLTD,27-Oct-2016,230,PE,0,0,0,26.3,12.7,0,0,0,0,17-AUG-2016,
OPTSTK,RECLTD,27-Oct-2016,235,PE,0,0,0,29.65,15.15,0,0,0,0,17-AUG-2016,
OPTSTK,RECLTD,27-Oct-2016,240,PE,0,0,0,33.15,17.85,0,0,0,0,17-AUG-2016,
OPTSTK,RECLTD,27-Oct-2016,245,PE,0,0,0,36.8,20.8,0,0,0,0,17-AUG-2016,
OPTSTK,RECLTD,27-Oct-2016,250,PE,0,0,0,40.6,23.95,0,0,0,0,17-AUG-2016,
OPTSTK,RECLTD,27-Oct-2016,255,PE,0,0,0,44.55,27.3,0,0,0,0,17-AUG-2016,
OPTSTK,RECLTD,27-Oct-2016,260,PE,0,0,0,48.6,30.9,0,0,0,0,17-AUG-2016,
OPTSTK,RECLTD,27-Oct-2016,265,PE,0,0,0,52.75,34.65,0,0,0,0,17-AUG-2016,
OPTSTK,RELCAPITAL,25-Aug-2016,240,CE,0,0,0,165.95,216.55,0,0,0,0,17-AUG-2016,
OPTSTK,RELCAPITAL,25-Aug-2016,260,CE,0,0,0,146.55,196.55,0,0,0,0,17-AUG-2016,
OPTSTK,RELCAPITAL,25-Aug-2016,270,CE,0,0,0,132.75,186.55,0,0,0,0,17-AUG-2016,
OPTSTK,RELCAPITAL,25-Aug-2016,280,CE,0,0,0,127.5,176.6,0,0,0,0,17-AUG-2016,
OPTSTK,RELCAPITAL,25-Aug-2016,290,CE,0,0,0,113.05,166.6,0,0,0,0,17-AUG-2016,
OPTSTK,RELCAPITAL,25-Aug-2016,300,CE,0,0,0,109.05,156.6,0,0,0,0,17-AUG-2016,
OPTSTK,RELCAPITAL,25-Aug-2016,310,CE,0,0,0,93.65,146.65,0,0,0,0,17-AUG-2016,
OPTSTK,RELCAPITAL,25-Aug-2016,320,CE,0,0,0,91.55,136.65,0,0,0,0,17-AUG-2016,
OPTSTK,RELCAPITAL,25-Aug-2016,330,CE,0,0,0,74.9,126.65,0,0,0,0,17-AUG-2016,
OPTSTK,RELCAPITAL,25-Aug-2016,340,CE,0,0,0,75.4,116.7,0,0,0,0,17-AUG-2016,
OPTSTK,RELCAPITAL,25-Aug-2016,350,CE,0,0,0,57.45,106.7,0,0,0,0,17-AUG-2016,
OPTSTK,RELCAPITAL,25-Aug-2016,360,CE,0,0,0,62,96.7,0,0,3000,0,17-AUG-2016,
OPTSTK,RELCAPITAL,25-Aug-2016,370,CE,0,0,0,42,86.7,0,0,0,0,17-AUG-2016,
OPTSTK,RELCAPITAL,25-Aug-2016,380,CE,0,0,0,60,76.75,0,0,31500,0,17-AUG-2016,
OPTSTK,RELCAPITAL,25-Aug-2016,390,CE,0,0,0,64,66.8,0,0,3000,0,17-AUG-2016,
OPTSTK,RELCAPITAL,25-Aug-2016,400,CE,59.5,59.5,55,55,55,2,13.71,24000,-1500,17-AUG-2016,
OPTSTK,RELCAPITAL,25-Aug-2016,410,CE,0,0,0,32.3,47.1,0,0,16500,0,17-AUG-2016,
OPTSTK,RELCAPITAL,25-Aug-2016,420,CE,38.95,43.4,35,36.95,36.95,39,268.44,132000,-12000,17-AUG-2016,
OPTSTK,RELCAPITAL,25-Aug-2016,430,CE,33,33.5,27.4,27.45,27.45,10,69.23,105000,-3000,17-AUG-2016,
OPTSTK,RELCAPITAL,25-Aug-2016,440,CE,23.25,26.75,17.55,20.05,20.05,308,2135.62,300000,-106500,17-AUG-2016,
OPTSTK,RELCAPITAL,25-Aug-2016,450,CE,17.5,19.2,11.15,13.8,13.8,382,2665.29,442500,-43500,17-AUG-2016,
OPTSTK,RELCAPITAL,25-Aug-2016,460,CE,11.05,13.2,7.15,9,9,1053,7430.45,976500,-12000,17-AUG-2016,
OPTSTK,RELCAPITAL,25-Aug-2016,470,CE,7.6,8.45,4.4,5.6,5.6,921,6585.27,577500,82500,17-AUG-2016,
OPTSTK,RELCAPITAL,25-Aug-2016,480,CE,4.75,5.4,2.7,3.4,3.4,504,3659.41,588000,39000,17-AUG-2016,
OPTSTK,RELCAPITAL,25-Aug-2016,490,CE,2.75,3.25,1.55,2.05,2.05,176,1299.77,181500,34500,17-AUG-2016,
OPTSTK,RELCAPITAL,25-Aug-2016,500,CE,1.7,2,0.9,1.2,1.2,306,2301.44,496500,97500,17-AUG-2016,
OPTSTK,RELCAPITAL,25-Aug-2016,510,CE,1,1.15,0.55,0.6,0.6,185,1417.47,216000,21000,17-AUG-2016,
OPTSTK,RELCAPITAL,25-Aug-2016,520,CE,0.6,0.7,0.35,0.4,0.4,63,491.84,168000,-31500,17-AUG-2016,
OPTSTK,RELCAPITAL,25-Aug-2016,530,CE,0.45,0.45,0.25,0.3,0.3,11,87.49,22500,-16500,17-AUG-2016,
OPTSTK,RELCAPITAL,25-Aug-2016,540,CE,0,0,0,4,0.05,0,0,0,0,17-AUG-2016,
OPTSTK,RELCAPITAL,25-Aug-2016,240,PE,0,0,0,0.1,0,0,0,0,0,17-AUG-2016,
OPTSTK,RELCAPITAL,25-Aug-2016,260,PE,0,0,0,0.35,0,0,0,0,0,17-AUG-2016,
OPTSTK,RELCAPITAL,25-Aug-2016,270,PE,0,0,0,0.05,0,0,0,0,0,17-AUG-2016,
OPTSTK,RELCAPITAL,25-Aug-2016,280,PE,0,0,0,0.95,0,0,0,0,0,17-AUG-2016,
OPTSTK,RELCAPITAL,25-Aug-2016,290,PE,0,0,0,0.15,0,0,0,0,0,17-AUG-2016,
OPTSTK,RELCAPITAL,25-Aug-2016,300,PE,0,0,0,2.15,0,0,0,0,0,17-AUG-2016,
OPTSTK,RELCAPITAL,25-Aug-2016,310,PE,0,0,0,0.5,0,0,0,0,0,17-AUG-2016,
OPTSTK,RELCAPITAL,25-Aug-2016,320,PE,0,0,0,4.3,0,0,0,0,0,17-AUG-2016,
OPTSTK,RELCAPITAL,25-Aug-2016,330,PE,0,0,0,1.55,0,0,0,0,0,17-AUG-2016,
OPTSTK,RELCAPITAL,25-Aug-2016,340,PE,0,0,0,7.75,0,0,0,0,0,17-AUG-2016,
OPTSTK,RELCAPITAL,25-Aug-2016,350,PE,0,0,0,3.85,0,0,0,0,0,17-AUG-2016,
OPTSTK,RELCAPITAL,25-Aug-2016,360,PE,0,0,0,0.8,0,0,0,21000,0,17-AUG-2016,
OPTSTK,RELCAPITAL,25-Aug-2016,370,PE,0,0,0,0.2,0,0,0,9000,0,17-AUG-2016,
OPTSTK,RELCAPITAL,25-Aug-2016,380,PE,0,0,0,0.15,0.05,0,0,67500,0,17-AUG-2016,
OPTSTK,RELCAPITAL,25-Aug-2016,390,PE,0.25,0.3,0.2,0.2,0.2,5,29.26,75000,0,17-AUG-2016,
OPTSTK,RELCAPITAL,25-Aug-2016,400,PE,0.3,0.35,0.3,0.35,0.35,26,156.12,226500,0,17-AUG-2016,
OPTSTK,RELCAPITAL,25-Aug-2016,410,PE,0.55,0.7,0.45,0.55,0.55,66,406.44,99000,-13500,17-AUG-2016,
OPTSTK,RELCAPITAL,25-Aug-2016,420,PE,1,1.4,0.8,1.15,1.15,205,1294.8,208500,-36000,17-AUG-2016,
OPTSTK,RELCAPITAL,25-Aug-2016,430,PE,1.85,2.8,1.6,2.15,2.15,199,1289.54,262500,-15000,17-AUG-2016,
OPTSTK,RELCAPITAL,25-Aug-2016,440,PE,3.35,5.4,3,4.2,4.2,638,4248.91,435000,-13500,17-AUG-2016,
OPTSTK,RELCAPITAL,25-Aug-2016,450,PE,6.7,9.4,5.5,7.7,7.7,667,4574.51,351000,79500,17-AUG-2016,
OPTSTK,RELCAPITAL,25-Aug-2016,460,PE,11.5,15.25,9.3,12.75,12.75,581,4107.78,196500,-4500,17-AUG-2016,
OPTSTK,RELCAPITAL,25-Aug-2016,470,PE,15.9,19.8,15.9,19.8,19.8,2,14.63,4500,1500,17-AUG-2016,
OPTSTK,RELCAPITAL,25-Aug-2016,480,PE,24.5,24.6,22,24.6,24.6,4,30.23,7500,0,17-AUG-2016,
OPTSTK,RELCAPITAL,25-Aug-2016,490,PE,0,0,0,59.7,34.7,0,0,3000,0,17-AUG-2016,
OPTSTK,RELCAPITAL,25-Aug-2016,500,PE,0,0,0,74.8,43.85,0,0,18000,0,17-AUG-2016,
OPTSTK,RELCAPITAL,25-Aug-2016,510,PE,0,0,0,105.85,53.45,0,0,0,0,17-AUG-2016,
OPTSTK,RELCAPITAL,25-Aug-2016,520,PE,0,0,0,83.85,63.25,0,0,1500,0,17-AUG-2016,
OPTSTK,RELCAPITAL,25-Aug-2016,530,PE,0,0,0,125.05,73.15,0,0,0,0,17-AUG-2016,
OPTSTK,RELCAPITAL,25-Aug-2016,540,PE,0,0,0,132.8,83.1,0,0,0,0,17-AUG-2016,
OPTSTK,RELCAPITAL,29-Sep-2016,240,CE,0,0,0,164.05,218.1,0,0,0,0,17-AUG-2016,
OPTSTK,RELCAPITAL,29-Sep-2016,250,CE,0,0,0,154.25,208.2,0,0,0,0,17-AUG-2016,
OPTSTK,RELCAPITAL,29-Sep-2016,260,CE,0,0,0,144.45,198.3,0,0,0,0,17-AUG-2016,
OPTSTK,RELCAPITAL,29-Sep-2016,270,CE,0,0,0,134.7,188.35,0,0,0,0,17-AUG-2016,
OPTSTK,RELCAPITAL,29-Sep-2016,280,CE,0,0,0,125.05,178.45,0,0,0,0,17-AUG-2016,
OPTSTK,RELCAPITAL,29-Sep-2016,290,CE,0,0,0,115.5,168.5,0,0,0,0,17-AUG-2016,
OPTSTK,RELCAPITAL,29-Sep-2016,300,CE,0,0,0,106.05,158.6,0,0,0,0,17-AUG-2016,
OPTSTK,RELCAPITAL,29-Sep-2016,310,CE,0,0,0,96.8,148.7,0,0,0,0,17-AUG-2016,
OPTSTK,RELCAPITAL,29-Sep-2016,320,CE,0,0,0,87.8,138.8,0,0,0,0,17-AUG-2016,
OPTSTK,RELCAPITAL,29-Sep-2016,330,CE,0,0,0,79.1,128.95,0,0,0,0,17-AUG-2016,
OPTSTK,RELCAPITAL,29-Sep-2016,340,CE,0,0,0,70.8,119.15,0,0,0,0,17-AUG-2016,
OPTSTK,RELCAPITAL,29-Sep-2016,350,CE,0,0,0,62.85,109.45,0,0,0,0,17-AUG-2016,
OPTSTK,RELCAPITAL,29-Sep-2016,360,CE,0,0,0,55.45,99.85,0,0,0,0,17-AUG-2016,
OPTSTK,RELCAPITAL,29-Sep-2016,370,CE,0,0,0,48.5,90.45,0,0,0,0,17-AUG-2016,
OPTSTK,RELCAPITAL,29-Sep-2016,380,CE,0,0,0,42.15,81.3,0,0,0,0,17-AUG-2016,
OPTSTK,RELCAPITAL,29-Sep-2016,390,CE,0,0,0,36.35,72.4,0,0,0,0,17-AUG-2016,
OPTSTK,RELCAPITAL,29-Sep-2016,400,CE,0,0,0,37.9,63.95,0,0,1500,0,17-AUG-2016,
OPTSTK,RELCAPITAL,29-Sep-2016,410,CE,0,0,0,26.4,55.95,0,0,0,0,17-AUG-2016,
OPTSTK,RELCAPITAL,29-Sep-2016,420,CE,45.85,45.85,45.85,45.85,45.85,3,20.96,6000,0,17-AUG-2016,
OPTSTK,RELCAPITAL,29-Sep-2016,430,CE,0,0,0,18.65,41.55,0,0,0,0,17-AUG-2016,
OPTSTK,RELCAPITAL,29-Sep-2016,440,CE,30.75,30.75,27,27,27,4,28.07,25500,-1500,17-AUG-2016,
OPTSTK,RELCAPITAL,29-Sep-2016,450,CE,20.5,20.5,20.5,20.5,20.5,2,14.11,6000,3000,17-AUG-2016,
OPTSTK,RELCAPITAL,29-Sep-2016,460,CE,20.5,21.15,16.5,18.1,18.1,25,179.82,61500,19500,17-AUG-2016,
OPTSTK,RELCAPITAL,29-Sep-2016,470,CE,0,0,0,16,20.25,0,0,1500,0,17-AUG-2016,
OPTSTK,RELCAPITAL,29-Sep-2016,480,CE,12.1,14.2,10.85,11,11,13,96.12,18000,16500,17-AUG-2016,
OPTSTK,RELCAPITAL,29-Sep-2016,490,CE,0,0,0,5.65,13.25,0,0,0,0,17-AUG-2016,
OPTSTK,RELCAPITAL,29-Sep-2016,500,CE,9.8,9.8,6.7,6.75,6.75,33,251.43,49500,46500,17-AUG-2016,
OPTSTK,RELCAPITAL,29-Sep-2016,510,CE,0,0,0,3.6,8.35,0,0,0,0,17-AUG-2016,
OPTSTK,RELCAPITAL,29-Sep-2016,520,CE,0,0,0,2.85,6.55,0,0,0,0,17-AUG-2016,
OPTSTK,RELCAPITAL,29-Sep-2016,530,CE,0,0,0,2.25,5.05,0,0,0,0,17-AUG-2016,
OPTSTK,RELCAPITAL,29-Sep-2016,540,CE,0,0,0,1.8,3.9,0,0,0,0,17-AUG-2016,
OPTSTK,RELCAPITAL,29-Sep-2016,240,PE,0,0,0,0.05,0,0,0,0,0,17-AUG-2016,
OPTSTK,RELCAPITAL,29-Sep-2016,250,PE,0,0,0,0.05,0,0,0,0,0,17-AUG-2016,
OPTSTK,RELCAPITAL,29-Sep-2016,260,PE,0,0,0,0.1,0,0,0,0,0,17-AUG-2016,
OPTSTK,RELCAPITAL,29-Sep-2016,270,PE,0,0,0,0.2,0,0,0,0,0,17-AUG-2016,
OPTSTK,RELCAPITAL,29-Sep-2016,280,PE,0,0,0,0.35,0,0,0,0,0,17-AUG-2016,
OPTSTK,RELCAPITAL,29-Sep-2016,290,PE,0,0,0,0.6,0,0,0,0,0,17-AUG-2016,
OPTSTK,RELCAPITAL,29-Sep-2016,300,PE,0,0,0,1,0.05,0,0,0,0,17-AUG-2016,
OPTSTK,RELCAPITAL,29-Sep-2016,310,PE,0,0,0,1.55,0.05,0,0,0,0,17-AUG-2016,
OPTSTK,RELCAPITAL,29-Sep-2016,320,PE,0,0,0,2.4,0.1,0,0,0,0,17-AUG-2016,
OPTSTK,RELCAPITAL,29-Sep-2016,330,PE,0,0,0,3.55,0.15,0,0,0,0,17-AUG-2016,
OPTSTK,RELCAPITAL,29-Sep-2016,340,PE,0,0,0,5,0.25,0,0,0,0,17-AUG-2016,
OPTSTK,RELCAPITAL,29-Sep-2016,350,PE,0,0,0,6.95,0.45,0,0,0,0,17-AUG-2016,
OPTSTK,RELCAPITAL,29-Sep-2016,360,PE,0,0,0,9.35,0.8,0,0,0,0,17-AUG-2016,
OPTSTK,RELCAPITAL,29-Sep-2016,370,PE,0,0,0,12.2,1.3,0,0,0,0,17-AUG-2016,
OPTSTK,RELCAPITAL,29-Sep-2016,380,PE,0,0,0,15.65,2.05,0,0,0,0,17-AUG-2016,
OPTSTK,RELCAPITAL,29-Sep-2016,390,PE,0,0,0,19.7,3.1,0,0,0,0,17-AUG-2016,
OPTSTK,RELCAPITAL,29-Sep-2016,400,PE,4.25,5.4,4.25,5,5,11,66.79,30000,13500,17-AUG-2016,
OPTSTK,RELCAPITAL,29-Sep-2016,410,PE,0,0,0,6.5,6.5,0,0,1500,0,17-AUG-2016,
OPTSTK,RELCAPITAL,29-Sep-2016,420,PE,9,10,7.9,9.4,9.4,15,96.42,73500,10500,17-AUG-2016,
OPTSTK,RELCAPITAL,29-Sep-2016,430,PE,0,0,0,10.85,11.9,0,0,1500,0,17-AUG-2016,
OPTSTK,RELCAPITAL,29-Sep-2016,440,PE,15.5,17.15,15.15,17.15,17.15,4,27.34,21000,3000,17-AUG-2016,
OPTSTK,RELCAPITAL,29-Sep-2016,450,PE,20.8,20.8,19.8,19.8,19.8,2,14.1,1500,1500,17-AUG-2016,
OPTSTK,RELCAPITAL,29-Sep-2016,460,PE,26.05,26.05,23.5,24.45,24.45,9,65.47,30000,12000,17-AUG-2016,
OPTSTK,RELCAPITAL,29-Sep-2016,470,PE,30,30,30,30,30,2,15,3000,3000,17-AUG-2016,
OPTSTK,RELCAPITAL,29-Sep-2016,480,PE,0,0,0,78.75,36.45,0,0,0,0,17-AUG-2016,
OPTSTK,RELCAPITAL,29-Sep-2016,490,PE,0,0,0,87.25,43.15,0,0,0,0,17-AUG-2016,
OPTSTK,RELCAPITAL,29-Sep-2016,500,PE,0,0,0,95.95,50.4,0,0,0,0,17-AUG-2016,
OPTSTK,RELCAPITAL,29-Sep-2016,510,PE,0,0,0,104.85,58.1,0,0,0,0,17-AUG-2016,
OPTSTK,RELCAPITAL,29-Sep-2016,520,PE,0,0,0,113.95,66.2,0,0,0,0,17-AUG-2016,
OPTSTK,RELCAPITAL,29-Sep-2016,530,PE,0,0,0,123.15,74.65,0,0,0,0,17-AUG-2016,
OPTSTK,RELCAPITAL,29-Sep-2016,540,PE,0,0,0,132.5,83.4,0,0,0,0,17-AUG-2016,
OPTSTK,RELCAPITAL,27-Oct-2016,280,CE,0,0,0,164.15,179.95,0,0,0,0,17-AUG-2016,
OPTSTK,RELCAPITAL,27-Oct-2016,290,CE,0,0,0,154.35,170.1,0,0,0,0,17-AUG-2016,
OPTSTK,RELCAPITAL,27-Oct-2016,300,CE,0,0,0,144.6,160.3,0,0,0,0,17-AUG-2016,
OPTSTK,RELCAPITAL,27-Oct-2016,310,CE,0,0,0,134.9,150.55,0,0,0,0,17-AUG-2016,
OPTSTK,RELCAPITAL,27-Oct-2016,320,CE,0,0,0,125.25,140.85,0,0,0,0,17-AUG-2016,
OPTSTK,RELCAPITAL,27-Oct-2016,330,CE,0,0,0,115.75,131.25,0,0,0,0,17-AUG-2016,
OPTSTK,RELCAPITAL,27-Oct-2016,340,CE,0,0,0,106.35,121.75,0,0,0,0,17-AUG-2016,
OPTSTK,RELCAPITAL,27-Oct-2016,350,CE,0,0,0,97.2,112.45,0,0,0,0,17-AUG-2016,
OPTSTK,RELCAPITAL,27-Oct-2016,360,CE,0,0,0,88.25,103.35,0,0,0,0,17-AUG-2016,
OPTSTK,RELCAPITAL,27-Oct-2016,370,CE,0,0,0,79.65,94.5,0,0,0,0,17-AUG-2016,
OPTSTK,RELCAPITAL,27-Oct-2016,380,CE,0,0,0,71.4,85.95,0,0,0,0,17-AUG-2016,
OPTSTK,RELCAPITAL,27-Oct-2016,390,CE,0,0,0,63.55,77.7,0,0,0,0,17-AUG-2016,
OPTSTK,RELCAPITAL,27-Oct-2016,400,CE,0,0,0,56.2,69.9,0,0,0,0,17-AUG-2016,
OPTSTK,RELCAPITAL,27-Oct-2016,410,CE,0,0,0,49.3,62.5,0,0,0,0,17-AUG-2016,
OPTSTK,RELCAPITAL,27-Oct-2016,420,CE,0,0,0,42.95,55.55,0,0,0,0,17-AUG-2016,
OPTSTK,RELCAPITAL,27-Oct-2016,430,CE,0,0,0,37.15,49.1,0,0,0,0,17-AUG-2016,
OPTSTK,RELCAPITAL,27-Oct-2016,440,CE,0,0,0,31.9,43.15,0,0,0,0,17-AUG-2016,
OPTSTK,RELCAPITAL,27-Oct-2016,450,CE,0,0,0,27.2,37.7,0,0,0,0,17-AUG-2016,
OPTSTK,RELCAPITAL,27-Oct-2016,460,CE,0,0,0,23.05,32.75,0,0,0,0,17-AUG-2016,
OPTSTK,RELCAPITAL,27-Oct-2016,470,CE,0,0,0,19.35,28.3,0,0,0,0,17-AUG-2016,
OPTSTK,RELCAPITAL,27-Oct-2016,480,CE,0,0,0,16.15,24.3,0,0,0,0,17-AUG-2016,
OPTSTK,RELCAPITAL,27-Oct-2016,490,CE,0,0,0,13.4,20.75,0,0,0,0,17-AUG-2016,
OPTSTK,RELCAPITAL,27-Oct-2016,500,CE,0,0,0,11.1,17.65,0,0,0,0,17-AUG-2016,
OPTSTK,RELCAPITAL,27-Oct-2016,510,CE,0,0,0,9.05,14.9,0,0,0,0,17-AUG-2016,
OPTSTK,RELCAPITAL,27-Oct-2016,520,CE,0,0,0,7.4,12.55,0,0,0,0,17-AUG-2016,
OPTSTK,RELCAPITAL,27-Oct-2016,530,CE,0,0,0,6,10.5,0,0,0,0,17-AUG-2016,
OPTSTK,RELCAPITAL,27-Oct-2016,540,CE,0,0,0,4.8,8.75,0,0,0,0,17-AUG-2016,
OPTSTK,RELCAPITAL,27-Oct-2016,280,PE,0,0,0,0.05,0.05,0,0,0,0,17-AUG-2016,
OPTSTK,RELCAPITAL,27-Oct-2016,290,PE,0,0,0,0.1,0.1,0,0,0,0,17-AUG-2016,
OPTSTK,RELCAPITAL,27-Oct-2016,300,PE,0,0,0,0.15,0.15,0,0,0,0,17-AUG-2016,
OPTSTK,RELCAPITAL,27-Oct-2016,310,PE,0,0,0,0.3,0.25,0,0,0,0,17-AUG-2016,
OPTSTK,RELCAPITAL,27-Oct-2016,320,PE,0,0,0,0.45,0.45,0,0,0,0,17-AUG-2016,
OPTSTK,RELCAPITAL,27-Oct-2016,330,PE,0,0,0,0.8,0.7,0,0,0,0,17-AUG-2016,
OPTSTK,RELCAPITAL,27-Oct-2016,340,PE,0,0,0,1.25,1.1,0,0,0,0,17-AUG-2016,
OPTSTK,RELCAPITAL,27-Oct-2016,350,PE,0,0,0,1.9,1.65,0,0,0,0,17-AUG-2016,
OPTSTK,RELCAPITAL,27-Oct-2016,360,PE,0,0,0,2.8,2.4,0,0,0,0,17-AUG-2016,
OPTSTK,RELCAPITAL,27-Oct-2016,370,PE,0,0,0,4,3.4,0,0,0,0,17-AUG-2016,
OPTSTK,RELCAPITAL,27-Oct-2016,380,PE,0,0,0,5.55,4.7,0,0,0,0,17-AUG-2016,
OPTSTK,RELCAPITAL,27-Oct-2016,390,PE,0,0,0,7.55,6.35,0,0,0,0,17-AUG-2016,
OPTSTK,RELCAPITAL,27-Oct-2016,400,PE,0,0,0,10.05,8.4,0,0,0,0,17-AUG-2016,
OPTSTK,RELCAPITAL,27-Oct-2016,410,PE,0,0,0,12.95,10.9,0,0,0,0,17-AUG-2016,
OPTSTK,RELCAPITAL,27-Oct-2016,420,PE,0,0,0,16.45,13.8,0,0,0,0,17-AUG-2016,
OPTSTK,RELCAPITAL,27-Oct-2016,430,PE,0,0,0,20.45,17.2,0,0,0,0,17-AUG-2016,
OPTSTK,RELCAPITAL,27-Oct-2016,440,PE,0,0,0,25.05,21.15,0,0,0,0,17-AUG-2016,
OPTSTK,RELCAPITAL,27-Oct-2016,450,PE,0,0,0,30.15,25.55,0,0,0,0,17-AUG-2016,
OPTSTK,RELCAPITAL,27-Oct-2016,460,PE,0,0,0,35.85,30.45,0,0,0,0,17-AUG-2016,
OPTSTK,RELCAPITAL,27-Oct-2016,470,PE,0,0,0,42,35.85,0,0,0,0,17-AUG-2016,
OPTSTK,RELCAPITAL,27-Oct-2016,480,PE,0,0,0,48.6,41.75,0,0,0,0,17-AUG-2016,
OPTSTK,RELCAPITAL,27-Oct-2016,490,PE,0,0,0,55.7,48.05,0,0,0,0,17-AUG-2016,
OPTSTK,RELCAPITAL,27-Oct-2016,500,PE,0,0,0,63.2,54.8,0,0,0,0,17-AUG-2016,
OPTSTK,RELCAPITAL,27-Oct-2016,510,PE,0,0,0,71,61.95,0,0,0,0,17-AUG-2016,
OPTSTK,RELCAPITAL,27-Oct-2016,520,PE,0,0,0,79.15,69.5,0,0,0,0,17-AUG-2016,
OPTSTK,RELCAPITAL,27-Oct-2016,530,PE,0,0,0,87.6,77.3,0,0,0,0,17-AUG-2016,
OPTSTK,RELCAPITAL,27-Oct-2016,540,PE,0,0,0,96.25,85.4,0,0,0,0,17-AUG-2016,
OPTSTK,RELIANCE,25-Aug-2016,640,CE,0,0,0,318.3,374.3,0,0,0,0,17-AUG-2016,
OPTSTK,RELIANCE,25-Aug-2016,660,CE,0,0,0,298.65,354.3,0,0,0,0,17-AUG-2016,
OPTSTK,RELIANCE,25-Aug-2016,680,CE,0,0,0,279,334.35,0,0,0,0,17-AUG-2016,
OPTSTK,RELIANCE,25-Aug-2016,700,CE,0,0,0,259.4,314.35,0,0,0,0,17-AUG-2016,
OPTSTK,RELIANCE,25-Aug-2016,720,CE,0,0,0,239.85,294.4,0,0,0,0,17-AUG-2016,
OPTSTK,RELIANCE,25-Aug-2016,740,CE,0,0,0,220.35,274.45,0,0,0,0,17-AUG-2016,
OPTSTK,RELIANCE,25-Aug-2016,760,CE,0,0,0,200.95,254.45,0,0,0,0,17-AUG-2016,
OPTSTK,RELIANCE,25-Aug-2016,780,CE,0,0,0,181.8,234.5,0,0,0,0,17-AUG-2016,
OPTSTK,RELIANCE,25-Aug-2016,800,CE,0,0,0,163,214.5,0,0,0,0,17-AUG-2016,
OPTSTK,RELIANCE,25-Aug-2016,810,CE,0,0,0,168.25,204.55,0,0,0,0,17-AUG-2016,
OPTSTK,RELIANCE,25-Aug-2016,820,CE,0,0,0,144.6,194.55,0,0,0,0,17-AUG-2016,
OPTSTK,RELIANCE,25-Aug-2016,830,CE,0,0,0,148.8,184.55,0,0,0,0,17-AUG-2016,
OPTSTK,RELIANCE,25-Aug-2016,840,CE,0,0,0,126.9,174.6,0,0,0,0,17-AUG-2016,
OPTSTK,RELIANCE,25-Aug-2016,850,CE,0,0,0,129.65,164.6,0,0,0,0,17-AUG-2016,
OPTSTK,RELIANCE,25-Aug-2016,860,CE,0,0,0,110.05,154.6,0,0,0,0,17-AUG-2016,
OPTSTK,RELIANCE,25-Aug-2016,870,CE,0,0,0,111.05,144.6,0,0,0,0,17-AUG-2016,
OPTSTK,RELIANCE,25-Aug-2016,880,CE,0,0,0,94.15,134.65,0,0,0,0,17-AUG-2016,
OPTSTK,RELIANCE,25-Aug-2016,890,CE,0,0,0,93.25,124.65,0,0,0,0,17-AUG-2016,
OPTSTK,RELIANCE,25-Aug-2016,900,CE,0,0,0,131,114.65,0,0,1500,0,17-AUG-2016,
OPTSTK,RELIANCE,25-Aug-2016,910,CE,0,0,0,76.6,104.7,0,0,0,0,17-AUG-2016,
OPTSTK,RELIANCE,25-Aug-2016,920,CE,0,0,0,89,94.75,0,0,6500,0,17-AUG-2016,
OPTSTK,RELIANCE,25-Aug-2016,930,CE,0,0,0,61.45,84.8,0,0,0,0,17-AUG-2016,
OPTSTK,RELIANCE,25-Aug-2016,940,CE,76.15,76.15,76.15,76.15,76.15,1,5.08,6500,-500,17-AUG-2016,
OPTSTK,RELIANCE,25-Aug-2016,950,CE,0,0,0,60.8,65.25,0,0,6500,0,17-AUG-2016,
OPTSTK,RELIANCE,25-Aug-2016,960,CE,0,0,0,65.55,55.75,0,0,40500,0,17-AUG-2016,
OPTSTK,RELIANCE,25-Aug-2016,970,CE,0,0,0,36.4,46.65,0,0,0,0,17-AUG-2016,
OPTSTK,RELIANCE,25-Aug-2016,980,CE,44,46,34.9,38.5,38.5,51,259.91,54000,7000,17-AUG-2016,
OPTSTK,RELIANCE,25-Aug-2016,990,CE,0,0,0,52,30.15,0,0,16500,0,17-AUG-2016,
OPTSTK,RELIANCE,25-Aug-2016,1000,CE,33,33,19.5,23.2,23.2,275,1408.2,212000,8500,17-AUG-2016,
OPTSTK,RELIANCE,25-Aug-2016,1010,CE,24.15,24.25,14.05,17.25,17.25,342,1757.04,78000,8000,17-AUG-2016,
OPTSTK,RELIANCE,25-Aug-2016,1020,CE,10.15,19.2,10.1,12.25,12.25,2510,12969.88,611500,108500,17-AUG-2016,
OPTSTK,RELIANCE,25-Aug-2016,1030,CE,12.05,14,7.05,8.5,8.5,1483,7709.58,406000,153000,17-AUG-2016,
OPTSTK,RELIANCE,25-Aug-2016,1040,CE,7.2,10,4.9,5.8,5.8,1738,9094.88,927000,115000,17-AUG-2016,
OPTSTK,RELIANCE,25-Aug-2016,1050,CE,4.9,6.8,3.4,4.05,4.05,771,4065.22,494500,59500,17-AUG-2016,
OPTSTK,RELIANCE,25-Aug-2016,1060,CE,4.2,4.8,2.35,2.7,2.7,979,5203.85,505500,95000,17-AUG-2016,
OPTSTK,RELIANCE,25-Aug-2016,1070,CE,3,3.25,1.65,1.9,1.9,428,2294.2,181500,42500,17-AUG-2016,
OPTSTK,RELIANCE,25-Aug-2016,1080,CE,2.15,2.3,1.2,1.35,1.35,649,3509.51,369500,-11500,17-AUG-2016,
OPTSTK,RELIANCE,25-Aug-2016,1090,CE,1.4,1.5,0.95,1,1,176,960.16,109500,34500,17-AUG-2016,
OPTSTK,RELIANCE,25-Aug-2016,1100,CE,1.2,1.2,0.75,0.9,0.9,360,1981.66,812000,-7000,17-AUG-2016,
OPTSTK,RELIANCE,25-Aug-2016,1110,CE,0.55,0.65,0.55,0.65,0.65,59,327.63,37000,10500,17-AUG-2016,
OPTSTK,RELIANCE,25-Aug-2016,1120,CE,0.55,0.55,0.5,0.55,0.55,34,190.49,72500,-500,17-AUG-2016,
OPTSTK,RELIANCE,25-Aug-2016,1130,CE,0,0,0,0.5,0.05,0,0,2000,0,17-AUG-2016,
OPTSTK,RELIANCE,25-Aug-2016,1140,CE,0.4,0.6,0.4,0.55,0.55,11,62.72,48500,-1000,17-AUG-2016,
OPTSTK,RELIANCE,25-Aug-2016,1150,CE,0,0,0,0.65,0,0,0,1000,0,17-AUG-2016,
OPTSTK,RELIANCE,25-Aug-2016,1160,CE,0,0,0,0.45,0,0,0,3500,0,17-AUG-2016,
OPTSTK,RELIANCE,25-Aug-2016,1170,CE,0,0,0,0.45,0,0,0,0,0,17-AUG-2016,
OPTSTK,RELIANCE,25-Aug-2016,1180,CE,0.35,0.35,0.35,0.35,0.35,2,11.8,1500,0,17-AUG-2016,
OPTSTK,RELIANCE,25-Aug-2016,1190,CE,0,0,0,0.35,0,0,0,0,0,17-AUG-2016,
OPTSTK,RELIANCE,25-Aug-2016,1200,CE,0.35,0.4,0.35,0.4,0.4,44,264.08,153000,-12500,17-AUG-2016,
OPTSTK,RELIANCE,25-Aug-2016,1210,CE,0,0,0,0.15,0,0,0,0,0,17-AUG-2016,
OPTSTK,RELIANCE,25-Aug-2016,1220,CE,0,0,0,0.75,0,0,0,0,0,17-AUG-2016,
OPTSTK,RELIANCE,25-Aug-2016,1230,CE,0,0,0,0.05,0,0,0,0,0,17-AUG-2016,
OPTSTK,RELIANCE,25-Aug-2016,1240,CE,0,0,0,0.5,0,0,0,0,0,17-AUG-2016,
OPTSTK,RELIANCE,25-Aug-2016,1260,CE,0,0,0,0.35,0,0,0,0,0,17-AUG-2016,
OPTSTK,RELIANCE,25-Aug-2016,1280,CE,0,0,0,0.2,0,0,0,0,0,17-AUG-2016,
OPTSTK,RELIANCE,25-Aug-2016,640,PE,0,0,0,0.05,0,0,0,0,0,17-AUG-2016,
OPTSTK,RELIANCE,25-Aug-2016,660,PE,0,0,0,0.05,0,0,0,0,0,17-AUG-2016,
OPTSTK,RELIANCE,25-Aug-2016,680,PE,0,0,0,0.05,0,0,0,0,0,17-AUG-2016,
OPTSTK,RELIANCE,25-Aug-2016,700,PE,0,0,0,0.05,0,0,0,0,0,17-AUG-2016,
OPTSTK,RELIANCE,25-Aug-2016,720,PE,0,0,0,0.15,0,0,0,0,0,17-AUG-2016,
OPTSTK,RELIANCE,25-Aug-2016,740,PE,0,0,0,0.3,0,0,0,0,0,17-AUG-2016,
OPTSTK,RELIANCE,25-Aug-2016,760,PE,0,0,0,0.55,0,0,0,0,0,17-AUG-2016,
OPTSTK,RELIANCE,25-Aug-2016,780,PE,0,0,0,1.05,0,0,0,0,0,17-AUG-2016,
OPTSTK,RELIANCE,25-Aug-2016,800,PE,0,0,0,1.85,0,0,0,0,0,17-AUG-2016,
OPTSTK,RELIANCE,25-Aug-2016,810,PE,0,0,0,0.25,0,0,0,0,0,17-AUG-2016,
OPTSTK,RELIANCE,25-Aug-2016,820,PE,0,0,0,3.15,0,0,0,0,0,17-AUG-2016,
OPTSTK,RELIANCE,25-Aug-2016,830,PE,0,0,0,0.55,0,0,0,0,0,17-AUG-2016,
OPTSTK,RELIANCE,25-Aug-2016,840,PE,0,0,0,5.05,0,0,0,0,0,17-AUG-2016,
OPTSTK,RELIANCE,25-Aug-2016,850,PE,0,0,0,1.2,0,0,0,0,0,17-AUG-2016,
OPTSTK,RELIANCE,25-Aug-2016,860,PE,0,0,0,7.85,0,0,0,0,0,17-AUG-2016,
OPTSTK,RELIANCE,25-Aug-2016,870,PE,0,0,0,2.4,0,0,0,0,0,17-AUG-2016,
OPTSTK,RELIANCE,25-Aug-2016,880,PE,0,0,0,11.6,0,0,0,0,0,17-AUG-2016,
OPTSTK,RELIANCE,25-Aug-2016,890,PE,0,0,0,4.4,0,0,0,0,0,17-AUG-2016,
OPTSTK,RELIANCE,25-Aug-2016,900,PE,0,0,0,0.25,0,0,0,59000,0,17-AUG-2016,
OPTSTK,RELIANCE,25-Aug-2016,910,PE,0,0,0,7.5,0.05,0,0,0,0,17-AUG-2016,
OPTSTK,RELIANCE,25-Aug-2016,920,PE,0,0,0,0.4,0.05,0,0,37500,0,17-AUG-2016,
OPTSTK,RELIANCE,25-Aug-2016,930,PE,0,0,0,1.95,0.1,0,0,2500,0,17-AUG-2016,
OPTSTK,RELIANCE,25-Aug-2016,940,PE,0.5,0.6,0.45,0.6,0.6,14,65.83,70000,3000,17-AUG-2016,
OPTSTK,RELIANCE,25-Aug-2016,950,PE,0.55,0.8,0.55,0.65,0.65,27,128.34,51500,-5000,17-AUG-2016,
OPTSTK,RELIANCE,25-Aug-2016,960,PE,0.95,1.4,0.85,1.05,1.05,130,624.69,137000,5000,17-AUG-2016,
OPTSTK,RELIANCE,25-Aug-2016,970,PE,1.1,2.1,1,1.55,1.55,97,471.29,72000,7500,17-AUG-2016,
OPTSTK,RELIANCE,25-Aug-2016,980,PE,1.6,3.55,1.6,2.55,2.55,323,1586.54,207500,0,17-AUG-2016,
OPTSTK,RELIANCE,25-Aug-2016,990,PE,2.65,5.65,2.6,4.15,4.15,347,1724.54,100500,-14500,17-AUG-2016,
OPTSTK,RELIANCE,25-Aug-2016,1000,PE,4.35,9.1,3.8,6.7,6.7,1209,6084.62,612000,-1000,17-AUG-2016,
OPTSTK,RELIANCE,25-Aug-2016,1010,PE,6.75,13.5,6.4,10.35,10.35,823,4196.59,135000,6000,17-AUG-2016,
OPTSTK,RELIANCE,25-Aug-2016,1020,PE,7.9,19.05,7.9,15.2,15.2,1183,6115.59,312000,-30000,17-AUG-2016,
OPTSTK,RELIANCE,25-Aug-2016,1030,PE,14.95,26,14.1,21.15,21.15,321,1682.93,106000,-1000,17-AUG-2016,
OPTSTK,RELIANCE,25-Aug-2016,1040,PE,21,32,21,27.7,27.7,108,575.25,177500,-500,17-AUG-2016,
OPTSTK,RELIANCE,25-Aug-2016,1050,PE,32.5,38,32.5,38,38,5,27.14,21500,-2500,17-AUG-2016,
OPTSTK,RELIANCE,25-Aug-2016,1060,PE,47.45,47.45,47.45,47.45,47.45,1,5.53,46500,0,17-AUG-2016,
OPTSTK,RELIANCE,25-Aug-2016,1070,PE,0,0,0,42.1,56.35,0,0,500,0,17-AUG-2016,
OPTSTK,RELIANCE,25-Aug-2016,1080,PE,0,0,0,64,65.8,0,0,2500,0,17-AUG-2016,
OPTSTK,RELIANCE,25-Aug-2016,1090,PE,0,0,0,112.7,75.45,0,0,0,0,17-AUG-2016,
OPTSTK,RELIANCE,25-Aug-2016,1100,PE,0,0,0,77.05,85.25,0,0,23500,0,17-AUG-2016,
OPTSTK,RELIANCE,25-Aug-2016,1110,PE,0,0,0,131.05,95.15,0,0,0,0,17-AUG-2016,
OPTSTK,RELIANCE,25-Aug-2016,1120,PE,0,0,0,88,105.1,0,0,500,0,17-AUG-2016,
OPTSTK,RELIANCE,25-Aug-2016,1130,PE,0,0,0,149.9,115.05,0,0,0,0,17-AUG-2016,
OPTSTK,RELIANCE,25-Aug-2016,1140,PE,0,0,0,113,125,0,0,5000,0,17-AUG-2016,
OPTSTK,RELIANCE,25-Aug-2016,1150,PE,0,0,0,169.1,135,0,0,0,0,17-AUG-2016,
OPTSTK,RELIANCE,25-Aug-2016,1160,PE,0,0,0,194.75,145,0,0,0,0,17-AUG-2016,
OPTSTK,RELIANCE,25-Aug-2016,1170,PE,0,0,0,188.55,154.95,0,0,0,0,17-AUG-2016,
OPTSTK,RELIANCE,25-Aug-2016,1180,PE,0,0,0,150,164.95,0,0,500,0,17-AUG-2016,
OPTSTK,RELIANCE,25-Aug-2016,1190,PE,0,0,0,191.7,174.95,0,0,0,0,17-AUG-2016,
OPTSTK,RELIANCE,25-Aug-2016,1200,PE,0,0,0,164,184.9,0,0,5000,0,17-AUG-2016,
OPTSTK,RELIANCE,25-Aug-2016,1210,PE,0,0,0,191.5,194.9,0,0,0,0,17-AUG-2016,
OPTSTK,RELIANCE,25-Aug-2016,1220,PE,0,0,0,252.1,204.9,0,0,0,0,17-AUG-2016,
OPTSTK,RELIANCE,25-Aug-2016,1230,PE,0,0,0,197.25,214.9,0,0,0,0,17-AUG-2016,
OPTSTK,RELIANCE,25-Aug-2016,1240,PE,0,0,0,214.65,224.85,0,0,1000,0,17-AUG-2016,
OPTSTK,RELIANCE,25-Aug-2016,1260,PE,0,0,0,291,244.85,0,0,0,0,17-AUG-2016,
OPTSTK,RELIANCE,25-Aug-2016,1280,PE,0,0,0,310.55,264.8,0,0,0,0,17-AUG-2016,
OPTSTK,RELIANCE,29-Sep-2016,770,CE,0,0,0,213,249.55,0,0,0,0,17-AUG-2016,
OPTSTK,RELIANCE,29-Sep-2016,780,CE,0,0,0,203.3,239.65,0,0,0,0,17-AUG-2016,
OPTSTK,RELIANCE,29-Sep-2016,790,CE,0,0,0,193.65,229.75,0,0,0,0,17-AUG-2016,
OPTSTK,RELIANCE,29-Sep-2016,800,CE,0,0,0,184.05,219.85,0,0,0,0,17-AUG-2016,
OPTSTK,RELIANCE,29-Sep-2016,810,CE,0,0,0,174.5,209.95,0,0,0,0,17-AUG-2016,
OPTSTK,RELIANCE,29-Sep-2016,820,CE,0,0,0,165,200.05,0,0,0,0,17-AUG-2016,
OPTSTK,RELIANCE,29-Sep-2016,830,CE,0,0,0,155.65,190.2,0,0,0,0,17-AUG-2016,
OPTSTK,RELIANCE,29-Sep-2016,840,CE,0,0,0,146.45,180.4,0,0,0,0,17-AUG-2016,
OPTSTK,RELIANCE,29-Sep-2016,850,CE,0,0,0,137.35,170.6,0,0,0,0,17-AUG-2016,
OPTSTK,RELIANCE,29-Sep-2016,860,CE,0,0,0,128.4,160.9,0,0,0,0,17-AUG-2016,
OPTSTK,RELIANCE,29-Sep-2016,870,CE,0,0,0,119.7,151.2,0,0,0,0,17-AUG-2016,
OPTSTK,RELIANCE,29-Sep-2016,880,CE,0,0,0,111.2,141.65,0,0,0,0,17-AUG-2016,
OPTSTK,RELIANCE,29-Sep-2016,890,CE,0,0,0,102.95,132.25,0,0,0,0,17-AUG-2016,
OPTSTK,RELIANCE,29-Sep-2016,900,CE,0,0,0,94.95,122.95,0,0,0,0,17-AUG-2016,
OPTSTK,RELIANCE,29-Sep-2016,910,CE,0,0,0,87.25,113.85,0,0,0,0,17-AUG-2016,
OPTSTK,RELIANCE,29-Sep-2016,920,CE,0,0,0,79.95,104.95,0,0,0,0,17-AUG-2016,
OPTSTK,RELIANCE,29-Sep-2016,930,CE,0,0,0,72.85,96.3,0,0,0,0,17-AUG-2016,
OPTSTK,RELIANCE,29-Sep-2016,940,CE,0,0,0,66.15,87.95,0,0,0,0,17-AUG-2016,
OPTSTK,RELIANCE,29-Sep-2016,950,CE,0,0,0,59.85,79.9,0,0,0,0,17-AUG-2016,
OPTSTK,RELIANCE,29-Sep-2016,960,CE,0,0,0,53.95,72.2,0,0,0,0,17-AUG-2016,
OPTSTK,RELIANCE,29-Sep-2016,970,CE,0,0,0,48.4,64.85,0,0,0,0,17-AUG-2016,
OPTSTK,RELIANCE,29-Sep-2016,980,CE,60,60,60,60,60,1,5.2,3500,500,17-AUG-2016,
OPTSTK,RELIANCE,29-Sep-2016,990,CE,0,0,0,38.45,51.5,0,0,0,0,17-AUG-2016,
OPTSTK,RELIANCE,29-Sep-2016,1000,CE,44,45.55,39.5,41.5,41.5,27,140.76,20000,11500,17-AUG-2016,
OPTSTK,RELIANCE,29-Sep-2016,1010,CE,35,35,35,35,35,2,10.45,1500,1000,17-AUG-2016,
OPTSTK,RELIANCE,29-Sep-2016,1020,CE,35.55,35.55,28,29.95,29.95,55,289.03,28500,17500,17-AUG-2016,
OPTSTK,RELIANCE,29-Sep-2016,1030,CE,28.4,28.75,24.9,26.5,26.5,26,137.39,5000,1000,17-AUG-2016,
OPTSTK,RELIANCE,29-Sep-2016,1040,CE,26.45,26.45,20,21.85,21.85,107,568.37,78500,10500,17-AUG-2016,
OPTSTK,RELIANCE,29-Sep-2016,1050,CE,21.2,22.4,17,17,17,26,138.99,21000,3500,17-AUG-2016,
OPTSTK,RELIANCE,29-Sep-2016,1060,CE,19.15,19.15,14.05,15.7,15.7,72,387.43,73000,4500,17-AUG-2016,
OPTSTK,RELIANCE,29-Sep-2016,1070,CE,14.35,14.35,14.35,14.35,14.35,1,5.42,8500,0,17-AUG-2016,
OPTSTK,RELIANCE,29-Sep-2016,1080,CE,11,11.25,10,10.2,10.2,5,27.26,11000,500,17-AUG-2016,
OPTSTK,RELIANCE,29-Sep-2016,1090,CE,0,0,0,9.5,11.2,0,0,0,0,17-AUG-2016,
OPTSTK,RELIANCE,29-Sep-2016,1100,CE,9.25,9.25,7.1,7.85,7.85,39,216.05,88000,6000,17-AUG-2016,
OPTSTK,RELIANCE,29-Sep-2016,1110,CE,0,0,0,6.8,7.65,0,0,0,0,17-AUG-2016,
OPTSTK,RELIANCE,29-Sep-2016,1120,CE,6,6,6,6,6,1,5.63,1000,500,17-AUG-2016,
OPTSTK,RELIANCE,29-Sep-2016,1130,CE,0,0,0,4.8,5.1,0,0,0,0,17-AUG-2016,
OPTSTK,RELIANCE,29-Sep-2016,1140,CE,4,4,4,4,4,1,5.72,500,500,17-AUG-2016,
OPTSTK,RELIANCE,29-Sep-2016,1150,CE,0,0,0,3.35,3.3,0,0,0,0,17-AUG-2016,
OPTSTK,RELIANCE,29-Sep-2016,1160,CE,0,0,0,2.8,2.65,0,0,0,0,17-AUG-2016,
OPTSTK,RELIANCE,29-Sep-2016,1170,CE,0,0,0,2.3,2.1,0,0,0,0,17-AUG-2016,
OPTSTK,RELIANCE,29-Sep-2016,770,PE,0,0,0,0.25,0.05,0,0,0,0,17-AUG-2016,
OPTSTK,RELIANCE,29-Sep-2016,780,PE,0,0,0,0.4,0.05,0,0,0,0,17-AUG-2016,
OPTSTK,RELIANCE,29-Sep-2016,790,PE,0,0,0,0.55,0.05,0,0,0,0,17-AUG-2016,
OPTSTK,RELIANCE,29-Sep-2016,800,PE,0,0,0,0.75,0.05,0,0,0,0,17-AUG-2016,
OPTSTK,RELIANCE,29-Sep-2016,810,PE,0,0,0,1,0.1,0,0,0,0,17-AUG-2016,
OPTSTK,RELIANCE,29-Sep-2016,820,PE,0,0,0,1.4,0.15,0,0,0,0,17-AUG-2016,
OPTSTK,RELIANCE,29-Sep-2016,830,PE,0,0,0,1.85,0.2,0,0,0,0,17-AUG-2016,
OPTSTK,RELIANCE,29-Sep-2016,840,PE,0,0,0,2.45,0.3,0,0,0,0,17-AUG-2016,
OPTSTK,RELIANCE,29-Sep-2016,850,PE,0,0,0,3.15,0.4,0,0,0,0,17-AUG-2016,
OPTSTK,RELIANCE,29-Sep-2016,860,PE,0,0,0,4.1,0.6,0,0,0,0,17-AUG-2016,
OPTSTK,RELIANCE,29-Sep-2016,870,PE,0,0,0,5.2,0.9,0,0,0,0,17-AUG-2016,
OPTSTK,RELIANCE,29-Sep-2016,880,PE,0,0,0,6.5,1.25,0,0,0,0,17-AUG-2016,
OPTSTK,RELIANCE,29-Sep-2016,890,PE,0,0,0,8.05,1.75,0,0,0,0,17-AUG-2016,
OPTSTK,RELIANCE,29-Sep-2016,900,PE,0,0,0,9.9,2.35,0,0,0,0,17-AUG-2016,
OPTSTK,RELIANCE,29-Sep-2016,910,PE,0,0,0,12.05,3.15,0,0,0,0,17-AUG-2016,
OPTSTK,RELIANCE,29-Sep-2016,920,PE,0,0,0,14.5,4.2,0,0,0,0,17-AUG-2016,
OPTSTK,RELIANCE,29-Sep-2016,930,PE,0,0,0,17.25,5.45,0,0,0,0,17-AUG-2016,
OPTSTK,RELIANCE,29-Sep-2016,940,PE,0,0,0,6.5,7,0,0,10000,0,17-AUG-2016,
OPTSTK,RELIANCE,29-Sep-2016,950,PE,6,7,6,7,7,6,28.69,4000,3000,17-AUG-2016,
OPTSTK,RELIANCE,29-Sep-2016,960,PE,7.5,8.5,7.5,8.5,8.5,35,169.38,35500,17500,17-AUG-2016,
OPTSTK,RELIANCE,29-Sep-2016,970,PE,11,11,11,11,11,2,9.81,1000,1000,17-AUG-2016,
OPTSTK,RELIANCE,29-Sep-2016,980,PE,10,12.5,10,11.65,11.65,40,198.37,116500,16500,17-AUG-2016,
OPTSTK,RELIANCE,29-Sep-2016,990,PE,15.7,16.45,15.5,15.5,15.5,3,15.08,3500,500,17-AUG-2016,
OPTSTK,RELIANCE,29-Sep-2016,1000,PE,17,20.25,16.5,18.55,18.55,83,422.57,75000,10500,17-AUG-2016,
OPTSTK,RELIANCE,29-Sep-2016,1010,PE,20.55,23.75,20.2,22.35,22.35,43,221.59,29500,21000,17-AUG-2016,
OPTSTK,RELIANCE,29-Sep-2016,1020,PE,24.2,28.3,24.2,27.1,27.1,15,78.45,17500,4000,17-AUG-2016,
OPTSTK,RELIANCE,29-Sep-2016,1030,PE,29.25,29.25,29.25,29.25,29.25,1,5.29,5500,0,17-AUG-2016,
OPTSTK,RELIANCE,29-Sep-2016,1040,PE,34.55,37,34.55,37,37,9,48.39,18500,4500,17-AUG-2016,
OPTSTK,RELIANCE,29-Sep-2016,1050,PE,0,0,0,38.6,50.45,0,0,1000,0,17-AUG-2016,
OPTSTK,RELIANCE,29-Sep-2016,1060,PE,0,0,0,87.25,57.05,0,0,0,0,17-AUG-2016,
OPTSTK,RELIANCE,29-Sep-2016,1070,PE,0,0,0,94.9,64.05,0,0,0,0,17-AUG-2016,
OPTSTK,RELIANCE,29-Sep-2016,1080,PE,0,0,0,53,71.45,0,0,500,0,17-AUG-2016,
OPTSTK,RELIANCE,29-Sep-2016,1090,PE,0,0,0,111.05,79.1,0,0,0,0,17-AUG-2016,
OPTSTK,RELIANCE,29-Sep-2016,1100,PE,0,0,0,119.45,87.1,0,0,0,0,17-AUG-2016,
OPTSTK,RELIANCE,29-Sep-2016,1110,PE,0,0,0,128.05,95.35,0,0,0,0,17-AUG-2016,
OPTSTK,RELIANCE,29-Sep-2016,1120,PE,0,0,0,136.8,103.9,0,0,0,0,17-AUG-2016,
OPTSTK,RELIANCE,29-Sep-2016,1130,PE,0,0,0,145.7,112.65,0,0,0,0,17-AUG-2016,
OPTSTK,RELIANCE,29-Sep-2016,1140,PE,0,0,0,154.75,121.6,0,0,0,0,17-AUG-2016,
OPTSTK,RELIANCE,29-Sep-2016,1150,PE,0,0,0,163.9,130.7,0,0,0,0,17-AUG-2016,
OPTSTK,RELIANCE,29-Sep-2016,1160,PE,0,0,0,173.15,139.95,0,0,0,0,17-AUG-2016,
OPTSTK,RELIANCE,29-Sep-2016,1170,PE,0,0,0,182.5,149.35,0,0,0,0,17-AUG-2016,
OPTSTK,RELIANCE,27-Oct-2016,830,CE,0,0,0,210.85,195.3,0,0,0,0,17-AUG-2016,
OPTSTK,RELIANCE,27-Oct-2016,840,CE,0,0,0,201.15,185.75,0,0,0,0,17-AUG-2016,
OPTSTK,RELIANCE,27-Oct-2016,850,CE,0,0,0,191.45,176.3,0,0,0,0,17-AUG-2016,
OPTSTK,RELIANCE,27-Oct-2016,860,CE,0,0,0,181.8,166.9,0,0,0,0,17-AUG-2016,
OPTSTK,RELIANCE,27-Oct-2016,870,CE,0,0,0,172.25,157.7,0,0,0,0,17-AUG-2016,
OPTSTK,RELIANCE,27-Oct-2016,880,CE,0,0,0,162.75,148.55,0,0,0,0,17-AUG-2016,
OPTSTK,RELIANCE,27-Oct-2016,890,CE,0,0,0,153.35,139.65,0,0,0,0,17-AUG-2016,
OPTSTK,RELIANCE,27-Oct-2016,900,CE,0,0,0,144.1,130.85,0,0,0,0,17-AUG-2016,
OPTSTK,RELIANCE,27-Oct-2016,910,CE,0,0,0,135,122.3,0,0,0,0,17-AUG-2016,
OPTSTK,RELIANCE,27-Oct-2016,920,CE,0,0,0,126.05,114,0,0,0,0,17-AUG-2016,
OPTSTK,RELIANCE,27-Oct-2016,930,CE,0,0,0,117.3,105.9,0,0,0,0,17-AUG-2016,
OPTSTK,RELIANCE,27-Oct-2016,940,CE,0,0,0,108.75,98.1,0,0,0,0,17-AUG-2016,
OPTSTK,RELIANCE,27-Oct-2016,950,CE,0,0,0,100.5,90.55,0,0,0,0,17-AUG-2016,
OPTSTK,RELIANCE,27-Oct-2016,960,CE,0,0,0,92.45,83.4,0,0,0,0,17-AUG-2016,
OPTSTK,RELIANCE,27-Oct-2016,970,CE,0,0,0,84.75,76.45,0,0,0,0,17-AUG-2016,
OPTSTK,RELIANCE,27-Oct-2016,980,CE,0,0,0,77.45,69.9,0,0,0,0,17-AUG-2016,
OPTSTK,RELIANCE,27-Oct-2016,990,CE,0,0,0,70.35,63.65,0,0,0,0,17-AUG-2016,
OPTSTK,RELIANCE,27-Oct-2016,1000,CE,0,0,0,69,57.8,0,0,1500,0,17-AUG-2016,
OPTSTK,RELIANCE,27-Oct-2016,1010,CE,0,0,0,57.4,52.3,0,0,0,0,17-AUG-2016,
OPTSTK,RELIANCE,27-Oct-2016,1020,CE,0,0,0,51.5,47.15,0,0,0,0,17-AUG-2016,
OPTSTK,RELIANCE,27-Oct-2016,1030,CE,0,0,0,46,42.35,0,0,0,0,17-AUG-2016,
OPTSTK,RELIANCE,27-Oct-2016,1040,CE,37,37,31.1,31.1,31.1,4,21.47,4500,2000,17-AUG-2016,
OPTSTK,RELIANCE,27-Oct-2016,1050,CE,0,0,0,36.2,33.85,0,0,0,0,17-AUG-2016,
OPTSTK,RELIANCE,27-Oct-2016,1060,CE,0,0,0,31.9,30.05,0,0,0,0,17-AUG-2016,
OPTSTK,RELIANCE,27-Oct-2016,1070,CE,0,0,0,27.95,26.65,0,0,0,0,17-AUG-2016,
OPTSTK,RELIANCE,27-Oct-2016,1080,CE,0,0,0,24.4,23.5,0,0,0,0,17-AUG-2016,
OPTSTK,RELIANCE,27-Oct-2016,1090,CE,0,0,0,21.2,20.65,0,0,0,0,17-AUG-2016,
OPTSTK,RELIANCE,27-Oct-2016,1100,CE,0,0,0,18.35,18.15,0,0,0,0,17-AUG-2016,
OPTSTK,RELIANCE,27-Oct-2016,1110,CE,0,0,0,15.85,15.85,0,0,0,0,17-AUG-2016,
OPTSTK,RELIANCE,27-Oct-2016,1120,CE,0,0,0,13.55,13.8,0,0,0,0,17-AUG-2016,
OPTSTK,RELIANCE,27-Oct-2016,1130,CE,0,0,0,11.55,11.95,0,0,0,0,17-AUG-2016,
OPTSTK,RELIANCE,27-Oct-2016,1140,CE,0,0,0,9.8,10.35,0,0,0,0,17-AUG-2016,
OPTSTK,RELIANCE,27-Oct-2016,1150,CE,0,0,0,8.3,8.9,0,0,0,0,17-AUG-2016,
OPTSTK,RELIANCE,27-Oct-2016,1160,CE,0,0,0,6.95,7.65,0,0,0,0,17-AUG-2016,
OPTSTK,RELIANCE,27-Oct-2016,1170,CE,0,0,0,5.85,6.55,0,0,0,0,17-AUG-2016,
OPTSTK,RELIANCE,27-Oct-2016,830,PE,0,0,0,0.25,0.95,0,0,0,0,17-AUG-2016,
OPTSTK,RELIANCE,27-Oct-2016,840,PE,0,0,0,0.35,1.25,0,0,0,0,17-AUG-2016,
OPTSTK,RELIANCE,27-Oct-2016,850,PE,0,0,0,0.5,1.65,0,0,0,0,17-AUG-2016,
OPTSTK,RELIANCE,27-Oct-2016,860,PE,0,0,0,0.7,2.15,0,0,0,0,17-AUG-2016,
OPTSTK,RELIANCE,27-Oct-2016,870,PE,0,0,0,0.95,2.8,0,0,0,0,17-AUG-2016,
OPTSTK,RELIANCE,27-Oct-2016,880,PE,0,0,0,1.3,3.55,0,0,0,0,17-AUG-2016,
OPTSTK,RELIANCE,27-Oct-2016,890,PE,0,0,0,1.75,4.45,0,0,0,0,17-AUG-2016,
OPTSTK,RELIANCE,27-Oct-2016,900,PE,0,0,0,2.3,5.55,0,0,0,0,17-AUG-2016,
OPTSTK,RELIANCE,27-Oct-2016,910,PE,0,0,0,3,6.9,0,0,0,0,17-AUG-2016,
OPTSTK,RELIANCE,27-Oct-2016,920,PE,0,0,0,3.9,8.45,0,0,0,0,17-AUG-2016,
OPTSTK,RELIANCE,27-Oct-2016,930,PE,0,0,0,4.95,10.2,0,0,0,0,17-AUG-2016,
OPTSTK,RELIANCE,27-Oct-2016,940,PE,0,0,0,6.25,12.25,0,0,0,0,17-AUG-2016,
OPTSTK,RELIANCE,27-Oct-2016,950,PE,0,0,0,7.8,14.6,0,0,0,0,17-AUG-2016,
OPTSTK,RELIANCE,27-Oct-2016,960,PE,0,0,0,9.65,17.3,0,0,0,0,17-AUG-2016,
OPTSTK,RELIANCE,27-Oct-2016,970,PE,0,0,0,11.75,20.2,0,0,0,0,17-AUG-2016,
OPTSTK,RELIANCE,27-Oct-2016,980,PE,0,0,0,14.25,23.5,0,0,0,0,17-AUG-2016,
OPTSTK,RELIANCE,27-Oct-2016,990,PE,0,0,0,17,27.15,0,0,0,0,17-AUG-2016,
OPTSTK,RELIANCE,27-Oct-2016,1000,PE,0,0,0,20.15,31.2,0,0,0,0,17-AUG-2016,
OPTSTK,RELIANCE,27-Oct-2016,1010,PE,0,0,0,23.7,35.55,0,0,0,0,17-AUG-2016,
OPTSTK,RELIANCE,27-Oct-2016,1020,PE,0,0,0,27.65,40.25,0,0,0,0,17-AUG-2016,
OPTSTK,RELIANCE,27-Oct-2016,1030,PE,0,0,0,31.95,45.35,0,0,0,0,17-AUG-2016,
OPTSTK,RELIANCE,27-Oct-2016,1040,PE,0,0,0,36.7,50.75,0,0,0,0,17-AUG-2016,
OPTSTK,RELIANCE,27-Oct-2016,1050,PE,0,0,0,41.8,56.55,0,0,0,0,17-AUG-2016,
OPTSTK,RELIANCE,27-Oct-2016,1060,PE,0,0,0,47.35,62.65,0,0,0,0,17-AUG-2016,
OPTSTK,RELIANCE,27-Oct-2016,1070,PE,0,0,0,53.25,69.05,0,0,0,0,17-AUG-2016,
OPTSTK,RELIANCE,27-Oct-2016,1080,PE,0,0,0,59.5,75.8,0,0,0,0,17-AUG-2016,
OPTSTK,RELIANCE,27-Oct-2016,1090,PE,0,0,0,66.15,82.85,0,0,0,0,17-AUG-2016,
OPTSTK,RELIANCE,27-Oct-2016,1100,PE,0,0,0,73.1,90.2,0,0,0,0,17-AUG-2016,
OPTSTK,RELIANCE,27-Oct-2016,1110,PE,0,0,0,80.4,97.75,0,0,0,0,17-AUG-2016,
OPTSTK,RELIANCE,27-Oct-2016,1120,PE,0,0,0,87.95,105.55,0,0,0,0,17-AUG-2016,
OPTSTK,RELIANCE,27-Oct-2016,1130,PE,0,0,0,95.8,113.6,0,0,0,0,17-AUG-2016,
OPTSTK,RELIANCE,27-Oct-2016,1140,PE,0,0,0,103.85,121.85,0,0,0,0,17-AUG-2016,
OPTSTK,RELIANCE,27-Oct-2016,1150,PE,0,0,0,112.2,130.3,0,0,0,0,17-AUG-2016,
OPTSTK,RELIANCE,27-Oct-2016,1160,PE,0,0,0,120.7,138.9,0,0,0,0,17-AUG-2016,
OPTSTK,RELIANCE,27-Oct-2016,1170,PE,0,0,0,129.4,147.65,0,0,0,0,17-AUG-2016,
OPTSTK,RELINFRA,25-Aug-2016,340,CE,0,0,0,183.2,245.65,0,0,0,0,17-AUG-2016,
OPTSTK,RELINFRA,25-Aug-2016,360,CE,0,0,0,164.1,225.65,0,0,0,0,17-AUG-2016,
OPTSTK,RELINFRA,25-Aug-2016,380,CE,0,0,0,145.4,205.7,0,0,0,0,17-AUG-2016,
OPTSTK,RELINFRA,25-Aug-2016,400,CE,0,0,0,127.4,185.7,0,0,0,0,17-AUG-2016,
OPTSTK,RELINFRA,25-Aug-2016,420,CE,0,0,0,110.3,165.75,0,0,0,0,17-AUG-2016,
OPTSTK,RELINFRA,25-Aug-2016,440,CE,0,0,0,172.2,145.8,0,0,0,0,17-AUG-2016,
OPTSTK,RELINFRA,25-Aug-2016,460,CE,0,0,0,79.55,125.8,0,0,0,0,17-AUG-2016,
OPTSTK,RELINFRA,25-Aug-2016,480,CE,0,0,0,66.2,105.85,0,0,0,0,17-AUG-2016,
OPTSTK,RELINFRA,25-Aug-2016,500,CE,0,0,0,99.7,85.9,0,0,6500,0,17-AUG-2016,
OPTSTK,RELINFRA,25-Aug-2016,520,CE,0,0,0,68.95,66.1,0,0,5200,0,17-AUG-2016,
OPTSTK,RELINFRA,25-Aug-2016,540,CE,45,45,45,45,45,1,7.6,10400,0,17-AUG-2016,
OPTSTK,RELINFRA,25-Aug-2016,560,CE,29.5,29.5,28.3,28.5,28.5,4,30.61,120900,-2600,17-AUG-2016,
OPTSTK,RELINFRA,25-Aug-2016,580,CE,19.5,21.05,11.75,14.15,14.15,518,4012.19,343200,-10400,17-AUG-2016,
OPTSTK,RELINFRA,25-Aug-2016,600,CE,9.6,10.5,5.3,6.35,6.35,1031,8144.24,1033500,0,17-AUG-2016,
OPTSTK,RELINFRA,25-Aug-2016,620,CE,4.8,4.9,2.55,2.85,2.85,740,6000.99,911300,180700,17-AUG-2016,
OPTSTK,RELINFRA,25-Aug-2016,640,CE,2.2,2.45,1.2,1.4,1.4,346,2886.67,521300,22100,17-AUG-2016,
OPTSTK,RELINFRA,25-Aug-2016,660,CE,1.15,1.25,0.65,0.7,0.7,143,1228.66,306800,52000,17-AUG-2016,
OPTSTK,RELINFRA,25-Aug-2016,680,CE,0.6,0.65,0.5,0.5,0.5,18,159.25,100100,-3900,17-AUG-2016,
OPTSTK,RELINFRA,25-Aug-2016,700,CE,0.4,0.4,0.4,0.4,0.4,2,18.21,165100,0,17-AUG-2016,
OPTSTK,RELINFRA,25-Aug-2016,720,CE,0.3,0.3,0.3,0.3,0.3,1,9.36,10400,0,17-AUG-2016,
OPTSTK,RELINFRA,25-Aug-2016,740,CE,0,0,0,0.15,0,0,0,5200,0,17-AUG-2016,
OPTSTK,RELINFRA,25-Aug-2016,340,PE,0,0,0,0.45,0,0,0,0,0,17-AUG-2016,
OPTSTK,RELINFRA,25-Aug-2016,360,PE,0,0,0,1,0,0,0,0,0,17-AUG-2016,
OPTSTK,RELINFRA,25-Aug-2016,380,PE,0,0,0,2,0,0,0,0,0,17-AUG-2016,
OPTSTK,RELINFRA,25-Aug-2016,400,PE,0,0,0,3.65,0,0,0,0,0,17-AUG-2016,
OPTSTK,RELINFRA,25-Aug-2016,420,PE,0,0,0,0.3,0,0,0,1300,0,17-AUG-2016,
OPTSTK,RELINFRA,25-Aug-2016,440,PE,0,0,0,0.8,0,0,0,5200,0,17-AUG-2016,
OPTSTK,RELINFRA,25-Aug-2016,460,PE,0,0,0,0.8,0,0,0,2600,0,17-AUG-2016,
OPTSTK,RELINFRA,25-Aug-2016,480,PE,0,0,0,0.3,0,0,0,58500,0,17-AUG-2016,
OPTSTK,RELINFRA,25-Aug-2016,500,PE,0.4,0.45,0.4,0.45,0.45,2,13.01,119600,0,17-AUG-2016,
OPTSTK,RELINFRA,25-Aug-2016,520,PE,0.6,0.65,0.5,0.55,0.55,11,74.44,169000,-5200,17-AUG-2016,
OPTSTK,RELINFRA,25-Aug-2016,540,PE,0.9,1.55,0.9,1,1,118,830.22,96200,-15600,17-AUG-2016,
OPTSTK,RELINFRA,25-Aug-2016,560,PE,2.8,4.25,2.35,2.9,2.9,223,1632.75,306800,-2600,17-AUG-2016,
OPTSTK,RELINFRA,25-Aug-2016,580,PE,7.25,11.7,6.6,8.65,8.65,620,4745.02,486200,14300,17-AUG-2016,
OPTSTK,RELINFRA,25-Aug-2016,600,PE,14.65,24.7,14.65,20.2,20.2,156,1257.97,414700,1300,17-AUG-2016,
OPTSTK,RELINFRA,25-Aug-2016,620,PE,32.15,32.15,32.15,32.15,32.15,1,8.47,31200,0,17-AUG-2016,
OPTSTK,RELINFRA,25-Aug-2016,640,PE,0,0,0,71.75,54.9,0,0,10400,0,17-AUG-2016,
OPTSTK,RELINFRA,25-Aug-2016,660,PE,0,0,0,91.2,74.15,0,0,2600,0,17-AUG-2016,
OPTSTK,RELINFRA,25-Aug-2016,680,PE,0,0,0,156.9,93.95,0,0,0,0,17-AUG-2016,
OPTSTK,RELINFRA,25-Aug-2016,700,PE,0,0,0,175.1,113.9,0,0,0,0,17-AUG-2016,
OPTSTK,RELINFRA,25-Aug-2016,720,PE,0,0,0,193.65,133.85,0,0,0,0,17-AUG-2016,
OPTSTK,RELINFRA,25-Aug-2016,740,PE,0,0,0,191.35,153.8,0,0,0,0,17-AUG-2016,
OPTSTK,RELINFRA,29-Sep-2016,340,CE,0,0,0,212,247.85,0,0,0,0,17-AUG-2016,
OPTSTK,RELINFRA,29-Sep-2016,360,CE,0,0,0,192.65,228.05,0,0,0,0,17-AUG-2016,
OPTSTK,RELINFRA,29-Sep-2016,380,CE,0,0,0,173.6,208.2,0,0,0,0,17-AUG-2016,
OPTSTK,RELINFRA,29-Sep-2016,400,CE,0,0,0,154.95,188.4,0,0,0,0,17-AUG-2016,
OPTSTK,RELINFRA,29-Sep-2016,420,CE,0,0,0,136.95,168.65,0,0,0,0,17-AUG-2016,
OPTSTK,RELINFRA,29-Sep-2016,440,CE,0,0,0,119.75,149,0,0,0,0,17-AUG-2016,
OPTSTK,RELINFRA,29-Sep-2016,460,CE,0,0,0,103.6,129.65,0,0,0,0,17-AUG-2016,
OPTSTK,RELINFRA,29-Sep-2016,480,CE,0,0,0,88.6,110.8,0,0,0,0,17-AUG-2016,
OPTSTK,RELINFRA,29-Sep-2016,500,CE,0,0,0,74.9,92.75,0,0,0,0,17-AUG-2016,
OPTSTK,RELINFRA,29-Sep-2016,520,CE,0,0,0,62.6,75.95,0,0,0,0,17-AUG-2016,
OPTSTK,RELINFRA,29-Sep-2016,540,CE,0,0,0,51.8,60.65,0,0,0,0,17-AUG-2016,
OPTSTK,RELINFRA,29-Sep-2016,560,CE,0,0,0,42.35,47.15,0,0,0,0,17-AUG-2016,
OPTSTK,RELINFRA,29-Sep-2016,580,CE,34.1,34.1,34.1,34.1,34.1,1,7.98,6500,1300,17-AUG-2016,
OPTSTK,RELINFRA,29-Sep-2016,600,CE,23.55,23.55,22.2,22.2,22.2,3,24.3,23400,1300,17-AUG-2016,
OPTSTK,RELINFRA,29-Sep-2016,620,CE,0,0,0,21,18.9,0,0,5200,0,17-AUG-2016,
OPTSTK,RELINFRA,29-Sep-2016,640,CE,11.15,12.15,10.3,11.8,11.8,9,76.19,20800,3900,17-AUG-2016,
OPTSTK,RELINFRA,29-Sep-2016,660,CE,10,10,8,8,8,3,26.08,14300,2600,17-AUG-2016,
OPTSTK,RELINFRA,29-Sep-2016,680,CE,0,0,0,10.45,6,0,0,0,0,17-AUG-2016,
OPTSTK,RELINFRA,29-Sep-2016,700,CE,0,0,0,8.05,3.9,0,0,0,0,17-AUG-2016,
OPTSTK,RELINFRA,29-Sep-2016,720,CE,0,0,0,6.15,2.5,0,0,0,0,17-AUG-2016,
OPTSTK,RELINFRA,29-Sep-2016,740,CE,0,0,0,4.65,1.55,0,0,0,0,17-AUG-2016,
OPTSTK,RELINFRA,29-Sep-2016,340,PE,0,0,0,0.25,0,0,0,0,0,17-AUG-2016,
OPTSTK,RELINFRA,29-Sep-2016,360,PE,0,0,0,0.55,0,0,0,0,0,17-AUG-2016,
OPTSTK,RELINFRA,29-Sep-2016,380,PE,0,0,0,1.15,0.05,0,0,0,0,17-AUG-2016,
OPTSTK,RELINFRA,29-Sep-2016,400,PE,0,0,0,2.15,0.05,0,0,0,0,17-AUG-2016,
OPTSTK,RELINFRA,29-Sep-2016,420,PE,0,0,0,3.8,0.15,0,0,0,0,17-AUG-2016,
OPTSTK,RELINFRA,29-Sep-2016,440,PE,0,0,0,6.25,0.35,0,0,0,0,17-AUG-2016,
OPTSTK,RELINFRA,29-Sep-2016,460,PE,0,0,0,9.7,0.8,0,0,0,0,17-AUG-2016,
OPTSTK,RELINFRA,29-Sep-2016,480,PE,0,0,0,14.35,1.8,0,0,0,0,17-AUG-2016,
OPTSTK,RELINFRA,29-Sep-2016,500,PE,5.05,5.9,5.05,5.9,5.9,2,13.14,2600,0,17-AUG-2016,
OPTSTK,RELINFRA,29-Sep-2016,520,PE,9.1,9.5,9.1,9.5,9.5,2,13.76,3900,1300,17-AUG-2016,
OPTSTK,RELINFRA,29-Sep-2016,540,PE,12.25,13.65,12.25,13.65,13.65,2,14.37,2600,2600,17-AUG-2016,
OPTSTK,RELINFRA,29-Sep-2016,560,PE,19.2,21,19.2,21,21,2,15.08,15600,2600,17-AUG-2016,
OPTSTK,RELINFRA,29-Sep-2016,580,PE,0,0,0,58.3,25.95,0,0,0,0,17-AUG-2016,
OPTSTK,RELINFRA,29-Sep-2016,600,PE,0,0,0,42,36.4,0,0,2600,0,17-AUG-2016,
OPTSTK,RELINFRA,29-Sep-2016,620,PE,0,0,0,85.15,48.8,0,0,0,0,17-AUG-2016,
OPTSTK,RELINFRA,29-Sep-2016,640,PE,0,0,0,100.2,62.95,0,0,0,0,17-AUG-2016,
OPTSTK,RELINFRA,29-Sep-2016,660,PE,0,0,0,116.05,78.55,0,0,0,0,17-AUG-2016,
OPTSTK,RELINFRA,29-Sep-2016,680,PE,0,0,0,132.65,95.4,0,0,0,0,17-AUG-2016,
OPTSTK,RELINFRA,29-Sep-2016,700,PE,0,0,0,149.9,113.15,0,0,0,0,17-AUG-2016,
OPTSTK,RELINFRA,29-Sep-2016,720,PE,0,0,0,167.65,131.55,0,0,0,0,17-AUG-2016,
OPTSTK,RELINFRA,29-Sep-2016,740,PE,0,0,0,185.85,150.45,0,0,0,0,17-AUG-2016,
OPTSTK,RELINFRA,27-Oct-2016,340,CE,0,0,0,239.75,249.65,0,0,0,0,17-AUG-2016,
OPTSTK,RELINFRA,27-Oct-2016,360,CE,0,0,0,220.1,229.95,0,0,0,0,17-AUG-2016,
OPTSTK,RELINFRA,27-Oct-2016,380,CE,0,0,0,200.55,210.3,0,0,0,0,17-AUG-2016,
OPTSTK,RELINFRA,27-Oct-2016,400,CE,0,0,0,181.15,190.75,0,0,0,0,17-AUG-2016,
OPTSTK,RELINFRA,27-Oct-2016,420,CE,0,0,0,161.95,171.35,0,0,0,0,17-AUG-2016,
OPTSTK,RELINFRA,27-Oct-2016,440,CE,0,0,0,143.2,152.35,0,0,0,0,17-AUG-2016,
OPTSTK,RELINFRA,27-Oct-2016,460,CE,0,0,0,125.05,133.85,0,0,0,0,17-AUG-2016,
OPTSTK,RELINFRA,27-Oct-2016,480,CE,0,0,0,107.75,116.1,0,0,0,0,17-AUG-2016,
OPTSTK,RELINFRA,27-Oct-2016,500,CE,0,0,0,91.5,99.3,0,0,0,0,17-AUG-2016,
OPTSTK,RELINFRA,27-Oct-2016,520,CE,0,0,0,76.6,83.75,0,0,0,0,17-AUG-2016,
OPTSTK,RELINFRA,27-Oct-2016,540,CE,0,0,0,63.15,69.6,0,0,0,0,17-AUG-2016,
OPTSTK,RELINFRA,27-Oct-2016,560,CE,0,0,0,51.3,56.95,0,0,0,0,17-AUG-2016,
OPTSTK,RELINFRA,27-Oct-2016,580,CE,0,0,0,41,45.9,0,0,0,0,17-AUG-2016,
OPTSTK,RELINFRA,27-Oct-2016,600,CE,0,0,0,32.35,36.5,0,0,0,0,17-AUG-2016,
OPTSTK,RELINFRA,27-Oct-2016,620,CE,0,0,0,25.1,28.55,0,0,0,0,17-AUG-2016,
OPTSTK,RELINFRA,27-Oct-2016,640,CE,0,0,0,19.25,22.05,0,0,0,0,17-AUG-2016,
OPTSTK,RELINFRA,27-Oct-2016,660,CE,0,0,0,10,16.85,0,0,1300,0,17-AUG-2016,
OPTSTK,RELINFRA,27-Oct-2016,680,CE,0,0,0,10.9,12.65,0,0,0,0,17-AUG-2016,
OPTSTK,RELINFRA,27-Oct-2016,700,CE,0,0,0,8.05,9.4,0,0,0,0,17-AUG-2016,
OPTSTK,RELINFRA,27-Oct-2016,720,CE,0,0,0,5.9,6.9,0,0,0,0,17-AUG-2016,
OPTSTK,RELINFRA,27-Oct-2016,740,CE,0,0,0,4.25,5.05,0,0,0,0,17-AUG-2016,
OPTSTK,RELINFRA,27-Oct-2016,340,PE,0,0,0,0.05,0.05,0,0,0,0,17-AUG-2016,
OPTSTK,RELINFRA,27-Oct-2016,360,PE,0,0,0,0.05,0.05,0,0,0,0,17-AUG-2016,
OPTSTK,RELINFRA,27-Oct-2016,380,PE,0,0,0,0.2,0.15,0,0,0,0,17-AUG-2016,
OPTSTK,RELINFRA,27-Oct-2016,400,PE,0,0,0,0.4,0.3,0,0,0,0,17-AUG-2016,
OPTSTK,RELINFRA,27-Oct-2016,420,PE,0,0,0,0.9,0.65,0,0,0,0,17-AUG-2016,
OPTSTK,RELINFRA,27-Oct-2016,440,PE,0,0,0,1.8,1.4,0,0,0,0,17-AUG-2016,
OPTSTK,RELINFRA,27-Oct-2016,460,PE,0,0,0,3.3,2.6,0,0,0,0,17-AUG-2016,
OPTSTK,RELINFRA,27-Oct-2016,480,PE,0,0,0,5.65,4.6,0,0,0,0,17-AUG-2016,
OPTSTK,RELINFRA,27-Oct-2016,500,PE,0,0,0,9.1,7.55,0,0,0,0,17-AUG-2016,
OPTSTK,RELINFRA,27-Oct-2016,520,PE,0,0,0,13.85,11.75,0,0,0,0,17-AUG-2016,
OPTSTK,RELINFRA,27-Oct-2016,540,PE,0,0,0,20,17.3,0,0,0,0,17-AUG-2016,
OPTSTK,RELINFRA,27-Oct-2016,560,PE,0,0,0,27.8,24.4,0,0,0,0,17-AUG-2016,
OPTSTK,RELINFRA,27-Oct-2016,580,PE,0,0,0,37.2,33.1,0,0,0,0,17-AUG-2016,
OPTSTK,RELINFRA,27-Oct-2016,600,PE,0,0,0,48.2,43.4,0,0,0,0,17-AUG-2016,
OPTSTK,RELINFRA,27-Oct-2016,620,PE,0,0,0,60.6,55.2,0,0,0,0,17-AUG-2016,
OPTSTK,RELINFRA,27-Oct-2016,640,PE,0,0,0,74.4,68.45,0,0,0,0,17-AUG-2016,
OPTSTK,RELINFRA,27-Oct-2016,660,PE,0,0,0,89.4,82.95,0,0,0,0,17-AUG-2016,
OPTSTK,RELINFRA,27-Oct-2016,680,PE,0,0,0,105.35,98.5,0,0,0,0,17-AUG-2016,
OPTSTK,RELINFRA,27-Oct-2016,700,PE,0,0,0,122.15,115,0,0,0,0,17-AUG-2016,
OPTSTK,RELINFRA,27-Oct-2016,720,PE,0,0,0,139.65,132.2,0,0,0,0,17-AUG-2016,
OPTSTK,RELINFRA,27-Oct-2016,740,PE,0,0,0,157.7,150.05,0,0,0,0,17-AUG-2016,
OPTSTK,RPOWER,25-Aug-2016,30,CE,0,0,0,19.2,21.35,0,0,0,0,17-AUG-2016,
OPTSTK,RPOWER,25-Aug-2016,32.5,CE,0,0,0,16.75,18.85,0,0,0,0,17-AUG-2016,
OPTSTK,RPOWER,25-Aug-2016,35,CE,0,0,0,14.35,16.35,0,0,0,0,17-AUG-2016,
OPTSTK,RPOWER,25-Aug-2016,37.5,CE,0,0,0,11.95,13.9,0,0,0,0,17-AUG-2016,
OPTSTK,RPOWER,25-Aug-2016,40,CE,0,0,0,9.7,11.4,0,0,0,0,17-AUG-2016,
OPTSTK,RPOWER,25-Aug-2016,42.5,CE,0,0,0,7.6,8.9,0,0,0,0,17-AUG-2016,
OPTSTK,RPOWER,25-Aug-2016,45,CE,0,0,0,5.75,6.4,0,0,0,0,17-AUG-2016,
OPTSTK,RPOWER,25-Aug-2016,47.5,CE,0,0,0,3.25,3.9,0,0,60000,0,17-AUG-2016,
OPTSTK,RPOWER,25-Aug-2016,50,CE,1.8,2.1,1.8,2.05,2.05,4,24.96,336000,-12000,17-AUG-2016,
OPTSTK,RPOWER,25-Aug-2016,52.5,CE,0.9,0.95,0.65,0.8,0.8,94,601.24,1752000,84000,17-AUG-2016,
OPTSTK,RPOWER,25-Aug-2016,55,CE,0.4,0.45,0.3,0.35,0.35,117,776.99,3312000,240000,17-AUG-2016,
OPTSTK,RPOWER,25-Aug-2016,57.5,CE,0.2,0.2,0.15,0.15,0.15,37,255.99,1452000,-228000,17-AUG-2016,
OPTSTK,RPOWER,25-Aug-2016,60,CE,0.1,0.1,0.05,0.1,0.1,17,122.59,3192000,96000,17-AUG-2016,
OPTSTK,RPOWER,25-Aug-2016,62.5,CE,0.05,0.05,0.05,0.05,0.05,1,7.5,1296000,0,17-AUG-2016,
OPTSTK,RPOWER,25-Aug-2016,65,CE,0,0,0,0.05,0,0,0,852000,0,17-AUG-2016,
OPTSTK,RPOWER,25-Aug-2016,67.5,CE,0,0,0,0.05,0,0,0,36000,0,17-AUG-2016,
OPTSTK,RPOWER,25-Aug-2016,30,PE,0,0,0,0.05,0,0,0,0,0,17-AUG-2016,
OPTSTK,RPOWER,25-Aug-2016,32.5,PE,0,0,0,0.05,0,0,0,0,0,17-AUG-2016,
OPTSTK,RPOWER,25-Aug-2016,35,PE,0,0,0,0.05,0,0,0,0,0,17-AUG-2016,
OPTSTK,RPOWER,25-Aug-2016,37.5,PE,0,0,0,0.15,0,0,0,0,0,17-AUG-2016,
OPTSTK,RPOWER,25-Aug-2016,40,PE,0,0,0,0.1,0,0,0,12000,0,17-AUG-2016,
OPTSTK,RPOWER,25-Aug-2016,42.5,PE,0,0,0,0.7,0,0,0,0,0,17-AUG-2016,
OPTSTK,RPOWER,25-Aug-2016,45,PE,0.1,0.1,0.1,0.1,0.1,1,5.41,684000,0,17-AUG-2016,
OPTSTK,RPOWER,25-Aug-2016,47.5,PE,0.15,0.15,0.1,0.1,0.1,25,142.88,840000,0,17-AUG-2016,
OPTSTK,RPOWER,25-Aug-2016,50,PE,0.55,0.7,0.5,0.6,0.6,21,127.57,1104000,24000,17-AUG-2016,
OPTSTK,RPOWER,25-Aug-2016,52.5,PE,1.85,2.15,1.8,1.8,1.8,5,32.68,696000,0,17-AUG-2016,
OPTSTK,RPOWER,25-Aug-2016,55,PE,4.15,4.15,4.1,4.1,4.1,2,14.19,444000,-24000,17-AUG-2016,
OPTSTK,RPOWER,25-Aug-2016,57.5,PE,0,0,0,6,6.15,0,0,36000,0,17-AUG-2016,
OPTSTK,RPOWER,25-Aug-2016,60,PE,0,0,0,9,8.65,0,0,156000,0,17-AUG-2016,
OPTSTK,RPOWER,25-Aug-2016,62.5,PE,0,0,0,8.5,11.15,0,0,12000,0,17-AUG-2016,
OPTSTK,RPOWER,25-Aug-2016,65,PE,0,0,0,10.5,13.6,0,0,60000,0,17-AUG-2016,
OPTSTK,RPOWER,25-Aug-2016,67.5,PE,0,0,0,12.2,16.1,0,0,12000,0,17-AUG-2016,
OPTSTK,RPOWER,29-Sep-2016,30,CE,0,0,0,21.9,21.55,0,0,0,0,17-AUG-2016,
OPTSTK,RPOWER,29-Sep-2016,32.5,CE,0,0,0,19.45,19.1,0,0,0,0,17-AUG-2016,
OPTSTK,RPOWER,29-Sep-2016,35,CE,0,0,0,17,16.6,0,0,0,0,17-AUG-2016,
OPTSTK,RPOWER,29-Sep-2016,37.5,CE,0,0,0,14.6,14.1,0,0,0,0,17-AUG-2016,
OPTSTK,RPOWER,29-Sep-2016,40,CE,0,0,0,12.2,11.65,0,0,0,0,17-AUG-2016,
OPTSTK,RPOWER,29-Sep-2016,42.5,CE,0,0,0,9.95,9.2,0,0,0,0,17-AUG-2016,
OPTSTK,RPOWER,29-Sep-2016,45,CE,0,0,0,7.85,6.8,0,0,0,0,17-AUG-2016,
OPTSTK,RPOWER,29-Sep-2016,47.5,CE,0,0,0,6,4.6,0,0,0,0,17-AUG-2016,
OPTSTK,RPOWER,29-Sep-2016,50,CE,0,0,0,4.45,2.8,0,0,0,0,17-AUG-2016,
OPTSTK,RPOWER,29-Sep-2016,52.5,CE,2.5,2.5,2.5,2.5,2.5,1,6.6,24000,12000,17-AUG-2016,
OPTSTK,RPOWER,29-Sep-2016,55,CE,1.6,1.65,1.6,1.6,1.6,4,27.17,216000,36000,17-AUG-2016,
OPTSTK,RPOWER,29-Sep-2016,57.5,CE,0,0,0,1.05,0.3,0,0,36000,0,17-AUG-2016,
OPTSTK,RPOWER,29-Sep-2016,60,CE,1.05,1.05,0.75,0.75,0.75,4,29.26,96000,12000,17-AUG-2016,
OPTSTK,RPOWER,29-Sep-2016,62.5,CE,0,0,0,0.45,0.05,0,0,12000,0,17-AUG-2016,
OPTSTK,RPOWER,29-Sep-2016,65,CE,0,0,0,0.4,0.05,0,0,0,0,17-AUG-2016,
OPTSTK,RPOWER,29-Sep-2016,67.5,CE,0,0,0,0.25,0,0,0,0,0,17-AUG-2016,
OPTSTK,RPOWER,29-Sep-2016,30,PE,0,0,0,0.05,0,0,0,0,0,17-AUG-2016,
OPTSTK,RPOWER,29-Sep-2016,32.5,PE,0,0,0,0.05,0,0,0,0,0,17-AUG-2016,
OPTSTK,RPOWER,29-Sep-2016,35,PE,0,0,0,0.05,0,0,0,0,0,17-AUG-2016,
OPTSTK,RPOWER,29-Sep-2016,37.5,PE,0,0,0,0.05,0,0,0,0,0,17-AUG-2016,
OPTSTK,RPOWER,29-Sep-2016,40,PE,0,0,0,0.15,0,0,0,0,0,17-AUG-2016,
OPTSTK,RPOWER,29-Sep-2016,42.5,PE,0,0,0,0.35,0.05,0,0,0,0,17-AUG-2016,
OPTSTK,RPOWER,29-Sep-2016,45,PE,0,0,0,0.7,0.15,0,0,0,0,17-AUG-2016,
OPTSTK,RPOWER,29-Sep-2016,47.5,PE,1,1,1,1,1,1,5.82,12000,12000,17-AUG-2016,
OPTSTK,RPOWER,29-Sep-2016,50,PE,1.95,2.05,1.95,2.05,2.05,3,18.72,48000,24000,17-AUG-2016,
OPTSTK,RPOWER,29-Sep-2016,52.5,PE,0,0,0,2.7,2.25,0,0,12000,0,17-AUG-2016,
OPTSTK,RPOWER,29-Sep-2016,55,PE,5,5,5,5,5,1,7.2,96000,12000,17-AUG-2016,
OPTSTK,RPOWER,29-Sep-2016,57.5,PE,0,0,0,6.6,6.05,0,0,0,0,17-AUG-2016,
OPTSTK,RPOWER,29-Sep-2016,60,PE,0,0,0,8.55,8.35,0,0,0,0,17-AUG-2016,
OPTSTK,RPOWER,29-Sep-2016,62.5,PE,0,0,0,10.65,10.75,0,0,0,0,17-AUG-2016,
OPTSTK,RPOWER,29-Sep-2016,65,PE,0,0,0,12.9,13.2,0,0,0,0,17-AUG-2016,
OPTSTK,RPOWER,29-Sep-2016,67.5,PE,0,0,0,15.2,15.7,0,0,0,0,17-AUG-2016,
OPTSTK,RPOWER,27-Oct-2016,30,CE,0,0,0,24.65,21.7,0,0,0,0,17-AUG-2016,
OPTSTK,RPOWER,27-Oct-2016,32.5,CE,0,0,0,22.2,19.25,0,0,0,0,17-AUG-2016,
OPTSTK,RPOWER,27-Oct-2016,35,CE,0,0,0,19.7,16.8,0,0,0,0,17-AUG-2016,
OPTSTK,RPOWER,27-Oct-2016,37.5,CE,0,0,0,17.25,14.3,0,0,0,0,17-AUG-2016,
OPTSTK,RPOWER,27-Oct-2016,40,CE,0,0,0,14.85,11.85,0,0,0,0,17-AUG-2016,
OPTSTK,RPOWER,27-Oct-2016,42.5,CE,0,0,0,12.45,9.45,0,0,0,0,17-AUG-2016,
OPTSTK,RPOWER,27-Oct-2016,45,CE,0,0,0,10.15,7.2,0,0,0,0,17-AUG-2016,
OPTSTK,RPOWER,27-Oct-2016,47.5,CE,0,0,0,7.95,5.15,0,0,0,0,17-AUG-2016,
OPTSTK,RPOWER,27-Oct-2016,50,CE,0,0,0,6.05,3.45,0,0,0,0,17-AUG-2016,
OPTSTK,RPOWER,27-Oct-2016,52.5,CE,0,0,0,4.4,2.15,0,0,0,0,17-AUG-2016,
OPTSTK,RPOWER,27-Oct-2016,55,CE,0,0,0,3.05,1.25,0,0,0,0,17-AUG-2016,
OPTSTK,RPOWER,27-Oct-2016,57.5,CE,0,0,0,2.05,0.65,0,0,0,0,17-AUG-2016,
OPTSTK,RPOWER,27-Oct-2016,60,CE,0,0,0,1.35,0.35,0,0,0,0,17-AUG-2016,
OPTSTK,RPOWER,27-Oct-2016,62.5,CE,0,0,0,0.85,0.15,0,0,0,0,17-AUG-2016,
OPTSTK,RPOWER,27-Oct-2016,65,CE,0,0,0,0.5,0.1,0,0,0,0,17-AUG-2016,
OPTSTK,RPOWER,27-Oct-2016,67.5,CE,0,0,0,0.3,0.05,0,0,0,0,17-AUG-2016,
OPTSTK,RPOWER,27-Oct-2016,30,PE,0,0,0,0.05,0,0,0,0,0,17-AUG-2016,
OPTSTK,RPOWER,27-Oct-2016,32.5,PE,0,0,0,0.05,0,0,0,0,0,17-AUG-2016,
OPTSTK,RPOWER,27-Oct-2016,35,PE,0,0,0,0.05,0,0,0,0,0,17-AUG-2016,
OPTSTK,RPOWER,27-Oct-2016,37.5,PE,0,0,0,0.05,0,0,0,0,0,17-AUG-2016,
OPTSTK,RPOWER,27-Oct-2016,40,PE,0,0,0,0.05,0.05,0,0,0,0,17-AUG-2016,
OPTSTK,RPOWER,27-Oct-2016,42.5,PE,0,0,0,0.1,0.1,0,0,0,0,17-AUG-2016,
OPTSTK,RPOWER,27-Oct-2016,45,PE,0,0,0,0.25,0.3,0,0,0,0,17-AUG-2016,
OPTSTK,RPOWER,27-Oct-2016,47.5,PE,0,0,0,0.55,0.7,0,0,0,0,17-AUG-2016,
OPTSTK,RPOWER,27-Oct-2016,50,PE,0,0,0,1.1,1.45,0,0,0,0,17-AUG-2016,
OPTSTK,RPOWER,27-Oct-2016,52.5,PE,0,0,0,1.9,2.65,0,0,0,0,17-AUG-2016,
OPTSTK,RPOWER,27-Oct-2016,55,PE,0,0,0,3,4.2,0,0,0,0,17-AUG-2016,
OPTSTK,RPOWER,27-Oct-2016,57.5,PE,0,0,0,4.45,6.1,0,0,0,0,17-AUG-2016,
OPTSTK,RPOWER,27-Oct-2016,60,PE,0,0,0,6.2,8.25,0,0,0,0,17-AUG-2016,
OPTSTK,RPOWER,27-Oct-2016,62.5,PE,0,0,0,8.15,10.55,0,0,0,0,17-AUG-2016,
OPTSTK,RPOWER,27-Oct-2016,65,PE,0,0,0,10.3,12.9,0,0,0,0,17-AUG-2016,
OPTSTK,RPOWER,27-Oct-2016,67.5,PE,0,0,0,12.55,15.35,0,0,0,0,17-AUG-2016,
OPTSTK,SAIL,25-Aug-2016,22.5,CE,0,0,0,18.65,25.7,0,0,0,0,17-AUG-2016,
OPTSTK,SAIL,25-Aug-2016,25,CE,0,0,0,16.2,23.2,0,0,0,0,17-AUG-2016,
OPTSTK,SAIL,25-Aug-2016,27.5,CE,0,0,0,13.85,20.7,0,0,0,0,17-AUG-2016,
OPTSTK,SAIL,25-Aug-2016,30,CE,0,0,0,11.6,18.2,0,0,0,0,17-AUG-2016,
OPTSTK,SAIL,25-Aug-2016,32.5,CE,0,0,0,9.5,15.7,0,0,0,0,17-AUG-2016,
OPTSTK,SAIL,25-Aug-2016,35,CE,0,0,0,7.6,13.2,0,0,0,0,17-AUG-2016,
OPTSTK,SAIL,25-Aug-2016,37.5,CE,0,0,0,5.95,10.75,0,0,0,0,17-AUG-2016,
OPTSTK,SAIL,25-Aug-2016,40,CE,0,0,0,4.55,8.25,0,0,0,0,17-AUG-2016,
OPTSTK,SAIL,25-Aug-2016,42.5,CE,5.5,5.5,5.5,5.5,5.5,1,5.76,12000,0,17-AUG-2016,
OPTSTK,SAIL,25-Aug-2016,45,CE,1.85,3.95,1.8,3.9,3.9,39,225.14,588000,-132000,17-AUG-2016,
OPTSTK,SAIL,25-Aug-2016,47.5,CE,0.8,2.1,0.75,1.75,1.75,400,2357.06,2016000,-180000,17-AUG-2016,
OPTSTK,SAIL,25-Aug-2016,50,CE,0.3,1.1,0.3,0.8,0.8,1171,7140.18,6696000,1344000,17-AUG-2016,
OPTSTK,SAIL,25-Aug-2016,52.5,CE,0.15,0.5,0.1,0.35,0.35,351,2226.66,2484000,240000,17-AUG-2016,
OPTSTK,SAIL,25-Aug-2016,55,CE,0.05,0.2,0.05,0.15,0.15,215,1422.89,3792000,24000,17-AUG-2016,
OPTSTK,SAIL,25-Aug-2016,57.5,CE,0.05,0.1,0.05,0.05,0.05,56,386.74,3000000,-36000,17-AUG-2016,
OPTSTK,SAIL,25-Aug-2016,60,CE,0.05,0.05,0.05,0.05,0.05,3,21.61,840000,-12000,17-AUG-2016,
OPTSTK,SAIL,25-Aug-2016,62.5,CE,0,0,0,0.05,0,0,0,180000,0,17-AUG-2016,
OPTSTK,SAIL,25-Aug-2016,22.5,PE,0,0,0,0.05,0,0,0,0,0,17-AUG-2016,
OPTSTK,SAIL,25-Aug-2016,25,PE,0,0,0,0.05,0,0,0,0,0,17-AUG-2016,
OPTSTK,SAIL,25-Aug-2016,27.5,PE,0,0,0,0.15,0,0,0,0,0,17-AUG-2016,
OPTSTK,SAIL,25-Aug-2016,30,PE,0,0,0,0.35,0,0,0,0,0,17-AUG-2016,
OPTSTK,SAIL,25-Aug-2016,32.5,PE,0,0,0,0.7,0,0,0,0,0,17-AUG-2016,
OPTSTK,SAIL,25-Aug-2016,35,PE,0,0,0,0.05,0,0,0,12000,0,17-AUG-2016,
OPTSTK,SAIL,25-Aug-2016,37.5,PE,0,0,0,0.1,0,0,0,60000,0,17-AUG-2016,
OPTSTK,SAIL,25-Aug-2016,40,PE,0,0,0,0.05,0,0,0,984000,0,17-AUG-2016,
OPTSTK,SAIL,25-Aug-2016,42.5,PE,0.1,0.1,0.05,0.05,0.05,157,801.71,2736000,-672000,17-AUG-2016,
OPTSTK,SAIL,25-Aug-2016,45,PE,0.55,0.55,0.2,0.25,0.25,152,826.21,2208000,-96000,17-AUG-2016,
OPTSTK,SAIL,25-Aug-2016,47.5,PE,1.8,1.8,0.75,0.85,0.85,176,1023.66,1536000,744000,17-AUG-2016,
OPTSTK,SAIL,25-Aug-2016,50,PE,3.6,3.6,2.15,2.4,2.4,21,132.4,420000,36000,17-AUG-2016,
OPTSTK,SAIL,25-Aug-2016,52.5,PE,0,0,0,4.45,4.4,0,0,60000,0,17-AUG-2016,
OPTSTK,SAIL,25-Aug-2016,55,PE,6.9,6.9,6.9,6.9,6.9,1,7.42,36000,0,17-AUG-2016,
OPTSTK,SAIL,25-Aug-2016,57.5,PE,0,0,0,9.5,9.3,0,0,12000,0,17-AUG-2016,
OPTSTK,SAIL,25-Aug-2016,60,PE,11.8,11.9,11.8,11.9,11.9,2,17.24,120000,-12000,17-AUG-2016,
OPTSTK,SAIL,25-Aug-2016,62.5,PE,0,0,0,20.9,14.3,0,0,0,0,17-AUG-2016,
OPTSTK,SAIL,29-Sep-2016,22.5,CE,0,0,0,23.25,25.85,0,0,0,0,17-AUG-2016,
OPTSTK,SAIL,29-Sep-2016,25,CE,0,0,0,20.8,23.35,0,0,0,0,17-AUG-2016,
OPTSTK,SAIL,29-Sep-2016,27.5,CE,0,0,0,18.4,20.9,0,0,0,0,17-AUG-2016,
OPTSTK,SAIL,29-Sep-2016,30,CE,0,0,0,16,18.4,0,0,0,0,17-AUG-2016,
OPTSTK,SAIL,29-Sep-2016,32.5,CE,0,0,0,13.65,15.95,0,0,0,0,17-AUG-2016,
OPTSTK,SAIL,29-Sep-2016,35,CE,0,0,0,11.4,13.45,0,0,0,0,17-AUG-2016,
OPTSTK,SAIL,29-Sep-2016,37.5,CE,0,0,0,9.35,11.05,0,0,0,0,17-AUG-2016,
OPTSTK,SAIL,29-Sep-2016,40,CE,0,0,0,7.5,8.7,0,0,0,0,17-AUG-2016,
OPTSTK,SAIL,29-Sep-2016,42.5,CE,6.2,6.2,6.2,6.2,6.2,1,5.84,12000,12000,17-AUG-2016,
OPTSTK,SAIL,29-Sep-2016,45,CE,4.4,4.9,4.4,4.7,4.7,10,59.55,24000,0,17-AUG-2016,
OPTSTK,SAIL,29-Sep-2016,47.5,CE,2.6,3.4,2.6,3.4,3.4,6,36.43,60000,24000,17-AUG-2016,
OPTSTK,SAIL,29-Sep-2016,50,CE,1.35,2.4,1.35,2.25,2.25,53,332.03,372000,300000,17-AUG-2016,
OPTSTK,SAIL,29-Sep-2016,52.5,CE,0,0,0,1.85,1.2,0,0,0,0,17-AUG-2016,
OPTSTK,SAIL,29-Sep-2016,55,CE,0.75,1.1,0.75,0.95,0.95,58,389.65,348000,276000,17-AUG-2016,
OPTSTK,SAIL,29-Sep-2016,57.5,CE,0,0,0,0.95,0.35,0,0,0,0,17-AUG-2016,
OPTSTK,SAIL,29-Sep-2016,60,CE,0.5,0.5,0.5,0.5,0.5,1,7.26,12000,12000,17-AUG-2016,
OPTSTK,SAIL,29-Sep-2016,62.5,CE,0,0,0,0.45,0.1,0,0,0,0,17-AUG-2016,
OPTSTK,SAIL,29-Sep-2016,22.5,PE,0,0,0,0.05,0,0,0,0,0,17-AUG-2016,
OPTSTK,SAIL,29-Sep-2016,25,PE,0,0,0,0.05,0,0,0,0,0,17-AUG-2016,
OPTSTK,SAIL,29-Sep-2016,27.5,PE,0,0,0,0.05,0,0,0,0,0,17-AUG-2016,
OPTSTK,SAIL,29-Sep-2016,30,PE,0,0,0,0.1,0,0,0,0,0,17-AUG-2016,
OPTSTK,SAIL,29-Sep-2016,32.5,PE,0,0,0,0.2,0,0,0,0,0,17-AUG-2016,
OPTSTK,SAIL,29-Sep-2016,35,PE,0,0,0,0.45,0.05,0,0,0,0,17-AUG-2016,
OPTSTK,SAIL,29-Sep-2016,37.5,PE,0,0,0,0.85,0.1,0,0,0,0,17-AUG-2016,
OPTSTK,SAIL,29-Sep-2016,40,PE,0.35,0.35,0.35,0.35,0.35,1,4.84,12000,12000,17-AUG-2016,
OPTSTK,SAIL,29-Sep-2016,42.5,PE,0.7,0.75,0.65,0.75,0.75,8,41.44,132000,48000,17-AUG-2016,
OPTSTK,SAIL,29-Sep-2016,45,PE,1.25,1.5,1.2,1.35,1.35,21,116.76,204000,168000,17-AUG-2016,
OPTSTK,SAIL,29-Sep-2016,47.5,PE,2.5,2.55,2.45,2.55,2.55,9,53.98,72000,72000,17-AUG-2016,
OPTSTK,SAIL,29-Sep-2016,50,PE,4,4,4,4,4,1,6.48,12000,12000,17-AUG-2016,
OPTSTK,SAIL,29-Sep-2016,52.5,PE,0,0,0,8.05,5.1,0,0,0,0,17-AUG-2016,
OPTSTK,SAIL,29-Sep-2016,55,PE,8,8,7.3,7.4,7.4,5,37.58,24000,24000,17-AUG-2016,
OPTSTK,SAIL,29-Sep-2016,57.5,PE,0,0,0,12.1,9.25,0,0,0,0,17-AUG-2016,
OPTSTK,SAIL,29-Sep-2016,60,PE,0,0,0,14.25,11.55,0,0,0,0,17-AUG-2016,
OPTSTK,SAIL,29-Sep-2016,62.5,PE,0,0,0,16.5,13.95,0,0,0,0,17-AUG-2016,
OPTSTK,SAIL,27-Oct-2016,22.5,CE,0,0,0,25.25,25.95,0,0,0,0,17-AUG-2016,
OPTSTK,SAIL,27-Oct-2016,25,CE,0,0,0,22.8,23.5,0,0,0,0,17-AUG-2016,
OPTSTK,SAIL,27-Oct-2016,27.5,CE,0,0,0,20.35,21.05,0,0,0,0,17-AUG-2016,
OPTSTK,SAIL,27-Oct-2016,30,CE,0,0,0,17.9,18.55,0,0,0,0,17-AUG-2016,
OPTSTK,SAIL,27-Oct-2016,32.5,CE,0,0,0,15.5,16.1,0,0,0,0,17-AUG-2016,
OPTSTK,SAIL,27-Oct-2016,35,CE,0,0,0,13.15,13.7,0,0,0,0,17-AUG-2016,
OPTSTK,SAIL,27-Oct-2016,37.5,CE,0,0,0,10.9,11.35,0,0,0,0,17-AUG-2016,
OPTSTK,SAIL,27-Oct-2016,40,CE,0,0,0,8.8,9.15,0,0,0,0,17-AUG-2016,
OPTSTK,SAIL,27-Oct-2016,42.5,CE,0,0,0,6.95,7.15,0,0,0,0,17-AUG-2016,
OPTSTK,SAIL,27-Oct-2016,45,CE,0,0,0,5.35,5.4,0,0,0,0,17-AUG-2016,
OPTSTK,SAIL,27-Oct-2016,47.5,CE,0,0,0,4,3.95,0,0,0,0,17-AUG-2016,
OPTSTK,SAIL,27-Oct-2016,50,CE,0,0,0,2.95,2.8,0,0,0,0,17-AUG-2016,
OPTSTK,SAIL,27-Oct-2016,52.5,CE,0,0,0,2.1,1.95,0,0,0,0,17-AUG-2016,
OPTSTK,SAIL,27-Oct-2016,55,CE,0,0,0,1.45,1.3,0,0,0,0,17-AUG-2016,
OPTSTK,SAIL,27-Oct-2016,57.5,CE,0,0,0,1,0.85,0,0,0,0,17-AUG-2016,
OPTSTK,SAIL,27-Oct-2016,60,CE,0,0,0,0.7,0.55,0,0,0,0,17-AUG-2016,
OPTSTK,SAIL,27-Oct-2016,62.5,CE,0,0,0,0.45,0.35,0,0,0,0,17-AUG-2016,
OPTSTK,SAIL,27-Oct-2016,22.5,PE,0,0,0,0.05,0,0,0,0,0,17-AUG-2016,
OPTSTK,SAIL,27-Oct-2016,25,PE,0,0,0,0.05,0,0,0,0,0,17-AUG-2016,
OPTSTK,SAIL,27-Oct-2016,27.5,PE,0,0,0,0.05,0,0,0,0,0,17-AUG-2016,
OPTSTK,SAIL,27-Oct-2016,30,PE,0,0,0,0.05,0,0,0,0,0,17-AUG-2016,
OPTSTK,SAIL,27-Oct-2016,32.5,PE,0,0,0,0.1,0.05,0,0,0,0,17-AUG-2016,
OPTSTK,SAIL,27-Oct-2016,35,PE,0,0,0,0.2,0.1,0,0,0,0,17-AUG-2016,
OPTSTK,SAIL,27-Oct-2016,37.5,PE,0,0,0,0.4,0.2,0,0,0,0,17-AUG-2016,
OPTSTK,SAIL,27-Oct-2016,40,PE,0,0,0,0.8,0.5,0,0,0,0,17-AUG-2016,
OPTSTK,SAIL,27-Oct-2016,42.5,PE,0,0,0,1.4,0.95,0,0,0,0,17-AUG-2016,
OPTSTK,SAIL,27-Oct-2016,45,PE,0,0,0,2.25,1.65,0,0,0,0,17-AUG-2016,
OPTSTK,SAIL,27-Oct-2016,47.5,PE,0,0,0,3.35,2.7,0,0,0,0,17-AUG-2016,
OPTSTK,SAIL,27-Oct-2016,50,PE,0,0,0,4.75,4,0,0,0,0,17-AUG-2016,
OPTSTK,SAIL,27-Oct-2016,52.5,PE,0,0,0,6.35,5.6,0,0,0,0,17-AUG-2016,
OPTSTK,SAIL,27-Oct-2016,55,PE,0,0,0,8.2,7.4,0,0,0,0,17-AUG-2016,
OPTSTK,SAIL,27-Oct-2016,57.5,PE,0,0,0,10.2,9.45,0,0,0,0,17-AUG-2016,
OPTSTK,SAIL,27-Oct-2016,60,PE,0,0,0,12.3,11.6,0,0,0,0,17-AUG-2016,
OPTSTK,SAIL,27-Oct-2016,62.5,PE,0,0,0,14.55,13.85,0,0,0,0,17-AUG-2016,
OPTSTK,SBIN,25-Aug-2016,115,CE,0,0,0,71.55,131.45,0,0,0,0,17-AUG-2016,
OPTSTK,SBIN,25-Aug-2016,120,CE,0,0,0,66.85,126.45,0,0,0,0,17-AUG-2016,
OPTSTK,SBIN,25-Aug-2016,125,CE,0,0,0,62.2,121.45,0,0,0,0,17-AUG-2016,
OPTSTK,SBIN,25-Aug-2016,130,CE,0,0,0,57.65,116.45,0,0,0,0,17-AUG-2016,
OPTSTK,SBIN,25-Aug-2016,135,CE,0,0,0,53.25,111.45,0,0,0,0,17-AUG-2016,
OPTSTK,SBIN,25-Aug-2016,140,CE,0,0,0,89,106.5,0,0,6000,0,17-AUG-2016,
OPTSTK,SBIN,25-Aug-2016,145,CE,0,0,0,44.85,101.5,0,0,0,0,17-AUG-2016,
OPTSTK,SBIN,25-Aug-2016,150,CE,0,0,0,79.5,96.5,0,0,6000,0,17-AUG-2016,
OPTSTK,SBIN,25-Aug-2016,155,CE,0,0,0,37.2,91.5,0,0,0,0,17-AUG-2016,
OPTSTK,SBIN,25-Aug-2016,160,CE,87.3,87.8,87.3,87.8,87.8,2,14.85,15000,0,17-AUG-2016,
OPTSTK,SBIN,25-Aug-2016,165,CE,0,0,0,63.5,81.5,0,0,3000,0,17-AUG-2016,
OPTSTK,SBIN,25-Aug-2016,170,CE,0,0,0,58,76.5,0,0,18000,0,17-AUG-2016,
OPTSTK,SBIN,25-Aug-2016,175,CE,0,0,0,51,71.55,0,0,24000,0,17-AUG-2016,
OPTSTK,SBIN,25-Aug-2016,180,CE,0,0,0,50.85,66.55,0,0,18000,0,17-AUG-2016,
OPTSTK,SBIN,25-Aug-2016,185,CE,0,0,0,43.7,61.55,0,0,3000,0,17-AUG-2016,
OPTSTK,SBIN,25-Aug-2016,190,CE,0,0,0,39.15,56.55,0,0,45000,0,17-AUG-2016,
OPTSTK,SBIN,25-Aug-2016,195,CE,0,0,0,33.5,51.55,0,0,6000,0,17-AUG-2016,
OPTSTK,SBIN,25-Aug-2016,200,CE,49,49,45.75,46.15,46.15,5,37.08,123000,-3000,17-AUG-2016,
OPTSTK,SBIN,25-Aug-2016,205,CE,0,0,0,40.75,41.6,0,0,24000,0,17-AUG-2016,
OPTSTK,SBIN,25-Aug-2016,210,CE,35.5,39.05,35.5,36.2,36.2,5,36.98,153000,-6000,17-AUG-2016,
OPTSTK,SBIN,25-Aug-2016,215,CE,31.7,34.1,30.65,32.25,32.25,15,111.01,84000,-12000,17-AUG-2016,
OPTSTK,SBIN,25-Aug-2016,220,CE,27.1,29.55,25.5,26.75,26.75,33,244.66,600000,-90000,17-AUG-2016,
OPTSTK,SBIN,25-Aug-2016,225,CE,21.2,24.75,21,21.75,21.75,55,408.82,549000,-147000,17-AUG-2016,
OPTSTK,SBIN,25-Aug-2016,230,CE,18,20.5,16,17.7,17.7,134,997.16,2820000,-54000,17-AUG-2016,
OPTSTK,SBIN,25-Aug-2016,235,CE,13.35,16,11.7,13.1,13.1,118,880.93,1593000,-168000,17-AUG-2016,
OPTSTK,SBIN,25-Aug-2016,240,CE,8.8,12,8.05,9.3,9.3,1569,11765.46,10515000,-3000,17-AUG-2016,
OPTSTK,SBIN,25-Aug-2016,245,CE,6.1,8.2,4.95,5.95,5.95,1838,13849.67,3795000,-132000,17-AUG-2016,
OPTSTK,SBIN,25-Aug-2016,250,CE,3.65,5.05,2.85,3.5,3.5,6090,46388.37,6456000,66000,17-AUG-2016,
OPTSTK,SBIN,25-Aug-2016,255,CE,2.1,2.95,1.5,1.85,1.85,1938,14953.19,2817000,231000,17-AUG-2016,
OPTSTK,SBIN,25-Aug-2016,260,CE,1.15,1.6,0.7,0.95,0.95,4520,35410.1,4725000,294000,17-AUG-2016,
OPTSTK,SBIN,25-Aug-2016,265,CE,0.5,0.75,0.35,0.45,0.45,848,6755.11,2934000,150000,17-AUG-2016,
OPTSTK,SBIN,25-Aug-2016,270,CE,0.25,0.4,0.15,0.25,0.25,407,3299.82,1887000,-189000,17-AUG-2016,
OPTSTK,SBIN,25-Aug-2016,275,CE,0.15,0.2,0.1,0.1,0.1,105,866.7,615000,-12000,17-AUG-2016,
OPTSTK,SBIN,25-Aug-2016,280,CE,0.15,0.15,0.05,0.1,0.1,42,352.93,630000,-24000,17-AUG-2016,
OPTSTK,SBIN,25-Aug-2016,285,CE,0,0,0,3.8,0.05,0,0,0,0,17-AUG-2016,
OPTSTK,SBIN,25-Aug-2016,290,CE,0,0,0,3.75,0.05,0,0,0,0,17-AUG-2016,
OPTSTK,SBIN,25-Aug-2016,115,PE,0,0,0,0.35,0,0,0,0,0,17-AUG-2016,
OPTSTK,SBIN,25-Aug-2016,120,PE,0,0,0,0.05,0,0,0,0,0,17-AUG-2016,
OPTSTK,SBIN,25-Aug-2016,125,PE,0,0,0,0.8,0,0,0,0,0,17-AUG-2016,
OPTSTK,SBIN,25-Aug-2016,130,PE,0,0,0,0.2,0,0,0,3000,0,17-AUG-2016,
OPTSTK,SBIN,25-Aug-2016,135,PE,0.1,0.1,0.1,0.1,0.1,1,4.05,9000,0,17-AUG-2016,
OPTSTK,SBIN,25-Aug-2016,140,PE,0,0,0,0.2,0,0,0,3000,0,17-AUG-2016,
OPTSTK,SBIN,25-Aug-2016,145,PE,0,0,0,3.1,0,0,0,0,0,17-AUG-2016,
OPTSTK,SBIN,25-Aug-2016,150,PE,0,0,0,0.05,0,0,0,15000,0,17-AUG-2016,
OPTSTK,SBIN,25-Aug-2016,155,PE,0,0,0,5.25,0,0,0,0,0,17-AUG-2016,
OPTSTK,SBIN,25-Aug-2016,160,PE,0.15,0.15,0.05,0.05,0.05,2,9.6,3000,0,17-AUG-2016,
OPTSTK,SBIN,25-Aug-2016,165,PE,0,0,0,8.25,0,0,0,0,0,17-AUG-2016,
OPTSTK,SBIN,25-Aug-2016,170,PE,0,0,0,0.05,0,0,0,357000,0,17-AUG-2016,
OPTSTK,SBIN,25-Aug-2016,175,PE,0,0,0,0.1,0,0,0,36000,0,17-AUG-2016,
OPTSTK,SBIN,25-Aug-2016,180,PE,0.05,0.05,0.05,0.05,0.05,6,32.4,216000,3000,17-AUG-2016,
OPTSTK,SBIN,25-Aug-2016,185,PE,0.1,0.1,0.1,0.1,0.1,1,5.55,465000,0,17-AUG-2016,
OPTSTK,SBIN,25-Aug-2016,190,PE,0.1,0.1,0.05,0.05,0.05,9,51.31,717000,-24000,17-AUG-2016,
OPTSTK,SBIN,25-Aug-2016,195,PE,0.05,0.05,0.05,0.05,0.05,2,11.7,309000,-6000,17-AUG-2016,
OPTSTK,SBIN,25-Aug-2016,200,PE,0.1,0.15,0.05,0.1,0.1,101,606.29,2343000,-192000,17-AUG-2016,
OPTSTK,SBIN,25-Aug-2016,205,PE,0.1,0.15,0.1,0.15,0.15,31,190.74,693000,-30000,17-AUG-2016,
OPTSTK,SBIN,25-Aug-2016,210,PE,0.2,0.2,0.1,0.15,0.15,353,2225.52,3333000,-54000,17-AUG-2016,
OPTSTK,SBIN,25-Aug-2016,215,PE,0.2,0.25,0.1,0.15,0.15,409,2640.07,1692000,-222000,17-AUG-2016,
OPTSTK,SBIN,25-Aug-2016,220,PE,0.4,0.4,0.2,0.3,0.3,1623,10725.96,6159000,-201000,17-AUG-2016,
OPTSTK,SBIN,25-Aug-2016,225,PE,0.6,0.6,0.3,0.4,0.4,1377,9312.61,3303000,147000,17-AUG-2016,
OPTSTK,SBIN,25-Aug-2016,230,PE,1,1.1,0.6,0.7,0.7,2456,17002.96,5307000,-255000,17-AUG-2016,
OPTSTK,SBIN,25-Aug-2016,235,PE,1.7,1.9,1,1.25,1.25,1361,9650.4,2553000,-63000,17-AUG-2016,
OPTSTK,SBIN,25-Aug-2016,240,PE,2.65,3.15,1.65,2.3,2.3,2713,19722.77,5553000,-33000,17-AUG-2016,
OPTSTK,SBIN,25-Aug-2016,245,PE,4.65,5.2,2.85,3.85,3.85,2384,17805.56,2013000,204000,17-AUG-2016,
OPTSTK,SBIN,25-Aug-2016,250,PE,7.2,7.9,4.8,6.25,6.25,885,6800.1,897000,231000,17-AUG-2016,
OPTSTK,SBIN,25-Aug-2016,255,PE,10.15,10.25,8,10,10,24,190.11,123000,36000,17-AUG-2016,
OPTSTK,SBIN,25-Aug-2016,260,PE,14.5,14.5,11.7,13.7,13.7,6,49.22,120000,-12000,17-AUG-2016,
OPTSTK,SBIN,25-Aug-2016,265,PE,0,0,0,78.15,19.3,0,0,0,0,17-AUG-2016,
OPTSTK,SBIN,25-Aug-2016,270,PE,24.6,24.6,24.6,24.6,24.6,1,8.83,33000,-3000,17-AUG-2016,
OPTSTK,SBIN,25-Aug-2016,275,PE,0,0,0,43,28.6,0,0,3000,0,17-AUG-2016,
OPTSTK,SBIN,25-Aug-2016,280,PE,0,0,0,32.5,33.45,0,0,3000,0,17-AUG-2016,
OPTSTK,SBIN,25-Aug-2016,285,PE,0,0,0,79.05,38.4,0,0,0,0,17-AUG-2016,
OPTSTK,SBIN,25-Aug-2016,290,PE,0,0,0,79.15,43.35,0,0,0,0,17-AUG-2016,
OPTSTK,SBIN,29-Sep-2016,130,CE,0,0,0,91.2,117.3,0,0,0,0,17-AUG-2016,
OPTSTK,SBIN,29-Sep-2016,135,CE,0,0,0,86.35,112.35,0,0,0,0,17-AUG-2016,
OPTSTK,SBIN,29-Sep-2016,140,CE,0,0,0,81.5,107.4,0,0,0,0,17-AUG-2016,
OPTSTK,SBIN,29-Sep-2016,145,CE,0,0,0,76.7,102.45,0,0,0,0,17-AUG-2016,
OPTSTK,SBIN,29-Sep-2016,150,CE,0,0,0,72,97.5,0,0,0,0,17-AUG-2016,
OPTSTK,SBIN,29-Sep-2016,155,CE,0,0,0,67.3,92.55,0,0,0,0,17-AUG-2016,
OPTSTK,SBIN,29-Sep-2016,160,CE,0,0,0,62.75,87.55,0,0,0,0,17-AUG-2016,
OPTSTK,SBIN,29-Sep-2016,165,CE,0,0,0,58.25,82.6,0,0,0,0,17-AUG-2016,
OPTSTK,SBIN,29-Sep-2016,170,CE,0,0,0,53.9,77.7,0,0,0,0,17-AUG-2016,
OPTSTK,SBIN,29-Sep-2016,175,CE,0,0,0,49.7,72.75,0,0,0,0,17-AUG-2016,
OPTSTK,SBIN,29-Sep-2016,180,CE,0,0,0,45.6,67.85,0,0,0,0,17-AUG-2016,
OPTSTK,SBIN,29-Sep-2016,185,CE,0,0,0,41.7,63,0,0,0,0,17-AUG-2016,
OPTSTK,SBIN,29-Sep-2016,190,CE,0,0,0,38,58.15,0,0,0,0,17-AUG-2016,
OPTSTK,SBIN,29-Sep-2016,195,CE,0,0,0,34.5,53.45,0,0,0,0,17-AUG-2016,
OPTSTK,SBIN,29-Sep-2016,200,CE,47.75,47.75,47.6,47.6,47.6,2,14.86,9000,6000,17-AUG-2016,
OPTSTK,SBIN,29-Sep-2016,205,CE,0,0,0,28.1,44.25,0,0,0,0,17-AUG-2016,
OPTSTK,SBIN,29-Sep-2016,210,CE,36,38.5,36,38.5,38.5,4,29.65,12000,12000,17-AUG-2016,
OPTSTK,SBIN,29-Sep-2016,215,CE,32,36,32,35.05,35.05,5,37.29,12000,9000,17-AUG-2016,
OPTSTK,SBIN,29-Sep-2016,220,CE,0,0,0,27.75,31.7,0,0,18000,0,17-AUG-2016,
OPTSTK,SBIN,29-Sep-2016,225,CE,0,0,0,19.45,27.95,0,0,12000,0,17-AUG-2016,
OPTSTK,SBIN,29-Sep-2016,230,CE,20.2,22.75,20.2,20.5,20.5,8,60.34,246000,0,17-AUG-2016,
OPTSTK,SBIN,29-Sep-2016,235,CE,19,19,18.5,18.5,18.5,2,15.22,27000,3000,17-AUG-2016,
OPTSTK,SBIN,29-Sep-2016,240,CE,14.3,16.7,13.6,14.6,14.6,101,773.12,408000,210000,17-AUG-2016,
OPTSTK,SBIN,29-Sep-2016,245,CE,10.9,13,10.9,12,12,7,54.03,33000,6000,17-AUG-2016,
OPTSTK,SBIN,29-Sep-2016,250,CE,9.15,11,8.55,9.65,9.65,134,1043.74,417000,69000,17-AUG-2016,
OPTSTK,SBIN,29-Sep-2016,255,CE,7.1,8.25,6.85,7.35,7.35,12,94.43,24000,21000,17-AUG-2016,
OPTSTK,SBIN,29-Sep-2016,260,CE,5.35,7,4.9,5.85,5.85,62,494.67,228000,6000,17-AUG-2016,
OPTSTK,SBIN,29-Sep-2016,265,CE,4.1,5.2,4.05,4.45,4.45,12,97.09,33000,24000,17-AUG-2016,
OPTSTK,SBIN,29-Sep-2016,270,CE,3.05,4.35,3,3.45,3.45,31,254.21,207000,24000,17-AUG-2016,
OPTSTK,SBIN,29-Sep-2016,275,CE,3,3,2.5,2.8,2.8,6,49.98,18000,9000,17-AUG-2016,
OPTSTK,SBIN,29-Sep-2016,280,CE,1.9,2.5,1.8,2.05,2.05,39,329.99,123000,57000,17-AUG-2016,
OPTSTK,SBIN,29-Sep-2016,285,CE,0,0,0,3.4,3.35,0,0,0,0,17-AUG-2016,
OPTSTK,SBIN,29-Sep-2016,290,CE,0,0,0,2.9,2.7,0,0,0,0,17-AUG-2016,
OPTSTK,SBIN,29-Sep-2016,130,PE,0,0,0,0.1,0,0,0,0,0,17-AUG-2016,
OPTSTK,SBIN,29-Sep-2016,135,PE,0,0,0,0.15,0,0,0,0,0,17-AUG-2016,
OPTSTK,SBIN,29-Sep-2016,140,PE,0,0,0,0.25,0,0,0,0,0,17-AUG-2016,
OPTSTK,SBIN,29-Sep-2016,145,PE,0,0,0,0.35,0,0,0,0,0,17-AUG-2016,
OPTSTK,SBIN,29-Sep-2016,150,PE,0,0,0,0.55,0,0,0,0,0,17-AUG-2016,
OPTSTK,SBIN,29-Sep-2016,155,PE,0,0,0,0.75,0,0,0,0,0,17-AUG-2016,
OPTSTK,SBIN,29-Sep-2016,160,PE,0,0,0,1.1,0.05,0,0,0,0,17-AUG-2016,
OPTSTK,SBIN,29-Sep-2016,165,PE,0,0,0,1.55,0.05,0,0,0,0,17-AUG-2016,
OPTSTK,SBIN,29-Sep-2016,170,PE,0,0,0,2.1,0.05,0,0,0,0,17-AUG-2016,
OPTSTK,SBIN,29-Sep-2016,175,PE,0,0,0,2.8,0.1,0,0,0,0,17-AUG-2016,
OPTSTK,SBIN,29-Sep-2016,180,PE,0,0,0,3.65,0.15,0,0,0,0,17-AUG-2016,
OPTSTK,SBIN,29-Sep-2016,185,PE,0,0,0,4.65,0.25,0,0,0,0,17-AUG-2016,
OPTSTK,SBIN,29-Sep-2016,190,PE,0,0,0,0.45,0.4,0,0,0,0,17-AUG-2016,
OPTSTK,SBIN,29-Sep-2016,195,PE,0,0,0,0.5,0.6,0,0,15000,0,17-AUG-2016,
OPTSTK,SBIN,29-Sep-2016,200,PE,0.6,0.6,0.4,0.4,0.4,4,24.06,210000,6000,17-AUG-2016,
OPTSTK,SBIN,29-Sep-2016,205,PE,0,0,0,1,1.35,0,0,21000,0,17-AUG-2016,
OPTSTK,SBIN,29-Sep-2016,210,PE,1,1.05,0.8,0.95,0.95,10,63.28,195000,15000,17-AUG-2016,
OPTSTK,SBIN,29-Sep-2016,215,PE,1.25,1.5,1.25,1.5,1.5,2,12.98,42000,0,17-AUG-2016,
OPTSTK,SBIN,29-Sep-2016,220,PE,2.1,2.2,1.75,1.9,1.9,56,372.89,414000,12000,17-AUG-2016,
OPTSTK,SBIN,29-Sep-2016,225,PE,2.85,3,2.7,2.7,2.7,4,27.34,30000,-3000,17-AUG-2016,
OPTSTK,SBIN,29-Sep-2016,230,PE,4.1,4.3,3.3,3.9,3.9,88,617.2,393000,-93000,17-AUG-2016,
OPTSTK,SBIN,29-Sep-2016,235,PE,5.25,5.9,4.8,5.5,5.5,8,57.69,27000,15000,17-AUG-2016,
OPTSTK,SBIN,29-Sep-2016,240,PE,7.5,7.9,6.25,7.8,7.8,103,762.39,321000,-162000,17-AUG-2016,
OPTSTK,SBIN,29-Sep-2016,245,PE,9.3,9.75,8.5,9.4,9.4,24,183.14,63000,45000,17-AUG-2016,
OPTSTK,SBIN,29-Sep-2016,250,PE,12.25,12.25,10.45,11.9,11.9,16,125.24,60000,24000,17-AUG-2016,
OPTSTK,SBIN,29-Sep-2016,255,PE,14,14,14,14,14,1,8.07,3000,3000,17-AUG-2016,
OPTSTK,SBIN,29-Sep-2016,260,PE,16.8,16.8,16.8,16.8,16.8,1,8.3,9000,3000,17-AUG-2016,
OPTSTK,SBIN,29-Sep-2016,265,PE,0,0,0,47.65,24.3,0,0,0,0,17-AUG-2016,
OPTSTK,SBIN,29-Sep-2016,270,PE,0,0,0,51.75,27.9,0,0,0,0,17-AUG-2016,
OPTSTK,SBIN,29-Sep-2016,275,PE,0,0,0,55.9,31.7,0,0,0,0,17-AUG-2016,
OPTSTK,SBIN,29-Sep-2016,280,PE,33.5,33.5,33.5,33.5,33.5,4,37.62,12000,12000,17-AUG-2016,
OPTSTK,SBIN,29-Sep-2016,285,PE,0,0,0,64.55,39.8,0,0,0,0,17-AUG-2016,
OPTSTK,SBIN,29-Sep-2016,290,PE,0,0,0,68.95,44.1,0,0,0,0,17-AUG-2016,
OPTSTK,SBIN,27-Oct-2016,140,CE,0,0,0,93.45,108.15,0,0,0,0,17-AUG-2016,
OPTSTK,SBIN,27-Oct-2016,145,CE,0,0,0,88.55,103.2,0,0,0,0,17-AUG-2016,
OPTSTK,SBIN,27-Oct-2016,150,CE,0,0,0,83.65,98.3,0,0,0,0,17-AUG-2016,
OPTSTK,SBIN,27-Oct-2016,155,CE,0,0,0,78.75,93.4,0,0,0,0,17-AUG-2016,
OPTSTK,SBIN,27-Oct-2016,160,CE,0,0,0,73.9,88.5,0,0,0,0,17-AUG-2016,
OPTSTK,SBIN,27-Oct-2016,165,CE,0,0,0,69.05,83.6,0,0,0,0,17-AUG-2016,
OPTSTK,SBIN,27-Oct-2016,170,CE,0,0,0,64.25,78.8,0,0,0,0,17-AUG-2016,
OPTSTK,SBIN,27-Oct-2016,175,CE,0,0,0,59.55,74,0,0,0,0,17-AUG-2016,
OPTSTK,SBIN,27-Oct-2016,180,CE,0,0,0,54.9,69.25,0,0,0,0,17-AUG-2016,
OPTSTK,SBIN,27-Oct-2016,185,CE,0,0,0,50.35,64.6,0,0,0,0,17-AUG-2016,
OPTSTK,SBIN,27-Oct-2016,190,CE,0,0,0,45.95,60,0,0,0,0,17-AUG-2016,
OPTSTK,SBIN,27-Oct-2016,195,CE,0,0,0,41.7,55.5,0,0,0,0,17-AUG-2016,
OPTSTK,SBIN,27-Oct-2016,200,CE,0,0,0,37.6,51.2,0,0,0,0,17-AUG-2016,
OPTSTK,SBIN,27-Oct-2016,205,CE,0,0,0,33.7,46.95,0,0,0,0,17-AUG-2016,
OPTSTK,SBIN,27-Oct-2016,210,CE,0,0,0,30.05,42.95,0,0,0,0,17-AUG-2016,
OPTSTK,SBIN,27-Oct-2016,215,CE,0,0,0,26.6,39.05,0,0,0,0,17-AUG-2016,
OPTSTK,SBIN,27-Oct-2016,220,CE,0,0,0,23.4,35.4,0,0,0,0,17-AUG-2016,
OPTSTK,SBIN,27-Oct-2016,225,CE,0,0,0,20.5,31.9,0,0,0,0,17-AUG-2016,
OPTSTK,SBIN,27-Oct-2016,230,CE,0,0,0,17.8,28.65,0,0,0,0,17-AUG-2016,
OPTSTK,SBIN,27-Oct-2016,235,CE,0,0,0,15.4,25.6,0,0,0,0,17-AUG-2016,
OPTSTK,SBIN,27-Oct-2016,240,CE,0,0,0,13.2,22.8,0,0,0,0,17-AUG-2016,
OPTSTK,SBIN,27-Oct-2016,245,CE,0,0,0,11.25,20.2,0,0,0,0,17-AUG-2016,
OPTSTK,SBIN,27-Oct-2016,250,CE,15.75,15.75,13.1,13.1,13.1,2,15.86,30000,3000,17-AUG-2016,
OPTSTK,SBIN,27-Oct-2016,255,CE,0,0,0,8.05,15.65,0,0,0,0,17-AUG-2016,
OPTSTK,SBIN,27-Oct-2016,260,CE,0,0,0,6.8,13.7,0,0,0,0,17-AUG-2016,
OPTSTK,SBIN,27-Oct-2016,265,CE,0,0,0,5.65,11.95,0,0,0,0,17-AUG-2016,
OPTSTK,SBIN,27-Oct-2016,270,CE,0,0,0,4.7,10.35,0,0,0,0,17-AUG-2016,
OPTSTK,SBIN,27-Oct-2016,275,CE,0,0,0,3.9,8.95,0,0,0,0,17-AUG-2016,
OPTSTK,SBIN,27-Oct-2016,280,CE,0,0,0,3.2,7.75,0,0,0,0,17-AUG-2016,
OPTSTK,SBIN,27-Oct-2016,285,CE,0,0,0,2.6,6.65,0,0,0,0,17-AUG-2016,
OPTSTK,SBIN,27-Oct-2016,290,CE,0,0,0,2.15,5.7,0,0,0,0,17-AUG-2016,
OPTSTK,SBIN,27-Oct-2016,140,PE,0,0,0,0.05,0.05,0,0,0,0,17-AUG-2016,
OPTSTK,SBIN,27-Oct-2016,145,PE,0,0,0,0.05,0.05,0,0,0,0,17-AUG-2016,
OPTSTK,SBIN,27-Oct-2016,150,PE,0,0,0,0.05,0.05,0,0,0,0,17-AUG-2016,
OPTSTK,SBIN,27-Oct-2016,155,PE,0,0,0,0.1,0.05,0,0,0,0,17-AUG-2016,
OPTSTK,SBIN,27-Oct-2016,160,PE,0,0,0,0.15,0.1,0,0,0,0,17-AUG-2016,
OPTSTK,SBIN,27-Oct-2016,165,PE,0,0,0,0.2,0.15,0,0,0,0,17-AUG-2016,
OPTSTK,SBIN,27-Oct-2016,170,PE,0,0,0,0.35,0.25,0,0,0,0,17-AUG-2016,
OPTSTK,SBIN,27-Oct-2016,175,PE,0,0,0,0.55,0.4,0,0,0,0,17-AUG-2016,
OPTSTK,SBIN,27-Oct-2016,180,PE,0,0,0,0.8,0.6,0,0,0,0,17-AUG-2016,
OPTSTK,SBIN,27-Oct-2016,185,PE,0,0,0,1.2,0.85,0,0,0,0,17-AUG-2016,
OPTSTK,SBIN,27-Oct-2016,190,PE,0,0,0,1.7,1.2,0,0,0,0,17-AUG-2016,
OPTSTK,SBIN,27-Oct-2016,195,PE,0,0,0,2.35,1.65,0,0,0,0,17-AUG-2016,
OPTSTK,SBIN,27-Oct-2016,200,PE,0,0,0,3.15,2.25,0,0,0,0,17-AUG-2016,
OPTSTK,SBIN,27-Oct-2016,205,PE,0,0,0,4.2,3,0,0,0,0,17-AUG-2016,
OPTSTK,SBIN,27-Oct-2016,210,PE,0,0,0,5.45,3.9,0,0,0,0,17-AUG-2016,
OPTSTK,SBIN,27-Oct-2016,215,PE,0,0,0,6.9,4.95,0,0,0,0,17-AUG-2016,
OPTSTK,SBIN,27-Oct-2016,220,PE,0,0,0,8.65,6.2,0,0,0,0,17-AUG-2016,
OPTSTK,SBIN,27-Oct-2016,225,PE,0,0,0,10.6,7.65,0,0,0,0,17-AUG-2016,
OPTSTK,SBIN,27-Oct-2016,230,PE,0,0,0,12.85,9.35,0,0,0,0,17-AUG-2016,
OPTSTK,SBIN,27-Oct-2016,235,PE,0,0,0,15.35,11.25,0,0,0,0,17-AUG-2016,
OPTSTK,SBIN,27-Oct-2016,240,PE,0,0,0,18.1,13.35,0,0,0,0,17-AUG-2016,
OPTSTK,SBIN,27-Oct-2016,245,PE,0,0,0,21.05,15.7,0,0,0,0,17-AUG-2016,
OPTSTK,SBIN,27-Oct-2016,250,PE,0,0,0,24.25,18.25,0,0,0,0,17-AUG-2016,
OPTSTK,SBIN,27-Oct-2016,255,PE,0,0,0,27.7,21,0,0,0,0,17-AUG-2016,
OPTSTK,SBIN,27-Oct-2016,260,PE,0,0,0,31.3,24,0,0,0,0,17-AUG-2016,
OPTSTK,SBIN,27-Oct-2016,265,PE,0,0,0,35.1,27.15,0,0,0,0,17-AUG-2016,
OPTSTK,SBIN,27-Oct-2016,270,PE,0,0,0,39.05,30.5,0,0,0,0,17-AUG-2016,
OPTSTK,SBIN,27-Oct-2016,275,PE,0,0,0,43.15,34.05,0,0,0,0,17-AUG-2016,
OPTSTK,SBIN,27-Oct-2016,280,PE,0,0,0,47.4,37.75,0,0,0,0,17-AUG-2016,
OPTSTK,SBIN,27-Oct-2016,285,PE,0,0,0,51.75,41.6,0,0,0,0,17-AUG-2016,
OPTSTK,SBIN,27-Oct-2016,290,PE,0,0,0,56.15,45.55,0,0,0,0,17-AUG-2016,
OPTSTK,SIEMENS,25-Aug-2016,780,CE,0,0,0,420.15,512.7,0,0,0,0,17-AUG-2016,
OPTSTK,SIEMENS,25-Aug-2016,800,CE,0,0,0,400.55,492.7,0,0,0,0,17-AUG-2016,
OPTSTK,SIEMENS,25-Aug-2016,820,CE,0,0,0,380.95,472.75,0,0,0,0,17-AUG-2016,
OPTSTK,SIEMENS,25-Aug-2016,840,CE,0,0,0,361.45,452.8,0,0,0,0,17-AUG-2016,
OPTSTK,SIEMENS,25-Aug-2016,860,CE,0,0,0,342,432.8,0,0,0,0,17-AUG-2016,
OPTSTK,SIEMENS,25-Aug-2016,880,CE,0,0,0,322.6,412.85,0,0,0,0,17-AUG-2016,
OPTSTK,SIEMENS,25-Aug-2016,900,CE,0,0,0,303.4,392.85,0,0,0,0,17-AUG-2016,
OPTSTK,SIEMENS,25-Aug-2016,920,CE,0,0,0,284.35,372.9,0,0,0,0,17-AUG-2016,
OPTSTK,SIEMENS,25-Aug-2016,940,CE,0,0,0,265.5,352.95,0,0,0,0,17-AUG-2016,
OPTSTK,SIEMENS,25-Aug-2016,960,CE,0,0,0,247,332.95,0,0,0,0,17-AUG-2016,
OPTSTK,SIEMENS,25-Aug-2016,980,CE,0,0,0,228.8,313,0,0,0,0,17-AUG-2016,
OPTSTK,SIEMENS,25-Aug-2016,1000,CE,0,0,0,211.05,293,0,0,0,0,17-AUG-2016,
OPTSTK,SIEMENS,25-Aug-2016,1020,CE,0,0,0,193.85,273.05,0,0,0,0,17-AUG-2016,
OPTSTK,SIEMENS,25-Aug-2016,1040,CE,0,0,0,177.2,253.1,0,0,0,0,17-AUG-2016,
OPTSTK,SIEMENS,25-Aug-2016,1060,CE,0,0,0,161.2,233.1,0,0,0,0,17-AUG-2016,
OPTSTK,SIEMENS,25-Aug-2016,1080,CE,0,0,0,145.9,213.15,0,0,0,0,17-AUG-2016,
OPTSTK,SIEMENS,25-Aug-2016,1100,CE,0,0,0,131.45,193.15,0,0,0,0,17-AUG-2016,
OPTSTK,SIEMENS,25-Aug-2016,1120,CE,0,0,0,117.75,173.2,0,0,0,0,17-AUG-2016,
OPTSTK,SIEMENS,25-Aug-2016,1140,CE,0,0,0,104.95,153.3,0,0,0,0,17-AUG-2016,
OPTSTK,SIEMENS,25-Aug-2016,1160,CE,0,0,0,93.1,133.45,0,0,0,0,17-AUG-2016,
OPTSTK,SIEMENS,25-Aug-2016,1180,CE,0,0,0,82.1,113.8,0,0,0,0,17-AUG-2016,
OPTSTK,SIEMENS,25-Aug-2016,1200,CE,0,0,0,101,94.6,0,0,1000,0,17-AUG-2016,
OPTSTK,SIEMENS,25-Aug-2016,1220,CE,0,0,0,55,76.25,0,0,1000,0,17-AUG-2016,
OPTSTK,SIEMENS,25-Aug-2016,1240,CE,0,0,0,60.2,59.2,0,0,6500,0,17-AUG-2016,
OPTSTK,SIEMENS,25-Aug-2016,1260,CE,0,0,0,48,44,0,0,3500,0,17-AUG-2016,
OPTSTK,SIEMENS,25-Aug-2016,1280,CE,28,30,25,25.5,25.5,5,32.69,8000,2000,17-AUG-2016,
OPTSTK,SIEMENS,25-Aug-2016,1300,CE,16,16,15,15.5,15.5,4,26.31,18000,-500,17-AUG-2016,
OPTSTK,SIEMENS,25-Aug-2016,1320,CE,9,10,8.2,8.8,8.8,11,73.08,6500,-3500,17-AUG-2016,
OPTSTK,SIEMENS,25-Aug-2016,1340,CE,6.8,7,4.5,5.5,5.5,10,67.31,34000,-2500,17-AUG-2016,
OPTSTK,SIEMENS,25-Aug-2016,1360,CE,3.2,3.2,1.3,2.75,2.75,6,40.88,11000,-2500,17-AUG-2016,
OPTSTK,SIEMENS,25-Aug-2016,1380,CE,0,0,0,5.65,2.3,0,0,6000,0,17-AUG-2016,
OPTSTK,SIEMENS,25-Aug-2016,1400,CE,1.05,1.05,1,1,1,4,28.02,29000,-1000,17-AUG-2016,
OPTSTK,SIEMENS,25-Aug-2016,1420,CE,0,0,0,2.5,0.55,0,0,11500,0,17-AUG-2016,
OPTSTK,SIEMENS,25-Aug-2016,1440,CE,0,0,0,1.2,0.25,0,0,12500,0,17-AUG-2016,
OPTSTK,SIEMENS,25-Aug-2016,1460,CE,0,0,0,8.45,0.1,0,0,0,0,17-AUG-2016,
OPTSTK,SIEMENS,25-Aug-2016,1480,CE,0,0,0,8.25,0.05,0,0,500,0,17-AUG-2016,
OPTSTK,SIEMENS,25-Aug-2016,1500,CE,0,0,0,0.45,0.05,0,0,1500,0,17-AUG-2016,
OPTSTK,SIEMENS,25-Aug-2016,1520,CE,0,0,0,4.6,0,0,0,0,0,17-AUG-2016,
OPTSTK,SIEMENS,25-Aug-2016,1540,CE,0,0,0,3.75,0,0,0,0,0,17-AUG-2016,
OPTSTK,SIEMENS,25-Aug-2016,780,PE,0,0,0,0.05,0,0,0,0,0,17-AUG-2016,
OPTSTK,SIEMENS,25-Aug-2016,800,PE,0,0,0,0.1,0,0,0,0,0,17-AUG-2016,
OPTSTK,SIEMENS,25-Aug-2016,820,PE,0,0,0,0.2,0,0,0,0,0,17-AUG-2016,
OPTSTK,SIEMENS,25-Aug-2016,840,PE,0,0,0,0.3,0,0,0,0,0,17-AUG-2016,
OPTSTK,SIEMENS,25-Aug-2016,860,PE,0,0,0,0.5,0,0,0,0,0,17-AUG-2016,
OPTSTK,SIEMENS,25-Aug-2016,880,PE,0,0,0,0.75,0,0,0,0,0,17-AUG-2016,
OPTSTK,SIEMENS,25-Aug-2016,900,PE,0,0,0,1.2,0,0,0,0,0,17-AUG-2016,
OPTSTK,SIEMENS,25-Aug-2016,920,PE,0,0,0,1.75,0,0,0,0,0,17-AUG-2016,
OPTSTK,SIEMENS,25-Aug-2016,940,PE,0,0,0,2.6,0,0,0,0,0,17-AUG-2016,
OPTSTK,SIEMENS,25-Aug-2016,960,PE,0,0,0,3.7,0,0,0,0,0,17-AUG-2016,
OPTSTK,SIEMENS,25-Aug-2016,980,PE,0,0,0,5.2,0,0,0,0,0,17-AUG-2016,
OPTSTK,SIEMENS,25-Aug-2016,1000,PE,0,0,0,7.1,0,0,0,0,0,17-AUG-2016,
OPTSTK,SIEMENS,25-Aug-2016,1020,PE,0,0,0,9.5,0,0,0,0,0,17-AUG-2016,
OPTSTK,SIEMENS,25-Aug-2016,1040,PE,0,0,0,12.5,0,0,0,0,0,17-AUG-2016,
OPTSTK,SIEMENS,25-Aug-2016,1060,PE,0,0,0,16.15,0,0,0,0,0,17-AUG-2016,
OPTSTK,SIEMENS,25-Aug-2016,1080,PE,0,0,0,20.5,0,0,0,0,0,17-AUG-2016,
OPTSTK,SIEMENS,25-Aug-2016,1100,PE,0,0,0,25.7,0,0,0,0,0,17-AUG-2016,
OPTSTK,SIEMENS,25-Aug-2016,1120,PE,0,0,0,31.6,0.05,0,0,0,0,17-AUG-2016,
OPTSTK,SIEMENS,25-Aug-2016,1140,PE,0,0,0,38.5,0.1,0,0,0,0,17-AUG-2016,
OPTSTK,SIEMENS,25-Aug-2016,1160,PE,0,0,0,7.8,0.2,0,0,500,0,17-AUG-2016,
OPTSTK,SIEMENS,25-Aug-2016,1180,PE,0,0,0,4.85,0.55,0,0,5000,0,17-AUG-2016,
OPTSTK,SIEMENS,25-Aug-2016,1200,PE,2,2,2,2,2,2,12.02,5000,-1000,17-AUG-2016,
OPTSTK,SIEMENS,25-Aug-2016,1220,PE,0,0,0,4.2,2.9,0,0,2000,0,17-AUG-2016,
OPTSTK,SIEMENS,25-Aug-2016,1240,PE,4.25,4.25,4.25,4.25,4.25,3,18.66,9500,-1500,17-AUG-2016,
OPTSTK,SIEMENS,25-Aug-2016,1260,PE,8.4,8.4,7.25,7.25,7.25,2,12.67,7000,0,17-AUG-2016,
OPTSTK,SIEMENS,25-Aug-2016,1280,PE,15,16,12.85,12.9,12.9,6,38.82,5500,-500,17-AUG-2016,
OPTSTK,SIEMENS,25-Aug-2016,1300,PE,27.5,27.5,27.5,27.5,27.5,1,6.63,6500,500,17-AUG-2016,
OPTSTK,SIEMENS,25-Aug-2016,1320,PE,0,0,0,34.95,39.7,0,0,3500,0,17-AUG-2016,
OPTSTK,SIEMENS,25-Aug-2016,1340,PE,0,0,0,51.1,54.35,0,0,1500,0,17-AUG-2016,
OPTSTK,SIEMENS,25-Aug-2016,1360,PE,0,0,0,72.35,70.85,0,0,3500,0,17-AUG-2016,
OPTSTK,SIEMENS,25-Aug-2016,1380,PE,0,0,0,94.35,88.75,0,0,2500,0,17-AUG-2016,
OPTSTK,SIEMENS,25-Aug-2016,1400,PE,0,0,0,203.7,107.55,0,0,0,0,17-AUG-2016,
OPTSTK,SIEMENS,25-Aug-2016,1420,PE,0,0,0,220.85,126.9,0,0,0,0,17-AUG-2016,
OPTSTK,SIEMENS,25-Aug-2016,1440,PE,0,0,0,238.4,146.6,0,0,0,0,17-AUG-2016,
OPTSTK,SIEMENS,25-Aug-2016,1460,PE,0,0,0,256.25,166.45,0,0,0,0,17-AUG-2016,
OPTSTK,SIEMENS,25-Aug-2016,1480,PE,0,0,0,274.35,186.35,0,0,0,0,17-AUG-2016,
OPTSTK,SIEMENS,25-Aug-2016,1500,PE,0,0,0,292.75,206.3,0,0,0,0,17-AUG-2016,
OPTSTK,SIEMENS,25-Aug-2016,1520,PE,0,0,0,311.35,226.25,0,0,0,0,17-AUG-2016,
OPTSTK,SIEMENS,25-Aug-2016,1540,PE,0,0,0,330.15,246.2,0,0,0,0,17-AUG-2016,
OPTSTK,SIEMENS,29-Sep-2016,900,CE,0,0,0,425.65,398.8,0,0,0,0,17-AUG-2016,
OPTSTK,SIEMENS,29-Sep-2016,920,CE,0,0,0,406.05,379,0,0,0,0,17-AUG-2016,
OPTSTK,SIEMENS,29-Sep-2016,940,CE,0,0,0,386.45,359.15,0,0,0,0,17-AUG-2016,
OPTSTK,SIEMENS,29-Sep-2016,960,CE,0,0,0,366.9,339.35,0,0,0,0,17-AUG-2016,
OPTSTK,SIEMENS,29-Sep-2016,980,CE,0,0,0,347.4,319.6,0,0,0,0,17-AUG-2016,
OPTSTK,SIEMENS,29-Sep-2016,1000,CE,0,0,0,328,299.9,0,0,0,0,17-AUG-2016,
OPTSTK,SIEMENS,29-Sep-2016,1020,CE,0,0,0,308.65,280.25,0,0,0,0,17-AUG-2016,
OPTSTK,SIEMENS,29-Sep-2016,1040,CE,0,0,0,289.5,260.75,0,0,0,0,17-AUG-2016,
OPTSTK,SIEMENS,29-Sep-2016,1060,CE,0,0,0,270.55,241.45,0,0,0,0,17-AUG-2016,
OPTSTK,SIEMENS,29-Sep-2016,1080,CE,0,0,0,251.85,222.4,0,0,0,0,17-AUG-2016,
OPTSTK,SIEMENS,29-Sep-2016,1100,CE,0,0,0,233.45,203.65,0,0,0,0,17-AUG-2016,
OPTSTK,SIEMENS,29-Sep-2016,1120,CE,0,0,0,215.5,185.35,0,0,0,0,17-AUG-2016,
OPTSTK,SIEMENS,29-Sep-2016,1140,CE,0,0,0,197.95,167.55,0,0,0,0,17-AUG-2016,
OPTSTK,SIEMENS,29-Sep-2016,1160,CE,0,0,0,181,150.4,0,0,0,0,17-AUG-2016,
OPTSTK,SIEMENS,29-Sep-2016,1180,CE,0,0,0,164.65,134.05,0,0,0,0,17-AUG-2016,
OPTSTK,SIEMENS,29-Sep-2016,1200,CE,0,0,0,149,118.5,0,0,0,0,17-AUG-2016,
OPTSTK,SIEMENS,29-Sep-2016,1220,CE,0,0,0,134.15,103.9,0,0,0,0,17-AUG-2016,
OPTSTK,SIEMENS,29-Sep-2016,1240,CE,0,0,0,120,90.35,0,0,0,0,17-AUG-2016,
OPTSTK,SIEMENS,29-Sep-2016,1260,CE,0,0,0,106.8,77.9,0,0,0,0,17-AUG-2016,
OPTSTK,SIEMENS,29-Sep-2016,1280,CE,0,0,0,62.2,66.6,0,0,3000,0,17-AUG-2016,
OPTSTK,SIEMENS,29-Sep-2016,1300,CE,0,0,0,62.5,56.4,0,0,5000,0,17-AUG-2016,
OPTSTK,SIEMENS,29-Sep-2016,1320,CE,0,0,0,72.8,47.35,0,0,0,0,17-AUG-2016,
OPTSTK,SIEMENS,29-Sep-2016,1340,CE,29,30,27.8,27.8,27.8,3,20.53,1000,1000,17-AUG-2016,
OPTSTK,SIEMENS,29-Sep-2016,1360,CE,0,0,0,54.75,32.5,0,0,0,0,17-AUG-2016,
OPTSTK,SIEMENS,29-Sep-2016,1380,CE,0,0,0,47.05,26.55,0,0,0,0,17-AUG-2016,
OPTSTK,SIEMENS,29-Sep-2016,1400,CE,0,0,0,40.25,21.6,0,0,0,0,17-AUG-2016,
OPTSTK,SIEMENS,29-Sep-2016,1420,CE,0,0,0,34.2,17.3,0,0,0,0,17-AUG-2016,
OPTSTK,SIEMENS,29-Sep-2016,1440,CE,0,0,0,28.95,13.75,0,0,0,0,17-AUG-2016,
OPTSTK,SIEMENS,29-Sep-2016,1460,CE,0,0,0,24.35,10.85,0,0,0,0,17-AUG-2016,
OPTSTK,SIEMENS,29-Sep-2016,1480,CE,0,0,0,20.35,8.5,0,0,0,0,17-AUG-2016,
OPTSTK,SIEMENS,29-Sep-2016,1500,CE,0,0,0,16.9,6.6,0,0,0,0,17-AUG-2016,
OPTSTK,SIEMENS,29-Sep-2016,1520,CE,0,0,0,14,5.1,0,0,0,0,17-AUG-2016,
OPTSTK,SIEMENS,29-Sep-2016,1540,CE,0,0,0,11.5,3.9,0,0,0,0,17-AUG-2016,
OPTSTK,SIEMENS,29-Sep-2016,900,PE,0,0,0,0.05,0.05,0,0,0,0,17-AUG-2016,
OPTSTK,SIEMENS,29-Sep-2016,920,PE,0,0,0,0.1,0.05,0,0,0,0,17-AUG-2016,
OPTSTK,SIEMENS,29-Sep-2016,940,PE,0,0,0,0.15,0.05,0,0,0,0,17-AUG-2016,
OPTSTK,SIEMENS,29-Sep-2016,960,PE,0,0,0,0.25,0.1,0,0,0,0,17-AUG-2016,
OPTSTK,SIEMENS,29-Sep-2016,980,PE,0,0,0,0.4,0.2,0,0,0,0,17-AUG-2016,
OPTSTK,SIEMENS,29-Sep-2016,1000,PE,0,0,0,0.6,0.3,0,0,0,0,17-AUG-2016,
OPTSTK,SIEMENS,29-Sep-2016,1020,PE,0,0,0,0.95,0.5,0,0,0,0,17-AUG-2016,
OPTSTK,SIEMENS,29-Sep-2016,1040,PE,0,0,0,1.45,0.85,0,0,0,0,17-AUG-2016,
OPTSTK,SIEMENS,29-Sep-2016,1060,PE,0,0,0,2.1,1.35,0,0,0,0,17-AUG-2016,
OPTSTK,SIEMENS,29-Sep-2016,1080,PE,0,0,0,3.05,2.15,0,0,0,0,17-AUG-2016,
OPTSTK,SIEMENS,29-Sep-2016,1100,PE,0,0,0,4.35,3.25,0,0,0,0,17-AUG-2016,
OPTSTK,SIEMENS,29-Sep-2016,1120,PE,0,0,0,6,4.75,0,0,0,0,17-AUG-2016,
OPTSTK,SIEMENS,29-Sep-2016,1140,PE,0,0,0,8.15,6.8,0,0,0,0,17-AUG-2016,
OPTSTK,SIEMENS,29-Sep-2016,1160,PE,0,0,0,10.8,9.5,0,0,0,0,17-AUG-2016,
OPTSTK,SIEMENS,29-Sep-2016,1180,PE,0,0,0,14.1,12.95,0,0,0,0,17-AUG-2016,
OPTSTK,SIEMENS,29-Sep-2016,1200,PE,0,0,0,21.05,17.3,0,0,500,0,17-AUG-2016,
OPTSTK,SIEMENS,29-Sep-2016,1220,PE,0,0,0,22.9,22.5,0,0,0,0,17-AUG-2016,
OPTSTK,SIEMENS,29-Sep-2016,1240,PE,0,0,0,28.4,28.8,0,0,0,0,17-AUG-2016,
OPTSTK,SIEMENS,29-Sep-2016,1260,PE,0,0,0,34.85,36.2,0,0,0,0,17-AUG-2016,
OPTSTK,SIEMENS,29-Sep-2016,1280,PE,0,0,0,40,44.75,0,0,500,0,17-AUG-2016,
OPTSTK,SIEMENS,29-Sep-2016,1300,PE,0,0,0,56.5,54.4,0,0,1000,0,17-AUG-2016,
OPTSTK,SIEMENS,29-Sep-2016,1320,PE,0,0,0,59.75,65.15,0,0,0,0,17-AUG-2016,
OPTSTK,SIEMENS,29-Sep-2016,1340,PE,0,0,0,69.95,77.05,0,0,0,0,17-AUG-2016,
OPTSTK,SIEMENS,29-Sep-2016,1360,PE,0,0,0,81,90,0,0,0,0,17-AUG-2016,
OPTSTK,SIEMENS,29-Sep-2016,1380,PE,0,0,0,93,103.9,0,0,0,0,17-AUG-2016,
OPTSTK,SIEMENS,29-Sep-2016,1400,PE,0,0,0,105.8,118.75,0,0,0,0,17-AUG-2016,
OPTSTK,SIEMENS,29-Sep-2016,1420,PE,0,0,0,119.4,134.3,0,0,0,0,17-AUG-2016,
OPTSTK,SIEMENS,29-Sep-2016,1440,PE,0,0,0,133.8,150.6,0,0,0,0,17-AUG-2016,
OPTSTK,SIEMENS,29-Sep-2016,1460,PE,0,0,0,148.85,167.55,0,0,0,0,17-AUG-2016,
OPTSTK,SIEMENS,29-Sep-2016,1480,PE,0,0,0,164.5,185.05,0,0,0,0,17-AUG-2016,
OPTSTK,SIEMENS,29-Sep-2016,1500,PE,0,0,0,180.7,202.95,0,0,0,0,17-AUG-2016,
OPTSTK,SIEMENS,29-Sep-2016,1520,PE,0,0,0,197.45,221.3,0,0,0,0,17-AUG-2016,
OPTSTK,SIEMENS,29-Sep-2016,1540,PE,0,0,0,214.6,239.9,0,0,0,0,17-AUG-2016,
OPTSTK,SIEMENS,27-Oct-2016,920,CE,0,0,0,408.85,384.05,0,0,0,0,17-AUG-2016,
OPTSTK,SIEMENS,27-Oct-2016,940,CE,0,0,0,389.25,364.45,0,0,0,0,17-AUG-2016,
OPTSTK,SIEMENS,27-Oct-2016,960,CE,0,0,0,369.65,345,0,0,0,0,17-AUG-2016,
OPTSTK,SIEMENS,27-Oct-2016,980,CE,0,0,0,350.1,325.6,0,0,0,0,17-AUG-2016,
OPTSTK,SIEMENS,27-Oct-2016,1000,CE,0,0,0,330.6,306.4,0,0,0,0,17-AUG-2016,
OPTSTK,SIEMENS,27-Oct-2016,1020,CE,0,0,0,311.2,287.35,0,0,0,0,17-AUG-2016,
OPTSTK,SIEMENS,27-Oct-2016,1040,CE,0,0,0,291.95,268.6,0,0,0,0,17-AUG-2016,
OPTSTK,SIEMENS,27-Oct-2016,1060,CE,0,0,0,272.85,250.1,0,0,0,0,17-AUG-2016,
OPTSTK,SIEMENS,27-Oct-2016,1080,CE,0,0,0,253.95,232,0,0,0,0,17-AUG-2016,
OPTSTK,SIEMENS,27-Oct-2016,1100,CE,0,0,0,235.35,214.35,0,0,0,0,17-AUG-2016,
OPTSTK,SIEMENS,27-Oct-2016,1120,CE,0,0,0,217.15,197.2,0,0,0,0,17-AUG-2016,
OPTSTK,SIEMENS,27-Oct-2016,1140,CE,0,0,0,199.35,180.65,0,0,0,0,17-AUG-2016,
OPTSTK,SIEMENS,27-Oct-2016,1160,CE,0,0,0,182.1,164.7,0,0,0,0,17-AUG-2016,
OPTSTK,SIEMENS,27-Oct-2016,1180,CE,0,0,0,165.45,149.5,0,0,0,0,17-AUG-2016,
OPTSTK,SIEMENS,27-Oct-2016,1200,CE,0,0,0,149.45,135.05,0,0,0,0,17-AUG-2016,
OPTSTK,SIEMENS,27-Oct-2016,1220,CE,0,0,0,134.25,121.35,0,0,0,0,17-AUG-2016,
OPTSTK,SIEMENS,27-Oct-2016,1240,CE,0,0,0,119.9,108.6,0,0,0,0,17-AUG-2016,
OPTSTK,SIEMENS,27-Oct-2016,1260,CE,0,0,0,106.4,96.65,0,0,0,0,17-AUG-2016,
OPTSTK,SIEMENS,27-Oct-2016,1280,CE,0,0,0,93.85,85.6,0,0,0,0,17-AUG-2016,
OPTSTK,SIEMENS,27-Oct-2016,1300,CE,0,0,0,82.25,75.45,0,0,0,0,17-AUG-2016,
OPTSTK,SIEMENS,27-Oct-2016,1320,CE,0,0,0,71.65,66.2,0,0,0,0,17-AUG-2016,
OPTSTK,SIEMENS,27-Oct-2016,1340,CE,0,0,0,62,57.75,0,0,0,0,17-AUG-2016,
OPTSTK,SIEMENS,27-Oct-2016,1360,CE,0,0,0,53.3,50.15,0,0,0,0,17-AUG-2016,
OPTSTK,SIEMENS,27-Oct-2016,1380,CE,0,0,0,45.55,43.35,0,0,0,0,17-AUG-2016,
OPTSTK,SIEMENS,27-Oct-2016,1400,CE,0,0,0,38.7,37.3,0,0,0,0,17-AUG-2016,
OPTSTK,SIEMENS,27-Oct-2016,1420,CE,0,0,0,32.65,31.9,0,0,0,0,17-AUG-2016,
OPTSTK,SIEMENS,27-Oct-2016,1440,CE,0,0,0,27.45,27.25,0,0,0,0,17-AUG-2016,
OPTSTK,SIEMENS,27-Oct-2016,1460,CE,0,0,0,22.85,23.1,0,0,0,0,17-AUG-2016,
OPTSTK,SIEMENS,27-Oct-2016,1480,CE,0,0,0,18.95,19.5,0,0,0,0,17-AUG-2016,
OPTSTK,SIEMENS,27-Oct-2016,1500,CE,0,0,0,15.6,16.4,0,0,0,0,17-AUG-2016,
OPTSTK,SIEMENS,27-Oct-2016,1520,CE,0,0,0,12.75,13.75,0,0,0,0,17-AUG-2016,
OPTSTK,SIEMENS,27-Oct-2016,1540,CE,0,0,0,10.4,11.45,0,0,0,0,17-AUG-2016,
OPTSTK,SIEMENS,27-Oct-2016,920,PE,0,0,0,0.05,0.3,0,0,0,0,17-AUG-2016,
OPTSTK,SIEMENS,27-Oct-2016,940,PE,0,0,0,0.1,0.45,0,0,0,0,17-AUG-2016,
OPTSTK,SIEMENS,27-Oct-2016,960,PE,0,0,0,0.15,0.7,0,0,0,0,17-AUG-2016,
OPTSTK,SIEMENS,27-Oct-2016,980,PE,0,0,0,0.25,1.05,0,0,0,0,17-AUG-2016,
OPTSTK,SIEMENS,27-Oct-2016,1000,PE,0,0,0,0.45,1.55,0,0,0,0,17-AUG-2016,
OPTSTK,SIEMENS,27-Oct-2016,1020,PE,0,0,0,0.7,2.25,0,0,0,0,17-AUG-2016,
OPTSTK,SIEMENS,27-Oct-2016,1040,PE,0,0,0,1.05,3.2,0,0,0,0,17-AUG-2016,
OPTSTK,SIEMENS,27-Oct-2016,1060,PE,0,0,0,1.6,4.45,0,0,0,0,17-AUG-2016,
OPTSTK,SIEMENS,27-Oct-2016,1080,PE,0,0,0,2.4,6.1,0,0,0,0,17-AUG-2016,
OPTSTK,SIEMENS,27-Oct-2016,1100,PE,0,0,0,3.45,8.2,0,0,0,0,17-AUG-2016,
OPTSTK,SIEMENS,27-Oct-2016,1120,PE,0,0,0,4.9,10.75,0,0,0,0,17-AUG-2016,
OPTSTK,SIEMENS,27-Oct-2016,1140,PE,0,0,0,6.75,13.95,0,0,0,0,17-AUG-2016,
OPTSTK,SIEMENS,27-Oct-2016,1160,PE,0,0,0,9.15,17.75,0,0,0,0,17-AUG-2016,
OPTSTK,SIEMENS,27-Oct-2016,1180,PE,0,0,0,12.15,22.25,0,0,0,0,17-AUG-2016,
OPTSTK,SIEMENS,27-Oct-2016,1200,PE,0,0,0,15.85,27.55,0,0,0,0,17-AUG-2016,
OPTSTK,SIEMENS,27-Oct-2016,1220,PE,0,0,0,20.3,33.6,0,0,0,0,17-AUG-2016,
OPTSTK,SIEMENS,27-Oct-2016,1240,PE,0,0,0,25.6,40.55,0,0,0,0,17-AUG-2016,
OPTSTK,SIEMENS,27-Oct-2016,1260,PE,0,0,0,31.75,48.35,0,0,0,0,17-AUG-2016,
OPTSTK,SIEMENS,27-Oct-2016,1280,PE,0,0,0,38.85,57.05,0,0,0,0,17-AUG-2016,
OPTSTK,SIEMENS,27-Oct-2016,1300,PE,0,0,0,46.9,66.65,0,0,0,0,17-AUG-2016,
OPTSTK,SIEMENS,27-Oct-2016,1320,PE,0,0,0,55.95,77.1,0,0,0,0,17-AUG-2016,
OPTSTK,SIEMENS,27-Oct-2016,1340,PE,0,0,0,66,88.4,0,0,0,0,17-AUG-2016,
OPTSTK,SIEMENS,27-Oct-2016,1360,PE,0,0,0,76.95,100.55,0,0,0,0,17-AUG-2016,
OPTSTK,SIEMENS,27-Oct-2016,1380,PE,0,0,0,88.85,113.45,0,0,0,0,17-AUG-2016,
OPTSTK,SIEMENS,27-Oct-2016,1400,PE,0,0,0,101.65,127.1,0,0,0,0,17-AUG-2016,
OPTSTK,SIEMENS,27-Oct-2016,1420,PE,0,0,0,115.25,141.5,0,0,0,0,17-AUG-2016,
OPTSTK,SIEMENS,27-Oct-2016,1440,PE,0,0,0,129.7,156.55,0,0,0,0,17-AUG-2016,
OPTSTK,SIEMENS,27-Oct-2016,1460,PE,0,0,0,144.75,172.15,0,0,0,0,17-AUG-2016,
OPTSTK,SIEMENS,27-Oct-2016,1480,PE,0,0,0,160.5,188.3,0,0,0,0,17-AUG-2016,
OPTSTK,SIEMENS,27-Oct-2016,1500,PE,0,0,0,176.8,204.9,0,0,0,0,17-AUG-2016,
OPTSTK,SIEMENS,27-Oct-2016,1520,PE,0,0,0,193.65,222,0,0,0,0,17-AUG-2016,
OPTSTK,SIEMENS,27-Oct-2016,1540,PE,0,0,0,210.95,239.45,0,0,0,0,17-AUG-2016,
OPTSTK,SINTEX,25-Aug-2016,52.5,CE,0,0,0,21.85,20.5,0,0,0,0,17-AUG-2016,
OPTSTK,SINTEX,25-Aug-2016,54.05,CE,0,0,0,26.6,18.95,0,0,0,0,17-AUG-2016,
OPTSTK,SINTEX,25-Aug-2016,55,CE,0,0,0,19.35,18,0,0,0,0,17-AUG-2016,
OPTSTK,SINTEX,25-Aug-2016,56.5,CE,0,0,0,24.2,16.5,0,0,0,0,17-AUG-2016,
OPTSTK,SINTEX,25-Aug-2016,57.5,CE,0,0,0,16.85,15.5,0,0,0,0,17-AUG-2016,
OPTSTK,SINTEX,25-Aug-2016,58.95,CE,0,0,0,21.8,14.05,0,0,0,0,17-AUG-2016,
OPTSTK,SINTEX,25-Aug-2016,60,CE,0,0,0,14.35,13,0,0,0,0,17-AUG-2016,
OPTSTK,SINTEX,25-Aug-2016,61.4,CE,0,0,0,19.45,11.6,0,0,0,0,17-AUG-2016,
OPTSTK,SINTEX,25-Aug-2016,62.5,CE,0,0,0,11.9,10.5,0,0,0,0,17-AUG-2016,
OPTSTK,SINTEX,25-Aug-2016,63.85,CE,0,0,0,17.2,9.15,0,0,0,0,17-AUG-2016,
OPTSTK,SINTEX,25-Aug-2016,65,CE,0,0,0,9.5,8.05,0,0,0,0,17-AUG-2016,
OPTSTK,SINTEX,25-Aug-2016,66.35,CE,0,0,0,15.05,6.7,0,0,0,0,17-AUG-2016,
OPTSTK,SINTEX,25-Aug-2016,67.5,CE,0,0,0,7.2,5.6,0,0,0,0,17-AUG-2016,
OPTSTK,SINTEX,25-Aug-2016,68.8,CE,0,0,0,5.1,4.4,0,0,7125,0,17-AUG-2016,
OPTSTK,SINTEX,25-Aug-2016,70,CE,0,0,0,3.6,3.4,0,0,14250,0,17-AUG-2016,
OPTSTK,SINTEX,25-Aug-2016,71.25,CE,0,0,0,2.85,2.5,0,0,57000,0,17-AUG-2016,
OPTSTK,SINTEX,25-Aug-2016,72.5,CE,0,0,0,2,1.75,0,0,14250,0,17-AUG-2016,
OPTSTK,SINTEX,25-Aug-2016,73.7,CE,1.35,1.4,0.95,1,1,26,138.64,769500,35625,17-AUG-2016,
OPTSTK,SINTEX,25-Aug-2016,75,CE,1.1,1.1,0.75,0.75,0.75,10,54.06,121125,14250,17-AUG-2016,
OPTSTK,SINTEX,25-Aug-2016,76.15,CE,0.65,0.65,0.55,0.6,0.6,7,38.28,427500,7125,17-AUG-2016,
OPTSTK,SINTEX,25-Aug-2016,77.5,CE,0,0,0,1.15,0.25,0,0,0,0,17-AUG-2016,
OPTSTK,SINTEX,25-Aug-2016,78.6,CE,0.7,0.7,0.3,0.4,0.4,28,157.54,1959375,-7125,17-AUG-2016,
OPTSTK,SINTEX,25-Aug-2016,80,CE,0.05,0.05,0.05,0.05,0.05,2,11.4,14250,14250,17-AUG-2016,
OPTSTK,SINTEX,25-Aug-2016,81.05,CE,0.35,0.35,0.35,0.35,0.35,3,17.39,427500,-21375,17-AUG-2016,
OPTSTK,SINTEX,25-Aug-2016,82.5,CE,0,0,0,0.3,0.05,0,0,0,0,17-AUG-2016,
OPTSTK,SINTEX,25-Aug-2016,83.55,CE,0.1,0.15,0.1,0.15,0.15,14,83.44,1033125,7125,17-AUG-2016,
OPTSTK,SINTEX,25-Aug-2016,85,CE,0,0,0,0.15,0,0,0,0,0,17-AUG-2016,
OPTSTK,SINTEX,25-Aug-2016,86,CE,0.15,0.15,0.15,0.15,0.15,1,6.13,35625,0,17-AUG-2016,
OPTSTK,SINTEX,25-Aug-2016,87.5,CE,0,0,0,0.05,0,0,0,0,0,17-AUG-2016,
OPTSTK,SINTEX,25-Aug-2016,88.45,CE,0,0,0,0.1,0,0,0,669750,0,17-AUG-2016,
OPTSTK,SINTEX,25-Aug-2016,90,CE,0,0,0,0.05,0,0,0,0,0,17-AUG-2016,
OPTSTK,SINTEX,25-Aug-2016,90.9,CE,0,0,0,0.1,0,0,0,14250,0,17-AUG-2016,
OPTSTK,SINTEX,25-Aug-2016,92.5,CE,0,0,0,0.05,0,0,0,0,0,17-AUG-2016,
OPTSTK,SINTEX,25-Aug-2016,93.35,CE,0,0,0,0.05,0,0,0,21375,0,17-AUG-2016,
OPTSTK,SINTEX,25-Aug-2016,95.8,CE,0,0,0,1.25,0,0,0,0,0,17-AUG-2016,
OPTSTK,SINTEX,25-Aug-2016,98.25,CE,0,0,0,0.95,0,0,0,0,0,17-AUG-2016,
OPTSTK,SINTEX,25-Aug-2016,100.7,CE,0,0,0,0.75,0,0,0,0,0,17-AUG-2016,
OPTSTK,SINTEX,25-Aug-2016,52.5,PE,0,0,0,0.05,0,0,0,0,0,17-AUG-2016,
OPTSTK,SINTEX,25-Aug-2016,54.05,PE,0,0,0,0.05,0,0,0,0,0,17-AUG-2016,
OPTSTK,SINTEX,25-Aug-2016,55,PE,0,0,0,0.05,0,0,0,0,0,17-AUG-2016,
OPTSTK,SINTEX,25-Aug-2016,56.5,PE,0,0,0,0.1,0,0,0,0,0,17-AUG-2016,
OPTSTK,SINTEX,25-Aug-2016,57.5,PE,0,0,0,0.05,0,0,0,0,0,17-AUG-2016,
OPTSTK,SINTEX,25-Aug-2016,58.95,PE,0,0,0,0.1,0,0,0,14250,0,17-AUG-2016,
OPTSTK,SINTEX,25-Aug-2016,60,PE,0,0,0,0.05,0,0,0,0,0,17-AUG-2016,
OPTSTK,SINTEX,25-Aug-2016,61.4,PE,0,0,0,0.35,0,0,0,0,0,17-AUG-2016,
OPTSTK,SINTEX,25-Aug-2016,62.5,PE,0,0,0,0.05,0,0,0,0,0,17-AUG-2016,
OPTSTK,SINTEX,25-Aug-2016,63.85,PE,0,0,0,0.45,0,0,0,14250,0,17-AUG-2016,
OPTSTK,SINTEX,25-Aug-2016,65,PE,0,0,0,0.1,0.05,0,0,0,0,17-AUG-2016,
OPTSTK,SINTEX,25-Aug-2016,66.35,PE,0,0,0,0.85,0.05,0,0,0,0,17-AUG-2016,
OPTSTK,SINTEX,25-Aug-2016,67.5,PE,0,0,0,0.3,0.1,0,0,0,0,17-AUG-2016,
OPTSTK,SINTEX,25-Aug-2016,68.8,PE,0,0,0,0.15,0.2,0,0,242250,0,17-AUG-2016,
OPTSTK,SINTEX,25-Aug-2016,70,PE,0.5,0.5,0.5,0.5,0.5,1,5.02,28500,7125,17-AUG-2016,
OPTSTK,SINTEX,25-Aug-2016,71.25,PE,0,0,0,1.1,0.75,0,0,78375,0,17-AUG-2016,
OPTSTK,SINTEX,25-Aug-2016,72.5,PE,2.4,2.4,2.4,2.4,2.4,2,10.67,0,-14250,17-AUG-2016,
OPTSTK,SINTEX,25-Aug-2016,73.7,PE,1.75,1.8,1.45,1.45,1.45,4,21.46,491625,0,17-AUG-2016,
OPTSTK,SINTEX,25-Aug-2016,75,PE,0,0,0,2.7,2.7,0,0,0,0,17-AUG-2016,
OPTSTK,SINTEX,25-Aug-2016,76.15,PE,0,0,0,5.55,3.55,0,0,121125,0,17-AUG-2016,
OPTSTK,SINTEX,25-Aug-2016,77.5,PE,0,0,0,4.25,4.7,0,0,0,0,17-AUG-2016,
OPTSTK,SINTEX,25-Aug-2016,78.6,PE,0,0,0,7,5.7,0,0,669750,0,17-AUG-2016,
OPTSTK,SINTEX,25-Aug-2016,80,PE,6.85,6.85,6.85,6.85,6.85,2,12.37,14250,14250,17-AUG-2016,
OPTSTK,SINTEX,25-Aug-2016,81.05,PE,0,0,0,6.2,8.05,0,0,21375,0,17-AUG-2016,
OPTSTK,SINTEX,25-Aug-2016,82.5,PE,0,0,0,8.4,9.5,0,0,0,0,17-AUG-2016,
OPTSTK,SINTEX,25-Aug-2016,83.55,PE,0,0,0,8.5,10.55,0,0,92625,0,17-AUG-2016,
OPTSTK,SINTEX,25-Aug-2016,85,PE,0,0,0,10.7,12,0,0,0,0,17-AUG-2016,
OPTSTK,SINTEX,25-Aug-2016,86,PE,0,0,0,9,13,0,0,0,0,17-AUG-2016,
OPTSTK,SINTEX,25-Aug-2016,87.5,PE,0,0,0,13.15,14.5,0,0,0,0,17-AUG-2016,
OPTSTK,SINTEX,25-Aug-2016,88.45,PE,0,0,0,10.75,15.45,0,0,0,0,17-AUG-2016,
OPTSTK,SINTEX,25-Aug-2016,90,PE,0,0,0,15.6,17,0,0,0,0,17-AUG-2016,
OPTSTK,SINTEX,25-Aug-2016,90.9,PE,0,0,0,12.65,17.9,0,0,0,0,17-AUG-2016,
OPTSTK,SINTEX,25-Aug-2016,92.5,PE,0,0,0,18.1,19.5,0,0,0,0,17-AUG-2016,
OPTSTK,SINTEX,25-Aug-2016,93.35,PE,0,0,0,14.65,20.35,0,0,0,0,17-AUG-2016,
OPTSTK,SINTEX,25-Aug-2016,95.8,PE,0,0,0,16.75,22.8,0,0,0,0,17-AUG-2016,
OPTSTK,SINTEX,25-Aug-2016,98.25,PE,0,0,0,18.9,25.2,0,0,0,0,17-AUG-2016,
OPTSTK,SINTEX,25-Aug-2016,100.7,PE,0,0,0,21.15,27.65,0,0,0,0,17-AUG-2016,
OPTSTK,SINTEX,29-Sep-2016,52.5,CE,0,0,0,22.2,20.85,0,0,0,0,17-AUG-2016,
OPTSTK,SINTEX,29-Sep-2016,54.05,CE,0,0,0,27.15,19.3,0,0,0,0,17-AUG-2016,
OPTSTK,SINTEX,29-Sep-2016,55,CE,0,0,0,19.75,18.4,0,0,0,0,17-AUG-2016,
OPTSTK,SINTEX,29-Sep-2016,56.5,CE,0,0,0,24.8,16.9,0,0,0,0,17-AUG-2016,
OPTSTK,SINTEX,29-Sep-2016,57.5,CE,0,0,0,17.35,15.95,0,0,0,0,17-AUG-2016,
OPTSTK,SINTEX,29-Sep-2016,58.95,CE,0,0,0,22.55,14.55,0,0,0,0,17-AUG-2016,
OPTSTK,SINTEX,29-Sep-2016,60,CE,0,0,0,14.95,13.55,0,0,0,0,17-AUG-2016,
OPTSTK,SINTEX,29-Sep-2016,61.4,CE,0,0,0,20.35,12.2,0,0,0,0,17-AUG-2016,
OPTSTK,SINTEX,29-Sep-2016,62.5,CE,0,0,0,12.7,11.2,0,0,0,0,17-AUG-2016,
OPTSTK,SINTEX,29-Sep-2016,63.85,CE,0,0,0,18.25,10,0,0,0,0,17-AUG-2016,
OPTSTK,SINTEX,29-Sep-2016,65,CE,0,0,0,10.55,9.05,0,0,0,0,17-AUG-2016,
OPTSTK,SINTEX,29-Sep-2016,66.35,CE,0,0,0,16.25,7.95,0,0,0,0,17-AUG-2016,
OPTSTK,SINTEX,29-Sep-2016,67.5,CE,0,0,0,8.6,7.05,0,0,0,0,17-AUG-2016,
OPTSTK,SINTEX,29-Sep-2016,68.8,CE,0,0,0,14.4,6.1,0,0,0,0,17-AUG-2016,
OPTSTK,SINTEX,29-Sep-2016,70,CE,0,0,0,6.85,5.3,0,0,0,0,17-AUG-2016,
OPTSTK,SINTEX,29-Sep-2016,71.25,CE,3.9,3.9,3.9,3.9,3.9,1,5.35,7125,7125,17-AUG-2016,
OPTSTK,SINTEX,29-Sep-2016,72.5,CE,0,0,0,5.35,3.85,0,0,0,0,17-AUG-2016,
OPTSTK,SINTEX,29-Sep-2016,73.7,CE,0,0,0,3.1,3.25,0,0,14250,0,17-AUG-2016,
OPTSTK,SINTEX,29-Sep-2016,75,CE,0,0,0,4.05,2.7,0,0,0,0,17-AUG-2016,
OPTSTK,SINTEX,29-Sep-2016,76.15,CE,0,0,0,9.6,2.25,0,0,0,0,17-AUG-2016,
OPTSTK,SINTEX,29-Sep-2016,77.5,CE,0,0,0,3,1.85,0,0,0,0,17-AUG-2016,
OPTSTK,SINTEX,29-Sep-2016,78.6,CE,0,0,0,3,1.5,0,0,14250,0,17-AUG-2016,
OPTSTK,SINTEX,29-Sep-2016,80,CE,0,0,0,2.2,1.2,0,0,0,0,17-AUG-2016,
OPTSTK,SINTEX,29-Sep-2016,81.05,CE,0,0,0,7.1,1,0,0,0,0,17-AUG-2016,
OPTSTK,SINTEX,29-Sep-2016,82.5,CE,0,0,0,1.55,0.75,0,0,0,0,17-AUG-2016,
OPTSTK,SINTEX,29-Sep-2016,83.55,CE,0,0,0,6.05,0.6,0,0,0,0,17-AUG-2016,
OPTSTK,SINTEX,29-Sep-2016,85,CE,0,0,0,1.1,0.45,0,0,0,0,17-AUG-2016,
OPTSTK,SINTEX,29-Sep-2016,86,CE,0,0,0,5.1,0.4,0,0,0,0,17-AUG-2016,
OPTSTK,SINTEX,29-Sep-2016,87.5,CE,0,0,0,0.75,0.3,0,0,0,0,17-AUG-2016,
OPTSTK,SINTEX,29-Sep-2016,88.45,CE,0,0,0,4.3,0.25,0,0,0,0,17-AUG-2016,
OPTSTK,SINTEX,29-Sep-2016,90,CE,0,0,0,0.5,0.15,0,0,0,0,17-AUG-2016,
OPTSTK,SINTEX,29-Sep-2016,90.9,CE,0,0,0,3.6,0.15,0,0,0,0,17-AUG-2016,
OPTSTK,SINTEX,29-Sep-2016,92.5,CE,0,0,0,0.35,0.1,0,0,0,0,17-AUG-2016,
OPTSTK,SINTEX,29-Sep-2016,93.35,CE,0,0,0,3,0.1,0,0,0,0,17-AUG-2016,
OPTSTK,SINTEX,29-Sep-2016,95.8,CE,0,0,0,2.5,0.05,0,0,0,0,17-AUG-2016,
OPTSTK,SINTEX,29-Sep-2016,98.25,CE,0,0,0,2.05,0.05,0,0,0,0,17-AUG-2016,
OPTSTK,SINTEX,29-Sep-2016,100.7,CE,0,0,0,1.7,0.05,0,0,0,0,17-AUG-2016,
OPTSTK,SINTEX,29-Sep-2016,52.5,PE,0,0,0,0.05,0,0,0,0,0,17-AUG-2016,
OPTSTK,SINTEX,29-Sep-2016,54.05,PE,0,0,0,0.2,0.05,0,0,0,0,17-AUG-2016,
OPTSTK,SINTEX,29-Sep-2016,55,PE,0,0,0,0.05,0.05,0,0,0,0,17-AUG-2016,
OPTSTK,SINTEX,29-Sep-2016,56.5,PE,0,0,0,0.35,0.05,0,0,0,0,17-AUG-2016,
OPTSTK,SINTEX,29-Sep-2016,57.5,PE,0,0,0,0.1,0.05,0,0,0,0,17-AUG-2016,
OPTSTK,SINTEX,29-Sep-2016,58.95,PE,0,0,0,0.55,0.1,0,0,0,0,17-AUG-2016,
OPTSTK,SINTEX,29-Sep-2016,60,PE,0,0,0,0.25,0.15,0,0,0,0,17-AUG-2016,
OPTSTK,SINTEX,29-Sep-2016,61.4,PE,0,0,0,0.8,0.2,0,0,0,0,17-AUG-2016,
OPTSTK,SINTEX,29-Sep-2016,62.5,PE,0,0,0,0.45,0.3,0,0,0,0,17-AUG-2016,
OPTSTK,SINTEX,29-Sep-2016,63.85,PE,0,0,0,1.15,0.45,0,0,0,0,17-AUG-2016,
OPTSTK,SINTEX,29-Sep-2016,65,PE,0,0,0,0.8,0.6,0,0,0,0,17-AUG-2016,
OPTSTK,SINTEX,29-Sep-2016,66.35,PE,0,0,0,1.6,0.85,0,0,0,0,17-AUG-2016,
OPTSTK,SINTEX,29-Sep-2016,67.5,PE,0,0,0,1.85,1.1,0,0,0,0,17-AUG-2016,
OPTSTK,SINTEX,29-Sep-2016,68.8,PE,0,0,0,2.2,1.45,0,0,0,0,17-AUG-2016,
OPTSTK,SINTEX,29-Sep-2016,70,PE,0,0,0,2,1.85,0,0,0,0,17-AUG-2016,
OPTSTK,SINTEX,29-Sep-2016,71.25,PE,0,0,0,1.7,2.3,0,0,7125,0,17-AUG-2016,
OPTSTK,SINTEX,29-Sep-2016,72.5,PE,0,0,0,2.95,2.9,0,0,0,0,17-AUG-2016,
OPTSTK,SINTEX,29-Sep-2016,73.7,PE,0,0,0,3.8,3.5,0,0,7125,0,17-AUG-2016,
OPTSTK,SINTEX,29-Sep-2016,75,PE,0,0,0,4.15,4.2,0,0,0,0,17-AUG-2016,
OPTSTK,SINTEX,29-Sep-2016,76.15,PE,0,0,0,4.75,4.9,0,0,0,0,17-AUG-2016,
OPTSTK,SINTEX,29-Sep-2016,77.5,PE,0,0,0,5.6,5.8,0,0,0,0,17-AUG-2016,
OPTSTK,SINTEX,29-Sep-2016,78.6,PE,0,0,0,5.9,6.6,0,0,0,0,17-AUG-2016,
OPTSTK,SINTEX,29-Sep-2016,80,PE,0,0,0,7.25,7.65,0,0,0,0,17-AUG-2016,
OPTSTK,SINTEX,29-Sep-2016,81.05,PE,0,0,0,7.15,8.5,0,0,0,0,17-AUG-2016,
OPTSTK,SINTEX,29-Sep-2016,82.5,PE,0,0,0,9.1,9.7,0,0,0,0,17-AUG-2016,
OPTSTK,SINTEX,29-Sep-2016,83.55,PE,0,0,0,10.5,10.6,0,0,7125,0,17-AUG-2016,
OPTSTK,SINTEX,29-Sep-2016,85,PE,0,0,0,11.1,11.9,0,0,0,0,17-AUG-2016,
OPTSTK,SINTEX,29-Sep-2016,86,PE,0,0,0,10.1,12.8,0,0,0,0,17-AUG-2016,
OPTSTK,SINTEX,29-Sep-2016,87.5,PE,0,0,0,13.25,14.15,0,0,0,0,17-AUG-2016,
OPTSTK,SINTEX,29-Sep-2016,88.45,PE,0,0,0,11.75,15.05,0,0,0,0,17-AUG-2016,
OPTSTK,SINTEX,29-Sep-2016,90,PE,0,0,0,15.45,16.55,0,0,0,0,17-AUG-2016,
OPTSTK,SINTEX,29-Sep-2016,90.9,PE,0,0,0,13.5,17.4,0,0,0,0,17-AUG-2016,
OPTSTK,SINTEX,29-Sep-2016,92.5,PE,0,0,0,17.8,18.95,0,0,0,0,17-AUG-2016,
OPTSTK,SINTEX,29-Sep-2016,93.35,PE,0,0,0,15.4,19.8,0,0,0,0,17-AUG-2016,
OPTSTK,SINTEX,29-Sep-2016,95.8,PE,0,0,0,17.35,22.2,0,0,0,0,17-AUG-2016,
OPTSTK,SINTEX,29-Sep-2016,98.25,PE,0,0,0,19.35,24.6,0,0,0,0,17-AUG-2016,
OPTSTK,SINTEX,29-Sep-2016,100.7,PE,0,0,0,21.45,27,0,0,0,0,17-AUG-2016,
OPTSTK,SINTEX,27-Oct-2016,52.5,CE,0,0,0,22.55,21.15,0,0,0,0,17-AUG-2016,
OPTSTK,SINTEX,27-Oct-2016,54.05,CE,0,0,0,23.85,19.65,0,0,0,0,17-AUG-2016,
OPTSTK,SINTEX,27-Oct-2016,55,CE,0,0,0,20.15,18.75,0,0,0,0,17-AUG-2016,
OPTSTK,SINTEX,27-Oct-2016,56.5,CE,0,0,0,21.5,17.3,0,0,0,0,17-AUG-2016,
OPTSTK,SINTEX,27-Oct-2016,57.5,CE,0,0,0,17.8,16.35,0,0,0,0,17-AUG-2016,
OPTSTK,SINTEX,27-Oct-2016,58.95,CE,0,0,0,19.2,15,0,0,0,0,17-AUG-2016,
OPTSTK,SINTEX,27-Oct-2016,60,CE,0,0,0,15.55,14.05,0,0,0,0,17-AUG-2016,
OPTSTK,SINTEX,27-Oct-2016,61.4,CE,0,0,0,17,12.85,0,0,0,0,17-AUG-2016,
OPTSTK,SINTEX,27-Oct-2016,62.5,CE,0,0,0,13.45,11.9,0,0,0,0,17-AUG-2016,
OPTSTK,SINTEX,27-Oct-2016,63.85,CE,0,0,0,14.9,10.8,0,0,0,0,17-AUG-2016,
OPTSTK,SINTEX,27-Oct-2016,65,CE,0,0,0,11.45,9.85,0,0,0,0,17-AUG-2016,
OPTSTK,SINTEX,27-Oct-2016,66.35,CE,0,0,0,12.95,8.85,0,0,0,0,17-AUG-2016,
OPTSTK,SINTEX,27-Oct-2016,67.5,CE,0,0,0,9.6,8.05,0,0,0,0,17-AUG-2016,
OPTSTK,SINTEX,27-Oct-2016,68.8,CE,0,0,0,11.1,7.15,0,0,0,0,17-AUG-2016,
OPTSTK,SINTEX,27-Oct-2016,70,CE,0,0,0,7.95,6.4,0,0,0,0,17-AUG-2016,
OPTSTK,SINTEX,27-Oct-2016,71.25,CE,0,0,0,9.45,5.65,0,0,0,0,17-AUG-2016,
OPTSTK,SINTEX,27-Oct-2016,72.5,CE,0,0,0,6.5,5,0,0,0,0,17-AUG-2016,
OPTSTK,SINTEX,27-Oct-2016,73.7,CE,0,0,0,7.95,4.4,0,0,0,0,17-AUG-2016,
OPTSTK,SINTEX,27-Oct-2016,75,CE,0,0,0,5.2,3.85,0,0,0,0,17-AUG-2016,
OPTSTK,SINTEX,27-Oct-2016,76.15,CE,0,0,0,6.6,3.35,0,0,0,0,17-AUG-2016,
OPTSTK,SINTEX,27-Oct-2016,77.5,CE,0,0,0,4.15,2.85,0,0,0,0,17-AUG-2016,
OPTSTK,SINTEX,27-Oct-2016,78.6,CE,0,0,0,5.45,2.5,0,0,0,0,17-AUG-2016,
OPTSTK,SINTEX,27-Oct-2016,80,CE,0,0,0,3.25,2.1,0,0,0,0,17-AUG-2016,
OPTSTK,SINTEX,27-Oct-2016,81.05,CE,0,0,0,4.45,1.85,0,0,0,0,17-AUG-2016,
OPTSTK,SINTEX,27-Oct-2016,82.5,CE,0,0,0,2.5,1.55,0,0,0,0,17-AUG-2016,
OPTSTK,SINTEX,27-Oct-2016,83.55,CE,0,0,0,3.6,1.35,0,0,0,0,17-AUG-2016,
OPTSTK,SINTEX,27-Oct-2016,85,CE,0,0,0,1.95,1.1,0,0,0,0,17-AUG-2016,
OPTSTK,SINTEX,27-Oct-2016,86,CE,0,0,0,2.9,0.95,0,0,0,0,17-AUG-2016,
OPTSTK,SINTEX,27-Oct-2016,87.5,CE,0,0,0,1.45,0.75,0,0,0,0,17-AUG-2016,
OPTSTK,SINTEX,27-Oct-2016,88.45,CE,0,0,0,2.3,0.65,0,0,0,0,17-AUG-2016,
OPTSTK,SINTEX,27-Oct-2016,90,CE,0,0,0,1.1,0.55,0,0,0,0,17-AUG-2016,
OPTSTK,SINTEX,27-Oct-2016,90.9,CE,0,0,0,1.8,0.45,0,0,0,0,17-AUG-2016,
OPTSTK,SINTEX,27-Oct-2016,92.5,CE,0,0,0,0.8,0.35,0,0,0,0,17-AUG-2016,
OPTSTK,SINTEX,27-Oct-2016,93.35,CE,0,0,0,1.4,0.3,0,0,0,0,17-AUG-2016,
OPTSTK,SINTEX,27-Oct-2016,95.8,CE,0,0,0,1.1,0.2,0,0,0,0,17-AUG-2016,
OPTSTK,SINTEX,27-Oct-2016,98.25,CE,0,0,0,0.85,0.15,0,0,0,0,17-AUG-2016,
OPTSTK,SINTEX,27-Oct-2016,100.7,CE,0,0,0,0.65,0.1,0,0,0,0,17-AUG-2016,
OPTSTK,SINTEX,27-Oct-2016,52.5,PE,0,0,0,0.1,0.05,0,0,0,0,17-AUG-2016,
OPTSTK,SINTEX,27-Oct-2016,54.05,PE,0,0,0,0.15,0.1,0,0,0,0,17-AUG-2016,
OPTSTK,SINTEX,27-Oct-2016,55,PE,0,0,0,0.15,0.1,0,0,0,0,17-AUG-2016,
OPTSTK,SINTEX,27-Oct-2016,56.5,PE,0,0,0,0.25,0.15,0,0,0,0,17-AUG-2016,
OPTSTK,SINTEX,27-Oct-2016,57.5,PE,0,0,0,0.3,0.2,0,0,0,0,17-AUG-2016,
OPTSTK,SINTEX,27-Oct-2016,58.95,PE,0,0,0,0.4,0.3,0,0,0,0,17-AUG-2016,
OPTSTK,SINTEX,27-Oct-2016,60,PE,0,0,0,0.5,0.35,0,0,0,0,17-AUG-2016,
OPTSTK,SINTEX,27-Oct-2016,61.4,PE,0,0,0,0.65,0.5,0,0,0,0,17-AUG-2016,
OPTSTK,SINTEX,27-Oct-2016,62.5,PE,0,0,0,0.85,0.65,0,0,0,0,17-AUG-2016,
OPTSTK,SINTEX,27-Oct-2016,63.85,PE,0,0,0,1.05,0.9,0,0,0,0,17-AUG-2016,
OPTSTK,SINTEX,27-Oct-2016,65,PE,0,0,0,1.3,1.1,0,0,0,0,17-AUG-2016,
OPTSTK,SINTEX,27-Oct-2016,66.35,PE,0,0,0,1.5,1.4,0,0,0,0,17-AUG-2016,
OPTSTK,SINTEX,27-Oct-2016,67.5,PE,0,0,0,1.95,1.75,0,0,0,0,17-AUG-2016,
OPTSTK,SINTEX,27-Oct-2016,68.8,PE,0,0,0,2.15,2.15,0,0,0,0,17-AUG-2016,
OPTSTK,SINTEX,27-Oct-2016,70,PE,0,0,0,2.75,2.55,0,0,0,0,17-AUG-2016,
OPTSTK,SINTEX,27-Oct-2016,71.25,PE,0,0,0,2.95,3.05,0,0,0,0,17-AUG-2016,
OPTSTK,SINTEX,27-Oct-2016,72.5,PE,0,0,0,3.75,3.65,0,0,0,0,17-AUG-2016,
OPTSTK,SINTEX,27-Oct-2016,73.7,PE,0,0,0,3.9,4.2,0,0,0,0,17-AUG-2016,
OPTSTK,SINTEX,27-Oct-2016,75,PE,0,0,0,4.95,4.95,0,0,0,0,17-AUG-2016,
OPTSTK,SINTEX,27-Oct-2016,76.15,PE,0,0,0,5.05,5.6,0,0,0,0,17-AUG-2016,
OPTSTK,SINTEX,27-Oct-2016,77.5,PE,0,0,0,6.3,6.45,0,0,0,0,17-AUG-2016,
OPTSTK,SINTEX,27-Oct-2016,78.6,PE,0,0,0,6.3,7.15,0,0,0,0,17-AUG-2016,
OPTSTK,SINTEX,27-Oct-2016,80,PE,0,0,0,7.9,8.15,0,0,0,0,17-AUG-2016,
OPTSTK,SINTEX,27-Oct-2016,81.05,PE,0,0,0,7.8,8.9,0,0,0,0,17-AUG-2016,
OPTSTK,SINTEX,27-Oct-2016,82.5,PE,0,0,0,9.6,10.05,0,0,0,0,17-AUG-2016,
OPTSTK,SINTEX,27-Oct-2016,83.55,PE,0,0,0,9.4,10.85,0,0,0,0,17-AUG-2016,
OPTSTK,SINTEX,27-Oct-2016,85,PE,0,0,0,11.5,12.05,0,0,0,0,17-AUG-2016,
OPTSTK,SINTEX,27-Oct-2016,86,PE,0,0,0,11.15,12.9,0,0,0,0,17-AUG-2016,
OPTSTK,SINTEX,27-Oct-2016,87.5,PE,0,0,0,13.5,14.2,0,0,0,0,17-AUG-2016,
OPTSTK,SINTEX,27-Oct-2016,88.45,PE,0,0,0,13,15.05,0,0,0,0,17-AUG-2016,
OPTSTK,SINTEX,27-Oct-2016,90,PE,0,0,0,15.6,16.45,0,0,0,0,17-AUG-2016,
OPTSTK,SINTEX,27-Oct-2016,90.9,PE,0,0,0,14.95,17.25,0,0,0,0,17-AUG-2016,
OPTSTK,SINTEX,27-Oct-2016,92.5,PE,0,0,0,17.75,18.75,0,0,0,0,17-AUG-2016,
OPTSTK,SINTEX,27-Oct-2016,93.35,PE,0,0,0,17.05,19.5,0,0,0,0,17-AUG-2016,
OPTSTK,SINTEX,27-Oct-2016,95.8,PE,0,0,0,19.2,21.85,0,0,0,0,17-AUG-2016,
OPTSTK,SINTEX,27-Oct-2016,98.25,PE,0,0,0,21.4,24.2,0,0,0,0,17-AUG-2016,
OPTSTK,SINTEX,27-Oct-2016,100.7,PE,0,0,0,23.65,26.55,0,0,0,0,17-AUG-2016,
OPTSTK,SOUTHBANK,25-Aug-2016,5,CE,0,0,0,14,16.35,0,0,0,0,17-AUG-2016,
OPTSTK,SOUTHBANK,25-Aug-2016,7.5,CE,0,0,0,11.55,13.85,0,0,0,0,17-AUG-2016,
OPTSTK,SOUTHBANK,25-Aug-2016,10,CE,0,0,0,9.1,11.35,0,0,0,0,17-AUG-2016,
OPTSTK,SOUTHBANK,25-Aug-2016,12.5,CE,0,0,0,6.65,8.85,0,0,0,0,17-AUG-2016,
OPTSTK,SOUTHBANK,25-Aug-2016,15,CE,0,0,0,4.2,6.35,0,0,0,0,17-AUG-2016,
OPTSTK,SOUTHBANK,25-Aug-2016,17.5,CE,0,0,0,3.8,3.85,0,0,0,0,17-AUG-2016,
OPTSTK,SOUTHBANK,25-Aug-2016,20,CE,1.75,1.75,1.45,1.45,1.45,4,25.92,120000,0,17-AUG-2016,
OPTSTK,SOUTHBANK,25-Aug-2016,22.5,CE,0.2,0.25,0.15,0.15,0.15,17,115.75,2280000,90000,17-AUG-2016,
OPTSTK,SOUTHBANK,25-Aug-2016,25,CE,0.05,0.05,0.05,0.05,0.05,2,15.03,1980000,30000,17-AUG-2016,
OPTSTK,SOUTHBANK,25-Aug-2016,27.5,CE,0,0,0,0.05,0,0,0,360000,0,17-AUG-2016,
OPTSTK,SOUTHBANK,25-Aug-2016,30,CE,0,0,0,0.05,0,0,0,90000,0,17-AUG-2016,
OPTSTK,SOUTHBANK,25-Aug-2016,32.5,CE,0,0,0,0.05,0,0,0,0,0,17-AUG-2016,
OPTSTK,SOUTHBANK,25-Aug-2016,35,CE,0,0,0,0.05,0,0,0,0,0,17-AUG-2016,
OPTSTK,SOUTHBANK,25-Aug-2016,37.5,CE,0,0,0,0.05,0,0,0,0,0,17-AUG-2016,
OPTSTK,SOUTHBANK,25-Aug-2016,5,PE,0,0,0,0.05,0,0,0,0,0,17-AUG-2016,
OPTSTK,SOUTHBANK,25-Aug-2016,7.5,PE,0,0,0,0.05,0,0,0,0,0,17-AUG-2016,
OPTSTK,SOUTHBANK,25-Aug-2016,10,PE,0,0,0,0.05,0,0,0,0,0,17-AUG-2016,
OPTSTK,SOUTHBANK,25-Aug-2016,12.5,PE,0,0,0,0.05,0,0,0,0,0,17-AUG-2016,
OPTSTK,SOUTHBANK,25-Aug-2016,15,PE,0,0,0,0.05,0,0,0,0,0,17-AUG-2016,
OPTSTK,SOUTHBANK,25-Aug-2016,17.5,PE,0,0,0,0.05,0,0,0,30000,0,17-AUG-2016,
OPTSTK,SOUTHBANK,25-Aug-2016,20,PE,0.05,0.05,0.05,0.05,0.05,2,12.03,1260000,-30000,17-AUG-2016,
OPTSTK,SOUTHBANK,25-Aug-2016,22.5,PE,0,0,0,1.35,1.2,0,0,690000,0,17-AUG-2016,
OPTSTK,SOUTHBANK,25-Aug-2016,25,PE,0,0,0,5.7,3.7,0,0,0,0,17-AUG-2016,
OPTSTK,SOUTHBANK,25-Aug-2016,27.5,PE,0,0,0,8.15,6.2,0,0,0,0,17-AUG-2016,
OPTSTK,SOUTHBANK,25-Aug-2016,30,PE,0,0,0,10.6,8.7,0,0,0,0,17-AUG-2016,
OPTSTK,SOUTHBANK,25-Aug-2016,32.5,PE,0,0,0,13.05,11.15,0,0,0,0,17-AUG-2016,
OPTSTK,SOUTHBANK,25-Aug-2016,35,PE,0,0,0,15.5,13.65,0,0,0,0,17-AUG-2016,
OPTSTK,SOUTHBANK,25-Aug-2016,37.5,PE,0,0,0,17.95,16.15,0,0,0,0,17-AUG-2016,
OPTSTK,SOUTHBANK,29-Sep-2016,5,CE,0,0,0,14.65,16.35,0,0,0,0,17-AUG-2016,
OPTSTK,SOUTHBANK,29-Sep-2016,7.5,CE,0,0,0,12.2,13.9,0,0,0,0,17-AUG-2016,
OPTSTK,SOUTHBANK,29-Sep-2016,10,CE,0,0,0,9.75,11.4,0,0,0,0,17-AUG-2016,
OPTSTK,SOUTHBANK,29-Sep-2016,12.5,CE,0,0,0,7.3,8.9,0,0,0,0,17-AUG-2016,
OPTSTK,SOUTHBANK,29-Sep-2016,15,CE,0,0,0,4.85,6.45,0,0,0,0,17-AUG-2016,
OPTSTK,SOUTHBANK,29-Sep-2016,17.5,CE,0,0,0,2.55,3.95,0,0,0,0,17-AUG-2016,
OPTSTK,SOUTHBANK,29-Sep-2016,20,CE,0,0,0,0.95,1.7,0,0,0,0,17-AUG-2016,
OPTSTK,SOUTHBANK,29-Sep-2016,22.5,CE,0.7,0.75,0.7,0.75,0.75,4,27.88,240000,120000,17-AUG-2016,
OPTSTK,SOUTHBANK,29-Sep-2016,25,CE,0,0,0,0.05,0.05,0,0,0,0,17-AUG-2016,
OPTSTK,SOUTHBANK,29-Sep-2016,27.5,CE,0,0,0,0.2,0,0,0,60000,0,17-AUG-2016,
OPTSTK,SOUTHBANK,29-Sep-2016,30,CE,0,0,0,0.05,0,0,0,0,0,17-AUG-2016,
OPTSTK,SOUTHBANK,29-Sep-2016,32.5,CE,0,0,0,0.05,0,0,0,0,0,17-AUG-2016,
OPTSTK,SOUTHBANK,29-Sep-2016,35,CE,0,0,0,0.05,0,0,0,0,0,17-AUG-2016,
OPTSTK,SOUTHBANK,29-Sep-2016,37.5,CE,0,0,0,0.05,0,0,0,0,0,17-AUG-2016,
OPTSTK,SOUTHBANK,29-Sep-2016,5,PE,0,0,0,0.05,0,0,0,0,0,17-AUG-2016,
OPTSTK,SOUTHBANK,29-Sep-2016,7.5,PE,0,0,0,0.05,0,0,0,0,0,17-AUG-2016,
OPTSTK,SOUTHBANK,29-Sep-2016,10,PE,0,0,0,0.05,0,0,0,0,0,17-AUG-2016,
OPTSTK,SOUTHBANK,29-Sep-2016,12.5,PE,0,0,0,0.05,0,0,0,0,0,17-AUG-2016,
OPTSTK,SOUTHBANK,29-Sep-2016,15,PE,0,0,0,0.05,0,0,0,0,0,17-AUG-2016,
OPTSTK,SOUTHBANK,29-Sep-2016,17.5,PE,0,0,0,0.1,0,0,0,150000,0,17-AUG-2016,
OPTSTK,SOUTHBANK,29-Sep-2016,20,PE,0,0,0,1.05,0.2,0,0,0,0,17-AUG-2016,
OPTSTK,SOUTHBANK,29-Sep-2016,22.5,PE,0,0,0,2.8,1.4,0,0,0,0,17-AUG-2016,
OPTSTK,SOUTHBANK,29-Sep-2016,25,PE,0,0,0,5.05,3.55,0,0,0,0,17-AUG-2016,
OPTSTK,SOUTHBANK,29-Sep-2016,27.5,PE,0,0,0,7.5,6,0,0,0,0,17-AUG-2016,
OPTSTK,SOUTHBANK,29-Sep-2016,30,PE,0,0,0,9.95,8.5,0,0,0,0,17-AUG-2016,
OPTSTK,SOUTHBANK,29-Sep-2016,32.5,PE,0,0,0,12.4,10.95,0,0,0,0,17-AUG-2016,
OPTSTK,SOUTHBANK,29-Sep-2016,35,PE,0,0,0,14.85,13.45,0,0,0,0,17-AUG-2016,
OPTSTK,SOUTHBANK,29-Sep-2016,37.5,PE,0,0,0,17.3,15.9,0,0,0,0,17-AUG-2016,
OPTSTK,SOUTHBANK,27-Oct-2016,5,CE,0,0,0,16.35,16.4,0,0,0,0,17-AUG-2016,
OPTSTK,SOUTHBANK,27-Oct-2016,7.5,CE,0,0,0,13.9,13.9,0,0,0,0,17-AUG-2016,
OPTSTK,SOUTHBANK,27-Oct-2016,10,CE,0,0,0,11.45,11.45,0,0,0,0,17-AUG-2016,
OPTSTK,SOUTHBANK,27-Oct-2016,12.5,CE,0,0,0,9,9,0,0,0,0,17-AUG-2016,
OPTSTK,SOUTHBANK,27-Oct-2016,15,CE,0,0,0,6.55,6.5,0,0,0,0,17-AUG-2016,
OPTSTK,SOUTHBANK,27-Oct-2016,17.5,CE,0,0,0,4.2,4.1,0,0,0,0,17-AUG-2016,
OPTSTK,SOUTHBANK,27-Oct-2016,20,CE,0,0,0,2.3,1.9,0,0,0,0,17-AUG-2016,
OPTSTK,SOUTHBANK,27-Oct-2016,22.5,CE,0,0,0,1.05,0.6,0,0,0,0,17-AUG-2016,
OPTSTK,SOUTHBANK,27-Oct-2016,25,CE,0,0,0,0.4,0.15,0,0,0,0,17-AUG-2016,
OPTSTK,SOUTHBANK,27-Oct-2016,27.5,CE,0,0,0,0.15,0.05,0,0,0,0,17-AUG-2016,
OPTSTK,SOUTHBANK,27-Oct-2016,30,CE,0,0,0,0.05,0,0,0,0,0,17-AUG-2016,
OPTSTK,SOUTHBANK,27-Oct-2016,32.5,CE,0,0,0,0.05,0,0,0,0,0,17-AUG-2016,
OPTSTK,SOUTHBANK,27-Oct-2016,35,CE,0,0,0,0.05,0,0,0,0,0,17-AUG-2016,
OPTSTK,SOUTHBANK,27-Oct-2016,37.5,CE,0,0,0,0.05,0,0,0,0,0,17-AUG-2016,
OPTSTK,SOUTHBANK,27-Oct-2016,5,PE,0,0,0,0.05,0,0,0,0,0,17-AUG-2016,
OPTSTK,SOUTHBANK,27-Oct-2016,7.5,PE,0,0,0,0.05,0,0,0,0,0,17-AUG-2016,
OPTSTK,SOUTHBANK,27-Oct-2016,10,PE,0,0,0,0.05,0,0,0,0,0,17-AUG-2016,
OPTSTK,SOUTHBANK,27-Oct-2016,12.5,PE,0,0,0,0.05,0,0,0,0,0,17-AUG-2016,
OPTSTK,SOUTHBANK,27-Oct-2016,15,PE,0,0,0,0.05,0,0,0,0,0,17-AUG-2016,
OPTSTK,SOUTHBANK,27-Oct-2016,17.5,PE,0,0,0,0.15,0.05,0,0,0,0,17-AUG-2016,
OPTSTK,SOUTHBANK,27-Oct-2016,20,PE,0,0,0,0.7,0.35,0,0,0,0,17-AUG-2016,
OPTSTK,SOUTHBANK,27-Oct-2016,22.5,PE,0,0,0,1.9,1.5,0,0,0,0,17-AUG-2016,
OPTSTK,SOUTHBANK,27-Oct-2016,25,PE,0,0,0,3.7,3.5,0,0,0,0,17-AUG-2016,
OPTSTK,SOUTHBANK,27-Oct-2016,27.5,PE,0,0,0,5.9,5.85,0,0,0,0,17-AUG-2016,
OPTSTK,SOUTHBANK,27-Oct-2016,30,PE,0,0,0,8.3,8.3,0,0,0,0,17-AUG-2016,
OPTSTK,SOUTHBANK,27-Oct-2016,32.5,PE,0,0,0,10.7,10.8,0,0,0,0,17-AUG-2016,
OPTSTK,SOUTHBANK,27-Oct-2016,35,PE,0,0,0,13.15,13.25,0,0,0,0,17-AUG-2016,
OPTSTK,SOUTHBANK,27-Oct-2016,37.5,PE,0,0,0,15.65,15.7,0,0,0,0,17-AUG-2016,
OPTSTK,SRF,25-Aug-2016,850,CE,0,0,0,407.05,762.45,0,0,0,0,17-AUG-2016,
OPTSTK,SRF,25-Aug-2016,900,CE,0,0,0,362.45,712.5,0,0,0,0,17-AUG-2016,
OPTSTK,SRF,25-Aug-2016,950,CE,0,0,0,319.95,662.6,0,0,0,0,17-AUG-2016,
OPTSTK,SRF,25-Aug-2016,1000,CE,0,0,0,279.9,612.65,0,0,0,0,17-AUG-2016,
OPTSTK,SRF,25-Aug-2016,1050,CE,0,0,0,242.75,562.75,0,0,0,0,17-AUG-2016,
OPTSTK,SRF,25-Aug-2016,1100,CE,0,0,0,208.65,512.8,0,0,0,0,17-AUG-2016,
OPTSTK,SRF,25-Aug-2016,1150,CE,0,0,0,177.8,462.9,0,0,0,0,17-AUG-2016,
OPTSTK,SRF,25-Aug-2016,1200,CE,0,0,0,150.3,412.95,0,0,0,0,17-AUG-2016,
OPTSTK,SRF,25-Aug-2016,1250,CE,0,0,0,126.1,363.05,0,0,0,0,17-AUG-2016,
OPTSTK,SRF,25-Aug-2016,1300,CE,0,0,0,273.1,313.1,0,0,500,0,17-AUG-2016,
OPTSTK,SRF,25-Aug-2016,1350,CE,0,0,0,225.9,263.2,0,0,500,0,17-AUG-2016,
OPTSTK,SRF,25-Aug-2016,1400,CE,0,0,0,178.75,213.3,0,0,2500,0,17-AUG-2016,
OPTSTK,SRF,25-Aug-2016,1450,CE,0,0,0,105.95,163.55,0,0,2500,0,17-AUG-2016,
OPTSTK,SRF,25-Aug-2016,1500,CE,0,0,0,84.5,115.1,0,0,8000,0,17-AUG-2016,
OPTSTK,SRF,25-Aug-2016,1550,CE,80,80,80,80,80,1,8.15,8500,0,17-AUG-2016,
OPTSTK,SRF,25-Aug-2016,1600,CE,35.75,53.05,30,32.45,32.45,68,558.83,31500,-2000,17-AUG-2016,
OPTSTK,SRF,25-Aug-2016,1650,CE,17,29.9,15.6,17.85,17.85,109,911.72,58000,11500,17-AUG-2016,
OPTSTK,SRF,25-Aug-2016,1700,CE,7.9,15,7.75,7.95,7.95,28,239.45,51000,500,17-AUG-2016,
OPTSTK,SRF,25-Aug-2016,1750,CE,4.6,4.6,4.6,4.6,4.6,1,8.77,21000,-500,17-AUG-2016,
OPTSTK,SRF,25-Aug-2016,1800,CE,3,3,2.4,2.4,2.4,4,36.05,6000,-500,17-AUG-2016,
OPTSTK,SRF,25-Aug-2016,1850,CE,2,2,0.15,1,1,4,37.01,4000,-500,17-AUG-2016,
OPTSTK,SRF,25-Aug-2016,1900,CE,0,0,0,0.2,0,0,0,0,0,17-AUG-2016,
OPTSTK,SRF,25-Aug-2016,850,PE,0,0,0,6.25,0,0,0,0,0,17-AUG-2016,
OPTSTK,SRF,25-Aug-2016,900,PE,0,0,0,10.75,0,0,0,0,0,17-AUG-2016,
OPTSTK,SRF,25-Aug-2016,950,PE,0,0,0,17.35,0,0,0,0,0,17-AUG-2016,
OPTSTK,SRF,25-Aug-2016,1000,PE,0,0,0,26.4,0,0,0,0,0,17-AUG-2016,
OPTSTK,SRF,25-Aug-2016,1050,PE,0,0,0,38.35,0,0,0,0,0,17-AUG-2016,
OPTSTK,SRF,25-Aug-2016,1100,PE,0,0,0,53.35,0,0,0,0,0,17-AUG-2016,
OPTSTK,SRF,25-Aug-2016,1150,PE,0,0,0,71.65,0,0,0,0,0,17-AUG-2016,
OPTSTK,SRF,25-Aug-2016,1200,PE,0,0,0,93.25,0,0,0,0,0,17-AUG-2016,
OPTSTK,SRF,25-Aug-2016,1250,PE,0,0,0,18.85,0,0,0,1500,0,17-AUG-2016,
OPTSTK,SRF,25-Aug-2016,1300,PE,0,0,0,0.15,0,0,0,13000,0,17-AUG-2016,
OPTSTK,SRF,25-Aug-2016,1350,PE,1,1,1,1,1,1,6.75,11500,-500,17-AUG-2016,
OPTSTK,SRF,25-Aug-2016,1400,PE,1,1,1,1,1,2,14.01,10500,0,17-AUG-2016,
OPTSTK,SRF,25-Aug-2016,1450,PE,0,0,0,12.5,0.25,0,0,5500,0,17-AUG-2016,
OPTSTK,SRF,25-Aug-2016,1500,PE,6.3,6.3,3.5,3.5,3.5,9,67.7,25500,-1000,17-AUG-2016,
OPTSTK,SRF,25-Aug-2016,1550,PE,12,13.15,9.05,12.9,12.9,5,39.03,12000,1000,17-AUG-2016,
OPTSTK,SRF,25-Aug-2016,1600,PE,28,36,28,36,36,12,97.78,14500,2500,17-AUG-2016,
OPTSTK,SRF,25-Aug-2016,1650,PE,0,0,0,108.6,51.4,0,0,1500,0,17-AUG-2016,
OPTSTK,SRF,25-Aug-2016,1700,PE,98.25,98.25,98.25,98.25,98.25,1,8.99,3000,500,17-AUG-2016,
OPTSTK,SRF,25-Aug-2016,1750,PE,0,0,0,498.8,137.45,0,0,0,0,17-AUG-2016,
OPTSTK,SRF,25-Aug-2016,1800,PE,0,0,0,485.4,186.4,0,0,0,0,17-AUG-2016,
OPTSTK,SRF,25-Aug-2016,1850,PE,0,0,0,517.35,236.15,0,0,0,0,17-AUG-2016,
OPTSTK,SRF,25-Aug-2016,1900,PE,0,0,0,566.65,286.05,0,0,0,0,17-AUG-2016,
OPTSTK,SRF,29-Sep-2016,850,CE,0,0,0,478.05,768.05,0,0,0,0,17-AUG-2016,
OPTSTK,SRF,29-Sep-2016,900,CE,0,0,0,429.3,718.45,0,0,0,0,17-AUG-2016,
OPTSTK,SRF,29-Sep-2016,950,CE,0,0,0,381.1,668.85,0,0,0,0,17-AUG-2016,
OPTSTK,SRF,29-Sep-2016,1000,CE,0,0,0,333.75,619.25,0,0,0,0,17-AUG-2016,
OPTSTK,SRF,29-Sep-2016,1050,CE,0,0,0,287.95,569.65,0,0,0,0,17-AUG-2016,
OPTSTK,SRF,29-Sep-2016,1100,CE,0,0,0,244.4,520.1,0,0,0,0,17-AUG-2016,
OPTSTK,SRF,29-Sep-2016,1150,CE,0,0,0,203.8,470.5,0,0,0,0,17-AUG-2016,
OPTSTK,SRF,29-Sep-2016,1200,CE,0,0,0,166.8,421,0,0,0,0,17-AUG-2016,
OPTSTK,SRF,29-Sep-2016,1250,CE,0,0,0,133.9,371.6,0,0,0,0,17-AUG-2016,
OPTSTK,SRF,29-Sep-2016,1300,CE,0,0,0,105.5,322.7,0,0,0,0,17-AUG-2016,
OPTSTK,SRF,29-Sep-2016,1350,CE,0,0,0,81.6,274.65,0,0,0,0,17-AUG-2016,
OPTSTK,SRF,29-Sep-2016,1400,CE,0,0,0,61.9,228.35,0,0,0,0,17-AUG-2016,
OPTSTK,SRF,29-Sep-2016,1450,CE,0,0,0,46.15,184.7,0,0,0,0,17-AUG-2016,
OPTSTK,SRF,29-Sep-2016,1500,CE,0,0,0,33.95,144.85,0,0,0,0,17-AUG-2016,
OPTSTK,SRF,29-Sep-2016,1550,CE,0,0,0,89.95,109.85,0,0,2000,0,17-AUG-2016,
OPTSTK,SRF,29-Sep-2016,1600,CE,69.65,69.65,69.65,69.65,69.65,1,8.34,500,500,17-AUG-2016,
OPTSTK,SRF,29-Sep-2016,1650,CE,0,0,0,51,56.7,0,0,1000,0,17-AUG-2016,
OPTSTK,SRF,29-Sep-2016,1700,CE,0,0,0,8.4,38.55,0,0,0,0,17-AUG-2016,
OPTSTK,SRF,29-Sep-2016,1750,CE,0,0,0,5.75,25.35,0,0,0,0,17-AUG-2016,
OPTSTK,SRF,29-Sep-2016,1800,CE,0,0,0,3.9,15.95,0,0,0,0,17-AUG-2016,
OPTSTK,SRF,29-Sep-2016,1850,CE,0,0,0,2.6,9.75,0,0,0,0,17-AUG-2016,
OPTSTK,SRF,29-Sep-2016,1900,CE,0,0,0,1.7,5.75,0,0,0,0,17-AUG-2016,
OPTSTK,SRF,29-Sep-2016,850,PE,0,0,0,0.2,0,0,0,0,0,17-AUG-2016,
OPTSTK,SRF,29-Sep-2016,900,PE,0,0,0,0.55,0,0,0,0,0,17-AUG-2016,
OPTSTK,SRF,29-Sep-2016,950,PE,0,0,0,1.45,0,0,0,0,0,17-AUG-2016,
OPTSTK,SRF,29-Sep-2016,1000,PE,0,0,0,3.25,0,0,0,0,0,17-AUG-2016,
OPTSTK,SRF,29-Sep-2016,1050,PE,0,0,0,6.55,0,0,0,0,0,17-AUG-2016,
OPTSTK,SRF,29-Sep-2016,1100,PE,0,0,0,12.1,0,0,0,0,0,17-AUG-2016,
OPTSTK,SRF,29-Sep-2016,1150,PE,0,0,0,20.6,0.05,0,0,0,0,17-AUG-2016,
OPTSTK,SRF,29-Sep-2016,1200,PE,0,0,0,32.75,0.1,0,0,0,0,17-AUG-2016,
OPTSTK,SRF,29-Sep-2016,1250,PE,0,0,0,49,0.35,0,0,0,0,17-AUG-2016,
OPTSTK,SRF,29-Sep-2016,1300,PE,0,0,0,69.7,1,0,0,0,0,17-AUG-2016,
OPTSTK,SRF,29-Sep-2016,1350,PE,0,0,0,94.9,2.6,0,0,0,0,17-AUG-2016,
OPTSTK,SRF,29-Sep-2016,1400,PE,0,0,0,124.35,5.85,0,0,0,0,17-AUG-2016,
OPTSTK,SRF,29-Sep-2016,1450,PE,13.75,13.75,13.75,13.75,13.75,2,14.63,1000,1000,17-AUG-2016,
OPTSTK,SRF,29-Sep-2016,1500,PE,0,0,0,194.55,21.55,0,0,0,0,17-AUG-2016,
OPTSTK,SRF,29-Sep-2016,1550,PE,0,0,0,234.2,36.15,0,0,0,0,17-AUG-2016,
OPTSTK,SRF,29-Sep-2016,1600,PE,60.25,63.65,60.25,61.95,61.95,3,24.92,1500,1500,17-AUG-2016,
OPTSTK,SRF,29-Sep-2016,1650,PE,0,0,0,320.15,82.2,0,0,0,0,17-AUG-2016,
OPTSTK,SRF,29-Sep-2016,1700,PE,0,0,0,365.55,113.65,0,0,0,0,17-AUG-2016,
OPTSTK,SRF,29-Sep-2016,1750,PE,0,0,0,412,150,0,0,0,0,17-AUG-2016,
OPTSTK,SRF,29-Sep-2016,1800,PE,0,0,0,459.2,190.25,0,0,0,0,17-AUG-2016,
OPTSTK,SRF,29-Sep-2016,1850,PE,0,0,0,507.05,233.6,0,0,0,0,17-AUG-2016,
OPTSTK,SRF,29-Sep-2016,1900,PE,0,0,0,555.3,279.2,0,0,0,0,17-AUG-2016,
OPTSTK,SRF,27-Oct-2016,850,CE,0,0,0,590.7,772.5,0,0,0,0,17-AUG-2016,
OPTSTK,SRF,27-Oct-2016,900,CE,0,0,0,541.55,723.15,0,0,0,0,17-AUG-2016,
OPTSTK,SRF,27-Oct-2016,950,CE,0,0,0,492.45,673.85,0,0,0,0,17-AUG-2016,
OPTSTK,SRF,27-Oct-2016,1000,CE,0,0,0,443.5,624.5,0,0,0,0,17-AUG-2016,
OPTSTK,SRF,27-Oct-2016,1050,CE,0,0,0,394.85,575.2,0,0,0,0,17-AUG-2016,
OPTSTK,SRF,27-Oct-2016,1100,CE,0,0,0,346.8,525.95,0,0,0,0,17-AUG-2016,
OPTSTK,SRF,27-Oct-2016,1150,CE,0,0,0,299.85,476.8,0,0,0,0,17-AUG-2016,
OPTSTK,SRF,27-Oct-2016,1200,CE,0,0,0,254.75,427.95,0,0,0,0,17-AUG-2016,
OPTSTK,SRF,27-Oct-2016,1250,CE,0,0,0,212.25,379.65,0,0,0,0,17-AUG-2016,
OPTSTK,SRF,27-Oct-2016,1300,CE,0,0,0,173.1,332.35,0,0,0,0,17-AUG-2016,
OPTSTK,SRF,27-Oct-2016,1350,CE,0,0,0,138.05,286.6,0,0,0,0,17-AUG-2016,
OPTSTK,SRF,27-Oct-2016,1400,CE,0,0,0,107.65,243.05,0,0,0,0,17-AUG-2016,
OPTSTK,SRF,27-Oct-2016,1450,CE,0,0,0,82,202.4,0,0,0,0,17-AUG-2016,
OPTSTK,SRF,27-Oct-2016,1500,CE,0,0,0,61.05,165.4,0,0,0,0,17-AUG-2016,
OPTSTK,SRF,27-Oct-2016,1550,CE,0,0,0,44.45,132.4,0,0,0,0,17-AUG-2016,
OPTSTK,SRF,27-Oct-2016,1600,CE,0,0,0,31.7,103.9,0,0,0,0,17-AUG-2016,
OPTSTK,SRF,27-Oct-2016,1650,CE,0,0,0,22.1,79.85,0,0,0,0,17-AUG-2016,
OPTSTK,SRF,27-Oct-2016,1700,CE,0,0,0,15.1,60.15,0,0,0,0,17-AUG-2016,
OPTSTK,SRF,27-Oct-2016,1750,CE,0,0,0,10.15,44.4,0,0,0,0,17-AUG-2016,
OPTSTK,SRF,27-Oct-2016,1800,CE,0,0,0,6.65,32.2,0,0,0,0,17-AUG-2016,
OPTSTK,SRF,27-Oct-2016,1850,CE,0,0,0,4.3,22.85,0,0,0,0,17-AUG-2016,
OPTSTK,SRF,27-Oct-2016,1900,CE,0,0,0,2.75,15.95,0,0,0,0,17-AUG-2016,
OPTSTK,SRF,27-Oct-2016,850,PE,0,0,0,0.05,0,0,0,0,0,17-AUG-2016,
OPTSTK,SRF,27-Oct-2016,900,PE,0,0,0,0.05,0,0,0,0,0,17-AUG-2016,
OPTSTK,SRF,27-Oct-2016,950,PE,0,0,0,0.1,0,0,0,0,0,17-AUG-2016,
OPTSTK,SRF,27-Oct-2016,1000,PE,0,0,0,0.25,0.05,0,0,0,0,17-AUG-2016,
OPTSTK,SRF,27-Oct-2016,1050,PE,0,0,0,0.75,0.05,0,0,0,0,17-AUG-2016,
OPTSTK,SRF,27-Oct-2016,1100,PE,0,0,0,1.85,0.1,0,0,0,0,17-AUG-2016,
OPTSTK,SRF,27-Oct-2016,1150,PE,0,0,0,4.05,0.3,0,0,0,0,17-AUG-2016,
OPTSTK,SRF,27-Oct-2016,1200,PE,0,0,0,8.1,0.8,0,0,0,0,17-AUG-2016,
OPTSTK,SRF,27-Oct-2016,1250,PE,0,0,0,14.7,1.85,0,0,0,0,17-AUG-2016,
OPTSTK,SRF,27-Oct-2016,1300,PE,0,0,0,24.75,3.85,0,0,0,0,17-AUG-2016,
OPTSTK,SRF,27-Oct-2016,1350,PE,0,0,0,38.85,7.45,0,0,0,0,17-AUG-2016,
OPTSTK,SRF,27-Oct-2016,1400,PE,0,0,0,57.55,13.2,0,0,0,0,17-AUG-2016,
OPTSTK,SRF,27-Oct-2016,1450,PE,0,0,0,81.05,21.95,0,0,0,0,17-AUG-2016,
OPTSTK,SRF,27-Oct-2016,1500,PE,0,0,0,109.25,34.25,0,0,0,0,17-AUG-2016,
OPTSTK,SRF,27-Oct-2016,1550,PE,0,0,0,141.75,50.6,0,0,0,0,17-AUG-2016,
OPTSTK,SRF,27-Oct-2016,1600,PE,0,0,0,178.2,71.4,0,0,0,0,17-AUG-2016,
OPTSTK,SRF,27-Oct-2016,1650,PE,0,0,0,217.7,96.7,0,0,0,0,17-AUG-2016,
OPTSTK,SRF,27-Oct-2016,1700,PE,0,0,0,259.85,126.35,0,0,0,0,17-AUG-2016,
OPTSTK,SRF,27-Oct-2016,1750,PE,0,0,0,304,159.9,0,0,0,0,17-AUG-2016,
OPTSTK,SRF,27-Oct-2016,1800,PE,0,0,0,349.7,197.05,0,0,0,0,17-AUG-2016,
OPTSTK,SRF,27-Oct-2016,1850,PE,0,0,0,396.5,237.05,0,0,0,0,17-AUG-2016,
OPTSTK,SRF,27-Oct-2016,1900,PE,0,0,0,444.05,279.45,0,0,0,0,17-AUG-2016,
OPTSTK,SRTRANSFIN,25-Aug-2016,800,CE,0,0,0,423.65,478.65,0,0,0,0,17-AUG-2016,
OPTSTK,SRTRANSFIN,25-Aug-2016,820,CE,0,0,0,406.55,458.7,0,0,0,0,17-AUG-2016,
OPTSTK,SRTRANSFIN,25-Aug-2016,840,CE,0,0,0,389.7,438.75,0,0,0,0,17-AUG-2016,
OPTSTK,SRTRANSFIN,25-Aug-2016,850,CE,0,0,0,364,428.75,0,0,0,0,17-AUG-2016,
OPTSTK,SRTRANSFIN,25-Aug-2016,860,CE,0,0,0,373.25,418.75,0,0,0,0,17-AUG-2016,
OPTSTK,SRTRANSFIN,25-Aug-2016,880,CE,0,0,0,357.15,398.8,0,0,0,0,17-AUG-2016,
OPTSTK,SRTRANSFIN,25-Aug-2016,900,CE,0,0,0,341.45,378.8,0,0,0,0,17-AUG-2016,
OPTSTK,SRTRANSFIN,25-Aug-2016,920,CE,0,0,0,326.15,358.85,0,0,0,0,17-AUG-2016,
OPTSTK,SRTRANSFIN,25-Aug-2016,940,CE,0,0,0,311.25,338.9,0,0,0,0,17-AUG-2016,
OPTSTK,SRTRANSFIN,25-Aug-2016,950,CE,0,0,0,269.2,328.9,0,0,0,0,17-AUG-2016,
OPTSTK,SRTRANSFIN,25-Aug-2016,960,CE,0,0,0,296.8,318.9,0,0,0,0,17-AUG-2016,
OPTSTK,SRTRANSFIN,25-Aug-2016,980,CE,0,0,0,282.75,298.95,0,0,0,0,17-AUG-2016,
OPTSTK,SRTRANSFIN,25-Aug-2016,1000,CE,0,0,0,269.15,278.95,0,0,0,0,17-AUG-2016,
OPTSTK,SRTRANSFIN,25-Aug-2016,1020,CE,0,0,0,256,259,0,0,0,0,17-AUG-2016,
OPTSTK,SRTRANSFIN,25-Aug-2016,1040,CE,0,0,0,243.25,239.05,0,0,0,0,17-AUG-2016,
OPTSTK,SRTRANSFIN,25-Aug-2016,1050,CE,0,0,0,183.55,229.05,0,0,0,0,17-AUG-2016,
OPTSTK,SRTRANSFIN,25-Aug-2016,1060,CE,0,0,0,231,219.05,0,0,0,0,17-AUG-2016,
OPTSTK,SRTRANSFIN,25-Aug-2016,1080,CE,0,0,0,219.2,199.1,0,0,0,0,17-AUG-2016,
OPTSTK,SRTRANSFIN,25-Aug-2016,1100,CE,0,0,0,188,179.2,0,0,1200,0,17-AUG-2016,
OPTSTK,SRTRANSFIN,25-Aug-2016,1120,CE,0,0,0,196.95,159.3,0,0,0,0,17-AUG-2016,
OPTSTK,SRTRANSFIN,25-Aug-2016,1140,CE,140,140,140,140,140,1,7.68,600,-600,17-AUG-2016,
OPTSTK,SRTRANSFIN,25-Aug-2016,1150,CE,0,0,0,114,129.9,0,0,0,0,17-AUG-2016,
OPTSTK,SRTRANSFIN,25-Aug-2016,1160,CE,0,0,0,65,120.25,0,0,1200,0,17-AUG-2016,
OPTSTK,SRTRANSFIN,25-Aug-2016,1180,CE,0,0,0,120,101.4,0,0,8400,0,17-AUG-2016,
OPTSTK,SRTRANSFIN,25-Aug-2016,1200,CE,0,0,0,105,83.45,0,0,7200,0,17-AUG-2016,
OPTSTK,SRTRANSFIN,25-Aug-2016,1220,CE,0,0,0,78,66.75,0,0,1800,0,17-AUG-2016,
OPTSTK,SRTRANSFIN,25-Aug-2016,1240,CE,0,0,0,53.7,51.75,0,0,1800,0,17-AUG-2016,
OPTSTK,SRTRANSFIN,25-Aug-2016,1250,CE,0,0,0,45,44.95,0,0,600,0,17-AUG-2016,
OPTSTK,SRTRANSFIN,25-Aug-2016,1260,CE,0,0,0,31.65,38.7,0,0,6000,0,17-AUG-2016,
OPTSTK,SRTRANSFIN,25-Aug-2016,1280,CE,0,0,0,26.8,27.9,0,0,6600,0,17-AUG-2016,
OPTSTK,SRTRANSFIN,25-Aug-2016,1300,CE,22,24,15.2,17.7,17.7,58,459.04,46800,-600,17-AUG-2016,
OPTSTK,SRTRANSFIN,25-Aug-2016,1320,CE,12.45,12.5,10.3,12,12,8,63.92,19200,-600,17-AUG-2016,
OPTSTK,SRTRANSFIN,25-Aug-2016,1340,CE,8,10.8,7.5,8.45,8.45,6,48.55,27000,600,17-AUG-2016,
OPTSTK,SRTRANSFIN,25-Aug-2016,1350,CE,0,0,0,16.2,6.4,0,0,17400,0,17-AUG-2016,
OPTSTK,SRTRANSFIN,25-Aug-2016,1360,CE,0,0,0,12.1,5,0,0,9000,0,17-AUG-2016,
OPTSTK,SRTRANSFIN,25-Aug-2016,1380,CE,0,0,0,4.15,2.9,0,0,3000,0,17-AUG-2016,
OPTSTK,SRTRANSFIN,25-Aug-2016,1400,CE,2,2,1.05,1.05,1.05,2,16.81,20400,0,17-AUG-2016,
OPTSTK,SRTRANSFIN,25-Aug-2016,1450,CE,0,0,0,7.5,0.35,0,0,3000,0,17-AUG-2016,
OPTSTK,SRTRANSFIN,25-Aug-2016,1500,CE,0,0,0,2,0.05,0,0,2400,0,17-AUG-2016,
OPTSTK,SRTRANSFIN,25-Aug-2016,1550,CE,0,0,0,0.4,0.05,0,0,1200,0,17-AUG-2016,
OPTSTK,SRTRANSFIN,25-Aug-2016,800,PE,0,0,0,12.8,0,0,0,0,0,17-AUG-2016,
OPTSTK,SRTRANSFIN,25-Aug-2016,820,PE,0,0,0,15.3,0,0,0,0,0,17-AUG-2016,
OPTSTK,SRTRANSFIN,25-Aug-2016,840,PE,0,0,0,18.15,0,0,0,0,0,17-AUG-2016,
OPTSTK,SRTRANSFIN,25-Aug-2016,850,PE,0,0,0,0.85,0,0,0,0,0,17-AUG-2016,
OPTSTK,SRTRANSFIN,25-Aug-2016,860,PE,0,0,0,21.3,0,0,0,0,0,17-AUG-2016,
OPTSTK,SRTRANSFIN,25-Aug-2016,880,PE,0,0,0,24.9,0,0,0,0,0,17-AUG-2016,
OPTSTK,SRTRANSFIN,25-Aug-2016,900,PE,0,0,0,28.8,0,0,0,0,0,17-AUG-2016,
OPTSTK,SRTRANSFIN,25-Aug-2016,920,PE,0,0,0,33.15,0,0,0,0,0,17-AUG-2016,
OPTSTK,SRTRANSFIN,25-Aug-2016,940,PE,0,0,0,37.9,0,0,0,0,0,17-AUG-2016,
OPTSTK,SRTRANSFIN,25-Aug-2016,950,PE,0,0,0,4.9,0,0,0,0,0,17-AUG-2016,
OPTSTK,SRTRANSFIN,25-Aug-2016,960,PE,0,0,0,43.1,0,0,0,0,0,17-AUG-2016,
OPTSTK,SRTRANSFIN,25-Aug-2016,980,PE,0,0,0,48.7,0,0,0,0,0,17-AUG-2016,
OPTSTK,SRTRANSFIN,25-Aug-2016,1000,PE,0,0,0,54.7,0,0,0,0,0,17-AUG-2016,
OPTSTK,SRTRANSFIN,25-Aug-2016,1020,PE,0,0,0,61.2,0,0,0,0,0,17-AUG-2016,
OPTSTK,SRTRANSFIN,25-Aug-2016,1040,PE,0,0,0,68.1,0,0,0,0,0,17-AUG-2016,
OPTSTK,SRTRANSFIN,25-Aug-2016,1050,PE,0,0,0,18.2,0,0,0,0,0,17-AUG-2016,
OPTSTK,SRTRANSFIN,25-Aug-2016,1060,PE,0,0,0,75.45,0.05,0,0,0,0,17-AUG-2016,
OPTSTK,SRTRANSFIN,25-Aug-2016,1080,PE,0,0,0,83.3,0.05,0,0,0,0,17-AUG-2016,
OPTSTK,SRTRANSFIN,25-Aug-2016,1100,PE,0,0,0,0.7,0.1,0,0,6600,0,17-AUG-2016,
OPTSTK,SRTRANSFIN,25-Aug-2016,1120,PE,0,0,0,100.35,0.2,0,0,0,0,17-AUG-2016,
OPTSTK,SRTRANSFIN,25-Aug-2016,1140,PE,0,0,0,6.1,0.45,0,0,1800,0,17-AUG-2016,
OPTSTK,SRTRANSFIN,25-Aug-2016,1150,PE,0,0,0,23.5,0.7,0,0,1800,0,17-AUG-2016,
OPTSTK,SRTRANSFIN,25-Aug-2016,1160,PE,0,0,0,119.15,1.05,0,0,0,0,17-AUG-2016,
OPTSTK,SRTRANSFIN,25-Aug-2016,1180,PE,0,0,0,15.6,2.2,0,0,1800,0,17-AUG-2016,
OPTSTK,SRTRANSFIN,25-Aug-2016,1200,PE,3.5,3.5,3.5,3.5,3.5,1,7.22,18000,-600,17-AUG-2016,
OPTSTK,SRTRANSFIN,25-Aug-2016,1220,PE,7.8,7.8,7.8,7.8,7.8,1,7.36,7200,0,17-AUG-2016,
OPTSTK,SRTRANSFIN,25-Aug-2016,1240,PE,10.05,11.3,10.05,11.3,11.3,2,15,12000,0,17-AUG-2016,
OPTSTK,SRTRANSFIN,25-Aug-2016,1250,PE,10.8,15.3,10.8,15.3,15.3,11,83.23,16200,6000,17-AUG-2016,
OPTSTK,SRTRANSFIN,25-Aug-2016,1260,PE,19.45,21,19.45,21,21,2,15.36,8400,0,17-AUG-2016,
OPTSTK,SRTRANSFIN,25-Aug-2016,1280,PE,24.95,24.95,24.95,24.95,24.95,1,7.82,6600,0,17-AUG-2016,
OPTSTK,SRTRANSFIN,25-Aug-2016,1300,PE,41,41.35,33.45,33.45,33.45,8,64.32,13200,-4200,17-AUG-2016,
OPTSTK,SRTRANSFIN,25-Aug-2016,1320,PE,0,0,0,54,53.4,0,0,11400,0,17-AUG-2016,
OPTSTK,SRTRANSFIN,25-Aug-2016,1340,PE,0,0,0,223.9,68.7,0,0,0,0,17-AUG-2016,
OPTSTK,SRTRANSFIN,25-Aug-2016,1350,PE,0,0,0,164.45,76.95,0,0,0,0,17-AUG-2016,
OPTSTK,SRTRANSFIN,25-Aug-2016,1360,PE,0,0,0,237.35,85.5,0,0,0,0,17-AUG-2016,
OPTSTK,SRTRANSFIN,25-Aug-2016,1380,PE,0,0,0,251.15,103.4,0,0,0,0,17-AUG-2016,
OPTSTK,SRTRANSFIN,25-Aug-2016,1400,PE,0,0,0,265.25,122.1,0,0,0,0,17-AUG-2016,
OPTSTK,SRTRANSFIN,25-Aug-2016,1450,PE,0,0,0,186,170.7,0,0,0,0,17-AUG-2016,
OPTSTK,SRTRANSFIN,25-Aug-2016,1500,PE,0,0,0,340.05,220.35,0,0,0,0,17-AUG-2016,
OPTSTK,SRTRANSFIN,25-Aug-2016,1550,PE,0,0,0,336.05,270.25,0,0,0,0,17-AUG-2016,
OPTSTK,SRTRANSFIN,29-Sep-2016,800,CE,0,0,0,419.55,483.95,0,0,0,0,17-AUG-2016,
OPTSTK,SRTRANSFIN,29-Sep-2016,850,CE,0,0,0,372.25,434.35,0,0,0,0,17-AUG-2016,
OPTSTK,SRTRANSFIN,29-Sep-2016,900,CE,0,0,0,326.35,384.85,0,0,0,0,17-AUG-2016,
OPTSTK,SRTRANSFIN,29-Sep-2016,950,CE,0,0,0,282.5,335.6,0,0,0,0,17-AUG-2016,
OPTSTK,SRTRANSFIN,29-Sep-2016,1000,CE,0,0,0,241.3,286.9,0,0,0,0,17-AUG-2016,
OPTSTK,SRTRANSFIN,29-Sep-2016,1050,CE,0,0,0,203.3,239.5,0,0,0,0,17-AUG-2016,
OPTSTK,SRTRANSFIN,29-Sep-2016,1100,CE,0,0,0,168.8,194.35,0,0,0,0,17-AUG-2016,
OPTSTK,SRTRANSFIN,29-Sep-2016,1150,CE,0,0,0,138.35,152.8,0,0,0,0,17-AUG-2016,
OPTSTK,SRTRANSFIN,29-Sep-2016,1200,CE,100,100,100,100,100,1,7.8,600,600,17-AUG-2016,
OPTSTK,SRTRANSFIN,29-Sep-2016,1250,CE,0,0,0,89.3,84.85,0,0,0,0,17-AUG-2016,
OPTSTK,SRTRANSFIN,29-Sep-2016,1300,CE,0,0,0,45,59.75,0,0,1800,0,17-AUG-2016,
OPTSTK,SRTRANSFIN,29-Sep-2016,1350,CE,0,0,0,54.85,40.55,0,0,0,0,17-AUG-2016,
OPTSTK,SRTRANSFIN,29-Sep-2016,1400,CE,0,0,0,34.2,26.55,0,0,600,0,17-AUG-2016,
OPTSTK,SRTRANSFIN,29-Sep-2016,1450,CE,0,0,0,32.3,16.7,0,0,0,0,17-AUG-2016,
OPTSTK,SRTRANSFIN,29-Sep-2016,1500,CE,0,0,0,24.45,10.15,0,0,0,0,17-AUG-2016,
OPTSTK,SRTRANSFIN,29-Sep-2016,1550,CE,0,0,0,18.3,6,0,0,0,0,17-AUG-2016,
OPTSTK,SRTRANSFIN,29-Sep-2016,800,PE,0,0,0,1.55,0,0,0,0,0,17-AUG-2016,
OPTSTK,SRTRANSFIN,29-Sep-2016,850,PE,0,0,0,3.35,0.05,0,0,0,0,17-AUG-2016,
OPTSTK,SRTRANSFIN,29-Sep-2016,900,PE,0,0,0,6.55,0.15,0,0,0,0,17-AUG-2016,
OPTSTK,SRTRANSFIN,29-Sep-2016,950,PE,0,0,0,11.8,0.45,0,0,0,0,17-AUG-2016,
OPTSTK,SRTRANSFIN,29-Sep-2016,1000,PE,0,0,0,19.7,1.35,0,0,0,0,17-AUG-2016,
OPTSTK,SRTRANSFIN,29-Sep-2016,1050,PE,0,0,0,30.85,3.55,0,0,0,0,17-AUG-2016,
OPTSTK,SRTRANSFIN,29-Sep-2016,1100,PE,0,0,0,45.5,8,0,0,0,0,17-AUG-2016,
OPTSTK,SRTRANSFIN,29-Sep-2016,1150,PE,0,0,0,64.1,16.05,0,0,0,0,17-AUG-2016,
OPTSTK,SRTRANSFIN,29-Sep-2016,1200,PE,22.5,22.5,22.5,22.5,22.5,1,7.33,600,600,17-AUG-2016,
OPTSTK,SRTRANSFIN,29-Sep-2016,1250,PE,0,0,0,113.3,47.3,0,0,0,0,17-AUG-2016,
OPTSTK,SRTRANSFIN,29-Sep-2016,1300,PE,59,60,58,59.5,59.5,7,57.07,4200,4200,17-AUG-2016,
OPTSTK,SRTRANSFIN,29-Sep-2016,1350,PE,0,0,0,177.1,102.15,0,0,0,0,17-AUG-2016,
OPTSTK,SRTRANSFIN,29-Sep-2016,1400,PE,0,0,0,213.7,137.75,0,0,0,0,17-AUG-2016,
OPTSTK,SRTRANSFIN,29-Sep-2016,1450,PE,0,0,0,252.8,177.5,0,0,0,0,17-AUG-2016,
OPTSTK,SRTRANSFIN,29-Sep-2016,1500,PE,0,0,0,294,220.6,0,0,0,0,17-AUG-2016,
OPTSTK,SRTRANSFIN,29-Sep-2016,1550,PE,0,0,0,337,266,0,0,0,0,17-AUG-2016,
OPTSTK,SRTRANSFIN,27-Oct-2016,800,CE,0,0,0,447.65,488.2,0,0,0,0,17-AUG-2016,
OPTSTK,SRTRANSFIN,27-Oct-2016,850,CE,0,0,0,399.85,439.1,0,0,0,0,17-AUG-2016,
OPTSTK,SRTRANSFIN,27-Oct-2016,900,CE,0,0,0,353.2,390.3,0,0,0,0,17-AUG-2016,
OPTSTK,SRTRANSFIN,27-Oct-2016,950,CE,0,0,0,308.2,342.25,0,0,0,0,17-AUG-2016,
OPTSTK,SRTRANSFIN,27-Oct-2016,1000,CE,0,0,0,265.55,295.45,0,0,0,0,17-AUG-2016,
OPTSTK,SRTRANSFIN,27-Oct-2016,1050,CE,0,0,0,225.75,250.65,0,0,0,0,17-AUG-2016,
OPTSTK,SRTRANSFIN,27-Oct-2016,1100,CE,0,0,0,189.35,208.65,0,0,0,0,17-AUG-2016,
OPTSTK,SRTRANSFIN,27-Oct-2016,1150,CE,0,0,0,156.65,170.25,0,0,0,0,17-AUG-2016,
OPTSTK,SRTRANSFIN,27-Oct-2016,1200,CE,0,0,0,127.9,135.95,0,0,0,0,17-AUG-2016,
OPTSTK,SRTRANSFIN,27-Oct-2016,1250,CE,0,0,0,103.05,106.35,0,0,0,0,17-AUG-2016,
OPTSTK,SRTRANSFIN,27-Oct-2016,1300,CE,0,0,0,82.05,81.45,0,0,0,0,17-AUG-2016,
OPTSTK,SRTRANSFIN,27-Oct-2016,1350,CE,0,0,0,64.5,61.15,0,0,0,0,17-AUG-2016,
OPTSTK,SRTRANSFIN,27-Oct-2016,1400,CE,0,0,0,50.2,44.95,0,0,0,0,17-AUG-2016,
OPTSTK,SRTRANSFIN,27-Oct-2016,1450,CE,0,0,0,38.7,32.55,0,0,0,0,17-AUG-2016,
OPTSTK,SRTRANSFIN,27-Oct-2016,1500,CE,0,0,0,29.5,23.05,0,0,0,0,17-AUG-2016,
OPTSTK,SRTRANSFIN,27-Oct-2016,1550,CE,0,0,0,22.25,16.05,0,0,0,0,17-AUG-2016,
OPTSTK,SRTRANSFIN,27-Oct-2016,800,PE,0,0,0,1.05,0.1,0,0,0,0,17-AUG-2016,
OPTSTK,SRTRANSFIN,27-Oct-2016,850,PE,0,0,0,2.4,0.3,0,0,0,0,17-AUG-2016,
OPTSTK,SRTRANSFIN,27-Oct-2016,900,PE,0,0,0,4.85,0.85,0,0,0,0,17-AUG-2016,
OPTSTK,SRTRANSFIN,27-Oct-2016,950,PE,0,0,0,9.05,2.15,0,0,0,0,17-AUG-2016,
OPTSTK,SRTRANSFIN,27-Oct-2016,1000,PE,0,0,0,15.5,4.65,0,0,0,0,17-AUG-2016,
OPTSTK,SRTRANSFIN,27-Oct-2016,1050,PE,0,0,0,24.9,9.2,0,0,0,0,17-AUG-2016,
OPTSTK,SRTRANSFIN,27-Oct-2016,1100,PE,0,0,0,37.65,16.5,0,0,0,0,17-AUG-2016,
OPTSTK,SRTRANSFIN,27-Oct-2016,1150,PE,0,0,0,54.05,27.45,0,0,0,0,17-AUG-2016,
OPTSTK,SRTRANSFIN,27-Oct-2016,1200,PE,0,0,0,74.4,42.5,0,0,0,0,17-AUG-2016,
OPTSTK,SRTRANSFIN,27-Oct-2016,1250,PE,0,0,0,98.75,62.25,0,0,0,0,17-AUG-2016,
OPTSTK,SRTRANSFIN,27-Oct-2016,1300,PE,0,0,0,126.85,86.7,0,0,0,0,17-AUG-2016,
OPTSTK,SRTRANSFIN,27-Oct-2016,1350,PE,0,0,0,158.5,115.7,0,0,0,0,17-AUG-2016,
OPTSTK,SRTRANSFIN,27-Oct-2016,1400,PE,0,0,0,193.3,148.85,0,0,0,0,17-AUG-2016,
OPTSTK,SRTRANSFIN,27-Oct-2016,1450,PE,0,0,0,230.95,185.75,0,0,0,0,17-AUG-2016,
OPTSTK,SRTRANSFIN,27-Oct-2016,1500,PE,0,0,0,270.85,225.6,0,0,0,0,17-AUG-2016,
OPTSTK,SRTRANSFIN,27-Oct-2016,1550,PE,0,0,0,312.8,267.95,0,0,0,0,17-AUG-2016,
OPTSTK,STAR,25-Aug-2016,600,CE,0,0,0,523.15,457.05,0,0,0,0,17-AUG-2016,
OPTSTK,STAR,25-Aug-2016,650,CE,0,0,0,474.5,407.15,0,0,0,0,17-AUG-2016,
OPTSTK,STAR,25-Aug-2016,700,CE,0,0,0,426.5,357.2,0,0,0,0,17-AUG-2016,
OPTSTK,STAR,25-Aug-2016,740,CE,0,0,0,396.95,317.3,0,0,0,0,17-AUG-2016,
OPTSTK,STAR,25-Aug-2016,750,CE,0,0,0,379.5,307.3,0,0,0,0,17-AUG-2016,
OPTSTK,STAR,25-Aug-2016,760,CE,0,0,0,377.15,297.3,0,0,0,0,17-AUG-2016,
OPTSTK,STAR,25-Aug-2016,780,CE,0,0,0,357.4,277.35,0,0,0,0,17-AUG-2016,
OPTSTK,STAR,25-Aug-2016,800,CE,0,0,0,334.05,257.35,0,0,0,0,17-AUG-2016,
OPTSTK,STAR,25-Aug-2016,820,CE,0,0,0,317.95,237.4,0,0,0,0,17-AUG-2016,
OPTSTK,STAR,25-Aug-2016,840,CE,0,0,0,298.25,217.45,0,0,0,0,17-AUG-2016,
OPTSTK,STAR,25-Aug-2016,850,CE,0,0,0,290.7,207.45,0,0,0,0,17-AUG-2016,
OPTSTK,STAR,25-Aug-2016,860,CE,0,0,0,278.65,197.45,0,0,0,0,17-AUG-2016,
OPTSTK,STAR,25-Aug-2016,880,CE,0,0,0,259.15,177.5,0,0,0,0,17-AUG-2016,
OPTSTK,STAR,25-Aug-2016,900,CE,0,0,0,250.05,157.55,0,0,0,0,17-AUG-2016,
OPTSTK,STAR,25-Aug-2016,920,CE,0,0,0,220.8,137.65,0,0,0,0,17-AUG-2016,
OPTSTK,STAR,25-Aug-2016,940,CE,0,0,0,202.05,117.95,0,0,0,0,17-AUG-2016,
OPTSTK,STAR,25-Aug-2016,950,CE,0,0,0,212.6,108.25,0,0,0,0,17-AUG-2016,
OPTSTK,STAR,25-Aug-2016,960,CE,0,0,0,183.75,98.65,0,0,0,0,17-AUG-2016,
OPTSTK,STAR,25-Aug-2016,980,CE,0,0,0,165.95,80,0,0,0,0,17-AUG-2016,
OPTSTK,STAR,25-Aug-2016,1000,CE,0,0,0,178.6,62.6,0,0,0,0,17-AUG-2016,
OPTSTK,STAR,25-Aug-2016,1020,CE,0,0,0,132.45,47,0,0,0,0,17-AUG-2016,
OPTSTK,STAR,25-Aug-2016,1040,CE,43.35,43.35,30,36.7,36.7,2,10.76,500,0,17-AUG-2016,
OPTSTK,STAR,25-Aug-2016,1050,CE,27.1,27.95,20.15,24.3,24.3,53,284.68,16000,16000,17-AUG-2016,
OPTSTK,STAR,25-Aug-2016,1060,CE,14.6,22,14.6,18.25,18.25,5,26.95,2500,2500,17-AUG-2016,
OPTSTK,STAR,25-Aug-2016,1080,CE,20,20,12,15.65,15.65,22,120.52,6500,6500,17-AUG-2016,
OPTSTK,STAR,25-Aug-2016,1100,CE,27.55,41.5,8.4,11.55,11.55,418,2344.71,41000,36500,17-AUG-2016,
OPTSTK,STAR,25-Aug-2016,1120,CE,20.25,29,5.95,9.4,9.4,247,1406.44,24500,18000,17-AUG-2016,
OPTSTK,STAR,25-Aug-2016,1140,CE,23,23,3.9,5.2,5.2,80,460.5,10500,8500,17-AUG-2016,
OPTSTK,STAR,25-Aug-2016,1150,CE,11,17,3.3,4.7,4.7,113,655.35,19000,16500,17-AUG-2016,
OPTSTK,STAR,25-Aug-2016,1160,CE,6.85,12.95,3,3.7,3.7,49,286.23,11500,5000,17-AUG-2016,
OPTSTK,STAR,25-Aug-2016,1180,CE,5.1,10,1.15,2.3,2.3,26,153.94,9000,-1500,17-AUG-2016,
OPTSTK,STAR,25-Aug-2016,1200,CE,4,7,1.35,2.05,2.05,26,156.46,21500,-1000,17-AUG-2016,
OPTSTK,STAR,25-Aug-2016,1220,CE,3,3,3,3,3,1,6.11,3000,0,17-AUG-2016,
OPTSTK,STAR,25-Aug-2016,1240,CE,0,0,0,4.5,0.05,0,0,3500,0,17-AUG-2016,
OPTSTK,STAR,25-Aug-2016,1250,CE,1.95,2,0.75,0.9,0.9,4,25.02,4000,0,17-AUG-2016,
OPTSTK,STAR,25-Aug-2016,1260,CE,1,1,1,1,1,1,6.3,500,0,17-AUG-2016,
OPTSTK,STAR,25-Aug-2016,1280,CE,0,0,0,11.5,0.05,0,0,500,0,17-AUG-2016,
OPTSTK,STAR,25-Aug-2016,1300,CE,0,0,0,4,0,0,0,1000,0,17-AUG-2016,
OPTSTK,STAR,25-Aug-2016,1320,CE,0,0,0,8.35,0,0,0,0,0,17-AUG-2016,
OPTSTK,STAR,25-Aug-2016,1340,CE,0,0,0,6.5,0,0,0,0,0,17-AUG-2016,
OPTSTK,STAR,25-Aug-2016,1350,CE,0,0,0,39.9,0,0,0,0,0,17-AUG-2016,
OPTSTK,STAR,25-Aug-2016,1360,CE,0,0,0,5.05,0,0,0,0,0,17-AUG-2016,
OPTSTK,STAR,25-Aug-2016,1380,CE,0,0,0,3.85,0,0,0,0,0,17-AUG-2016,
OPTSTK,STAR,25-Aug-2016,1400,CE,0,0,0,2,0,0,0,0,0,17-AUG-2016,
OPTSTK,STAR,25-Aug-2016,1420,CE,0,0,0,2.25,0,0,0,0,0,17-AUG-2016,
OPTSTK,STAR,25-Aug-2016,1440,CE,0,0,0,1.65,0,0,0,0,0,17-AUG-2016,
OPTSTK,STAR,25-Aug-2016,1450,CE,0,0,0,24.15,0,0,0,0,0,17-AUG-2016,
OPTSTK,STAR,25-Aug-2016,1460,CE,0,0,0,1.25,0,0,0,0,0,17-AUG-2016,
OPTSTK,STAR,25-Aug-2016,1480,CE,0,0,0,0.95,0,0,0,0,0,17-AUG-2016,
OPTSTK,STAR,25-Aug-2016,1500,CE,0,0,0,18.65,0,0,0,0,0,17-AUG-2016,
OPTSTK,STAR,25-Aug-2016,600,PE,0,0,0,0.3,0,0,0,0,0,17-AUG-2016,
OPTSTK,STAR,25-Aug-2016,650,PE,0,0,0,0.75,0,0,0,0,0,17-AUG-2016,
OPTSTK,STAR,25-Aug-2016,700,PE,0,0,0,1.85,0,0,0,0,0,17-AUG-2016,
OPTSTK,STAR,25-Aug-2016,740,PE,0,0,0,0.05,0,0,0,0,0,17-AUG-2016,
OPTSTK,STAR,25-Aug-2016,750,PE,0,0,0,3.95,0,0,0,0,0,17-AUG-2016,
OPTSTK,STAR,25-Aug-2016,760,PE,0,0,0,0.05,0,0,0,0,0,17-AUG-2016,
OPTSTK,STAR,25-Aug-2016,780,PE,0,0,0,0.05,0,0,0,0,0,17-AUG-2016,
OPTSTK,STAR,25-Aug-2016,800,PE,0,0,0,7.6,0,0,0,0,0,17-AUG-2016,
OPTSTK,STAR,25-Aug-2016,820,PE,0,0,0,0.15,0,0,0,0,0,17-AUG-2016,
OPTSTK,STAR,25-Aug-2016,840,PE,0,0,0,0.25,0,0,0,0,0,17-AUG-2016,
OPTSTK,STAR,25-Aug-2016,850,PE,0,0,0,13.4,0,0,0,0,0,17-AUG-2016,
OPTSTK,STAR,25-Aug-2016,860,PE,0,0,0,0.4,0,0,0,0,0,17-AUG-2016,
OPTSTK,STAR,25-Aug-2016,880,PE,0,0,0,0.7,0.05,0,0,0,0,17-AUG-2016,
OPTSTK,STAR,25-Aug-2016,900,PE,0,0,0,21.85,0.05,0,0,0,0,17-AUG-2016,
OPTSTK,STAR,25-Aug-2016,920,PE,0,0,0,1.9,0.15,0,0,0,0,17-AUG-2016,
OPTSTK,STAR,25-Aug-2016,940,PE,0,0,0,2.95,0.4,0,0,0,0,17-AUG-2016,
OPTSTK,STAR,25-Aug-2016,950,PE,0,0,0,33.5,0.65,0,0,0,0,17-AUG-2016,
OPTSTK,STAR,25-Aug-2016,960,PE,0,0,0,4.4,1.05,0,0,0,0,17-AUG-2016,
OPTSTK,STAR,25-Aug-2016,980,PE,0,0,0,6.4,2.4,0,0,0,0,17-AUG-2016,
OPTSTK,STAR,25-Aug-2016,1000,PE,0,0,0,4.6,4.95,0,0,2500,0,17-AUG-2016,
OPTSTK,STAR,25-Aug-2016,1020,PE,4,4,4,4,4,1,5.12,500,500,17-AUG-2016,
OPTSTK,STAR,25-Aug-2016,1040,PE,0,0,0,9.95,15.9,0,0,500,0,17-AUG-2016,
OPTSTK,STAR,25-Aug-2016,1050,PE,10.5,37.5,5.55,28.95,28.95,240,1287.17,25500,25500,17-AUG-2016,
OPTSTK,STAR,25-Aug-2016,1060,PE,13.95,13.95,8.05,9.95,9.95,3,16.05,2000,1000,17-AUG-2016,
OPTSTK,STAR,25-Aug-2016,1080,PE,23,48,9.65,31.6,31.6,26,143.42,3000,2000,17-AUG-2016,
OPTSTK,STAR,25-Aug-2016,1100,PE,28.85,70,16.05,47.45,47.45,260,1473.39,23000,8000,17-AUG-2016,
OPTSTK,STAR,25-Aug-2016,1120,PE,34.95,78,34.95,59.35,59.35,9,52.45,3000,-1000,17-AUG-2016,
OPTSTK,STAR,25-Aug-2016,1140,PE,52.1,52.1,52.1,52.1,52.1,2,11.92,4000,500,17-AUG-2016,
OPTSTK,STAR,25-Aug-2016,1150,PE,51,60.95,51,60.95,60.95,2,12.05,2500,500,17-AUG-2016,
OPTSTK,STAR,25-Aug-2016,1160,PE,0,0,0,39.95,103.5,0,0,1500,0,17-AUG-2016,
OPTSTK,STAR,25-Aug-2016,1180,PE,0,0,0,76.85,122.75,0,0,0,0,17-AUG-2016,
OPTSTK,STAR,25-Aug-2016,1200,PE,0,0,0,50.7,142.35,0,0,500,0,17-AUG-2016,
OPTSTK,STAR,25-Aug-2016,1220,PE,0,0,0,103.8,162.15,0,0,0,0,17-AUG-2016,
OPTSTK,STAR,25-Aug-2016,1240,PE,0,0,0,118.75,182.05,0,0,0,0,17-AUG-2016,
OPTSTK,STAR,25-Aug-2016,1250,PE,0,0,0,179.45,192.05,0,0,0,0,17-AUG-2016,
OPTSTK,STAR,25-Aug-2016,1260,PE,0,0,0,134.35,202,0,0,0,0,17-AUG-2016,
OPTSTK,STAR,25-Aug-2016,1280,PE,0,0,0,150.7,221.95,0,0,0,0,17-AUG-2016,
OPTSTK,STAR,25-Aug-2016,1300,PE,0,0,0,215.35,241.95,0,0,0,0,17-AUG-2016,
OPTSTK,STAR,25-Aug-2016,1320,PE,0,0,0,185.1,261.9,0,0,0,0,17-AUG-2016,
OPTSTK,STAR,25-Aug-2016,1340,PE,0,0,0,203.05,281.85,0,0,0,0,17-AUG-2016,
OPTSTK,STAR,25-Aug-2016,1350,PE,0,0,0,253.65,291.85,0,0,0,0,17-AUG-2016,
OPTSTK,STAR,25-Aug-2016,1360,PE,0,0,0,221.35,301.85,0,0,0,0,17-AUG-2016,
OPTSTK,STAR,25-Aug-2016,1380,PE,0,0,0,239.95,321.8,0,0,0,0,17-AUG-2016,
OPTSTK,STAR,25-Aug-2016,1400,PE,0,0,0,294,341.8,0,0,0,0,17-AUG-2016,
OPTSTK,STAR,25-Aug-2016,1420,PE,0,0,0,277.9,361.75,0,0,0,0,17-AUG-2016,
OPTSTK,STAR,25-Aug-2016,1440,PE,0,0,0,297.1,381.7,0,0,0,0,17-AUG-2016,
OPTSTK,STAR,25-Aug-2016,1450,PE,0,0,0,336.15,391.7,0,0,0,0,17-AUG-2016,
OPTSTK,STAR,25-Aug-2016,1460,PE,0,0,0,316.45,401.7,0,0,0,0,17-AUG-2016,
OPTSTK,STAR,25-Aug-2016,1480,PE,0,0,0,335.95,421.65,0,0,0,0,17-AUG-2016,
OPTSTK,STAR,25-Aug-2016,1500,PE,0,0,0,379.7,441.65,0,0,0,0,17-AUG-2016,
OPTSTK,STAR,29-Sep-2016,720,CE,0,0,0,421.65,342.05,0,0,0,0,17-AUG-2016,
OPTSTK,STAR,29-Sep-2016,740,CE,0,0,0,402.05,322.25,0,0,0,0,17-AUG-2016,
OPTSTK,STAR,29-Sep-2016,760,CE,0,0,0,382.45,302.5,0,0,0,0,17-AUG-2016,
OPTSTK,STAR,29-Sep-2016,780,CE,0,0,0,362.95,282.85,0,0,0,0,17-AUG-2016,
OPTSTK,STAR,29-Sep-2016,800,CE,0,0,0,343.5,263.3,0,0,0,0,17-AUG-2016,
OPTSTK,STAR,29-Sep-2016,820,CE,0,0,0,324.15,243.9,0,0,0,0,17-AUG-2016,
OPTSTK,STAR,29-Sep-2016,840,CE,0,0,0,304.9,224.7,0,0,0,0,17-AUG-2016,
OPTSTK,STAR,29-Sep-2016,860,CE,0,0,0,285.85,205.85,0,0,0,0,17-AUG-2016,
OPTSTK,STAR,29-Sep-2016,880,CE,0,0,0,267.05,187.45,0,0,0,0,17-AUG-2016,
OPTSTK,STAR,29-Sep-2016,900,CE,0,0,0,248.55,169.55,0,0,0,0,17-AUG-2016,
OPTSTK,STAR,29-Sep-2016,920,CE,0,0,0,230.45,152.3,0,0,0,0,17-AUG-2016,
OPTSTK,STAR,29-Sep-2016,940,CE,0,0,0,212.75,135.75,0,0,0,0,17-AUG-2016,
OPTSTK,STAR,29-Sep-2016,960,CE,0,0,0,195.55,120.15,0,0,0,0,17-AUG-2016,
OPTSTK,STAR,29-Sep-2016,980,CE,0,0,0,178.95,105.45,0,0,0,0,17-AUG-2016,
OPTSTK,STAR,29-Sep-2016,1000,CE,0,0,0,163,91.8,0,0,0,0,17-AUG-2016,
OPTSTK,STAR,29-Sep-2016,1020,CE,0,0,0,147.8,79.25,0,0,0,0,17-AUG-2016,
OPTSTK,STAR,29-Sep-2016,1040,CE,62.8,62.8,62.8,62.8,62.8,1,5.51,500,500,17-AUG-2016,
OPTSTK,STAR,29-Sep-2016,1060,CE,0,0,0,119.7,57.65,0,0,0,0,17-AUG-2016,
OPTSTK,STAR,29-Sep-2016,1080,CE,0,0,0,106.95,48.5,0,0,0,0,17-AUG-2016,
OPTSTK,STAR,29-Sep-2016,1100,CE,0,0,0,95.05,40.5,0,0,0,0,17-AUG-2016,
OPTSTK,STAR,29-Sep-2016,1120,CE,0,0,0,84.1,33.55,0,0,0,0,17-AUG-2016,
OPTSTK,STAR,29-Sep-2016,1140,CE,41.8,41.8,41.8,41.8,41.8,2,11.81,1500,1000,17-AUG-2016,
OPTSTK,STAR,29-Sep-2016,1160,CE,32,32,30,30,30,5,29.78,2500,2500,17-AUG-2016,
OPTSTK,STAR,29-Sep-2016,1180,CE,0,0,0,56.55,18.15,0,0,0,0,17-AUG-2016,
OPTSTK,STAR,29-Sep-2016,1200,CE,20,20,20,20,20,1,6.1,500,500,17-AUG-2016,
OPTSTK,STAR,29-Sep-2016,1220,CE,17,17,17,17,17,1,6.18,500,500,17-AUG-2016,
OPTSTK,STAR,29-Sep-2016,1240,CE,0,0,0,36.4,9.15,0,0,0,0,17-AUG-2016,
OPTSTK,STAR,29-Sep-2016,1260,CE,0,0,0,31.2,7.2,0,0,0,0,17-AUG-2016,
OPTSTK,STAR,29-Sep-2016,1280,CE,0,0,0,26.6,5.6,0,0,0,0,17-AUG-2016,
OPTSTK,STAR,29-Sep-2016,1300,CE,0,0,0,22.55,4.35,0,0,0,0,17-AUG-2016,
OPTSTK,STAR,29-Sep-2016,1320,CE,0,0,0,19.05,3.35,0,0,0,0,17-AUG-2016,
OPTSTK,STAR,29-Sep-2016,1340,CE,0,0,0,16,2.55,0,0,0,0,17-AUG-2016,
OPTSTK,STAR,29-Sep-2016,1360,CE,0,0,0,13.4,1.95,0,0,0,0,17-AUG-2016,
OPTSTK,STAR,29-Sep-2016,1380,CE,0,0,0,11.2,1.45,0,0,0,0,17-AUG-2016,
OPTSTK,STAR,29-Sep-2016,1400,CE,0,0,0,9.3,1.1,0,0,0,0,17-AUG-2016,
OPTSTK,STAR,29-Sep-2016,1420,CE,0,0,0,7.7,0.85,0,0,0,0,17-AUG-2016,
OPTSTK,STAR,29-Sep-2016,1440,CE,0,0,0,6.35,0.6,0,0,0,0,17-AUG-2016,
OPTSTK,STAR,29-Sep-2016,1460,CE,0,0,0,5.25,0.45,0,0,0,0,17-AUG-2016,
OPTSTK,STAR,29-Sep-2016,1480,CE,0,0,0,4.3,0.35,0,0,0,0,17-AUG-2016,
OPTSTK,STAR,29-Sep-2016,1500,CE,0,0,0,3.5,0.25,0,0,0,0,17-AUG-2016,
OPTSTK,STAR,29-Sep-2016,720,PE,0,0,0,0.05,0.05,0,0,0,0,17-AUG-2016,
OPTSTK,STAR,29-Sep-2016,740,PE,0,0,0,0.1,0.1,0,0,0,0,17-AUG-2016,
OPTSTK,STAR,29-Sep-2016,760,PE,0,0,0,0.2,0.2,0,0,0,0,17-AUG-2016,
OPTSTK,STAR,29-Sep-2016,780,PE,0,0,0,0.3,0.4,0,0,0,0,17-AUG-2016,
OPTSTK,STAR,29-Sep-2016,800,PE,0,0,0,0.5,0.65,0,0,0,0,17-AUG-2016,
OPTSTK,STAR,29-Sep-2016,820,PE,0,0,0,0.8,1.1,0,0,0,0,17-AUG-2016,
OPTSTK,STAR,29-Sep-2016,840,PE,0,0,0,1.2,1.75,0,0,0,0,17-AUG-2016,
OPTSTK,STAR,29-Sep-2016,860,PE,0,0,0,1.85,2.75,0,0,0,0,17-AUG-2016,
OPTSTK,STAR,29-Sep-2016,880,PE,0,0,0,2.7,4.15,0,0,0,0,17-AUG-2016,
OPTSTK,STAR,29-Sep-2016,900,PE,0,0,0,3.8,6.1,0,0,0,0,17-AUG-2016,
OPTSTK,STAR,29-Sep-2016,920,PE,0,0,0,5.35,8.7,0,0,0,0,17-AUG-2016,
OPTSTK,STAR,29-Sep-2016,940,PE,0,0,0,7.3,12,0,0,0,0,17-AUG-2016,
OPTSTK,STAR,29-Sep-2016,960,PE,0,0,0,9.75,16.2,0,0,0,0,17-AUG-2016,
OPTSTK,STAR,29-Sep-2016,980,PE,0,0,0,12.8,21.4,0,0,0,0,17-AUG-2016,
OPTSTK,STAR,29-Sep-2016,1000,PE,20,20,20,20,20,1,5.1,500,500,17-AUG-2016,
OPTSTK,STAR,29-Sep-2016,1020,PE,0,0,0,20.9,34.85,0,0,0,0,17-AUG-2016,
OPTSTK,STAR,29-Sep-2016,1040,PE,0,0,0,26.15,43.3,0,0,0,0,17-AUG-2016,
OPTSTK,STAR,29-Sep-2016,1060,PE,0,0,0,32.1,52.9,0,0,0,0,17-AUG-2016,
OPTSTK,STAR,29-Sep-2016,1080,PE,0,0,0,36,63.65,0,0,0,0,17-AUG-2016,
OPTSTK,STAR,29-Sep-2016,1100,PE,42,42,42,42,42,2,11.42,1000,1000,17-AUG-2016,
OPTSTK,STAR,29-Sep-2016,1120,PE,0,0,0,55.45,88.3,0,0,0,0,17-AUG-2016,
OPTSTK,STAR,29-Sep-2016,1140,PE,0,0,0,65.05,102.15,0,0,0,0,17-AUG-2016,
OPTSTK,STAR,29-Sep-2016,1160,PE,0,0,0,75.5,116.95,0,0,0,0,17-AUG-2016,
OPTSTK,STAR,29-Sep-2016,1180,PE,0,0,0,86.85,132.45,0,0,0,0,17-AUG-2016,
OPTSTK,STAR,29-Sep-2016,1200,PE,0,0,0,99,148.7,0,0,0,0,17-AUG-2016,
OPTSTK,STAR,29-Sep-2016,1220,PE,0,0,0,111.95,165.55,0,0,0,0,17-AUG-2016,
OPTSTK,STAR,29-Sep-2016,1240,PE,0,0,0,125.65,183,0,0,0,0,17-AUG-2016,
OPTSTK,STAR,29-Sep-2016,1260,PE,0,0,0,140.1,200.85,0,0,0,0,17-AUG-2016,
OPTSTK,STAR,29-Sep-2016,1280,PE,0,0,0,155.15,219.1,0,0,0,0,17-AUG-2016,
OPTSTK,STAR,29-Sep-2016,1300,PE,0,0,0,170.7,237.65,0,0,0,0,17-AUG-2016,
OPTSTK,STAR,29-Sep-2016,1320,PE,0,0,0,186.85,256.5,0,0,0,0,17-AUG-2016,
OPTSTK,STAR,29-Sep-2016,1340,PE,0,0,0,203.5,275.55,0,0,0,0,17-AUG-2016,
OPTSTK,STAR,29-Sep-2016,1360,PE,0,0,0,220.55,294.8,0,0,0,0,17-AUG-2016,
OPTSTK,STAR,29-Sep-2016,1380,PE,0,0,0,237.95,314.15,0,0,0,0,17-AUG-2016,
OPTSTK,STAR,29-Sep-2016,1400,PE,0,0,0,255.75,333.6,0,0,0,0,17-AUG-2016,
OPTSTK,STAR,29-Sep-2016,1420,PE,0,0,0,273.8,353.2,0,0,0,0,17-AUG-2016,
OPTSTK,STAR,29-Sep-2016,1440,PE,0,0,0,292.1,372.8,0,0,0,0,17-AUG-2016,
OPTSTK,STAR,29-Sep-2016,1460,PE,0,0,0,310.6,392.5,0,0,0,0,17-AUG-2016,
OPTSTK,STAR,29-Sep-2016,1480,PE,0,0,0,329.3,412.2,0,0,0,0,17-AUG-2016,
OPTSTK,STAR,29-Sep-2016,1500,PE,0,0,0,348.15,431.95,0,0,0,0,17-AUG-2016,
OPTSTK,STAR,27-Oct-2016,740,CE,0,0,0,410.55,326.8,0,0,0,0,17-AUG-2016,
OPTSTK,STAR,27-Oct-2016,760,CE,0,0,0,390.95,307.5,0,0,0,0,17-AUG-2016,
OPTSTK,STAR,27-Oct-2016,780,CE,0,0,0,371.35,288.35,0,0,0,0,17-AUG-2016,
OPTSTK,STAR,27-Oct-2016,800,CE,0,0,0,351.8,269.5,0,0,0,0,17-AUG-2016,
OPTSTK,STAR,27-Oct-2016,820,CE,0,0,0,332.4,250.95,0,0,0,0,17-AUG-2016,
OPTSTK,STAR,27-Oct-2016,840,CE,0,0,0,313.05,232.75,0,0,0,0,17-AUG-2016,
OPTSTK,STAR,27-Oct-2016,860,CE,0,0,0,293.85,215,0,0,0,0,17-AUG-2016,
OPTSTK,STAR,27-Oct-2016,880,CE,0,0,0,274.85,197.75,0,0,0,0,17-AUG-2016,
OPTSTK,STAR,27-Oct-2016,900,CE,0,0,0,256.1,181.1,0,0,0,0,17-AUG-2016,
OPTSTK,STAR,27-Oct-2016,920,CE,0,0,0,237.7,165.15,0,0,0,0,17-AUG-2016,
OPTSTK,STAR,27-Oct-2016,940,CE,0,0,0,219.65,149.9,0,0,0,0,17-AUG-2016,
OPTSTK,STAR,27-Oct-2016,960,CE,0,0,0,202.1,135.45,0,0,0,0,17-AUG-2016,
OPTSTK,STAR,27-Oct-2016,980,CE,0,0,0,185.1,121.75,0,0,0,0,17-AUG-2016,
OPTSTK,STAR,27-Oct-2016,1000,CE,0,0,0,168.7,109,0,0,0,0,17-AUG-2016,
OPTSTK,STAR,27-Oct-2016,1020,CE,0,0,0,153,97.1,0,0,0,0,17-AUG-2016,
OPTSTK,STAR,27-Oct-2016,1040,CE,0,0,0,138.1,86.1,0,0,0,0,17-AUG-2016,
OPTSTK,STAR,27-Oct-2016,1060,CE,0,0,0,123.95,76,0,0,0,0,17-AUG-2016,
OPTSTK,STAR,27-Oct-2016,1080,CE,0,0,0,110.65,66.8,0,0,0,0,17-AUG-2016,
OPTSTK,STAR,27-Oct-2016,1100,CE,0,0,0,98.3,58.4,0,0,0,0,17-AUG-2016,
OPTSTK,STAR,27-Oct-2016,1120,CE,0,0,0,86.9,50.85,0,0,0,0,17-AUG-2016,
OPTSTK,STAR,27-Oct-2016,1140,CE,0,0,0,76.4,44.1,0,0,0,0,17-AUG-2016,
OPTSTK,STAR,27-Oct-2016,1160,CE,0,0,0,66.8,38.05,0,0,0,0,17-AUG-2016,
OPTSTK,STAR,27-Oct-2016,1180,CE,0,0,0,58.1,32.75,0,0,0,0,17-AUG-2016,
OPTSTK,STAR,27-Oct-2016,1200,CE,0,0,0,50.3,28.1,0,0,0,0,17-AUG-2016,
OPTSTK,STAR,27-Oct-2016,1220,CE,0,0,0,43.3,23.95,0,0,0,0,17-AUG-2016,
OPTSTK,STAR,27-Oct-2016,1240,CE,0,0,0,37.1,20.35,0,0,0,0,17-AUG-2016,
OPTSTK,STAR,27-Oct-2016,1260,CE,0,0,0,31.6,17.25,0,0,0,0,17-AUG-2016,
OPTSTK,STAR,27-Oct-2016,1280,CE,0,0,0,26.9,14.55,0,0,0,0,17-AUG-2016,
OPTSTK,STAR,27-Oct-2016,1300,CE,0,0,0,22.7,12.2,0,0,0,0,17-AUG-2016,
OPTSTK,STAR,27-Oct-2016,1320,CE,0,0,0,19.05,10.25,0,0,0,0,17-AUG-2016,
OPTSTK,STAR,27-Oct-2016,1340,CE,0,0,0,15.95,8.55,0,0,0,0,17-AUG-2016,
OPTSTK,STAR,27-Oct-2016,1360,CE,0,0,0,13.3,7.1,0,0,0,0,17-AUG-2016,
OPTSTK,STAR,27-Oct-2016,1380,CE,0,0,0,11.05,5.9,0,0,0,0,17-AUG-2016,
OPTSTK,STAR,27-Oct-2016,1400,CE,0,0,0,9.1,4.9,0,0,0,0,17-AUG-2016,
OPTSTK,STAR,27-Oct-2016,1420,CE,0,0,0,7.5,4.05,0,0,0,0,17-AUG-2016,
OPTSTK,STAR,27-Oct-2016,1440,CE,0,0,0,6.15,3.3,0,0,0,0,17-AUG-2016,
OPTSTK,STAR,27-Oct-2016,1460,CE,0,0,0,5,2.75,0,0,0,0,17-AUG-2016,
OPTSTK,STAR,27-Oct-2016,1480,CE,0,0,0,4.1,2.25,0,0,0,0,17-AUG-2016,
OPTSTK,STAR,27-Oct-2016,1500,CE,0,0,0,3.3,1.85,0,0,0,0,17-AUG-2016,
OPTSTK,STAR,27-Oct-2016,740,PE,0,0,0,0.05,0.8,0,0,0,0,17-AUG-2016,
OPTSTK,STAR,27-Oct-2016,760,PE,0,0,0,0.1,1.2,0,0,0,0,17-AUG-2016,
OPTSTK,STAR,27-Oct-2016,780,PE,0,0,0,0.2,1.8,0,0,0,0,17-AUG-2016,
OPTSTK,STAR,27-Oct-2016,800,PE,0,0,0,0.35,2.7,0,0,0,0,17-AUG-2016,
OPTSTK,STAR,27-Oct-2016,820,PE,0,0,0,0.55,3.85,0,0,0,0,17-AUG-2016,
OPTSTK,STAR,27-Oct-2016,840,PE,0,0,0,0.85,5.4,0,0,0,0,17-AUG-2016,
OPTSTK,STAR,27-Oct-2016,860,PE,0,0,0,1.3,7.35,0,0,0,0,17-AUG-2016,
OPTSTK,STAR,27-Oct-2016,880,PE,0,0,0,2,9.85,0,0,0,0,17-AUG-2016,
OPTSTK,STAR,27-Oct-2016,900,PE,0,0,0,2.9,12.95,0,0,0,0,17-AUG-2016,
OPTSTK,STAR,27-Oct-2016,920,PE,0,0,0,4.15,16.75,0,0,0,0,17-AUG-2016,
OPTSTK,STAR,27-Oct-2016,940,PE,0,0,0,5.75,21.2,0,0,0,0,17-AUG-2016,
OPTSTK,STAR,27-Oct-2016,960,PE,0,0,0,7.85,26.5,0,0,0,0,17-AUG-2016,
OPTSTK,STAR,27-Oct-2016,980,PE,0,0,0,10.5,32.55,0,0,0,0,17-AUG-2016,
OPTSTK,STAR,27-Oct-2016,1000,PE,0,0,0,13.75,39.5,0,0,0,0,17-AUG-2016,
OPTSTK,STAR,27-Oct-2016,1020,PE,0,0,0,17.75,47.35,0,0,0,0,17-AUG-2016,
OPTSTK,STAR,27-Oct-2016,1040,PE,0,0,0,22.5,56.1,0,0,0,0,17-AUG-2016,
OPTSTK,STAR,27-Oct-2016,1060,PE,0,0,0,28,65.7,0,0,0,0,17-AUG-2016,
OPTSTK,STAR,27-Oct-2016,1080,PE,0,0,0,34.35,76.25,0,0,0,0,17-AUG-2016,
OPTSTK,STAR,27-Oct-2016,1100,PE,0,0,0,41.7,87.6,0,0,0,0,17-AUG-2016,
OPTSTK,STAR,27-Oct-2016,1120,PE,0,0,0,49.9,99.8,0,0,0,0,17-AUG-2016,
OPTSTK,STAR,27-Oct-2016,1140,PE,0,0,0,59.05,112.75,0,0,0,0,17-AUG-2016,
OPTSTK,STAR,27-Oct-2016,1160,PE,0,0,0,69.1,126.45,0,0,0,0,17-AUG-2016,
OPTSTK,STAR,27-Oct-2016,1180,PE,0,0,0,80.1,140.85,0,0,0,0,17-AUG-2016,
OPTSTK,STAR,27-Oct-2016,1200,PE,0,0,0,91.9,155.95,0,0,0,0,17-AUG-2016,
OPTSTK,STAR,27-Oct-2016,1220,PE,0,0,0,104.6,171.55,0,0,0,0,17-AUG-2016,
OPTSTK,STAR,27-Oct-2016,1240,PE,0,0,0,118.05,187.65,0,0,0,0,17-AUG-2016,
OPTSTK,STAR,27-Oct-2016,1260,PE,0,0,0,132.2,204.3,0,0,0,0,17-AUG-2016,
OPTSTK,STAR,27-Oct-2016,1280,PE,0,0,0,147.15,221.3,0,0,0,0,17-AUG-2016,
OPTSTK,STAR,27-Oct-2016,1300,PE,0,0,0,162.6,238.75,0,0,0,0,17-AUG-2016,
OPTSTK,STAR,27-Oct-2016,1320,PE,0,0,0,178.65,256.5,0,0,0,0,17-AUG-2016,
OPTSTK,STAR,27-Oct-2016,1340,PE,0,0,0,195.2,274.55,0,0,0,0,17-AUG-2016,
OPTSTK,STAR,27-Oct-2016,1360,PE,0,0,0,212.2,292.85,0,0,0,0,17-AUG-2016,
OPTSTK,STAR,27-Oct-2016,1380,PE,0,0,0,229.55,311.35,0,0,0,0,17-AUG-2016,
OPTSTK,STAR,27-Oct-2016,1400,PE,0,0,0,247.3,330.05,0,0,0,0,17-AUG-2016,
OPTSTK,STAR,27-Oct-2016,1420,PE,0,0,0,265.35,348.95,0,0,0,0,17-AUG-2016,
OPTSTK,STAR,27-Oct-2016,1440,PE,0,0,0,283.65,367.95,0,0,0,0,17-AUG-2016,
OPTSTK,STAR,27-Oct-2016,1460,PE,0,0,0,302.2,387.1,0,0,0,0,17-AUG-2016,
OPTSTK,STAR,27-Oct-2016,1480,PE,0,0,0,320.9,406.35,0,0,0,0,17-AUG-2016,
OPTSTK,STAR,27-Oct-2016,1500,PE,0,0,0,339.8,425.7,0,0,0,0,17-AUG-2016,
OPTSTK,SUNPHARMA,25-Aug-2016,540,CE,0,0,0,249,245.85,0,0,0,0,17-AUG-2016,
OPTSTK,SUNPHARMA,25-Aug-2016,560,CE,0,0,0,229.35,225.85,0,0,0,0,17-AUG-2016,
OPTSTK,SUNPHARMA,25-Aug-2016,580,CE,0,0,0,209.75,205.9,0,0,0,0,17-AUG-2016,
OPTSTK,SUNPHARMA,25-Aug-2016,600,CE,0,0,0,190.15,185.9,0,0,0,0,17-AUG-2016,
OPTSTK,SUNPHARMA,25-Aug-2016,620,CE,0,0,0,170.6,165.95,0,0,0,0,17-AUG-2016,
OPTSTK,SUNPHARMA,25-Aug-2016,640,CE,0,0,0,151.25,146,0,0,0,0,17-AUG-2016,
OPTSTK,SUNPHARMA,25-Aug-2016,660,CE,0,0,0,132.2,126,0,0,0,0,17-AUG-2016,
OPTSTK,SUNPHARMA,25-Aug-2016,680,CE,0,0,0,113.65,106.05,0,0,0,0,17-AUG-2016,
OPTSTK,SUNPHARMA,25-Aug-2016,700,CE,0,0,0,142.75,86.05,0,0,0,0,17-AUG-2016,
OPTSTK,SUNPHARMA,25-Aug-2016,720,CE,0,0,0,103.4,66.15,0,0,600,0,17-AUG-2016,
OPTSTK,SUNPHARMA,25-Aug-2016,740,CE,49.9,49.9,49.9,49.9,49.9,1,4.73,3000,-600,17-AUG-2016,
OPTSTK,SUNPHARMA,25-Aug-2016,760,CE,24,35.7,24,31.65,31.65,37,175.34,22200,9000,17-AUG-2016,
OPTSTK,SUNPHARMA,25-Aug-2016,780,CE,15.25,21.5,12.7,17.35,17.35,782,3739.78,103800,32400,17-AUG-2016,
OPTSTK,SUNPHARMA,25-Aug-2016,800,CE,8.45,11.5,6.75,8.7,8.7,2662,12923.5,882600,61800,17-AUG-2016,
OPTSTK,SUNPHARMA,25-Aug-2016,820,CE,5.1,6.3,3.9,4.55,4.55,1625,8043.33,1248600,6000,17-AUG-2016,
OPTSTK,SUNPHARMA,25-Aug-2016,840,CE,3,3.65,2.4,2.7,2.7,961,4860.09,1352400,-79800,17-AUG-2016,
OPTSTK,SUNPHARMA,25-Aug-2016,860,CE,2,2.3,1.5,1.75,1.75,669,3459.59,972600,-30000,17-AUG-2016,
OPTSTK,SUNPHARMA,25-Aug-2016,880,CE,1.25,1.5,1,1.05,1.05,322,1702.48,384000,-29400,17-AUG-2016,
OPTSTK,SUNPHARMA,25-Aug-2016,900,CE,1.15,1.25,0.8,0.9,0.9,536,2897.43,542400,-111000,17-AUG-2016,
OPTSTK,SUNPHARMA,25-Aug-2016,920,CE,0.7,0.8,0.6,0.7,0.7,95,524.79,167400,-8400,17-AUG-2016,
OPTSTK,SUNPHARMA,25-Aug-2016,940,CE,0.5,0.5,0.35,0.4,0.4,33,186.2,69600,-13800,17-AUG-2016,
OPTSTK,SUNPHARMA,25-Aug-2016,960,CE,0.4,0.5,0.4,0.5,0.5,4,23.05,43800,0,17-AUG-2016,
OPTSTK,SUNPHARMA,25-Aug-2016,980,CE,0,0,0,0.5,0,0,0,15000,0,17-AUG-2016,
OPTSTK,SUNPHARMA,25-Aug-2016,1000,CE,0.3,0.4,0.3,0.4,0.4,4,24,91800,1200,17-AUG-2016,
OPTSTK,SUNPHARMA,25-Aug-2016,1020,CE,0,0,0,0.75,0,0,0,600,0,17-AUG-2016,
OPTSTK,SUNPHARMA,25-Aug-2016,1040,CE,0,0,0,0.15,0,0,0,0,0,17-AUG-2016,
OPTSTK,SUNPHARMA,25-Aug-2016,1060,CE,0,0,0,0.1,0,0,0,0,0,17-AUG-2016,
OPTSTK,SUNPHARMA,25-Aug-2016,1080,CE,0,0,0,0.05,0,0,0,0,0,17-AUG-2016,
OPTSTK,SUNPHARMA,25-Aug-2016,1100,CE,0,0,0,0.05,0,0,0,0,0,17-AUG-2016,
OPTSTK,SUNPHARMA,25-Aug-2016,540,PE,0,0,0,0.05,0,0,0,0,0,17-AUG-2016,
OPTSTK,SUNPHARMA,25-Aug-2016,560,PE,0,0,0,0.05,0,0,0,0,0,17-AUG-2016,
OPTSTK,SUNPHARMA,25-Aug-2016,580,PE,0,0,0,0.05,0,0,0,0,0,17-AUG-2016,
OPTSTK,SUNPHARMA,25-Aug-2016,600,PE,0,0,0,0.1,0,0,0,0,0,17-AUG-2016,
OPTSTK,SUNPHARMA,25-Aug-2016,620,PE,0,0,0,0.2,0,0,0,0,0,17-AUG-2016,
OPTSTK,SUNPHARMA,25-Aug-2016,640,PE,0,0,0,0.5,0,0,0,0,0,17-AUG-2016,
OPTSTK,SUNPHARMA,25-Aug-2016,660,PE,0,0,0,1.05,0,0,0,0,0,17-AUG-2016,
OPTSTK,SUNPHARMA,25-Aug-2016,680,PE,0.7,0.7,0.7,0.7,0.7,3,12.25,4200,1800,17-AUG-2016,
OPTSTK,SUNPHARMA,25-Aug-2016,700,PE,1,1.7,0.7,0.75,0.75,21,88.32,73800,600,17-AUG-2016,
OPTSTK,SUNPHARMA,25-Aug-2016,720,PE,1.95,2.1,0.9,1.05,1.05,142,614.62,46800,5400,17-AUG-2016,
OPTSTK,SUNPHARMA,25-Aug-2016,740,PE,3.6,4,1.8,2.35,2.35,396,1764.88,213600,76800,17-AUG-2016,
OPTSTK,SUNPHARMA,25-Aug-2016,760,PE,7,8.4,3.5,4.2,4.2,1257,5770.17,303000,18000,17-AUG-2016,
OPTSTK,SUNPHARMA,25-Aug-2016,780,PE,14.65,17,8,9.85,9.85,926,4393.71,346800,30600,17-AUG-2016,
OPTSTK,SUNPHARMA,25-Aug-2016,800,PE,29.65,30.6,17.5,20.75,20.75,322,1587.52,478200,6600,17-AUG-2016,
OPTSTK,SUNPHARMA,25-Aug-2016,820,PE,44.95,44.95,32.95,35.6,35.6,76,391.58,276000,-21600,17-AUG-2016,
OPTSTK,SUNPHARMA,25-Aug-2016,840,PE,62,62.3,50,55,55,18,96.98,192600,-7200,17-AUG-2016,
OPTSTK,SUNPHARMA,25-Aug-2016,860,PE,76.5,81.25,76.5,81.25,81.25,2,11.26,31200,-600,17-AUG-2016,
OPTSTK,SUNPHARMA,25-Aug-2016,880,PE,100.45,100.5,100.45,100.5,100.5,2,11.76,12600,-1200,17-AUG-2016,
OPTSTK,SUNPHARMA,25-Aug-2016,900,PE,115.35,115.35,115.35,115.35,115.35,1,6.09,6600,0,17-AUG-2016,
OPTSTK,SUNPHARMA,25-Aug-2016,920,PE,0,0,0,105.5,133.65,0,0,16800,0,17-AUG-2016,
OPTSTK,SUNPHARMA,25-Aug-2016,940,PE,0,0,0,120,153.6,0,0,12000,0,17-AUG-2016,
OPTSTK,SUNPHARMA,25-Aug-2016,960,PE,0,0,0,164.65,173.6,0,0,0,0,17-AUG-2016,
OPTSTK,SUNPHARMA,25-Aug-2016,980,PE,0,0,0,183.85,193.55,0,0,0,0,17-AUG-2016,
OPTSTK,SUNPHARMA,25-Aug-2016,1000,PE,0,0,0,170,213.5,0,0,19200,0,17-AUG-2016,
OPTSTK,SUNPHARMA,25-Aug-2016,1020,PE,0,0,0,222.7,233.5,0,0,0,0,17-AUG-2016,
OPTSTK,SUNPHARMA,25-Aug-2016,1040,PE,0,0,0,242.25,253.45,0,0,0,0,17-AUG-2016,
OPTSTK,SUNPHARMA,25-Aug-2016,1060,PE,0,0,0,261.8,273.45,0,0,0,0,17-AUG-2016,
OPTSTK,SUNPHARMA,25-Aug-2016,1080,PE,0,0,0,281.45,293.4,0,0,0,0,17-AUG-2016,
OPTSTK,SUNPHARMA,25-Aug-2016,1100,PE,0,0,0,265,313.35,0,0,1200,0,17-AUG-2016,
OPTSTK,SUNPHARMA,29-Sep-2016,540,CE,0,0,0,232.85,249.4,0,0,0,0,17-AUG-2016,
OPTSTK,SUNPHARMA,29-Sep-2016,560,CE,0,0,0,213.4,229.55,0,0,0,0,17-AUG-2016,
OPTSTK,SUNPHARMA,29-Sep-2016,580,CE,0,0,0,194.1,209.7,0,0,0,0,17-AUG-2016,
OPTSTK,SUNPHARMA,29-Sep-2016,600,CE,0,0,0,175.15,189.9,0,0,0,0,17-AUG-2016,
OPTSTK,SUNPHARMA,29-Sep-2016,620,CE,0,0,0,156.55,170.05,0,0,0,0,17-AUG-2016,
OPTSTK,SUNPHARMA,29-Sep-2016,640,CE,0,0,0,138.55,150.25,0,0,0,0,17-AUG-2016,
OPTSTK,SUNPHARMA,29-Sep-2016,660,CE,0,0,0,121.35,130.6,0,0,0,0,17-AUG-2016,
OPTSTK,SUNPHARMA,29-Sep-2016,680,CE,0,0,0,105.05,111.2,0,0,0,0,17-AUG-2016,
OPTSTK,SUNPHARMA,29-Sep-2016,700,CE,0,0,0,89.85,92.3,0,0,0,0,17-AUG-2016,
OPTSTK,SUNPHARMA,29-Sep-2016,720,CE,0,0,0,75.9,74.4,0,0,0,0,17-AUG-2016,
OPTSTK,SUNPHARMA,29-Sep-2016,740,CE,0,0,0,63.3,57.9,0,0,0,0,17-AUG-2016,
OPTSTK,SUNPHARMA,29-Sep-2016,760,CE,0,0,0,52.15,43.3,0,0,0,0,17-AUG-2016,
OPTSTK,SUNPHARMA,29-Sep-2016,780,CE,34.5,34.5,33,33,33,2,9.76,1200,600,17-AUG-2016,
OPTSTK,SUNPHARMA,29-Sep-2016,800,CE,20.95,28,20.95,25,25,56,277.14,49200,13200,17-AUG-2016,
OPTSTK,SUNPHARMA,29-Sep-2016,820,CE,15.5,19.8,15.25,17,17,33,165.85,48600,4200,17-AUG-2016,
OPTSTK,SUNPHARMA,29-Sep-2016,840,CE,11,14.5,11,13.55,13.55,23,117.68,45600,6000,17-AUG-2016,
OPTSTK,SUNPHARMA,29-Sep-2016,860,CE,9,9,7.8,8.1,8.1,11,57.31,19800,5400,17-AUG-2016,
OPTSTK,SUNPHARMA,29-Sep-2016,880,CE,6.5,7.1,4.8,4.8,4.8,7,37.2,22800,1200,17-AUG-2016,
OPTSTK,SUNPHARMA,29-Sep-2016,900,CE,0,0,0,5.6,1.6,0,0,7200,0,17-AUG-2016,
OPTSTK,SUNPHARMA,29-Sep-2016,920,CE,0,0,0,7.1,0.85,0,0,0,0,17-AUG-2016,
OPTSTK,SUNPHARMA,29-Sep-2016,940,CE,0,0,0,5.25,0.4,0,0,0,0,17-AUG-2016,
OPTSTK,SUNPHARMA,29-Sep-2016,960,CE,0,0,0,3.85,0.2,0,0,0,0,17-AUG-2016,
OPTSTK,SUNPHARMA,29-Sep-2016,980,CE,0,0,0,2.8,0.1,0,0,0,0,17-AUG-2016,
OPTSTK,SUNPHARMA,29-Sep-2016,1000,CE,0,0,0,2.05,0.05,0,0,0,0,17-AUG-2016,
OPTSTK,SUNPHARMA,29-Sep-2016,1020,CE,0,0,0,1.45,0.05,0,0,0,0,17-AUG-2016,
OPTSTK,SUNPHARMA,29-Sep-2016,1040,CE,0,0,0,1.05,0.05,0,0,0,0,17-AUG-2016,
OPTSTK,SUNPHARMA,29-Sep-2016,1060,CE,0,0,0,0.75,0,0,0,0,0,17-AUG-2016,
OPTSTK,SUNPHARMA,29-Sep-2016,1080,CE,0,0,0,0.5,0,0,0,0,0,17-AUG-2016,
OPTSTK,SUNPHARMA,29-Sep-2016,540,PE,0,0,0,0.2,0,0,0,0,0,17-AUG-2016,
OPTSTK,SUNPHARMA,29-Sep-2016,560,PE,0,0,0,0.4,0,0,0,0,0,17-AUG-2016,
OPTSTK,SUNPHARMA,29-Sep-2016,580,PE,0,0,0,0.75,0,0,0,0,0,17-AUG-2016,
OPTSTK,SUNPHARMA,29-Sep-2016,600,PE,0,0,0,1.45,0,0,0,0,0,17-AUG-2016,
OPTSTK,SUNPHARMA,29-Sep-2016,620,PE,0,0,0,2.5,0.05,0,0,0,0,17-AUG-2016,
OPTSTK,SUNPHARMA,29-Sep-2016,640,PE,0,0,0,4.15,0.1,0,0,0,0,17-AUG-2016,
OPTSTK,SUNPHARMA,29-Sep-2016,660,PE,0,0,0,6.55,0.25,0,0,0,0,17-AUG-2016,
OPTSTK,SUNPHARMA,29-Sep-2016,680,PE,0,0,0,9.9,0.7,0,0,0,0,17-AUG-2016,
OPTSTK,SUNPHARMA,29-Sep-2016,700,PE,0,0,0,14.4,1.65,0,0,0,0,17-AUG-2016,
OPTSTK,SUNPHARMA,29-Sep-2016,720,PE,0,0,0,20.05,3.55,0,0,0,0,17-AUG-2016,
OPTSTK,SUNPHARMA,29-Sep-2016,740,PE,10.15,10.5,8.45,8.5,8.5,23,103.38,54600,7800,17-AUG-2016,
OPTSTK,SUNPHARMA,29-Sep-2016,760,PE,16.9,18.3,13.5,13.5,13.5,12,55.85,10200,5400,17-AUG-2016,
OPTSTK,SUNPHARMA,29-Sep-2016,780,PE,24.2,24.2,21.5,22,22,9,43.31,17400,5400,17-AUG-2016,
OPTSTK,SUNPHARMA,29-Sep-2016,800,PE,36.5,36.5,31.5,33,33,6,30.02,24000,1200,17-AUG-2016,
OPTSTK,SUNPHARMA,29-Sep-2016,820,PE,49.5,49.5,46.2,46.2,46.2,2,10.41,7800,1200,17-AUG-2016,
OPTSTK,SUNPHARMA,29-Sep-2016,840,PE,0,0,0,83.2,56.85,0,0,0,0,17-AUG-2016,
OPTSTK,SUNPHARMA,29-Sep-2016,860,PE,0,0,0,98.1,73.2,0,0,0,0,17-AUG-2016,
OPTSTK,SUNPHARMA,29-Sep-2016,880,PE,0,0,0,92.45,90.8,0,0,27000,0,17-AUG-2016,
OPTSTK,SUNPHARMA,29-Sep-2016,900,PE,0,0,0,100.4,109.3,0,0,9600,0,17-AUG-2016,
OPTSTK,SUNPHARMA,29-Sep-2016,920,PE,0,0,0,147.75,128.4,0,0,0,0,17-AUG-2016,
OPTSTK,SUNPHARMA,29-Sep-2016,940,PE,0,0,0,165.55,147.8,0,0,0,0,17-AUG-2016,
OPTSTK,SUNPHARMA,29-Sep-2016,960,PE,0,0,0,183.8,167.45,0,0,0,0,17-AUG-2016,
OPTSTK,SUNPHARMA,29-Sep-2016,980,PE,0,0,0,202.4,187.15,0,0,0,0,17-AUG-2016,
OPTSTK,SUNPHARMA,29-Sep-2016,1000,PE,0,0,0,221.25,206.95,0,0,0,0,17-AUG-2016,
OPTSTK,SUNPHARMA,29-Sep-2016,1020,PE,0,0,0,240.35,226.8,0,0,0,0,17-AUG-2016,
OPTSTK,SUNPHARMA,29-Sep-2016,1040,PE,0,0,0,259.55,246.6,0,0,0,0,17-AUG-2016,
OPTSTK,SUNPHARMA,29-Sep-2016,1060,PE,0,0,0,278.9,266.45,0,0,0,0,17-AUG-2016,
OPTSTK,SUNPHARMA,29-Sep-2016,1080,PE,0,0,0,298.35,286.3,0,0,0,0,17-AUG-2016,
OPTSTK,SUNPHARMA,27-Oct-2016,540,CE,0,0,0,294.75,252.2,0,0,0,0,17-AUG-2016,
OPTSTK,SUNPHARMA,27-Oct-2016,560,CE,0,0,0,275.1,232.5,0,0,0,0,17-AUG-2016,
OPTSTK,SUNPHARMA,27-Oct-2016,580,CE,0,0,0,255.45,212.75,0,0,0,0,17-AUG-2016,
OPTSTK,SUNPHARMA,27-Oct-2016,600,CE,0,0,0,235.9,193.1,0,0,0,0,17-AUG-2016,
OPTSTK,SUNPHARMA,27-Oct-2016,620,CE,0,0,0,216.35,173.45,0,0,0,0,17-AUG-2016,
OPTSTK,SUNPHARMA,27-Oct-2016,640,CE,0,0,0,196.95,154,0,0,0,0,17-AUG-2016,
OPTSTK,SUNPHARMA,27-Oct-2016,660,CE,0,0,0,177.8,134.85,0,0,0,0,17-AUG-2016,
OPTSTK,SUNPHARMA,27-Oct-2016,680,CE,0,0,0,158.95,116.2,0,0,0,0,17-AUG-2016,
OPTSTK,SUNPHARMA,27-Oct-2016,700,CE,0,0,0,140.6,98.3,0,0,0,0,17-AUG-2016,
OPTSTK,SUNPHARMA,27-Oct-2016,720,CE,0,0,0,122.95,81.45,0,0,0,0,17-AUG-2016,
OPTSTK,SUNPHARMA,27-Oct-2016,740,CE,0,0,0,106.2,66.05,0,0,0,0,17-AUG-2016,
OPTSTK,SUNPHARMA,27-Oct-2016,760,CE,0,0,0,90.5,52.25,0,0,0,0,17-AUG-2016,
OPTSTK,SUNPHARMA,27-Oct-2016,780,CE,0,0,0,76.05,40.3,0,0,0,0,17-AUG-2016,
OPTSTK,SUNPHARMA,27-Oct-2016,800,CE,0,0,0,63,30.3,0,0,0,0,17-AUG-2016,
OPTSTK,SUNPHARMA,27-Oct-2016,820,CE,0,0,0,51.4,22.2,0,0,0,0,17-AUG-2016,
OPTSTK,SUNPHARMA,27-Oct-2016,840,CE,0,0,0,41.35,15.8,0,0,0,0,17-AUG-2016,
OPTSTK,SUNPHARMA,27-Oct-2016,860,CE,0,0,0,32.75,11,0,0,0,0,17-AUG-2016,
OPTSTK,SUNPHARMA,27-Oct-2016,880,CE,0,0,0,25.55,7.45,0,0,0,0,17-AUG-2016,
OPTSTK,SUNPHARMA,27-Oct-2016,900,CE,0,0,0,19.65,4.9,0,0,0,0,17-AUG-2016,
OPTSTK,SUNPHARMA,27-Oct-2016,920,CE,0,0,0,14.95,3.15,0,0,0,0,17-AUG-2016,
OPTSTK,SUNPHARMA,27-Oct-2016,940,CE,0,0,0,11.15,2,0,0,0,0,17-AUG-2016,
OPTSTK,SUNPHARMA,27-Oct-2016,960,CE,0,0,0,8.2,1.25,0,0,0,0,17-AUG-2016,
OPTSTK,SUNPHARMA,27-Oct-2016,980,CE,0,0,0,6,0.75,0,0,0,0,17-AUG-2016,
OPTSTK,SUNPHARMA,27-Oct-2016,1000,CE,0,0,0,4.3,0.45,0,0,0,0,17-AUG-2016,
OPTSTK,SUNPHARMA,27-Oct-2016,1020,CE,0,0,0,3.05,0.25,0,0,0,0,17-AUG-2016,
OPTSTK,SUNPHARMA,27-Oct-2016,1040,CE,0,0,0,2.15,0.15,0,0,0,0,17-AUG-2016,
OPTSTK,SUNPHARMA,27-Oct-2016,1060,CE,0,0,0,1.5,0.1,0,0,0,0,17-AUG-2016,
OPTSTK,SUNPHARMA,27-Oct-2016,1080,CE,0,0,0,1,0.05,0,0,0,0,17-AUG-2016,
OPTSTK,SUNPHARMA,27-Oct-2016,540,PE,0,0,0,0.05,0,0,0,0,0,17-AUG-2016,
OPTSTK,SUNPHARMA,27-Oct-2016,560,PE,0,0,0,0.05,0.05,0,0,0,0,17-AUG-2016,
OPTSTK,SUNPHARMA,27-Oct-2016,580,PE,0,0,0,0.05,0.05,0,0,0,0,17-AUG-2016,
OPTSTK,SUNPHARMA,27-Oct-2016,600,PE,0,0,0,0.1,0.1,0,0,0,0,17-AUG-2016,
OPTSTK,SUNPHARMA,27-Oct-2016,620,PE,0,0,0,0.25,0.2,0,0,0,0,17-AUG-2016,
OPTSTK,SUNPHARMA,27-Oct-2016,640,PE,0,0,0,0.5,0.5,0,0,0,0,17-AUG-2016,
OPTSTK,SUNPHARMA,27-Oct-2016,660,PE,0,0,0,1,1.05,0,0,0,0,17-AUG-2016,
OPTSTK,SUNPHARMA,27-Oct-2016,680,PE,0,0,0,1.8,2.1,0,0,0,0,17-AUG-2016,
OPTSTK,SUNPHARMA,27-Oct-2016,700,PE,0,0,0,3.15,3.95,0,0,0,0,17-AUG-2016,
OPTSTK,SUNPHARMA,27-Oct-2016,720,PE,0,0,0,5.15,6.85,0,0,0,0,17-AUG-2016,
OPTSTK,SUNPHARMA,27-Oct-2016,740,PE,0,0,0,8.05,11.2,0,0,0,0,17-AUG-2016,
OPTSTK,SUNPHARMA,27-Oct-2016,760,PE,0,0,0,12,17.1,0,0,0,0,17-AUG-2016,
OPTSTK,SUNPHARMA,27-Oct-2016,780,PE,0,0,0,17.2,24.9,0,0,0,0,17-AUG-2016,
OPTSTK,SUNPHARMA,27-Oct-2016,800,PE,0,0,0,23.8,34.65,0,0,0,0,17-AUG-2016,
OPTSTK,SUNPHARMA,27-Oct-2016,820,PE,0,0,0,31.9,46.25,0,0,0,0,17-AUG-2016,
OPTSTK,SUNPHARMA,27-Oct-2016,840,PE,0,0,0,41.45,59.6,0,0,0,0,17-AUG-2016,
OPTSTK,SUNPHARMA,27-Oct-2016,860,PE,0,0,0,52.5,74.55,0,0,0,0,17-AUG-2016,
OPTSTK,SUNPHARMA,27-Oct-2016,880,PE,0,0,0,65,90.7,0,0,0,0,17-AUG-2016,
OPTSTK,SUNPHARMA,27-Oct-2016,900,PE,0,0,0,78.75,107.9,0,0,0,0,17-AUG-2016,
OPTSTK,SUNPHARMA,27-Oct-2016,920,PE,0,0,0,93.7,125.9,0,0,0,0,17-AUG-2016,
OPTSTK,SUNPHARMA,27-Oct-2016,940,PE,0,0,0,109.55,144.45,0,0,0,0,17-AUG-2016,
OPTSTK,SUNPHARMA,27-Oct-2016,960,PE,0,0,0,126.25,163.45,0,0,0,0,17-AUG-2016,
OPTSTK,SUNPHARMA,27-Oct-2016,980,PE,0,0,0,143.7,182.7,0,0,0,0,17-AUG-2016,
OPTSTK,SUNPHARMA,27-Oct-2016,1000,PE,0,0,0,161.65,202.1,0,0,0,0,17-AUG-2016,
OPTSTK,SUNPHARMA,27-Oct-2016,1020,PE,0,0,0,180.1,221.65,0,0,0,0,17-AUG-2016,
OPTSTK,SUNPHARMA,27-Oct-2016,1040,PE,0,0,0,198.8,241.3,0,0,0,0,17-AUG-2016,
OPTSTK,SUNPHARMA,27-Oct-2016,1060,PE,0,0,0,217.85,260.95,0,0,0,0,17-AUG-2016,
OPTSTK,SUNPHARMA,27-Oct-2016,1080,PE,0,0,0,237,280.65,0,0,0,0,17-AUG-2016,
OPTSTK,SUNTV,25-Aug-2016,240,CE,0,0,0,148.35,222.15,0,0,0,0,17-AUG-2016,
OPTSTK,SUNTV,25-Aug-2016,260,CE,0,0,0,132.15,202.15,0,0,0,0,17-AUG-2016,
OPTSTK,SUNTV,25-Aug-2016,270,CE,0,0,0,97.8,192.15,0,0,0,0,17-AUG-2016,
OPTSTK,SUNTV,25-Aug-2016,280,CE,0,0,0,117.1,182.2,0,0,0,0,17-AUG-2016,
OPTSTK,SUNTV,25-Aug-2016,290,CE,0,0,0,79.5,172.2,0,0,0,0,17-AUG-2016,
OPTSTK,SUNTV,25-Aug-2016,300,CE,0,0,0,103.15,162.2,0,0,0,0,17-AUG-2016,
OPTSTK,SUNTV,25-Aug-2016,310,CE,0,0,0,62.55,152.25,0,0,0,0,17-AUG-2016,
OPTSTK,SUNTV,25-Aug-2016,320,CE,0,0,0,90.5,142.25,0,0,0,0,17-AUG-2016,
OPTSTK,SUNTV,25-Aug-2016,330,CE,0,0,0,47.55,132.25,0,0,0,0,17-AUG-2016,
OPTSTK,SUNTV,25-Aug-2016,340,CE,0,0,0,79,122.3,0,0,0,0,17-AUG-2016,
OPTSTK,SUNTV,25-Aug-2016,350,CE,0,0,0,34.9,112.3,0,0,0,0,17-AUG-2016,
OPTSTK,SUNTV,25-Aug-2016,360,CE,0,0,0,68.75,102.3,0,0,0,0,17-AUG-2016,
OPTSTK,SUNTV,25-Aug-2016,370,CE,0,0,0,24.7,92.3,0,0,0,0,17-AUG-2016,
OPTSTK,SUNTV,25-Aug-2016,380,CE,0,0,0,59.6,82.35,0,0,0,0,17-AUG-2016,
OPTSTK,SUNTV,25-Aug-2016,390,CE,0,0,0,62.5,72.35,0,0,2000,0,17-AUG-2016,
OPTSTK,SUNTV,25-Aug-2016,400,CE,0,0,0,62.75,62.4,0,0,22000,0,17-AUG-2016,
OPTSTK,SUNTV,25-Aug-2016,410,CE,0,0,0,47.4,52.55,0,0,4000,0,17-AUG-2016,
OPTSTK,SUNTV,25-Aug-2016,420,CE,0,0,0,41.15,42.95,0,0,30000,0,17-AUG-2016,
OPTSTK,SUNTV,25-Aug-2016,430,CE,0,0,0,35.6,33.75,0,0,38000,0,17-AUG-2016,
OPTSTK,SUNTV,25-Aug-2016,440,CE,30,30.5,29,29,29,22,206.61,82000,-10000,17-AUG-2016,
OPTSTK,SUNTV,25-Aug-2016,450,CE,17,20.25,17,20.25,20.25,5,46.9,82000,-4000,17-AUG-2016,
OPTSTK,SUNTV,25-Aug-2016,460,CE,12.85,17.55,11.4,14.5,14.5,54,513.13,102000,-6000,17-AUG-2016,
OPTSTK,SUNTV,25-Aug-2016,470,CE,7.5,12.5,7.2,10.6,10.6,76,730.69,146000,22000,17-AUG-2016,
OPTSTK,SUNTV,25-Aug-2016,480,CE,5.45,8.75,5.45,7.2,7.2,77,750.85,266000,26000,17-AUG-2016,
OPTSTK,SUNTV,25-Aug-2016,490,CE,3.25,5.7,3.25,5,5,36,356.2,48000,24000,17-AUG-2016,
OPTSTK,SUNTV,25-Aug-2016,500,CE,1.9,3.95,1.9,3.3,3.3,48,482.9,258000,20000,17-AUG-2016,
OPTSTK,SUNTV,25-Aug-2016,510,CE,1.95,2.4,1.9,1.9,1.9,5,51.21,44000,6000,17-AUG-2016,
OPTSTK,SUNTV,25-Aug-2016,520,CE,0.85,1.65,0.8,1.15,1.15,12,125.05,82000,12000,17-AUG-2016,
OPTSTK,SUNTV,25-Aug-2016,530,CE,0.8,0.9,0.8,0.8,0.8,5,53.08,36000,6000,17-AUG-2016,
OPTSTK,SUNTV,25-Aug-2016,540,CE,0.3,0.6,0.3,0.6,0.6,9,97.28,68000,-4000,17-AUG-2016,
OPTSTK,SUNTV,25-Aug-2016,550,CE,0.5,0.5,0.5,0.5,0.5,1,11.01,4000,-2000,17-AUG-2016,
OPTSTK,SUNTV,25-Aug-2016,240,PE,0,0,0,6,0,0,0,0,0,17-AUG-2016,
OPTSTK,SUNTV,25-Aug-2016,260,PE,0,0,0,9.45,0,0,0,0,0,17-AUG-2016,
OPTSTK,SUNTV,25-Aug-2016,270,PE,0,0,0,0.9,0,0,0,0,0,17-AUG-2016,
OPTSTK,SUNTV,25-Aug-2016,280,PE,0,0,0,14,0,0,0,0,0,17-AUG-2016,
OPTSTK,SUNTV,25-Aug-2016,290,PE,0,0,0,2.35,0,0,0,0,0,17-AUG-2016,
OPTSTK,SUNTV,25-Aug-2016,300,PE,0.05,0.05,0.05,0.05,0.05,6,36,0,-12000,17-AUG-2016,
OPTSTK,SUNTV,25-Aug-2016,310,PE,0,0,0,5.25,0,0,0,0,0,17-AUG-2016,
OPTSTK,SUNTV,25-Aug-2016,320,PE,0,0,0,26.7,0,0,0,0,0,17-AUG-2016,
OPTSTK,SUNTV,25-Aug-2016,330,PE,0,0,0,10,0,0,0,0,0,17-AUG-2016,
OPTSTK,SUNTV,25-Aug-2016,340,PE,0,0,0,1,0,0,0,4000,0,17-AUG-2016,
OPTSTK,SUNTV,25-Aug-2016,350,PE,0,0,0,0.1,0,0,0,10000,0,17-AUG-2016,
OPTSTK,SUNTV,25-Aug-2016,360,PE,0.2,0.2,0.2,0.2,0.2,2,14.4,28000,-4000,17-AUG-2016,
OPTSTK,SUNTV,25-Aug-2016,370,PE,0,0,0,0.3,0,0,0,12000,0,17-AUG-2016,
OPTSTK,SUNTV,25-Aug-2016,380,PE,0.2,0.2,0.2,0.2,0.2,1,7.6,38000,-2000,17-AUG-2016,
OPTSTK,SUNTV,25-Aug-2016,390,PE,0.5,0.6,0.4,0.6,0.6,6,46.85,16000,0,17-AUG-2016,
OPTSTK,SUNTV,25-Aug-2016,400,PE,0.5,0.55,0.5,0.55,0.55,8,64.08,156000,-14000,17-AUG-2016,
OPTSTK,SUNTV,25-Aug-2016,410,PE,0,0,0,1.55,0.2,0,0,18000,0,17-AUG-2016,
OPTSTK,SUNTV,25-Aug-2016,420,PE,2.05,2.05,1.7,1.75,1.75,5,42.18,90000,0,17-AUG-2016,
OPTSTK,SUNTV,25-Aug-2016,430,PE,4.1,4.1,2.7,3.1,3.1,5,43.32,58000,0,17-AUG-2016,
OPTSTK,SUNTV,25-Aug-2016,440,PE,6.15,6.15,3.8,4.35,4.35,39,346.78,134000,42000,17-AUG-2016,
OPTSTK,SUNTV,25-Aug-2016,450,PE,8.9,9.15,6.75,7.4,7.4,31,283.76,86000,-6000,17-AUG-2016,
OPTSTK,SUNTV,25-Aug-2016,460,PE,12.7,14.4,10.5,11.4,11.4,48,452.85,158000,22000,17-AUG-2016,
OPTSTK,SUNTV,25-Aug-2016,470,PE,16.5,17.95,15.5,17.9,17.9,19,185.02,38000,0,17-AUG-2016,
OPTSTK,SUNTV,25-Aug-2016,480,PE,0,0,0,29.45,21.9,0,0,6000,0,17-AUG-2016,
OPTSTK,SUNTV,25-Aug-2016,490,PE,0,0,0,122.35,29.9,0,0,0,0,17-AUG-2016,
OPTSTK,SUNTV,25-Aug-2016,500,PE,0,0,0,46.15,38.7,0,0,6000,0,17-AUG-2016,
OPTSTK,SUNTV,25-Aug-2016,510,PE,0,0,0,141.45,48.05,0,0,0,0,17-AUG-2016,
OPTSTK,SUNTV,25-Aug-2016,520,PE,0,0,0,153.3,57.75,0,0,0,0,17-AUG-2016,
OPTSTK,SUNTV,25-Aug-2016,530,PE,0,0,0,154.95,67.55,0,0,0,0,17-AUG-2016,
OPTSTK,SUNTV,25-Aug-2016,540,PE,0,0,0,169.95,77.5,0,0,0,0,17-AUG-2016,
OPTSTK,SUNTV,25-Aug-2016,550,PE,0,0,0,155.5,87.45,0,0,0,0,17-AUG-2016,
OPTSTK,SUNTV,29-Sep-2016,240,CE,0,0,0,128.9,223.7,0,0,0,0,17-AUG-2016,
OPTSTK,SUNTV,29-Sep-2016,250,CE,0,0,0,119.5,213.8,0,0,0,0,17-AUG-2016,
OPTSTK,SUNTV,29-Sep-2016,260,CE,0,0,0,110.25,203.85,0,0,0,0,17-AUG-2016,
OPTSTK,SUNTV,29-Sep-2016,270,CE,0,0,0,101.3,193.95,0,0,0,0,17-AUG-2016,
OPTSTK,SUNTV,29-Sep-2016,280,CE,0,0,0,92.55,184.05,0,0,0,0,17-AUG-2016,
OPTSTK,SUNTV,29-Sep-2016,290,CE,0,0,0,84.2,174.1,0,0,0,0,17-AUG-2016,
OPTSTK,SUNTV,29-Sep-2016,300,CE,0,0,0,76.2,164.2,0,0,0,0,17-AUG-2016,
OPTSTK,SUNTV,29-Sep-2016,310,CE,0,0,0,68.6,154.3,0,0,0,0,17-AUG-2016,
OPTSTK,SUNTV,29-Sep-2016,320,CE,0,0,0,61.45,144.4,0,0,0,0,17-AUG-2016,
OPTSTK,SUNTV,29-Sep-2016,330,CE,0,0,0,54.75,134.55,0,0,0,0,17-AUG-2016,
OPTSTK,SUNTV,29-Sep-2016,340,CE,0,0,0,48.55,124.7,0,0,0,0,17-AUG-2016,
OPTSTK,SUNTV,29-Sep-2016,350,CE,0,0,0,42.85,114.95,0,0,0,0,17-AUG-2016,
OPTSTK,SUNTV,29-Sep-2016,360,CE,0,0,0,37.6,105.3,0,0,0,0,17-AUG-2016,
OPTSTK,SUNTV,29-Sep-2016,370,CE,0,0,0,32.9,95.8,0,0,0,0,17-AUG-2016,
OPTSTK,SUNTV,29-Sep-2016,380,CE,0,0,0,28.6,86.5,0,0,0,0,17-AUG-2016,
OPTSTK,SUNTV,29-Sep-2016,390,CE,0,0,0,24.8,77.5,0,0,0,0,17-AUG-2016,
OPTSTK,SUNTV,29-Sep-2016,400,CE,0,0,0,21.4,68.85,0,0,0,0,17-AUG-2016,
OPTSTK,SUNTV,29-Sep-2016,410,CE,0,0,0,18.4,60.6,0,0,0,0,17-AUG-2016,
OPTSTK,SUNTV,29-Sep-2016,420,CE,0,0,0,15.75,52.8,0,0,0,0,17-AUG-2016,
OPTSTK,SUNTV,29-Sep-2016,430,CE,0,0,0,13.45,45.6,0,0,0,0,17-AUG-2016,
OPTSTK,SUNTV,29-Sep-2016,440,CE,0,0,0,11.45,38.95,0,0,0,0,17-AUG-2016,
OPTSTK,SUNTV,29-Sep-2016,450,CE,0,0,0,9.7,32.95,0,0,0,0,17-AUG-2016,
OPTSTK,SUNTV,29-Sep-2016,460,CE,0,0,0,8.2,27.6,0,0,0,0,17-AUG-2016,
OPTSTK,SUNTV,29-Sep-2016,470,CE,0,0,0,18,22.9,0,0,2000,0,17-AUG-2016,
OPTSTK,SUNTV,29-Sep-2016,480,CE,0,0,0,21,18.75,0,0,6000,0,17-AUG-2016,
OPTSTK,SUNTV,29-Sep-2016,490,CE,0,0,0,4.9,15.25,0,0,0,0,17-AUG-2016,
OPTSTK,SUNTV,29-Sep-2016,500,CE,0,0,0,10.3,12.25,0,0,2000,0,17-AUG-2016,
OPTSTK,SUNTV,29-Sep-2016,510,CE,0,0,0,3.4,9.8,0,0,0,0,17-AUG-2016,
OPTSTK,SUNTV,29-Sep-2016,520,CE,7.5,7.5,7.5,7.5,7.5,1,10.55,2000,2000,17-AUG-2016,
OPTSTK,SUNTV,29-Sep-2016,530,CE,0,0,0,2.45,6.05,0,0,0,0,17-AUG-2016,
OPTSTK,SUNTV,29-Sep-2016,540,CE,4.5,4.5,4.5,4.5,4.5,4,43.56,8000,8000,17-AUG-2016,
OPTSTK,SUNTV,29-Sep-2016,550,CE,3.5,3.5,3.5,3.5,3.5,1,11.07,2000,2000,17-AUG-2016,
OPTSTK,SUNTV,29-Sep-2016,240,PE,0,0,0,0.7,0,0,0,0,0,17-AUG-2016,
OPTSTK,SUNTV,29-Sep-2016,250,PE,0,0,0,1.1,0,0,0,0,0,17-AUG-2016,
OPTSTK,SUNTV,29-Sep-2016,260,PE,0,0,0,1.7,0,0,0,0,0,17-AUG-2016,
OPTSTK,SUNTV,29-Sep-2016,270,PE,0,0,0,2.55,0,0,0,0,0,17-AUG-2016,
OPTSTK,SUNTV,29-Sep-2016,280,PE,0,0,0,3.7,0,0,0,0,0,17-AUG-2016,
OPTSTK,SUNTV,29-Sep-2016,290,PE,0,0,0,5.1,0,0,0,0,0,17-AUG-2016,
OPTSTK,SUNTV,29-Sep-2016,300,PE,0,0,0,6.95,0.05,0,0,0,0,17-AUG-2016,
OPTSTK,SUNTV,29-Sep-2016,310,PE,0,0,0,9.15,0.05,0,0,0,0,17-AUG-2016,
OPTSTK,SUNTV,29-Sep-2016,320,PE,0,0,0,11.85,0.05,0,0,0,0,17-AUG-2016,
OPTSTK,SUNTV,29-Sep-2016,330,PE,0,0,0,14.95,0.1,0,0,0,0,17-AUG-2016,
OPTSTK,SUNTV,29-Sep-2016,340,PE,0,0,0,18.6,0.2,0,0,0,0,17-AUG-2016,
OPTSTK,SUNTV,29-Sep-2016,350,PE,0,0,0,22.7,0.35,0,0,0,0,17-AUG-2016,
OPTSTK,SUNTV,29-Sep-2016,360,PE,0,0,0,27.3,0.65,0,0,0,0,17-AUG-2016,
OPTSTK,SUNTV,29-Sep-2016,370,PE,0,0,0,32.4,1.05,0,0,0,0,17-AUG-2016,
OPTSTK,SUNTV,29-Sep-2016,380,PE,0,0,0,37.95,1.7,0,0,0,0,17-AUG-2016,
OPTSTK,SUNTV,29-Sep-2016,390,PE,0,0,0,43.95,2.6,0,0,0,0,17-AUG-2016,
OPTSTK,SUNTV,29-Sep-2016,400,PE,3.4,3.4,3.4,3.4,3.4,3,24.2,8000,6000,17-AUG-2016,
OPTSTK,SUNTV,29-Sep-2016,410,PE,0,0,0,57.2,5.5,0,0,0,0,17-AUG-2016,
OPTSTK,SUNTV,29-Sep-2016,420,PE,0,0,0,64.4,7.65,0,0,0,0,17-AUG-2016,
OPTSTK,SUNTV,29-Sep-2016,430,PE,0,0,0,71.9,10.35,0,0,0,0,17-AUG-2016,
OPTSTK,SUNTV,29-Sep-2016,440,PE,0,0,0,19.15,13.65,0,0,4000,0,17-AUG-2016,
OPTSTK,SUNTV,29-Sep-2016,450,PE,0,0,0,87.8,17.6,0,0,0,0,17-AUG-2016,
OPTSTK,SUNTV,29-Sep-2016,460,PE,0,0,0,96.15,22.15,0,0,0,0,17-AUG-2016,
OPTSTK,SUNTV,29-Sep-2016,470,PE,0,0,0,104.65,27.35,0,0,0,0,17-AUG-2016,
OPTSTK,SUNTV,29-Sep-2016,480,PE,0,0,0,113.4,33.15,0,0,0,0,17-AUG-2016,
OPTSTK,SUNTV,29-Sep-2016,490,PE,0,0,0,122.25,39.55,0,0,0,0,17-AUG-2016,
OPTSTK,SUNTV,29-Sep-2016,500,PE,0,0,0,131.3,46.45,0,0,0,0,17-AUG-2016,
OPTSTK,SUNTV,29-Sep-2016,510,PE,0,0,0,140.45,53.9,0,0,0,0,17-AUG-2016,
OPTSTK,SUNTV,29-Sep-2016,520,PE,0,0,0,149.7,61.75,0,0,0,0,17-AUG-2016,
OPTSTK,SUNTV,29-Sep-2016,530,PE,0,0,0,153.25,70,0,0,0,0,17-AUG-2016,
OPTSTK,SUNTV,29-Sep-2016,540,PE,0,0,0,151.85,78.55,0,0,0,0,17-AUG-2016,
OPTSTK,SUNTV,29-Sep-2016,550,PE,0,0,0,153.55,87.4,0,0,0,0,17-AUG-2016,
OPTSTK,SUNTV,27-Oct-2016,290,CE,0,0,0,163,175.7,0,0,0,0,17-AUG-2016,
OPTSTK,SUNTV,27-Oct-2016,300,CE,0,0,0,153.55,165.9,0,0,0,0,17-AUG-2016,
OPTSTK,SUNTV,27-Oct-2016,310,CE,0,0,0,144.25,156.1,0,0,0,0,17-AUG-2016,
OPTSTK,SUNTV,27-Oct-2016,320,CE,0,0,0,135.1,146.35,0,0,0,0,17-AUG-2016,
OPTSTK,SUNTV,27-Oct-2016,330,CE,0,0,0,126.15,136.75,0,0,0,0,17-AUG-2016,
OPTSTK,SUNTV,27-Oct-2016,340,CE,0,0,0,117.45,127.2,0,0,0,0,17-AUG-2016,
OPTSTK,SUNTV,27-Oct-2016,350,CE,0,0,0,109,117.8,0,0,0,0,17-AUG-2016,
OPTSTK,SUNTV,27-Oct-2016,360,CE,0,0,0,100.8,108.6,0,0,0,0,17-AUG-2016,
OPTSTK,SUNTV,27-Oct-2016,370,CE,0,0,0,92.95,99.6,0,0,0,0,17-AUG-2016,
OPTSTK,SUNTV,27-Oct-2016,380,CE,0,0,0,85.45,90.9,0,0,0,0,17-AUG-2016,
OPTSTK,SUNTV,27-Oct-2016,390,CE,0,0,0,78.3,82.55,0,0,0,0,17-AUG-2016,
OPTSTK,SUNTV,27-Oct-2016,400,CE,0,0,0,71.5,74.5,0,0,0,0,17-AUG-2016,
OPTSTK,SUNTV,27-Oct-2016,410,CE,0,0,0,65.1,66.9,0,0,0,0,17-AUG-2016,
OPTSTK,SUNTV,27-Oct-2016,420,CE,0,0,0,59.05,59.75,0,0,0,0,17-AUG-2016,
OPTSTK,SUNTV,27-Oct-2016,430,CE,0,0,0,53.45,53,0,0,0,0,17-AUG-2016,
OPTSTK,SUNTV,27-Oct-2016,440,CE,0,0,0,48.2,46.8,0,0,0,0,17-AUG-2016,
OPTSTK,SUNTV,27-Oct-2016,450,CE,0,0,0,43.4,41.05,0,0,0,0,17-AUG-2016,
OPTSTK,SUNTV,27-Oct-2016,460,CE,0,0,0,38.9,35.85,0,0,0,0,17-AUG-2016,
OPTSTK,SUNTV,27-Oct-2016,470,CE,0,0,0,34.8,31.1,0,0,0,0,17-AUG-2016,
OPTSTK,SUNTV,27-Oct-2016,480,CE,0,0,0,31.05,26.85,0,0,0,0,17-AUG-2016,
OPTSTK,SUNTV,27-Oct-2016,490,CE,0,0,0,27.65,23.05,0,0,0,0,17-AUG-2016,
OPTSTK,SUNTV,27-Oct-2016,500,CE,0,0,0,24.55,19.65,0,0,0,0,17-AUG-2016,
OPTSTK,SUNTV,27-Oct-2016,510,CE,0,0,0,21.75,16.7,0,0,0,0,17-AUG-2016,
OPTSTK,SUNTV,27-Oct-2016,520,CE,0,0,0,19.25,14.15,0,0,0,0,17-AUG-2016,
OPTSTK,SUNTV,27-Oct-2016,530,CE,0,0,0,16.95,11.9,0,0,0,0,17-AUG-2016,
OPTSTK,SUNTV,27-Oct-2016,540,CE,0,0,0,14.95,9.95,0,0,0,0,17-AUG-2016,
OPTSTK,SUNTV,27-Oct-2016,550,CE,0,0,0,13.1,8.3,0,0,0,0,17-AUG-2016,
OPTSTK,SUNTV,27-Oct-2016,290,PE,0,0,0,0.8,0.1,0,0,0,0,17-AUG-2016,
OPTSTK,SUNTV,27-Oct-2016,300,PE,0,0,0,1.2,0.15,0,0,0,0,17-AUG-2016,
OPTSTK,SUNTV,27-Oct-2016,310,PE,0,0,0,1.7,0.2,0,0,0,0,17-AUG-2016,
OPTSTK,SUNTV,27-Oct-2016,320,PE,0,0,0,2.4,0.35,0,0,0,0,17-AUG-2016,
OPTSTK,SUNTV,27-Oct-2016,330,PE,0,0,0,3.3,0.6,0,0,0,0,17-AUG-2016,
OPTSTK,SUNTV,27-Oct-2016,340,PE,0,0,0,4.4,0.9,0,0,0,0,17-AUG-2016,
OPTSTK,SUNTV,27-Oct-2016,350,PE,0,0,0,5.8,1.4,0,0,0,0,17-AUG-2016,
OPTSTK,SUNTV,27-Oct-2016,360,PE,0,0,0,7.45,2.05,0,0,0,0,17-AUG-2016,
OPTSTK,SUNTV,27-Oct-2016,370,PE,0,0,0,9.4,2.95,0,0,0,0,17-AUG-2016,
OPTSTK,SUNTV,27-Oct-2016,380,PE,0,0,0,11.7,4.1,0,0,0,0,17-AUG-2016,
OPTSTK,SUNTV,27-Oct-2016,390,PE,0,0,0,14.4,5.6,0,0,0,0,17-AUG-2016,
OPTSTK,SUNTV,27-Oct-2016,400,PE,0,0,0,17.45,7.45,0,0,0,0,17-AUG-2016,
OPTSTK,SUNTV,27-Oct-2016,410,PE,0,0,0,20.85,9.7,0,0,0,0,17-AUG-2016,
OPTSTK,SUNTV,27-Oct-2016,420,PE,0,0,0,24.65,12.4,0,0,0,0,17-AUG-2016,
OPTSTK,SUNTV,27-Oct-2016,430,PE,0,0,0,28.85,15.5,0,0,0,0,17-AUG-2016,
OPTSTK,SUNTV,27-Oct-2016,440,PE,0,0,0,33.45,19.15,0,0,0,0,17-AUG-2016,
OPTSTK,SUNTV,27-Oct-2016,450,PE,0,0,0,38.45,23.3,0,0,0,0,17-AUG-2016,
OPTSTK,SUNTV,27-Oct-2016,460,PE,0,0,0,43.8,27.95,0,0,0,0,17-AUG-2016,
OPTSTK,SUNTV,27-Oct-2016,470,PE,0,0,0,49.55,33.1,0,0,0,0,17-AUG-2016,
OPTSTK,SUNTV,27-Oct-2016,480,PE,0,0,0,55.6,38.7,0,0,0,0,17-AUG-2016,
OPTSTK,SUNTV,27-Oct-2016,490,PE,0,0,0,62.05,44.75,0,0,0,0,17-AUG-2016,
OPTSTK,SUNTV,27-Oct-2016,500,PE,0,0,0,68.75,51.25,0,0,0,0,17-AUG-2016,
OPTSTK,SUNTV,27-Oct-2016,510,PE,0,0,0,75.8,58.15,0,0,0,0,17-AUG-2016,
OPTSTK,SUNTV,27-Oct-2016,520,PE,0,0,0,83.1,65.45,0,0,0,0,17-AUG-2016,
OPTSTK,SUNTV,27-Oct-2016,530,PE,0,0,0,90.65,73.1,0,0,0,0,17-AUG-2016,
OPTSTK,SUNTV,27-Oct-2016,540,PE,0,0,0,98.45,81,0,0,0,0,17-AUG-2016,
OPTSTK,SUNTV,27-Oct-2016,550,PE,0,0,0,106.45,89.2,0,0,0,0,17-AUG-2016,
OPTSTK,SYNDIBANK,25-Aug-2016,45,CE,0,0,0,18.05,28.2,0,0,0,0,17-AUG-2016,
OPTSTK,SYNDIBANK,25-Aug-2016,47.5,CE,0,0,0,15.95,25.7,0,0,0,0,17-AUG-2016,
OPTSTK,SYNDIBANK,25-Aug-2016,50,CE,0,0,0,14,23.2,0,0,0,0,17-AUG-2016,
OPTSTK,SYNDIBANK,25-Aug-2016,52.5,CE,0,0,0,12.15,20.7,0,0,0,0,17-AUG-2016,
OPTSTK,SYNDIBANK,25-Aug-2016,55,CE,0,0,0,10.5,18.2,0,0,0,0,17-AUG-2016,
OPTSTK,SYNDIBANK,25-Aug-2016,57.5,CE,0,0,0,8.95,15.7,0,0,0,0,17-AUG-2016,
OPTSTK,SYNDIBANK,25-Aug-2016,60,CE,0,0,0,7.6,13.2,0,0,0,0,17-AUG-2016,
OPTSTK,SYNDIBANK,25-Aug-2016,62.5,CE,0,0,0,6.45,10.7,0,0,0,0,17-AUG-2016,
OPTSTK,SYNDIBANK,25-Aug-2016,65,CE,0,0,0,12.3,8.25,0,0,54000,0,17-AUG-2016,
OPTSTK,SYNDIBANK,25-Aug-2016,67.5,CE,0,0,0,9.95,5.85,0,0,36000,0,17-AUG-2016,
OPTSTK,SYNDIBANK,25-Aug-2016,70,CE,3.5,4.5,3.5,4.5,4.5,5,33.42,99000,9000,17-AUG-2016,
OPTSTK,SYNDIBANK,25-Aug-2016,72.5,CE,1.95,2.55,1.6,2,2,21,141.02,171000,-18000,17-AUG-2016,
OPTSTK,SYNDIBANK,25-Aug-2016,75,CE,0.8,1.5,0.75,1.05,1.05,96,657.85,819000,243000,17-AUG-2016,
OPTSTK,SYNDIBANK,25-Aug-2016,77.5,CE,0.5,0.55,0.4,0.45,0.45,11,77.21,405000,45000,17-AUG-2016,
OPTSTK,SYNDIBANK,25-Aug-2016,80,CE,0.25,0.35,0.2,0.25,0.25,33,238.36,1116000,-45000,17-AUG-2016,
OPTSTK,SYNDIBANK,25-Aug-2016,82.5,CE,0.2,0.2,0.15,0.15,0.15,2,14.88,144000,0,17-AUG-2016,
OPTSTK,SYNDIBANK,25-Aug-2016,85,CE,0.1,0.1,0.1,0.1,0.1,6,45.95,270000,9000,17-AUG-2016,
OPTSTK,SYNDIBANK,25-Aug-2016,87.5,CE,0.1,0.1,0.1,0.1,0.1,1,7.88,27000,0,17-AUG-2016,
OPTSTK,SYNDIBANK,25-Aug-2016,90,CE,0.1,0.1,0.1,0.1,0.1,2,16.21,225000,-9000,17-AUG-2016,
OPTSTK,SYNDIBANK,25-Aug-2016,92.5,CE,0.1,0.1,0.05,0.05,0.05,2,16.66,9000,-9000,17-AUG-2016,
OPTSTK,SYNDIBANK,25-Aug-2016,95,CE,0,0,0,0.05,0,0,0,45000,0,17-AUG-2016,
OPTSTK,SYNDIBANK,25-Aug-2016,45,PE,0,0,0,0.65,0,0,0,0,0,17-AUG-2016,
OPTSTK,SYNDIBANK,25-Aug-2016,47.5,PE,0,0,0,1,0,0,0,0,0,17-AUG-2016,
OPTSTK,SYNDIBANK,25-Aug-2016,50,PE,0,0,0,1.5,0,0,0,0,0,17-AUG-2016,
OPTSTK,SYNDIBANK,25-Aug-2016,52.5,PE,0,0,0,2.1,0,0,0,0,0,17-AUG-2016,
OPTSTK,SYNDIBANK,25-Aug-2016,55,PE,0,0,0,2.9,0,0,0,0,0,17-AUG-2016,
OPTSTK,SYNDIBANK,25-Aug-2016,57.5,PE,0,0,0,1.8,0,0,0,9000,0,17-AUG-2016,
OPTSTK,SYNDIBANK,25-Aug-2016,60,PE,0,0,0,0.1,0,0,0,18000,0,17-AUG-2016,
OPTSTK,SYNDIBANK,25-Aug-2016,62.5,PE,0,0,0,6.2,0,0,0,0,0,17-AUG-2016,
OPTSTK,SYNDIBANK,25-Aug-2016,65,PE,0,0,0,0.15,0.05,0,0,99000,0,17-AUG-2016,
OPTSTK,SYNDIBANK,25-Aug-2016,67.5,PE,0.15,0.15,0.15,0.15,0.15,1,6.08,90000,-9000,17-AUG-2016,
OPTSTK,SYNDIBANK,25-Aug-2016,70,PE,0.5,0.55,0.3,0.4,0.4,26,164.81,342000,18000,17-AUG-2016,
OPTSTK,SYNDIBANK,25-Aug-2016,72.5,PE,1.45,1.45,0.85,1.05,1.05,25,165.49,216000,45000,17-AUG-2016,
OPTSTK,SYNDIBANK,25-Aug-2016,75,PE,2.4,2.85,2.05,2.85,2.85,6,41.77,216000,9000,17-AUG-2016,
OPTSTK,SYNDIBANK,25-Aug-2016,77.5,PE,0,0,0,5.1,4.65,0,0,36000,0,17-AUG-2016,
OPTSTK,SYNDIBANK,25-Aug-2016,80,PE,0,0,0,8.7,6.9,0,0,162000,0,17-AUG-2016,
OPTSTK,SYNDIBANK,25-Aug-2016,82.5,PE,0,0,0,20.8,9.3,0,0,0,0,17-AUG-2016,
OPTSTK,SYNDIBANK,25-Aug-2016,85,PE,0,0,0,8.9,11.8,0,0,9000,0,17-AUG-2016,
OPTSTK,SYNDIBANK,25-Aug-2016,87.5,PE,0,0,0,25.2,14.3,0,0,0,0,17-AUG-2016,
OPTSTK,SYNDIBANK,25-Aug-2016,90,PE,0,0,0,25.35,16.8,0,0,0,0,17-AUG-2016,
OPTSTK,SYNDIBANK,25-Aug-2016,92.5,PE,0,0,0,25,19.3,0,0,0,0,17-AUG-2016,
OPTSTK,SYNDIBANK,25-Aug-2016,95,PE,0,0,0,23.1,21.8,0,0,0,0,17-AUG-2016,
OPTSTK,SYNDIBANK,29-Sep-2016,45,CE,0,0,0,28.65,28.5,0,0,0,0,17-AUG-2016,
OPTSTK,SYNDIBANK,29-Sep-2016,47.5,CE,0,0,0,26.25,26,0,0,0,0,17-AUG-2016,
OPTSTK,SYNDIBANK,29-Sep-2016,50,CE,0,0,0,23.85,23.55,0,0,0,0,17-AUG-2016,
OPTSTK,SYNDIBANK,29-Sep-2016,52.5,CE,0,0,0,21.5,21.05,0,0,0,0,17-AUG-2016,
OPTSTK,SYNDIBANK,29-Sep-2016,55,CE,0,0,0,19.25,18.6,0,0,0,0,17-AUG-2016,
OPTSTK,SYNDIBANK,29-Sep-2016,57.5,CE,0,0,0,17.05,16.2,0,0,0,0,17-AUG-2016,
OPTSTK,SYNDIBANK,29-Sep-2016,60,CE,0,0,0,14.95,13.85,0,0,0,0,17-AUG-2016,
OPTSTK,SYNDIBANK,29-Sep-2016,62.5,CE,0,0,0,13,11.55,0,0,0,0,17-AUG-2016,
OPTSTK,SYNDIBANK,29-Sep-2016,65,CE,0,0,0,11.2,9.45,0,0,0,0,17-AUG-2016,
OPTSTK,SYNDIBANK,29-Sep-2016,67.5,CE,0,0,0,9.55,7.55,0,0,0,0,17-AUG-2016,
OPTSTK,SYNDIBANK,29-Sep-2016,70,CE,0,0,0,8.1,5.85,0,0,0,0,17-AUG-2016,
OPTSTK,SYNDIBANK,29-Sep-2016,72.5,CE,0,0,0,6.8,4.45,0,0,0,0,17-AUG-2016,
OPTSTK,SYNDIBANK,29-Sep-2016,75,CE,0,0,0,3.15,3.25,0,0,162000,0,17-AUG-2016,
OPTSTK,SYNDIBANK,29-Sep-2016,77.5,CE,0,0,0,4.65,2.35,0,0,0,0,17-AUG-2016,
OPTSTK,SYNDIBANK,29-Sep-2016,80,CE,1.5,1.9,1.4,1.6,1.6,17,124.73,135000,126000,17-AUG-2016,
OPTSTK,SYNDIBANK,29-Sep-2016,82.5,CE,0,0,0,1,1.1,0,0,18000,0,17-AUG-2016,
OPTSTK,SYNDIBANK,29-Sep-2016,85,CE,0,0,0,2.5,0.75,0,0,0,0,17-AUG-2016,
OPTSTK,SYNDIBANK,29-Sep-2016,87.5,CE,0,0,0,2,0.5,0,0,0,0,17-AUG-2016,
OPTSTK,SYNDIBANK,29-Sep-2016,90,CE,0,0,0,1.55,0.3,0,0,0,0,17-AUG-2016,
OPTSTK,SYNDIBANK,29-Sep-2016,92.5,CE,0,0,0,1.25,0.2,0,0,0,0,17-AUG-2016,
OPTSTK,SYNDIBANK,29-Sep-2016,95,CE,0,0,0,1,0.15,0,0,0,0,17-AUG-2016,
OPTSTK,SYNDIBANK,29-Sep-2016,45,PE,0,0,0,0.05,0,0,0,0,0,17-AUG-2016,
OPTSTK,SYNDIBANK,29-Sep-2016,47.5,PE,0,0,0,0.1,0,0,0,0,0,17-AUG-2016,
OPTSTK,SYNDIBANK,29-Sep-2016,50,PE,0,0,0,0.15,0,0,0,0,0,17-AUG-2016,
OPTSTK,SYNDIBANK,29-Sep-2016,52.5,PE,0,0,0,0.25,0.05,0,0,0,0,17-AUG-2016,
OPTSTK,SYNDIBANK,29-Sep-2016,55,PE,0,0,0,0.45,0.05,0,0,0,0,17-AUG-2016,
OPTSTK,SYNDIBANK,29-Sep-2016,57.5,PE,0,0,0,0.75,0.1,0,0,0,0,17-AUG-2016,
OPTSTK,SYNDIBANK,29-Sep-2016,60,PE,0,0,0,1.1,0.25,0,0,0,0,17-AUG-2016,
OPTSTK,SYNDIBANK,29-Sep-2016,62.5,PE,0,0,0,1.6,0.45,0,0,0,0,17-AUG-2016,
OPTSTK,SYNDIBANK,29-Sep-2016,65,PE,0,0,0,2.25,0.85,0,0,0,0,17-AUG-2016,
OPTSTK,SYNDIBANK,29-Sep-2016,67.5,PE,0,0,0,3.1,1.4,0,0,0,0,17-AUG-2016,
OPTSTK,SYNDIBANK,29-Sep-2016,70,PE,0,0,0,2.2,2.2,0,0,162000,0,17-AUG-2016,
OPTSTK,SYNDIBANK,29-Sep-2016,72.5,PE,0,0,0,4.3,3.25,0,0,9000,0,17-AUG-2016,
OPTSTK,SYNDIBANK,29-Sep-2016,75,PE,0,0,0,6.5,4.55,0,0,0,0,17-AUG-2016,
OPTSTK,SYNDIBANK,29-Sep-2016,77.5,PE,0,0,0,7.95,6.1,0,0,0,0,17-AUG-2016,
OPTSTK,SYNDIBANK,29-Sep-2016,80,PE,0,0,0,9.55,7.9,0,0,0,0,17-AUG-2016,
OPTSTK,SYNDIBANK,29-Sep-2016,82.5,PE,0,0,0,11.3,9.85,0,0,0,0,17-AUG-2016,
OPTSTK,SYNDIBANK,29-Sep-2016,85,PE,0,0,0,13.15,11.95,0,0,0,0,17-AUG-2016,
OPTSTK,SYNDIBANK,29-Sep-2016,87.5,PE,0,0,0,15.15,14.2,0,0,0,0,17-AUG-2016,
OPTSTK,SYNDIBANK,29-Sep-2016,90,PE,0,0,0,17.2,16.5,0,0,0,0,17-AUG-2016,
OPTSTK,SYNDIBANK,29-Sep-2016,92.5,PE,0,0,0,19.3,18.85,0,0,0,0,17-AUG-2016,
OPTSTK,SYNDIBANK,29-Sep-2016,95,PE,0,0,0,21.5,21.25,0,0,0,0,17-AUG-2016,
OPTSTK,SYNDIBANK,27-Oct-2016,47.5,CE,0,0,0,29.95,26.25,0,0,0,0,17-AUG-2016,
OPTSTK,SYNDIBANK,27-Oct-2016,50,CE,0,0,0,27.55,23.8,0,0,0,0,17-AUG-2016,
OPTSTK,SYNDIBANK,27-Oct-2016,52.5,CE,0,0,0,25.2,21.4,0,0,0,0,17-AUG-2016,
OPTSTK,SYNDIBANK,27-Oct-2016,55,CE,0,0,0,22.9,19,0,0,0,0,17-AUG-2016,
OPTSTK,SYNDIBANK,27-Oct-2016,57.5,CE,0,0,0,20.7,16.7,0,0,0,0,17-AUG-2016,
OPTSTK,SYNDIBANK,27-Oct-2016,60,CE,0,0,0,18.55,14.5,0,0,0,0,17-AUG-2016,
OPTSTK,SYNDIBANK,27-Oct-2016,62.5,CE,0,0,0,16.5,12.4,0,0,0,0,17-AUG-2016,
OPTSTK,SYNDIBANK,27-Oct-2016,65,CE,0,0,0,14.6,10.45,0,0,0,0,17-AUG-2016,
OPTSTK,SYNDIBANK,27-Oct-2016,67.5,CE,0,0,0,12.8,8.65,0,0,0,0,17-AUG-2016,
OPTSTK,SYNDIBANK,27-Oct-2016,70,CE,0,0,0,11.15,7.1,0,0,0,0,17-AUG-2016,
OPTSTK,SYNDIBANK,27-Oct-2016,72.5,CE,0,0,0,9.65,5.7,0,0,0,0,17-AUG-2016,
OPTSTK,SYNDIBANK,27-Oct-2016,75,CE,0,0,0,8.3,4.55,0,0,0,0,17-AUG-2016,
OPTSTK,SYNDIBANK,27-Oct-2016,77.5,CE,0,0,0,7.1,3.55,0,0,0,0,17-AUG-2016,
OPTSTK,SYNDIBANK,27-Oct-2016,80,CE,0,0,0,6,2.75,0,0,0,0,17-AUG-2016,
OPTSTK,SYNDIBANK,27-Oct-2016,82.5,CE,0,0,0,5.1,2.1,0,0,0,0,17-AUG-2016,
OPTSTK,SYNDIBANK,27-Oct-2016,85,CE,0,0,0,4.25,1.55,0,0,0,0,17-AUG-2016,
OPTSTK,SYNDIBANK,27-Oct-2016,87.5,CE,0,0,0,3.55,1.15,0,0,0,0,17-AUG-2016,
OPTSTK,SYNDIBANK,27-Oct-2016,90,CE,0,0,0,2.95,0.85,0,0,0,0,17-AUG-2016,
OPTSTK,SYNDIBANK,27-Oct-2016,92.5,CE,0,0,0,2.45,0.65,0,0,0,0,17-AUG-2016,
OPTSTK,SYNDIBANK,27-Oct-2016,95,CE,0,0,0,2,0.45,0,0,0,0,17-AUG-2016,
OPTSTK,SYNDIBANK,27-Oct-2016,47.5,PE,0,0,0,0.1,0.05,0,0,0,0,17-AUG-2016,
OPTSTK,SYNDIBANK,27-Oct-2016,50,PE,0,0,0,0.15,0.05,0,0,0,0,17-AUG-2016,
OPTSTK,SYNDIBANK,27-Oct-2016,52.5,PE,0,0,0,0.25,0.1,0,0,0,0,17-AUG-2016,
OPTSTK,SYNDIBANK,27-Oct-2016,55,PE,0,0,0,0.4,0.2,0,0,0,0,17-AUG-2016,
OPTSTK,SYNDIBANK,27-Oct-2016,57.5,PE,0,0,0,0.65,0.35,0,0,0,0,17-AUG-2016,
OPTSTK,SYNDIBANK,27-Oct-2016,60,PE,0,0,0,0.95,0.6,0,0,0,0,17-AUG-2016,
OPTSTK,SYNDIBANK,27-Oct-2016,62.5,PE,0,0,0,1.4,0.95,0,0,0,0,17-AUG-2016,
OPTSTK,SYNDIBANK,27-Oct-2016,65,PE,0,0,0,1.9,1.45,0,0,0,0,17-AUG-2016,
OPTSTK,SYNDIBANK,27-Oct-2016,67.5,PE,0,0,0,2.6,2.15,0,0,0,0,17-AUG-2016,
OPTSTK,SYNDIBANK,27-Oct-2016,70,PE,0,0,0,3.4,3.05,0,0,0,0,17-AUG-2016,
OPTSTK,SYNDIBANK,27-Oct-2016,72.5,PE,0,0,0,4.35,4.15,0,0,0,0,17-AUG-2016,
OPTSTK,SYNDIBANK,27-Oct-2016,75,PE,0,0,0,5.45,5.45,0,0,0,0,17-AUG-2016,
OPTSTK,SYNDIBANK,27-Oct-2016,77.5,PE,0,0,0,6.7,6.9,0,0,0,0,17-AUG-2016,
OPTSTK,SYNDIBANK,27-Oct-2016,80,PE,0,0,0,8.1,8.55,0,0,0,0,17-AUG-2016,
OPTSTK,SYNDIBANK,27-Oct-2016,82.5,PE,0,0,0,9.6,10.4,0,0,0,0,17-AUG-2016,
OPTSTK,SYNDIBANK,27-Oct-2016,85,PE,0,0,0,11.25,12.35,0,0,0,0,17-AUG-2016,
OPTSTK,SYNDIBANK,27-Oct-2016,87.5,PE,0,0,0,13,14.4,0,0,0,0,17-AUG-2016,
OPTSTK,SYNDIBANK,27-Oct-2016,90,PE,0,0,0,14.85,16.55,0,0,0,0,17-AUG-2016,
OPTSTK,SYNDIBANK,27-Oct-2016,92.5,PE,0,0,0,16.8,18.8,0,0,0,0,17-AUG-2016,
OPTSTK,SYNDIBANK,27-Oct-2016,95,PE,0,0,0,18.85,21.1,0,0,0,0,17-AUG-2016,
OPTSTK,TATACHEM,25-Aug-2016,300,CE,0,0,0,144.25,210.85,0,0,0,0,17-AUG-2016,
OPTSTK,TATACHEM,25-Aug-2016,310,CE,0,0,0,134.55,200.9,0,0,0,0,17-AUG-2016,
OPTSTK,TATACHEM,25-Aug-2016,320,CE,0,0,0,124.95,190.9,0,0,0,0,17-AUG-2016,
OPTSTK,TATACHEM,25-Aug-2016,330,CE,0,0,0,115.4,180.9,0,0,0,0,17-AUG-2016,
OPTSTK,TATACHEM,25-Aug-2016,340,CE,0,0,0,106.05,170.95,0,0,0,0,17-AUG-2016,
OPTSTK,TATACHEM,25-Aug-2016,350,CE,0,0,0,96.9,160.95,0,0,0,0,17-AUG-2016,
OPTSTK,TATACHEM,25-Aug-2016,360,CE,0,0,0,87.95,150.95,0,0,0,0,17-AUG-2016,
OPTSTK,TATACHEM,25-Aug-2016,370,CE,0,0,0,79.35,140.95,0,0,0,0,17-AUG-2016,
OPTSTK,TATACHEM,25-Aug-2016,380,CE,0,0,0,71.1,131,0,0,0,0,17-AUG-2016,
OPTSTK,TATACHEM,25-Aug-2016,390,CE,0,0,0,63.3,121,0,0,0,0,17-AUG-2016,
OPTSTK,TATACHEM,25-Aug-2016,400,CE,0,0,0,55,111,0,0,7500,0,17-AUG-2016,
OPTSTK,TATACHEM,25-Aug-2016,410,CE,0,0,0,42,101.05,0,0,4500,0,17-AUG-2016,
OPTSTK,TATACHEM,25-Aug-2016,420,CE,0,0,0,39,91.05,0,0,1500,0,17-AUG-2016,
OPTSTK,TATACHEM,25-Aug-2016,430,CE,0,0,0,34,81.1,0,0,1500,0,17-AUG-2016,
OPTSTK,TATACHEM,25-Aug-2016,440,CE,0,0,0,60,71.2,0,0,12000,0,17-AUG-2016,
OPTSTK,TATACHEM,25-Aug-2016,450,CE,0,0,0,54.3,61.45,0,0,31500,0,17-AUG-2016,
OPTSTK,TATACHEM,25-Aug-2016,460,CE,0,0,0,33.05,51.95,0,0,37500,0,17-AUG-2016,
OPTSTK,TATACHEM,25-Aug-2016,470,CE,0,0,0,35.5,42.8,0,0,48000,0,17-AUG-2016,
OPTSTK,TATACHEM,25-Aug-2016,480,CE,24.5,36,24.5,29.85,29.85,21,160.53,45000,-9000,17-AUG-2016,
OPTSTK,TATACHEM,25-Aug-2016,490,CE,16.6,26.9,15.25,23,23,50,383.62,82500,-16500,17-AUG-2016,
OPTSTK,TATACHEM,25-Aug-2016,500,CE,12.8,20,10.1,16.3,16.3,185,1431.68,124500,-49500,17-AUG-2016,
OPTSTK,TATACHEM,25-Aug-2016,510,CE,8.45,14,7.4,10.5,10.5,197,1538.73,208500,31500,17-AUG-2016,
OPTSTK,TATACHEM,25-Aug-2016,520,CE,5,9.45,4.3,6.35,6.35,148,1169.86,139500,-30000,17-AUG-2016,
OPTSTK,TATACHEM,25-Aug-2016,530,CE,3.45,6.3,3.45,4.05,4.05,42,336.99,150000,13500,17-AUG-2016,
OPTSTK,TATACHEM,25-Aug-2016,540,CE,2.05,3.5,2,2.4,2.4,39,317.56,99000,-10500,17-AUG-2016,
OPTSTK,TATACHEM,25-Aug-2016,550,CE,1.4,2.15,1.25,1.35,1.35,44,364.12,87000,12000,17-AUG-2016,
OPTSTK,TATACHEM,25-Aug-2016,560,CE,1,1,0.8,0.95,0.95,4,33.65,30000,3000,17-AUG-2016,
OPTSTK,TATACHEM,25-Aug-2016,570,CE,0.8,0.8,0.35,0.35,0.35,2,17.11,25500,0,17-AUG-2016,
OPTSTK,TATACHEM,25-Aug-2016,580,CE,0,0,0,0.75,0.45,0,0,7500,0,17-AUG-2016,
OPTSTK,TATACHEM,25-Aug-2016,590,CE,0,0,0,0.05,0.25,0,0,0,0,17-AUG-2016,
OPTSTK,TATACHEM,25-Aug-2016,300,PE,0,0,0,0.15,0,0,0,0,0,17-AUG-2016,
OPTSTK,TATACHEM,25-Aug-2016,310,PE,0,0,0,0.3,0,0,0,0,0,17-AUG-2016,
OPTSTK,TATACHEM,25-Aug-2016,320,PE,0,0,0,0.45,0,0,0,0,0,17-AUG-2016,
OPTSTK,TATACHEM,25-Aug-2016,330,PE,0,0,0,0.8,0,0,0,0,0,17-AUG-2016,
OPTSTK,TATACHEM,25-Aug-2016,340,PE,0,0,0,1.25,0,0,0,0,0,17-AUG-2016,
OPTSTK,TATACHEM,25-Aug-2016,350,PE,0,0,0,1.9,0,0,0,0,0,17-AUG-2016,
OPTSTK,TATACHEM,25-Aug-2016,360,PE,0,0,0,2.8,0,0,0,0,0,17-AUG-2016,
OPTSTK,TATACHEM,25-Aug-2016,370,PE,0,0,0,4,0,0,0,0,0,17-AUG-2016,
OPTSTK,TATACHEM,25-Aug-2016,380,PE,0,0,0,5.6,0,0,0,0,0,17-AUG-2016,
OPTSTK,TATACHEM,25-Aug-2016,390,PE,0,0,0,7.6,0,0,0,0,0,17-AUG-2016,
OPTSTK,TATACHEM,25-Aug-2016,400,PE,0,0,0,0.5,0,0,0,13500,0,17-AUG-2016,
OPTSTK,TATACHEM,25-Aug-2016,410,PE,0,0,0,1,0,0,0,1500,0,17-AUG-2016,
OPTSTK,TATACHEM,25-Aug-2016,420,PE,0.15,0.15,0.15,0.15,0.15,1,6.3,27000,-1500,17-AUG-2016,
OPTSTK,TATACHEM,25-Aug-2016,430,PE,0.15,0.15,0.1,0.1,0.1,4,25.8,28500,-4500,17-AUG-2016,
OPTSTK,TATACHEM,25-Aug-2016,440,PE,0.15,0.15,0.15,0.15,0.15,1,6.6,40500,-1500,17-AUG-2016,
OPTSTK,TATACHEM,25-Aug-2016,450,PE,0.2,0.45,0.2,0.45,0.45,4,27.01,81000,-4500,17-AUG-2016,
OPTSTK,TATACHEM,25-Aug-2016,460,PE,0.3,0.4,0.2,0.35,0.35,18,124.28,64500,-21000,17-AUG-2016,
OPTSTK,TATACHEM,25-Aug-2016,470,PE,0.6,0.8,0.4,0.45,0.45,7,49.41,54000,-3000,17-AUG-2016,
OPTSTK,TATACHEM,25-Aug-2016,480,PE,1.85,2.65,0.9,1.05,1.05,43,310.48,111000,-12000,17-AUG-2016,
OPTSTK,TATACHEM,25-Aug-2016,490,PE,5.4,5.4,1.8,2.15,2.15,56,413.87,63000,18000,17-AUG-2016,
OPTSTK,TATACHEM,25-Aug-2016,500,PE,8.45,8.75,3.7,4.4,4.4,95,719.89,96000,24000,17-AUG-2016,
OPTSTK,TATACHEM,25-Aug-2016,510,PE,12.7,12.7,7.3,8.35,8.35,19,147.98,22500,1500,17-AUG-2016,
OPTSTK,TATACHEM,25-Aug-2016,520,PE,15,15,13.5,13.5,13.5,2,16.02,4500,1500,17-AUG-2016,
OPTSTK,TATACHEM,25-Aug-2016,530,PE,0,0,0,34,25.35,0,0,0,0,17-AUG-2016,
OPTSTK,TATACHEM,25-Aug-2016,540,PE,0,0,0,42.5,32.95,0,0,4500,0,17-AUG-2016,
OPTSTK,TATACHEM,25-Aug-2016,550,PE,43.55,43.55,43.55,43.55,43.55,1,8.9,0,-1500,17-AUG-2016,
OPTSTK,TATACHEM,25-Aug-2016,560,PE,0,0,0,53.4,50.25,0,0,1500,0,17-AUG-2016,
OPTSTK,TATACHEM,25-Aug-2016,570,PE,0,0,0,123.5,59.6,0,0,0,0,17-AUG-2016,
OPTSTK,TATACHEM,25-Aug-2016,580,PE,0,0,0,132.8,69.2,0,0,0,0,17-AUG-2016,
OPTSTK,TATACHEM,25-Aug-2016,590,PE,0,0,0,153.2,78.95,0,0,0,0,17-AUG-2016,
OPTSTK,TATACHEM,29-Sep-2016,300,CE,0,0,0,135.7,212.85,0,0,0,0,17-AUG-2016,
OPTSTK,TATACHEM,29-Sep-2016,310,CE,0,0,0,125.9,202.95,0,0,0,0,17-AUG-2016,
OPTSTK,TATACHEM,29-Sep-2016,320,CE,0,0,0,116.1,193.05,0,0,0,0,17-AUG-2016,
OPTSTK,TATACHEM,29-Sep-2016,330,CE,0,0,0,106.25,183.15,0,0,0,0,17-AUG-2016,
OPTSTK,TATACHEM,29-Sep-2016,340,CE,0,0,0,96.5,173.25,0,0,0,0,17-AUG-2016,
OPTSTK,TATACHEM,29-Sep-2016,350,CE,0,0,0,86.75,163.4,0,0,0,0,17-AUG-2016,
OPTSTK,TATACHEM,29-Sep-2016,360,CE,0,0,0,77.1,153.6,0,0,0,0,17-AUG-2016,
OPTSTK,TATACHEM,29-Sep-2016,370,CE,0,0,0,67.6,143.85,0,0,0,0,17-AUG-2016,
OPTSTK,TATACHEM,29-Sep-2016,380,CE,0,0,0,58.4,134.2,0,0,0,0,17-AUG-2016,
OPTSTK,TATACHEM,29-Sep-2016,390,CE,0,0,0,49.6,124.65,0,0,0,0,17-AUG-2016,
OPTSTK,TATACHEM,29-Sep-2016,400,CE,0,0,0,73,115.25,0,0,1500,0,17-AUG-2016,
OPTSTK,TATACHEM,29-Sep-2016,410,CE,0,0,0,33.7,106.05,0,0,0,0,17-AUG-2016,
OPTSTK,TATACHEM,29-Sep-2016,420,CE,0,0,0,85,97.1,0,0,6000,0,17-AUG-2016,
OPTSTK,TATACHEM,29-Sep-2016,430,CE,0,0,0,20.95,88.45,0,0,0,0,17-AUG-2016,
OPTSTK,TATACHEM,29-Sep-2016,440,CE,0,0,0,15.95,80.1,0,0,0,0,17-AUG-2016,
OPTSTK,TATACHEM,29-Sep-2016,450,CE,0,0,0,11.85,72.15,0,0,0,0,17-AUG-2016,
OPTSTK,TATACHEM,29-Sep-2016,460,CE,0,0,0,8.6,64.65,0,0,0,0,17-AUG-2016,
OPTSTK,TATACHEM,29-Sep-2016,470,CE,0,0,0,6.1,57.5,0,0,0,0,17-AUG-2016,
OPTSTK,TATACHEM,29-Sep-2016,480,CE,0,0,0,4.2,50.9,0,0,0,0,17-AUG-2016,
OPTSTK,TATACHEM,29-Sep-2016,490,CE,0,0,0,2.85,44.75,0,0,0,0,17-AUG-2016,
OPTSTK,TATACHEM,29-Sep-2016,500,CE,0,0,0,25,39.1,0,0,1500,0,17-AUG-2016,
OPTSTK,TATACHEM,29-Sep-2016,510,CE,0,0,0,18.65,34,0,0,3000,0,17-AUG-2016,
OPTSTK,TATACHEM,29-Sep-2016,520,CE,20,20,20,20,20,4,32.4,9000,3000,17-AUG-2016,
OPTSTK,TATACHEM,29-Sep-2016,530,CE,0,0,0,0.5,25.2,0,0,0,0,17-AUG-2016,
OPTSTK,TATACHEM,29-Sep-2016,540,CE,0,0,0,0.3,21.55,0,0,0,0,17-AUG-2016,
OPTSTK,TATACHEM,29-Sep-2016,550,CE,0,0,0,0.2,18.3,0,0,0,0,17-AUG-2016,
OPTSTK,TATACHEM,29-Sep-2016,560,CE,0,0,0,0.1,15.45,0,0,0,0,17-AUG-2016,
OPTSTK,TATACHEM,29-Sep-2016,570,CE,0,0,0,0.05,13,0,0,0,0,17-AUG-2016,
OPTSTK,TATACHEM,29-Sep-2016,580,CE,0,0,0,0.05,10.85,0,0,0,0,17-AUG-2016,
OPTSTK,TATACHEM,29-Sep-2016,590,CE,0,0,0,0.05,9,0,0,0,0,17-AUG-2016,
OPTSTK,TATACHEM,29-Sep-2016,300,PE,0,0,0,0.05,0,0,0,0,0,17-AUG-2016,
OPTSTK,TATACHEM,29-Sep-2016,310,PE,0,0,0,0.05,0.05,0,0,0,0,17-AUG-2016,
OPTSTK,TATACHEM,29-Sep-2016,320,PE,0,0,0,0.05,0.05,0,0,0,0,17-AUG-2016,
OPTSTK,TATACHEM,29-Sep-2016,330,PE,0,0,0,0.05,0.05,0,0,0,0,17-AUG-2016,
OPTSTK,TATACHEM,29-Sep-2016,340,PE,0,0,0,0.1,0.1,0,0,0,0,17-AUG-2016,
OPTSTK,TATACHEM,29-Sep-2016,350,PE,0,0,0,0.15,0.15,0,0,0,0,17-AUG-2016,
OPTSTK,TATACHEM,29-Sep-2016,360,PE,0,0,0,0.35,0.3,0,0,0,0,17-AUG-2016,
OPTSTK,TATACHEM,29-Sep-2016,370,PE,0,0,0,0.7,0.45,0,0,0,0,17-AUG-2016,
OPTSTK,TATACHEM,29-Sep-2016,380,PE,0,0,0,1.3,0.7,0,0,0,0,17-AUG-2016,
OPTSTK,TATACHEM,29-Sep-2016,390,PE,0,0,0,2.3,1.1,0,0,0,0,17-AUG-2016,
OPTSTK,TATACHEM,29-Sep-2016,400,PE,0,0,0,1.4,1.6,0,0,0,0,17-AUG-2016,
OPTSTK,TATACHEM,29-Sep-2016,410,PE,0,0,0,1.2,2.35,0,0,6000,0,17-AUG-2016,
OPTSTK,TATACHEM,29-Sep-2016,420,PE,1.2,1.2,1.2,1.2,1.2,1,6.31,7500,0,17-AUG-2016,
OPTSTK,TATACHEM,29-Sep-2016,430,PE,0,0,0,12.95,4.55,0,0,0,0,17-AUG-2016,
OPTSTK,TATACHEM,29-Sep-2016,440,PE,0,0,0,17.8,6.15,0,0,0,0,17-AUG-2016,
OPTSTK,TATACHEM,29-Sep-2016,450,PE,0,0,0,23.5,8.1,0,0,0,0,17-AUG-2016,
OPTSTK,TATACHEM,29-Sep-2016,460,PE,0,0,0,8,10.5,0,0,0,0,17-AUG-2016,
OPTSTK,TATACHEM,29-Sep-2016,470,PE,0,0,0,11,13.3,0,0,0,0,17-AUG-2016,
OPTSTK,TATACHEM,29-Sep-2016,480,PE,8,8,8,8,8,3,21.96,4500,4500,17-AUG-2016,
OPTSTK,TATACHEM,29-Sep-2016,490,PE,10,11,10,11,11,4,30.01,7500,-4500,17-AUG-2016,
OPTSTK,TATACHEM,29-Sep-2016,500,PE,16.95,16.95,16.95,16.95,16.95,1,7.75,7500,-1500,17-AUG-2016,
OPTSTK,TATACHEM,29-Sep-2016,510,PE,0,0,0,23,29.45,0,0,3000,0,17-AUG-2016,
OPTSTK,TATACHEM,29-Sep-2016,520,PE,0,0,0,81.2,34.75,0,0,0,0,17-AUG-2016,
OPTSTK,TATACHEM,29-Sep-2016,530,PE,0,0,0,90.7,40.55,0,0,0,0,17-AUG-2016,
OPTSTK,TATACHEM,29-Sep-2016,540,PE,0,0,0,100.35,46.75,0,0,0,0,17-AUG-2016,
OPTSTK,TATACHEM,29-Sep-2016,550,PE,0,0,0,110.05,53.4,0,0,0,0,17-AUG-2016,
OPTSTK,TATACHEM,29-Sep-2016,560,PE,0,0,0,119.8,60.5,0,0,0,0,17-AUG-2016,
OPTSTK,TATACHEM,29-Sep-2016,570,PE,0,0,0,129.6,67.95,0,0,0,0,17-AUG-2016,
OPTSTK,TATACHEM,29-Sep-2016,580,PE,0,0,0,139.4,75.75,0,0,0,0,17-AUG-2016,
OPTSTK,TATACHEM,29-Sep-2016,590,PE,0,0,0,149.2,83.85,0,0,0,0,17-AUG-2016,
OPTSTK,TATACHEM,27-Oct-2016,300,CE,0,0,0,171.9,214.5,0,0,0,0,17-AUG-2016,
OPTSTK,TATACHEM,27-Oct-2016,310,CE,0,0,0,162.05,204.7,0,0,0,0,17-AUG-2016,
OPTSTK,TATACHEM,27-Oct-2016,320,CE,0,0,0,152.25,194.9,0,0,0,0,17-AUG-2016,
OPTSTK,TATACHEM,27-Oct-2016,330,CE,0,0,0,142.45,185.2,0,0,0,0,17-AUG-2016,
OPTSTK,TATACHEM,27-Oct-2016,340,CE,0,0,0,132.65,175.5,0,0,0,0,17-AUG-2016,
OPTSTK,TATACHEM,27-Oct-2016,350,CE,0,0,0,122.9,165.9,0,0,0,0,17-AUG-2016,
OPTSTK,TATACHEM,27-Oct-2016,360,CE,0,0,0,113.25,156.45,0,0,0,0,17-AUG-2016,
OPTSTK,TATACHEM,27-Oct-2016,370,CE,0,0,0,103.65,147.05,0,0,0,0,17-AUG-2016,
OPTSTK,TATACHEM,27-Oct-2016,380,CE,0,0,0,94.25,137.85,0,0,0,0,17-AUG-2016,
OPTSTK,TATACHEM,27-Oct-2016,390,CE,0,0,0,85.05,128.85,0,0,0,0,17-AUG-2016,
OPTSTK,TATACHEM,27-Oct-2016,400,CE,0,0,0,76.1,120.05,0,0,0,0,17-AUG-2016,
OPTSTK,TATACHEM,27-Oct-2016,410,CE,0,0,0,67.5,111.45,0,0,0,0,17-AUG-2016,
OPTSTK,TATACHEM,27-Oct-2016,420,CE,0,0,0,59.35,103.2,0,0,0,0,17-AUG-2016,
OPTSTK,TATACHEM,27-Oct-2016,430,CE,0,0,0,51.65,95.2,0,0,0,0,17-AUG-2016,
OPTSTK,TATACHEM,27-Oct-2016,440,CE,0,0,0,44.5,87.55,0,0,0,0,17-AUG-2016,
OPTSTK,TATACHEM,27-Oct-2016,450,CE,0,0,0,37.95,80.2,0,0,0,0,17-AUG-2016,
OPTSTK,TATACHEM,27-Oct-2016,460,CE,0,0,0,32.05,73.25,0,0,0,0,17-AUG-2016,
OPTSTK,TATACHEM,27-Oct-2016,470,CE,0,0,0,26.75,66.65,0,0,0,0,17-AUG-2016,
OPTSTK,TATACHEM,27-Oct-2016,480,CE,0,0,0,22.1,60.5,0,0,0,0,17-AUG-2016,
OPTSTK,TATACHEM,27-Oct-2016,490,CE,0,0,0,18.1,54.7,0,0,0,0,17-AUG-2016,
OPTSTK,TATACHEM,27-Oct-2016,500,CE,0,0,0,14.6,49.3,0,0,0,0,17-AUG-2016,
OPTSTK,TATACHEM,27-Oct-2016,510,CE,0,0,0,11.7,44.25,0,0,0,0,17-AUG-2016,
OPTSTK,TATACHEM,27-Oct-2016,520,CE,0,0,0,9.3,39.65,0,0,0,0,17-AUG-2016,
OPTSTK,TATACHEM,27-Oct-2016,530,CE,0,0,0,7.3,35.4,0,0,0,0,17-AUG-2016,
OPTSTK,TATACHEM,27-Oct-2016,540,CE,0,0,0,5.65,31.5,0,0,0,0,17-AUG-2016,
OPTSTK,TATACHEM,27-Oct-2016,550,CE,0,0,0,4.35,27.95,0,0,0,0,17-AUG-2016,
OPTSTK,TATACHEM,27-Oct-2016,560,CE,0,0,0,3.35,24.75,0,0,0,0,17-AUG-2016,
OPTSTK,TATACHEM,27-Oct-2016,570,CE,0,0,0,2.55,21.85,0,0,0,0,17-AUG-2016,
OPTSTK,TATACHEM,27-Oct-2016,580,CE,0,0,0,1.9,19.25,0,0,0,0,17-AUG-2016,
OPTSTK,TATACHEM,27-Oct-2016,590,CE,0,0,0,1.4,16.9,0,0,0,0,17-AUG-2016,
OPTSTK,TATACHEM,27-Oct-2016,300,PE,0,0,0,0.05,0.1,0,0,0,0,17-AUG-2016,
OPTSTK,TATACHEM,27-Oct-2016,310,PE,0,0,0,0.05,0.15,0,0,0,0,17-AUG-2016,
OPTSTK,TATACHEM,27-Oct-2016,320,PE,0,0,0,0.05,0.25,0,0,0,0,17-AUG-2016,
OPTSTK,TATACHEM,27-Oct-2016,330,PE,0,0,0,0.05,0.4,0,0,0,0,17-AUG-2016,
OPTSTK,TATACHEM,27-Oct-2016,340,PE,0,0,0,0.1,0.55,0,0,0,0,17-AUG-2016,
OPTSTK,TATACHEM,27-Oct-2016,350,PE,0,0,0,0.2,0.85,0,0,0,0,17-AUG-2016,
OPTSTK,TATACHEM,27-Oct-2016,360,PE,0,0,0,0.35,1.25,0,0,0,0,17-AUG-2016,
OPTSTK,TATACHEM,27-Oct-2016,370,PE,0,0,0,0.6,1.75,0,0,0,0,17-AUG-2016,
OPTSTK,TATACHEM,27-Oct-2016,380,PE,0,0,0,1.05,2.4,0,0,0,0,17-AUG-2016,
OPTSTK,TATACHEM,27-Oct-2016,390,PE,0,0,0,1.65,3.25,0,0,0,0,17-AUG-2016,
OPTSTK,TATACHEM,27-Oct-2016,400,PE,0,0,0,2.55,4.3,0,0,0,0,17-AUG-2016,
OPTSTK,TATACHEM,27-Oct-2016,410,PE,0,0,0,3.8,5.6,0,0,0,0,17-AUG-2016,
OPTSTK,TATACHEM,27-Oct-2016,420,PE,0,0,0,5.45,7.2,0,0,0,0,17-AUG-2016,
OPTSTK,TATACHEM,27-Oct-2016,430,PE,0,0,0,7.6,9.05,0,0,0,0,17-AUG-2016,
OPTSTK,TATACHEM,27-Oct-2016,440,PE,0,0,0,10.25,11.25,0,0,0,0,17-AUG-2016,
OPTSTK,TATACHEM,27-Oct-2016,450,PE,0,0,0,13.55,13.8,0,0,0,0,17-AUG-2016,
OPTSTK,TATACHEM,27-Oct-2016,460,PE,0,0,0,17.45,16.75,0,0,0,0,17-AUG-2016,
OPTSTK,TATACHEM,27-Oct-2016,470,PE,0,0,0,22,20,0,0,0,0,17-AUG-2016,
OPTSTK,TATACHEM,27-Oct-2016,480,PE,0,0,0,27.15,23.7,0,0,0,0,17-AUG-2016,
OPTSTK,TATACHEM,27-Oct-2016,490,PE,0,0,0,32.95,27.75,0,0,0,0,17-AUG-2016,
OPTSTK,TATACHEM,27-Oct-2016,500,PE,0,0,0,39.35,32.2,0,0,0,0,17-AUG-2016,
OPTSTK,TATACHEM,27-Oct-2016,510,PE,0,0,0,46.25,37.05,0,0,0,0,17-AUG-2016,
OPTSTK,TATACHEM,27-Oct-2016,520,PE,0,0,0,53.7,42.3,0,0,0,0,17-AUG-2016,
OPTSTK,TATACHEM,27-Oct-2016,530,PE,0,0,0,61.5,47.9,0,0,0,0,17-AUG-2016,
OPTSTK,TATACHEM,27-Oct-2016,540,PE,0,0,0,69.7,53.9,0,0,0,0,17-AUG-2016,
OPTSTK,TATACHEM,27-Oct-2016,550,PE,0,0,0,78.2,60.2,0,0,0,0,17-AUG-2016,
OPTSTK,TATACHEM,27-Oct-2016,560,PE,0,0,0,87,66.85,0,0,0,0,17-AUG-2016,
OPTSTK,TATACHEM,27-Oct-2016,570,PE,0,0,0,96.05,73.85,0,0,0,0,17-AUG-2016,
OPTSTK,TATACHEM,27-Oct-2016,580,PE,0,0,0,105.25,81.1,0,0,0,0,17-AUG-2016,
OPTSTK,TATACHEM,27-Oct-2016,590,PE,0,0,0,114.6,88.6,0,0,0,0,17-AUG-2016,
OPTSTK,TATACOMM,25-Aug-2016,300,CE,0,0,0,162.95,190.5,0,0,0,0,17-AUG-2016,
OPTSTK,TATACOMM,25-Aug-2016,310,CE,0,0,0,153.15,180.55,0,0,0,0,17-AUG-2016,
OPTSTK,TATACOMM,25-Aug-2016,320,CE,0,0,0,143.35,170.55,0,0,0,0,17-AUG-2016,
OPTSTK,TATACOMM,25-Aug-2016,330,CE,0,0,0,133.65,160.55,0,0,0,0,17-AUG-2016,
OPTSTK,TATACOMM,25-Aug-2016,340,CE,0,0,0,123.95,150.6,0,0,0,0,17-AUG-2016,
OPTSTK,TATACOMM,25-Aug-2016,350,CE,0,0,0,114.4,140.6,0,0,0,0,17-AUG-2016,
OPTSTK,TATACOMM,25-Aug-2016,360,CE,0,0,0,104.95,130.6,0,0,0,0,17-AUG-2016,
OPTSTK,TATACOMM,25-Aug-2016,370,CE,0,0,0,95.7,120.6,0,0,0,0,17-AUG-2016,
OPTSTK,TATACOMM,25-Aug-2016,380,CE,0,0,0,86.65,110.65,0,0,0,0,17-AUG-2016,
OPTSTK,TATACOMM,25-Aug-2016,390,CE,0,0,0,77.95,100.65,0,0,0,0,17-AUG-2016,
OPTSTK,TATACOMM,25-Aug-2016,400,CE,0,0,0,68,90.65,0,0,1400,0,17-AUG-2016,
OPTSTK,TATACOMM,25-Aug-2016,410,CE,0,0,0,68.9,80.7,0,0,2800,0,17-AUG-2016,
OPTSTK,TATACOMM,25-Aug-2016,420,CE,0,0,0,35.95,70.75,0,0,4200,0,17-AUG-2016,
OPTSTK,TATACOMM,25-Aug-2016,430,CE,0,0,0,49.5,60.85,0,0,1400,0,17-AUG-2016,
OPTSTK,TATACOMM,25-Aug-2016,440,CE,0,0,0,75,51.15,0,0,15400,0,17-AUG-2016,
OPTSTK,TATACOMM,25-Aug-2016,450,CE,40,40,40,40,40,1,6.86,21000,-1400,17-AUG-2016,
OPTSTK,TATACOMM,25-Aug-2016,460,CE,31,31,31,31,31,1,6.87,29400,0,17-AUG-2016,
OPTSTK,TATACOMM,25-Aug-2016,470,CE,30,30,23.45,23.45,23.45,6,41.71,36400,0,17-AUG-2016,
OPTSTK,TATACOMM,25-Aug-2016,480,CE,15.5,22.65,14.2,14.2,14.2,29,202.33,63000,0,17-AUG-2016,
OPTSTK,TATACOMM,25-Aug-2016,490,CE,8.9,16,8.9,12.4,12.4,86,605.72,46200,-15400,17-AUG-2016,
OPTSTK,TATACOMM,25-Aug-2016,500,CE,5.85,11.85,5.85,8.6,8.6,246,1755.3,212800,14000,17-AUG-2016,
OPTSTK,TATACOMM,25-Aug-2016,510,CE,7.5,8,4.6,5.3,5.3,37,267.64,53200,8400,17-AUG-2016,
OPTSTK,TATACOMM,25-Aug-2016,520,CE,4.5,5.9,2.8,4.15,4.15,65,477.17,155400,1400,17-AUG-2016,
OPTSTK,TATACOMM,25-Aug-2016,530,CE,3,3.5,2.6,2.65,2.65,6,44.77,56000,-1400,17-AUG-2016,
OPTSTK,TATACOMM,25-Aug-2016,540,CE,1.6,2.85,1.5,1.5,1.5,20,151.8,137200,-11200,17-AUG-2016,
OPTSTK,TATACOMM,25-Aug-2016,550,CE,1.5,3.25,1.45,1.75,1.75,7,54.08,91000,2800,17-AUG-2016,
OPTSTK,TATACOMM,25-Aug-2016,560,CE,0,0,0,0.2,0.2,0,0,42000,0,17-AUG-2016,
OPTSTK,TATACOMM,25-Aug-2016,570,CE,0.3,0.3,0.3,0.3,0.3,1,7.98,8400,-1400,17-AUG-2016,
OPTSTK,TATACOMM,25-Aug-2016,580,CE,0.2,0.2,0.2,0.2,0.2,1,8.12,2800,-1400,17-AUG-2016,
OPTSTK,TATACOMM,25-Aug-2016,300,PE,0,0,0,0.05,0,0,0,0,0,17-AUG-2016,
OPTSTK,TATACOMM,25-Aug-2016,310,PE,0,0,0,0.05,0,0,0,0,0,17-AUG-2016,
OPTSTK,TATACOMM,25-Aug-2016,320,PE,0,0,0,0.1,0,0,0,0,0,17-AUG-2016,
OPTSTK,TATACOMM,25-Aug-2016,330,PE,0,0,0,0.2,0,0,0,0,0,17-AUG-2016,
OPTSTK,TATACOMM,25-Aug-2016,340,PE,0,0,0,0.35,0,0,0,0,0,17-AUG-2016,
OPTSTK,TATACOMM,25-Aug-2016,350,PE,0,0,0,0.6,0,0,0,0,0,17-AUG-2016,
OPTSTK,TATACOMM,25-Aug-2016,360,PE,0,0,0,1,0,0,0,0,0,17-AUG-2016,
OPTSTK,TATACOMM,25-Aug-2016,370,PE,0,0,0,1.55,0,0,0,0,0,17-AUG-2016,
OPTSTK,TATACOMM,25-Aug-2016,380,PE,0,0,0,2.35,0,0,0,0,0,17-AUG-2016,
OPTSTK,TATACOMM,25-Aug-2016,390,PE,0,0,0,3.45,0,0,0,0,0,17-AUG-2016,
OPTSTK,TATACOMM,25-Aug-2016,400,PE,0,0,0,0.15,0,0,0,5600,0,17-AUG-2016,
OPTSTK,TATACOMM,25-Aug-2016,410,PE,0,0,0,0.6,0.05,0,0,2800,0,17-AUG-2016,
OPTSTK,TATACOMM,25-Aug-2016,420,PE,0,0,0,0.55,0.05,0,0,11200,0,17-AUG-2016,
OPTSTK,TATACOMM,25-Aug-2016,430,PE,0,0,0,0.7,0.15,0,0,42000,0,17-AUG-2016,
OPTSTK,TATACOMM,25-Aug-2016,440,PE,0,0,0,1,0.45,0,0,39200,0,17-AUG-2016,
OPTSTK,TATACOMM,25-Aug-2016,450,PE,1.35,1.35,1.35,1.35,1.35,2,12.63,29400,0,17-AUG-2016,
OPTSTK,TATACOMM,25-Aug-2016,460,PE,1.15,2.15,1.15,1.6,1.6,14,90.51,40600,-4200,17-AUG-2016,
OPTSTK,TATACOMM,25-Aug-2016,470,PE,3,3.65,1.5,2.75,2.75,18,119.18,68600,1400,17-AUG-2016,
OPTSTK,TATACOMM,25-Aug-2016,480,PE,4.75,7,3.7,5.2,5.2,21,142.8,43400,11200,17-AUG-2016,
OPTSTK,TATACOMM,25-Aug-2016,490,PE,11,11.65,11,11.65,11.65,3,21.05,23800,0,17-AUG-2016,
OPTSTK,TATACOMM,25-Aug-2016,500,PE,14.9,18.4,13.05,18.4,18.4,12,86.65,36400,0,17-AUG-2016,
OPTSTK,TATACOMM,25-Aug-2016,510,PE,22.4,22.4,22.4,22.4,22.4,3,22.36,5600,4200,17-AUG-2016,
OPTSTK,TATACOMM,25-Aug-2016,520,PE,30.6,31.05,28.7,31.05,31.05,4,30.8,4200,0,17-AUG-2016,
OPTSTK,TATACOMM,25-Aug-2016,530,PE,0,0,0,30,40.75,0,0,4200,0,17-AUG-2016,
OPTSTK,TATACOMM,25-Aug-2016,540,PE,0,0,0,61.9,49.95,0,0,2800,0,17-AUG-2016,
OPTSTK,TATACOMM,25-Aug-2016,550,PE,0,0,0,87.45,59.55,0,0,0,0,17-AUG-2016,
OPTSTK,TATACOMM,25-Aug-2016,560,PE,0,0,0,96.25,69.3,0,0,0,0,17-AUG-2016,
OPTSTK,TATACOMM,25-Aug-2016,570,PE,0,0,0,105.25,79.2,0,0,0,0,17-AUG-2016,
OPTSTK,TATACOMM,25-Aug-2016,580,PE,0,0,0,114.4,89.15,0,0,0,0,17-AUG-2016,
OPTSTK,TATACOMM,29-Sep-2016,300,CE,0,0,0,185.8,192.5,0,0,0,0,17-AUG-2016,
OPTSTK,TATACOMM,29-Sep-2016,310,CE,0,0,0,175.95,182.6,0,0,0,0,17-AUG-2016,
OPTSTK,TATACOMM,29-Sep-2016,320,CE,0,0,0,166.15,172.7,0,0,0,0,17-AUG-2016,
OPTSTK,TATACOMM,29-Sep-2016,330,CE,0,0,0,156.4,162.8,0,0,0,0,17-AUG-2016,
OPTSTK,TATACOMM,29-Sep-2016,340,CE,0,0,0,146.65,152.9,0,0,0,0,17-AUG-2016,
OPTSTK,TATACOMM,29-Sep-2016,350,CE,0,0,0,136.95,143.05,0,0,0,0,17-AUG-2016,
OPTSTK,TATACOMM,29-Sep-2016,360,CE,0,0,0,127.3,133.25,0,0,0,0,17-AUG-2016,
OPTSTK,TATACOMM,29-Sep-2016,370,CE,0,0,0,117.8,123.55,0,0,0,0,17-AUG-2016,
OPTSTK,TATACOMM,29-Sep-2016,380,CE,0,0,0,108.45,113.9,0,0,0,0,17-AUG-2016,
OPTSTK,TATACOMM,29-Sep-2016,390,CE,0,0,0,99.25,104.45,0,0,0,0,17-AUG-2016,
OPTSTK,TATACOMM,29-Sep-2016,400,CE,0,0,0,90.35,95.2,0,0,0,0,17-AUG-2016,
OPTSTK,TATACOMM,29-Sep-2016,410,CE,0,0,0,81.7,86.2,0,0,0,0,17-AUG-2016,
OPTSTK,TATACOMM,29-Sep-2016,420,CE,0,0,0,73.4,77.5,0,0,0,0,17-AUG-2016,
OPTSTK,TATACOMM,29-Sep-2016,430,CE,0,0,0,65.5,69.15,0,0,0,0,17-AUG-2016,
OPTSTK,TATACOMM,29-Sep-2016,440,CE,0,0,0,58.1,61.3,0,0,0,0,17-AUG-2016,
OPTSTK,TATACOMM,29-Sep-2016,450,CE,0,0,0,51.1,53.9,0,0,0,0,17-AUG-2016,
OPTSTK,TATACOMM,29-Sep-2016,460,CE,0,0,0,32.05,46.95,0,0,1400,0,17-AUG-2016,
OPTSTK,TATACOMM,29-Sep-2016,470,CE,0,0,0,38.75,40.6,0,0,0,0,17-AUG-2016,
OPTSTK,TATACOMM,29-Sep-2016,480,CE,0,0,0,21.3,34.85,0,0,1400,0,17-AUG-2016,
OPTSTK,TATACOMM,29-Sep-2016,490,CE,0,0,0,28.5,29.65,0,0,0,0,17-AUG-2016,
OPTSTK,TATACOMM,29-Sep-2016,500,CE,0,0,0,24.2,25.05,0,0,0,0,17-AUG-2016,
OPTSTK,TATACOMM,29-Sep-2016,510,CE,0,0,0,20.4,20.95,0,0,0,0,17-AUG-2016,
OPTSTK,TATACOMM,29-Sep-2016,520,CE,0,0,0,10,17.4,0,0,1400,0,17-AUG-2016,
OPTSTK,TATACOMM,29-Sep-2016,530,CE,0,0,0,6.65,14.35,0,0,2800,0,17-AUG-2016,
OPTSTK,TATACOMM,29-Sep-2016,540,CE,9,9,9,9,9,1,7.68,1400,-1400,17-AUG-2016,
OPTSTK,TATACOMM,29-Sep-2016,550,CE,0,0,0,9.65,9.55,0,0,0,0,17-AUG-2016,
OPTSTK,TATACOMM,29-Sep-2016,560,CE,0,0,0,7.85,7.7,0,0,0,0,17-AUG-2016,
OPTSTK,TATACOMM,29-Sep-2016,570,CE,0,0,0,8.6,6.15,0,0,2800,0,17-AUG-2016,
OPTSTK,TATACOMM,29-Sep-2016,580,CE,0,0,0,5.15,4.9,0,0,0,0,17-AUG-2016,
OPTSTK,TATACOMM,29-Sep-2016,300,PE,0,0,0,0.05,0,0,0,0,0,17-AUG-2016,
OPTSTK,TATACOMM,29-Sep-2016,310,PE,0,0,0,0.05,0.05,0,0,0,0,17-AUG-2016,
OPTSTK,TATACOMM,29-Sep-2016,320,PE,0,0,0,0.05,0.05,0,0,0,0,17-AUG-2016,
OPTSTK,TATACOMM,29-Sep-2016,330,PE,0,0,0,0.1,0.05,0,0,0,0,17-AUG-2016,
OPTSTK,TATACOMM,29-Sep-2016,340,PE,0,0,0,0.2,0.1,0,0,0,0,17-AUG-2016,
OPTSTK,TATACOMM,29-Sep-2016,350,PE,0,0,0,0.3,0.15,0,0,0,0,17-AUG-2016,
OPTSTK,TATACOMM,29-Sep-2016,360,PE,0,0,0,0.5,0.3,0,0,0,0,17-AUG-2016,
OPTSTK,TATACOMM,29-Sep-2016,370,PE,0,0,0,0.8,0.5,0,0,0,0,17-AUG-2016,
OPTSTK,TATACOMM,29-Sep-2016,380,PE,0,0,0,1.3,0.8,0,0,0,0,17-AUG-2016,
OPTSTK,TATACOMM,29-Sep-2016,390,PE,0,0,0,1.95,1.25,0,0,0,0,17-AUG-2016,
OPTSTK,TATACOMM,29-Sep-2016,400,PE,0,0,0,2.8,1.9,0,0,0,0,17-AUG-2016,
OPTSTK,TATACOMM,29-Sep-2016,410,PE,0,0,0,4,2.8,0,0,0,0,17-AUG-2016,
OPTSTK,TATACOMM,29-Sep-2016,420,PE,0,0,0,5.55,4.05,0,0,0,0,17-AUG-2016,
OPTSTK,TATACOMM,29-Sep-2016,430,PE,0,0,0,7.45,5.65,0,0,0,0,17-AUG-2016,
OPTSTK,TATACOMM,29-Sep-2016,440,PE,0,0,0,9.85,7.65,0,0,0,0,17-AUG-2016,
OPTSTK,TATACOMM,29-Sep-2016,450,PE,0,0,0,10.5,10.2,0,0,2800,0,17-AUG-2016,
OPTSTK,TATACOMM,29-Sep-2016,460,PE,0,0,0,14,13.2,0,0,4200,0,17-AUG-2016,
OPTSTK,TATACOMM,29-Sep-2016,470,PE,0,0,0,17.5,16.75,0,0,9800,0,17-AUG-2016,
OPTSTK,TATACOMM,29-Sep-2016,480,PE,15,15,15,15,15,1,6.93,2800,0,17-AUG-2016,
OPTSTK,TATACOMM,29-Sep-2016,490,PE,0,0,0,29.4,25.65,0,0,0,0,17-AUG-2016,
OPTSTK,TATACOMM,29-Sep-2016,500,PE,0,0,0,34.9,30.95,0,0,0,0,17-AUG-2016,
OPTSTK,TATACOMM,29-Sep-2016,510,PE,0,0,0,42.15,36.8,0,0,2800,0,17-AUG-2016,
OPTSTK,TATACOMM,29-Sep-2016,520,PE,0,0,0,47.45,43.15,0,0,0,0,17-AUG-2016,
OPTSTK,TATACOMM,29-Sep-2016,530,PE,0,0,0,54.4,50,0,0,0,0,17-AUG-2016,
OPTSTK,TATACOMM,29-Sep-2016,540,PE,0,0,0,61.75,57.35,0,0,0,0,17-AUG-2016,
OPTSTK,TATACOMM,29-Sep-2016,550,PE,0,0,0,69.45,65,0,0,0,0,17-AUG-2016,
OPTSTK,TATACOMM,29-Sep-2016,560,PE,0,0,0,77.5,73.1,0,0,0,0,17-AUG-2016,
OPTSTK,TATACOMM,29-Sep-2016,570,PE,0,0,0,85.85,81.5,0,0,0,0,17-AUG-2016,
OPTSTK,TATACOMM,29-Sep-2016,580,PE,0,0,0,94.45,90.15,0,0,0,0,17-AUG-2016,
OPTSTK,TATACOMM,27-Oct-2016,300,CE,0,0,0,150.3,194.15,0,0,0,0,17-AUG-2016,
OPTSTK,TATACOMM,27-Oct-2016,310,CE,0,0,0,140.5,184.3,0,0,0,0,17-AUG-2016,
OPTSTK,TATACOMM,27-Oct-2016,320,CE,0,0,0,130.7,174.5,0,0,0,0,17-AUG-2016,
OPTSTK,TATACOMM,27-Oct-2016,330,CE,0,0,0,121,164.8,0,0,0,0,17-AUG-2016,
OPTSTK,TATACOMM,27-Oct-2016,340,CE,0,0,0,111.35,155.1,0,0,0,0,17-AUG-2016,
OPTSTK,TATACOMM,27-Oct-2016,350,CE,0,0,0,101.8,145.5,0,0,0,0,17-AUG-2016,
OPTSTK,TATACOMM,27-Oct-2016,360,CE,0,0,0,92.4,136.05,0,0,0,0,17-AUG-2016,
OPTSTK,TATACOMM,27-Oct-2016,370,CE,0,0,0,83.25,126.75,0,0,0,0,17-AUG-2016,
OPTSTK,TATACOMM,27-Oct-2016,380,CE,0,0,0,74.35,117.6,0,0,0,0,17-AUG-2016,
OPTSTK,TATACOMM,27-Oct-2016,390,CE,0,0,0,65.85,108.65,0,0,0,0,17-AUG-2016,
OPTSTK,TATACOMM,27-Oct-2016,400,CE,0,0,0,57.8,100,0,0,0,0,17-AUG-2016,
OPTSTK,TATACOMM,27-Oct-2016,410,CE,0,0,0,50.25,91.65,0,0,0,0,17-AUG-2016,
OPTSTK,TATACOMM,27-Oct-2016,420,CE,0,0,0,43.2,83.6,0,0,0,0,17-AUG-2016,
OPTSTK,TATACOMM,27-Oct-2016,430,CE,0,0,0,36.8,75.95,0,0,0,0,17-AUG-2016,
OPTSTK,TATACOMM,27-Oct-2016,440,CE,0,0,0,31,68.65,0,0,0,0,17-AUG-2016,
OPTSTK,TATACOMM,27-Oct-2016,450,CE,0,0,0,25.85,61.8,0,0,0,0,17-AUG-2016,
OPTSTK,TATACOMM,27-Oct-2016,460,CE,0,0,0,21.35,55.35,0,0,0,0,17-AUG-2016,
OPTSTK,TATACOMM,27-Oct-2016,470,CE,0,0,0,17.45,49.35,0,0,0,0,17-AUG-2016,
OPTSTK,TATACOMM,27-Oct-2016,480,CE,0,0,0,14.1,43.85,0,0,0,0,17-AUG-2016,
OPTSTK,TATACOMM,27-Oct-2016,490,CE,0,0,0,11.3,38.75,0,0,0,0,17-AUG-2016,
OPTSTK,TATACOMM,27-Oct-2016,500,CE,0,0,0,9,34.1,0,0,0,0,17-AUG-2016,
OPTSTK,TATACOMM,27-Oct-2016,510,CE,0,0,0,7.05,29.85,0,0,0,0,17-AUG-2016,
OPTSTK,TATACOMM,27-Oct-2016,520,CE,0,0,0,5.5,26.05,0,0,0,0,17-AUG-2016,
OPTSTK,TATACOMM,27-Oct-2016,530,CE,0,0,0,4.25,22.65,0,0,0,0,17-AUG-2016,
OPTSTK,TATACOMM,27-Oct-2016,540,CE,0,0,0,3.25,19.6,0,0,0,0,17-AUG-2016,
OPTSTK,TATACOMM,27-Oct-2016,550,CE,0,0,0,2.45,16.9,0,0,0,0,17-AUG-2016,
OPTSTK,TATACOMM,27-Oct-2016,560,CE,0,0,0,1.85,14.55,0,0,0,0,17-AUG-2016,
OPTSTK,TATACOMM,27-Oct-2016,570,CE,0,0,0,1.4,12.45,0,0,0,0,17-AUG-2016,
OPTSTK,TATACOMM,27-Oct-2016,580,CE,0,0,0,1.05,10.6,0,0,0,0,17-AUG-2016,
OPTSTK,TATACOMM,27-Oct-2016,300,PE,0,0,0,0.05,0.1,0,0,0,0,17-AUG-2016,
OPTSTK,TATACOMM,27-Oct-2016,310,PE,0,0,0,0.05,0.15,0,0,0,0,17-AUG-2016,
OPTSTK,TATACOMM,27-Oct-2016,320,PE,0,0,0,0.1,0.2,0,0,0,0,17-AUG-2016,
OPTSTK,TATACOMM,27-Oct-2016,330,PE,0,0,0,0.2,0.35,0,0,0,0,17-AUG-2016,
OPTSTK,TATACOMM,27-Oct-2016,340,PE,0,0,0,0.4,0.55,0,0,0,0,17-AUG-2016,
OPTSTK,TATACOMM,27-Oct-2016,350,PE,0,0,0,0.65,0.8,0,0,0,0,17-AUG-2016,
OPTSTK,TATACOMM,27-Oct-2016,360,PE,0,0,0,1.1,1.2,0,0,0,0,17-AUG-2016,
OPTSTK,TATACOMM,27-Oct-2016,370,PE,0,0,0,1.8,1.75,0,0,0,0,17-AUG-2016,
OPTSTK,TATACOMM,27-Oct-2016,380,PE,0,0,0,2.75,2.5,0,0,0,0,17-AUG-2016,
OPTSTK,TATACOMM,27-Oct-2016,390,PE,0,0,0,4.05,3.4,0,0,0,0,17-AUG-2016,
OPTSTK,TATACOMM,27-Oct-2016,400,PE,0,0,0,5.8,4.65,0,0,0,0,17-AUG-2016,
OPTSTK,TATACOMM,27-Oct-2016,410,PE,0,0,0,8.1,6.15,0,0,0,0,17-AUG-2016,
OPTSTK,TATACOMM,27-Oct-2016,420,PE,0,0,0,10.9,7.95,0,0,0,0,17-AUG-2016,
OPTSTK,TATACOMM,27-Oct-2016,430,PE,0,0,0,14.3,10.15,0,0,0,0,17-AUG-2016,
OPTSTK,TATACOMM,27-Oct-2016,440,PE,0,0,0,18.35,12.75,0,0,0,0,17-AUG-2016,
OPTSTK,TATACOMM,27-Oct-2016,450,PE,0,0,0,23.05,15.75,0,0,0,0,17-AUG-2016,
OPTSTK,TATACOMM,27-Oct-2016,460,PE,0,0,0,28.35,19.15,0,0,0,0,17-AUG-2016,
OPTSTK,TATACOMM,27-Oct-2016,470,PE,0,0,0,34.25,23.05,0,0,0,0,17-AUG-2016,
OPTSTK,TATACOMM,27-Oct-2016,480,PE,0,0,0,40.75,27.4,0,0,0,0,17-AUG-2016,
OPTSTK,TATACOMM,27-Oct-2016,490,PE,0,0,0,47.8,32.15,0,0,0,0,17-AUG-2016,
OPTSTK,TATACOMM,27-Oct-2016,500,PE,0,0,0,55.3,37.35,0,0,0,0,17-AUG-2016,
OPTSTK,TATACOMM,27-Oct-2016,510,PE,0,0,0,63.2,43,0,0,0,0,17-AUG-2016,
OPTSTK,TATACOMM,27-Oct-2016,520,PE,0,0,0,71.45,49.1,0,0,0,0,17-AUG-2016,
OPTSTK,TATACOMM,27-Oct-2016,530,PE,0,0,0,80.05,55.55,0,0,0,0,17-AUG-2016,
OPTSTK,TATACOMM,27-Oct-2016,540,PE,0,0,0,88.85,62.35,0,0,0,0,17-AUG-2016,
OPTSTK,TATACOMM,27-Oct-2016,550,PE,0,0,0,97.9,69.5,0,0,0,0,17-AUG-2016,
OPTSTK,TATACOMM,27-Oct-2016,560,PE,0,0,0,107.15,77,0,0,0,0,17-AUG-2016,
OPTSTK,TATACOMM,27-Oct-2016,570,PE,0,0,0,116.5,84.8,0,0,0,0,17-AUG-2016,
OPTSTK,TATACOMM,27-Oct-2016,580,PE,0,0,0,125.95,92.8,0,0,0,0,17-AUG-2016,
OPTSTK,TATAELXSI,25-Aug-2016,1200,CE,0,0,0,637,442.55,0,0,0,0,17-AUG-2016,
OPTSTK,TATAELXSI,25-Aug-2016,1250,CE,0,0,0,588.45,392.65,0,0,0,0,17-AUG-2016,
OPTSTK,TATAELXSI,25-Aug-2016,1300,CE,0,0,0,540.3,342.7,0,0,0,0,17-AUG-2016,
OPTSTK,TATAELXSI,25-Aug-2016,1350,CE,0,0,0,492.85,292.8,0,0,0,0,17-AUG-2016,
OPTSTK,TATAELXSI,25-Aug-2016,1400,CE,0,0,0,446.35,242.9,0,0,0,0,17-AUG-2016,
OPTSTK,TATAELXSI,25-Aug-2016,1450,CE,0,0,0,401.1,193.1,0,0,0,0,17-AUG-2016,
OPTSTK,TATAELXSI,25-Aug-2016,1500,CE,0,0,0,357.5,144,0,0,0,0,17-AUG-2016,
OPTSTK,TATAELXSI,25-Aug-2016,1550,CE,0,0,0,315.95,97.7,0,0,0,0,17-AUG-2016,
OPTSTK,TATAELXSI,25-Aug-2016,1600,CE,56.1,60,56.1,60,60,2,9.94,1500,300,17-AUG-2016,
OPTSTK,TATAELXSI,25-Aug-2016,1650,CE,39,39,27.25,30.05,30.05,23,115.99,12300,1500,17-AUG-2016,
OPTSTK,TATAELXSI,25-Aug-2016,1700,CE,14.15,20,12.1,15.7,15.7,51,262.37,37500,900,17-AUG-2016,
OPTSTK,TATAELXSI,25-Aug-2016,1750,CE,6,10,4.7,5.75,5.75,72,379.39,25800,-12300,17-AUG-2016,
OPTSTK,TATAELXSI,25-Aug-2016,1800,CE,5,5,2.05,2.15,2.15,20,108.16,41100,-1800,17-AUG-2016,
OPTSTK,TATAELXSI,25-Aug-2016,1850,CE,0,0,0,3.1,0.25,0,0,1500,0,17-AUG-2016,
OPTSTK,TATAELXSI,25-Aug-2016,1900,CE,0,0,0,2.05,0.05,0,0,1200,0,17-AUG-2016,
OPTSTK,TATAELXSI,25-Aug-2016,1950,CE,0,0,0,84.65,0.05,0,0,0,0,17-AUG-2016,
OPTSTK,TATAELXSI,25-Aug-2016,2000,CE,0,0,0,68.95,0,0,0,0,0,17-AUG-2016,
OPTSTK,TATAELXSI,25-Aug-2016,2050,CE,0,0,0,55.85,0,0,0,0,0,17-AUG-2016,
OPTSTK,TATAELXSI,25-Aug-2016,2100,CE,0,0,0,44.8,0,0,0,0,0,17-AUG-2016,
OPTSTK,TATAELXSI,25-Aug-2016,2150,CE,0,0,0,35.65,0,0,0,0,0,17-AUG-2016,
OPTSTK,TATAELXSI,25-Aug-2016,2200,CE,0,0,0,28.15,0,0,0,0,0,17-AUG-2016,
OPTSTK,TATAELXSI,25-Aug-2016,2250,CE,0,0,0,22.1,0,0,0,0,0,17-AUG-2016,
OPTSTK,TATAELXSI,25-Aug-2016,2300,CE,0,0,0,17.2,0,0,0,0,0,17-AUG-2016,
OPTSTK,TATAELXSI,25-Aug-2016,2350,CE,0,0,0,13.35,0,0,0,0,0,17-AUG-2016,
OPTSTK,TATAELXSI,25-Aug-2016,2400,CE,0,0,0,10.25,0,0,0,0,0,17-AUG-2016,
OPTSTK,TATAELXSI,25-Aug-2016,2450,CE,0,0,0,7.85,0,0,0,0,0,17-AUG-2016,
OPTSTK,TATAELXSI,25-Aug-2016,1200,PE,0,0,0,0.55,0,0,0,0,0,17-AUG-2016,
OPTSTK,TATAELXSI,25-Aug-2016,1250,PE,0,0,0,1.1,0,0,0,0,0,17-AUG-2016,
OPTSTK,TATAELXSI,25-Aug-2016,1300,PE,0,0,0,2.05,0,0,0,0,0,17-AUG-2016,
OPTSTK,TATAELXSI,25-Aug-2016,1350,PE,0,0,0,3.7,0,0,0,0,0,17-AUG-2016,
OPTSTK,TATAELXSI,25-Aug-2016,1400,PE,0,0,0,6.3,0.05,0,0,0,0,17-AUG-2016,
OPTSTK,TATAELXSI,25-Aug-2016,1450,PE,0,0,0,10.2,0.15,0,0,0,0,17-AUG-2016,
OPTSTK,TATAELXSI,25-Aug-2016,1500,PE,0,0,0,15.7,1,0,0,0,0,17-AUG-2016,
OPTSTK,TATAELXSI,25-Aug-2016,1550,PE,5,5,4.9,4.9,4.9,2,9.32,1800,-300,17-AUG-2016,
OPTSTK,TATAELXSI,25-Aug-2016,1600,PE,17.75,18.95,13.5,16,16,6,29.08,8100,600,17-AUG-2016,
OPTSTK,TATAELXSI,25-Aug-2016,1650,PE,35,35,35,35,35,2,10.11,5700,0,17-AUG-2016,
OPTSTK,TATAELXSI,25-Aug-2016,1700,PE,0,0,0,91,68.85,0,0,7200,0,17-AUG-2016,
OPTSTK,TATAELXSI,25-Aug-2016,1750,PE,0,0,0,117.95,110.7,0,0,600,0,17-AUG-2016,
OPTSTK,TATAELXSI,25-Aug-2016,1800,PE,0,0,0,157.95,157.65,0,0,300,0,17-AUG-2016,
OPTSTK,TATAELXSI,25-Aug-2016,1850,PE,0,0,0,200.7,206.75,0,0,300,0,17-AUG-2016,
OPTSTK,TATAELXSI,25-Aug-2016,1900,PE,0,0,0,154.05,256.45,0,0,0,0,17-AUG-2016,
OPTSTK,TATAELXSI,25-Aug-2016,1950,PE,0,0,0,184.8,306.35,0,0,0,0,17-AUG-2016,
OPTSTK,TATAELXSI,25-Aug-2016,2000,PE,0,0,0,218.25,356.3,0,0,0,0,17-AUG-2016,
OPTSTK,TATAELXSI,25-Aug-2016,2050,PE,0,0,0,254.2,406.2,0,0,0,0,17-AUG-2016,
OPTSTK,TATAELXSI,25-Aug-2016,2100,PE,0,0,0,292.3,456.15,0,0,0,0,17-AUG-2016,
OPTSTK,TATAELXSI,25-Aug-2016,2150,PE,0,0,0,332.2,506.05,0,0,0,0,17-AUG-2016,
OPTSTK,TATAELXSI,25-Aug-2016,2200,PE,0,0,0,373.85,556,0,0,0,0,17-AUG-2016,
OPTSTK,TATAELXSI,25-Aug-2016,2250,PE,0,0,0,416.9,605.9,0,0,0,0,17-AUG-2016,
OPTSTK,TATAELXSI,25-Aug-2016,2300,PE,0,0,0,461.15,655.85,0,0,0,0,17-AUG-2016,
OPTSTK,TATAELXSI,25-Aug-2016,2350,PE,0,0,0,506.35,705.75,0,0,0,0,17-AUG-2016,
OPTSTK,TATAELXSI,25-Aug-2016,2400,PE,0,0,0,552.4,755.7,0,0,0,0,17-AUG-2016,
OPTSTK,TATAELXSI,25-Aug-2016,2450,PE,0,0,0,599.1,805.6,0,0,0,0,17-AUG-2016,
OPTSTK,TATAELXSI,29-Sep-2016,1200,CE,0,0,0,518.35,450.6,0,0,0,0,17-AUG-2016,
OPTSTK,TATAELXSI,29-Sep-2016,1250,CE,0,0,0,469.45,401.3,0,0,0,0,17-AUG-2016,
OPTSTK,TATAELXSI,29-Sep-2016,1300,CE,0,0,0,420.9,352.35,0,0,0,0,17-AUG-2016,
OPTSTK,TATAELXSI,29-Sep-2016,1350,CE,0,0,0,372.95,304.3,0,0,0,0,17-AUG-2016,
OPTSTK,TATAELXSI,29-Sep-2016,1400,CE,0,0,0,326.05,257.75,0,0,0,0,17-AUG-2016,
OPTSTK,TATAELXSI,29-Sep-2016,1450,CE,0,0,0,280.75,213.5,0,0,0,0,17-AUG-2016,
OPTSTK,TATAELXSI,29-Sep-2016,1500,CE,0,0,0,237.75,172.5,0,0,0,0,17-AUG-2016,
OPTSTK,TATAELXSI,29-Sep-2016,1550,CE,0,0,0,197.65,135.65,0,0,0,0,17-AUG-2016,
OPTSTK,TATAELXSI,29-Sep-2016,1600,CE,0,0,0,161.2,103.7,0,0,0,0,17-AUG-2016,
OPTSTK,TATAELXSI,29-Sep-2016,1650,CE,0,0,0,128.85,76.95,0,0,0,0,17-AUG-2016,
OPTSTK,TATAELXSI,29-Sep-2016,1700,CE,0,0,0,100.85,55.45,0,0,0,0,17-AUG-2016,
OPTSTK,TATAELXSI,29-Sep-2016,1750,CE,0,0,0,63.9,38.75,0,0,300,0,17-AUG-2016,
OPTSTK,TATAELXSI,29-Sep-2016,1800,CE,29.2,29.2,29.2,29.2,29.2,1,5.48,300,0,17-AUG-2016,
OPTSTK,TATAELXSI,29-Sep-2016,1850,CE,0,0,0,42.75,17.35,0,0,0,0,17-AUG-2016,
OPTSTK,TATAELXSI,29-Sep-2016,1900,CE,0,0,0,30.85,11.15,0,0,0,0,17-AUG-2016,
OPTSTK,TATAELXSI,29-Sep-2016,1950,CE,0,0,0,21.85,6.95,0,0,0,0,17-AUG-2016,
OPTSTK,TATAELXSI,29-Sep-2016,2000,CE,0,0,0,15.15,4.25,0,0,0,0,17-AUG-2016,
OPTSTK,TATAELXSI,29-Sep-2016,2050,CE,0,0,0,10.35,2.5,0,0,0,0,17-AUG-2016,
OPTSTK,TATAELXSI,29-Sep-2016,2100,CE,0,0,0,6.95,1.45,0,0,0,0,17-AUG-2016,
OPTSTK,TATAELXSI,29-Sep-2016,2150,CE,0,0,0,4.55,0.85,0,0,0,0,17-AUG-2016,
OPTSTK,TATAELXSI,29-Sep-2016,2200,CE,0,0,0,2.95,0.45,0,0,0,0,17-AUG-2016,
OPTSTK,TATAELXSI,29-Sep-2016,2250,CE,0,0,0,1.9,0.25,0,0,0,0,17-AUG-2016,
OPTSTK,TATAELXSI,29-Sep-2016,2300,CE,0,0,0,1.2,0.15,0,0,0,0,17-AUG-2016,
OPTSTK,TATAELXSI,29-Sep-2016,2350,CE,0,0,0,0.75,0.1,0,0,0,0,17-AUG-2016,
OPTSTK,TATAELXSI,29-Sep-2016,2400,CE,0,0,0,0.45,0.05,0,0,0,0,17-AUG-2016,
OPTSTK,TATAELXSI,29-Sep-2016,2450,CE,0,0,0,0.3,0.05,0,0,0,0,17-AUG-2016,
OPTSTK,TATAELXSI,29-Sep-2016,1200,PE,0,0,0,0.15,0.15,0,0,0,0,17-AUG-2016,
OPTSTK,TATAELXSI,29-Sep-2016,1250,PE,0,0,0,0.4,0.4,0,0,0,0,17-AUG-2016,
OPTSTK,TATAELXSI,29-Sep-2016,1300,PE,0,0,0,0.95,1.1,0,0,0,0,17-AUG-2016,
OPTSTK,TATAELXSI,29-Sep-2016,1350,PE,0,0,0,2.1,2.65,0,0,0,0,17-AUG-2016,
OPTSTK,TATAELXSI,29-Sep-2016,1400,PE,0,0,0,4.3,5.65,0,0,0,0,17-AUG-2016,
OPTSTK,TATAELXSI,29-Sep-2016,1450,PE,0,0,0,8.15,11,0,0,0,0,17-AUG-2016,
OPTSTK,TATAELXSI,29-Sep-2016,1500,PE,0,0,0,14.25,19.6,0,0,0,0,17-AUG-2016,
OPTSTK,TATAELXSI,29-Sep-2016,1550,PE,0,0,0,23.3,32.35,0,0,0,0,17-AUG-2016,
OPTSTK,TATAELXSI,29-Sep-2016,1600,PE,0,0,0,35.9,50,0,0,0,0,17-AUG-2016,
OPTSTK,TATAELXSI,29-Sep-2016,1650,PE,0,0,0,52.7,72.85,0,0,0,0,17-AUG-2016,
OPTSTK,TATAELXSI,29-Sep-2016,1700,PE,0,0,0,73.85,100.95,0,0,0,0,17-AUG-2016,
OPTSTK,TATAELXSI,29-Sep-2016,1750,PE,0,0,0,99.4,133.85,0,0,0,0,17-AUG-2016,
OPTSTK,TATAELXSI,29-Sep-2016,1800,PE,0,0,0,129.3,171,0,0,0,0,17-AUG-2016,
OPTSTK,TATAELXSI,29-Sep-2016,1850,PE,0,0,0,163.05,211.65,0,0,0,0,17-AUG-2016,
OPTSTK,TATAELXSI,29-Sep-2016,1900,PE,0,0,0,200.3,255,0,0,0,0,17-AUG-2016,
OPTSTK,TATAELXSI,29-Sep-2016,1950,PE,0,0,0,240.4,300.4,0,0,0,0,17-AUG-2016,
OPTSTK,TATAELXSI,29-Sep-2016,2000,PE,0,0,0,282.8,347.3,0,0,0,0,17-AUG-2016,
OPTSTK,TATAELXSI,29-Sep-2016,2050,PE,0,0,0,327.1,395.15,0,0,0,0,17-AUG-2016,
OPTSTK,TATAELXSI,29-Sep-2016,2100,PE,0,0,0,372.8,443.7,0,0,0,0,17-AUG-2016,
OPTSTK,TATAELXSI,29-Sep-2016,2150,PE,0,0,0,419.6,492.7,0,0,0,0,17-AUG-2016,
OPTSTK,TATAELXSI,29-Sep-2016,2200,PE,0,0,0,467.1,541.9,0,0,0,0,17-AUG-2016,
OPTSTK,TATAELXSI,29-Sep-2016,2250,PE,0,0,0,515.15,591.3,0,0,0,0,17-AUG-2016,
OPTSTK,TATAELXSI,29-Sep-2016,2300,PE,0,0,0,563.55,640.8,0,0,0,0,17-AUG-2016,
OPTSTK,TATAELXSI,29-Sep-2016,2350,PE,0,0,0,612.25,690.3,0,0,0,0,17-AUG-2016,
OPTSTK,TATAELXSI,29-Sep-2016,2400,PE,0,0,0,661.05,739.9,0,0,0,0,17-AUG-2016,
OPTSTK,TATAELXSI,29-Sep-2016,2450,PE,0,0,0,710,789.45,0,0,0,0,17-AUG-2016,
OPTSTK,TATAELXSI,27-Oct-2016,1200,CE,0,0,0,461.15,457.75,0,0,0,0,17-AUG-2016,
OPTSTK,TATAELXSI,27-Oct-2016,1250,CE,0,0,0,413.05,409.55,0,0,0,0,17-AUG-2016,
OPTSTK,TATAELXSI,27-Oct-2016,1300,CE,0,0,0,365.9,362.3,0,0,0,0,17-AUG-2016,
OPTSTK,TATAELXSI,27-Oct-2016,1350,CE,0,0,0,320.1,316.5,0,0,0,0,17-AUG-2016,
OPTSTK,TATAELXSI,27-Oct-2016,1400,CE,0,0,0,276.2,272.7,0,0,0,0,17-AUG-2016,
OPTSTK,TATAELXSI,27-Oct-2016,1450,CE,0,0,0,234.9,231.55,0,0,0,0,17-AUG-2016,
OPTSTK,TATAELXSI,27-Oct-2016,1500,CE,0,0,0,196.75,193.6,0,0,0,0,17-AUG-2016,
OPTSTK,TATAELXSI,27-Oct-2016,1550,CE,0,0,0,162,159.15,0,0,0,0,17-AUG-2016,
OPTSTK,TATAELXSI,27-Oct-2016,1600,CE,0,0,0,131.3,128.75,0,0,0,0,17-AUG-2016,
OPTSTK,TATAELXSI,27-Oct-2016,1650,CE,0,0,0,104.65,102.45,0,0,0,0,17-AUG-2016,
OPTSTK,TATAELXSI,27-Oct-2016,1700,CE,0,0,0,82,80.2,0,0,0,0,17-AUG-2016,
OPTSTK,TATAELXSI,27-Oct-2016,1750,CE,0,0,0,63.25,61.75,0,0,0,0,17-AUG-2016,
OPTSTK,TATAELXSI,27-Oct-2016,1800,CE,0,0,0,48,46.8,0,0,0,0,17-AUG-2016,
OPTSTK,TATAELXSI,27-Oct-2016,1850,CE,0,0,0,35.95,35.05,0,0,0,0,17-AUG-2016,
OPTSTK,TATAELXSI,27-Oct-2016,1900,CE,0,0,0,26.45,25.75,0,0,0,0,17-AUG-2016,
OPTSTK,TATAELXSI,27-Oct-2016,1950,CE,0,0,0,19.2,18.65,0,0,0,0,17-AUG-2016,
OPTSTK,TATAELXSI,27-Oct-2016,2000,CE,0,0,0,13.75,13.35,0,0,0,0,17-AUG-2016,
OPTSTK,TATAELXSI,27-Oct-2016,2050,CE,0,0,0,9.7,9.45,0,0,0,0,17-AUG-2016,
OPTSTK,TATAELXSI,27-Oct-2016,2100,CE,0,0,0,6.8,6.6,0,0,0,0,17-AUG-2016,
OPTSTK,TATAELXSI,27-Oct-2016,2150,CE,0,0,0,4.7,4.55,0,0,0,0,17-AUG-2016,
OPTSTK,TATAELXSI,27-Oct-2016,2200,CE,0,0,0,3.2,3.1,0,0,0,0,17-AUG-2016,
OPTSTK,TATAELXSI,27-Oct-2016,2250,CE,0,0,0,2.15,2.1,0,0,0,0,17-AUG-2016,
OPTSTK,TATAELXSI,27-Oct-2016,2300,CE,0,0,0,1.45,1.4,0,0,0,0,17-AUG-2016,
OPTSTK,TATAELXSI,27-Oct-2016,2350,CE,0,0,0,0.95,0.95,0,0,0,0,17-AUG-2016,
OPTSTK,TATAELXSI,27-Oct-2016,2400,CE,0,0,0,0.65,0.6,0,0,0,0,17-AUG-2016,
OPTSTK,TATAELXSI,27-Oct-2016,2450,CE,0,0,0,0.4,0.4,0,0,0,0,17-AUG-2016,
OPTSTK,TATAELXSI,27-Oct-2016,1200,PE,0,0,0,0.9,1,0,0,0,0,17-AUG-2016,
OPTSTK,TATAELXSI,27-Oct-2016,1250,PE,0,0,0,1.95,2.1,0,0,0,0,17-AUG-2016,
OPTSTK,TATAELXSI,27-Oct-2016,1300,PE,0,0,0,3.9,4.2,0,0,0,0,17-AUG-2016,
OPTSTK,TATAELXSI,27-Oct-2016,1350,PE,0,0,0,7.25,7.75,0,0,0,0,17-AUG-2016,
OPTSTK,TATAELXSI,27-Oct-2016,1400,PE,0,0,0,12.5,13.3,0,0,0,0,17-AUG-2016,
OPTSTK,TATAELXSI,27-Oct-2016,1450,PE,0,0,0,20.35,21.45,0,0,0,0,17-AUG-2016,
OPTSTK,TATAELXSI,27-Oct-2016,1500,PE,0,0,0,31.3,32.85,0,0,0,0,17-AUG-2016,
OPTSTK,TATAELXSI,27-Oct-2016,1550,PE,0,0,0,45.7,47.75,0,0,0,0,17-AUG-2016,
OPTSTK,TATAELXSI,27-Oct-2016,1600,PE,0,0,0,64.15,66.7,0,0,0,0,17-AUG-2016,
OPTSTK,TATAELXSI,27-Oct-2016,1650,PE,0,0,0,86.65,89.7,0,0,0,0,17-AUG-2016,
OPTSTK,TATAELXSI,27-Oct-2016,1700,PE,0,0,0,113.15,116.8,0,0,0,0,17-AUG-2016,
OPTSTK,TATAELXSI,27-Oct-2016,1750,PE,0,0,0,143.55,147.65,0,0,0,0,17-AUG-2016,
OPTSTK,TATAELXSI,27-Oct-2016,1800,PE,0,0,0,177.45,182.05,0,0,0,0,17-AUG-2016,
OPTSTK,TATAELXSI,27-Oct-2016,1850,PE,0,0,0,214.55,219.6,0,0,0,0,17-AUG-2016,
OPTSTK,TATAELXSI,27-Oct-2016,1900,PE,0,0,0,254.15,259.65,0,0,0,0,17-AUG-2016,
OPTSTK,TATAELXSI,27-Oct-2016,1950,PE,0,0,0,296.05,301.9,0,0,0,0,17-AUG-2016,
OPTSTK,TATAELXSI,27-Oct-2016,2000,PE,0,0,0,339.75,345.95,0,0,0,0,17-AUG-2016,
OPTSTK,TATAELXSI,27-Oct-2016,2050,PE,0,0,0,384.85,391.35,0,0,0,0,17-AUG-2016,
OPTSTK,TATAELXSI,27-Oct-2016,2100,PE,0,0,0,431.05,437.85,0,0,0,0,17-AUG-2016,
OPTSTK,TATAELXSI,27-Oct-2016,2150,PE,0,0,0,478.1,485.1,0,0,0,0,17-AUG-2016,
OPTSTK,TATAELXSI,27-Oct-2016,2200,PE,0,0,0,525.75,533,0,0,0,0,17-AUG-2016,
OPTSTK,TATAELXSI,27-Oct-2016,2250,PE,0,0,0,573.85,581.35,0,0,0,0,17-AUG-2016,
OPTSTK,TATAELXSI,27-Oct-2016,2300,PE,0,0,0,622.3,630,0,0,0,0,17-AUG-2016,
OPTSTK,TATAELXSI,27-Oct-2016,2350,PE,0,0,0,670.95,678.85,0,0,0,0,17-AUG-2016,
OPTSTK,TATAELXSI,27-Oct-2016,2400,PE,0,0,0,719.75,727.85,0,0,0,0,17-AUG-2016,
OPTSTK,TATAELXSI,27-Oct-2016,2450,PE,0,0,0,768.7,777,0,0,0,0,17-AUG-2016,
OPTSTK,TATAGLOBAL,25-Aug-2016,80,CE,0,0,0,40.05,57.8,0,0,0,0,17-AUG-2016,
OPTSTK,TATAGLOBAL,25-Aug-2016,82.5,CE,0,0,0,49.6,55.3,0,0,0,0,17-AUG-2016,
OPTSTK,TATAGLOBAL,25-Aug-2016,85,CE,0,0,0,35.15,52.8,0,0,0,0,17-AUG-2016,
OPTSTK,TATAGLOBAL,25-Aug-2016,87.5,CE,0,0,0,44.65,50.3,0,0,0,0,17-AUG-2016,
OPTSTK,TATAGLOBAL,25-Aug-2016,90,CE,0,0,0,30.25,47.8,0,0,0,0,17-AUG-2016,
OPTSTK,TATAGLOBAL,25-Aug-2016,92.5,CE,0,0,0,39.75,45.3,0,0,0,0,17-AUG-2016,
OPTSTK,TATAGLOBAL,25-Aug-2016,95,CE,0,0,0,25.4,42.8,0,0,0,0,17-AUG-2016,
OPTSTK,TATAGLOBAL,25-Aug-2016,97.5,CE,0,0,0,34.8,40.3,0,0,0,0,17-AUG-2016,
OPTSTK,TATAGLOBAL,25-Aug-2016,100,CE,0,0,0,20.6,37.8,0,0,0,0,17-AUG-2016,
OPTSTK,TATAGLOBAL,25-Aug-2016,102.5,CE,0,0,0,29.85,35.3,0,0,0,0,17-AUG-2016,
OPTSTK,TATAGLOBAL,25-Aug-2016,105,CE,0,0,0,16.1,32.85,0,0,0,0,17-AUG-2016,
OPTSTK,TATAGLOBAL,25-Aug-2016,107.5,CE,0,0,0,25,30.35,0,0,0,0,17-AUG-2016,
OPTSTK,TATAGLOBAL,25-Aug-2016,110,CE,0,0,0,11.95,27.85,0,0,0,0,17-AUG-2016,
OPTSTK,TATAGLOBAL,25-Aug-2016,112.5,CE,0,0,0,20.25,25.35,0,0,0,0,17-AUG-2016,
OPTSTK,TATAGLOBAL,25-Aug-2016,115,CE,0,0,0,16.05,22.85,0,0,4500,0,17-AUG-2016,
OPTSTK,TATAGLOBAL,25-Aug-2016,117.5,CE,0,0,0,15.75,20.35,0,0,0,0,17-AUG-2016,
OPTSTK,TATAGLOBAL,25-Aug-2016,120,CE,17.5,18.4,17.5,18.2,18.2,3,18.62,18000,0,17-AUG-2016,
OPTSTK,TATAGLOBAL,25-Aug-2016,122.5,CE,0,0,0,11.7,15.4,0,0,0,0,17-AUG-2016,
OPTSTK,TATAGLOBAL,25-Aug-2016,125,CE,0,0,0,11.6,12.95,0,0,9000,0,17-AUG-2016,
OPTSTK,TATAGLOBAL,25-Aug-2016,127.5,CE,0,0,0,8.2,10.55,0,0,0,0,17-AUG-2016,
OPTSTK,TATAGLOBAL,25-Aug-2016,130,CE,0,0,0,7.9,8.3,0,0,207000,0,17-AUG-2016,
OPTSTK,TATAGLOBAL,25-Aug-2016,132.5,CE,0,0,0,10.7,6.3,0,0,4500,0,17-AUG-2016,
OPTSTK,TATAGLOBAL,25-Aug-2016,135,CE,4.3,4.3,4,4,4,3,18.77,171000,0,17-AUG-2016,
OPTSTK,TATAGLOBAL,25-Aug-2016,137.5,CE,3,3,2.5,2.55,2.55,3,18.92,49500,0,17-AUG-2016,
OPTSTK,TATAGLOBAL,25-Aug-2016,140,CE,1.95,2.3,1.35,1.55,1.55,134,854.86,981000,-4500,17-AUG-2016,
OPTSTK,TATAGLOBAL,25-Aug-2016,142.5,CE,0,0,0,1.45,1.2,0,0,108000,0,17-AUG-2016,
OPTSTK,TATAGLOBAL,25-Aug-2016,145,CE,0.8,1,0.55,0.65,0.65,76,498.51,1296000,0,17-AUG-2016,
OPTSTK,TATAGLOBAL,25-Aug-2016,147.5,CE,0,0,0,1.15,0.35,0,0,22500,0,17-AUG-2016,
OPTSTK,TATAGLOBAL,25-Aug-2016,150,CE,0.5,0.5,0.25,0.35,0.35,51,345.01,1444500,-9000,17-AUG-2016,
OPTSTK,TATAGLOBAL,25-Aug-2016,152.5,CE,0.1,0.1,0.1,0.1,0.1,1,6.86,4500,-4500,17-AUG-2016,
OPTSTK,TATAGLOBAL,25-Aug-2016,155,CE,0.15,0.15,0.05,0.1,0.1,6,41.87,508500,-9000,17-AUG-2016,
OPTSTK,TATAGLOBAL,25-Aug-2016,157.5,CE,0,0,0,0.3,0.05,0,0,4500,0,17-AUG-2016,
OPTSTK,TATAGLOBAL,25-Aug-2016,160,CE,0.1,0.15,0.1,0.15,0.15,6,43.22,301500,-18000,17-AUG-2016,
OPTSTK,TATAGLOBAL,25-Aug-2016,162.5,CE,0.1,0.1,0.1,0.1,0.1,1,7.31,9000,-4500,17-AUG-2016,
OPTSTK,TATAGLOBAL,25-Aug-2016,165,CE,0.05,0.05,0.05,0.05,0.05,1,7.42,27000,-4500,17-AUG-2016,
OPTSTK,TATAGLOBAL,25-Aug-2016,167.5,CE,0,0,0,0.25,0,0,0,0,0,17-AUG-2016,
OPTSTK,TATAGLOBAL,25-Aug-2016,80,PE,0,0,0,0.05,0,0,0,0,0,17-AUG-2016,
OPTSTK,TATAGLOBAL,25-Aug-2016,82.5,PE,0,0,0,0.05,0,0,0,0,0,17-AUG-2016,
OPTSTK,TATAGLOBAL,25-Aug-2016,85,PE,0,0,0,0.05,0,0,0,0,0,17-AUG-2016,
OPTSTK,TATAGLOBAL,25-Aug-2016,87.5,PE,0,0,0,0.05,0,0,0,0,0,17-AUG-2016,
OPTSTK,TATAGLOBAL,25-Aug-2016,90,PE,0,0,0,0.05,0,0,0,0,0,17-AUG-2016,
OPTSTK,TATAGLOBAL,25-Aug-2016,92.5,PE,0,0,0,0.05,0,0,0,0,0,17-AUG-2016,
OPTSTK,TATAGLOBAL,25-Aug-2016,95,PE,0,0,0,0.1,0,0,0,0,0,17-AUG-2016,
OPTSTK,TATAGLOBAL,25-Aug-2016,97.5,PE,0,0,0,0.05,0,0,0,0,0,17-AUG-2016,
OPTSTK,TATAGLOBAL,25-Aug-2016,100,PE,0,0,0,0.25,0,0,0,0,0,17-AUG-2016,
OPTSTK,TATAGLOBAL,25-Aug-2016,102.5,PE,0,0,0,0.05,0,0,0,0,0,17-AUG-2016,
OPTSTK,TATAGLOBAL,25-Aug-2016,105,PE,0,0,0,0.6,0,0,0,0,0,17-AUG-2016,
OPTSTK,TATAGLOBAL,25-Aug-2016,107.5,PE,0,0,0,0.1,0,0,0,0,0,17-AUG-2016,
OPTSTK,TATAGLOBAL,25-Aug-2016,110,PE,0,0,0,1.4,0,0,0,0,0,17-AUG-2016,
OPTSTK,TATAGLOBAL,25-Aug-2016,112.5,PE,0,0,0,0.3,0,0,0,0,0,17-AUG-2016,
OPTSTK,TATAGLOBAL,25-Aug-2016,115,PE,0,0,0,0.5,0,0,0,4500,0,17-AUG-2016,
OPTSTK,TATAGLOBAL,25-Aug-2016,117.5,PE,0,0,0,0.75,0,0,0,0,0,17-AUG-2016,
OPTSTK,TATAGLOBAL,25-Aug-2016,120,PE,0.05,0.05,0.05,0.05,0.05,4,21.6,67500,-18000,17-AUG-2016,
OPTSTK,TATAGLOBAL,25-Aug-2016,122.5,PE,0,0,0,1.65,0.05,0,0,0,0,17-AUG-2016,
OPTSTK,TATAGLOBAL,25-Aug-2016,125,PE,0.1,0.1,0.1,0.1,0.1,5,28.14,112500,-18000,17-AUG-2016,
OPTSTK,TATAGLOBAL,25-Aug-2016,127.5,PE,0,0,0,1.85,0.25,0,0,9000,0,17-AUG-2016,
OPTSTK,TATAGLOBAL,25-Aug-2016,130,PE,0.2,0.25,0.2,0.25,0.25,2,11.72,472500,-4500,17-AUG-2016,
OPTSTK,TATAGLOBAL,25-Aug-2016,132.5,PE,0,0,0,0.75,0.95,0,0,45000,0,17-AUG-2016,
OPTSTK,TATAGLOBAL,25-Aug-2016,135,PE,1.1,1.3,0.95,1,1,19,116.35,423000,9000,17-AUG-2016,
OPTSTK,TATAGLOBAL,25-Aug-2016,137.5,PE,0,0,0,2.85,2.7,0,0,45000,0,17-AUG-2016,
OPTSTK,TATAGLOBAL,25-Aug-2016,140,PE,3.5,3.5,3.25,3.3,3.3,6,38.7,472500,0,17-AUG-2016,
OPTSTK,TATAGLOBAL,25-Aug-2016,142.5,PE,0,0,0,5.6,5.8,0,0,31500,0,17-AUG-2016,
OPTSTK,TATAGLOBAL,25-Aug-2016,145,PE,0,0,0,8.05,7.8,0,0,144000,0,17-AUG-2016,
OPTSTK,TATAGLOBAL,25-Aug-2016,147.5,PE,0,0,0,6.15,10,0,0,4500,0,17-AUG-2016,
OPTSTK,TATAGLOBAL,25-Aug-2016,150,PE,11.5,11.5,11.5,11.5,11.5,1,7.26,58500,-4500,17-AUG-2016,
OPTSTK,TATAGLOBAL,25-Aug-2016,152.5,PE,0,0,0,20.25,14.7,0,0,0,0,17-AUG-2016,
OPTSTK,TATAGLOBAL,25-Aug-2016,155,PE,0,0,0,11.9,17.15,0,0,4500,0,17-AUG-2016,
OPTSTK,TATAGLOBAL,25-Aug-2016,157.5,PE,0,0,0,24.9,19.65,0,0,0,0,17-AUG-2016,
OPTSTK,TATAGLOBAL,25-Aug-2016,160,PE,0,0,0,22.5,22.15,0,0,27000,0,17-AUG-2016,
OPTSTK,TATAGLOBAL,25-Aug-2016,162.5,PE,0,0,0,29.7,24.65,0,0,0,0,17-AUG-2016,
OPTSTK,TATAGLOBAL,25-Aug-2016,165,PE,0,0,0,43.5,27.1,0,0,0,0,17-AUG-2016,
OPTSTK,TATAGLOBAL,25-Aug-2016,167.5,PE,0,0,0,34.55,29.6,0,0,0,0,17-AUG-2016,
OPTSTK,TATAGLOBAL,29-Sep-2016,80,CE,0,0,0,52.65,58.3,0,0,0,0,17-AUG-2016,
OPTSTK,TATAGLOBAL,29-Sep-2016,82.5,CE,0,0,0,50.2,55.85,0,0,0,0,17-AUG-2016,
OPTSTK,TATAGLOBAL,29-Sep-2016,85,CE,0,0,0,47.7,53.35,0,0,0,0,17-AUG-2016,
OPTSTK,TATAGLOBAL,29-Sep-2016,87.5,CE,0,0,0,45.25,50.9,0,0,0,0,17-AUG-2016,
OPTSTK,TATAGLOBAL,29-Sep-2016,90,CE,0,0,0,42.8,48.4,0,0,0,0,17-AUG-2016,
OPTSTK,TATAGLOBAL,29-Sep-2016,92.5,CE,0,0,0,40.35,45.9,0,0,0,0,17-AUG-2016,
OPTSTK,TATAGLOBAL,29-Sep-2016,95,CE,0,0,0,37.9,43.45,0,0,0,0,17-AUG-2016,
OPTSTK,TATAGLOBAL,29-Sep-2016,97.5,CE,0,0,0,35.5,40.95,0,0,0,0,17-AUG-2016,
OPTSTK,TATAGLOBAL,29-Sep-2016,100,CE,0,0,0,33.05,38.5,0,0,0,0,17-AUG-2016,
OPTSTK,TATAGLOBAL,29-Sep-2016,102.5,CE,0,0,0,30.65,36.05,0,0,0,0,17-AUG-2016,
OPTSTK,TATAGLOBAL,29-Sep-2016,105,CE,0,0,0,28.25,33.55,0,0,0,0,17-AUG-2016,
OPTSTK,TATAGLOBAL,29-Sep-2016,107.5,CE,0,0,0,25.95,31.15,0,0,0,0,17-AUG-2016,
OPTSTK,TATAGLOBAL,29-Sep-2016,110,CE,0,0,0,23.65,28.7,0,0,0,0,17-AUG-2016,
OPTSTK,TATAGLOBAL,29-Sep-2016,112.5,CE,0,0,0,21.4,26.35,0,0,0,0,17-AUG-2016,
OPTSTK,TATAGLOBAL,29-Sep-2016,115,CE,0,0,0,19.25,24,0,0,0,0,17-AUG-2016,
OPTSTK,TATAGLOBAL,29-Sep-2016,117.5,CE,0,0,0,17.2,21.7,0,0,0,0,17-AUG-2016,
OPTSTK,TATAGLOBAL,29-Sep-2016,120,CE,0,0,0,15.25,19.5,0,0,0,0,17-AUG-2016,
OPTSTK,TATAGLOBAL,29-Sep-2016,122.5,CE,0,0,0,13.4,17.4,0,0,0,0,17-AUG-2016,
OPTSTK,TATAGLOBAL,29-Sep-2016,125,CE,0,0,0,11.65,15.4,0,0,0,0,17-AUG-2016,
OPTSTK,TATAGLOBAL,29-Sep-2016,127.5,CE,0,0,0,10.1,13.5,0,0,0,0,17-AUG-2016,
OPTSTK,TATAGLOBAL,29-Sep-2016,130,CE,0,0,0,8.4,11.7,0,0,85500,0,17-AUG-2016,
OPTSTK,TATAGLOBAL,29-Sep-2016,132.5,CE,0,0,0,7.35,10.1,0,0,0,0,17-AUG-2016,
OPTSTK,TATAGLOBAL,29-Sep-2016,135,CE,0,0,0,6.2,8.6,0,0,0,0,17-AUG-2016,
OPTSTK,TATAGLOBAL,29-Sep-2016,137.5,CE,0,0,0,5.2,7.3,0,0,0,0,17-AUG-2016,
OPTSTK,TATAGLOBAL,29-Sep-2016,140,CE,0,0,0,5.5,6.1,0,0,31500,0,17-AUG-2016,
OPTSTK,TATAGLOBAL,29-Sep-2016,142.5,CE,0,0,0,3.55,5.05,0,0,0,0,17-AUG-2016,
OPTSTK,TATAGLOBAL,29-Sep-2016,145,CE,0,0,0,2.9,4.15,0,0,4500,0,17-AUG-2016,
OPTSTK,TATAGLOBAL,29-Sep-2016,147.5,CE,0,0,0,2.15,3.4,0,0,4500,0,17-AUG-2016,
OPTSTK,TATAGLOBAL,29-Sep-2016,150,CE,2,2,1.8,1.8,1.8,2,13.67,58500,9000,17-AUG-2016,
OPTSTK,TATAGLOBAL,29-Sep-2016,152.5,CE,0,0,0,1.5,2.2,0,0,0,0,17-AUG-2016,
OPTSTK,TATAGLOBAL,29-Sep-2016,155,CE,0,0,0,1.2,1.75,0,0,0,0,17-AUG-2016,
OPTSTK,TATAGLOBAL,29-Sep-2016,157.5,CE,0,0,0,0.95,1.4,0,0,0,0,17-AUG-2016,
OPTSTK,TATAGLOBAL,29-Sep-2016,160,CE,0,0,0,0.75,1.1,0,0,0,0,17-AUG-2016,
OPTSTK,TATAGLOBAL,29-Sep-2016,162.5,CE,0,0,0,0.6,0.85,0,0,0,0,17-AUG-2016,
OPTSTK,TATAGLOBAL,29-Sep-2016,165,CE,0,0,0,0.45,0.65,0,0,0,0,17-AUG-2016,
OPTSTK,TATAGLOBAL,29-Sep-2016,167.5,CE,0,0,0,0.35,0.5,0,0,0,0,17-AUG-2016,
OPTSTK,TATAGLOBAL,29-Sep-2016,80,PE,0,0,0,0.05,0,0,0,0,0,17-AUG-2016,
OPTSTK,TATAGLOBAL,29-Sep-2016,82.5,PE,0,0,0,0.05,0,0,0,0,0,17-AUG-2016,
OPTSTK,TATAGLOBAL,29-Sep-2016,85,PE,0,0,0,0.05,0,0,0,0,0,17-AUG-2016,
OPTSTK,TATAGLOBAL,29-Sep-2016,87.5,PE,0,0,0,0.05,0,0,0,0,0,17-AUG-2016,
OPTSTK,TATAGLOBAL,29-Sep-2016,90,PE,0,0,0,0.05,0,0,0,0,0,17-AUG-2016,
OPTSTK,TATAGLOBAL,29-Sep-2016,92.5,PE,0,0,0,0.05,0,0,0,0,0,17-AUG-2016,
OPTSTK,TATAGLOBAL,29-Sep-2016,95,PE,0,0,0,0.05,0,0,0,0,0,17-AUG-2016,
OPTSTK,TATAGLOBAL,29-Sep-2016,97.5,PE,0,0,0,0.05,0.05,0,0,0,0,17-AUG-2016,
OPTSTK,TATAGLOBAL,29-Sep-2016,100,PE,0,0,0,0.1,0.05,0,0,0,0,17-AUG-2016,
OPTSTK,TATAGLOBAL,29-Sep-2016,102.5,PE,0,0,0,0.15,0.05,0,0,0,0,17-AUG-2016,
OPTSTK,TATAGLOBAL,29-Sep-2016,105,PE,0,0,0,0.2,0.05,0,0,0,0,17-AUG-2016,
OPTSTK,TATAGLOBAL,29-Sep-2016,107.5,PE,0,0,0,0.35,0.1,0,0,0,0,17-AUG-2016,
OPTSTK,TATAGLOBAL,29-Sep-2016,110,PE,0,0,0,0.5,0.2,0,0,0,0,17-AUG-2016,
OPTSTK,TATAGLOBAL,29-Sep-2016,112.5,PE,0,0,0,0.7,0.25,0,0,0,0,17-AUG-2016,
OPTSTK,TATAGLOBAL,29-Sep-2016,115,PE,0,0,0,1,0.4,0,0,0,0,17-AUG-2016,
OPTSTK,TATAGLOBAL,29-Sep-2016,117.5,PE,0,0,0,1.4,0.6,0,0,0,0,17-AUG-2016,
OPTSTK,TATAGLOBAL,29-Sep-2016,120,PE,0,0,0,1.9,0.9,0,0,0,0,17-AUG-2016,
OPTSTK,TATAGLOBAL,29-Sep-2016,122.5,PE,0,0,0,2.55,1.25,0,0,0,0,17-AUG-2016,
OPTSTK,TATAGLOBAL,29-Sep-2016,125,PE,0,0,0,1.75,1.7,0,0,27000,0,17-AUG-2016,
OPTSTK,TATAGLOBAL,29-Sep-2016,127.5,PE,0,0,0,4.15,2.3,0,0,0,0,17-AUG-2016,
OPTSTK,TATAGLOBAL,29-Sep-2016,130,PE,2,2,2,2,2,2,11.88,45000,9000,17-AUG-2016,
OPTSTK,TATAGLOBAL,29-Sep-2016,132.5,PE,0,0,0,6.3,3.85,0,0,0,0,17-AUG-2016,
OPTSTK,TATAGLOBAL,29-Sep-2016,135,PE,3.5,3.75,3.5,3.75,3.75,3,18.7,27000,13500,17-AUG-2016,
OPTSTK,TATAGLOBAL,29-Sep-2016,137.5,PE,4.7,4.7,4.7,4.7,4.7,1,6.39,4500,4500,17-AUG-2016,
OPTSTK,TATAGLOBAL,29-Sep-2016,140,PE,5.15,6,5.15,6,6,2,13.1,40500,4500,17-AUG-2016,
OPTSTK,TATAGLOBAL,29-Sep-2016,142.5,PE,0,0,0,12.35,8.75,0,0,0,0,17-AUG-2016,
OPTSTK,TATAGLOBAL,29-Sep-2016,145,PE,0,0,0,9.5,10.35,0,0,13500,0,17-AUG-2016,
OPTSTK,TATAGLOBAL,29-Sep-2016,147.5,PE,0,0,0,16.05,12.05,0,0,0,0,17-AUG-2016,
OPTSTK,TATAGLOBAL,29-Sep-2016,150,PE,0,0,0,18.05,13.9,0,0,0,0,17-AUG-2016,
OPTSTK,TATAGLOBAL,29-Sep-2016,152.5,PE,0,0,0,20.1,15.8,0,0,0,0,17-AUG-2016,
OPTSTK,TATAGLOBAL,29-Sep-2016,155,PE,0,0,0,22.25,17.85,0,0,0,0,17-AUG-2016,
OPTSTK,TATAGLOBAL,29-Sep-2016,157.5,PE,0,0,0,24.45,19.95,0,0,0,0,17-AUG-2016,
OPTSTK,TATAGLOBAL,29-Sep-2016,160,PE,0,0,0,26.7,22.15,0,0,0,0,17-AUG-2016,
OPTSTK,TATAGLOBAL,29-Sep-2016,162.5,PE,0,0,0,29,24.35,0,0,0,0,17-AUG-2016,
OPTSTK,TATAGLOBAL,29-Sep-2016,165,PE,0,0,0,31.35,26.65,0,0,0,0,17-AUG-2016,
OPTSTK,TATAGLOBAL,29-Sep-2016,167.5,PE,0,0,0,33.7,29,0,0,0,0,17-AUG-2016,
OPTSTK,TATAGLOBAL,27-Oct-2016,90,CE,0,0,0,51.75,48.9,0,0,0,0,17-AUG-2016,
OPTSTK,TATAGLOBAL,27-Oct-2016,92.5,CE,0,0,0,49.3,46.45,0,0,0,0,17-AUG-2016,
OPTSTK,TATAGLOBAL,27-Oct-2016,95,CE,0,0,0,46.85,44,0,0,0,0,17-AUG-2016,
OPTSTK,TATAGLOBAL,27-Oct-2016,97.5,CE,0,0,0,44.45,41.55,0,0,0,0,17-AUG-2016,
OPTSTK,TATAGLOBAL,27-Oct-2016,100,CE,0,0,0,42,39.1,0,0,0,0,17-AUG-2016,
OPTSTK,TATAGLOBAL,27-Oct-2016,102.5,CE,0,0,0,39.65,36.7,0,0,0,0,17-AUG-2016,
OPTSTK,TATAGLOBAL,27-Oct-2016,105,CE,0,0,0,37.25,34.3,0,0,0,0,17-AUG-2016,
OPTSTK,TATAGLOBAL,27-Oct-2016,107.5,CE,0,0,0,34.9,31.95,0,0,0,0,17-AUG-2016,
OPTSTK,TATAGLOBAL,27-Oct-2016,110,CE,0,0,0,32.65,29.65,0,0,0,0,17-AUG-2016,
OPTSTK,TATAGLOBAL,27-Oct-2016,112.5,CE,0,0,0,30.35,27.4,0,0,0,0,17-AUG-2016,
OPTSTK,TATAGLOBAL,27-Oct-2016,115,CE,0,0,0,28.2,25.2,0,0,0,0,17-AUG-2016,
OPTSTK,TATAGLOBAL,27-Oct-2016,117.5,CE,0,0,0,26.05,23.1,0,0,0,0,17-AUG-2016,
OPTSTK,TATAGLOBAL,27-Oct-2016,120,CE,0,0,0,24,21.05,0,0,0,0,17-AUG-2016,
OPTSTK,TATAGLOBAL,27-Oct-2016,122.5,CE,0,0,0,22,19.05,0,0,0,0,17-AUG-2016,
OPTSTK,TATAGLOBAL,27-Oct-2016,125,CE,0,0,0,20.1,17.2,0,0,0,0,17-AUG-2016,
OPTSTK,TATAGLOBAL,27-Oct-2016,127.5,CE,0,0,0,18.3,15.45,0,0,0,0,17-AUG-2016,
OPTSTK,TATAGLOBAL,27-Oct-2016,130,CE,0,0,0,16.55,13.8,0,0,0,0,17-AUG-2016,
OPTSTK,TATAGLOBAL,27-Oct-2016,132.5,CE,0,0,0,14.95,12.25,0,0,0,0,17-AUG-2016,
OPTSTK,TATAGLOBAL,27-Oct-2016,135,CE,0,0,0,13.45,10.85,0,0,0,0,17-AUG-2016,
OPTSTK,TATAGLOBAL,27-Oct-2016,137.5,CE,0,0,0,12,9.5,0,0,0,0,17-AUG-2016,
OPTSTK,TATAGLOBAL,27-Oct-2016,140,CE,0,0,0,10.7,8.35,0,0,0,0,17-AUG-2016,
OPTSTK,TATAGLOBAL,27-Oct-2016,142.5,CE,0,0,0,9.5,7.25,0,0,0,0,17-AUG-2016,
OPTSTK,TATAGLOBAL,27-Oct-2016,145,CE,0,0,0,8.4,6.3,0,0,0,0,17-AUG-2016,
OPTSTK,TATAGLOBAL,27-Oct-2016,147.5,CE,0,0,0,7.4,5.4,0,0,0,0,17-AUG-2016,
OPTSTK,TATAGLOBAL,27-Oct-2016,150,CE,0,0,0,6.5,4.65,0,0,0,0,17-AUG-2016,
OPTSTK,TATAGLOBAL,27-Oct-2016,152.5,CE,0,0,0,5.7,3.95,0,0,0,0,17-AUG-2016,
OPTSTK,TATAGLOBAL,27-Oct-2016,155,CE,0,0,0,4.95,3.4,0,0,0,0,17-AUG-2016,
OPTSTK,TATAGLOBAL,27-Oct-2016,157.5,CE,0,0,0,4.3,2.85,0,0,0,0,17-AUG-2016,
OPTSTK,TATAGLOBAL,27-Oct-2016,160,CE,0,0,0,3.75,2.4,0,0,0,0,17-AUG-2016,
OPTSTK,TATAGLOBAL,27-Oct-2016,162.5,CE,0,0,0,3.2,2,0,0,0,0,17-AUG-2016,
OPTSTK,TATAGLOBAL,27-Oct-2016,165,CE,0,0,0,2.75,1.7,0,0,0,0,17-AUG-2016,
OPTSTK,TATAGLOBAL,27-Oct-2016,167.5,CE,0,0,0,2.35,1.4,0,0,0,0,17-AUG-2016,
OPTSTK,TATAGLOBAL,27-Oct-2016,90,PE,0,0,0,0.05,0.05,0,0,0,0,17-AUG-2016,
OPTSTK,TATAGLOBAL,27-Oct-2016,92.5,PE,0,0,0,0.05,0.05,0,0,0,0,17-AUG-2016,
OPTSTK,TATAGLOBAL,27-Oct-2016,95,PE,0,0,0,0.05,0.05,0,0,0,0,17-AUG-2016,
OPTSTK,TATAGLOBAL,27-Oct-2016,97.5,PE,0,0,0,0.1,0.1,0,0,0,0,17-AUG-2016,
OPTSTK,TATAGLOBAL,27-Oct-2016,100,PE,0,0,0,0.15,0.15,0,0,0,0,17-AUG-2016,
OPTSTK,TATAGLOBAL,27-Oct-2016,102.5,PE,0,0,0,0.2,0.2,0,0,0,0,17-AUG-2016,
OPTSTK,TATAGLOBAL,27-Oct-2016,105,PE,0,0,0,0.3,0.25,0,0,0,0,17-AUG-2016,
OPTSTK,TATAGLOBAL,27-Oct-2016,107.5,PE,0,0,0,0.45,0.4,0,0,0,0,17-AUG-2016,
OPTSTK,TATAGLOBAL,27-Oct-2016,110,PE,0,0,0,0.6,0.55,0,0,0,0,17-AUG-2016,
OPTSTK,TATAGLOBAL,27-Oct-2016,112.5,PE,0,0,0,0.8,0.75,0,0,0,0,17-AUG-2016,
OPTSTK,TATAGLOBAL,27-Oct-2016,115,PE,0,0,0,1.05,1,0,0,0,0,17-AUG-2016,
OPTSTK,TATAGLOBAL,27-Oct-2016,117.5,PE,0,0,0,1.35,1.35,0,0,0,0,17-AUG-2016,
OPTSTK,TATAGLOBAL,27-Oct-2016,120,PE,0,0,0,1.75,1.8,0,0,0,0,17-AUG-2016,
OPTSTK,TATAGLOBAL,27-Oct-2016,122.5,PE,0,0,0,2.25,2.3,0,0,0,0,17-AUG-2016,
OPTSTK,TATAGLOBAL,27-Oct-2016,125,PE,0,0,0,2.8,2.9,0,0,0,0,17-AUG-2016,
OPTSTK,TATAGLOBAL,27-Oct-2016,127.5,PE,0,0,0,3.45,3.6,0,0,0,0,17-AUG-2016,
OPTSTK,TATAGLOBAL,27-Oct-2016,130,PE,0,0,0,4.15,4.4,0,0,0,0,17-AUG-2016,
OPTSTK,TATAGLOBAL,27-Oct-2016,132.5,PE,0,0,0,5,5.35,0,0,0,0,17-AUG-2016,
OPTSTK,TATAGLOBAL,27-Oct-2016,135,PE,0,0,0,5.95,6.4,0,0,0,0,17-AUG-2016,
OPTSTK,TATAGLOBAL,27-Oct-2016,137.5,PE,0,0,0,7,7.55,0,0,0,0,17-AUG-2016,
OPTSTK,TATAGLOBAL,27-Oct-2016,140,PE,0,0,0,8.15,8.8,0,0,0,0,17-AUG-2016,
OPTSTK,TATAGLOBAL,27-Oct-2016,142.5,PE,0,0,0,9.4,10.2,0,0,0,0,17-AUG-2016,
OPTSTK,TATAGLOBAL,27-Oct-2016,145,PE,0,0,0,10.75,11.7,0,0,0,0,17-AUG-2016,
OPTSTK,TATAGLOBAL,27-Oct-2016,147.5,PE,0,0,0,12.25,13.3,0,0,0,0,17-AUG-2016,
OPTSTK,TATAGLOBAL,27-Oct-2016,150,PE,0,0,0,13.8,15,0,0,0,0,17-AUG-2016,
OPTSTK,TATAGLOBAL,27-Oct-2016,152.5,PE,0,0,0,15.4,16.8,0,0,0,0,17-AUG-2016,
OPTSTK,TATAGLOBAL,27-Oct-2016,155,PE,0,0,0,17.15,18.65,0,0,0,0,17-AUG-2016,
OPTSTK,TATAGLOBAL,27-Oct-2016,157.5,PE,0,0,0,18.95,20.6,0,0,0,0,17-AUG-2016,
OPTSTK,TATAGLOBAL,27-Oct-2016,160,PE,0,0,0,20.85,22.6,0,0,0,0,17-AUG-2016,
OPTSTK,TATAGLOBAL,27-Oct-2016,162.5,PE,0,0,0,22.75,24.7,0,0,0,0,17-AUG-2016,
OPTSTK,TATAGLOBAL,27-Oct-2016,165,PE,0,0,0,24.8,26.85,0,0,0,0,17-AUG-2016,
OPTSTK,TATAGLOBAL,27-Oct-2016,167.5,PE,0,0,0,26.85,29,0,0,0,0,17-AUG-2016,
OPTSTK,TATAMOTORS,25-Aug-2016,250,CE,0,0,0,153.85,260.8,0,0,0,0,17-AUG-2016,
OPTSTK,TATAMOTORS,25-Aug-2016,260,CE,0,0,0,144.15,250.8,0,0,0,0,17-AUG-2016,
OPTSTK,TATAMOTORS,25-Aug-2016,270,CE,0,0,0,134.5,240.8,0,0,0,0,17-AUG-2016,
OPTSTK,TATAMOTORS,25-Aug-2016,280,CE,0,0,0,124.95,230.85,0,0,0,0,17-AUG-2016,
OPTSTK,TATAMOTORS,25-Aug-2016,290,CE,0,0,0,115.55,220.85,0,0,0,0,17-AUG-2016,
OPTSTK,TATAMOTORS,25-Aug-2016,300,CE,0,0,0,106.35,210.85,0,0,0,0,17-AUG-2016,
OPTSTK,TATAMOTORS,25-Aug-2016,310,CE,0,0,0,97.35,200.9,0,0,0,0,17-AUG-2016,
OPTSTK,TATAMOTORS,25-Aug-2016,320,CE,0,0,0,88.65,190.9,0,0,0,0,17-AUG-2016,
OPTSTK,TATAMOTORS,25-Aug-2016,330,CE,0,0,0,80.25,180.9,0,0,0,0,17-AUG-2016,
OPTSTK,TATAMOTORS,25-Aug-2016,340,CE,0,0,0,72.25,170.95,0,0,0,0,17-AUG-2016,
OPTSTK,TATAMOTORS,25-Aug-2016,350,CE,0,0,0,154.9,160.95,0,0,7500,0,17-AUG-2016,
OPTSTK,TATAMOTORS,25-Aug-2016,360,CE,0,0,0,57.55,150.95,0,0,0,0,17-AUG-2016,
OPTSTK,TATAMOTORS,25-Aug-2016,370,CE,0,0,0,50.9,140.95,0,0,0,0,17-AUG-2016,
OPTSTK,TATAMOTORS,25-Aug-2016,380,CE,0,0,0,44.8,131,0,0,0,0,17-AUG-2016,
OPTSTK,TATAMOTORS,25-Aug-2016,390,CE,0,0,0,118.5,121,0,0,10500,0,17-AUG-2016,
OPTSTK,TATAMOTORS,25-Aug-2016,400,CE,0,0,0,111,111,0,0,28500,0,17-AUG-2016,
OPTSTK,TATAMOTORS,25-Aug-2016,410,CE,0,0,0,96.7,101.05,0,0,28500,0,17-AUG-2016,
OPTSTK,TATAMOTORS,25-Aug-2016,420,CE,0,0,0,86,91.05,0,0,3000,0,17-AUG-2016,
OPTSTK,TATAMOTORS,25-Aug-2016,430,CE,0,0,0,76,81.1,0,0,3000,0,17-AUG-2016,
OPTSTK,TATAMOTORS,25-Aug-2016,440,CE,73.5,73.5,70,70,70,2,15.35,49500,-3000,17-AUG-2016,
OPTSTK,TATAMOTORS,25-Aug-2016,450,CE,0,0,0,60,61.25,0,0,12000,0,17-AUG-2016,
OPTSTK,TATAMOTORS,25-Aug-2016,460,CE,53.4,53.4,52,52,52,2,15.38,49500,-1500,17-AUG-2016,
OPTSTK,TATAMOTORS,25-Aug-2016,470,CE,44.25,44.25,43.5,43.5,43.5,2,15.41,16500,-1500,17-AUG-2016,
OPTSTK,TATAMOTORS,25-Aug-2016,480,CE,33.25,33.7,31,33.7,33.7,21,161.07,91500,-7500,17-AUG-2016,
OPTSTK,TATAMOTORS,25-Aug-2016,490,CE,25.5,25.5,25.5,25.5,25.5,4,30.93,67500,6000,17-AUG-2016,
OPTSTK,TATAMOTORS,25-Aug-2016,500,CE,17.7,20.3,14.95,17.35,17.35,333,2586.45,360000,-15000,17-AUG-2016,
OPTSTK,TATAMOTORS,25-Aug-2016,510,CE,12.3,13.85,9.3,11.5,11.5,832,6511.47,549000,31500,17-AUG-2016,
OPTSTK,TATAMOTORS,25-Aug-2016,520,CE,7.2,8.85,5.65,7.1,7.1,1232,9749.2,1459500,147000,17-AUG-2016,
OPTSTK,TATAMOTORS,25-Aug-2016,530,CE,4.4,5.4,3.4,4.15,4.15,752,6028.66,945000,75000,17-AUG-2016,
OPTSTK,TATAMOTORS,25-Aug-2016,540,CE,2.7,3.1,1.95,2.45,2.45,440,3581.17,768000,6000,17-AUG-2016,
OPTSTK,TATAMOTORS,25-Aug-2016,550,CE,1.4,1.9,1.2,1.45,1.45,282,2332.85,619500,37500,17-AUG-2016,
OPTSTK,TATAMOTORS,25-Aug-2016,560,CE,0.9,1.15,0.7,0.9,0.9,265,2229.83,646500,1500,17-AUG-2016,
OPTSTK,TATAMOTORS,25-Aug-2016,570,CE,0.6,0.7,0.5,0.55,0.55,122,1044.17,370500,16500,17-AUG-2016,
OPTSTK,TATAMOTORS,25-Aug-2016,580,CE,0.45,0.45,0.3,0.4,0.4,11,95.76,216000,-6000,17-AUG-2016,
OPTSTK,TATAMOTORS,25-Aug-2016,590,CE,0.4,0.4,0.25,0.25,0.25,4,35.42,87000,-6000,17-AUG-2016,
OPTSTK,TATAMOTORS,25-Aug-2016,600,CE,1,3,0.2,0.25,0.25,33,297.27,618000,-19500,17-AUG-2016,
OPTSTK,TATAMOTORS,25-Aug-2016,610,CE,0,0,0,0.25,0.05,0,0,43500,0,17-AUG-2016,
OPTSTK,TATAMOTORS,25-Aug-2016,250,PE,0,0,0,0.15,0,0,0,0,0,17-AUG-2016,
OPTSTK,TATAMOTORS,25-Aug-2016,260,PE,0,0,0,0.25,0,0,0,0,0,17-AUG-2016,
OPTSTK,TATAMOTORS,25-Aug-2016,270,PE,0,0,0,0.45,0,0,0,0,0,17-AUG-2016,
OPTSTK,TATAMOTORS,25-Aug-2016,280,PE,0,0,0,0.7,0,0,0,0,0,17-AUG-2016,
OPTSTK,TATAMOTORS,25-Aug-2016,290,PE,0,0,0,1.15,0,0,0,0,0,17-AUG-2016,
OPTSTK,TATAMOTORS,25-Aug-2016,300,PE,0,0,0,1.75,0,0,0,0,0,17-AUG-2016,
OPTSTK,TATAMOTORS,25-Aug-2016,310,PE,0,0,0,2.55,0,0,0,0,0,17-AUG-2016,
OPTSTK,TATAMOTORS,25-Aug-2016,320,PE,0,0,0,3.7,0,0,0,0,0,17-AUG-2016,
OPTSTK,TATAMOTORS,25-Aug-2016,330,PE,0,0,0,5.1,0,0,0,0,0,17-AUG-2016,
OPTSTK,TATAMOTORS,25-Aug-2016,340,PE,0,0,0,6.95,0,0,0,0,0,17-AUG-2016,
OPTSTK,TATAMOTORS,25-Aug-2016,350,PE,0,0,0,9.2,0,0,0,0,0,17-AUG-2016,
OPTSTK,TATAMOTORS,25-Aug-2016,360,PE,0,0,0,11.9,0,0,0,0,0,17-AUG-2016,
OPTSTK,TATAMOTORS,25-Aug-2016,370,PE,0,0,0,15.05,0,0,0,0,0,17-AUG-2016,
OPTSTK,TATAMOTORS,25-Aug-2016,380,PE,0,0,0,18.75,0,0,0,0,0,17-AUG-2016,
OPTSTK,TATAMOTORS,25-Aug-2016,390,PE,0,0,0,0.2,0,0,0,93000,0,17-AUG-2016,
OPTSTK,TATAMOTORS,25-Aug-2016,400,PE,0.1,0.1,0.05,0.1,0.1,10,60.01,136500,-15000,17-AUG-2016,
OPTSTK,TATAMOTORS,25-Aug-2016,410,PE,0,0,0,0.2,0,0,0,81000,0,17-AUG-2016,
OPTSTK,TATAMOTORS,25-Aug-2016,420,PE,0.15,0.15,0.1,0.1,0.1,3,18.9,120000,-4500,17-AUG-2016,
OPTSTK,TATAMOTORS,25-Aug-2016,430,PE,0.2,0.2,0.2,0.2,0.2,1,6.45,207000,-1500,17-AUG-2016,
OPTSTK,TATAMOTORS,25-Aug-2016,440,PE,0.2,0.25,0.15,0.15,0.15,7,46.22,174000,-9000,17-AUG-2016,
OPTSTK,TATAMOTORS,25-Aug-2016,450,PE,0.25,0.3,0.25,0.3,0.3,5,33.77,180000,-1500,17-AUG-2016,
OPTSTK,TATAMOTORS,25-Aug-2016,460,PE,0.45,0.65,0.45,0.5,0.5,84,580.28,255000,-28500,17-AUG-2016,
OPTSTK,TATAMOTORS,25-Aug-2016,470,PE,1.15,1.2,0.75,0.9,0.9,164,1158.54,271500,-3000,17-AUG-2016,
OPTSTK,TATAMOTORS,25-Aug-2016,480,PE,1.9,2.25,1.45,1.7,1.7,335,2421.03,585000,1500,17-AUG-2016,
OPTSTK,TATAMOTORS,25-Aug-2016,490,PE,3.15,3.95,2.6,3.05,3.05,402,2973.69,426000,7500,17-AUG-2016,
OPTSTK,TATAMOTORS,25-Aug-2016,500,PE,5.8,7.1,4.55,5.4,5.4,1012,7676.67,862500,-46500,17-AUG-2016,
OPTSTK,TATAMOTORS,25-Aug-2016,510,PE,9.3,11.55,7.85,9.4,9.4,707,5508.28,390000,58500,17-AUG-2016,
OPTSTK,TATAMOTORS,25-Aug-2016,520,PE,15.45,17,12.9,14.5,14.5,70,561.42,169500,-10500,17-AUG-2016,
OPTSTK,TATAMOTORS,25-Aug-2016,530,PE,19.25,22.2,19.25,21.15,21.15,7,57.81,24000,4500,17-AUG-2016,
OPTSTK,TATAMOTORS,25-Aug-2016,540,PE,29.55,29.55,29.55,29.55,29.55,1,8.54,33000,0,17-AUG-2016,
OPTSTK,TATAMOTORS,25-Aug-2016,550,PE,0,0,0,34,40.5,0,0,7500,0,17-AUG-2016,
OPTSTK,TATAMOTORS,25-Aug-2016,560,PE,0,0,0,47.2,49.65,0,0,10500,0,17-AUG-2016,
OPTSTK,TATAMOTORS,25-Aug-2016,570,PE,0,0,0,74.65,59.2,0,0,3000,0,17-AUG-2016,
OPTSTK,TATAMOTORS,25-Aug-2016,580,PE,0,0,0,151.95,68.95,0,0,0,0,17-AUG-2016,
OPTSTK,TATAMOTORS,25-Aug-2016,590,PE,0,0,0,136.75,78.85,0,0,0,0,17-AUG-2016,
OPTSTK,TATAMOTORS,25-Aug-2016,600,PE,0,0,0,98.4,88.75,0,0,6000,0,17-AUG-2016,
OPTSTK,TATAMOTORS,25-Aug-2016,610,PE,0,0,0,153.45,98.7,0,0,0,0,17-AUG-2016,
OPTSTK,TATAMOTORS,29-Sep-2016,280,CE,0,0,0,185.35,232.7,0,0,0,0,17-AUG-2016,
OPTSTK,TATAMOTORS,29-Sep-2016,290,CE,0,0,0,176,222.75,0,0,0,0,17-AUG-2016,
OPTSTK,TATAMOTORS,29-Sep-2016,300,CE,0,0,0,166.8,212.85,0,0,0,0,17-AUG-2016,
OPTSTK,TATAMOTORS,29-Sep-2016,310,CE,0,0,0,157.7,202.95,0,0,0,0,17-AUG-2016,
OPTSTK,TATAMOTORS,29-Sep-2016,320,CE,0,0,0,148.85,193,0,0,0,0,17-AUG-2016,
OPTSTK,TATAMOTORS,29-Sep-2016,330,CE,0,0,0,140.15,183.1,0,0,0,0,17-AUG-2016,
OPTSTK,TATAMOTORS,29-Sep-2016,340,CE,0,0,0,131.7,173.2,0,0,0,0,17-AUG-2016,
OPTSTK,TATAMOTORS,29-Sep-2016,350,CE,0,0,0,123.5,163.3,0,0,0,0,17-AUG-2016,
OPTSTK,TATAMOTORS,29-Sep-2016,360,CE,0,0,0,115.55,153.45,0,0,0,0,17-AUG-2016,
OPTSTK,TATAMOTORS,29-Sep-2016,370,CE,0,0,0,107.9,143.6,0,0,0,0,17-AUG-2016,
OPTSTK,TATAMOTORS,29-Sep-2016,380,CE,0,0,0,100.55,133.8,0,0,0,0,17-AUG-2016,
OPTSTK,TATAMOTORS,29-Sep-2016,390,CE,0,0,0,93.5,124.1,0,0,0,0,17-AUG-2016,
OPTSTK,TATAMOTORS,29-Sep-2016,400,CE,0,0,0,112.5,114.5,0,0,6000,0,17-AUG-2016,
OPTSTK,TATAMOTORS,29-Sep-2016,410,CE,0,0,0,80.35,105.1,0,0,0,0,17-AUG-2016,
OPTSTK,TATAMOTORS,29-Sep-2016,420,CE,0,0,0,74.3,95.85,0,0,0,0,17-AUG-2016,
OPTSTK,TATAMOTORS,29-Sep-2016,430,CE,0,0,0,68.55,86.9,0,0,0,0,17-AUG-2016,
OPTSTK,TATAMOTORS,29-Sep-2016,440,CE,0,0,0,75,78.2,0,0,6000,0,17-AUG-2016,
OPTSTK,TATAMOTORS,29-Sep-2016,450,CE,69,69,69,69,69,1,7.78,1500,1500,17-AUG-2016,
OPTSTK,TATAMOTORS,29-Sep-2016,460,CE,0,0,0,53.3,62.05,0,0,0,0,17-AUG-2016,
OPTSTK,TATAMOTORS,29-Sep-2016,470,CE,53,53,53,53,53,1,7.84,3000,1500,17-AUG-2016,
OPTSTK,TATAMOTORS,29-Sep-2016,480,CE,43,44,43,43.5,43.5,17,133.46,30000,25500,17-AUG-2016,
OPTSTK,TATAMOTORS,29-Sep-2016,490,CE,0,0,0,40.85,41.4,0,0,0,0,17-AUG-2016,
OPTSTK,TATAMOTORS,29-Sep-2016,500,CE,32,32,32,32,32,1,7.98,12000,1500,17-AUG-2016,
OPTSTK,TATAMOTORS,29-Sep-2016,510,CE,30,30,27.15,28.85,28.85,17,137.19,33000,13500,17-AUG-2016,
OPTSTK,TATAMOTORS,29-Sep-2016,520,CE,24.65,25.95,22.2,24.3,24.3,38,310.12,318000,21000,17-AUG-2016,
OPTSTK,TATAMOTORS,29-Sep-2016,530,CE,20,22.85,18.65,20.4,20.4,31,256.16,37500,21000,17-AUG-2016,
OPTSTK,TATAMOTORS,29-Sep-2016,540,CE,17.6,17.6,16.95,16.95,16.95,2,16.71,28500,0,17-AUG-2016,
OPTSTK,TATAMOTORS,29-Sep-2016,550,CE,14.25,14.25,13.4,13.4,13.4,7,59.23,55500,6000,17-AUG-2016,
OPTSTK,TATAMOTORS,29-Sep-2016,560,CE,11.05,11.25,10.3,10.8,10.8,12,102.74,27000,9000,17-AUG-2016,
OPTSTK,TATAMOTORS,29-Sep-2016,570,CE,0,0,0,10,10,0,0,3000,0,17-AUG-2016,
OPTSTK,TATAMOTORS,29-Sep-2016,580,CE,7.8,7.8,6.75,6.75,6.75,2,17.61,15000,0,17-AUG-2016,
OPTSTK,TATAMOTORS,29-Sep-2016,590,CE,0,0,0,15.4,6.5,0,0,0,0,17-AUG-2016,
OPTSTK,TATAMOTORS,29-Sep-2016,600,CE,0,0,0,3.9,5.2,0,0,4500,0,17-AUG-2016,
OPTSTK,TATAMOTORS,29-Sep-2016,610,CE,0,0,0,12.55,4.1,0,0,0,0,17-AUG-2016,
OPTSTK,TATAMOTORS,29-Sep-2016,280,PE,0,0,0,1.15,0,0,0,0,0,17-AUG-2016,
OPTSTK,TATAMOTORS,29-Sep-2016,290,PE,0,0,0,1.65,0,0,0,0,0,17-AUG-2016,
OPTSTK,TATAMOTORS,29-Sep-2016,300,PE,0,0,0,2.25,0,0,0,0,0,17-AUG-2016,
OPTSTK,TATAMOTORS,29-Sep-2016,310,PE,0,0,0,3,0,0,0,0,0,17-AUG-2016,
OPTSTK,TATAMOTORS,29-Sep-2016,320,PE,0,0,0,3.95,0,0,0,0,0,17-AUG-2016,
OPTSTK,TATAMOTORS,29-Sep-2016,330,PE,0,0,0,5.05,0.05,0,0,0,0,17-AUG-2016,
OPTSTK,TATAMOTORS,29-Sep-2016,340,PE,0,0,0,6.45,0.05,0,0,0,0,17-AUG-2016,
OPTSTK,TATAMOTORS,29-Sep-2016,350,PE,0,0,0,8.05,0.05,0,0,0,0,17-AUG-2016,
OPTSTK,TATAMOTORS,29-Sep-2016,360,PE,0,0,0,9.95,0.1,0,0,0,0,17-AUG-2016,
OPTSTK,TATAMOTORS,29-Sep-2016,370,PE,0,0,0,12.1,0.2,0,0,0,0,17-AUG-2016,
OPTSTK,TATAMOTORS,29-Sep-2016,380,PE,0,0,0,14.6,0.35,0,0,0,0,17-AUG-2016,
OPTSTK,TATAMOTORS,29-Sep-2016,390,PE,0,0,0,17.4,0.55,0,0,0,0,17-AUG-2016,
OPTSTK,TATAMOTORS,29-Sep-2016,400,PE,0,0,0,20.45,0.9,0,0,0,0,17-AUG-2016,
OPTSTK,TATAMOTORS,29-Sep-2016,410,PE,0,0,0,23.9,1.35,0,0,0,0,17-AUG-2016,
OPTSTK,TATAMOTORS,29-Sep-2016,420,PE,0,0,0,27.65,2.05,0,0,0,0,17-AUG-2016,
OPTSTK,TATAMOTORS,29-Sep-2016,430,PE,0,0,0,31.7,3,0,0,0,0,17-AUG-2016,
OPTSTK,TATAMOTORS,29-Sep-2016,440,PE,4.2,4.45,3.8,4.05,4.05,4,26.65,12000,3000,17-AUG-2016,
OPTSTK,TATAMOTORS,29-Sep-2016,450,PE,4.35,4.55,4.35,4.55,4.55,5,34.07,13500,0,17-AUG-2016,
OPTSTK,TATAMOTORS,29-Sep-2016,460,PE,7.25,8,7.25,7.8,7.8,10,70.12,42000,15000,17-AUG-2016,
OPTSTK,TATAMOTORS,29-Sep-2016,470,PE,9.45,10,9.25,10,10,4,28.77,13500,0,17-AUG-2016,
OPTSTK,TATAMOTORS,29-Sep-2016,480,PE,12,13.3,12,12.25,12.25,17,125.57,220500,0,17-AUG-2016,
OPTSTK,TATAMOTORS,29-Sep-2016,490,PE,0,0,0,18.9,17.05,0,0,12000,0,17-AUG-2016,
OPTSTK,TATAMOTORS,29-Sep-2016,500,PE,18.5,21,18,20,20,17,132.52,70500,12000,17-AUG-2016,
OPTSTK,TATAMOTORS,29-Sep-2016,510,PE,23,23.75,23,23.75,23.75,2,16,7500,1500,17-AUG-2016,
OPTSTK,TATAMOTORS,29-Sep-2016,520,PE,27.75,27.75,27.75,27.75,27.75,1,8.21,1500,1500,17-AUG-2016,
OPTSTK,TATAMOTORS,29-Sep-2016,530,PE,0,0,0,89.45,36.95,0,0,0,0,17-AUG-2016,
OPTSTK,TATAMOTORS,29-Sep-2016,540,PE,0,0,0,38.5,43.25,0,0,1500,0,17-AUG-2016,
OPTSTK,TATAMOTORS,29-Sep-2016,550,PE,0,0,0,104.15,50.05,0,0,0,0,17-AUG-2016,
OPTSTK,TATAMOTORS,29-Sep-2016,560,PE,0,0,0,111.75,57.35,0,0,0,0,17-AUG-2016,
OPTSTK,TATAMOTORS,29-Sep-2016,570,PE,0,0,0,119.6,64.95,0,0,0,0,17-AUG-2016,
OPTSTK,TATAMOTORS,29-Sep-2016,580,PE,0,0,0,127.6,73,0,0,0,0,17-AUG-2016,
OPTSTK,TATAMOTORS,29-Sep-2016,590,PE,0,0,0,135.75,81.3,0,0,0,0,17-AUG-2016,
OPTSTK,TATAMOTORS,29-Sep-2016,600,PE,0,0,0,144.05,89.95,0,0,0,0,17-AUG-2016,
OPTSTK,TATAMOTORS,29-Sep-2016,610,PE,0,0,0,152.5,98.75,0,0,0,0,17-AUG-2016,
OPTSTK,TATAMOTORS,27-Oct-2016,330,CE,0,0,0,182.85,184.95,0,0,0,0,17-AUG-2016,
OPTSTK,TATAMOTORS,27-Oct-2016,340,CE,0,0,0,173.2,175.2,0,0,0,0,17-AUG-2016,
OPTSTK,TATAMOTORS,27-Oct-2016,350,CE,0,0,0,163.65,165.45,0,0,0,0,17-AUG-2016,
OPTSTK,TATAMOTORS,27-Oct-2016,360,CE,0,0,0,154.2,155.8,0,0,0,0,17-AUG-2016,
OPTSTK,TATAMOTORS,27-Oct-2016,370,CE,0,0,0,144.85,146.25,0,0,0,0,17-AUG-2016,
OPTSTK,TATAMOTORS,27-Oct-2016,380,CE,0,0,0,135.65,136.8,0,0,0,0,17-AUG-2016,
OPTSTK,TATAMOTORS,27-Oct-2016,390,CE,0,0,0,126.65,127.5,0,0,0,0,17-AUG-2016,
OPTSTK,TATAMOTORS,27-Oct-2016,400,CE,0,0,0,117.9,118.4,0,0,0,0,17-AUG-2016,
OPTSTK,TATAMOTORS,27-Oct-2016,410,CE,0,0,0,109.35,109.55,0,0,0,0,17-AUG-2016,
OPTSTK,TATAMOTORS,27-Oct-2016,420,CE,0,0,0,101.05,100.9,0,0,0,0,17-AUG-2016,
OPTSTK,TATAMOTORS,27-Oct-2016,430,CE,0,0,0,93.1,92.6,0,0,0,0,17-AUG-2016,
OPTSTK,TATAMOTORS,27-Oct-2016,440,CE,0,0,0,85.45,84.55,0,0,0,0,17-AUG-2016,
OPTSTK,TATAMOTORS,27-Oct-2016,450,CE,0,0,0,78.2,76.9,0,0,0,0,17-AUG-2016,
OPTSTK,TATAMOTORS,27-Oct-2016,460,CE,0,0,0,71.25,69.65,0,0,0,0,17-AUG-2016,
OPTSTK,TATAMOTORS,27-Oct-2016,470,CE,0,0,0,64.7,62.8,0,0,0,0,17-AUG-2016,
OPTSTK,TATAMOTORS,27-Oct-2016,480,CE,0,0,0,58.55,56.35,0,0,0,0,17-AUG-2016,
OPTSTK,TATAMOTORS,27-Oct-2016,490,CE,0,0,0,52.85,50.35,0,0,0,0,17-AUG-2016,
OPTSTK,TATAMOTORS,27-Oct-2016,500,CE,0,0,0,47.5,44.8,0,0,0,0,17-AUG-2016,
OPTSTK,TATAMOTORS,27-Oct-2016,510,CE,0,0,0,42.55,39.7,0,0,0,0,17-AUG-2016,
OPTSTK,TATAMOTORS,27-Oct-2016,520,CE,0,0,0,28.85,35,0,0,3000,0,17-AUG-2016,
OPTSTK,TATAMOTORS,27-Oct-2016,530,CE,0,0,0,33.8,30.75,0,0,0,0,17-AUG-2016,
OPTSTK,TATAMOTORS,27-Oct-2016,540,CE,0,0,0,30,26.9,0,0,0,0,17-AUG-2016,
OPTSTK,TATAMOTORS,27-Oct-2016,550,CE,0,0,0,26.55,23.45,0,0,0,0,17-AUG-2016,
OPTSTK,TATAMOTORS,27-Oct-2016,560,CE,0,0,0,23.4,20.35,0,0,0,0,17-AUG-2016,
OPTSTK,TATAMOTORS,27-Oct-2016,570,CE,0,0,0,20.55,17.55,0,0,0,0,17-AUG-2016,
OPTSTK,TATAMOTORS,27-Oct-2016,580,CE,0,0,0,18.05,15.15,0,0,0,0,17-AUG-2016,
OPTSTK,TATAMOTORS,27-Oct-2016,590,CE,0,0,0,15.8,13,0,0,0,0,17-AUG-2016,
OPTSTK,TATAMOTORS,27-Oct-2016,600,CE,0,0,0,13.75,11.1,0,0,0,0,17-AUG-2016,
OPTSTK,TATAMOTORS,27-Oct-2016,610,CE,0,0,0,12,9.45,0,0,0,0,17-AUG-2016,
OPTSTK,TATAMOTORS,27-Oct-2016,330,PE,0,0,0,0.35,0.15,0,0,0,0,17-AUG-2016,
OPTSTK,TATAMOTORS,27-Oct-2016,340,PE,0,0,0,0.55,0.25,0,0,0,0,17-AUG-2016,
OPTSTK,TATAMOTORS,27-Oct-2016,350,PE,0,0,0,0.8,0.4,0,0,0,0,17-AUG-2016,
OPTSTK,TATAMOTORS,27-Oct-2016,360,PE,0,0,0,1.15,0.6,0,0,0,0,17-AUG-2016,
OPTSTK,TATAMOTORS,27-Oct-2016,370,PE,0,0,0,1.65,0.9,0,0,0,0,17-AUG-2016,
OPTSTK,TATAMOTORS,27-Oct-2016,380,PE,0,0,0,2.3,1.35,0,0,0,0,17-AUG-2016,
OPTSTK,TATAMOTORS,27-Oct-2016,390,PE,0,0,0,3.1,1.9,0,0,0,0,17-AUG-2016,
OPTSTK,TATAMOTORS,27-Oct-2016,400,PE,0,0,0,4.15,2.7,0,0,0,0,17-AUG-2016,
OPTSTK,TATAMOTORS,27-Oct-2016,410,PE,0,0,0,5.45,3.65,0,0,0,0,17-AUG-2016,
OPTSTK,TATAMOTORS,27-Oct-2016,420,PE,0,0,0,7,4.9,0,0,0,0,17-AUG-2016,
OPTSTK,TATAMOTORS,27-Oct-2016,430,PE,0,0,0,8.85,6.45,0,0,0,0,17-AUG-2016,
OPTSTK,TATAMOTORS,27-Oct-2016,440,PE,0,0,0,11.05,8.3,0,0,0,0,17-AUG-2016,
OPTSTK,TATAMOTORS,27-Oct-2016,450,PE,0,0,0,13.6,10.5,0,0,0,0,17-AUG-2016,
OPTSTK,TATAMOTORS,27-Oct-2016,460,PE,0,0,0,16.5,13.15,0,0,0,0,17-AUG-2016,
OPTSTK,TATAMOTORS,27-Oct-2016,470,PE,0,0,0,19.8,16.1,0,0,0,0,17-AUG-2016,
OPTSTK,TATAMOTORS,27-Oct-2016,480,PE,0,0,0,23.45,19.55,0,0,0,0,17-AUG-2016,
OPTSTK,TATAMOTORS,27-Oct-2016,490,PE,0,0,0,31.7,23.45,0,0,12000,0,17-AUG-2016,
OPTSTK,TATAMOTORS,27-Oct-2016,500,PE,0,0,0,38.5,27.75,0,0,30000,0,17-AUG-2016,
OPTSTK,TATAMOTORS,27-Oct-2016,510,PE,0,0,0,36.95,32.5,0,0,0,0,17-AUG-2016,
OPTSTK,TATAMOTORS,27-Oct-2016,520,PE,0,0,0,42.2,37.7,0,0,0,0,17-AUG-2016,
OPTSTK,TATAMOTORS,27-Oct-2016,530,PE,0,0,0,47.85,43.3,0,0,0,0,17-AUG-2016,
OPTSTK,TATAMOTORS,27-Oct-2016,540,PE,0,0,0,53.85,49.3,0,0,0,0,17-AUG-2016,
OPTSTK,TATAMOTORS,27-Oct-2016,550,PE,0,0,0,60.25,55.7,0,0,0,0,17-AUG-2016,
OPTSTK,TATAMOTORS,27-Oct-2016,560,PE,0,0,0,66.9,62.45,0,0,0,0,17-AUG-2016,
OPTSTK,TATAMOTORS,27-Oct-2016,570,PE,0,0,0,73.95,69.55,0,0,0,0,17-AUG-2016,
OPTSTK,TATAMOTORS,27-Oct-2016,580,PE,0,0,0,81.25,77.05,0,0,0,0,17-AUG-2016,
OPTSTK,TATAMOTORS,27-Oct-2016,590,PE,0,0,0,88.8,84.75,0,0,0,0,17-AUG-2016,
OPTSTK,TATAMOTORS,27-Oct-2016,600,PE,0,0,0,96.6,92.7,0,0,0,0,17-AUG-2016,
OPTSTK,TATAMOTORS,27-Oct-2016,610,PE,0,0,0,104.65,100.95,0,0,0,0,17-AUG-2016,
OPTSTK,TATAMTRDVR,25-Aug-2016,180,CE,0,0,0,93,153.85,0,0,0,0,17-AUG-2016,
OPTSTK,TATAMTRDVR,25-Aug-2016,190,CE,0,0,0,83.45,143.85,0,0,0,0,17-AUG-2016,
OPTSTK,TATAMTRDVR,25-Aug-2016,200,CE,0,0,0,74.05,133.85,0,0,0,0,17-AUG-2016,
OPTSTK,TATAMTRDVR,25-Aug-2016,210,CE,0,0,0,64.95,123.9,0,0,0,0,17-AUG-2016,
OPTSTK,TATAMTRDVR,25-Aug-2016,220,CE,0,0,0,56.25,113.9,0,0,0,0,17-AUG-2016,
OPTSTK,TATAMTRDVR,25-Aug-2016,230,CE,0,0,0,48.1,103.9,0,0,0,0,17-AUG-2016,
OPTSTK,TATAMTRDVR,25-Aug-2016,240,CE,0,0,0,40.6,93.95,0,0,0,0,17-AUG-2016,
OPTSTK,TATAMTRDVR,25-Aug-2016,250,CE,0,0,0,33.8,83.95,0,0,0,0,17-AUG-2016,
OPTSTK,TATAMTRDVR,25-Aug-2016,260,CE,0,0,0,27.75,73.95,0,0,0,0,17-AUG-2016,
OPTSTK,TATAMTRDVR,25-Aug-2016,270,CE,0,0,0,56,63.95,0,0,2100,0,17-AUG-2016,
OPTSTK,TATAMTRDVR,25-Aug-2016,280,CE,0,0,0,17.95,54,0,0,0,0,17-AUG-2016,
OPTSTK,TATAMTRDVR,25-Aug-2016,290,CE,0,0,0,40,44.05,0,0,0,0,17-AUG-2016,
OPTSTK,TATAMTRDVR,25-Aug-2016,300,CE,0,0,0,36,34.2,0,0,4200,0,17-AUG-2016,
OPTSTK,TATAMTRDVR,25-Aug-2016,310,CE,0,0,0,22.75,24.75,0,0,63000,0,17-AUG-2016,
OPTSTK,TATAMTRDVR,25-Aug-2016,320,CE,17.15,17.15,16.1,16.1,16.1,4,28.29,77700,6300,17-AUG-2016,
OPTSTK,TATAMTRDVR,25-Aug-2016,330,CE,9.3,9.9,7.95,9.2,9.2,109,776.34,247800,-8400,17-AUG-2016,
OPTSTK,TATAMTRDVR,25-Aug-2016,340,CE,4.9,5.05,3.8,4.4,4.4,392,2836.95,283500,-18900,17-AUG-2016,
OPTSTK,TATAMTRDVR,25-Aug-2016,350,CE,2,2.3,1.6,1.85,1.85,157,1160.65,273000,-29400,17-AUG-2016,
OPTSTK,TATAMTRDVR,25-Aug-2016,360,CE,0.85,0.9,0.75,0.85,0.85,11,83.34,140700,2100,17-AUG-2016,
OPTSTK,TATAMTRDVR,25-Aug-2016,370,CE,0.35,0.35,0.35,0.35,0.35,1,7.77,63000,-2100,17-AUG-2016,
OPTSTK,TATAMTRDVR,25-Aug-2016,380,CE,0.1,0.1,0.1,0.1,0.1,1,7.98,69300,0,17-AUG-2016,
OPTSTK,TATAMTRDVR,25-Aug-2016,390,CE,0,0,0,0.1,0.05,0,0,4200,0,17-AUG-2016,
OPTSTK,TATAMTRDVR,25-Aug-2016,400,CE,0,0,0,0.2,0,0,0,2100,0,17-AUG-2016,
OPTSTK,TATAMTRDVR,25-Aug-2016,410,CE,0,0,0,13.55,0,0,0,0,0,17-AUG-2016,
OPTSTK,TATAMTRDVR,25-Aug-2016,180,PE,0,0,0,0.2,0,0,0,0,0,17-AUG-2016,
OPTSTK,TATAMTRDVR,25-Aug-2016,190,PE,0,0,0,0.45,0,0,0,0,0,17-AUG-2016,
OPTSTK,TATAMTRDVR,25-Aug-2016,200,PE,0,0,0,0.85,0,0,0,0,0,17-AUG-2016,
OPTSTK,TATAMTRDVR,25-Aug-2016,210,PE,0,0,0,1.6,0,0,0,0,0,17-AUG-2016,
OPTSTK,TATAMTRDVR,25-Aug-2016,220,PE,0,0,0,2.75,0,0,0,0,0,17-AUG-2016,
OPTSTK,TATAMTRDVR,25-Aug-2016,230,PE,0,0,0,0.25,0,0,0,4200,0,17-AUG-2016,
OPTSTK,TATAMTRDVR,25-Aug-2016,240,PE,0,0,0,6.75,0,0,0,0,0,17-AUG-2016,
OPTSTK,TATAMTRDVR,25-Aug-2016,250,PE,0,0,0,9.7,0,0,0,0,0,17-AUG-2016,
OPTSTK,TATAMTRDVR,25-Aug-2016,260,PE,0,0,0,0.6,0,0,0,2100,0,17-AUG-2016,
OPTSTK,TATAMTRDVR,25-Aug-2016,270,PE,0,0,0,18.05,0,0,0,0,0,17-AUG-2016,
OPTSTK,TATAMTRDVR,25-Aug-2016,280,PE,0,0,0,0.15,0,0,0,52500,0,17-AUG-2016,
OPTSTK,TATAMTRDVR,25-Aug-2016,290,PE,0.1,0.1,0.1,0.1,0.1,3,18.27,48300,-6300,17-AUG-2016,
OPTSTK,TATAMTRDVR,25-Aug-2016,300,PE,0.3,0.3,0.3,0.3,0.3,3,18.91,100800,-2100,17-AUG-2016,
OPTSTK,TATAMTRDVR,25-Aug-2016,310,PE,1.05,1.05,0.8,0.8,0.8,14,91.42,86100,-6300,17-AUG-2016,
OPTSTK,TATAMTRDVR,25-Aug-2016,320,PE,2.3,2.7,2,2.1,2.1,115,778.17,218400,44100,17-AUG-2016,
OPTSTK,TATAMTRDVR,25-Aug-2016,330,PE,5.75,6,4.7,5.25,5.25,157,1105.67,149100,4200,17-AUG-2016,
OPTSTK,TATAMTRDVR,25-Aug-2016,340,PE,0,0,0,9.5,10.75,0,0,21000,0,17-AUG-2016,
OPTSTK,TATAMTRDVR,25-Aug-2016,350,PE,0,0,0,19,18.05,0,0,8400,0,17-AUG-2016,
OPTSTK,TATAMTRDVR,25-Aug-2016,360,PE,0,0,0,31.5,26.7,0,0,4200,0,17-AUG-2016,
OPTSTK,TATAMTRDVR,25-Aug-2016,370,PE,0,0,0,95.25,36.15,0,0,0,0,17-AUG-2016,
OPTSTK,TATAMTRDVR,25-Aug-2016,380,PE,0,0,0,104.7,45.95,0,0,0,0,17-AUG-2016,
OPTSTK,TATAMTRDVR,25-Aug-2016,390,PE,0,0,0,114.2,55.9,0,0,0,0,17-AUG-2016,
OPTSTK,TATAMTRDVR,25-Aug-2016,400,PE,0,0,0,71,65.85,0,0,2100,0,17-AUG-2016,
OPTSTK,TATAMTRDVR,25-Aug-2016,410,PE,0,0,0,102.1,75.85,0,0,0,0,17-AUG-2016,
OPTSTK,TATAMTRDVR,29-Sep-2016,180,CE,0,0,0,115.6,155.05,0,0,0,0,17-AUG-2016,
OPTSTK,TATAMTRDVR,29-Sep-2016,190,CE,0,0,0,106.2,145.1,0,0,0,0,17-AUG-2016,
OPTSTK,TATAMTRDVR,29-Sep-2016,200,CE,0,0,0,97.1,135.2,0,0,0,0,17-AUG-2016,
OPTSTK,TATAMTRDVR,29-Sep-2016,210,CE,0,0,0,88.25,125.25,0,0,0,0,17-AUG-2016,
OPTSTK,TATAMTRDVR,29-Sep-2016,220,CE,0,0,0,79.75,115.35,0,0,0,0,17-AUG-2016,
OPTSTK,TATAMTRDVR,29-Sep-2016,230,CE,0,0,0,71.65,105.45,0,0,0,0,17-AUG-2016,
OPTSTK,TATAMTRDVR,29-Sep-2016,240,CE,0,0,0,64,95.55,0,0,0,0,17-AUG-2016,
OPTSTK,TATAMTRDVR,29-Sep-2016,250,CE,0,0,0,56.85,85.7,0,0,0,0,17-AUG-2016,
OPTSTK,TATAMTRDVR,29-Sep-2016,260,CE,0,0,0,50.2,76,0,0,0,0,17-AUG-2016,
OPTSTK,TATAMTRDVR,29-Sep-2016,270,CE,0,0,0,44.1,66.45,0,0,0,0,17-AUG-2016,
OPTSTK,TATAMTRDVR,29-Sep-2016,280,CE,0,0,0,38.55,57.15,0,0,0,0,17-AUG-2016,
OPTSTK,TATAMTRDVR,29-Sep-2016,290,CE,0,0,0,46,48.35,0,0,2100,0,17-AUG-2016,
OPTSTK,TATAMTRDVR,29-Sep-2016,300,CE,0,0,0,29.05,40.1,0,0,0,0,17-AUG-2016,
OPTSTK,TATAMTRDVR,29-Sep-2016,310,CE,0,0,0,25,32.6,0,0,0,0,17-AUG-2016,
OPTSTK,TATAMTRDVR,29-Sep-2016,320,CE,0,0,0,21.5,25.9,0,0,0,0,17-AUG-2016,
OPTSTK,TATAMTRDVR,29-Sep-2016,330,CE,0,0,0,17.5,20.15,0,0,8400,0,17-AUG-2016,
OPTSTK,TATAMTRDVR,29-Sep-2016,340,CE,0,0,0,14.35,15.35,0,0,21000,0,17-AUG-2016,
OPTSTK,TATAMTRDVR,29-Sep-2016,350,CE,10.95,10.95,10.95,10.95,10.95,1,7.57,58800,0,17-AUG-2016,
OPTSTK,TATAMTRDVR,29-Sep-2016,360,CE,0,0,0,7.85,8.3,0,0,2100,0,17-AUG-2016,
OPTSTK,TATAMTRDVR,29-Sep-2016,370,CE,6,6,6,6,6,1,7.89,4200,2100,17-AUG-2016,
OPTSTK,TATAMTRDVR,29-Sep-2016,380,CE,4,4,4,4,4,1,8.06,4200,2100,17-AUG-2016,
OPTSTK,TATAMTRDVR,29-Sep-2016,390,CE,0,0,0,4,2.85,0,0,2100,0,17-AUG-2016,
OPTSTK,TATAMTRDVR,29-Sep-2016,400,CE,0,0,0,5.6,1.9,0,0,0,0,17-AUG-2016,
OPTSTK,TATAMTRDVR,29-Sep-2016,410,CE,0,0,0,4.7,1.25,0,0,0,0,17-AUG-2016,
OPTSTK,TATAMTRDVR,29-Sep-2016,180,PE,0,0,0,0.65,0,0,0,0,0,17-AUG-2016,
OPTSTK,TATAMTRDVR,29-Sep-2016,190,PE,0,0,0,1.1,0,0,0,0,0,17-AUG-2016,
OPTSTK,TATAMTRDVR,29-Sep-2016,200,PE,0,0,0,1.8,0,0,0,0,0,17-AUG-2016,
OPTSTK,TATAMTRDVR,29-Sep-2016,210,PE,0,0,0,2.75,0,0,0,0,0,17-AUG-2016,
OPTSTK,TATAMTRDVR,29-Sep-2016,220,PE,0,0,0,4.1,0,0,0,0,0,17-AUG-2016,
OPTSTK,TATAMTRDVR,29-Sep-2016,230,PE,0,0,0,5.8,0.05,0,0,0,0,17-AUG-2016,
OPTSTK,TATAMTRDVR,29-Sep-2016,240,PE,0,0,0,8,0.05,0,0,0,0,17-AUG-2016,
OPTSTK,TATAMTRDVR,29-Sep-2016,250,PE,0,0,0,10.7,0.15,0,0,0,0,17-AUG-2016,
OPTSTK,TATAMTRDVR,29-Sep-2016,260,PE,0,0,0,13.85,0.35,0,0,0,0,17-AUG-2016,
OPTSTK,TATAMTRDVR,29-Sep-2016,270,PE,0,0,0,17.6,0.7,0,0,0,0,17-AUG-2016,
OPTSTK,TATAMTRDVR,29-Sep-2016,280,PE,0,0,0,21.85,1.35,0,0,0,0,17-AUG-2016,
OPTSTK,TATAMTRDVR,29-Sep-2016,290,PE,0,0,0,26.65,2.45,0,0,0,0,17-AUG-2016,
OPTSTK,TATAMTRDVR,29-Sep-2016,300,PE,0,0,0,5.4,4.15,0,0,10500,0,17-AUG-2016,
OPTSTK,TATAMTRDVR,29-Sep-2016,310,PE,0,0,0,7.5,6.55,0,0,4200,0,17-AUG-2016,
OPTSTK,TATAMTRDVR,29-Sep-2016,320,PE,0,0,0,44.05,9.8,0,0,0,0,17-AUG-2016,
OPTSTK,TATAMTRDVR,29-Sep-2016,330,PE,0,0,0,15,13.95,0,0,4200,0,17-AUG-2016,
OPTSTK,TATAMTRDVR,29-Sep-2016,340,PE,0,0,0,20,19.05,0,0,2100,0,17-AUG-2016,
OPTSTK,TATAMTRDVR,29-Sep-2016,350,PE,0,0,0,65.35,25,0,0,0,0,17-AUG-2016,
OPTSTK,TATAMTRDVR,29-Sep-2016,360,PE,0,0,0,73.15,31.85,0,0,0,0,17-AUG-2016,
OPTSTK,TATAMTRDVR,29-Sep-2016,370,PE,0,0,0,81.2,39.35,0,0,0,0,17-AUG-2016,
OPTSTK,TATAMTRDVR,29-Sep-2016,380,PE,0,0,0,89.5,47.5,0,0,0,0,17-AUG-2016,
OPTSTK,TATAMTRDVR,29-Sep-2016,390,PE,0,0,0,98.05,56.1,0,0,0,0,17-AUG-2016,
OPTSTK,TATAMTRDVR,29-Sep-2016,400,PE,0,0,0,106.8,65.1,0,0,0,0,17-AUG-2016,
OPTSTK,TATAMTRDVR,29-Sep-2016,410,PE,0,0,0,115.7,74.4,0,0,0,0,17-AUG-2016,
OPTSTK,TATAMTRDVR,27-Oct-2016,190,CE,0,0,0,141.05,146.1,0,0,0,0,17-AUG-2016,
OPTSTK,TATAMTRDVR,27-Oct-2016,200,CE,0,0,0,131.3,136.25,0,0,0,0,17-AUG-2016,
OPTSTK,TATAMTRDVR,27-Oct-2016,210,CE,0,0,0,121.55,126.4,0,0,0,0,17-AUG-2016,
OPTSTK,TATAMTRDVR,27-Oct-2016,220,CE,0,0,0,111.9,116.55,0,0,0,0,17-AUG-2016,
OPTSTK,TATAMTRDVR,27-Oct-2016,230,CE,0,0,0,102.4,106.8,0,0,0,0,17-AUG-2016,
OPTSTK,TATAMTRDVR,27-Oct-2016,240,CE,0,0,0,93.05,97.1,0,0,0,0,17-AUG-2016,
OPTSTK,TATAMTRDVR,27-Oct-2016,250,CE,0,0,0,84,87.5,0,0,0,0,17-AUG-2016,
OPTSTK,TATAMTRDVR,27-Oct-2016,260,CE,0,0,0,75.2,78.15,0,0,0,0,17-AUG-2016,
OPTSTK,TATAMTRDVR,27-Oct-2016,270,CE,0,0,0,66.85,69.1,0,0,0,0,17-AUG-2016,
OPTSTK,TATAMTRDVR,27-Oct-2016,280,CE,0,0,0,58.9,60.45,0,0,0,0,17-AUG-2016,
OPTSTK,TATAMTRDVR,27-Oct-2016,290,CE,0,0,0,51.55,52.25,0,0,0,0,17-AUG-2016,
OPTSTK,TATAMTRDVR,27-Oct-2016,300,CE,0,0,0,44.65,44.65,0,0,0,0,17-AUG-2016,
OPTSTK,TATAMTRDVR,27-Oct-2016,310,CE,0,0,0,38.45,37.65,0,0,0,0,17-AUG-2016,
OPTSTK,TATAMTRDVR,27-Oct-2016,320,CE,0,0,0,32.8,31.35,0,0,0,0,17-AUG-2016,
OPTSTK,TATAMTRDVR,27-Oct-2016,330,CE,0,0,0,27.75,25.8,0,0,0,0,17-AUG-2016,
OPTSTK,TATAMTRDVR,27-Oct-2016,340,CE,0,0,0,23.35,21,0,0,0,0,17-AUG-2016,
OPTSTK,TATAMTRDVR,27-Oct-2016,350,CE,0,0,0,19.45,16.85,0,0,0,0,17-AUG-2016,
OPTSTK,TATAMTRDVR,27-Oct-2016,360,CE,0,0,0,16.1,13.35,0,0,0,0,17-AUG-2016,
OPTSTK,TATAMTRDVR,27-Oct-2016,370,CE,0,0,0,13.25,10.5,0,0,0,0,17-AUG-2016,
OPTSTK,TATAMTRDVR,27-Oct-2016,380,CE,0,0,0,10.85,8.15,0,0,0,0,17-AUG-2016,
OPTSTK,TATAMTRDVR,27-Oct-2016,390,CE,0,0,0,8.8,6.25,0,0,0,0,17-AUG-2016,
OPTSTK,TATAMTRDVR,27-Oct-2016,400,CE,0,0,0,7.1,4.75,0,0,0,0,17-AUG-2016,
OPTSTK,TATAMTRDVR,27-Oct-2016,410,CE,0,0,0,5.7,3.6,0,0,0,0,17-AUG-2016,
OPTSTK,TATAMTRDVR,27-Oct-2016,190,PE,0,0,0,0.05,0,0,0,0,0,17-AUG-2016,
OPTSTK,TATAMTRDVR,27-Oct-2016,200,PE,0,0,0,0.1,0.05,0,0,0,0,17-AUG-2016,
OPTSTK,TATAMTRDVR,27-Oct-2016,210,PE,0,0,0,0.2,0.05,0,0,0,0,17-AUG-2016,
OPTSTK,TATAMTRDVR,27-Oct-2016,220,PE,0,0,0,0.4,0.1,0,0,0,0,17-AUG-2016,
OPTSTK,TATAMTRDVR,27-Oct-2016,230,PE,0,0,0,0.7,0.15,0,0,0,0,17-AUG-2016,
OPTSTK,TATAMTRDVR,27-Oct-2016,240,PE,0,0,0,1.2,0.35,0,0,0,0,17-AUG-2016,
OPTSTK,TATAMTRDVR,27-Oct-2016,250,PE,0,0,0,1.95,0.65,0,0,0,0,17-AUG-2016,
OPTSTK,TATAMTRDVR,27-Oct-2016,260,PE,0,0,0,3,1.15,0,0,0,0,17-AUG-2016,
OPTSTK,TATAMTRDVR,27-Oct-2016,270,PE,0,0,0,4.45,1.95,0,0,0,0,17-AUG-2016,
OPTSTK,TATAMTRDVR,27-Oct-2016,280,PE,0,0,0,6.35,3.15,0,0,0,0,17-AUG-2016,
OPTSTK,TATAMTRDVR,27-Oct-2016,290,PE,0,0,0,8.8,4.8,0,0,0,0,17-AUG-2016,
OPTSTK,TATAMTRDVR,27-Oct-2016,300,PE,0,0,0,11.75,7.1,0,0,0,0,17-AUG-2016,
OPTSTK,TATAMTRDVR,27-Oct-2016,310,PE,0,0,0,15.35,9.95,0,0,0,0,17-AUG-2016,
OPTSTK,TATAMTRDVR,27-Oct-2016,320,PE,0,0,0,19.55,13.55,0,0,0,0,17-AUG-2016,
OPTSTK,TATAMTRDVR,27-Oct-2016,330,PE,0,0,0,24.35,17.85,0,0,0,0,17-AUG-2016,
OPTSTK,TATAMTRDVR,27-Oct-2016,340,PE,0,0,0,29.75,22.9,0,0,0,0,17-AUG-2016,
OPTSTK,TATAMTRDVR,27-Oct-2016,350,PE,0,0,0,35.7,28.65,0,0,0,0,17-AUG-2016,
OPTSTK,TATAMTRDVR,27-Oct-2016,360,PE,0,0,0,42.2,35,0,0,0,0,17-AUG-2016,
OPTSTK,TATAMTRDVR,27-Oct-2016,370,PE,0,0,0,49.15,42,0,0,0,0,17-AUG-2016,
OPTSTK,TATAMTRDVR,27-Oct-2016,380,PE,0,0,0,56.6,49.55,0,0,0,0,17-AUG-2016,
OPTSTK,TATAMTRDVR,27-Oct-2016,390,PE,0,0,0,64.35,57.5,0,0,0,0,17-AUG-2016,
OPTSTK,TATAMTRDVR,27-Oct-2016,400,PE,0,0,0,72.5,65.9,0,0,0,0,17-AUG-2016,
OPTSTK,TATAMTRDVR,27-Oct-2016,410,PE,0,0,0,80.95,74.6,0,0,0,0,17-AUG-2016,
OPTSTK,TATAPOWER,25-Aug-2016,47.5,CE,0,0,0,27,30.55,0,0,0,0,17-AUG-2016,
OPTSTK,TATAPOWER,25-Aug-2016,50,CE,0,0,0,24.6,28.05,0,0,0,0,17-AUG-2016,
OPTSTK,TATAPOWER,25-Aug-2016,52.5,CE,0,0,0,22.15,25.55,0,0,0,0,17-AUG-2016,
OPTSTK,TATAPOWER,25-Aug-2016,55,CE,0,0,0,19.75,23.05,0,0,0,0,17-AUG-2016,
OPTSTK,TATAPOWER,25-Aug-2016,57.5,CE,0,0,0,17.4,20.55,0,0,0,0,17-AUG-2016,
OPTSTK,TATAPOWER,25-Aug-2016,60,CE,0,0,0,15.1,18.05,0,0,0,0,17-AUG-2016,
OPTSTK,TATAPOWER,25-Aug-2016,62.5,CE,0,0,0,12.95,15.55,0,0,0,0,17-AUG-2016,
OPTSTK,TATAPOWER,25-Aug-2016,65,CE,0,0,0,10.6,13.05,0,0,27000,0,17-AUG-2016,
OPTSTK,TATAPOWER,25-Aug-2016,67.5,CE,0,0,0,5,10.55,0,0,9000,0,17-AUG-2016,
OPTSTK,TATAPOWER,25-Aug-2016,70,CE,6.7,6.7,6.7,6.7,6.7,2,13.8,117000,-9000,17-AUG-2016,
OPTSTK,TATAPOWER,25-Aug-2016,72.5,CE,5,6,4.2,5.6,5.6,18,125.79,495000,-45000,17-AUG-2016,
OPTSTK,TATAPOWER,25-Aug-2016,75,CE,2.8,3.95,2.25,3.55,3.55,155,1088.44,1755000,-576000,17-AUG-2016,
OPTSTK,TATAPOWER,25-Aug-2016,77.5,CE,1.65,2.35,1.25,2.1,2.1,194,1386.32,1035000,-306000,17-AUG-2016,
OPTSTK,TATAPOWER,25-Aug-2016,80,CE,0.95,1.4,0.7,1.25,1.25,443,3234.06,3258000,513000,17-AUG-2016,
OPTSTK,TATAPOWER,25-Aug-2016,82.5,CE,0.45,0.7,0.35,0.65,0.65,50,373.91,522000,126000,17-AUG-2016,
OPTSTK,TATAPOWER,25-Aug-2016,85,CE,0.3,0.35,0.25,0.3,0.3,58,445.15,981000,45000,17-AUG-2016,
OPTSTK,TATAPOWER,25-Aug-2016,87.5,CE,0.1,0.15,0.1,0.15,0.15,4,31.54,90000,-18000,17-AUG-2016,
OPTSTK,TATAPOWER,25-Aug-2016,90,CE,0.1,0.1,0.1,0.1,0.1,1,8.1,675000,-9000,17-AUG-2016,
OPTSTK,TATAPOWER,25-Aug-2016,92.5,CE,0,0,0,0.55,0,0,0,0,0,17-AUG-2016,
OPTSTK,TATAPOWER,25-Aug-2016,95,CE,0,0,0,0.4,0,0,0,0,0,17-AUG-2016,
OPTSTK,TATAPOWER,25-Aug-2016,47.5,PE,0,0,0,0.05,0,0,0,0,0,17-AUG-2016,
OPTSTK,TATAPOWER,25-Aug-2016,50,PE,0,0,0,0.05,0,0,0,0,0,17-AUG-2016,
OPTSTK,TATAPOWER,25-Aug-2016,52.5,PE,0,0,0,0.05,0,0,0,0,0,17-AUG-2016,
OPTSTK,TATAPOWER,25-Aug-2016,55,PE,0,0,0,0.1,0,0,0,0,0,17-AUG-2016,
OPTSTK,TATAPOWER,25-Aug-2016,57.5,PE,0,0,0,0.2,0,0,0,0,0,17-AUG-2016,
OPTSTK,TATAPOWER,25-Aug-2016,60,PE,0,0,0,0.05,0,0,0,45000,0,17-AUG-2016,
OPTSTK,TATAPOWER,25-Aug-2016,62.5,PE,0,0,0,0.2,0,0,0,54000,0,17-AUG-2016,
OPTSTK,TATAPOWER,25-Aug-2016,65,PE,0,0,0,0.05,0,0,0,369000,0,17-AUG-2016,
OPTSTK,TATAPOWER,25-Aug-2016,67.5,PE,0.05,0.05,0.05,0.05,0.05,6,36.47,288000,-27000,17-AUG-2016,
OPTSTK,TATAPOWER,25-Aug-2016,70,PE,0.1,0.2,0.1,0.1,0.1,31,195.64,1017000,-90000,17-AUG-2016,
OPTSTK,TATAPOWER,25-Aug-2016,72.5,PE,0.45,0.5,0.15,0.2,0.2,32,209.71,441000,9000,17-AUG-2016,
OPTSTK,TATAPOWER,25-Aug-2016,75,PE,1.05,1.35,0.5,0.65,0.65,71,484.97,864000,-99000,17-AUG-2016,
OPTSTK,TATAPOWER,25-Aug-2016,77.5,PE,2.65,2.65,1.35,1.45,1.45,17,120.88,279000,36000,17-AUG-2016,
OPTSTK,TATAPOWER,25-Aug-2016,80,PE,3,3,2.8,2.9,2.9,6,44.76,144000,45000,17-AUG-2016,
OPTSTK,TATAPOWER,25-Aug-2016,82.5,PE,0,0,0,9.45,4.6,0,0,0,0,17-AUG-2016,
OPTSTK,TATAPOWER,25-Aug-2016,85,PE,0,0,0,11.35,6.95,0,0,0,0,17-AUG-2016,
OPTSTK,TATAPOWER,25-Aug-2016,87.5,PE,0,0,0,13.4,9.45,0,0,0,0,17-AUG-2016,
OPTSTK,TATAPOWER,25-Aug-2016,90,PE,0,0,0,13.2,11.95,0,0,9000,0,17-AUG-2016,
OPTSTK,TATAPOWER,25-Aug-2016,92.5,PE,0,0,0,17.75,14.45,0,0,0,0,17-AUG-2016,
OPTSTK,TATAPOWER,25-Aug-2016,95,PE,0,0,0,20.05,16.95,0,0,0,0,17-AUG-2016,
OPTSTK,TATAPOWER,29-Sep-2016,47.5,CE,0,0,0,26.7,30.85,0,0,0,0,17-AUG-2016,
OPTSTK,TATAPOWER,29-Sep-2016,50,CE,0,0,0,24.25,28.35,0,0,0,0,17-AUG-2016,
OPTSTK,TATAPOWER,29-Sep-2016,52.5,CE,0,0,0,21.8,25.9,0,0,0,0,17-AUG-2016,
OPTSTK,TATAPOWER,29-Sep-2016,55,CE,0,0,0,19.4,23.4,0,0,0,0,17-AUG-2016,
OPTSTK,TATAPOWER,29-Sep-2016,57.5,CE,0,0,0,17,20.95,0,0,0,0,17-AUG-2016,
OPTSTK,TATAPOWER,29-Sep-2016,60,CE,0,0,0,14.65,18.45,0,0,0,0,17-AUG-2016,
OPTSTK,TATAPOWER,29-Sep-2016,62.5,CE,0,0,0,12.45,16,0,0,0,0,17-AUG-2016,
OPTSTK,TATAPOWER,29-Sep-2016,65,CE,0,0,0,10.35,13.55,0,0,0,0,17-AUG-2016,
OPTSTK,TATAPOWER,29-Sep-2016,67.5,CE,0,0,0,8.4,11.2,0,0,0,0,17-AUG-2016,
OPTSTK,TATAPOWER,29-Sep-2016,70,CE,0,0,0,6.7,9,0,0,0,0,17-AUG-2016,
OPTSTK,TATAPOWER,29-Sep-2016,72.5,CE,0,0,0,5.2,6.95,0,0,0,0,17-AUG-2016,
OPTSTK,TATAPOWER,29-Sep-2016,75,CE,0,0,0,4.1,5.15,0,0,189000,0,17-AUG-2016,
OPTSTK,TATAPOWER,29-Sep-2016,77.5,CE,0,0,0,2.25,3.65,0,0,18000,0,17-AUG-2016,
OPTSTK,TATAPOWER,29-Sep-2016,80,CE,1.65,2.4,1.65,2.35,2.35,11,81.42,243000,72000,17-AUG-2016,
OPTSTK,TATAPOWER,29-Sep-2016,82.5,CE,0,0,0,1.55,1.65,0,0,0,0,17-AUG-2016,
OPTSTK,TATAPOWER,29-Sep-2016,85,CE,0.8,0.95,0.8,0.95,0.95,3,23.17,90000,18000,17-AUG-2016,
OPTSTK,TATAPOWER,29-Sep-2016,87.5,CE,0,0,0,0.75,0.6,0,0,0,0,17-AUG-2016,
OPTSTK,TATAPOWER,29-Sep-2016,90,CE,0.5,0.5,0.5,0.5,0.5,1,8.14,9000,9000,17-AUG-2016,
OPTSTK,TATAPOWER,29-Sep-2016,92.5,CE,0,0,0,0.35,0.2,0,0,0,0,17-AUG-2016,
OPTSTK,TATAPOWER,29-Sep-2016,95,CE,0,0,0,0.2,0.1,0,0,0,0,17-AUG-2016,
OPTSTK,TATAPOWER,29-Sep-2016,47.5,PE,0,0,0,0.05,0,0,0,0,0,17-AUG-2016,
OPTSTK,TATAPOWER,29-Sep-2016,50,PE,0,0,0,0.05,0,0,0,0,0,17-AUG-2016,
OPTSTK,TATAPOWER,29-Sep-2016,52.5,PE,0,0,0,0.05,0,0,0,0,0,17-AUG-2016,
OPTSTK,TATAPOWER,29-Sep-2016,55,PE,0,0,0,0.05,0,0,0,0,0,17-AUG-2016,
OPTSTK,TATAPOWER,29-Sep-2016,57.5,PE,0,0,0,0.15,0,0,0,0,0,17-AUG-2016,
OPTSTK,TATAPOWER,29-Sep-2016,60,PE,0,0,0,0.25,0.05,0,0,0,0,17-AUG-2016,
OPTSTK,TATAPOWER,29-Sep-2016,62.5,PE,0,0,0,0.1,0.05,0,0,9000,0,17-AUG-2016,
OPTSTK,TATAPOWER,29-Sep-2016,65,PE,0.5,0.5,0.5,0.5,0.5,1,5.89,9000,9000,17-AUG-2016,
OPTSTK,TATAPOWER,29-Sep-2016,67.5,PE,0,0,0,1.85,0.2,0,0,18000,0,17-AUG-2016,
OPTSTK,TATAPOWER,29-Sep-2016,70,PE,1.15,1.2,0.9,0.95,0.95,8,51.2,54000,9000,17-AUG-2016,
OPTSTK,TATAPOWER,29-Sep-2016,72.5,PE,1.75,2,1.75,2,2,4,26.77,99000,9000,17-AUG-2016,
OPTSTK,TATAPOWER,29-Sep-2016,75,PE,3,3,3,3,3,1,7.02,45000,0,17-AUG-2016,
OPTSTK,TATAPOWER,29-Sep-2016,77.5,PE,3.15,3.3,3.15,3.25,3.25,4,29.06,45000,36000,17-AUG-2016,
OPTSTK,TATAPOWER,29-Sep-2016,80,PE,0,0,0,5.5,3.9,0,0,9000,0,17-AUG-2016,
OPTSTK,TATAPOWER,29-Sep-2016,82.5,PE,0,0,0,9.25,5.5,0,0,0,0,17-AUG-2016,
OPTSTK,TATAPOWER,29-Sep-2016,85,PE,0,0,0,11.2,7.4,0,0,0,0,17-AUG-2016,
OPTSTK,TATAPOWER,29-Sep-2016,87.5,PE,0,0,0,13.35,9.45,0,0,0,0,17-AUG-2016,
OPTSTK,TATAPOWER,29-Sep-2016,90,PE,0,0,0,15.55,11.7,0,0,0,0,17-AUG-2016,
OPTSTK,TATAPOWER,29-Sep-2016,92.5,PE,0,0,0,17.85,14,0,0,0,0,17-AUG-2016,
OPTSTK,TATAPOWER,29-Sep-2016,95,PE,0,0,0,20.2,16.4,0,0,0,0,17-AUG-2016,
OPTSTK,TATAPOWER,27-Oct-2016,47.5,CE,0,0,0,24.05,31.1,0,0,0,0,17-AUG-2016,
OPTSTK,TATAPOWER,27-Oct-2016,50,CE,0,0,0,21.6,28.65,0,0,0,0,17-AUG-2016,
OPTSTK,TATAPOWER,27-Oct-2016,52.5,CE,0,0,0,19.15,26.15,0,0,0,0,17-AUG-2016,
OPTSTK,TATAPOWER,27-Oct-2016,55,CE,0,0,0,16.7,23.7,0,0,0,0,17-AUG-2016,
OPTSTK,TATAPOWER,27-Oct-2016,57.5,CE,0,0,0,14.35,21.25,0,0,0,0,17-AUG-2016,
OPTSTK,TATAPOWER,27-Oct-2016,60,CE,0,0,0,12.05,18.8,0,0,0,0,17-AUG-2016,
OPTSTK,TATAPOWER,27-Oct-2016,62.5,CE,0,0,0,9.85,16.4,0,0,0,0,17-AUG-2016,
OPTSTK,TATAPOWER,27-Oct-2016,65,CE,0,0,0,7.85,14.1,0,0,0,0,17-AUG-2016,
OPTSTK,TATAPOWER,27-Oct-2016,67.5,CE,0,0,0,6.1,11.85,0,0,0,0,17-AUG-2016,
OPTSTK,TATAPOWER,27-Oct-2016,70,CE,0,0,0,4.6,9.8,0,0,0,0,17-AUG-2016,
OPTSTK,TATAPOWER,27-Oct-2016,72.5,CE,0,0,0,3.35,7.9,0,0,0,0,17-AUG-2016,
OPTSTK,TATAPOWER,27-Oct-2016,75,CE,0,0,0,2.35,6.2,0,0,0,0,17-AUG-2016,
OPTSTK,TATAPOWER,27-Oct-2016,77.5,CE,0,0,0,3.4,4.75,0,0,9000,0,17-AUG-2016,
OPTSTK,TATAPOWER,27-Oct-2016,80,CE,2.7,2.7,2.7,2.7,2.7,1,7.44,9000,9000,17-AUG-2016,
OPTSTK,TATAPOWER,27-Oct-2016,82.5,CE,0,0,0,0.7,2.6,0,0,0,0,17-AUG-2016,
OPTSTK,TATAPOWER,27-Oct-2016,85,CE,0,0,0,0.45,1.85,0,0,0,0,17-AUG-2016,
OPTSTK,TATAPOWER,27-Oct-2016,87.5,CE,0,0,0,0.3,1.3,0,0,0,0,17-AUG-2016,
OPTSTK,TATAPOWER,27-Oct-2016,90,CE,0,0,0,0.2,0.9,0,0,0,0,17-AUG-2016,
OPTSTK,TATAPOWER,27-Oct-2016,92.5,CE,0,0,0,0.1,0.6,0,0,0,0,17-AUG-2016,
OPTSTK,TATAPOWER,27-Oct-2016,95,CE,0,0,0,0.05,0.4,0,0,0,0,17-AUG-2016,
OPTSTK,TATAPOWER,27-Oct-2016,47.5,PE,0,0,0,0.05,0,0,0,0,0,17-AUG-2016,
OPTSTK,TATAPOWER,27-Oct-2016,50,PE,0,0,0,0.05,0,0,0,0,0,17-AUG-2016,
OPTSTK,TATAPOWER,27-Oct-2016,52.5,PE,0,0,0,0.05,0,0,0,0,0,17-AUG-2016,
OPTSTK,TATAPOWER,27-Oct-2016,55,PE,0,0,0,0.05,0.05,0,0,0,0,17-AUG-2016,
OPTSTK,TATAPOWER,27-Oct-2016,57.5,PE,0,0,0,0.15,0.05,0,0,0,0,17-AUG-2016,
OPTSTK,TATAPOWER,27-Oct-2016,60,PE,0,0,0,0.3,0.05,0,0,0,0,17-AUG-2016,
OPTSTK,TATAPOWER,27-Oct-2016,62.5,PE,0,0,0,0.6,0.15,0,0,0,0,17-AUG-2016,
OPTSTK,TATAPOWER,27-Oct-2016,65,PE,0,0,0,1.05,0.25,0,0,0,0,17-AUG-2016,
OPTSTK,TATAPOWER,27-Oct-2016,67.5,PE,0,0,0,1.75,0.5,0,0,0,0,17-AUG-2016,
OPTSTK,TATAPOWER,27-Oct-2016,70,PE,0,0,0,2.7,0.9,0,0,0,0,17-AUG-2016,
OPTSTK,TATAPOWER,27-Oct-2016,72.5,PE,0,0,0,3.9,1.45,0,0,0,0,17-AUG-2016,
OPTSTK,TATAPOWER,27-Oct-2016,75,PE,0,0,0,5.4,2.25,0,0,0,0,17-AUG-2016,
OPTSTK,TATAPOWER,27-Oct-2016,77.5,PE,0,0,0,7.1,3.25,0,0,0,0,17-AUG-2016,
OPTSTK,TATAPOWER,27-Oct-2016,80,PE,0,0,0,9,4.55,0,0,0,0,17-AUG-2016,
OPTSTK,TATAPOWER,27-Oct-2016,82.5,PE,0,0,0,11.1,6.05,0,0,0,0,17-AUG-2016,
OPTSTK,TATAPOWER,27-Oct-2016,85,PE,0,0,0,13.3,7.75,0,0,0,0,17-AUG-2016,
OPTSTK,TATAPOWER,27-Oct-2016,87.5,PE,0,0,0,15.6,9.7,0,0,0,0,17-AUG-2016,
OPTSTK,TATAPOWER,27-Oct-2016,90,PE,0,0,0,17.95,11.75,0,0,0,0,17-AUG-2016,
OPTSTK,TATAPOWER,27-Oct-2016,92.5,PE,0,0,0,20.3,13.9,0,0,0,0,17-AUG-2016,
OPTSTK,TATAPOWER,27-Oct-2016,95,PE,0,0,0,22.75,16.15,0,0,0,0,17-AUG-2016,
OPTSTK,TATASTEEL,25-Aug-2016,230,CE,0,0,0,100,162.2,0,0,0,0,17-AUG-2016,
OPTSTK,TATASTEEL,25-Aug-2016,240,CE,0,0,0,115,152.25,0,0,2000,0,17-AUG-2016,
OPTSTK,TATASTEEL,25-Aug-2016,250,CE,0,0,0,104.4,142.25,0,0,6000,0,17-AUG-2016,
OPTSTK,TATASTEEL,25-Aug-2016,260,CE,0,0,0,93.35,132.25,0,0,6000,0,17-AUG-2016,
OPTSTK,TATASTEEL,25-Aug-2016,270,CE,0,0,0,88,122.25,0,0,18000,0,17-AUG-2016,
OPTSTK,TATASTEEL,25-Aug-2016,280,CE,0,0,0,90,112.3,0,0,12000,0,17-AUG-2016,
OPTSTK,TATASTEEL,25-Aug-2016,290,CE,0,0,0,65,102.3,0,0,22000,0,17-AUG-2016,
OPTSTK,TATASTEEL,25-Aug-2016,300,CE,88.5,88.5,88,88,88,2,15.53,88000,-4000,17-AUG-2016,
OPTSTK,TATASTEEL,25-Aug-2016,310,CE,0,0,0,49.95,82.35,0,0,10000,0,17-AUG-2016,
OPTSTK,TATASTEEL,25-Aug-2016,320,CE,0,0,0,56.25,72.35,0,0,48000,0,17-AUG-2016,
OPTSTK,TATASTEEL,25-Aug-2016,330,CE,56.65,59,56.65,59,59,3,23.27,94000,-6000,17-AUG-2016,
OPTSTK,TATASTEEL,25-Aug-2016,340,CE,48.5,48.5,48.5,48.5,48.5,1,7.77,96000,-2000,17-AUG-2016,
OPTSTK,TATASTEEL,25-Aug-2016,350,CE,34.5,42.3,34.5,42,42,24,186.66,260000,-28000,17-AUG-2016,
OPTSTK,TATASTEEL,25-Aug-2016,360,CE,25,33.05,23.8,32.3,32.3,73,567.07,296000,-66000,17-AUG-2016,
OPTSTK,TATASTEEL,25-Aug-2016,370,CE,16.5,23.95,15.4,23.4,23.4,217,1691.62,716000,-100000,17-AUG-2016,
OPTSTK,TATASTEEL,25-Aug-2016,380,CE,9.3,16.2,9.25,15.6,15.6,1450,11388.21,1516000,-656000,17-AUG-2016,
OPTSTK,TATASTEEL,25-Aug-2016,390,CE,5.4,9.85,5.1,9.4,9.4,3174,25248.83,1044000,-60000,17-AUG-2016,
OPTSTK,TATASTEEL,25-Aug-2016,400,CE,2.9,5.5,2.6,5.2,5.2,3331,26940.12,2050000,472000,17-AUG-2016,
OPTSTK,TATASTEEL,25-Aug-2016,410,CE,1.5,2.75,1.3,2.6,2.6,767,6322.69,608000,90000,17-AUG-2016,
OPTSTK,TATASTEEL,25-Aug-2016,420,CE,0.75,1.3,0.7,1.2,1.2,524,4412.48,778000,180000,17-AUG-2016,
OPTSTK,TATASTEEL,25-Aug-2016,430,CE,0.6,0.6,0.3,0.55,0.55,242,2083.47,576000,140000,17-AUG-2016,
OPTSTK,TATASTEEL,25-Aug-2016,440,CE,0.2,0.25,0.15,0.25,0.25,70,616.28,742000,-2000,17-AUG-2016,
OPTSTK,TATASTEEL,25-Aug-2016,450,CE,0.2,0.2,0.1,0.15,0.15,18,162.05,84000,2000,17-AUG-2016,
OPTSTK,TATASTEEL,25-Aug-2016,230,PE,0,0,0,0.7,0,0,0,0,0,17-AUG-2016,
OPTSTK,TATASTEEL,25-Aug-2016,240,PE,0,0,0,1.2,0,0,0,0,0,17-AUG-2016,
OPTSTK,TATASTEEL,25-Aug-2016,250,PE,0,0,0,0.05,0,0,0,0,0,17-AUG-2016,
OPTSTK,TATASTEEL,25-Aug-2016,260,PE,0.05,0.05,0.05,0.05,0.05,1,5.2,6000,0,17-AUG-2016,
OPTSTK,TATASTEEL,25-Aug-2016,270,PE,0,0,0,0.1,0,0,0,10000,0,17-AUG-2016,
OPTSTK,TATASTEEL,25-Aug-2016,280,PE,0,0,0,0.1,0,0,0,64000,0,17-AUG-2016,
OPTSTK,TATASTEEL,25-Aug-2016,290,PE,0.1,0.1,0.1,0.1,0.1,2,11.6,164000,-2000,17-AUG-2016,
OPTSTK,TATASTEEL,25-Aug-2016,300,PE,0.15,0.15,0.1,0.1,0.1,9,54.02,346000,-6000,17-AUG-2016,
OPTSTK,TATASTEEL,25-Aug-2016,310,PE,0.1,0.1,0.1,0.1,0.1,2,12.4,174000,-4000,17-AUG-2016,
OPTSTK,TATASTEEL,25-Aug-2016,320,PE,0.15,0.2,0.1,0.15,0.15,20,128.06,366000,-20000,17-AUG-2016,
OPTSTK,TATASTEEL,25-Aug-2016,330,PE,0.15,0.25,0.15,0.2,0.2,81,534.91,376000,-6000,17-AUG-2016,
OPTSTK,TATASTEEL,25-Aug-2016,340,PE,0.45,0.45,0.25,0.25,0.25,108,735.06,520000,-84000,17-AUG-2016,
OPTSTK,TATASTEEL,25-Aug-2016,350,PE,0.6,0.85,0.35,0.4,0.4,522,3659.32,830000,-96000,17-AUG-2016,
OPTSTK,TATASTEEL,25-Aug-2016,360,PE,1.65,1.85,0.8,0.85,0.85,651,4702.58,1070000,104000,17-AUG-2016,
OPTSTK,TATASTEEL,25-Aug-2016,370,PE,3.85,4.05,1.7,1.85,1.85,1343,10007.37,1320000,14000,17-AUG-2016,
OPTSTK,TATASTEEL,25-Aug-2016,380,PE,7.7,7.7,3.65,3.85,3.85,1816,13988.05,1134000,658000,17-AUG-2016,
OPTSTK,TATASTEEL,25-Aug-2016,390,PE,11.8,12.9,7.2,7.55,7.55,587,4680.25,446000,356000,17-AUG-2016,
OPTSTK,TATASTEEL,25-Aug-2016,400,PE,19.8,19.8,12.4,12.9,12.9,78,647.01,132000,52000,17-AUG-2016,
OPTSTK,TATASTEEL,25-Aug-2016,410,PE,20.75,20.75,20.35,20.65,20.65,3,25.83,8000,6000,17-AUG-2016,
OPTSTK,TATASTEEL,25-Aug-2016,420,PE,0,0,0,42.45,29.05,0,0,2000,0,17-AUG-2016,
OPTSTK,TATASTEEL,25-Aug-2016,430,PE,0,0,0,100.3,38.15,0,0,0,0,17-AUG-2016,
OPTSTK,TATASTEEL,25-Aug-2016,440,PE,0,0,0,60.15,47.75,0,0,30000,0,17-AUG-2016,
OPTSTK,TATASTEEL,25-Aug-2016,450,PE,0,0,0,118.7,57.6,0,0,0,0,17-AUG-2016,
OPTSTK,TATASTEEL,29-Sep-2016,230,CE,0,0,0,97.15,163.75,0,0,0,0,17-AUG-2016,
OPTSTK,TATASTEEL,29-Sep-2016,240,CE,0,0,0,88.05,153.8,0,0,0,0,17-AUG-2016,
OPTSTK,TATASTEEL,29-Sep-2016,250,CE,0,0,0,79.2,143.9,0,0,0,0,17-AUG-2016,
OPTSTK,TATASTEEL,29-Sep-2016,260,CE,0,0,0,70.8,134,0,0,0,0,17-AUG-2016,
OPTSTK,TATASTEEL,29-Sep-2016,270,CE,0,0,0,62.75,124.1,0,0,0,0,17-AUG-2016,
OPTSTK,TATASTEEL,29-Sep-2016,280,CE,0,0,0,55.25,114.2,0,0,0,0,17-AUG-2016,
OPTSTK,TATASTEEL,29-Sep-2016,290,CE,0,0,0,48.3,104.4,0,0,0,0,17-AUG-2016,
OPTSTK,TATASTEEL,29-Sep-2016,300,CE,89.75,89.75,89.75,89.75,89.75,1,7.79,16000,2000,17-AUG-2016,
OPTSTK,TATASTEEL,29-Sep-2016,310,CE,0,0,0,36.05,85.1,0,0,0,0,17-AUG-2016,
OPTSTK,TATASTEEL,29-Sep-2016,320,CE,0,0,0,30.8,75.75,0,0,0,0,17-AUG-2016,
OPTSTK,TATASTEEL,29-Sep-2016,330,CE,0,0,0,48,66.7,0,0,2000,0,17-AUG-2016,
OPTSTK,TATASTEEL,29-Sep-2016,340,CE,0,0,0,42.5,58.1,0,0,16000,0,17-AUG-2016,
OPTSTK,TATASTEEL,29-Sep-2016,350,CE,45,47,45,47,47,3,23.74,12000,6000,17-AUG-2016,
OPTSTK,TATASTEEL,29-Sep-2016,360,CE,0,0,0,25,42.4,0,0,2000,0,17-AUG-2016,
OPTSTK,TATASTEEL,29-Sep-2016,370,CE,30,31.6,30,31.6,31.6,3,24.05,12000,6000,17-AUG-2016,
OPTSTK,TATASTEEL,29-Sep-2016,380,CE,22.8,28,21.9,28,28,84,678.34,414000,104000,17-AUG-2016,
OPTSTK,TATASTEEL,29-Sep-2016,390,CE,20.15,22.25,19.7,21.95,21.95,28,229.94,32000,28000,17-AUG-2016,
OPTSTK,TATASTEEL,29-Sep-2016,400,CE,13,17.75,12.75,17.5,17.5,72,598.92,212000,8000,17-AUG-2016,
OPTSTK,TATASTEEL,29-Sep-2016,410,CE,11.8,12.5,11.6,12.15,12.15,5,42.21,10000,8000,17-AUG-2016,
OPTSTK,TATASTEEL,29-Sep-2016,420,CE,9,10.7,8.6,10,10,19,163.21,36000,24000,17-AUG-2016,
OPTSTK,TATASTEEL,29-Sep-2016,430,CE,6,7.8,6,7.8,7.8,42,366.74,66000,64000,17-AUG-2016,
OPTSTK,TATASTEEL,29-Sep-2016,440,CE,4.45,5.6,4.4,5.5,5.5,36,320.46,72000,62000,17-AUG-2016,
OPTSTK,TATASTEEL,29-Sep-2016,450,CE,3.5,4.25,3.45,4.2,4.2,23,208.81,40000,38000,17-AUG-2016,
OPTSTK,TATASTEEL,29-Sep-2016,230,PE,0,0,0,1.15,0,0,0,0,0,17-AUG-2016,
OPTSTK,TATASTEEL,29-Sep-2016,240,PE,0,0,0,1.85,0,0,0,0,0,17-AUG-2016,
OPTSTK,TATASTEEL,29-Sep-2016,250,PE,0,0,0,2.85,0,0,0,0,0,17-AUG-2016,
OPTSTK,TATASTEEL,29-Sep-2016,260,PE,0,0,0,4.25,0.05,0,0,0,0,17-AUG-2016,
OPTSTK,TATASTEEL,29-Sep-2016,270,PE,0,0,0,6.05,0.05,0,0,0,0,17-AUG-2016,
OPTSTK,TATASTEEL,29-Sep-2016,280,PE,0,0,0,8.35,0.1,0,0,0,0,17-AUG-2016,
OPTSTK,TATASTEEL,29-Sep-2016,290,PE,0,0,0,11.2,0.2,0,0,0,0,17-AUG-2016,
OPTSTK,TATASTEEL,29-Sep-2016,300,PE,0,0,0,2.8,0.4,0,0,0,0,17-AUG-2016,
OPTSTK,TATASTEEL,29-Sep-2016,310,PE,0,0,0,3.8,0.75,0,0,0,0,17-AUG-2016,
OPTSTK,TATASTEEL,29-Sep-2016,320,PE,0,0,0,4.55,1.3,0,0,0,0,17-AUG-2016,
OPTSTK,TATASTEEL,29-Sep-2016,330,PE,2,2.05,2,2,2,3,19.92,18000,0,17-AUG-2016,
OPTSTK,TATASTEEL,29-Sep-2016,340,PE,4.3,4.3,3,3,3,24,164.95,62000,46000,17-AUG-2016,
OPTSTK,TATASTEEL,29-Sep-2016,350,PE,6.1,6.1,4.65,4.65,4.65,8,56.86,44000,4000,17-AUG-2016,
OPTSTK,TATASTEEL,29-Sep-2016,360,PE,8.75,9.25,7,7,7,109,803.67,398000,118000,17-AUG-2016,
OPTSTK,TATASTEEL,29-Sep-2016,370,PE,12.5,12.9,9,9,9,14,106.74,32000,20000,17-AUG-2016,
OPTSTK,TATASTEEL,29-Sep-2016,380,PE,17,17,13.15,13.35,13.35,24,189.49,106000,34000,17-AUG-2016,
OPTSTK,TATASTEEL,29-Sep-2016,390,PE,19,20,19,19.45,19.45,5,40.94,8000,8000,17-AUG-2016,
OPTSTK,TATASTEEL,29-Sep-2016,400,PE,24.75,24.75,24.75,24.75,24.75,1,8.49,4000,2000,17-AUG-2016,
OPTSTK,TATASTEEL,29-Sep-2016,410,PE,30.5,30.6,30.4,30.5,30.5,9,79.29,18000,18000,17-AUG-2016,
OPTSTK,TATASTEEL,29-Sep-2016,420,PE,0,0,0,95.25,36.65,0,0,0,0,17-AUG-2016,
OPTSTK,TATASTEEL,29-Sep-2016,430,PE,0,0,0,104.15,43.85,0,0,0,0,17-AUG-2016,
OPTSTK,TATASTEEL,29-Sep-2016,440,PE,0,0,0,113.25,51.6,0,0,0,0,17-AUG-2016,
OPTSTK,TATASTEEL,29-Sep-2016,450,PE,0,0,0,122.45,59.75,0,0,0,0,17-AUG-2016,
OPTSTK,TATASTEEL,27-Oct-2016,230,CE,0,0,0,124.2,164.95,0,0,0,0,17-AUG-2016,
OPTSTK,TATASTEEL,27-Oct-2016,240,CE,0,0,0,114.65,155.1,0,0,0,0,17-AUG-2016,
OPTSTK,TATASTEEL,27-Oct-2016,250,CE,0,0,0,105.25,145.3,0,0,0,0,17-AUG-2016,
OPTSTK,TATASTEEL,27-Oct-2016,260,CE,0,0,0,96.1,135.5,0,0,0,0,17-AUG-2016,
OPTSTK,TATASTEEL,27-Oct-2016,270,CE,0,0,0,87.2,125.75,0,0,0,0,17-AUG-2016,
OPTSTK,TATASTEEL,27-Oct-2016,280,CE,0,0,0,78.6,116.1,0,0,0,0,17-AUG-2016,
OPTSTK,TATASTEEL,27-Oct-2016,290,CE,0,0,0,70.45,106.6,0,0,0,0,17-AUG-2016,
OPTSTK,TATASTEEL,27-Oct-2016,300,CE,0,0,0,62.7,97.3,0,0,0,0,17-AUG-2016,
OPTSTK,TATASTEEL,27-Oct-2016,310,CE,0,0,0,55.45,88.2,0,0,0,0,17-AUG-2016,
OPTSTK,TATASTEEL,27-Oct-2016,320,CE,0,0,0,48.65,79.45,0,0,0,0,17-AUG-2016,
OPTSTK,TATASTEEL,27-Oct-2016,330,CE,0,0,0,42.45,71,0,0,0,0,17-AUG-2016,
OPTSTK,TATASTEEL,27-Oct-2016,340,CE,0,0,0,36.8,63,0,0,0,0,17-AUG-2016,
OPTSTK,TATASTEEL,27-Oct-2016,350,CE,0,0,0,31.7,55.5,0,0,0,0,17-AUG-2016,
OPTSTK,TATASTEEL,27-Oct-2016,360,CE,0,0,0,27.15,48.5,0,0,0,0,17-AUG-2016,
OPTSTK,TATASTEEL,27-Oct-2016,370,CE,0,0,0,23.1,42.05,0,0,0,0,17-AUG-2016,
OPTSTK,TATASTEEL,27-Oct-2016,380,CE,0,0,0,19.55,36.2,0,0,0,0,17-AUG-2016,
OPTSTK,TATASTEEL,27-Oct-2016,390,CE,0,0,0,16.45,30.95,0,0,0,0,17-AUG-2016,
OPTSTK,TATASTEEL,27-Oct-2016,400,CE,0,0,0,17,26.2,0,0,10000,0,17-AUG-2016,
OPTSTK,TATASTEEL,27-Oct-2016,410,CE,0,0,0,11.5,22.05,0,0,0,0,17-AUG-2016,
OPTSTK,TATASTEEL,27-Oct-2016,420,CE,0,0,0,9.55,18.45,0,0,0,0,17-AUG-2016,
OPTSTK,TATASTEEL,27-Oct-2016,430,CE,0,0,0,7.85,15.3,0,0,0,0,17-AUG-2016,
OPTSTK,TATASTEEL,27-Oct-2016,440,CE,0,0,0,6.45,12.6,0,0,0,0,17-AUG-2016,
OPTSTK,TATASTEEL,27-Oct-2016,450,CE,0,0,0,5.3,10.35,0,0,0,0,17-AUG-2016,
OPTSTK,TATASTEEL,27-Oct-2016,230,PE,0,0,0,0.4,0.05,0,0,0,0,17-AUG-2016,
OPTSTK,TATASTEEL,27-Oct-2016,240,PE,0,0,0,0.7,0.05,0,0,0,0,17-AUG-2016,
OPTSTK,TATASTEEL,27-Oct-2016,250,PE,0,0,0,1.15,0.1,0,0,0,0,17-AUG-2016,
OPTSTK,TATASTEEL,27-Oct-2016,260,PE,0,0,0,1.8,0.15,0,0,0,0,17-AUG-2016,
OPTSTK,TATASTEEL,27-Oct-2016,270,PE,0,0,0,2.7,0.3,0,0,0,0,17-AUG-2016,
OPTSTK,TATASTEEL,27-Oct-2016,280,PE,0,0,0,3.95,0.55,0,0,0,0,17-AUG-2016,
OPTSTK,TATASTEEL,27-Oct-2016,290,PE,0,0,0,5.6,0.9,0,0,0,0,17-AUG-2016,
OPTSTK,TATASTEEL,27-Oct-2016,300,PE,0,0,0,7.7,1.45,0,0,0,0,17-AUG-2016,
OPTSTK,TATASTEEL,27-Oct-2016,310,PE,0,0,0,10.25,2.2,0,0,0,0,17-AUG-2016,
OPTSTK,TATASTEEL,27-Oct-2016,320,PE,0,0,0,13.3,3.3,0,0,0,0,17-AUG-2016,
OPTSTK,TATASTEEL,27-Oct-2016,330,PE,0,0,0,16.95,4.75,0,0,0,0,17-AUG-2016,
OPTSTK,TATASTEEL,27-Oct-2016,340,PE,0,0,0,21.1,6.65,0,0,0,0,17-AUG-2016,
OPTSTK,TATASTEEL,27-Oct-2016,350,PE,0,0,0,25.85,9,0,0,0,0,17-AUG-2016,
OPTSTK,TATASTEEL,27-Oct-2016,360,PE,0,0,0,31.1,11.85,0,0,0,0,17-AUG-2016,
OPTSTK,TATASTEEL,27-Oct-2016,370,PE,0,0,0,36.9,15.3,0,0,0,0,17-AUG-2016,
OPTSTK,TATASTEEL,27-Oct-2016,380,PE,0,0,0,43.2,19.3,0,0,0,0,17-AUG-2016,
OPTSTK,TATASTEEL,27-Oct-2016,390,PE,0,0,0,49.9,23.9,0,0,0,0,17-AUG-2016,
OPTSTK,TATASTEEL,27-Oct-2016,400,PE,0,0,0,57.1,29.05,0,0,0,0,17-AUG-2016,
OPTSTK,TATASTEEL,27-Oct-2016,410,PE,0,0,0,64.6,34.75,0,0,0,0,17-AUG-2016,
OPTSTK,TATASTEEL,27-Oct-2016,420,PE,0,0,0,72.45,41,0,0,0,0,17-AUG-2016,
OPTSTK,TATASTEEL,27-Oct-2016,430,PE,0,0,0,80.65,47.7,0,0,0,0,17-AUG-2016,
OPTSTK,TATASTEEL,27-Oct-2016,440,PE,0,0,0,89.05,54.9,0,0,0,0,17-AUG-2016,
OPTSTK,TATASTEEL,27-Oct-2016,450,PE,0,0,0,97.7,62.5,0,0,0,0,17-AUG-2016,
OPTSTK,TCS,25-Aug-2016,1700,CE,0,0,0,879.05,927.1,0,0,0,0,17-AUG-2016,
OPTSTK,TCS,25-Aug-2016,1750,CE,0,0,0,829.95,877.2,0,0,0,0,17-AUG-2016,
OPTSTK,TCS,25-Aug-2016,1800,CE,0,0,0,780.9,827.25,0,0,0,0,17-AUG-2016,
OPTSTK,TCS,25-Aug-2016,1850,CE,0,0,0,731.9,777.35,0,0,0,0,17-AUG-2016,
OPTSTK,TCS,25-Aug-2016,1900,CE,0,0,0,683,727.4,0,0,0,0,17-AUG-2016,
OPTSTK,TCS,25-Aug-2016,1950,CE,0,0,0,634.3,677.5,0,0,0,0,17-AUG-2016,
OPTSTK,TCS,25-Aug-2016,2000,CE,0,0,0,629,627.55,0,0,2000,0,17-AUG-2016,
OPTSTK,TCS,25-Aug-2016,2050,CE,0,0,0,537.85,577.65,0,0,0,0,17-AUG-2016,
OPTSTK,TCS,25-Aug-2016,2100,CE,0,0,0,490.55,527.7,0,0,0,0,17-AUG-2016,
OPTSTK,TCS,25-Aug-2016,2150,CE,0,0,0,444.15,477.8,0,0,0,0,17-AUG-2016,
OPTSTK,TCS,25-Aug-2016,2200,CE,0,0,0,398.95,427.85,0,0,0,0,17-AUG-2016,
OPTSTK,TCS,25-Aug-2016,2250,CE,0,0,0,355.35,377.95,0,0,0,0,17-AUG-2016,
OPTSTK,TCS,25-Aug-2016,2300,CE,0,0,0,405,328,0,0,1000,0,17-AUG-2016,
OPTSTK,TCS,25-Aug-2016,2350,CE,0,0,0,311.85,278.15,0,0,250,0,17-AUG-2016,
OPTSTK,TCS,25-Aug-2016,2400,CE,0,0,0,241.45,228.6,0,0,2250,0,17-AUG-2016,
OPTSTK,TCS,25-Aug-2016,2450,CE,183,183,183,183,183,1,6.58,3750,-250,17-AUG-2016,
OPTSTK,TCS,25-Aug-2016,2500,CE,144,144,134,134,134,2,13.19,19000,-500,17-AUG-2016,
OPTSTK,TCS,25-Aug-2016,2550,CE,98.05,113,86.4,89,89,11,72.92,34500,-250,17-AUG-2016,
OPTSTK,TCS,25-Aug-2016,2600,CE,80,80,48,51.4,51.4,99,657.6,43750,-1250,17-AUG-2016,
OPTSTK,TCS,25-Aug-2016,2650,CE,43,45.95,22.3,24.35,24.35,731,4897.96,96250,50000,17-AUG-2016,
OPTSTK,TCS,25-Aug-2016,2700,CE,35.95,35.95,9.3,10.4,10.4,1813,12302.05,239000,100750,17-AUG-2016,
OPTSTK,TCS,25-Aug-2016,2750,CE,13.55,13.55,4,4.5,4.5,932,6421.47,195500,32250,17-AUG-2016,
OPTSTK,TCS,25-Aug-2016,2800,CE,7.15,7.15,2.2,2.4,2.4,758,5311.65,205750,36250,17-AUG-2016,
OPTSTK,TCS,25-Aug-2016,2850,CE,1.65,1.8,1.2,1.35,1.35,210,1497.03,40250,-6750,17-AUG-2016,
OPTSTK,TCS,25-Aug-2016,2900,CE,1.15,1.4,0.75,0.9,0.9,75,543.92,60000,-9000,17-AUG-2016,
OPTSTK,TCS,25-Aug-2016,2950,CE,0.45,0.5,0.45,0.45,0.45,4,29.5,6750,-500,17-AUG-2016,
OPTSTK,TCS,25-Aug-2016,3000,CE,0,0,0,1.4,0.05,0,0,21750,0,17-AUG-2016,
OPTSTK,TCS,25-Aug-2016,3050,CE,0,0,0,13.8,0,0,0,0,0,17-AUG-2016,
OPTSTK,TCS,25-Aug-2016,3100,CE,0,0,0,10.35,0,0,0,0,0,17-AUG-2016,
OPTSTK,TCS,25-Aug-2016,3150,CE,0,0,0,7.65,0,0,0,0,0,17-AUG-2016,
OPTSTK,TCS,25-Aug-2016,3200,CE,0,0,0,5.65,0,0,0,0,0,17-AUG-2016,
OPTSTK,TCS,25-Aug-2016,3250,CE,0,0,0,4.1,0,0,0,0,0,17-AUG-2016,
OPTSTK,TCS,25-Aug-2016,1700,PE,0,0,0,0.05,0,0,0,0,0,17-AUG-2016,
OPTSTK,TCS,25-Aug-2016,1750,PE,0,0,0,0.05,0,0,0,0,0,17-AUG-2016,
OPTSTK,TCS,25-Aug-2016,1800,PE,0,0,0,0.1,0,0,0,0,0,17-AUG-2016,
OPTSTK,TCS,25-Aug-2016,1850,PE,0,0,0,0.2,0,0,0,0,0,17-AUG-2016,
OPTSTK,TCS,25-Aug-2016,1900,PE,0,0,0,0.4,0,0,0,0,0,17-AUG-2016,
OPTSTK,TCS,25-Aug-2016,1950,PE,0,0,0,0.8,0,0,0,0,0,17-AUG-2016,
OPTSTK,TCS,25-Aug-2016,2000,PE,0,0,0,0.35,0,0,0,1750,0,17-AUG-2016,
OPTSTK,TCS,25-Aug-2016,2050,PE,0,0,0,2.6,0,0,0,0,0,17-AUG-2016,
OPTSTK,TCS,25-Aug-2016,2100,PE,0,0,0,4.35,0,0,0,0,0,17-AUG-2016,
OPTSTK,TCS,25-Aug-2016,2150,PE,0,0,0,7.05,0,0,0,0,0,17-AUG-2016,
OPTSTK,TCS,25-Aug-2016,2200,PE,0,0,0,11,0,0,0,0,0,17-AUG-2016,
OPTSTK,TCS,25-Aug-2016,2250,PE,0,0,0,16.5,0,0,0,0,0,17-AUG-2016,
OPTSTK,TCS,25-Aug-2016,2300,PE,0,0,0,1.95,0.05,0,0,500,0,17-AUG-2016,
OPTSTK,TCS,25-Aug-2016,2350,PE,0,0,0,1.7,0.1,0,0,6750,0,17-AUG-2016,
OPTSTK,TCS,25-Aug-2016,2400,PE,2.65,2.65,1.25,1.45,1.45,30,180.12,29750,-2000,17-AUG-2016,
OPTSTK,TCS,25-Aug-2016,2450,PE,2.15,2.6,2,2.55,2.55,35,214.57,33000,-250,17-AUG-2016,
OPTSTK,TCS,25-Aug-2016,2500,PE,3.2,5,2.95,4.65,4.65,379,2372.57,122000,-1250,17-AUG-2016,
OPTSTK,TCS,25-Aug-2016,2550,PE,6.4,9.6,5.3,8.7,8.7,597,3816.62,72250,-32250,17-AUG-2016,
OPTSTK,TCS,25-Aug-2016,2600,PE,9.95,20.3,9.95,18.4,18.4,1686,11021.9,125750,-58000,17-AUG-2016,
OPTSTK,TCS,25-Aug-2016,2650,PE,16.15,42.15,16.15,39.4,39.4,1287,8626.55,123750,29750,17-AUG-2016,
OPTSTK,TCS,25-Aug-2016,2700,PE,42.45,77.9,42.45,74.7,74.7,469,3237.97,54250,-38500,17-AUG-2016,
OPTSTK,TCS,25-Aug-2016,2750,PE,72,121.65,72,119.5,119.5,95,677.07,27250,-8000,17-AUG-2016,
OPTSTK,TCS,25-Aug-2016,2800,PE,135,149,130.35,149,149,16,117.61,7250,-1000,17-AUG-2016,
OPTSTK,TCS,25-Aug-2016,2850,PE,0,0,0,118.7,222.15,0,0,1000,0,17-AUG-2016,
OPTSTK,TCS,25-Aug-2016,2900,PE,0,0,0,330.7,271.4,0,0,0,0,17-AUG-2016,
OPTSTK,TCS,25-Aug-2016,2950,PE,0,0,0,372.65,321.15,0,0,0,0,17-AUG-2016,
OPTSTK,TCS,25-Aug-2016,3000,PE,0,0,0,286.5,371,0,0,750,0,17-AUG-2016,
OPTSTK,TCS,25-Aug-2016,3050,PE,0,0,0,460.7,420.9,0,0,0,0,17-AUG-2016,
OPTSTK,TCS,25-Aug-2016,3100,PE,0,0,0,506.3,470.85,0,0,0,0,17-AUG-2016,
OPTSTK,TCS,25-Aug-2016,3150,PE,0,0,0,552.75,520.75,0,0,0,0,17-AUG-2016,
OPTSTK,TCS,25-Aug-2016,3200,PE,0,0,0,599.85,570.7,0,0,0,0,17-AUG-2016,
OPTSTK,TCS,25-Aug-2016,3250,PE,0,0,0,647.4,620.6,0,0,0,0,17-AUG-2016,
OPTSTK,TCS,29-Sep-2016,1700,CE,0,0,0,883.35,938.35,0,0,0,0,17-AUG-2016,
OPTSTK,TCS,29-Sep-2016,1750,CE,0,0,0,834.4,888.75,0,0,0,0,17-AUG-2016,
OPTSTK,TCS,29-Sep-2016,1800,CE,0,0,0,785.55,839.15,0,0,0,0,17-AUG-2016,
OPTSTK,TCS,29-Sep-2016,1850,CE,0,0,0,736.95,789.55,0,0,0,0,17-AUG-2016,
OPTSTK,TCS,29-Sep-2016,1900,CE,0,0,0,688.65,739.95,0,0,0,0,17-AUG-2016,
OPTSTK,TCS,29-Sep-2016,1950,CE,0,0,0,640.75,690.4,0,0,0,0,17-AUG-2016,
OPTSTK,TCS,29-Sep-2016,2000,CE,0,0,0,593.45,640.85,0,0,0,0,17-AUG-2016,
OPTSTK,TCS,29-Sep-2016,2050,CE,0,0,0,546.9,591.4,0,0,0,0,17-AUG-2016,
OPTSTK,TCS,29-Sep-2016,2100,CE,0,0,0,501.4,542.05,0,0,0,0,17-AUG-2016,
OPTSTK,TCS,29-Sep-2016,2150,CE,0,0,0,457.1,493.05,0,0,0,0,17-AUG-2016,
OPTSTK,TCS,29-Sep-2016,2200,CE,0,0,0,414.3,444.45,0,0,0,0,17-AUG-2016,
OPTSTK,TCS,29-Sep-2016,2250,CE,0,0,0,373.25,396.7,0,0,0,0,17-AUG-2016,
OPTSTK,TCS,29-Sep-2016,2300,CE,0,0,0,334.1,350.05,0,0,0,0,17-AUG-2016,
OPTSTK,TCS,29-Sep-2016,2350,CE,0,0,0,297.2,305.05,0,0,0,0,17-AUG-2016,
OPTSTK,TCS,29-Sep-2016,2400,CE,0,0,0,262.45,262.15,0,0,0,0,17-AUG-2016,
OPTSTK,TCS,29-Sep-2016,2450,CE,0,0,0,230.35,221.95,0,0,0,0,17-AUG-2016,
OPTSTK,TCS,29-Sep-2016,2500,CE,0,0,0,200.75,184.85,0,0,0,0,17-AUG-2016,
OPTSTK,TCS,29-Sep-2016,2550,CE,0,0,0,173.8,151.45,0,0,0,0,17-AUG-2016,
OPTSTK,TCS,29-Sep-2016,2600,CE,109,109,109,109,109,8,54.18,3000,2000,17-AUG-2016,
OPTSTK,TCS,29-Sep-2016,2650,CE,80,80,67,67,67,3,20.44,1250,750,17-AUG-2016,
OPTSTK,TCS,29-Sep-2016,2700,CE,57.1,60,45,48.75,48.75,31,213.23,7500,1750,17-AUG-2016,
OPTSTK,TCS,29-Sep-2016,2750,CE,40,40,33.25,39,39,13,90.5,3250,3250,17-AUG-2016,
OPTSTK,TCS,29-Sep-2016,2800,CE,29,29,20.15,22.6,22.6,87,613.88,28750,15500,17-AUG-2016,
OPTSTK,TCS,29-Sep-2016,2850,CE,0,0,0,63.75,31.25,0,0,0,0,17-AUG-2016,
OPTSTK,TCS,29-Sep-2016,2900,CE,0,0,0,52.65,22.5,0,0,0,0,17-AUG-2016,
OPTSTK,TCS,29-Sep-2016,2950,CE,0,0,0,43.3,15.9,0,0,0,0,17-AUG-2016,
OPTSTK,TCS,29-Sep-2016,3000,CE,0,0,0,35.4,11.05,0,0,0,0,17-AUG-2016,
OPTSTK,TCS,29-Sep-2016,3050,CE,0,0,0,28.75,7.55,0,0,0,0,17-AUG-2016,
OPTSTK,TCS,29-Sep-2016,3100,CE,0,0,0,23.25,5.05,0,0,0,0,17-AUG-2016,
OPTSTK,TCS,29-Sep-2016,3150,CE,0,0,0,18.7,3.35,0,0,0,0,17-AUG-2016,
OPTSTK,TCS,29-Sep-2016,3200,CE,0,0,0,14.95,2.15,0,0,0,0,17-AUG-2016,
OPTSTK,TCS,29-Sep-2016,3250,CE,0,0,0,11.9,1.4,0,0,0,0,17-AUG-2016,
OPTSTK,TCS,29-Sep-2016,1700,PE,0,0,0,0.2,0,0,0,0,0,17-AUG-2016,
OPTSTK,TCS,29-Sep-2016,1750,PE,0,0,0,0.35,0,0,0,0,0,17-AUG-2016,
OPTSTK,TCS,29-Sep-2016,1800,PE,0,0,0,0.65,0,0,0,0,0,17-AUG-2016,
OPTSTK,TCS,29-Sep-2016,1850,PE,0,0,0,1.15,0,0,0,0,0,17-AUG-2016,
OPTSTK,TCS,29-Sep-2016,1900,PE,0,0,0,1.95,0.05,0,0,0,0,17-AUG-2016,
OPTSTK,TCS,29-Sep-2016,1950,PE,0,0,0,3.2,0.05,0,0,0,0,17-AUG-2016,
OPTSTK,TCS,29-Sep-2016,2000,PE,0,0,0,5,0.1,0,0,0,0,17-AUG-2016,
OPTSTK,TCS,29-Sep-2016,2050,PE,0,0,0,7.6,0.25,0,0,0,0,17-AUG-2016,
OPTSTK,TCS,29-Sep-2016,2100,PE,0,0,0,11.2,0.5,0,0,0,0,17-AUG-2016,
OPTSTK,TCS,29-Sep-2016,2150,PE,0,0,0,16.05,1.05,0,0,0,0,17-AUG-2016,
OPTSTK,TCS,29-Sep-2016,2200,PE,0,0,0,22.35,2.1,0,0,0,0,17-AUG-2016,
OPTSTK,TCS,29-Sep-2016,2250,PE,0,0,0,30.4,3.9,0,0,0,0,17-AUG-2016,
OPTSTK,TCS,29-Sep-2016,2300,PE,0,0,0,40.35,6.9,0,0,0,0,17-AUG-2016,
OPTSTK,TCS,29-Sep-2016,2350,PE,0,0,0,52.6,11.45,0,0,0,0,17-AUG-2016,
OPTSTK,TCS,29-Sep-2016,2400,PE,0,0,0,66.95,18.15,0,0,0,0,17-AUG-2016,
OPTSTK,TCS,29-Sep-2016,2450,PE,0,0,0,83.95,27.55,0,0,0,0,17-AUG-2016,
OPTSTK,TCS,29-Sep-2016,2500,PE,19.5,24.5,19.5,24,24,11,69.34,1750,1500,17-AUG-2016,
OPTSTK,TCS,29-Sep-2016,2550,PE,27,35,27,35,35,6,38.72,9000,1500,17-AUG-2016,
OPTSTK,TCS,29-Sep-2016,2600,PE,39,50,39,50,50,11,72.73,4000,1500,17-AUG-2016,
OPTSTK,TCS,29-Sep-2016,2650,PE,65,65,65,65,65,1,6.78,250,0,17-AUG-2016,
OPTSTK,TCS,29-Sep-2016,2700,PE,85,90.95,85,90.95,90.95,2,13.93,1750,-250,17-AUG-2016,
OPTSTK,TCS,29-Sep-2016,2750,PE,0,0,0,239.6,160.1,0,0,0,0,17-AUG-2016,
OPTSTK,TCS,29-Sep-2016,2800,PE,0,0,0,273.85,195.3,0,0,0,0,17-AUG-2016,
OPTSTK,TCS,29-Sep-2016,2850,PE,0,0,0,310.25,233.6,0,0,0,0,17-AUG-2016,
OPTSTK,TCS,29-Sep-2016,2900,PE,0,0,0,348.35,274.45,0,0,0,0,17-AUG-2016,
OPTSTK,TCS,29-Sep-2016,2950,PE,0,0,0,388.1,317.5,0,0,0,0,17-AUG-2016,
OPTSTK,TCS,29-Sep-2016,3000,PE,0,0,0,429.3,362.2,0,0,0,0,17-AUG-2016,
OPTSTK,TCS,29-Sep-2016,3050,PE,0,0,0,471.8,408.3,0,0,0,0,17-AUG-2016,
OPTSTK,TCS,29-Sep-2016,3100,PE,0,0,0,515.4,455.4,0,0,0,0,17-AUG-2016,
OPTSTK,TCS,29-Sep-2016,3150,PE,0,0,0,559.95,503.3,0,0,0,0,17-AUG-2016,
OPTSTK,TCS,29-Sep-2016,3200,PE,0,0,0,605.3,551.7,0,0,0,0,17-AUG-2016,
OPTSTK,TCS,29-Sep-2016,3250,PE,0,0,0,651.35,600.55,0,0,0,0,17-AUG-2016,
OPTSTK,TCS,27-Oct-2016,1700,CE,0,0,0,948.5,947.25,0,0,0,0,17-AUG-2016,
OPTSTK,TCS,27-Oct-2016,1750,CE,0,0,0,899.4,897.9,0,0,0,0,17-AUG-2016,
OPTSTK,TCS,27-Oct-2016,1800,CE,0,0,0,850.35,848.6,0,0,0,0,17-AUG-2016,
OPTSTK,TCS,27-Oct-2016,1850,CE,0,0,0,801.35,799.35,0,0,0,0,17-AUG-2016,
OPTSTK,TCS,27-Oct-2016,1900,CE,0,0,0,752.45,750.1,0,0,0,0,17-AUG-2016,
OPTSTK,TCS,27-Oct-2016,1950,CE,0,0,0,703.75,701,0,0,0,0,17-AUG-2016,
OPTSTK,TCS,27-Oct-2016,2000,CE,0,0,0,655.4,652.05,0,0,0,0,17-AUG-2016,
OPTSTK,TCS,27-Oct-2016,2050,CE,0,0,0,607.4,603.45,0,0,0,0,17-AUG-2016,
OPTSTK,TCS,27-Oct-2016,2100,CE,0,0,0,560.05,555.25,0,0,0,0,17-AUG-2016,
OPTSTK,TCS,27-Oct-2016,2150,CE,0,0,0,513.5,507.7,0,0,0,0,17-AUG-2016,
OPTSTK,TCS,27-Oct-2016,2200,CE,0,0,0,468,461,0,0,0,0,17-AUG-2016,
OPTSTK,TCS,27-Oct-2016,2250,CE,0,0,0,423.85,415.55,0,0,0,0,17-AUG-2016,
OPTSTK,TCS,27-Oct-2016,2300,CE,0,0,0,381.25,371.6,0,0,0,0,17-AUG-2016,
OPTSTK,TCS,27-Oct-2016,2350,CE,0,0,0,340.5,329.45,0,0,0,0,17-AUG-2016,
OPTSTK,TCS,27-Oct-2016,2400,CE,0,0,0,301.85,289.5,0,0,0,0,17-AUG-2016,
OPTSTK,TCS,27-Oct-2016,2450,CE,0,0,0,265.65,252.05,0,0,0,0,17-AUG-2016,
OPTSTK,TCS,27-Oct-2016,2500,CE,0,0,0,231.85,217.2,0,0,0,0,17-AUG-2016,
OPTSTK,TCS,27-Oct-2016,2550,CE,0,0,0,200.8,185.35,0,0,0,0,17-AUG-2016,
OPTSTK,TCS,27-Oct-2016,2600,CE,0,0,0,172.55,156.6,0,0,0,0,17-AUG-2016,
OPTSTK,TCS,27-Oct-2016,2650,CE,0,0,0,147.05,130.95,0,0,0,0,17-AUG-2016,
OPTSTK,TCS,27-Oct-2016,2700,CE,85,85,76.85,82.15,82.15,84,583.8,17000,17000,17-AUG-2016,
OPTSTK,TCS,27-Oct-2016,2750,CE,0,0,0,104.3,88.8,0,0,0,0,17-AUG-2016,
OPTSTK,TCS,27-Oct-2016,2800,CE,0,0,0,86.8,72,0,0,0,0,17-AUG-2016,
OPTSTK,TCS,27-Oct-2016,2850,CE,0,0,0,71.65,57.75,0,0,0,0,17-AUG-2016,
OPTSTK,TCS,27-Oct-2016,2900,CE,0,0,0,58.85,46.05,0,0,0,0,17-AUG-2016,
OPTSTK,TCS,27-Oct-2016,2950,CE,0,0,0,47.8,36.15,0,0,0,0,17-AUG-2016,
OPTSTK,TCS,27-Oct-2016,3000,CE,0,0,0,38.6,28.2,0,0,0,0,17-AUG-2016,
OPTSTK,TCS,27-Oct-2016,3050,CE,0,0,0,30.95,21.75,0,0,0,0,17-AUG-2016,
OPTSTK,TCS,27-Oct-2016,3100,CE,0,0,0,24.6,16.65,0,0,0,0,17-AUG-2016,
OPTSTK,TCS,27-Oct-2016,3150,CE,0,0,0,19.45,12.6,0,0,0,0,17-AUG-2016,
OPTSTK,TCS,27-Oct-2016,3200,CE,0,0,0,15.3,9.5,0,0,0,0,17-AUG-2016,
OPTSTK,TCS,27-Oct-2016,3250,CE,0,0,0,11.9,7.05,0,0,0,0,17-AUG-2016,
OPTSTK,TCS,27-Oct-2016,1700,PE,0,0,0,0.05,0.05,0,0,0,0,17-AUG-2016,
OPTSTK,TCS,27-Oct-2016,1750,PE,0,0,0,0.1,0.05,0,0,0,0,17-AUG-2016,
OPTSTK,TCS,27-Oct-2016,1800,PE,0,0,0,0.15,0.05,0,0,0,0,17-AUG-2016,
OPTSTK,TCS,27-Oct-2016,1850,PE,0,0,0,0.3,0.1,0,0,0,0,17-AUG-2016,
OPTSTK,TCS,27-Oct-2016,1900,PE,0,0,0,0.55,0.25,0,0,0,0,17-AUG-2016,
OPTSTK,TCS,27-Oct-2016,1950,PE,0,0,0,1.05,0.45,0,0,0,0,17-AUG-2016,
OPTSTK,TCS,27-Oct-2016,2000,PE,0,0,0,1.8,0.85,0,0,0,0,17-AUG-2016,
OPTSTK,TCS,27-Oct-2016,2050,PE,0,0,0,2.95,1.55,0,0,0,0,17-AUG-2016,
OPTSTK,TCS,27-Oct-2016,2100,PE,0,0,0,4.75,2.7,0,0,0,0,17-AUG-2016,
OPTSTK,TCS,27-Oct-2016,2150,PE,0,0,0,7.35,4.45,0,0,0,0,17-AUG-2016,
OPTSTK,TCS,27-Oct-2016,2200,PE,0,0,0,10.95,7.15,0,0,0,0,17-AUG-2016,
OPTSTK,TCS,27-Oct-2016,2250,PE,0,0,0,15.95,11,0,0,0,0,17-AUG-2016,
OPTSTK,TCS,27-Oct-2016,2300,PE,0,0,0,22.45,16.35,0,0,0,0,17-AUG-2016,
OPTSTK,TCS,27-Oct-2016,2350,PE,0,0,0,30.85,23.55,0,0,0,0,17-AUG-2016,
OPTSTK,TCS,27-Oct-2016,2400,PE,0,0,0,41.4,32.95,0,0,0,0,17-AUG-2016,
OPTSTK,TCS,27-Oct-2016,2450,PE,0,0,0,54.35,44.85,0,0,0,0,17-AUG-2016,
OPTSTK,TCS,27-Oct-2016,2500,PE,0,0,0,69.65,59.3,0,0,0,0,17-AUG-2016,
OPTSTK,TCS,27-Oct-2016,2550,PE,0,0,0,87.75,76.8,0,0,0,0,17-AUG-2016,
OPTSTK,TCS,27-Oct-2016,2600,PE,80,81.2,77,81,81,71,475.67,17750,17750,17-AUG-2016,
OPTSTK,TCS,27-Oct-2016,2650,PE,0,0,0,132.3,121.1,0,0,0,0,17-AUG-2016,
OPTSTK,TCS,27-Oct-2016,2700,PE,0,0,0,158.7,147.85,0,0,0,0,17-AUG-2016,
OPTSTK,TCS,27-Oct-2016,2750,PE,0,0,0,187.8,177.55,0,0,0,0,17-AUG-2016,
OPTSTK,TCS,27-Oct-2016,2800,PE,0,0,0,219.45,210.1,0,0,0,0,17-AUG-2016,
OPTSTK,TCS,27-Oct-2016,2850,PE,0,0,0,253.45,245.2,0,0,0,0,17-AUG-2016,
OPTSTK,TCS,27-Oct-2016,2900,PE,0,0,0,289.75,282.85,0,0,0,0,17-AUG-2016,
OPTSTK,TCS,27-Oct-2016,2950,PE,0,0,0,327.85,322.3,0,0,0,0,17-AUG-2016,
OPTSTK,TCS,27-Oct-2016,3000,PE,0,0,0,367.8,363.65,0,0,0,0,17-AUG-2016,
OPTSTK,TCS,27-Oct-2016,3050,PE,0,0,0,409.3,406.55,0,0,0,0,17-AUG-2016,
OPTSTK,TCS,27-Oct-2016,3100,PE,0,0,0,452.1,450.75,0,0,0,0,17-AUG-2016,
OPTSTK,TCS,27-Oct-2016,3150,PE,0,0,0,496.1,496.1,0,0,0,0,17-AUG-2016,
OPTSTK,TCS,27-Oct-2016,3200,PE,0,0,0,541.05,542.25,0,0,0,0,17-AUG-2016,
OPTSTK,TCS,27-Oct-2016,3250,PE,0,0,0,586.85,589.2,0,0,0,0,17-AUG-2016,
OPTSTK,TECHM,25-Aug-2016,340,CE,0,0,0,209.65,135.2,0,0,0,0,17-AUG-2016,
OPTSTK,TECHM,25-Aug-2016,350,CE,0,0,0,200.3,125.2,0,0,0,0,17-AUG-2016,
OPTSTK,TECHM,25-Aug-2016,360,CE,0,0,0,191,115.2,0,0,0,0,17-AUG-2016,
OPTSTK,TECHM,25-Aug-2016,370,CE,0,0,0,181.9,105.2,0,0,0,0,17-AUG-2016,
OPTSTK,TECHM,25-Aug-2016,380,CE,0,0,0,172.9,95.25,0,0,0,0,17-AUG-2016,
OPTSTK,TECHM,25-Aug-2016,390,CE,0,0,0,164.1,85.25,0,0,0,0,17-AUG-2016,
OPTSTK,TECHM,25-Aug-2016,400,CE,0,0,0,155.45,75.25,0,0,0,0,17-AUG-2016,
OPTSTK,TECHM,25-Aug-2016,410,CE,0,0,0,147,65.3,0,0,0,0,17-AUG-2016,
OPTSTK,TECHM,25-Aug-2016,420,CE,0,0,0,138.8,55.3,0,0,0,0,17-AUG-2016,
OPTSTK,TECHM,25-Aug-2016,430,CE,0,0,0,130.85,45.35,0,0,0,0,17-AUG-2016,
OPTSTK,TECHM,25-Aug-2016,440,CE,0,0,0,123.1,35.45,0,0,0,0,17-AUG-2016,
OPTSTK,TECHM,25-Aug-2016,450,CE,0,0,0,39.3,25.9,0,0,3300,0,17-AUG-2016,
OPTSTK,TECHM,25-Aug-2016,460,CE,0,0,0,40,17.2,0,0,3300,0,17-AUG-2016,
OPTSTK,TECHM,25-Aug-2016,470,CE,9.15,9.15,8.9,8.9,8.9,3,15.8,5500,3300,17-AUG-2016,
OPTSTK,TECHM,25-Aug-2016,480,CE,11.2,12.15,4.6,4.9,4.9,228,1219.01,158400,107800,17-AUG-2016,
OPTSTK,TECHM,25-Aug-2016,490,CE,6.35,6.6,2.5,2.7,2.7,285,1548.19,191400,104500,17-AUG-2016,
OPTSTK,TECHM,25-Aug-2016,500,CE,3.35,3.7,1.5,1.65,1.65,483,2667.47,425700,-33000,17-AUG-2016,
OPTSTK,TECHM,25-Aug-2016,510,CE,2,2.2,1,1.05,1.05,213,1198.13,276100,7700,17-AUG-2016,
OPTSTK,TECHM,25-Aug-2016,520,CE,1.35,1.45,0.65,0.75,0.75,176,1008.51,356400,-3300,17-AUG-2016,
OPTSTK,TECHM,25-Aug-2016,530,CE,0.85,0.95,0.45,0.45,0.45,53,309.37,154000,7700,17-AUG-2016,
OPTSTK,TECHM,25-Aug-2016,540,CE,0.6,0.6,0.4,0.45,0.45,7,41.61,97900,0,17-AUG-2016,
OPTSTK,TECHM,25-Aug-2016,550,CE,0.45,0.45,0.25,0.25,0.25,16,96.85,125400,-14300,17-AUG-2016,
OPTSTK,TECHM,25-Aug-2016,560,CE,0.2,0.2,0.2,0.2,0.2,1,6.16,16500,-1100,17-AUG-2016,
OPTSTK,TECHM,25-Aug-2016,570,CE,0.15,0.2,0.15,0.2,0.2,16,100.35,12100,-13200,17-AUG-2016,
OPTSTK,TECHM,25-Aug-2016,580,CE,0,0,0,0.9,0,0,0,1100,0,17-AUG-2016,
OPTSTK,TECHM,25-Aug-2016,590,CE,0,0,0,40.8,0,0,0,0,0,17-AUG-2016,
OPTSTK,TECHM,25-Aug-2016,600,CE,0,0,0,37.5,0,0,0,0,0,17-AUG-2016,
OPTSTK,TECHM,25-Aug-2016,610,CE,0,0,0,34.4,0,0,0,0,0,17-AUG-2016,
OPTSTK,TECHM,25-Aug-2016,620,CE,0,0,0,31.55,0,0,0,0,0,17-AUG-2016,
OPTSTK,TECHM,25-Aug-2016,630,CE,0,0,0,28.9,0,0,0,0,0,17-AUG-2016,
OPTSTK,TECHM,25-Aug-2016,640,CE,0,0,0,26.45,0,0,0,0,0,17-AUG-2016,
OPTSTK,TECHM,25-Aug-2016,650,CE,0,0,0,24.15,0,0,0,0,0,17-AUG-2016,
OPTSTK,TECHM,25-Aug-2016,340,PE,0,0,0,1.3,0,0,0,0,0,17-AUG-2016,
OPTSTK,TECHM,25-Aug-2016,350,PE,0,0,0,1.75,0,0,0,0,0,17-AUG-2016,
OPTSTK,TECHM,25-Aug-2016,360,PE,0,0,0,2.3,0,0,0,0,0,17-AUG-2016,
OPTSTK,TECHM,25-Aug-2016,370,PE,0,0,0,3,0,0,0,0,0,17-AUG-2016,
OPTSTK,TECHM,25-Aug-2016,380,PE,0,0,0,3.8,0,0,0,0,0,17-AUG-2016,
OPTSTK,TECHM,25-Aug-2016,390,PE,0,0,0,4.8,0,0,0,0,0,17-AUG-2016,
OPTSTK,TECHM,25-Aug-2016,400,PE,0.1,0.2,0.1,0.2,0.2,5,22,53900,-5500,17-AUG-2016,
OPTSTK,TECHM,25-Aug-2016,410,PE,0,0,0,0.3,0,0,0,4400,0,17-AUG-2016,
OPTSTK,TECHM,25-Aug-2016,420,PE,0,0,0,0.2,0,0,0,50600,0,17-AUG-2016,
OPTSTK,TECHM,25-Aug-2016,430,PE,0.4,0.4,0.4,0.4,0.4,1,4.73,70400,-1100,17-AUG-2016,
OPTSTK,TECHM,25-Aug-2016,440,PE,0.6,0.9,0.6,0.8,0.8,43,208.49,206800,-2200,17-AUG-2016,
OPTSTK,TECHM,25-Aug-2016,450,PE,1.05,1.5,0.9,1.2,1.2,66,327.54,187000,22000,17-AUG-2016,
OPTSTK,TECHM,25-Aug-2016,460,PE,1.25,2.7,1.25,2.4,2.4,97,493.03,185900,-34100,17-AUG-2016,
OPTSTK,TECHM,25-Aug-2016,470,PE,2.5,5.6,2.2,5.15,5.15,149,777.02,191400,-23100,17-AUG-2016,
OPTSTK,TECHM,25-Aug-2016,480,PE,4.8,10.85,4.55,10.2,10.2,202,1084.18,170500,-26400,17-AUG-2016,
OPTSTK,TECHM,25-Aug-2016,490,PE,9.5,18.7,9.5,18,18,69,383.03,220000,-3300,17-AUG-2016,
OPTSTK,TECHM,25-Aug-2016,500,PE,17.8,26.6,16.95,26.6,26.6,23,131.59,70400,-16500,17-AUG-2016,
OPTSTK,TECHM,25-Aug-2016,510,PE,26,33,26,33,33,8,47.47,30800,4400,17-AUG-2016,
OPTSTK,TECHM,25-Aug-2016,520,PE,0,0,0,25,44.65,0,0,3300,0,17-AUG-2016,
OPTSTK,TECHM,25-Aug-2016,530,PE,0,0,0,42,54.6,0,0,2200,0,17-AUG-2016,
OPTSTK,TECHM,25-Aug-2016,540,PE,0,0,0,36,64.55,0,0,3300,0,17-AUG-2016,
OPTSTK,TECHM,25-Aug-2016,550,PE,0,0,0,47,74.55,0,0,1100,0,17-AUG-2016,
OPTSTK,TECHM,25-Aug-2016,560,PE,0,0,0,59.95,84.55,0,0,0,0,17-AUG-2016,
OPTSTK,TECHM,25-Aug-2016,570,PE,0,0,0,65.7,94.5,0,0,0,0,17-AUG-2016,
OPTSTK,TECHM,25-Aug-2016,580,PE,0,0,0,71.75,104.5,0,0,0,0,17-AUG-2016,
OPTSTK,TECHM,25-Aug-2016,590,PE,0,0,0,85.65,114.5,0,0,1100,0,17-AUG-2016,
OPTSTK,TECHM,25-Aug-2016,600,PE,0,0,0,84.5,124.45,0,0,0,0,17-AUG-2016,
OPTSTK,TECHM,25-Aug-2016,610,PE,0,0,0,91.25,134.45,0,0,0,0,17-AUG-2016,
OPTSTK,TECHM,25-Aug-2016,620,PE,0,0,0,98.2,144.45,0,0,0,0,17-AUG-2016,
OPTSTK,TECHM,25-Aug-2016,630,PE,0,0,0,105.35,154.45,0,0,0,0,17-AUG-2016,
OPTSTK,TECHM,25-Aug-2016,640,PE,0,0,0,112.75,164.4,0,0,0,0,17-AUG-2016,
OPTSTK,TECHM,25-Aug-2016,650,PE,0,0,0,120.25,174.4,0,0,0,0,17-AUG-2016,
OPTSTK,TECHM,29-Sep-2016,340,CE,0,0,0,171.95,137.4,0,0,0,0,17-AUG-2016,
OPTSTK,TECHM,29-Sep-2016,350,CE,0,0,0,162.25,127.5,0,0,0,0,17-AUG-2016,
OPTSTK,TECHM,29-Sep-2016,360,CE,0,0,0,152.6,117.6,0,0,0,0,17-AUG-2016,
OPTSTK,TECHM,29-Sep-2016,370,CE,0,0,0,143.05,107.7,0,0,0,0,17-AUG-2016,
OPTSTK,TECHM,29-Sep-2016,380,CE,0,0,0,133.65,97.8,0,0,0,0,17-AUG-2016,
OPTSTK,TECHM,29-Sep-2016,390,CE,0,0,0,124.35,87.95,0,0,0,0,17-AUG-2016,
OPTSTK,TECHM,29-Sep-2016,400,CE,0,0,0,115.25,78.2,0,0,0,0,17-AUG-2016,
OPTSTK,TECHM,29-Sep-2016,410,CE,0,0,0,106.35,68.55,0,0,0,0,17-AUG-2016,
OPTSTK,TECHM,29-Sep-2016,420,CE,0,0,0,97.75,59.2,0,0,0,0,17-AUG-2016,
OPTSTK,TECHM,29-Sep-2016,430,CE,0,0,0,89.4,50.2,0,0,0,0,17-AUG-2016,
OPTSTK,TECHM,29-Sep-2016,440,CE,0,0,0,81.4,41.75,0,0,0,0,17-AUG-2016,
OPTSTK,TECHM,29-Sep-2016,450,CE,0,0,0,73.75,33.95,0,0,0,0,17-AUG-2016,
OPTSTK,TECHM,29-Sep-2016,460,CE,0,0,0,66.55,26.95,0,0,0,0,17-AUG-2016,
OPTSTK,TECHM,29-Sep-2016,470,CE,0,0,0,59.7,20.9,0,0,0,0,17-AUG-2016,
OPTSTK,TECHM,29-Sep-2016,480,CE,0,0,0,53.3,15.75,0,0,0,0,17-AUG-2016,
OPTSTK,TECHM,29-Sep-2016,490,CE,13,13,11,12.25,12.25,14,77.3,15400,15400,17-AUG-2016,
OPTSTK,TECHM,29-Sep-2016,500,CE,11,11,9,9.2,9.2,5,28.02,7700,4400,17-AUG-2016,
OPTSTK,TECHM,29-Sep-2016,510,CE,10,10,10,10,10,1,5.72,3300,0,17-AUG-2016,
OPTSTK,TECHM,29-Sep-2016,520,CE,0,0,0,32.3,3.9,0,0,0,0,17-AUG-2016,
OPTSTK,TECHM,29-Sep-2016,530,CE,3.8,3.8,3.8,3.8,3.8,2,11.74,8800,0,17-AUG-2016,
OPTSTK,TECHM,29-Sep-2016,540,CE,0,0,0,24.45,1.65,0,0,0,0,17-AUG-2016,
OPTSTK,TECHM,29-Sep-2016,550,CE,0,0,0,9.1,1.05,0,0,2200,0,17-AUG-2016,
OPTSTK,TECHM,29-Sep-2016,560,CE,0,0,0,18.2,0.65,0,0,0,0,17-AUG-2016,
OPTSTK,TECHM,29-Sep-2016,570,CE,0,0,0,15.6,0.4,0,0,0,0,17-AUG-2016,
OPTSTK,TECHM,29-Sep-2016,580,CE,0,0,0,13.35,0.25,0,0,0,0,17-AUG-2016,
OPTSTK,TECHM,29-Sep-2016,590,CE,0,0,0,11.3,0.15,0,0,0,0,17-AUG-2016,
OPTSTK,TECHM,29-Sep-2016,600,CE,0,0,0,9.6,0.1,0,0,0,0,17-AUG-2016,
OPTSTK,TECHM,29-Sep-2016,610,CE,0,0,0,8.1,0.05,0,0,0,0,17-AUG-2016,
OPTSTK,TECHM,29-Sep-2016,620,CE,0,0,0,6.8,0.05,0,0,0,0,17-AUG-2016,
OPTSTK,TECHM,29-Sep-2016,630,CE,0,0,0,5.7,0.05,0,0,0,0,17-AUG-2016,
OPTSTK,TECHM,29-Sep-2016,640,CE,0,0,0,4.75,0.05,0,0,0,0,17-AUG-2016,
OPTSTK,TECHM,29-Sep-2016,650,CE,0,0,0,3.95,0,0,0,0,0,17-AUG-2016,
OPTSTK,TECHM,29-Sep-2016,340,PE,0,0,0,0.2,0,0,0,0,0,17-AUG-2016,
OPTSTK,TECHM,29-Sep-2016,350,PE,0,0,0,0.35,0,0,0,0,0,17-AUG-2016,
OPTSTK,TECHM,29-Sep-2016,360,PE,0,0,0,0.5,0,0,0,0,0,17-AUG-2016,
OPTSTK,TECHM,29-Sep-2016,370,PE,0,0,0,0.8,0.05,0,0,0,0,17-AUG-2016,
OPTSTK,TECHM,29-Sep-2016,380,PE,0,0,0,1.15,0.05,0,0,0,0,17-AUG-2016,
OPTSTK,TECHM,29-Sep-2016,390,PE,0,0,0,1.7,0.15,0,0,0,0,17-AUG-2016,
OPTSTK,TECHM,29-Sep-2016,400,PE,0,0,0,2.45,0.3,0,0,0,0,17-AUG-2016,
OPTSTK,TECHM,29-Sep-2016,410,PE,0,0,0,3.35,0.6,0,0,0,0,17-AUG-2016,
OPTSTK,TECHM,29-Sep-2016,420,PE,0,0,0,4.3,1.15,0,0,19800,0,17-AUG-2016,
OPTSTK,TECHM,29-Sep-2016,430,PE,0,0,0,6.05,2.1,0,0,0,0,17-AUG-2016,
OPTSTK,TECHM,29-Sep-2016,440,PE,0,0,0,7.85,3.55,0,0,0,0,17-AUG-2016,
OPTSTK,TECHM,29-Sep-2016,450,PE,5.5,5.5,5.5,5.5,5.5,1,5.01,20900,0,17-AUG-2016,
OPTSTK,TECHM,29-Sep-2016,460,PE,9.25,9.8,9.25,9.65,9.65,7,36.15,23100,-5500,17-AUG-2016,
OPTSTK,TECHM,29-Sep-2016,470,PE,0,0,0,15.65,12.45,0,0,0,0,17-AUG-2016,
OPTSTK,TECHM,29-Sep-2016,480,PE,16,18,16,18,18,5,27.36,7700,5500,17-AUG-2016,
OPTSTK,TECHM,29-Sep-2016,490,PE,0,0,0,20,22.95,0,0,1100,0,17-AUG-2016,
OPTSTK,TECHM,29-Sep-2016,500,PE,29.75,29.75,29.75,29.75,29.75,1,5.82,2200,1100,17-AUG-2016,
OPTSTK,TECHM,29-Sep-2016,510,PE,0,0,0,32.15,37,0,0,0,0,17-AUG-2016,
OPTSTK,TECHM,29-Sep-2016,520,PE,0,0,0,37.4,45.05,0,0,0,0,17-AUG-2016,
OPTSTK,TECHM,29-Sep-2016,530,PE,0,0,0,43.05,53.65,0,0,0,0,17-AUG-2016,
OPTSTK,TECHM,29-Sep-2016,540,PE,0,0,0,49.2,62.65,0,0,0,0,17-AUG-2016,
OPTSTK,TECHM,29-Sep-2016,550,PE,0,0,0,55.7,71.95,0,0,0,0,17-AUG-2016,
OPTSTK,TECHM,29-Sep-2016,560,PE,0,0,0,62.55,81.45,0,0,0,0,17-AUG-2016,
OPTSTK,TECHM,29-Sep-2016,570,PE,0,0,0,69.8,91.1,0,0,0,0,17-AUG-2016,
OPTSTK,TECHM,29-Sep-2016,580,PE,0,0,0,77.35,100.9,0,0,0,0,17-AUG-2016,
OPTSTK,TECHM,29-Sep-2016,590,PE,0,0,0,85.15,110.7,0,0,0,0,17-AUG-2016,
OPTSTK,TECHM,29-Sep-2016,600,PE,0,0,0,93.25,120.6,0,0,0,0,17-AUG-2016,
OPTSTK,TECHM,29-Sep-2016,610,PE,0,0,0,101.55,130.45,0,0,0,0,17-AUG-2016,
OPTSTK,TECHM,29-Sep-2016,620,PE,0,0,0,110.1,140.35,0,0,0,0,17-AUG-2016,
OPTSTK,TECHM,29-Sep-2016,630,PE,0,0,0,118.8,150.3,0,0,0,0,17-AUG-2016,
OPTSTK,TECHM,29-Sep-2016,640,PE,0,0,0,127.7,160.2,0,0,0,0,17-AUG-2016,
OPTSTK,TECHM,29-Sep-2016,650,PE,0,0,0,136.7,170.1,0,0,0,0,17-AUG-2016,
OPTSTK,TECHM,27-Oct-2016,340,CE,0,0,0,151.45,139.2,0,0,0,0,17-AUG-2016,
OPTSTK,TECHM,27-Oct-2016,350,CE,0,0,0,141.65,129.35,0,0,0,0,17-AUG-2016,
OPTSTK,TECHM,27-Oct-2016,360,CE,0,0,0,131.9,119.55,0,0,0,0,17-AUG-2016,
OPTSTK,TECHM,27-Oct-2016,370,CE,0,0,0,122.2,109.75,0,0,0,0,17-AUG-2016,
OPTSTK,TECHM,27-Oct-2016,380,CE,0,0,0,112.55,100.05,0,0,0,0,17-AUG-2016,
OPTSTK,TECHM,27-Oct-2016,390,CE,0,0,0,103.05,90.4,0,0,0,0,17-AUG-2016,
OPTSTK,TECHM,27-Oct-2016,400,CE,0,0,0,93.75,81,0,0,0,0,17-AUG-2016,
OPTSTK,TECHM,27-Oct-2016,410,CE,0,0,0,84.65,71.8,0,0,0,0,17-AUG-2016,
OPTSTK,TECHM,27-Oct-2016,420,CE,0,0,0,75.85,62.95,0,0,0,0,17-AUG-2016,
OPTSTK,TECHM,27-Oct-2016,430,CE,0,0,0,67.35,54.55,0,0,0,0,17-AUG-2016,
OPTSTK,TECHM,27-Oct-2016,440,CE,0,0,0,59.35,46.65,0,0,0,0,17-AUG-2016,
OPTSTK,TECHM,27-Oct-2016,450,CE,0,0,0,51.8,39.3,0,0,0,0,17-AUG-2016,
OPTSTK,TECHM,27-Oct-2016,460,CE,0,0,0,44.8,32.7,0,0,0,0,17-AUG-2016,
OPTSTK,TECHM,27-Oct-2016,470,CE,0,0,0,38.35,26.8,0,0,0,0,17-AUG-2016,
OPTSTK,TECHM,27-Oct-2016,480,CE,0,0,0,32.5,21.65,0,0,0,0,17-AUG-2016,
OPTSTK,TECHM,27-Oct-2016,490,CE,0,0,0,27.3,17.2,0,0,0,0,17-AUG-2016,
OPTSTK,TECHM,27-Oct-2016,500,CE,0,0,0,22.7,13.5,0,0,0,0,17-AUG-2016,
OPTSTK,TECHM,27-Oct-2016,510,CE,0,0,0,18.7,10.4,0,0,0,0,17-AUG-2016,
OPTSTK,TECHM,27-Oct-2016,520,CE,0,0,0,15.25,7.95,0,0,0,0,17-AUG-2016,
OPTSTK,TECHM,27-Oct-2016,530,CE,0,0,0,12.3,5.95,0,0,0,0,17-AUG-2016,
OPTSTK,TECHM,27-Oct-2016,540,CE,0,0,0,9.9,4.4,0,0,0,0,17-AUG-2016,
OPTSTK,TECHM,27-Oct-2016,550,CE,0,0,0,7.85,3.2,0,0,0,0,17-AUG-2016,
OPTSTK,TECHM,27-Oct-2016,560,CE,0,0,0,6.15,2.3,0,0,0,0,17-AUG-2016,
OPTSTK,TECHM,27-Oct-2016,570,CE,0,0,0,4.8,1.65,0,0,0,0,17-AUG-2016,
OPTSTK,TECHM,27-Oct-2016,580,CE,0,0,0,3.7,1.15,0,0,0,0,17-AUG-2016,
OPTSTK,TECHM,27-Oct-2016,590,CE,0,0,0,2.85,0.8,0,0,0,0,17-AUG-2016,
OPTSTK,TECHM,27-Oct-2016,600,CE,0,0,0,2.15,0.55,0,0,0,0,17-AUG-2016,
OPTSTK,TECHM,27-Oct-2016,610,CE,0,0,0,1.65,0.4,0,0,0,0,17-AUG-2016,
OPTSTK,TECHM,27-Oct-2016,620,CE,0,0,0,1.2,0.25,0,0,0,0,17-AUG-2016,
OPTSTK,TECHM,27-Oct-2016,630,CE,0,0,0,0.9,0.2,0,0,0,0,17-AUG-2016,
OPTSTK,TECHM,27-Oct-2016,640,CE,0,0,0,0.7,0.1,0,0,0,0,17-AUG-2016,
OPTSTK,TECHM,27-Oct-2016,650,CE,0,0,0,0.5,0.1,0,0,0,0,17-AUG-2016,
OPTSTK,TECHM,27-Oct-2016,340,PE,0,0,0,0.05,0.05,0,0,0,0,17-AUG-2016,
OPTSTK,TECHM,27-Oct-2016,350,PE,0,0,0,0.1,0.05,0,0,0,0,17-AUG-2016,
OPTSTK,TECHM,27-Oct-2016,360,PE,0,0,0,0.15,0.1,0,0,0,0,17-AUG-2016,
OPTSTK,TECHM,27-Oct-2016,370,PE,0,0,0,0.3,0.15,0,0,0,0,17-AUG-2016,
OPTSTK,TECHM,27-Oct-2016,380,PE,0,0,0,0.5,0.3,0,0,0,0,17-AUG-2016,
OPTSTK,TECHM,27-Oct-2016,390,PE,0,0,0,0.8,0.6,0,0,0,0,17-AUG-2016,
OPTSTK,TECHM,27-Oct-2016,400,PE,0,0,0,1.3,1,0,0,0,0,17-AUG-2016,
OPTSTK,TECHM,27-Oct-2016,410,PE,0,0,0,2.05,1.7,0,0,0,0,17-AUG-2016,
OPTSTK,TECHM,27-Oct-2016,420,PE,0,0,0,3.05,2.7,0,0,0,0,17-AUG-2016,
OPTSTK,TECHM,27-Oct-2016,430,PE,0,0,0,4.45,4.15,0,0,0,0,17-AUG-2016,
OPTSTK,TECHM,27-Oct-2016,440,PE,0,0,0,6.25,6.1,0,0,0,0,17-AUG-2016,
OPTSTK,TECHM,27-Oct-2016,450,PE,0,0,0,8.55,8.65,0,0,0,0,17-AUG-2016,
OPTSTK,TECHM,27-Oct-2016,460,PE,0,0,0,11.3,11.9,0,0,0,0,17-AUG-2016,
OPTSTK,TECHM,27-Oct-2016,470,PE,0,0,0,14.7,15.9,0,0,0,0,17-AUG-2016,
OPTSTK,TECHM,27-Oct-2016,480,PE,0,0,0,18.75,20.6,0,0,0,0,17-AUG-2016,
OPTSTK,TECHM,27-Oct-2016,490,PE,0,0,0,23.35,26,0,0,0,0,17-AUG-2016,
OPTSTK,TECHM,27-Oct-2016,500,PE,0,0,0,28.55,32.15,0,0,0,0,17-AUG-2016,
OPTSTK,TECHM,27-Oct-2016,510,PE,0,0,0,34.4,38.95,0,0,0,0,17-AUG-2016,
OPTSTK,TECHM,27-Oct-2016,520,PE,0,0,0,40.75,46.35,0,0,0,0,17-AUG-2016,
OPTSTK,TECHM,27-Oct-2016,530,PE,0,0,0,47.65,54.2,0,0,0,0,17-AUG-2016,
OPTSTK,TECHM,27-Oct-2016,540,PE,0,0,0,55.05,62.55,0,0,0,0,17-AUG-2016,
OPTSTK,TECHM,27-Oct-2016,550,PE,0,0,0,62.85,71.2,0,0,0,0,17-AUG-2016,
OPTSTK,TECHM,27-Oct-2016,560,PE,0,0,0,71,80.2,0,0,0,0,17-AUG-2016,
OPTSTK,TECHM,27-Oct-2016,570,PE,0,0,0,79.45,89.4,0,0,0,0,17-AUG-2016,
OPTSTK,TECHM,27-Oct-2016,580,PE,0,0,0,88.2,98.75,0,0,0,0,17-AUG-2016,
OPTSTK,TECHM,27-Oct-2016,590,PE,0,0,0,97.15,108.3,0,0,0,0,17-AUG-2016,
OPTSTK,TECHM,27-Oct-2016,600,PE,0,0,0,106.3,117.9,0,0,0,0,17-AUG-2016,
OPTSTK,TECHM,27-Oct-2016,610,PE,0,0,0,115.6,127.6,0,0,0,0,17-AUG-2016,
OPTSTK,TECHM,27-Oct-2016,620,PE,0,0,0,125,137.35,0,0,0,0,17-AUG-2016,
OPTSTK,TECHM,27-Oct-2016,630,PE,0,0,0,134.55,147.15,0,0,0,0,17-AUG-2016,
OPTSTK,TECHM,27-Oct-2016,640,PE,0,0,0,144.15,156.95,0,0,0,0,17-AUG-2016,
OPTSTK,TECHM,27-Oct-2016,650,PE,0,0,0,153.8,166.75,0,0,0,0,17-AUG-2016,
OPTSTK,TITAN,25-Aug-2016,240,CE,0,0,0,126.2,165.05,0,0,0,0,17-AUG-2016,
OPTSTK,TITAN,25-Aug-2016,250,CE,0,0,0,116.4,155.05,0,0,0,0,17-AUG-2016,
OPTSTK,TITAN,25-Aug-2016,260,CE,0,0,0,106.65,145.05,0,0,0,0,17-AUG-2016,
OPTSTK,TITAN,25-Aug-2016,270,CE,0,0,0,96.95,135.05,0,0,0,0,17-AUG-2016,
OPTSTK,TITAN,25-Aug-2016,280,CE,0,0,0,87.4,125.1,0,0,0,0,17-AUG-2016,
OPTSTK,TITAN,25-Aug-2016,290,CE,0,0,0,78,115.1,0,0,0,0,17-AUG-2016,
OPTSTK,TITAN,25-Aug-2016,300,CE,0,0,0,68.85,105.1,0,0,0,0,17-AUG-2016,
OPTSTK,TITAN,25-Aug-2016,310,CE,0,0,0,60.05,95.15,0,0,0,0,17-AUG-2016,
OPTSTK,TITAN,25-Aug-2016,320,CE,0,0,0,51.75,85.15,0,0,0,0,17-AUG-2016,
OPTSTK,TITAN,25-Aug-2016,330,CE,0,0,0,43.95,75.15,0,0,0,0,17-AUG-2016,
OPTSTK,TITAN,25-Aug-2016,340,CE,0,0,0,36.85,65.2,0,0,0,0,17-AUG-2016,
OPTSTK,TITAN,25-Aug-2016,350,CE,0,0,0,52,55.2,0,0,0,0,17-AUG-2016,
OPTSTK,TITAN,25-Aug-2016,360,CE,0,0,0,36,45.2,0,0,3000,0,17-AUG-2016,
OPTSTK,TITAN,25-Aug-2016,370,CE,0,0,0,43,35.3,0,0,3000,0,17-AUG-2016,
OPTSTK,TITAN,25-Aug-2016,380,CE,0,0,0,38,25.6,0,0,1500,0,17-AUG-2016,
OPTSTK,TITAN,25-Aug-2016,390,CE,0,0,0,30,16.65,0,0,1500,0,17-AUG-2016,
OPTSTK,TITAN,25-Aug-2016,400,CE,11.7,12.8,8.5,8.5,8.5,6,36.99,60000,-1500,17-AUG-2016,
OPTSTK,TITAN,25-Aug-2016,410,CE,4.5,7.5,4.3,5.35,5.35,41,255.6,69000,4500,17-AUG-2016,
OPTSTK,TITAN,25-Aug-2016,420,CE,2.7,3.5,2,2.4,2.4,64,405.75,138000,-6000,17-AUG-2016,
OPTSTK,TITAN,25-Aug-2016,430,CE,1,1.5,0.7,1.15,1.15,12,77.6,126000,0,17-AUG-2016,
OPTSTK,TITAN,25-Aug-2016,440,CE,0.5,0.5,0.5,0.5,0.5,2,13.21,70500,0,17-AUG-2016,
OPTSTK,TITAN,25-Aug-2016,450,CE,0,0,0,0.15,0.05,0,0,39000,0,17-AUG-2016,
OPTSTK,TITAN,25-Aug-2016,460,CE,0.2,0.2,0.2,0.2,0.2,1,6.9,37500,-1500,17-AUG-2016,
OPTSTK,TITAN,25-Aug-2016,470,CE,0.25,0.25,0.25,0.25,0.25,1,7.05,22500,0,17-AUG-2016,
OPTSTK,TITAN,25-Aug-2016,480,CE,0,0,0,0.3,0,0,0,42000,0,17-AUG-2016,
OPTSTK,TITAN,25-Aug-2016,490,CE,0,0,0,0.2,0,0,0,3000,0,17-AUG-2016,
OPTSTK,TITAN,25-Aug-2016,500,CE,0,0,0,0.4,0,0,0,1500,0,17-AUG-2016,
OPTSTK,TITAN,25-Aug-2016,510,CE,0,0,0,0.05,0,0,0,0,0,17-AUG-2016,
OPTSTK,TITAN,25-Aug-2016,240,PE,0,0,0,0.05,0,0,0,0,0,17-AUG-2016,
OPTSTK,TITAN,25-Aug-2016,250,PE,0,0,0,0.05,0,0,0,0,0,17-AUG-2016,
OPTSTK,TITAN,25-Aug-2016,260,PE,0,0,0,0.1,0,0,0,0,0,17-AUG-2016,
OPTSTK,TITAN,25-Aug-2016,270,PE,0,0,0,0.25,0,0,0,0,0,17-AUG-2016,
OPTSTK,TITAN,25-Aug-2016,280,PE,0,0,0,0.5,0,0,0,0,0,17-AUG-2016,
OPTSTK,TITAN,25-Aug-2016,290,PE,0,0,0,0.9,0,0,0,0,0,17-AUG-2016,
OPTSTK,TITAN,25-Aug-2016,300,PE,0,0,0,1.6,0,0,0,0,0,17-AUG-2016,
OPTSTK,TITAN,25-Aug-2016,310,PE,0,0,0,2.6,0,0,0,0,0,17-AUG-2016,
OPTSTK,TITAN,25-Aug-2016,320,PE,0,0,0,4.1,0,0,0,0,0,17-AUG-2016,
OPTSTK,TITAN,25-Aug-2016,330,PE,0,0,0,6.2,0,0,0,0,0,17-AUG-2016,
OPTSTK,TITAN,25-Aug-2016,340,PE,0,0,0,8.9,0,0,0,0,0,17-AUG-2016,
OPTSTK,TITAN,25-Aug-2016,350,PE,0,0,0,12.3,0,0,0,0,0,17-AUG-2016,
OPTSTK,TITAN,25-Aug-2016,360,PE,0,0,0,0.65,0.05,0,0,6000,0,17-AUG-2016,
OPTSTK,TITAN,25-Aug-2016,370,PE,0.1,0.1,0.1,0.1,0.1,2,11.1,34500,0,17-AUG-2016,
OPTSTK,TITAN,25-Aug-2016,380,PE,0.95,0.95,0.95,0.95,0.95,1,5.71,42000,0,17-AUG-2016,
OPTSTK,TITAN,25-Aug-2016,390,PE,2.5,2.5,1.45,2,2,5,29.39,57000,-1500,17-AUG-2016,
OPTSTK,TITAN,25-Aug-2016,400,PE,5,5.3,3.1,4.05,4.05,24,145.51,90000,1500,17-AUG-2016,
OPTSTK,TITAN,25-Aug-2016,410,PE,9,10,7.6,10,10,7,43.96,36000,0,17-AUG-2016,
OPTSTK,TITAN,25-Aug-2016,420,PE,15.65,15.8,15.65,15.8,15.8,2,13.07,45000,-1500,17-AUG-2016,
OPTSTK,TITAN,25-Aug-2016,430,PE,0,0,0,27,25.25,0,0,6000,0,17-AUG-2016,
OPTSTK,TITAN,25-Aug-2016,440,PE,0,0,0,35,34.85,0,0,4500,0,17-AUG-2016,
OPTSTK,TITAN,25-Aug-2016,450,PE,0,0,0,82.2,44.7,0,0,0,0,17-AUG-2016,
OPTSTK,TITAN,25-Aug-2016,460,PE,0,0,0,44.55,54.7,0,0,1500,0,17-AUG-2016,
OPTSTK,TITAN,25-Aug-2016,470,PE,0,0,0,100.8,64.65,0,0,0,0,17-AUG-2016,
OPTSTK,TITAN,25-Aug-2016,480,PE,0,0,0,110.3,74.65,0,0,0,0,17-AUG-2016,
OPTSTK,TITAN,25-Aug-2016,490,PE,0,0,0,119.9,84.65,0,0,0,0,17-AUG-2016,
OPTSTK,TITAN,25-Aug-2016,500,PE,0,0,0,129.55,94.6,0,0,0,0,17-AUG-2016,
OPTSTK,TITAN,25-Aug-2016,510,PE,0,0,0,135.8,104.6,0,0,0,0,17-AUG-2016,
OPTSTK,TITAN,29-Sep-2016,250,CE,0,0,0,160.7,156.7,0,0,0,0,17-AUG-2016,
OPTSTK,TITAN,29-Sep-2016,260,CE,0,0,0,150.85,146.75,0,0,0,0,17-AUG-2016,
OPTSTK,TITAN,29-Sep-2016,270,CE,0,0,0,141.05,136.85,0,0,0,0,17-AUG-2016,
OPTSTK,TITAN,29-Sep-2016,280,CE,0,0,0,131.2,126.95,0,0,0,0,17-AUG-2016,
OPTSTK,TITAN,29-Sep-2016,290,CE,0,0,0,121.4,117,0,0,0,0,17-AUG-2016,
OPTSTK,TITAN,29-Sep-2016,300,CE,0,0,0,111.6,107.1,0,0,0,0,17-AUG-2016,
OPTSTK,TITAN,29-Sep-2016,310,CE,0,0,0,101.85,97.2,0,0,0,0,17-AUG-2016,
OPTSTK,TITAN,29-Sep-2016,320,CE,0,0,0,92.2,87.3,0,0,0,0,17-AUG-2016,
OPTSTK,TITAN,29-Sep-2016,330,CE,0,0,0,82.65,77.45,0,0,0,0,17-AUG-2016,
OPTSTK,TITAN,29-Sep-2016,340,CE,0,0,0,73.25,67.75,0,0,0,0,17-AUG-2016,
OPTSTK,TITAN,29-Sep-2016,350,CE,0,0,0,64.2,58.2,0,0,0,0,17-AUG-2016,
OPTSTK,TITAN,29-Sep-2016,360,CE,0,0,0,40,49,0,0,1500,0,17-AUG-2016,
OPTSTK,TITAN,29-Sep-2016,370,CE,0,0,0,32,40.35,0,0,1500,0,17-AUG-2016,
OPTSTK,TITAN,29-Sep-2016,380,CE,0,0,0,39.75,32.35,0,0,0,0,17-AUG-2016,
OPTSTK,TITAN,29-Sep-2016,390,CE,0,0,0,32.8,25.2,0,0,0,0,17-AUG-2016,
OPTSTK,TITAN,29-Sep-2016,400,CE,0,0,0,26.65,19.05,0,0,0,0,17-AUG-2016,
OPTSTK,TITAN,29-Sep-2016,410,CE,13.5,13.5,13.5,13.5,13.5,1,6.35,3000,1500,17-AUG-2016,
OPTSTK,TITAN,29-Sep-2016,420,CE,0,0,0,6.5,9.9,0,0,1500,0,17-AUG-2016,
OPTSTK,TITAN,29-Sep-2016,430,CE,0,0,0,12.95,6.8,0,0,0,0,17-AUG-2016,
OPTSTK,TITAN,29-Sep-2016,440,CE,0,0,0,9.85,4.55,0,0,0,0,17-AUG-2016,
OPTSTK,TITAN,29-Sep-2016,450,CE,0,0,0,7.4,2.95,0,0,0,0,17-AUG-2016,
OPTSTK,TITAN,29-Sep-2016,460,CE,0,0,0,5.4,1.85,0,0,0,0,17-AUG-2016,
OPTSTK,TITAN,29-Sep-2016,470,CE,0,0,0,3.95,1.1,0,0,0,0,17-AUG-2016,
OPTSTK,TITAN,29-Sep-2016,480,CE,0,0,0,1.95,0.65,0,0,1500,0,17-AUG-2016,
OPTSTK,TITAN,29-Sep-2016,490,CE,0,0,0,2,0.4,0,0,0,0,17-AUG-2016,
OPTSTK,TITAN,29-Sep-2016,500,CE,0,0,0,1.35,0.2,0,0,0,0,17-AUG-2016,
OPTSTK,TITAN,29-Sep-2016,510,CE,0,0,0,0.95,0.15,0,0,0,0,17-AUG-2016,
OPTSTK,TITAN,29-Sep-2016,250,PE,0,0,0,0.05,0,0,0,0,0,17-AUG-2016,
OPTSTK,TITAN,29-Sep-2016,260,PE,0,0,0,0.05,0,0,0,0,0,17-AUG-2016,
OPTSTK,TITAN,29-Sep-2016,270,PE,0,0,0,0.05,0,0,0,0,0,17-AUG-2016,
OPTSTK,TITAN,29-Sep-2016,280,PE,0,0,0,0.05,0,0,0,0,0,17-AUG-2016,
OPTSTK,TITAN,29-Sep-2016,290,PE,0,0,0,0.05,0,0,0,0,0,17-AUG-2016,
OPTSTK,TITAN,29-Sep-2016,300,PE,0,0,0,0.05,0,0,0,0,0,17-AUG-2016,
OPTSTK,TITAN,29-Sep-2016,310,PE,0,0,0,0.15,0.05,0,0,0,0,17-AUG-2016,
OPTSTK,TITAN,29-Sep-2016,320,PE,0,0,0,0.3,0.05,0,0,0,0,17-AUG-2016,
OPTSTK,TITAN,29-Sep-2016,330,PE,0,0,0,0.55,0.15,0,0,0,0,17-AUG-2016,
OPTSTK,TITAN,29-Sep-2016,340,PE,0,0,0,1,0.35,0,0,0,0,17-AUG-2016,
OPTSTK,TITAN,29-Sep-2016,350,PE,0,0,0,1.75,0.7,0,0,0,0,17-AUG-2016,
OPTSTK,TITAN,29-Sep-2016,360,PE,0,0,0,2.9,1.45,0,0,0,0,17-AUG-2016,
OPTSTK,TITAN,29-Sep-2016,370,PE,0,0,0,2.7,2.7,0,0,4500,0,17-AUG-2016,
OPTSTK,TITAN,29-Sep-2016,380,PE,0,0,0,5,4.6,0,0,1500,0,17-AUG-2016,
OPTSTK,TITAN,29-Sep-2016,390,PE,0,0,0,8,7.4,0,0,1500,0,17-AUG-2016,
OPTSTK,TITAN,29-Sep-2016,400,PE,8.9,9.1,8.9,9.1,9.1,2,12.27,1500,1500,17-AUG-2016,
OPTSTK,TITAN,29-Sep-2016,410,PE,0,0,0,17.85,16,0,0,0,0,17-AUG-2016,
OPTSTK,TITAN,29-Sep-2016,420,PE,0,0,0,23.1,21.85,0,0,0,0,17-AUG-2016,
OPTSTK,TITAN,29-Sep-2016,430,PE,0,0,0,29.1,28.7,0,0,0,0,17-AUG-2016,
OPTSTK,TITAN,29-Sep-2016,440,PE,0,0,0,35.8,36.35,0,0,0,0,17-AUG-2016,
OPTSTK,TITAN,29-Sep-2016,450,PE,0,0,0,43.2,44.65,0,0,0,0,17-AUG-2016,
OPTSTK,TITAN,29-Sep-2016,460,PE,0,0,0,51.05,53.45,0,0,0,0,17-AUG-2016,
OPTSTK,TITAN,29-Sep-2016,470,PE,0,0,0,59.4,62.65,0,0,0,0,17-AUG-2016,
OPTSTK,TITAN,29-Sep-2016,480,PE,0,0,0,68.05,72.15,0,0,0,0,17-AUG-2016,
OPTSTK,TITAN,29-Sep-2016,490,PE,0,0,0,77.05,81.75,0,0,0,0,17-AUG-2016,
OPTSTK,TITAN,29-Sep-2016,500,PE,0,0,0,86.3,91.5,0,0,0,0,17-AUG-2016,
OPTSTK,TITAN,29-Sep-2016,510,PE,0,0,0,95.7,101.35,0,0,0,0,17-AUG-2016,
OPTSTK,TITAN,27-Oct-2016,270,CE,0,0,0,161.25,138.25,0,0,0,0,17-AUG-2016,
OPTSTK,TITAN,27-Oct-2016,280,CE,0,0,0,151.45,128.4,0,0,0,0,17-AUG-2016,
OPTSTK,TITAN,27-Oct-2016,290,CE,0,0,0,141.6,118.55,0,0,0,0,17-AUG-2016,
OPTSTK,TITAN,27-Oct-2016,300,CE,0,0,0,131.8,108.7,0,0,0,0,17-AUG-2016,
OPTSTK,TITAN,27-Oct-2016,310,CE,0,0,0,122,98.95,0,0,0,0,17-AUG-2016,
OPTSTK,TITAN,27-Oct-2016,320,CE,0,0,0,112.2,89.2,0,0,0,0,17-AUG-2016,
OPTSTK,TITAN,27-Oct-2016,330,CE,0,0,0,102.5,79.65,0,0,0,0,17-AUG-2016,
OPTSTK,TITAN,27-Oct-2016,340,CE,0,0,0,92.85,70.25,0,0,0,0,17-AUG-2016,
OPTSTK,TITAN,27-Oct-2016,350,CE,0,0,0,83.35,61.2,0,0,0,0,17-AUG-2016,
OPTSTK,TITAN,27-Oct-2016,360,CE,0,0,0,74.05,52.6,0,0,0,0,17-AUG-2016,
OPTSTK,TITAN,27-Oct-2016,370,CE,0,0,0,65.1,44.45,0,0,0,0,17-AUG-2016,
OPTSTK,TITAN,27-Oct-2016,380,CE,0,0,0,56.5,37,0,0,0,0,17-AUG-2016,
OPTSTK,TITAN,27-Oct-2016,390,CE,0,0,0,48.45,30.3,0,0,0,0,17-AUG-2016,
OPTSTK,TITAN,27-Oct-2016,400,CE,0,0,0,40.95,24.35,0,0,0,0,17-AUG-2016,
OPTSTK,TITAN,27-Oct-2016,410,CE,0,0,0,34.1,19.25,0,0,0,0,17-AUG-2016,
OPTSTK,TITAN,27-Oct-2016,420,CE,0,0,0,28,14.9,0,0,0,0,17-AUG-2016,
OPTSTK,TITAN,27-Oct-2016,430,CE,0,0,0,22.65,11.35,0,0,0,0,17-AUG-2016,
OPTSTK,TITAN,27-Oct-2016,440,CE,0,0,0,18.05,8.5,0,0,0,0,17-AUG-2016,
OPTSTK,TITAN,27-Oct-2016,450,CE,0,0,0,14.15,6.25,0,0,0,0,17-AUG-2016,
OPTSTK,TITAN,27-Oct-2016,460,CE,0,0,0,10.95,4.55,0,0,0,0,17-AUG-2016,
OPTSTK,TITAN,27-Oct-2016,470,CE,0,0,0,8.35,3.25,0,0,0,0,17-AUG-2016,
OPTSTK,TITAN,27-Oct-2016,480,CE,0,0,0,6.25,2.25,0,0,0,0,17-AUG-2016,
OPTSTK,TITAN,27-Oct-2016,490,CE,0,0,0,4.65,1.55,0,0,0,0,17-AUG-2016,
OPTSTK,TITAN,27-Oct-2016,500,CE,0,0,0,3.4,1.05,0,0,0,0,17-AUG-2016,
OPTSTK,TITAN,27-Oct-2016,510,CE,0,0,0,2.45,0.7,0,0,0,0,17-AUG-2016,
OPTSTK,TITAN,27-Oct-2016,270,PE,0,0,0,0.05,0,0,0,0,0,17-AUG-2016,
OPTSTK,TITAN,27-Oct-2016,280,PE,0,0,0,0.05,0.05,0,0,0,0,17-AUG-2016,
OPTSTK,TITAN,27-Oct-2016,290,PE,0,0,0,0.05,0.05,0,0,0,0,17-AUG-2016,
OPTSTK,TITAN,27-Oct-2016,300,PE,0,0,0,0.05,0.05,0,0,0,0,17-AUG-2016,
OPTSTK,TITAN,27-Oct-2016,310,PE,0,0,0,0.05,0.15,0,0,0,0,17-AUG-2016,
OPTSTK,TITAN,27-Oct-2016,320,PE,0,0,0,0.1,0.3,0,0,0,0,17-AUG-2016,
OPTSTK,TITAN,27-Oct-2016,330,PE,0,0,0,0.2,0.6,0,0,0,0,17-AUG-2016,
OPTSTK,TITAN,27-Oct-2016,340,PE,0,0,0,0.4,1.1,0,0,0,0,17-AUG-2016,
OPTSTK,TITAN,27-Oct-2016,350,PE,0,0,0,0.75,1.9,0,0,0,0,17-AUG-2016,
OPTSTK,TITAN,27-Oct-2016,360,PE,0,0,0,1.3,3.15,0,0,0,0,17-AUG-2016,
OPTSTK,TITAN,27-Oct-2016,370,PE,0,0,0,2.15,4.9,0,0,0,0,17-AUG-2016,
OPTSTK,TITAN,27-Oct-2016,380,PE,0,0,0,3.4,7.3,0,0,0,0,17-AUG-2016,
OPTSTK,TITAN,27-Oct-2016,390,PE,0,0,0,5.15,10.45,0,0,0,0,17-AUG-2016,
OPTSTK,TITAN,27-Oct-2016,400,PE,0,0,0,7.5,14.35,0,0,0,0,17-AUG-2016,
OPTSTK,TITAN,27-Oct-2016,410,PE,0,0,0,10.45,19.1,0,0,0,0,17-AUG-2016,
OPTSTK,TITAN,27-Oct-2016,420,PE,0,0,0,14.2,24.65,0,0,0,0,17-AUG-2016,
OPTSTK,TITAN,27-Oct-2016,430,PE,0,0,0,18.65,31,0,0,0,0,17-AUG-2016,
OPTSTK,TITAN,27-Oct-2016,440,PE,0,0,0,23.85,38,0,0,0,0,17-AUG-2016,
OPTSTK,TITAN,27-Oct-2016,450,PE,0,0,0,29.8,45.6,0,0,0,0,17-AUG-2016,
OPTSTK,TITAN,27-Oct-2016,460,PE,0,0,0,36.45,53.75,0,0,0,0,17-AUG-2016,
OPTSTK,TITAN,27-Oct-2016,470,PE,0,0,0,43.65,62.3,0,0,0,0,17-AUG-2016,
OPTSTK,TITAN,27-Oct-2016,480,PE,0,0,0,51.4,71.2,0,0,0,0,17-AUG-2016,
OPTSTK,TITAN,27-Oct-2016,490,PE,0,0,0,59.6,80.4,0,0,0,0,17-AUG-2016,
OPTSTK,TITAN,27-Oct-2016,500,PE,0,0,0,68.2,89.75,0,0,0,0,17-AUG-2016,
OPTSTK,TITAN,27-Oct-2016,510,PE,0,0,0,77.1,99.25,0,0,0,0,17-AUG-2016,
OPTSTK,TORNTPHARM,25-Aug-2016,950,CE,0,0,0,449.65,557,0,0,0,0,17-AUG-2016,
OPTSTK,TORNTPHARM,25-Aug-2016,1000,CE,0,0,0,401.05,507.05,0,0,0,0,17-AUG-2016,
OPTSTK,TORNTPHARM,25-Aug-2016,1050,CE,0,0,0,353.15,457.15,0,0,0,0,17-AUG-2016,
OPTSTK,TORNTPHARM,25-Aug-2016,1100,CE,0,0,0,306.35,407.2,0,0,0,0,17-AUG-2016,
OPTSTK,TORNTPHARM,25-Aug-2016,1150,CE,0,0,0,261.4,357.3,0,0,0,0,17-AUG-2016,
OPTSTK,TORNTPHARM,25-Aug-2016,1200,CE,0,0,0,219,307.35,0,0,0,0,17-AUG-2016,
OPTSTK,TORNTPHARM,25-Aug-2016,1250,CE,0,0,0,179.95,257.45,0,0,0,0,17-AUG-2016,
OPTSTK,TORNTPHARM,25-Aug-2016,1300,CE,0,0,0,144.8,207.5,0,0,0,0,17-AUG-2016,
OPTSTK,TORNTPHARM,25-Aug-2016,1350,CE,0,0,0,114.15,157.65,0,0,0,0,17-AUG-2016,
OPTSTK,TORNTPHARM,25-Aug-2016,1400,CE,0,0,0,110.95,108.65,0,0,800,0,17-AUG-2016,
OPTSTK,TORNTPHARM,25-Aug-2016,1450,CE,0,0,0,60.2,63.7,0,0,3200,0,17-AUG-2016,
OPTSTK,TORNTPHARM,25-Aug-2016,1500,CE,25,25,24.8,24.8,24.8,3,18.29,5200,400,17-AUG-2016,
OPTSTK,TORNTPHARM,25-Aug-2016,1550,CE,0,0,0,8,10,0,0,4800,0,17-AUG-2016,
OPTSTK,TORNTPHARM,25-Aug-2016,1600,CE,0,0,0,1.5,2.4,0,0,4000,0,17-AUG-2016,
OPTSTK,TORNTPHARM,25-Aug-2016,1650,CE,0,0,0,17.95,0.4,0,0,0,0,17-AUG-2016,
OPTSTK,TORNTPHARM,25-Aug-2016,1700,CE,0,0,0,12.35,0.05,0,0,0,0,17-AUG-2016,
OPTSTK,TORNTPHARM,25-Aug-2016,1750,CE,0,0,0,8.35,0,0,0,0,0,17-AUG-2016,
OPTSTK,TORNTPHARM,25-Aug-2016,1800,CE,0,0,0,5.6,0,0,0,0,0,17-AUG-2016,
OPTSTK,TORNTPHARM,25-Aug-2016,1850,CE,0,0,0,3.7,0,0,0,0,0,17-AUG-2016,
OPTSTK,TORNTPHARM,25-Aug-2016,950,PE,0,0,0,0.3,0,0,0,0,0,17-AUG-2016,
OPTSTK,TORNTPHARM,25-Aug-2016,1000,PE,0,0,0,0.85,0,0,0,0,0,17-AUG-2016,
OPTSTK,TORNTPHARM,25-Aug-2016,1050,PE,0,0,0,2,0,0,0,0,0,17-AUG-2016,
OPTSTK,TORNTPHARM,25-Aug-2016,1100,PE,0,0,0,4.35,0,0,0,0,0,17-AUG-2016,
OPTSTK,TORNTPHARM,25-Aug-2016,1150,PE,0,0,0,8.5,0,0,0,0,0,17-AUG-2016,
OPTSTK,TORNTPHARM,25-Aug-2016,1200,PE,0,0,0,15.2,0,0,0,0,0,17-AUG-2016,
OPTSTK,TORNTPHARM,25-Aug-2016,1250,PE,0,0,0,25.25,0,0,0,0,0,17-AUG-2016,
OPTSTK,TORNTPHARM,25-Aug-2016,1300,PE,0,0,0,8.55,0,0,0,1200,0,17-AUG-2016,
OPTSTK,TORNTPHARM,25-Aug-2016,1350,PE,0,0,0,0.65,0.1,0,0,2800,0,17-AUG-2016,
OPTSTK,TORNTPHARM,25-Aug-2016,1400,PE,0,0,0,6.25,1,0,0,2800,0,17-AUG-2016,
OPTSTK,TORNTPHARM,25-Aug-2016,1450,PE,0,0,0,36.1,6,0,0,1200,0,17-AUG-2016,
OPTSTK,TORNTPHARM,25-Aug-2016,1500,PE,0,0,0,26.3,21.6,0,0,1600,0,17-AUG-2016,
OPTSTK,TORNTPHARM,25-Aug-2016,1550,PE,0,0,0,175.85,52.15,0,0,0,0,17-AUG-2016,
OPTSTK,TORNTPHARM,25-Aug-2016,1600,PE,0,0,0,214.65,94.45,0,0,0,0,17-AUG-2016,
OPTSTK,TORNTPHARM,25-Aug-2016,1650,PE,0,0,0,256.1,142.4,0,0,0,0,17-AUG-2016,
OPTSTK,TORNTPHARM,25-Aug-2016,1700,PE,0,0,0,299.6,191.95,0,0,0,0,17-AUG-2016,
OPTSTK,TORNTPHARM,25-Aug-2016,1750,PE,0,0,0,344.75,241.85,0,0,0,0,17-AUG-2016,
OPTSTK,TORNTPHARM,25-Aug-2016,1800,PE,0,0,0,391.05,291.8,0,0,0,0,17-AUG-2016,
OPTSTK,TORNTPHARM,25-Aug-2016,1850,PE,0,0,0,438.25,341.7,0,0,0,0,17-AUG-2016,
OPTSTK,TORNTPHARM,29-Sep-2016,950,CE,0,0,0,439.7,563.25,0,0,0,0,17-AUG-2016,
OPTSTK,TORNTPHARM,29-Sep-2016,1000,CE,0,0,0,390.7,513.65,0,0,0,0,17-AUG-2016,
OPTSTK,TORNTPHARM,29-Sep-2016,1050,CE,0,0,0,342,464.05,0,0,0,0,17-AUG-2016,
OPTSTK,TORNTPHARM,29-Sep-2016,1100,CE,0,0,0,293.95,414.5,0,0,0,0,17-AUG-2016,
OPTSTK,TORNTPHARM,29-Sep-2016,1150,CE,0,0,0,247.15,364.95,0,0,0,0,17-AUG-2016,
OPTSTK,TORNTPHARM,29-Sep-2016,1200,CE,0,0,0,202.65,315.65,0,0,0,0,17-AUG-2016,
OPTSTK,TORNTPHARM,29-Sep-2016,1250,CE,0,0,0,161.5,266.85,0,0,0,0,17-AUG-2016,
OPTSTK,TORNTPHARM,29-Sep-2016,1300,CE,0,0,0,124.7,219.4,0,0,0,0,17-AUG-2016,
OPTSTK,TORNTPHARM,29-Sep-2016,1350,CE,0,0,0,93.15,174.35,0,0,0,0,17-AUG-2016,
OPTSTK,TORNTPHARM,29-Sep-2016,1400,CE,0,0,0,67.3,133.15,0,0,0,0,17-AUG-2016,
OPTSTK,TORNTPHARM,29-Sep-2016,1450,CE,0,0,0,46.95,97.2,0,0,0,0,17-AUG-2016,
OPTSTK,TORNTPHARM,29-Sep-2016,1500,CE,0,0,0,31.65,67.65,0,0,0,0,17-AUG-2016,
OPTSTK,TORNTPHARM,29-Sep-2016,1550,CE,0,0,0,20.7,44.75,0,0,0,0,17-AUG-2016,
OPTSTK,TORNTPHARM,29-Sep-2016,1600,CE,0,0,0,13.1,28.1,0,0,0,0,17-AUG-2016,
OPTSTK,TORNTPHARM,29-Sep-2016,1650,CE,0,0,0,8,16.8,0,0,0,0,17-AUG-2016,
OPTSTK,TORNTPHARM,29-Sep-2016,1700,CE,0,0,0,4.8,9.55,0,0,0,0,17-AUG-2016,
OPTSTK,TORNTPHARM,29-Sep-2016,1750,CE,0,0,0,2.75,5.15,0,0,0,0,17-AUG-2016,
OPTSTK,TORNTPHARM,29-Sep-2016,1800,CE,0,0,0,1.55,2.65,0,0,0,0,17-AUG-2016,
OPTSTK,TORNTPHARM,29-Sep-2016,1850,CE,0,0,0,0.85,1.3,0,0,0,0,17-AUG-2016,
OPTSTK,TORNTPHARM,29-Sep-2016,950,PE,0,0,0,0.05,0,0,0,0,0,17-AUG-2016,
OPTSTK,TORNTPHARM,29-Sep-2016,1000,PE,0,0,0,0.2,0,0,0,0,0,17-AUG-2016,
OPTSTK,TORNTPHARM,29-Sep-2016,1050,PE,0,0,0,0.6,0,0,0,0,0,17-AUG-2016,
OPTSTK,TORNTPHARM,29-Sep-2016,1100,PE,0,0,0,1.65,0.05,0,0,0,0,17-AUG-2016,
OPTSTK,TORNTPHARM,29-Sep-2016,1150,PE,0,0,0,4,0.1,0,0,0,0,17-AUG-2016,
OPTSTK,TORNTPHARM,29-Sep-2016,1200,PE,0,0,0,8.6,0.35,0,0,0,0,17-AUG-2016,
OPTSTK,TORNTPHARM,29-Sep-2016,1250,PE,0,0,0,16.55,1.2,0,0,0,0,17-AUG-2016,
OPTSTK,TORNTPHARM,29-Sep-2016,1300,PE,0,0,0,28.85,3.3,0,0,0,0,17-AUG-2016,
OPTSTK,TORNTPHARM,29-Sep-2016,1350,PE,0,0,0,46.45,7.85,0,0,0,0,17-AUG-2016,
OPTSTK,TORNTPHARM,29-Sep-2016,1400,PE,0,0,0,69.7,16.25,0,0,0,0,17-AUG-2016,
OPTSTK,TORNTPHARM,29-Sep-2016,1450,PE,0,0,0,98.45,29.95,0,0,0,0,17-AUG-2016,
OPTSTK,TORNTPHARM,29-Sep-2016,1500,PE,0,0,0,132.3,49.95,0,0,0,0,17-AUG-2016,
OPTSTK,TORNTPHARM,29-Sep-2016,1550,PE,0,0,0,170.45,76.65,0,0,0,0,17-AUG-2016,
OPTSTK,TORNTPHARM,29-Sep-2016,1600,PE,0,0,0,211.95,109.6,0,0,0,0,17-AUG-2016,
OPTSTK,TORNTPHARM,29-Sep-2016,1650,PE,0,0,0,256,147.9,0,0,0,0,17-AUG-2016,
OPTSTK,TORNTPHARM,29-Sep-2016,1700,PE,0,0,0,301.9,190.25,0,0,0,0,17-AUG-2016,
OPTSTK,TORNTPHARM,29-Sep-2016,1750,PE,0,0,0,349,235.45,0,0,0,0,17-AUG-2016,
OPTSTK,TORNTPHARM,29-Sep-2016,1800,PE,0,0,0,396.9,282.55,0,0,0,0,17-AUG-2016,
OPTSTK,TORNTPHARM,29-Sep-2016,1850,PE,0,0,0,445.35,330.8,0,0,0,0,17-AUG-2016,
OPTSTK,TORNTPHARM,27-Oct-2016,950,CE,0,0,0,503.5,568.25,0,0,0,0,17-AUG-2016,
OPTSTK,TORNTPHARM,27-Oct-2016,1000,CE,0,0,0,454.65,518.9,0,0,0,0,17-AUG-2016,
OPTSTK,TORNTPHARM,27-Oct-2016,1050,CE,0,0,0,406.15,469.65,0,0,0,0,17-AUG-2016,
OPTSTK,TORNTPHARM,27-Oct-2016,1100,CE,0,0,0,358.45,420.45,0,0,0,0,17-AUG-2016,
OPTSTK,TORNTPHARM,27-Oct-2016,1150,CE,0,0,0,311.95,371.6,0,0,0,0,17-AUG-2016,
OPTSTK,TORNTPHARM,27-Oct-2016,1200,CE,0,0,0,267.3,323.35,0,0,0,0,17-AUG-2016,
OPTSTK,TORNTPHARM,27-Oct-2016,1250,CE,0,0,0,225.25,276.35,0,0,0,0,17-AUG-2016,
OPTSTK,TORNTPHARM,27-Oct-2016,1300,CE,0,0,0,186.45,231.3,0,0,0,0,17-AUG-2016,
OPTSTK,TORNTPHARM,27-Oct-2016,1350,CE,0,0,0,151.45,189.15,0,0,0,0,17-AUG-2016,
OPTSTK,TORNTPHARM,27-Oct-2016,1400,CE,0,0,0,120.75,150.85,0,0,0,0,17-AUG-2016,
OPTSTK,TORNTPHARM,27-Oct-2016,1450,CE,0,0,0,94.45,117,0,0,0,0,17-AUG-2016,
OPTSTK,TORNTPHARM,27-Oct-2016,1500,CE,0,0,0,72.45,88.25,0,0,0,0,17-AUG-2016,
OPTSTK,TORNTPHARM,27-Oct-2016,1550,CE,0,0,0,54.6,64.75,0,0,0,0,17-AUG-2016,
OPTSTK,TORNTPHARM,27-Oct-2016,1600,CE,0,0,0,40.4,46.15,0,0,0,0,17-AUG-2016,
OPTSTK,TORNTPHARM,27-Oct-2016,1650,CE,0,0,0,29.4,32.05,0,0,0,0,17-AUG-2016,
OPTSTK,TORNTPHARM,27-Oct-2016,1700,CE,0,0,0,21.05,21.6,0,0,0,0,17-AUG-2016,
OPTSTK,TORNTPHARM,27-Oct-2016,1750,CE,0,0,0,14.85,14.2,0,0,0,0,17-AUG-2016,
OPTSTK,TORNTPHARM,27-Oct-2016,1800,CE,0,0,0,10.3,9.1,0,0,0,0,17-AUG-2016,
OPTSTK,TORNTPHARM,27-Oct-2016,1850,CE,0,0,0,7.05,5.7,0,0,0,0,17-AUG-2016,
OPTSTK,TORNTPHARM,27-Oct-2016,950,PE,0,0,0,0.15,0,0,0,0,0,17-AUG-2016,
OPTSTK,TORNTPHARM,27-Oct-2016,1000,PE,0,0,0,0.45,0.05,0,0,0,0,17-AUG-2016,
OPTSTK,TORNTPHARM,27-Oct-2016,1050,PE,0,0,0,1.1,0.1,0,0,0,0,17-AUG-2016,
OPTSTK,TORNTPHARM,27-Oct-2016,1100,PE,0,0,0,2.55,0.25,0,0,0,0,17-AUG-2016,
OPTSTK,TORNTPHARM,27-Oct-2016,1150,PE,0,0,0,5.2,0.7,0,0,0,0,17-AUG-2016,
OPTSTK,TORNTPHARM,27-Oct-2016,1200,PE,0,0,0,9.7,1.8,0,0,0,0,17-AUG-2016,
OPTSTK,TORNTPHARM,27-Oct-2016,1250,PE,0,0,0,16.8,4.15,0,0,0,0,17-AUG-2016,
OPTSTK,TORNTPHARM,27-Oct-2016,1300,PE,0,0,0,27.15,8.4,0,0,0,0,17-AUG-2016,
OPTSTK,TORNTPHARM,27-Oct-2016,1350,PE,0,0,0,41.25,15.6,0,0,0,0,17-AUG-2016,
OPTSTK,TORNTPHARM,27-Oct-2016,1400,PE,0,0,0,59.7,26.6,0,0,0,0,17-AUG-2016,
OPTSTK,TORNTPHARM,27-Oct-2016,1450,PE,0,0,0,82.55,42.1,0,0,0,0,17-AUG-2016,
OPTSTK,TORNTPHARM,27-Oct-2016,1500,PE,0,0,0,109.7,62.7,0,0,0,0,17-AUG-2016,
OPTSTK,TORNTPHARM,27-Oct-2016,1550,PE,0,0,0,140.95,88.5,0,0,0,0,17-AUG-2016,
OPTSTK,TORNTPHARM,27-Oct-2016,1600,PE,0,0,0,175.9,119.25,0,0,0,0,17-AUG-2016,
OPTSTK,TORNTPHARM,27-Oct-2016,1650,PE,0,0,0,214.1,154.5,0,0,0,0,17-AUG-2016,
OPTSTK,TORNTPHARM,27-Oct-2016,1700,PE,0,0,0,254.85,193.4,0,0,0,0,17-AUG-2016,
OPTSTK,TORNTPHARM,27-Oct-2016,1750,PE,0,0,0,297.8,235.3,0,0,0,0,17-AUG-2016,
OPTSTK,TORNTPHARM,27-Oct-2016,1800,PE,0,0,0,342.4,279.55,0,0,0,0,17-AUG-2016,
OPTSTK,TORNTPHARM,27-Oct-2016,1850,PE,0,0,0,388.3,325.5,0,0,0,0,17-AUG-2016,
OPTSTK,TV18BRDCST,25-Aug-2016,20,CE,0,0,0,20.55,19.15,0,0,0,0,17-AUG-2016,
OPTSTK,TV18BRDCST,25-Aug-2016,22.5,CE,0,0,0,18.1,16.65,0,0,0,0,17-AUG-2016,
OPTSTK,TV18BRDCST,25-Aug-2016,25,CE,0,0,0,15.65,14.15,0,0,0,0,17-AUG-2016,
OPTSTK,TV18BRDCST,25-Aug-2016,27.5,CE,0,0,0,13.25,11.65,0,0,0,0,17-AUG-2016,
OPTSTK,TV18BRDCST,25-Aug-2016,30,CE,0,0,0,10.95,9.15,0,0,0,0,17-AUG-2016,
OPTSTK,TV18BRDCST,25-Aug-2016,32.5,CE,0,0,0,8.85,6.65,0,0,0,0,17-AUG-2016,
OPTSTK,TV18BRDCST,25-Aug-2016,35,CE,0,0,0,6.9,4.2,0,0,0,0,17-AUG-2016,
OPTSTK,TV18BRDCST,25-Aug-2016,37.5,CE,2.8,2.8,1.7,2,2,11,74.12,170000,85000,17-AUG-2016,
OPTSTK,TV18BRDCST,25-Aug-2016,40,CE,0.55,0.7,0.5,0.55,0.55,89,614.14,3145000,68000,17-AUG-2016,
OPTSTK,TV18BRDCST,25-Aug-2016,42.5,CE,0.15,0.2,0.1,0.1,0.1,64,464.21,3264000,-17000,17-AUG-2016,
OPTSTK,TV18BRDCST,25-Aug-2016,45,CE,0,0,0,0.05,0.05,0,0,1938000,0,17-AUG-2016,
OPTSTK,TV18BRDCST,25-Aug-2016,47.5,CE,0,0,0,0.1,0,0,0,901000,0,17-AUG-2016,
OPTSTK,TV18BRDCST,25-Aug-2016,50,CE,0,0,0,0.05,0,0,0,884000,0,17-AUG-2016,
OPTSTK,TV18BRDCST,25-Aug-2016,52.5,CE,0,0,0,0.65,0,0,0,0,0,17-AUG-2016,
OPTSTK,TV18BRDCST,25-Aug-2016,55,CE,0,0,0,0.05,0,0,0,17000,0,17-AUG-2016,
OPTSTK,TV18BRDCST,25-Aug-2016,57.5,CE,0,0,0,0.3,0,0,0,0,0,17-AUG-2016,
OPTSTK,TV18BRDCST,25-Aug-2016,60,CE,0,0,0,0.2,0,0,0,0,0,17-AUG-2016,
OPTSTK,TV18BRDCST,25-Aug-2016,20,PE,0,0,0,0.05,0,0,0,0,0,17-AUG-2016,
OPTSTK,TV18BRDCST,25-Aug-2016,22.5,PE,0,0,0,0.05,0,0,0,0,0,17-AUG-2016,
OPTSTK,TV18BRDCST,25-Aug-2016,25,PE,0,0,0,0.05,0,0,0,0,0,17-AUG-2016,
OPTSTK,TV18BRDCST,25-Aug-2016,27.5,PE,0,0,0,0.1,0,0,0,0,0,17-AUG-2016,
OPTSTK,TV18BRDCST,25-Aug-2016,30,PE,0,0,0,0.05,0,0,0,17000,0,17-AUG-2016,
OPTSTK,TV18BRDCST,25-Aug-2016,32.5,PE,0,0,0,0.6,0,0,0,0,0,17-AUG-2016,
OPTSTK,TV18BRDCST,25-Aug-2016,35,PE,0.05,0.05,0.05,0.05,0.05,6,35.75,425000,-17000,17-AUG-2016,
OPTSTK,TV18BRDCST,25-Aug-2016,37.5,PE,0.2,0.25,0.15,0.15,0.15,23,147.39,1343000,34000,17-AUG-2016,
OPTSTK,TV18BRDCST,25-Aug-2016,40,PE,1.15,1.25,1.1,1.2,1.2,11,77.01,1768000,-17000,17-AUG-2016,
OPTSTK,TV18BRDCST,25-Aug-2016,42.5,PE,0,0,0,2.7,3.45,0,0,1173000,0,17-AUG-2016,
OPTSTK,TV18BRDCST,25-Aug-2016,45,PE,0,0,0,5.25,5.85,0,0,221000,0,17-AUG-2016,
OPTSTK,TV18BRDCST,25-Aug-2016,47.5,PE,0,0,0,7.55,8.35,0,0,357000,0,17-AUG-2016,
OPTSTK,TV18BRDCST,25-Aug-2016,50,PE,0,0,0,9.8,10.85,0,0,34000,0,17-AUG-2016,
OPTSTK,TV18BRDCST,25-Aug-2016,52.5,PE,0,0,0,12.05,13.35,0,0,0,0,17-AUG-2016,
OPTSTK,TV18BRDCST,25-Aug-2016,55,PE,0,0,0,14.3,15.85,0,0,0,0,17-AUG-2016,
OPTSTK,TV18BRDCST,25-Aug-2016,57.5,PE,0,0,0,16.6,18.35,0,0,0,0,17-AUG-2016,
OPTSTK,TV18BRDCST,25-Aug-2016,60,PE,0,0,0,18.95,20.85,0,0,0,0,17-AUG-2016,
OPTSTK,TV18BRDCST,29-Sep-2016,20,CE,0,0,0,25.4,19.3,0,0,0,0,17-AUG-2016,
OPTSTK,TV18BRDCST,29-Sep-2016,22.5,CE,0,0,0,22.95,16.8,0,0,0,0,17-AUG-2016,
OPTSTK,TV18BRDCST,29-Sep-2016,25,CE,0,0,0,20.5,14.3,0,0,0,0,17-AUG-2016,
OPTSTK,TV18BRDCST,29-Sep-2016,27.5,CE,0,0,0,18.1,11.85,0,0,0,0,17-AUG-2016,
OPTSTK,TV18BRDCST,29-Sep-2016,30,CE,0,0,0,15.7,9.4,0,0,0,0,17-AUG-2016,
OPTSTK,TV18BRDCST,29-Sep-2016,32.5,CE,0,0,0,13.4,7.1,0,0,0,0,17-AUG-2016,
OPTSTK,TV18BRDCST,29-Sep-2016,35,CE,0,0,0,11.25,5.05,0,0,0,0,17-AUG-2016,
OPTSTK,TV18BRDCST,29-Sep-2016,37.5,CE,0,0,0,9.25,3.35,0,0,0,0,17-AUG-2016,
OPTSTK,TV18BRDCST,29-Sep-2016,40,CE,0,0,0,1.5,2.05,0,0,85000,0,17-AUG-2016,
OPTSTK,TV18BRDCST,29-Sep-2016,42.5,CE,0,0,0,5.95,1.15,0,0,0,0,17-AUG-2016,
OPTSTK,TV18BRDCST,29-Sep-2016,45,CE,0,0,0,4.6,0.65,0,0,0,0,17-AUG-2016,
OPTSTK,TV18BRDCST,29-Sep-2016,47.5,CE,0,0,0,3.55,0.3,0,0,0,0,17-AUG-2016,
OPTSTK,TV18BRDCST,29-Sep-2016,50,CE,0,0,0,2.7,0.15,0,0,0,0,17-AUG-2016,
OPTSTK,TV18BRDCST,29-Sep-2016,52.5,CE,0,0,0,2,0.1,0,0,0,0,17-AUG-2016,
OPTSTK,TV18BRDCST,29-Sep-2016,55,CE,0,0,0,1.45,0.05,0,0,0,0,17-AUG-2016,
OPTSTK,TV18BRDCST,29-Sep-2016,57.5,CE,0,0,0,1.05,0.05,0,0,0,0,17-AUG-2016,
OPTSTK,TV18BRDCST,29-Sep-2016,60,CE,0,0,0,0.8,0,0,0,0,0,17-AUG-2016,
OPTSTK,TV18BRDCST,29-Sep-2016,20,PE,0,0,0,0.05,0,0,0,0,0,17-AUG-2016,
OPTSTK,TV18BRDCST,29-Sep-2016,22.5,PE,0,0,0,0.05,0,0,0,0,0,17-AUG-2016,
OPTSTK,TV18BRDCST,29-Sep-2016,25,PE,0,0,0,0.05,0,0,0,0,0,17-AUG-2016,
OPTSTK,TV18BRDCST,29-Sep-2016,27.5,PE,0,0,0,0.05,0.05,0,0,0,0,17-AUG-2016,
OPTSTK,TV18BRDCST,29-Sep-2016,30,PE,0,0,0,0.15,0.1,0,0,0,0,17-AUG-2016,
OPTSTK,TV18BRDCST,29-Sep-2016,32.5,PE,0,0,0,0.3,0.25,0,0,0,0,17-AUG-2016,
OPTSTK,TV18BRDCST,29-Sep-2016,35,PE,0.25,0.3,0.25,0.3,0.3,2,11.99,34000,34000,17-AUG-2016,
OPTSTK,TV18BRDCST,29-Sep-2016,37.5,PE,0.75,0.75,0.75,0.75,0.75,1,6.5,17000,17000,17-AUG-2016,
OPTSTK,TV18BRDCST,29-Sep-2016,40,PE,1.8,1.8,1.8,1.8,1.8,1,7.1,51000,17000,17-AUG-2016,
OPTSTK,TV18BRDCST,29-Sep-2016,42.5,PE,0,0,0,2.65,4.25,0,0,0,0,17-AUG-2016,
OPTSTK,TV18BRDCST,29-Sep-2016,45,PE,0,0,0,3.8,6.15,0,0,0,0,17-AUG-2016,
OPTSTK,TV18BRDCST,29-Sep-2016,47.5,PE,0,0,0,5.15,8.35,0,0,0,0,17-AUG-2016,
OPTSTK,TV18BRDCST,29-Sep-2016,50,PE,0,0,0,6.75,10.65,0,0,0,0,17-AUG-2016,
OPTSTK,TV18BRDCST,29-Sep-2016,52.5,PE,0,0,0,8.5,13.05,0,0,0,0,17-AUG-2016,
OPTSTK,TV18BRDCST,29-Sep-2016,55,PE,0,0,0,10.45,15.5,0,0,0,0,17-AUG-2016,
OPTSTK,TV18BRDCST,29-Sep-2016,57.5,PE,0,0,0,12.5,17.95,0,0,0,0,17-AUG-2016,
OPTSTK,TV18BRDCST,29-Sep-2016,60,PE,0,0,0,14.65,20.45,0,0,0,0,17-AUG-2016,
OPTSTK,TV18BRDCST,27-Oct-2016,20,CE,0,0,0,20,19.4,0,0,0,0,17-AUG-2016,
OPTSTK,TV18BRDCST,27-Oct-2016,22.5,CE,0,0,0,17.55,16.9,0,0,0,0,17-AUG-2016,
OPTSTK,TV18BRDCST,27-Oct-2016,25,CE,0,0,0,15.2,14.45,0,0,0,0,17-AUG-2016,
OPTSTK,TV18BRDCST,27-Oct-2016,27.5,CE,0,0,0,13,12.05,0,0,0,0,17-AUG-2016,
OPTSTK,TV18BRDCST,27-Oct-2016,30,CE,0,0,0,10.9,9.7,0,0,0,0,17-AUG-2016,
OPTSTK,TV18BRDCST,27-Oct-2016,32.5,CE,0,0,0,9,7.55,0,0,0,0,17-AUG-2016,
OPTSTK,TV18BRDCST,27-Oct-2016,35,CE,0,0,0,7.3,5.65,0,0,0,0,17-AUG-2016,
OPTSTK,TV18BRDCST,27-Oct-2016,37.5,CE,0,0,0,5.85,4.05,0,0,0,0,17-AUG-2016,
OPTSTK,TV18BRDCST,27-Oct-2016,40,CE,0,0,0,4.65,2.8,0,0,0,0,17-AUG-2016,
OPTSTK,TV18BRDCST,27-Oct-2016,42.5,CE,0,0,0,3.6,1.85,0,0,0,0,17-AUG-2016,
OPTSTK,TV18BRDCST,27-Oct-2016,45,CE,0,0,0,2.8,1.2,0,0,0,0,17-AUG-2016,
OPTSTK,TV18BRDCST,27-Oct-2016,47.5,CE,0,0,0,2.15,0.75,0,0,0,0,17-AUG-2016,
OPTSTK,TV18BRDCST,27-Oct-2016,50,CE,0,0,0,1.65,0.45,0,0,0,0,17-AUG-2016,
OPTSTK,TV18BRDCST,27-Oct-2016,52.5,CE,0,0,0,1.25,0.25,0,0,0,0,17-AUG-2016,
OPTSTK,TV18BRDCST,27-Oct-2016,55,CE,0,0,0,0.95,0.15,0,0,0,0,17-AUG-2016,
OPTSTK,TV18BRDCST,27-Oct-2016,57.5,CE,0,0,0,0.7,0.1,0,0,0,0,17-AUG-2016,
OPTSTK,TV18BRDCST,27-Oct-2016,60,CE,0,0,0,0.5,0.05,0,0,0,0,17-AUG-2016,
OPTSTK,TV18BRDCST,27-Oct-2016,20,PE,0,0,0,0.05,0,0,0,0,0,17-AUG-2016,
OPTSTK,TV18BRDCST,27-Oct-2016,22.5,PE,0,0,0,0.1,0,0,0,0,0,17-AUG-2016,
OPTSTK,TV18BRDCST,27-Oct-2016,25,PE,0,0,0,0.2,0.05,0,0,0,0,17-AUG-2016,
OPTSTK,TV18BRDCST,27-Oct-2016,27.5,PE,0,0,0,0.4,0.1,0,0,0,0,17-AUG-2016,
OPTSTK,TV18BRDCST,27-Oct-2016,30,PE,0,0,0,0.75,0.2,0,0,0,0,17-AUG-2016,
OPTSTK,TV18BRDCST,27-Oct-2016,32.5,PE,0,0,0,1.35,0.5,0,0,0,0,17-AUG-2016,
OPTSTK,TV18BRDCST,27-Oct-2016,35,PE,0,0,0,2.1,1.1,0,0,0,0,17-AUG-2016,
OPTSTK,TV18BRDCST,27-Oct-2016,37.5,PE,0,0,0,3.1,1.95,0,0,0,0,17-AUG-2016,
OPTSTK,TV18BRDCST,27-Oct-2016,40,PE,0,0,0,4.35,3.15,0,0,0,0,17-AUG-2016,
OPTSTK,TV18BRDCST,27-Oct-2016,42.5,PE,0,0,0,5.8,4.7,0,0,0,0,17-AUG-2016,
OPTSTK,TV18BRDCST,27-Oct-2016,45,PE,0,0,0,7.4,6.5,0,0,0,0,17-AUG-2016,
OPTSTK,TV18BRDCST,27-Oct-2016,47.5,PE,0,0,0,9.25,8.5,0,0,0,0,17-AUG-2016,
OPTSTK,TV18BRDCST,27-Oct-2016,50,PE,0,0,0,11.15,10.7,0,0,0,0,17-AUG-2016,
OPTSTK,TV18BRDCST,27-Oct-2016,52.5,PE,0,0,0,13.25,12.95,0,0,0,0,17-AUG-2016,
OPTSTK,TV18BRDCST,27-Oct-2016,55,PE,0,0,0,15.4,15.35,0,0,0,0,17-AUG-2016,
OPTSTK,TV18BRDCST,27-Oct-2016,57.5,PE,0,0,0,17.6,17.75,0,0,0,0,17-AUG-2016,
OPTSTK,TV18BRDCST,27-Oct-2016,60,PE,0,0,0,19.9,20.15,0,0,0,0,17-AUG-2016,
OPTSTK,TVSMOTOR,25-Aug-2016,200,CE,0,0,0,102.9,113.2,0,0,0,0,17-AUG-2016,
OPTSTK,TVSMOTOR,25-Aug-2016,210,CE,0,0,0,93.3,103.25,0,0,0,0,17-AUG-2016,
OPTSTK,TVSMOTOR,25-Aug-2016,220,CE,0,0,0,83.85,93.25,0,0,0,0,17-AUG-2016,
OPTSTK,TVSMOTOR,25-Aug-2016,230,CE,0,0,0,74.65,83.25,0,0,0,0,17-AUG-2016,
OPTSTK,TVSMOTOR,25-Aug-2016,240,CE,0,0,0,63.35,73.3,0,0,2000,0,17-AUG-2016,
OPTSTK,TVSMOTOR,25-Aug-2016,250,CE,0,0,0,53.95,63.3,0,0,2000,0,17-AUG-2016,
OPTSTK,TVSMOTOR,25-Aug-2016,260,CE,0,0,0,44.05,53.3,0,0,4000,0,17-AUG-2016,
OPTSTK,TVSMOTOR,25-Aug-2016,270,CE,0,0,0,34.85,43.35,0,0,4000,0,17-AUG-2016,
OPTSTK,TVSMOTOR,25-Aug-2016,280,CE,0,0,0,18.7,33.35,0,0,4000,0,17-AUG-2016,
OPTSTK,TVSMOTOR,25-Aug-2016,290,CE,14.7,24.75,14.5,24.6,24.6,14,87.03,14000,-10000,17-AUG-2016,
OPTSTK,TVSMOTOR,25-Aug-2016,300,CE,5.75,16.1,5.75,15.65,15.65,279,1739.41,258000,-56000,17-AUG-2016,
OPTSTK,TVSMOTOR,25-Aug-2016,310,CE,2.65,8.7,2.65,8.3,8.3,947,6000.87,314000,-164000,17-AUG-2016,
OPTSTK,TVSMOTOR,25-Aug-2016,320,CE,1.45,4.5,1.3,3.9,3.9,966,6248.45,512000,126000,17-AUG-2016,
OPTSTK,TVSMOTOR,25-Aug-2016,330,CE,0.5,2.25,0.5,1.65,1.65,256,1697.62,182000,84000,17-AUG-2016,
OPTSTK,TVSMOTOR,25-Aug-2016,340,CE,0.55,1.15,0.5,0.75,0.75,69,470.18,88000,54000,17-AUG-2016,
OPTSTK,TVSMOTOR,25-Aug-2016,350,CE,0.2,0.6,0.2,0.35,0.35,29,203.24,134000,24000,17-AUG-2016,
OPTSTK,TVSMOTOR,25-Aug-2016,360,CE,0.2,0.25,0.2,0.2,0.2,5,36.02,10000,4000,17-AUG-2016,
OPTSTK,TVSMOTOR,25-Aug-2016,370,CE,0,0,0,0.5,0,0,0,2000,0,17-AUG-2016,
OPTSTK,TVSMOTOR,25-Aug-2016,380,CE,0,0,0,0.2,0,0,0,2000,0,17-AUG-2016,
OPTSTK,TVSMOTOR,25-Aug-2016,390,CE,0,0,0,2.8,0,0,0,0,0,17-AUG-2016,
OPTSTK,TVSMOTOR,25-Aug-2016,400,CE,0,0,0,2.1,0,0,0,0,0,17-AUG-2016,
OPTSTK,TVSMOTOR,25-Aug-2016,200,PE,0,0,0,0.2,0,0,0,0,0,17-AUG-2016,
OPTSTK,TVSMOTOR,25-Aug-2016,210,PE,0,0,0,0.45,0,0,0,0,0,17-AUG-2016,
OPTSTK,TVSMOTOR,25-Aug-2016,220,PE,0,0,0,0.8,0,0,0,0,0,17-AUG-2016,
OPTSTK,TVSMOTOR,25-Aug-2016,230,PE,0,0,0,1.45,0,0,0,0,0,17-AUG-2016,
OPTSTK,TVSMOTOR,25-Aug-2016,240,PE,0,0,0,0.15,0,0,0,4000,0,17-AUG-2016,
OPTSTK,TVSMOTOR,25-Aug-2016,250,PE,0.05,0.05,0.05,0.05,0.05,2,10,8000,0,17-AUG-2016,
OPTSTK,TVSMOTOR,25-Aug-2016,260,PE,0.05,0.05,0.05,0.05,0.05,1,5.2,14000,-2000,17-AUG-2016,
OPTSTK,TVSMOTOR,25-Aug-2016,270,PE,0.15,0.15,0.05,0.05,0.05,18,97.24,68000,-20000,17-AUG-2016,
OPTSTK,TVSMOTOR,25-Aug-2016,280,PE,0.4,0.45,0.15,0.15,0.15,56,313.83,114000,-20000,17-AUG-2016,
OPTSTK,TVSMOTOR,25-Aug-2016,290,PE,1.6,1.7,0.45,0.6,0.6,141,820.17,122000,-56000,17-AUG-2016,
OPTSTK,TVSMOTOR,25-Aug-2016,300,PE,5.25,5.25,1.5,1.75,1.75,321,1941.39,346000,218000,17-AUG-2016,
OPTSTK,TVSMOTOR,25-Aug-2016,310,PE,9.5,9.5,3.9,4.35,4.35,188,1185.93,196000,168000,17-AUG-2016,
OPTSTK,TVSMOTOR,25-Aug-2016,320,PE,12,12.5,8,8,8,6,39.72,14000,10000,17-AUG-2016,
OPTSTK,TVSMOTOR,25-Aug-2016,330,PE,0,0,0,37.9,17.5,0,0,0,0,17-AUG-2016,
OPTSTK,TVSMOTOR,25-Aug-2016,340,PE,0,0,0,45.05,26.8,0,0,0,0,17-AUG-2016,
OPTSTK,TVSMOTOR,25-Aug-2016,350,PE,45.5,45.5,45.5,45.5,45.5,1,7.91,4000,-2000,17-AUG-2016,
OPTSTK,TVSMOTOR,25-Aug-2016,360,PE,0,0,0,60.7,46.6,0,0,0,0,17-AUG-2016,
OPTSTK,TVSMOTOR,25-Aug-2016,370,PE,0,0,0,61.75,56.55,0,0,2000,0,17-AUG-2016,
OPTSTK,TVSMOTOR,25-Aug-2016,380,PE,0,0,0,77.8,66.55,0,0,0,0,17-AUG-2016,
OPTSTK,TVSMOTOR,25-Aug-2016,390,PE,0,0,0,86.75,76.55,0,0,0,0,17-AUG-2016,
OPTSTK,TVSMOTOR,25-Aug-2016,400,PE,0,0,0,95.85,86.5,0,0,0,0,17-AUG-2016,
OPTSTK,TVSMOTOR,29-Sep-2016,200,CE,0,0,0,113.05,114.55,0,0,0,0,17-AUG-2016,
OPTSTK,TVSMOTOR,29-Sep-2016,210,CE,0,0,0,103.25,104.6,0,0,0,0,17-AUG-2016,
OPTSTK,TVSMOTOR,29-Sep-2016,220,CE,0,0,0,93.45,94.7,0,0,0,0,17-AUG-2016,
OPTSTK,TVSMOTOR,29-Sep-2016,230,CE,0,0,0,83.7,84.8,0,0,0,0,17-AUG-2016,
OPTSTK,TVSMOTOR,29-Sep-2016,240,CE,0,0,0,74.05,74.9,0,0,0,0,17-AUG-2016,
OPTSTK,TVSMOTOR,29-Sep-2016,250,CE,0,0,0,64.55,65.05,0,0,0,0,17-AUG-2016,
OPTSTK,TVSMOTOR,29-Sep-2016,260,CE,0,0,0,55.4,55.35,0,0,0,0,17-AUG-2016,
OPTSTK,TVSMOTOR,29-Sep-2016,270,CE,0,0,0,46.65,45.95,0,0,0,0,17-AUG-2016,
OPTSTK,TVSMOTOR,29-Sep-2016,280,CE,0,0,0,38.5,37,0,0,0,0,17-AUG-2016,
OPTSTK,TVSMOTOR,29-Sep-2016,290,CE,0,0,0,31.1,28.85,0,0,0,0,17-AUG-2016,
OPTSTK,TVSMOTOR,29-Sep-2016,300,CE,0,0,0,11,21.65,0,0,4000,0,17-AUG-2016,
OPTSTK,TVSMOTOR,29-Sep-2016,310,CE,12.55,14.3,12.55,14.3,14.3,2,12.93,4000,4000,17-AUG-2016,
OPTSTK,TVSMOTOR,29-Sep-2016,320,CE,8.1,10.35,8.1,10.35,10.35,29,190.68,46000,44000,17-AUG-2016,
OPTSTK,TVSMOTOR,29-Sep-2016,330,CE,4.55,7.05,4.55,6.9,6.9,21,141.2,36000,36000,17-AUG-2016,
OPTSTK,TVSMOTOR,29-Sep-2016,340,CE,0,0,0,7.6,4.55,0,0,0,0,17-AUG-2016,
OPTSTK,TVSMOTOR,29-Sep-2016,350,CE,3.3,3.3,3.3,3.3,3.3,4,28.26,8000,8000,17-AUG-2016,
OPTSTK,TVSMOTOR,29-Sep-2016,360,CE,0,0,0,3.7,1.6,0,0,0,0,17-AUG-2016,
OPTSTK,TVSMOTOR,29-Sep-2016,370,CE,0,0,0,2.5,0.9,0,0,0,0,17-AUG-2016,
OPTSTK,TVSMOTOR,29-Sep-2016,380,CE,0,0,0,1.7,0.5,0,0,0,0,17-AUG-2016,
OPTSTK,TVSMOTOR,29-Sep-2016,390,CE,0,0,0,1.1,0.25,0,0,0,0,17-AUG-2016,
OPTSTK,TVSMOTOR,29-Sep-2016,400,CE,0,0,0,0.7,0.15,0,0,0,0,17-AUG-2016,
OPTSTK,TVSMOTOR,29-Sep-2016,200,PE,0,0,0,0.05,0,0,0,0,0,17-AUG-2016,
OPTSTK,TVSMOTOR,29-Sep-2016,210,PE,0,0,0,0.05,0,0,0,0,0,17-AUG-2016,
OPTSTK,TVSMOTOR,29-Sep-2016,220,PE,0,0,0,0.05,0,0,0,0,0,17-AUG-2016,
OPTSTK,TVSMOTOR,29-Sep-2016,230,PE,0,0,0,0.15,0.05,0,0,0,0,17-AUG-2016,
OPTSTK,TVSMOTOR,29-Sep-2016,240,PE,0,0,0,0.3,0.05,0,0,0,0,17-AUG-2016,
OPTSTK,TVSMOTOR,29-Sep-2016,250,PE,0,0,0,0.65,0.15,0,0,0,0,17-AUG-2016,
OPTSTK,TVSMOTOR,29-Sep-2016,260,PE,0,0,0,1.3,0.35,0,0,0,0,17-AUG-2016,
OPTSTK,TVSMOTOR,29-Sep-2016,270,PE,0,0,0,2.35,0.85,0,0,0,0,17-AUG-2016,
OPTSTK,TVSMOTOR,29-Sep-2016,280,PE,0,0,0,4.05,1.85,0,0,0,0,17-AUG-2016,
OPTSTK,TVSMOTOR,29-Sep-2016,290,PE,7,7,4,4,4,3,17.72,4000,4000,17-AUG-2016,
OPTSTK,TVSMOTOR,29-Sep-2016,300,PE,9.6,9.6,8,8.5,8.5,16,98.78,22000,20000,17-AUG-2016,
OPTSTK,TVSMOTOR,29-Sep-2016,310,PE,0,0,0,14,10.2,0,0,0,0,17-AUG-2016,
OPTSTK,TVSMOTOR,29-Sep-2016,320,PE,0,0,0,19.15,15.3,0,0,0,0,17-AUG-2016,
OPTSTK,TVSMOTOR,29-Sep-2016,330,PE,0,0,0,25.2,21.55,0,0,0,0,17-AUG-2016,
OPTSTK,TVSMOTOR,29-Sep-2016,340,PE,0,0,0,32.1,28.9,0,0,0,0,17-AUG-2016,
OPTSTK,TVSMOTOR,29-Sep-2016,350,PE,0,0,0,39.7,37.05,0,0,0,0,17-AUG-2016,
OPTSTK,TVSMOTOR,29-Sep-2016,360,PE,0,0,0,47.85,45.8,0,0,0,0,17-AUG-2016,
OPTSTK,TVSMOTOR,29-Sep-2016,370,PE,0,0,0,56.5,55,0,0,0,0,17-AUG-2016,
OPTSTK,TVSMOTOR,29-Sep-2016,380,PE,0,0,0,65.45,64.55,0,0,0,0,17-AUG-2016,
OPTSTK,TVSMOTOR,29-Sep-2016,390,PE,0,0,0,74.7,74.2,0,0,0,0,17-AUG-2016,
OPTSTK,TVSMOTOR,29-Sep-2016,400,PE,0,0,0,84.15,84,0,0,0,0,17-AUG-2016,
OPTSTK,TVSMOTOR,27-Oct-2016,200,CE,0,0,0,93.7,115.6,0,0,0,0,17-AUG-2016,
OPTSTK,TVSMOTOR,27-Oct-2016,210,CE,0,0,0,83.95,105.75,0,0,0,0,17-AUG-2016,
OPTSTK,TVSMOTOR,27-Oct-2016,220,CE,0,0,0,74.2,95.9,0,0,0,0,17-AUG-2016,
OPTSTK,TVSMOTOR,27-Oct-2016,230,CE,0,0,0,64.65,86.05,0,0,0,0,17-AUG-2016,
OPTSTK,TVSMOTOR,27-Oct-2016,240,CE,0,0,0,55.3,76.35,0,0,0,0,17-AUG-2016,
OPTSTK,TVSMOTOR,27-Oct-2016,250,CE,0,0,0,46.35,66.75,0,0,0,0,17-AUG-2016,
OPTSTK,TVSMOTOR,27-Oct-2016,260,CE,0,0,0,38.05,57.45,0,0,0,0,17-AUG-2016,
OPTSTK,TVSMOTOR,27-Oct-2016,270,CE,0,0,0,30.45,48.55,0,0,0,0,17-AUG-2016,
OPTSTK,TVSMOTOR,27-Oct-2016,280,CE,0,0,0,23.75,40.25,0,0,0,0,17-AUG-2016,
OPTSTK,TVSMOTOR,27-Oct-2016,290,CE,0,0,0,18.05,32.65,0,0,0,0,17-AUG-2016,
OPTSTK,TVSMOTOR,27-Oct-2016,300,CE,0,0,0,13.4,25.85,0,0,0,0,17-AUG-2016,
OPTSTK,TVSMOTOR,27-Oct-2016,310,CE,0,0,0,9.65,20.05,0,0,0,0,17-AUG-2016,
OPTSTK,TVSMOTOR,27-Oct-2016,320,CE,0,0,0,6.8,15.15,0,0,0,0,17-AUG-2016,
OPTSTK,TVSMOTOR,27-Oct-2016,330,CE,0,0,0,4.65,11.2,0,0,0,0,17-AUG-2016,
OPTSTK,TVSMOTOR,27-Oct-2016,340,CE,0,0,0,3.15,8.1,0,0,0,0,17-AUG-2016,
OPTSTK,TVSMOTOR,27-Oct-2016,350,CE,0,0,0,2.05,5.7,0,0,0,0,17-AUG-2016,
OPTSTK,TVSMOTOR,27-Oct-2016,360,CE,0,0,0,1.3,3.95,0,0,0,0,17-AUG-2016,
OPTSTK,TVSMOTOR,27-Oct-2016,370,CE,0,0,0,0.85,2.7,0,0,0,0,17-AUG-2016,
OPTSTK,TVSMOTOR,27-Oct-2016,380,CE,0,0,0,0.5,1.8,0,0,0,0,17-AUG-2016,
OPTSTK,TVSMOTOR,27-Oct-2016,390,CE,0,0,0,0.3,1.15,0,0,0,0,17-AUG-2016,
OPTSTK,TVSMOTOR,27-Oct-2016,400,CE,0,0,0,0.2,0.75,0,0,0,0,17-AUG-2016,
OPTSTK,TVSMOTOR,27-Oct-2016,200,PE,0,0,0,0.05,0,0,0,0,0,17-AUG-2016,
OPTSTK,TVSMOTOR,27-Oct-2016,210,PE,0,0,0,0.05,0.05,0,0,0,0,17-AUG-2016,
OPTSTK,TVSMOTOR,27-Oct-2016,220,PE,0,0,0,0.2,0.05,0,0,0,0,17-AUG-2016,
OPTSTK,TVSMOTOR,27-Oct-2016,230,PE,0,0,0,0.4,0.1,0,0,0,0,17-AUG-2016,
OPTSTK,TVSMOTOR,27-Oct-2016,240,PE,0,0,0,0.9,0.25,0,0,0,0,17-AUG-2016,
OPTSTK,TVSMOTOR,27-Oct-2016,250,PE,0,0,0,1.85,0.55,0,0,0,0,17-AUG-2016,
OPTSTK,TVSMOTOR,27-Oct-2016,260,PE,0,0,0,3.3,1.1,0,0,0,0,17-AUG-2016,
OPTSTK,TVSMOTOR,27-Oct-2016,270,PE,0,0,0,5.55,2.05,0,0,0,0,17-AUG-2016,
OPTSTK,TVSMOTOR,27-Oct-2016,280,PE,0,0,0,8.7,3.6,0,0,0,0,17-AUG-2016,
OPTSTK,TVSMOTOR,27-Oct-2016,290,PE,0,0,0,12.85,5.85,0,0,0,0,17-AUG-2016,
OPTSTK,TVSMOTOR,27-Oct-2016,300,PE,0,0,0,18,8.95,0,0,0,0,17-AUG-2016,
OPTSTK,TVSMOTOR,27-Oct-2016,310,PE,0,0,0,24.1,13,0,0,0,0,17-AUG-2016,
OPTSTK,TVSMOTOR,27-Oct-2016,320,PE,0,0,0,31.05,18,0,0,0,0,17-AUG-2016,
OPTSTK,TVSMOTOR,27-Oct-2016,330,PE,0,0,0,38.75,23.9,0,0,0,0,17-AUG-2016,
OPTSTK,TVSMOTOR,27-Oct-2016,340,PE,0,0,0,47.05,30.65,0,0,0,0,17-AUG-2016,
OPTSTK,TVSMOTOR,27-Oct-2016,350,PE,0,0,0,55.8,38.15,0,0,0,0,17-AUG-2016,
OPTSTK,TVSMOTOR,27-Oct-2016,360,PE,0,0,0,64.9,46.25,0,0,0,0,17-AUG-2016,
OPTSTK,TVSMOTOR,27-Oct-2016,370,PE,0,0,0,74.25,54.85,0,0,0,0,17-AUG-2016,
OPTSTK,TVSMOTOR,27-Oct-2016,380,PE,0,0,0,83.75,63.8,0,0,0,0,17-AUG-2016,
OPTSTK,TVSMOTOR,27-Oct-2016,390,PE,0,0,0,93.35,73.05,0,0,0,0,17-AUG-2016,
OPTSTK,TVSMOTOR,27-Oct-2016,400,PE,0,0,0,103.1,82.5,0,0,0,0,17-AUG-2016,
OPTSTK,UBL,25-Aug-2016,560,CE,0,0,0,169,240.5,0,0,0,0,17-AUG-2016,
OPTSTK,UBL,25-Aug-2016,580,CE,0,0,0,151.1,220.55,0,0,0,0,17-AUG-2016,
OPTSTK,UBL,25-Aug-2016,600,CE,0,0,0,133.9,200.55,0,0,0,0,17-AUG-2016,
OPTSTK,UBL,25-Aug-2016,620,CE,0,0,0,117.55,180.6,0,0,0,0,17-AUG-2016,
OPTSTK,UBL,25-Aug-2016,640,CE,0,0,0,102.25,160.65,0,0,0,0,17-AUG-2016,
OPTSTK,UBL,25-Aug-2016,660,CE,0,0,0,88.05,140.65,0,0,0,0,17-AUG-2016,
OPTSTK,UBL,25-Aug-2016,680,CE,0,0,0,75.05,120.7,0,0,0,0,17-AUG-2016,
OPTSTK,UBL,25-Aug-2016,700,CE,0,0,0,135,100.75,0,0,0,0,17-AUG-2016,
OPTSTK,UBL,25-Aug-2016,720,CE,0,0,0,115,80.9,0,0,700,0,17-AUG-2016,
OPTSTK,UBL,25-Aug-2016,740,CE,0,0,0,95,61.55,0,0,700,0,17-AUG-2016,
OPTSTK,UBL,25-Aug-2016,760,CE,0,0,0,77,43.4,0,0,700,0,17-AUG-2016,
OPTSTK,UBL,25-Aug-2016,780,CE,0,0,0,61,27.75,0,0,700,0,17-AUG-2016,
OPTSTK,UBL,25-Aug-2016,800,CE,0,0,0,15.5,15.75,0,0,4200,0,17-AUG-2016,
OPTSTK,UBL,25-Aug-2016,820,CE,8,8,8,8,8,1,5.79,11900,-700,17-AUG-2016,
OPTSTK,UBL,25-Aug-2016,840,CE,0,0,0,8,3.35,0,0,5600,0,17-AUG-2016,
OPTSTK,UBL,25-Aug-2016,860,CE,0,0,0,3.7,1.25,0,0,6300,0,17-AUG-2016,
OPTSTK,UBL,25-Aug-2016,880,CE,0,0,0,2.9,0.4,0,0,700,0,17-AUG-2016,
OPTSTK,UBL,25-Aug-2016,900,CE,0,0,0,7.1,0.1,0,0,0,0,17-AUG-2016,
OPTSTK,UBL,25-Aug-2016,920,CE,0,0,0,5.45,0.05,0,0,0,0,17-AUG-2016,
OPTSTK,UBL,25-Aug-2016,940,CE,0,0,0,4.2,0,0,0,0,0,17-AUG-2016,
OPTSTK,UBL,25-Aug-2016,960,CE,0,0,0,3.2,0,0,0,0,0,17-AUG-2016,
OPTSTK,UBL,25-Aug-2016,980,CE,0,0,0,2.4,0,0,0,0,0,17-AUG-2016,
OPTSTK,UBL,25-Aug-2016,1000,CE,0,0,0,1.8,0,0,0,0,0,17-AUG-2016,
OPTSTK,UBL,25-Aug-2016,1020,CE,0,0,0,1.35,0,0,0,0,0,17-AUG-2016,
OPTSTK,UBL,25-Aug-2016,1040,CE,0,0,0,1,0,0,0,0,0,17-AUG-2016,
OPTSTK,UBL,25-Aug-2016,560,PE,0,0,0,2.85,0,0,0,0,0,17-AUG-2016,
OPTSTK,UBL,25-Aug-2016,580,PE,0,0,0,4.55,0,0,0,0,0,17-AUG-2016,
OPTSTK,UBL,25-Aug-2016,600,PE,0,0,0,7,0,0,0,0,0,17-AUG-2016,
OPTSTK,UBL,25-Aug-2016,620,PE,0,0,0,10.3,0,0,0,0,0,17-AUG-2016,
OPTSTK,UBL,25-Aug-2016,640,PE,0,0,0,14.6,0,0,0,0,0,17-AUG-2016,
OPTSTK,UBL,25-Aug-2016,660,PE,0,0,0,20.1,0,0,0,0,0,17-AUG-2016,
OPTSTK,UBL,25-Aug-2016,680,PE,0,0,0,26.75,0,0,0,0,0,17-AUG-2016,
OPTSTK,UBL,25-Aug-2016,700,PE,0,0,0,34.7,0.05,0,0,0,0,17-AUG-2016,
OPTSTK,UBL,25-Aug-2016,720,PE,0,0,0,43.95,0.2,0,0,0,0,17-AUG-2016,
OPTSTK,UBL,25-Aug-2016,740,PE,0,0,0,12.8,0.8,0,0,2100,0,17-AUG-2016,
OPTSTK,UBL,25-Aug-2016,760,PE,0,0,0,9,2.65,0,0,7000,0,17-AUG-2016,
OPTSTK,UBL,25-Aug-2016,780,PE,0,0,0,9.9,6.95,0,0,7000,0,17-AUG-2016,
OPTSTK,UBL,25-Aug-2016,800,PE,13.7,13.7,13.7,13.7,13.7,2,11.39,4200,0,17-AUG-2016,
OPTSTK,UBL,25-Aug-2016,820,PE,22.15,22.15,22.15,22.15,22.15,2,11.79,3500,1400,17-AUG-2016,
OPTSTK,UBL,25-Aug-2016,840,PE,0,0,0,36.25,42.4,0,0,1400,0,17-AUG-2016,
OPTSTK,UBL,25-Aug-2016,860,PE,0,0,0,140.2,60.3,0,0,0,0,17-AUG-2016,
OPTSTK,UBL,25-Aug-2016,880,PE,0,0,0,57.85,79.45,0,0,1400,0,17-AUG-2016,
OPTSTK,UBL,25-Aug-2016,900,PE,0,0,0,174.85,99.1,0,0,0,0,17-AUG-2016,
OPTSTK,UBL,25-Aug-2016,920,PE,0,0,0,192.85,119,0,0,0,0,17-AUG-2016,
OPTSTK,UBL,25-Aug-2016,940,PE,0,0,0,211.2,138.95,0,0,0,0,17-AUG-2016,
OPTSTK,UBL,25-Aug-2016,960,PE,0,0,0,229.85,158.95,0,0,0,0,17-AUG-2016,
OPTSTK,UBL,25-Aug-2016,980,PE,0,0,0,248.7,178.9,0,0,0,0,17-AUG-2016,
OPTSTK,UBL,25-Aug-2016,1000,PE,0,0,0,267.75,198.85,0,0,0,0,17-AUG-2016,
OPTSTK,UBL,25-Aug-2016,1020,PE,0,0,0,286.95,218.85,0,0,0,0,17-AUG-2016,
OPTSTK,UBL,25-Aug-2016,1040,PE,0,0,0,306.25,238.8,0,0,0,0,17-AUG-2016,
OPTSTK,UBL,29-Sep-2016,560,CE,0,0,0,201.25,244.2,0,0,0,0,17-AUG-2016,
OPTSTK,UBL,29-Sep-2016,580,CE,0,0,0,182.15,224.4,0,0,0,0,17-AUG-2016,
OPTSTK,UBL,29-Sep-2016,600,CE,0,0,0,163.4,204.6,0,0,0,0,17-AUG-2016,
OPTSTK,UBL,29-Sep-2016,620,CE,0,0,0,145.15,184.95,0,0,0,0,17-AUG-2016,
OPTSTK,UBL,29-Sep-2016,640,CE,0,0,0,127.6,165.4,0,0,0,0,17-AUG-2016,
OPTSTK,UBL,29-Sep-2016,660,CE,0,0,0,110.95,146.15,0,0,0,0,17-AUG-2016,
OPTSTK,UBL,29-Sep-2016,680,CE,0,0,0,95.35,127.4,0,0,0,0,17-AUG-2016,
OPTSTK,UBL,29-Sep-2016,700,CE,0,0,0,80.95,109.35,0,0,0,0,17-AUG-2016,
OPTSTK,UBL,29-Sep-2016,720,CE,0,0,0,67.85,92.3,0,0,0,0,17-AUG-2016,
OPTSTK,UBL,29-Sep-2016,740,CE,0,0,0,56.15,76.45,0,0,0,0,17-AUG-2016,
OPTSTK,UBL,29-Sep-2016,760,CE,0,0,0,45.9,62.1,0,0,0,0,17-AUG-2016,
OPTSTK,UBL,29-Sep-2016,780,CE,0,0,0,37.05,49.4,0,0,0,0,17-AUG-2016,
OPTSTK,UBL,29-Sep-2016,800,CE,0,0,0,29.55,38.5,0,0,0,0,17-AUG-2016,
OPTSTK,UBL,29-Sep-2016,820,CE,0,0,0,23.25,29.35,0,0,0,0,17-AUG-2016,
OPTSTK,UBL,29-Sep-2016,840,CE,0,0,0,18.15,21.9,0,0,0,0,17-AUG-2016,
OPTSTK,UBL,29-Sep-2016,860,CE,0,0,0,13.95,16,0,0,0,0,17-AUG-2016,
OPTSTK,UBL,29-Sep-2016,880,CE,0,0,0,10.6,11.45,0,0,0,0,17-AUG-2016,
OPTSTK,UBL,29-Sep-2016,900,CE,0,0,0,8,8,0,0,0,0,17-AUG-2016,
OPTSTK,UBL,29-Sep-2016,920,CE,0,0,0,5.95,5.5,0,0,0,0,17-AUG-2016,
OPTSTK,UBL,29-Sep-2016,940,CE,0,0,0,4.4,3.7,0,0,0,0,17-AUG-2016,
OPTSTK,UBL,29-Sep-2016,960,CE,0,0,0,3.2,2.45,0,0,0,0,17-AUG-2016,
OPTSTK,UBL,29-Sep-2016,980,CE,0,0,0,2.35,1.6,0,0,0,0,17-AUG-2016,
OPTSTK,UBL,29-Sep-2016,1000,CE,0,0,0,1.7,1,0,0,0,0,17-AUG-2016,
OPTSTK,UBL,29-Sep-2016,1020,CE,0,0,0,1.2,0.65,0,0,0,0,17-AUG-2016,
OPTSTK,UBL,29-Sep-2016,1040,CE,0,0,0,0.85,0.4,0,0,0,0,17-AUG-2016,
OPTSTK,UBL,29-Sep-2016,560,PE,0,0,0,0.6,0.05,0,0,0,0,17-AUG-2016,
OPTSTK,UBL,29-Sep-2016,580,PE,0,0,0,1.15,0.05,0,0,0,0,17-AUG-2016,
OPTSTK,UBL,29-Sep-2016,600,PE,0,0,0,2.05,0.1,0,0,0,0,17-AUG-2016,
OPTSTK,UBL,29-Sep-2016,620,PE,0,0,0,3.45,0.25,0,0,0,0,17-AUG-2016,
OPTSTK,UBL,29-Sep-2016,640,PE,0,0,0,5.55,0.55,0,0,0,0,17-AUG-2016,
OPTSTK,UBL,29-Sep-2016,660,PE,0,0,0,8.55,1.2,0,0,0,0,17-AUG-2016,
OPTSTK,UBL,29-Sep-2016,680,PE,0,0,0,12.6,2.25,0,0,0,0,17-AUG-2016,
OPTSTK,UBL,29-Sep-2016,700,PE,0,0,0,17.85,4.05,0,0,0,0,17-AUG-2016,
OPTSTK,UBL,29-Sep-2016,720,PE,0,0,0,24.35,6.8,0,0,0,0,17-AUG-2016,
OPTSTK,UBL,29-Sep-2016,740,PE,0,0,0,32.35,10.8,0,0,0,0,17-AUG-2016,
OPTSTK,UBL,29-Sep-2016,760,PE,0,0,0,41.7,16.3,0,0,0,0,17-AUG-2016,
OPTSTK,UBL,29-Sep-2016,780,PE,0,0,0,52.5,23.45,0,0,0,0,17-AUG-2016,
OPTSTK,UBL,29-Sep-2016,800,PE,0,0,0,64.65,32.35,0,0,0,0,17-AUG-2016,
OPTSTK,UBL,29-Sep-2016,820,PE,0,0,0,78,43.05,0,0,0,0,17-AUG-2016,
OPTSTK,UBL,29-Sep-2016,840,PE,0,0,0,92.55,55.45,0,0,0,0,17-AUG-2016,
OPTSTK,UBL,29-Sep-2016,860,PE,0,0,0,108,69.35,0,0,0,0,17-AUG-2016,
OPTSTK,UBL,29-Sep-2016,880,PE,0,0,0,124.3,84.65,0,0,0,0,17-AUG-2016,
OPTSTK,UBL,29-Sep-2016,900,PE,0,0,0,141.35,101.05,0,0,0,0,17-AUG-2016,
OPTSTK,UBL,29-Sep-2016,920,PE,0,0,0,158.95,118.4,0,0,0,0,17-AUG-2016,
OPTSTK,UBL,29-Sep-2016,940,PE,0,0,0,177.05,136.45,0,0,0,0,17-AUG-2016,
OPTSTK,UBL,29-Sep-2016,960,PE,0,0,0,195.5,155,0,0,0,0,17-AUG-2016,
OPTSTK,UBL,29-Sep-2016,980,PE,0,0,0,214.25,174,0,0,0,0,17-AUG-2016,
OPTSTK,UBL,29-Sep-2016,1000,PE,0,0,0,233.25,193.25,0,0,0,0,17-AUG-2016,
OPTSTK,UBL,29-Sep-2016,1020,PE,0,0,0,252.45,212.75,0,0,0,0,17-AUG-2016,
OPTSTK,UBL,29-Sep-2016,1040,PE,0,0,0,271.75,232.35,0,0,0,0,17-AUG-2016,
OPTSTK,UBL,27-Oct-2016,560,CE,0,0,0,271.95,247.3,0,0,0,0,17-AUG-2016,
OPTSTK,UBL,27-Oct-2016,580,CE,0,0,0,252.35,227.7,0,0,0,0,17-AUG-2016,
OPTSTK,UBL,27-Oct-2016,600,CE,0,0,0,232.85,208.3,0,0,0,0,17-AUG-2016,
OPTSTK,UBL,27-Oct-2016,620,CE,0,0,0,213.5,189.1,0,0,0,0,17-AUG-2016,
OPTSTK,UBL,27-Oct-2016,640,CE,0,0,0,194.3,170.3,0,0,0,0,17-AUG-2016,
OPTSTK,UBL,27-Oct-2016,660,CE,0,0,0,175.45,151.95,0,0,0,0,17-AUG-2016,
OPTSTK,UBL,27-Oct-2016,680,CE,0,0,0,157.05,134.3,0,0,0,0,17-AUG-2016,
OPTSTK,UBL,27-Oct-2016,700,CE,0,0,0,139.3,117.45,0,0,0,0,17-AUG-2016,
OPTSTK,UBL,27-Oct-2016,720,CE,0,0,0,122.25,101.6,0,0,0,0,17-AUG-2016,
OPTSTK,UBL,27-Oct-2016,740,CE,0,0,0,106.2,86.9,0,0,0,0,17-AUG-2016,
OPTSTK,UBL,27-Oct-2016,760,CE,0,0,0,91.25,73.4,0,0,0,0,17-AUG-2016,
OPTSTK,UBL,27-Oct-2016,780,CE,0,0,0,77.4,61.35,0,0,0,0,17-AUG-2016,
OPTSTK,UBL,27-Oct-2016,800,CE,0,0,0,64.95,50.6,0,0,0,0,17-AUG-2016,
OPTSTK,UBL,27-Oct-2016,820,CE,0,0,0,53.85,41.3,0,0,0,0,17-AUG-2016,
OPTSTK,UBL,27-Oct-2016,840,CE,0,0,0,44.15,33.25,0,0,0,0,17-AUG-2016,
OPTSTK,UBL,27-Oct-2016,860,CE,0,0,0,35.75,26.5,0,0,0,0,17-AUG-2016,
OPTSTK,UBL,27-Oct-2016,880,CE,0,0,0,28.6,20.85,0,0,0,0,17-AUG-2016,
OPTSTK,UBL,27-Oct-2016,900,CE,0,0,0,22.6,16.3,0,0,0,0,17-AUG-2016,
OPTSTK,UBL,27-Oct-2016,920,CE,0,0,0,17.75,12.55,0,0,0,0,17-AUG-2016,
OPTSTK,UBL,27-Oct-2016,940,CE,0,0,0,13.7,9.55,0,0,0,0,17-AUG-2016,
OPTSTK,UBL,27-Oct-2016,960,CE,0,0,0,10.5,7.2,0,0,0,0,17-AUG-2016,
OPTSTK,UBL,27-Oct-2016,980,CE,0,0,0,7.95,5.4,0,0,0,0,17-AUG-2016,
OPTSTK,UBL,27-Oct-2016,1000,CE,0,0,0,5.95,4,0,0,0,0,17-AUG-2016,
OPTSTK,UBL,27-Oct-2016,1020,CE,0,0,0,4.45,2.95,0,0,0,0,17-AUG-2016,
OPTSTK,UBL,27-Oct-2016,1040,CE,0,0,0,3.25,2.15,0,0,0,0,17-AUG-2016,
OPTSTK,UBL,27-Oct-2016,560,PE,0,0,0,0.05,0.15,0,0,0,0,17-AUG-2016,
OPTSTK,UBL,27-Oct-2016,580,PE,0,0,0,0.15,0.35,0,0,0,0,17-AUG-2016,
OPTSTK,UBL,27-Oct-2016,600,PE,0,0,0,0.3,0.65,0,0,0,0,17-AUG-2016,
OPTSTK,UBL,27-Oct-2016,620,PE,0,0,0,0.6,1.2,0,0,0,0,17-AUG-2016,
OPTSTK,UBL,27-Oct-2016,640,PE,0,0,0,1.05,2.1,0,0,0,0,17-AUG-2016,
OPTSTK,UBL,27-Oct-2016,660,PE,0,0,0,1.9,3.5,0,0,0,0,17-AUG-2016,
OPTSTK,UBL,27-Oct-2016,680,PE,0,0,0,3.15,5.55,0,0,0,0,17-AUG-2016,
OPTSTK,UBL,27-Oct-2016,700,PE,0,0,0,5,8.45,0,0,0,0,17-AUG-2016,
OPTSTK,UBL,27-Oct-2016,720,PE,0,0,0,7.65,12.35,0,0,0,0,17-AUG-2016,
OPTSTK,UBL,27-Oct-2016,740,PE,0,0,0,11.25,17.4,0,0,0,0,17-AUG-2016,
OPTSTK,UBL,27-Oct-2016,760,PE,0,0,0,15.9,23.65,0,0,0,0,17-AUG-2016,
OPTSTK,UBL,27-Oct-2016,780,PE,0,0,0,21.75,31.3,0,0,0,0,17-AUG-2016,
OPTSTK,UBL,27-Oct-2016,800,PE,0,0,0,28.95,40.3,0,0,0,0,17-AUG-2016,
OPTSTK,UBL,27-Oct-2016,820,PE,0,0,0,37.55,50.7,0,0,0,0,17-AUG-2016,
OPTSTK,UBL,27-Oct-2016,840,PE,0,0,0,47.45,62.4,0,0,0,0,17-AUG-2016,
OPTSTK,UBL,27-Oct-2016,860,PE,0,0,0,58.7,75.4,0,0,0,0,17-AUG-2016,
OPTSTK,UBL,27-Oct-2016,880,PE,0,0,0,71.2,89.5,0,0,0,0,17-AUG-2016,
OPTSTK,UBL,27-Oct-2016,900,PE,0,0,0,84.9,104.65,0,0,0,0,17-AUG-2016,
OPTSTK,UBL,27-Oct-2016,920,PE,0,0,0,99.7,120.65,0,0,0,0,17-AUG-2016,
OPTSTK,UBL,27-Oct-2016,940,PE,0,0,0,115.3,137.4,0,0,0,0,17-AUG-2016,
OPTSTK,UBL,27-Oct-2016,960,PE,0,0,0,131.75,154.8,0,0,0,0,17-AUG-2016,
OPTSTK,UBL,27-Oct-2016,980,PE,0,0,0,148.85,172.7,0,0,0,0,17-AUG-2016,
OPTSTK,UBL,27-Oct-2016,1000,PE,0,0,0,166.55,191,0,0,0,0,17-AUG-2016,
OPTSTK,UBL,27-Oct-2016,1020,PE,0,0,0,184.65,209.7,0,0,0,0,17-AUG-2016,
OPTSTK,UBL,27-Oct-2016,1040,PE,0,0,0,203.15,228.65,0,0,0,0,17-AUG-2016,
OPTSTK,ULTRACEMCO,25-Aug-2016,2250,CE,0,0,0,1004.3,1452.7,0,0,0,0,17-AUG-2016,
OPTSTK,ULTRACEMCO,25-Aug-2016,2300,CE,0,0,0,955.5,1402.75,0,0,0,0,17-AUG-2016,
OPTSTK,ULTRACEMCO,25-Aug-2016,2350,CE,0,0,0,906.85,1352.85,0,0,0,0,17-AUG-2016,
OPTSTK,ULTRACEMCO,25-Aug-2016,2400,CE,0,0,0,858.45,1302.9,0,0,0,0,17-AUG-2016,
OPTSTK,ULTRACEMCO,25-Aug-2016,2450,CE,0,0,0,810.35,1253,0,0,0,0,17-AUG-2016,
OPTSTK,ULTRACEMCO,25-Aug-2016,2500,CE,0,0,0,762.65,1203.05,0,0,0,0,17-AUG-2016,
OPTSTK,ULTRACEMCO,25-Aug-2016,2550,CE,0,0,0,715.5,1153.15,0,0,0,0,17-AUG-2016,
OPTSTK,ULTRACEMCO,25-Aug-2016,2600,CE,0,0,0,669,1103.2,0,0,0,0,17-AUG-2016,
OPTSTK,ULTRACEMCO,25-Aug-2016,2650,CE,0,0,0,623.3,1053.3,0,0,0,0,17-AUG-2016,
OPTSTK,ULTRACEMCO,25-Aug-2016,2700,CE,0,0,0,578.55,1003.35,0,0,0,0,17-AUG-2016,
OPTSTK,ULTRACEMCO,25-Aug-2016,2750,CE,0,0,0,534.9,953.45,0,0,0,0,17-AUG-2016,
OPTSTK,ULTRACEMCO,25-Aug-2016,2800,CE,0,0,0,492.55,903.5,0,0,0,0,17-AUG-2016,
OPTSTK,ULTRACEMCO,25-Aug-2016,2850,CE,0,0,0,451.65,853.6,0,0,0,0,17-AUG-2016,
OPTSTK,ULTRACEMCO,25-Aug-2016,2900,CE,0,0,0,795,803.65,0,0,400,0,17-AUG-2016,
OPTSTK,ULTRACEMCO,25-Aug-2016,2950,CE,0,0,0,860,753.75,0,0,400,0,17-AUG-2016,
OPTSTK,ULTRACEMCO,25-Aug-2016,3000,CE,0,0,0,339.2,703.8,0,0,0,0,17-AUG-2016,
OPTSTK,ULTRACEMCO,25-Aug-2016,3050,CE,0,0,0,305.4,653.9,0,0,0,0,17-AUG-2016,
OPTSTK,ULTRACEMCO,25-Aug-2016,3100,CE,0,0,0,273.8,603.95,0,0,0,0,17-AUG-2016,
OPTSTK,ULTRACEMCO,25-Aug-2016,3150,CE,0,0,0,244.3,554.05,0,0,0,0,17-AUG-2016,
OPTSTK,ULTRACEMCO,25-Aug-2016,3200,CE,0,0,0,634,504.1,0,0,0,0,17-AUG-2016,
OPTSTK,ULTRACEMCO,25-Aug-2016,3250,CE,0,0,0,541,454.2,0,0,200,0,17-AUG-2016,
OPTSTK,ULTRACEMCO,25-Aug-2016,3300,CE,0,0,0,534,404.3,0,0,200,0,17-AUG-2016,
OPTSTK,ULTRACEMCO,25-Aug-2016,3350,CE,0,0,0,390,354.5,0,0,1200,0,17-AUG-2016,
OPTSTK,ULTRACEMCO,25-Aug-2016,3400,CE,0,0,0,336,305,0,0,200,0,17-AUG-2016,
OPTSTK,ULTRACEMCO,25-Aug-2016,3450,CE,0,0,0,285,256.15,0,0,600,0,17-AUG-2016,
OPTSTK,ULTRACEMCO,25-Aug-2016,3500,CE,0,0,0,265,208.75,0,0,800,0,17-AUG-2016,
OPTSTK,ULTRACEMCO,25-Aug-2016,3550,CE,0,0,0,214,163.9,0,0,2200,0,17-AUG-2016,
OPTSTK,ULTRACEMCO,25-Aug-2016,3600,CE,121,121,110,110,110,2,14.86,3400,0,17-AUG-2016,
OPTSTK,ULTRACEMCO,25-Aug-2016,3650,CE,0,0,0,105.05,87.65,0,0,1600,0,17-AUG-2016,
OPTSTK,ULTRACEMCO,25-Aug-2016,3700,CE,65.3,65.3,49.1,60.5,60.5,27,202.89,11600,0,17-AUG-2016,
OPTSTK,ULTRACEMCO,25-Aug-2016,3750,CE,45,45.3,32,40.5,40.5,41,310.61,7000,1400,17-AUG-2016,
OPTSTK,ULTRACEMCO,25-Aug-2016,3800,CE,26,28,19,23.1,23.1,83,634.37,17600,1400,17-AUG-2016,
OPTSTK,ULTRACEMCO,25-Aug-2016,3850,CE,16.95,16.95,11.2,13.9,13.9,13,100.46,7800,-400,17-AUG-2016,
OPTSTK,ULTRACEMCO,25-Aug-2016,3900,CE,9.55,9.55,6.8,8.65,8.65,10,78.16,12000,400,17-AUG-2016,
OPTSTK,ULTRACEMCO,25-Aug-2016,3950,CE,0,0,0,8.05,2.9,0,0,3400,0,17-AUG-2016,
OPTSTK,ULTRACEMCO,25-Aug-2016,4000,CE,0,0,0,9.05,1.25,0,0,17200,0,17-AUG-2016,
OPTSTK,ULTRACEMCO,25-Aug-2016,4050,CE,0,0,0,10.15,0.5,0,0,200,0,17-AUG-2016,
OPTSTK,ULTRACEMCO,25-Aug-2016,4100,CE,0,0,0,0.75,0.2,0,0,200,0,17-AUG-2016,
OPTSTK,ULTRACEMCO,25-Aug-2016,4150,CE,0,0,0,9.9,0.1,0,0,0,0,17-AUG-2016,
OPTSTK,ULTRACEMCO,25-Aug-2016,4200,CE,0,0,0,8.1,0.05,0,0,0,0,17-AUG-2016,
OPTSTK,ULTRACEMCO,25-Aug-2016,4250,CE,0,0,0,6.7,0.05,0,0,0,0,17-AUG-2016,
OPTSTK,ULTRACEMCO,25-Aug-2016,4300,CE,0,0,0,7.6,0,0,0,0,0,17-AUG-2016,
OPTSTK,ULTRACEMCO,25-Aug-2016,2250,PE,0,0,0,0.5,0,0,0,0,0,17-AUG-2016,
OPTSTK,ULTRACEMCO,25-Aug-2016,2300,PE,0,0,0,0.8,0,0,0,0,0,17-AUG-2016,
OPTSTK,ULTRACEMCO,25-Aug-2016,2350,PE,0,0,0,1.3,0,0,0,0,0,17-AUG-2016,
OPTSTK,ULTRACEMCO,25-Aug-2016,2400,PE,0,0,0,2,0,0,0,0,0,17-AUG-2016,
OPTSTK,ULTRACEMCO,25-Aug-2016,2450,PE,0,0,0,3,0,0,0,0,0,17-AUG-2016,
OPTSTK,ULTRACEMCO,25-Aug-2016,2500,PE,0,0,0,4.45,0,0,0,0,0,17-AUG-2016,
OPTSTK,ULTRACEMCO,25-Aug-2016,2550,PE,0,0,0,6.35,0,0,0,0,0,17-AUG-2016,
OPTSTK,ULTRACEMCO,25-Aug-2016,2600,PE,0,0,0,8.95,0,0,0,0,0,17-AUG-2016,
OPTSTK,ULTRACEMCO,25-Aug-2016,2650,PE,0,0,0,12.35,0,0,0,0,0,17-AUG-2016,
OPTSTK,ULTRACEMCO,25-Aug-2016,2700,PE,0,0,0,16.7,0,0,0,0,0,17-AUG-2016,
OPTSTK,ULTRACEMCO,25-Aug-2016,2750,PE,0,0,0,22.2,0,0,0,0,0,17-AUG-2016,
OPTSTK,ULTRACEMCO,25-Aug-2016,2800,PE,0,0,0,28.95,0,0,0,0,0,17-AUG-2016,
OPTSTK,ULTRACEMCO,25-Aug-2016,2850,PE,0,0,0,37.15,0,0,0,0,0,17-AUG-2016,
OPTSTK,ULTRACEMCO,25-Aug-2016,2900,PE,0,0,0,46.95,0,0,0,0,0,17-AUG-2016,
OPTSTK,ULTRACEMCO,25-Aug-2016,2950,PE,0,0,0,58.65,0,0,0,0,0,17-AUG-2016,
OPTSTK,ULTRACEMCO,25-Aug-2016,3000,PE,0,0,0,72.05,0,0,0,0,0,17-AUG-2016,
OPTSTK,ULTRACEMCO,25-Aug-2016,3050,PE,0,0,0,87.35,0,0,0,0,0,17-AUG-2016,
OPTSTK,ULTRACEMCO,25-Aug-2016,3100,PE,0,0,0,104.85,0,0,0,0,0,17-AUG-2016,
OPTSTK,ULTRACEMCO,25-Aug-2016,3150,PE,0,0,0,124.5,0,0,0,0,0,17-AUG-2016,
OPTSTK,ULTRACEMCO,25-Aug-2016,3200,PE,0,0,0,5.5,0,0,0,400,0,17-AUG-2016,
OPTSTK,ULTRACEMCO,25-Aug-2016,3250,PE,0,0,0,170.2,0.05,0,0,0,0,17-AUG-2016,
OPTSTK,ULTRACEMCO,25-Aug-2016,3300,PE,0,0,0,38.65,0.05,0,0,400,0,17-AUG-2016,
OPTSTK,ULTRACEMCO,25-Aug-2016,3350,PE,0,0,0,2.9,0.2,0,0,2200,0,17-AUG-2016,
OPTSTK,ULTRACEMCO,25-Aug-2016,3400,PE,0,0,0,10,0.6,0,0,2800,0,17-AUG-2016,
OPTSTK,ULTRACEMCO,25-Aug-2016,3450,PE,6,6,6,6,6,2,13.82,1600,0,17-AUG-2016,
OPTSTK,ULTRACEMCO,25-Aug-2016,3500,PE,0,0,0,4,4.2,0,0,5600,0,17-AUG-2016,
OPTSTK,ULTRACEMCO,25-Aug-2016,3550,PE,14.6,14.6,12.2,12.2,12.2,2,14.25,3000,0,17-AUG-2016,
OPTSTK,ULTRACEMCO,25-Aug-2016,3600,PE,15.95,25,14.85,16,16,22,159.24,11000,600,17-AUG-2016,
OPTSTK,ULTRACEMCO,25-Aug-2016,3650,PE,25,42.5,25,30.85,30.85,40,294.78,6000,2200,17-AUG-2016,
OPTSTK,ULTRACEMCO,25-Aug-2016,3700,PE,47.45,62,47.45,53.8,53.8,38,285.37,4600,-2600,17-AUG-2016,
OPTSTK,ULTRACEMCO,25-Aug-2016,3750,PE,65.2,74.55,65.2,74.55,74.55,2,15.27,2400,0,17-AUG-2016,
OPTSTK,ULTRACEMCO,25-Aug-2016,3800,PE,0,0,0,100,117,0,0,5200,0,17-AUG-2016,
OPTSTK,ULTRACEMCO,25-Aug-2016,3850,PE,0,0,0,150,156.9,0,0,400,0,17-AUG-2016,
OPTSTK,ULTRACEMCO,25-Aug-2016,3900,PE,0,0,0,123,200.95,0,0,200,0,17-AUG-2016,
OPTSTK,ULTRACEMCO,25-Aug-2016,3950,PE,0,0,0,687.3,247.65,0,0,0,0,17-AUG-2016,
OPTSTK,ULTRACEMCO,25-Aug-2016,4000,PE,0,0,0,200,296,0,0,200,0,17-AUG-2016,
OPTSTK,ULTRACEMCO,25-Aug-2016,4050,PE,0,0,0,778.8,345.15,0,0,0,0,17-AUG-2016,
OPTSTK,ULTRACEMCO,25-Aug-2016,4100,PE,0,0,0,825.3,394.75,0,0,0,0,17-AUG-2016,
OPTSTK,ULTRACEMCO,25-Aug-2016,4150,PE,0,0,0,872.25,444.6,0,0,0,0,17-AUG-2016,
OPTSTK,ULTRACEMCO,25-Aug-2016,4200,PE,0,0,0,919.55,494.45,0,0,0,0,17-AUG-2016,
OPTSTK,ULTRACEMCO,25-Aug-2016,4250,PE,0,0,0,934.75,544.35,0,0,0,0,17-AUG-2016,
OPTSTK,ULTRACEMCO,25-Aug-2016,4300,PE,0,0,0,906.25,594.3,0,0,0,0,17-AUG-2016,
OPTSTK,ULTRACEMCO,29-Sep-2016,2400,CE,0,0,0,1053.9,1318.75,0,0,0,0,17-AUG-2016,
OPTSTK,ULTRACEMCO,29-Sep-2016,2450,CE,0,0,0,1005.05,1269.15,0,0,0,0,17-AUG-2016,
OPTSTK,ULTRACEMCO,29-Sep-2016,2500,CE,0,0,0,956.35,1219.55,0,0,0,0,17-AUG-2016,
OPTSTK,ULTRACEMCO,29-Sep-2016,2550,CE,0,0,0,907.9,1169.95,0,0,0,0,17-AUG-2016,
OPTSTK,ULTRACEMCO,29-Sep-2016,2600,CE,0,0,0,859.7,1120.35,0,0,0,0,17-AUG-2016,
OPTSTK,ULTRACEMCO,29-Sep-2016,2650,CE,0,0,0,811.85,1070.8,0,0,0,0,17-AUG-2016,
OPTSTK,ULTRACEMCO,29-Sep-2016,2700,CE,0,0,0,764.45,1021.2,0,0,0,0,17-AUG-2016,
OPTSTK,ULTRACEMCO,29-Sep-2016,2750,CE,0,0,0,717.6,971.6,0,0,0,0,17-AUG-2016,
OPTSTK,ULTRACEMCO,29-Sep-2016,2800,CE,0,0,0,671.45,922.05,0,0,0,0,17-AUG-2016,
OPTSTK,ULTRACEMCO,29-Sep-2016,2850,CE,0,0,0,626.2,872.5,0,0,0,0,17-AUG-2016,
OPTSTK,ULTRACEMCO,29-Sep-2016,2900,CE,0,0,0,581.9,823,0,0,0,0,17-AUG-2016,
OPTSTK,ULTRACEMCO,29-Sep-2016,2950,CE,0,0,0,538.75,773.6,0,0,0,0,17-AUG-2016,
OPTSTK,ULTRACEMCO,29-Sep-2016,3000,CE,0,0,0,496.85,724.3,0,0,0,0,17-AUG-2016,
OPTSTK,ULTRACEMCO,29-Sep-2016,3050,CE,0,0,0,456.45,675.2,0,0,0,0,17-AUG-2016,
OPTSTK,ULTRACEMCO,29-Sep-2016,3100,CE,0,0,0,417.6,626.45,0,0,0,0,17-AUG-2016,
OPTSTK,ULTRACEMCO,29-Sep-2016,3150,CE,0,0,0,380.6,578.15,0,0,0,0,17-AUG-2016,
OPTSTK,ULTRACEMCO,29-Sep-2016,3200,CE,0,0,0,345.15,530.45,0,0,0,0,17-AUG-2016,
OPTSTK,ULTRACEMCO,29-Sep-2016,3250,CE,0,0,0,311.8,483.65,0,0,0,0,17-AUG-2016,
OPTSTK,ULTRACEMCO,29-Sep-2016,3300,CE,0,0,0,280.45,437.95,0,0,0,0,17-AUG-2016,
OPTSTK,ULTRACEMCO,29-Sep-2016,3350,CE,0,0,0,251.15,393.6,0,0,0,0,17-AUG-2016,
OPTSTK,ULTRACEMCO,29-Sep-2016,3400,CE,0,0,0,223.95,350.95,0,0,0,0,17-AUG-2016,
OPTSTK,ULTRACEMCO,29-Sep-2016,3450,CE,0,0,0,198.8,310.3,0,0,0,0,17-AUG-2016,
OPTSTK,ULTRACEMCO,29-Sep-2016,3500,CE,0,0,0,175.7,271.9,0,0,0,0,17-AUG-2016,
OPTSTK,ULTRACEMCO,29-Sep-2016,3550,CE,0,0,0,154.6,236,0,0,0,0,17-AUG-2016,
OPTSTK,ULTRACEMCO,29-Sep-2016,3600,CE,165.5,188.4,165.5,188.4,188.4,2,15.1,200,200,17-AUG-2016,
OPTSTK,ULTRACEMCO,29-Sep-2016,3650,CE,0,0,0,118.15,172.75,0,0,0,0,17-AUG-2016,
OPTSTK,ULTRACEMCO,29-Sep-2016,3700,CE,0,0,0,102.65,145.55,0,0,0,0,17-AUG-2016,
OPTSTK,ULTRACEMCO,29-Sep-2016,3750,CE,0,0,0,88.8,121.35,0,0,0,0,17-AUG-2016,
OPTSTK,ULTRACEMCO,29-Sep-2016,3800,CE,95,95,92.5,92.5,92.5,2,15.57,600,400,17-AUG-2016,
OPTSTK,ULTRACEMCO,29-Sep-2016,3850,CE,0,0,0,65.7,81.7,0,0,0,0,17-AUG-2016,
OPTSTK,ULTRACEMCO,29-Sep-2016,3900,CE,0,0,0,85.3,65.95,0,0,800,0,17-AUG-2016,
OPTSTK,ULTRACEMCO,29-Sep-2016,3950,CE,0,0,0,47.8,52.85,0,0,0,0,17-AUG-2016,
OPTSTK,ULTRACEMCO,29-Sep-2016,4000,CE,0,0,0,75,41.7,0,0,800,0,17-AUG-2016,
OPTSTK,ULTRACEMCO,29-Sep-2016,4050,CE,0,0,0,73.75,32.6,0,0,400,0,17-AUG-2016,
OPTSTK,ULTRACEMCO,29-Sep-2016,4100,CE,0,0,0,28.8,25.25,0,0,0,0,17-AUG-2016,
OPTSTK,ULTRACEMCO,29-Sep-2016,4150,CE,0,0,0,24.15,19.35,0,0,0,0,17-AUG-2016,
OPTSTK,ULTRACEMCO,29-Sep-2016,4200,CE,0,0,0,20.2,14.65,0,0,0,0,17-AUG-2016,
OPTSTK,ULTRACEMCO,29-Sep-2016,4250,CE,0,0,0,16.8,11,0,0,0,0,17-AUG-2016,
OPTSTK,ULTRACEMCO,29-Sep-2016,4300,CE,0,0,0,13.95,8.15,0,0,0,0,17-AUG-2016,
OPTSTK,ULTRACEMCO,29-Sep-2016,2400,PE,0,0,0,0.5,0,0,0,0,0,17-AUG-2016,
OPTSTK,ULTRACEMCO,29-Sep-2016,2450,PE,0,0,0,0.75,0,0,0,0,0,17-AUG-2016,
OPTSTK,ULTRACEMCO,29-Sep-2016,2500,PE,0,0,0,1.2,0,0,0,0,0,17-AUG-2016,
OPTSTK,ULTRACEMCO,29-Sep-2016,2550,PE,0,0,0,1.85,0,0,0,0,0,17-AUG-2016,
OPTSTK,ULTRACEMCO,29-Sep-2016,2600,PE,0,0,0,2.75,0,0,0,0,0,17-AUG-2016,
OPTSTK,ULTRACEMCO,29-Sep-2016,2650,PE,0,0,0,4,0,0,0,0,0,17-AUG-2016,
OPTSTK,ULTRACEMCO,29-Sep-2016,2700,PE,0,0,0,5.7,0.05,0,0,0,0,17-AUG-2016,
OPTSTK,ULTRACEMCO,29-Sep-2016,2750,PE,0,0,0,8,0.05,0,0,0,0,17-AUG-2016,
OPTSTK,ULTRACEMCO,29-Sep-2016,2800,PE,0,0,0,11,0.05,0,0,0,0,17-AUG-2016,
OPTSTK,ULTRACEMCO,29-Sep-2016,2850,PE,0,0,0,14.85,0.1,0,0,0,0,17-AUG-2016,
OPTSTK,ULTRACEMCO,29-Sep-2016,2900,PE,0,0,0,19.65,0.2,0,0,0,0,17-AUG-2016,
OPTSTK,ULTRACEMCO,29-Sep-2016,2950,PE,0,0,0,25.6,0.4,0,0,0,0,17-AUG-2016,
OPTSTK,ULTRACEMCO,29-Sep-2016,3000,PE,0,0,0,32.85,0.7,0,0,0,0,17-AUG-2016,
OPTSTK,ULTRACEMCO,29-Sep-2016,3050,PE,0,0,0,41.55,1.2,0,0,0,0,17-AUG-2016,
OPTSTK,ULTRACEMCO,29-Sep-2016,3100,PE,0,0,0,51.85,2.05,0,0,0,0,17-AUG-2016,
OPTSTK,ULTRACEMCO,29-Sep-2016,3150,PE,0,0,0,63.95,3.35,0,0,0,0,17-AUG-2016,
OPTSTK,ULTRACEMCO,29-Sep-2016,3200,PE,0,0,0,77.6,5.25,0,0,0,0,17-AUG-2016,
OPTSTK,ULTRACEMCO,29-Sep-2016,3250,PE,0,0,0,93.4,8.05,0,0,0,0,17-AUG-2016,
OPTSTK,ULTRACEMCO,29-Sep-2016,3300,PE,0,0,0,111.15,11.9,0,0,0,0,17-AUG-2016,
OPTSTK,ULTRACEMCO,29-Sep-2016,3350,PE,0,0,0,131,17.2,0,0,0,0,17-AUG-2016,
OPTSTK,ULTRACEMCO,29-Sep-2016,3400,PE,0,0,0,152.9,24.15,0,0,0,0,17-AUG-2016,
OPTSTK,ULTRACEMCO,29-Sep-2016,3450,PE,0,0,0,176.85,33.1,0,0,0,0,17-AUG-2016,
OPTSTK,ULTRACEMCO,29-Sep-2016,3500,PE,44.95,44.95,44,44,44,3,21.26,600,400,17-AUG-2016,
OPTSTK,ULTRACEMCO,29-Sep-2016,3550,PE,0,0,0,230.9,58,0,0,0,0,17-AUG-2016,
OPTSTK,ULTRACEMCO,29-Sep-2016,3600,PE,0,0,0,63,74.5,0,0,200,0,17-AUG-2016,
OPTSTK,ULTRACEMCO,29-Sep-2016,3650,PE,0,0,0,292.65,93.9,0,0,0,0,17-AUG-2016,
OPTSTK,ULTRACEMCO,29-Sep-2016,3700,PE,0,0,0,326.25,116.3,0,0,0,0,17-AUG-2016,
OPTSTK,ULTRACEMCO,29-Sep-2016,3750,PE,0,0,0,361.5,141.7,0,0,0,0,17-AUG-2016,
OPTSTK,ULTRACEMCO,29-Sep-2016,3800,PE,0,0,0,131,170.05,0,0,200,0,17-AUG-2016,
OPTSTK,ULTRACEMCO,29-Sep-2016,3850,PE,0,0,0,436.65,201.25,0,0,0,0,17-AUG-2016,
OPTSTK,ULTRACEMCO,29-Sep-2016,3900,PE,0,0,0,476.25,235.1,0,0,0,0,17-AUG-2016,
OPTSTK,ULTRACEMCO,29-Sep-2016,3950,PE,0,0,0,258,271.6,0,0,400,0,17-AUG-2016,
OPTSTK,ULTRACEMCO,29-Sep-2016,4000,PE,0,0,0,297.55,310,0,0,400,0,17-AUG-2016,
OPTSTK,ULTRACEMCO,29-Sep-2016,4050,PE,0,0,0,601.7,350.55,0,0,0,0,17-AUG-2016,
OPTSTK,ULTRACEMCO,29-Sep-2016,4100,PE,0,0,0,645.4,392.75,0,0,0,0,17-AUG-2016,
OPTSTK,ULTRACEMCO,29-Sep-2016,4150,PE,0,0,0,689.85,436.45,0,0,0,0,17-AUG-2016,
OPTSTK,ULTRACEMCO,29-Sep-2016,4200,PE,0,0,0,735,481.35,0,0,0,0,17-AUG-2016,
OPTSTK,ULTRACEMCO,29-Sep-2016,4250,PE,0,0,0,780.75,527.3,0,0,0,0,17-AUG-2016,
OPTSTK,ULTRACEMCO,29-Sep-2016,4300,PE,0,0,0,827,574.05,0,0,0,0,17-AUG-2016,
OPTSTK,ULTRACEMCO,27-Oct-2016,2700,CE,0,0,0,1025.4,1035.55,0,0,0,0,17-AUG-2016,
OPTSTK,ULTRACEMCO,27-Oct-2016,2750,CE,0,0,0,976.45,986.35,0,0,0,0,17-AUG-2016,
OPTSTK,ULTRACEMCO,27-Oct-2016,2800,CE,0,0,0,927.6,937.25,0,0,0,0,17-AUG-2016,
OPTSTK,ULTRACEMCO,27-Oct-2016,2850,CE,0,0,0,878.95,888.3,0,0,0,0,17-AUG-2016,
OPTSTK,ULTRACEMCO,27-Oct-2016,2900,CE,0,0,0,830.45,839.55,0,0,0,0,17-AUG-2016,
OPTSTK,ULTRACEMCO,27-Oct-2016,2950,CE,0,0,0,782.3,791.05,0,0,0,0,17-AUG-2016,
OPTSTK,ULTRACEMCO,27-Oct-2016,3000,CE,0,0,0,734.5,742.95,0,0,0,0,17-AUG-2016,
OPTSTK,ULTRACEMCO,27-Oct-2016,3050,CE,0,0,0,687.25,695.3,0,0,0,0,17-AUG-2016,
OPTSTK,ULTRACEMCO,27-Oct-2016,3100,CE,0,0,0,640.65,648.25,0,0,0,0,17-AUG-2016,
OPTSTK,ULTRACEMCO,27-Oct-2016,3150,CE,0,0,0,594.85,602,0,0,0,0,17-AUG-2016,
OPTSTK,ULTRACEMCO,27-Oct-2016,3200,CE,0,0,0,550,556.65,0,0,0,0,17-AUG-2016,
OPTSTK,ULTRACEMCO,27-Oct-2016,3250,CE,0,0,0,506.3,512.4,0,0,0,0,17-AUG-2016,
OPTSTK,ULTRACEMCO,27-Oct-2016,3300,CE,0,0,0,463.95,469.5,0,0,0,0,17-AUG-2016,
OPTSTK,ULTRACEMCO,27-Oct-2016,3350,CE,0,0,0,423.1,428.05,0,0,0,0,17-AUG-2016,
OPTSTK,ULTRACEMCO,27-Oct-2016,3400,CE,0,0,0,383.95,388.25,0,0,0,0,17-AUG-2016,
OPTSTK,ULTRACEMCO,27-Oct-2016,3450,CE,0,0,0,346.7,350.3,0,0,0,0,17-AUG-2016,
OPTSTK,ULTRACEMCO,27-Oct-2016,3500,CE,0,0,0,311.15,314.3,0,0,0,0,17-AUG-2016,
OPTSTK,ULTRACEMCO,27-Oct-2016,3550,CE,0,0,0,277.9,280.45,0,0,0,0,17-AUG-2016,
OPTSTK,ULTRACEMCO,27-Oct-2016,3600,CE,0,0,0,246.85,248.85,0,0,0,0,17-AUG-2016,
OPTSTK,ULTRACEMCO,27-Oct-2016,3650,CE,0,0,0,218.05,219.55,0,0,0,0,17-AUG-2016,
OPTSTK,ULTRACEMCO,27-Oct-2016,3700,CE,0,0,0,191.55,192.55,0,0,0,0,17-AUG-2016,
OPTSTK,ULTRACEMCO,27-Oct-2016,3750,CE,0,0,0,167.3,167.85,0,0,0,0,17-AUG-2016,
OPTSTK,ULTRACEMCO,27-Oct-2016,3800,CE,0,0,0,145.3,145.5,0,0,0,0,17-AUG-2016,
OPTSTK,ULTRACEMCO,27-Oct-2016,3850,CE,0,0,0,125.45,125.35,0,0,0,0,17-AUG-2016,
OPTSTK,ULTRACEMCO,27-Oct-2016,3900,CE,0,0,0,107.7,107.35,0,0,0,0,17-AUG-2016,
OPTSTK,ULTRACEMCO,27-Oct-2016,3950,CE,0,0,0,91.95,91.4,0,0,0,0,17-AUG-2016,
OPTSTK,ULTRACEMCO,27-Oct-2016,4000,CE,0,0,0,78.05,77.35,0,0,0,0,17-AUG-2016,
OPTSTK,ULTRACEMCO,27-Oct-2016,4050,CE,0,0,0,66.1,65.3,0,0,0,0,17-AUG-2016,
OPTSTK,ULTRACEMCO,27-Oct-2016,4100,CE,0,0,0,55.45,54.55,0,0,0,0,17-AUG-2016,
OPTSTK,ULTRACEMCO,27-Oct-2016,4150,CE,0,0,0,46.3,45.4,0,0,0,0,17-AUG-2016,
OPTSTK,ULTRACEMCO,27-Oct-2016,4200,CE,0,0,0,38.45,37.55,0,0,0,0,17-AUG-2016,
OPTSTK,ULTRACEMCO,27-Oct-2016,4250,CE,0,0,0,31.8,30.9,0,0,0,0,17-AUG-2016,
OPTSTK,ULTRACEMCO,27-Oct-2016,4300,CE,0,0,0,26.15,25.3,0,0,0,0,17-AUG-2016,
OPTSTK,ULTRACEMCO,27-Oct-2016,2700,PE,0,0,0,0.3,0.25,0,0,0,0,17-AUG-2016,
OPTSTK,ULTRACEMCO,27-Oct-2016,2750,PE,0,0,0,0.5,0.4,0,0,0,0,17-AUG-2016,
OPTSTK,ULTRACEMCO,27-Oct-2016,2800,PE,0,0,0,0.75,0.65,0,0,0,0,17-AUG-2016,
OPTSTK,ULTRACEMCO,27-Oct-2016,2850,PE,0,0,0,1.2,1,0,0,0,0,17-AUG-2016,
OPTSTK,ULTRACEMCO,27-Oct-2016,2900,PE,0,0,0,1.9,1.6,0,0,0,0,17-AUG-2016,
OPTSTK,ULTRACEMCO,27-Oct-2016,2950,PE,0,0,0,2.85,2.45,0,0,0,0,17-AUG-2016,
OPTSTK,ULTRACEMCO,27-Oct-2016,3000,PE,0,0,0,4.25,3.65,0,0,0,0,17-AUG-2016,
OPTSTK,ULTRACEMCO,27-Oct-2016,3050,PE,0,0,0,6.1,5.35,0,0,0,0,17-AUG-2016,
OPTSTK,ULTRACEMCO,27-Oct-2016,3100,PE,0,0,0,8.65,7.65,0,0,0,0,17-AUG-2016,
OPTSTK,ULTRACEMCO,27-Oct-2016,3150,PE,0,0,0,12,10.7,0,0,0,0,17-AUG-2016,
OPTSTK,ULTRACEMCO,27-Oct-2016,3200,PE,0,0,0,16.3,14.7,0,0,0,0,17-AUG-2016,
OPTSTK,ULTRACEMCO,27-Oct-2016,3250,PE,0,0,0,21.75,19.8,0,0,0,0,17-AUG-2016,
OPTSTK,ULTRACEMCO,27-Oct-2016,3300,PE,0,0,0,28.55,26.2,0,0,0,0,17-AUG-2016,
OPTSTK,ULTRACEMCO,27-Oct-2016,3350,PE,0,0,0,36.8,34.1,0,0,0,0,17-AUG-2016,
OPTSTK,ULTRACEMCO,27-Oct-2016,3400,PE,0,0,0,46.75,43.65,0,0,0,0,17-AUG-2016,
OPTSTK,ULTRACEMCO,27-Oct-2016,3450,PE,0,0,0,58.7,55,0,0,0,0,17-AUG-2016,
OPTSTK,ULTRACEMCO,27-Oct-2016,3500,PE,0,0,0,72.3,68.3,0,0,0,0,17-AUG-2016,
OPTSTK,ULTRACEMCO,27-Oct-2016,3550,PE,0,0,0,88.2,83.8,0,0,0,0,17-AUG-2016,
OPTSTK,ULTRACEMCO,27-Oct-2016,3600,PE,0,0,0,106.3,101.55,0,0,0,0,17-AUG-2016,
OPTSTK,ULTRACEMCO,27-Oct-2016,3650,PE,0,0,0,126.6,121.55,0,0,0,0,17-AUG-2016,
OPTSTK,ULTRACEMCO,27-Oct-2016,3700,PE,0,0,0,149.25,143.9,0,0,0,0,17-AUG-2016,
OPTSTK,ULTRACEMCO,27-Oct-2016,3750,PE,0,0,0,174.1,168.55,0,0,0,0,17-AUG-2016,
OPTSTK,ULTRACEMCO,27-Oct-2016,3800,PE,0,0,0,201.25,195.5,0,0,0,0,17-AUG-2016,
OPTSTK,ULTRACEMCO,27-Oct-2016,3850,PE,0,0,0,230.55,224.7,0,0,0,0,17-AUG-2016,
OPTSTK,ULTRACEMCO,27-Oct-2016,3900,PE,0,0,0,261.95,256.05,0,0,0,0,17-AUG-2016,
OPTSTK,ULTRACEMCO,27-Oct-2016,3950,PE,0,0,0,295.35,289.45,0,0,0,0,17-AUG-2016,
OPTSTK,ULTRACEMCO,27-Oct-2016,4000,PE,0,0,0,330.6,324.75,0,0,0,0,17-AUG-2016,
OPTSTK,ULTRACEMCO,27-Oct-2016,4050,PE,0,0,0,367.8,362,0,0,0,0,17-AUG-2016,
OPTSTK,ULTRACEMCO,27-Oct-2016,4100,PE,0,0,0,406.25,400.6,0,0,0,0,17-AUG-2016,
OPTSTK,ULTRACEMCO,27-Oct-2016,4150,PE,0,0,0,446.25,440.75,0,0,0,0,17-AUG-2016,
OPTSTK,ULTRACEMCO,27-Oct-2016,4200,PE,0,0,0,487.55,482.3,0,0,0,0,17-AUG-2016,
OPTSTK,ULTRACEMCO,27-Oct-2016,4250,PE,0,0,0,530.05,524.95,0,0,0,0,17-AUG-2016,
OPTSTK,ULTRACEMCO,27-Oct-2016,4300,PE,0,0,0,573.55,568.7,0,0,0,0,17-AUG-2016,
OPTSTK,UNIONBANK,25-Aug-2016,80,CE,0,0,0,33,52.25,0,0,0,0,17-AUG-2016,
OPTSTK,UNIONBANK,25-Aug-2016,85,CE,0,0,0,28.65,47.25,0,0,0,0,17-AUG-2016,
OPTSTK,UNIONBANK,25-Aug-2016,90,CE,0,0,0,24.6,42.25,0,0,0,0,17-AUG-2016,
OPTSTK,UNIONBANK,25-Aug-2016,95,CE,0,0,0,20.9,37.25,0,0,0,0,17-AUG-2016,
OPTSTK,UNIONBANK,25-Aug-2016,100,CE,0,0,0,31.75,32.25,0,0,4000,0,17-AUG-2016,
OPTSTK,UNIONBANK,25-Aug-2016,105,CE,0,0,0,14.5,27.3,0,0,0,0,17-AUG-2016,
OPTSTK,UNIONBANK,25-Aug-2016,110,CE,0,0,0,19.5,22.3,0,0,0,0,17-AUG-2016,
OPTSTK,UNIONBANK,25-Aug-2016,115,CE,17,17.2,17,17.2,17.2,2,10.56,12000,8000,17-AUG-2016,
OPTSTK,UNIONBANK,25-Aug-2016,120,CE,13.3,13.3,12,12.5,12.5,3,15.91,88000,-8000,17-AUG-2016,
OPTSTK,UNIONBANK,25-Aug-2016,125,CE,6.55,9.4,6.55,7.95,7.95,45,239.69,452000,-60000,17-AUG-2016,
OPTSTK,UNIONBANK,25-Aug-2016,130,CE,3.6,5.3,3.3,4.2,4.2,608,3267.13,1200000,-312000,17-AUG-2016,
OPTSTK,UNIONBANK,25-Aug-2016,135,CE,1.55,2.8,1.55,2,2,645,3540.72,1460000,160000,17-AUG-2016,
OPTSTK,UNIONBANK,25-Aug-2016,140,CE,0.9,1.35,0.8,0.9,0.9,286,1613.13,1788000,8000,17-AUG-2016,
OPTSTK,UNIONBANK,25-Aug-2016,145,CE,0.4,0.7,0.4,0.45,0.45,66,384.23,420000,-20000,17-AUG-2016,
OPTSTK,UNIONBANK,25-Aug-2016,150,CE,0.3,0.35,0.2,0.2,0.2,34,204.38,736000,0,17-AUG-2016,
OPTSTK,UNIONBANK,25-Aug-2016,155,CE,0.1,0.2,0.1,0.1,0.1,4,24.82,328000,-8000,17-AUG-2016,
OPTSTK,UNIONBANK,25-Aug-2016,160,CE,0.1,0.1,0.1,0.1,0.1,2,12.8,144000,-4000,17-AUG-2016,
OPTSTK,UNIONBANK,25-Aug-2016,165,CE,0,0,0,0.1,0.05,0,0,68000,0,17-AUG-2016,
OPTSTK,UNIONBANK,25-Aug-2016,80,PE,0,0,0,0.8,0,0,0,0,0,17-AUG-2016,
OPTSTK,UNIONBANK,25-Aug-2016,85,PE,0,0,0,1.35,0,0,0,0,0,17-AUG-2016,
OPTSTK,UNIONBANK,25-Aug-2016,90,PE,0,0,0,2.2,0,0,0,0,0,17-AUG-2016,
OPTSTK,UNIONBANK,25-Aug-2016,95,PE,0,0,0,3.4,0,0,0,0,0,17-AUG-2016,
OPTSTK,UNIONBANK,25-Aug-2016,100,PE,0,0,0,0.05,0,0,0,40000,0,17-AUG-2016,
OPTSTK,UNIONBANK,25-Aug-2016,105,PE,0.05,0.05,0.05,0.05,0.05,1,4.2,120000,-4000,17-AUG-2016,
OPTSTK,UNIONBANK,25-Aug-2016,110,PE,0.05,0.1,0.05,0.1,0.1,4,17.61,424000,-16000,17-AUG-2016,
OPTSTK,UNIONBANK,25-Aug-2016,115,PE,0.1,0.15,0.1,0.1,0.1,13,59.85,272000,-28000,17-AUG-2016,
OPTSTK,UNIONBANK,25-Aug-2016,120,PE,0.5,0.5,0.15,0.2,0.2,72,346.43,528000,-32000,17-AUG-2016,
OPTSTK,UNIONBANK,25-Aug-2016,125,PE,1.3,1.35,0.55,0.65,0.65,156,784.77,928000,72000,17-AUG-2016,
OPTSTK,UNIONBANK,25-Aug-2016,130,PE,3.4,3.4,1.4,1.75,1.75,334,1763.48,848000,172000,17-AUG-2016,
OPTSTK,UNIONBANK,25-Aug-2016,135,PE,5.85,5.85,3.8,4.5,4.5,44,245.56,240000,68000,17-AUG-2016,
OPTSTK,UNIONBANK,25-Aug-2016,140,PE,10.05,10.05,8,8,8,6,35.7,88000,-8000,17-AUG-2016,
OPTSTK,UNIONBANK,25-Aug-2016,145,PE,0,0,0,12.65,13.3,0,0,8000,0,17-AUG-2016,
OPTSTK,UNIONBANK,25-Aug-2016,150,PE,0,0,0,14.75,17.9,0,0,8000,0,17-AUG-2016,
OPTSTK,UNIONBANK,25-Aug-2016,155,PE,0,0,0,42.8,22.75,0,0,0,0,17-AUG-2016,
OPTSTK,UNIONBANK,25-Aug-2016,160,PE,0,0,0,32.05,27.7,0,0,12000,0,17-AUG-2016,
OPTSTK,UNIONBANK,25-Aug-2016,165,PE,0,0,0,33.5,32.7,0,0,36000,0,17-AUG-2016,
OPTSTK,UNIONBANK,29-Sep-2016,80,CE,0,0,0,49.8,52.8,0,0,0,0,17-AUG-2016,
OPTSTK,UNIONBANK,29-Sep-2016,85,CE,0,0,0,44.95,47.85,0,0,0,0,17-AUG-2016,
OPTSTK,UNIONBANK,29-Sep-2016,90,CE,0,0,0,40.15,42.95,0,0,0,0,17-AUG-2016,
OPTSTK,UNIONBANK,29-Sep-2016,95,CE,0,0,0,35.5,38.1,0,0,0,0,17-AUG-2016,
OPTSTK,UNIONBANK,29-Sep-2016,100,CE,0,0,0,31.05,33.4,0,0,0,0,17-AUG-2016,
OPTSTK,UNIONBANK,29-Sep-2016,105,CE,0,0,0,26.75,28.85,0,0,0,0,17-AUG-2016,
OPTSTK,UNIONBANK,29-Sep-2016,110,CE,0,0,0,22.8,24.5,0,0,0,0,17-AUG-2016,
OPTSTK,UNIONBANK,29-Sep-2016,115,CE,0,0,0,19.15,20.5,0,0,0,0,17-AUG-2016,
OPTSTK,UNIONBANK,29-Sep-2016,120,CE,0,0,0,15.9,16.9,0,0,0,0,17-AUG-2016,
OPTSTK,UNIONBANK,29-Sep-2016,125,CE,0,0,0,8.75,13.65,0,0,12000,0,17-AUG-2016,
OPTSTK,UNIONBANK,29-Sep-2016,130,CE,7.55,8,7.55,8,8,2,11.02,48000,4000,17-AUG-2016,
OPTSTK,UNIONBANK,29-Sep-2016,135,CE,5.75,6.5,5.75,6.5,6.5,4,22.57,52000,8000,17-AUG-2016,
OPTSTK,UNIONBANK,29-Sep-2016,140,CE,3.7,4.65,3.7,4,4,18,103.79,76000,44000,17-AUG-2016,
OPTSTK,UNIONBANK,29-Sep-2016,145,CE,2.25,2.25,2.25,2.25,2.25,1,5.89,4000,4000,17-AUG-2016,
OPTSTK,UNIONBANK,29-Sep-2016,150,CE,1.65,2,1.65,2,2,5,30.37,32000,20000,17-AUG-2016,
OPTSTK,UNIONBANK,29-Sep-2016,155,CE,0,0,0,3.05,2.75,0,0,0,0,17-AUG-2016,
OPTSTK,UNIONBANK,29-Sep-2016,160,CE,0,0,0,2.3,2,0,0,0,0,17-AUG-2016,
OPTSTK,UNIONBANK,29-Sep-2016,165,CE,0,0,0,1.75,1.45,0,0,0,0,17-AUG-2016,
OPTSTK,UNIONBANK,29-Sep-2016,80,PE,0,0,0,0.05,0.05,0,0,0,0,17-AUG-2016,
OPTSTK,UNIONBANK,29-Sep-2016,85,PE,0,0,0,0.15,0.05,0,0,0,0,17-AUG-2016,
OPTSTK,UNIONBANK,29-Sep-2016,90,PE,0,0,0,0.3,0.1,0,0,0,0,17-AUG-2016,
OPTSTK,UNIONBANK,29-Sep-2016,95,PE,0,0,0,0.55,0.25,0,0,0,0,17-AUG-2016,
OPTSTK,UNIONBANK,29-Sep-2016,100,PE,0,0,0,0.95,0.45,0,0,0,0,17-AUG-2016,
OPTSTK,UNIONBANK,29-Sep-2016,105,PE,0,0,0,1,0.9,0,0,4000,0,17-AUG-2016,
OPTSTK,UNIONBANK,29-Sep-2016,110,PE,0,0,0,2.55,1.55,0,0,0,0,17-AUG-2016,
OPTSTK,UNIONBANK,29-Sep-2016,115,PE,0,0,0,1.4,2.5,0,0,12000,0,17-AUG-2016,
OPTSTK,UNIONBANK,29-Sep-2016,120,PE,2.1,2.1,2.05,2.05,2.05,12,58.59,52000,28000,17-AUG-2016,
OPTSTK,UNIONBANK,29-Sep-2016,125,PE,3,3.3,2.75,3.3,3.3,28,143.33,100000,100000,17-AUG-2016,
OPTSTK,UNIONBANK,29-Sep-2016,130,PE,5.5,5.5,4.55,5.25,5.25,8,43.23,44000,28000,17-AUG-2016,
OPTSTK,UNIONBANK,29-Sep-2016,135,PE,7.8,7.8,7.8,7.8,7.8,2,11.42,8000,8000,17-AUG-2016,
OPTSTK,UNIONBANK,29-Sep-2016,140,PE,0,0,0,15.85,13.3,0,0,0,0,17-AUG-2016,
OPTSTK,UNIONBANK,29-Sep-2016,145,PE,0,0,0,19.3,16.7,0,0,0,0,17-AUG-2016,
OPTSTK,UNIONBANK,29-Sep-2016,150,PE,0,0,0,23.05,20.4,0,0,0,0,17-AUG-2016,
OPTSTK,UNIONBANK,29-Sep-2016,155,PE,0,0,0,27,24.4,0,0,0,0,17-AUG-2016,
OPTSTK,UNIONBANK,29-Sep-2016,160,PE,0,0,0,31.2,28.6,0,0,0,0,17-AUG-2016,
OPTSTK,UNIONBANK,29-Sep-2016,165,PE,0,0,0,35.5,33,0,0,0,0,17-AUG-2016,
OPTSTK,UNIONBANK,27-Oct-2016,80,CE,0,0,0,50.5,53.3,0,0,0,0,17-AUG-2016,
OPTSTK,UNIONBANK,27-Oct-2016,85,CE,0,0,0,45.7,48.45,0,0,0,0,17-AUG-2016,
OPTSTK,UNIONBANK,27-Oct-2016,90,CE,0,0,0,41.05,43.7,0,0,0,0,17-AUG-2016,
OPTSTK,UNIONBANK,27-Oct-2016,95,CE,0,0,0,36.5,39.1,0,0,0,0,17-AUG-2016,
OPTSTK,UNIONBANK,27-Oct-2016,100,CE,0,0,0,32.15,34.65,0,0,0,0,17-AUG-2016,
OPTSTK,UNIONBANK,27-Oct-2016,105,CE,0,0,0,28,30.45,0,0,0,0,17-AUG-2016,
OPTSTK,UNIONBANK,27-Oct-2016,110,CE,0,0,0,24.2,26.5,0,0,0,0,17-AUG-2016,
OPTSTK,UNIONBANK,27-Oct-2016,115,CE,0,0,0,20.65,22.8,0,0,0,0,17-AUG-2016,
OPTSTK,UNIONBANK,27-Oct-2016,120,CE,0,0,0,17.5,19.45,0,0,0,0,17-AUG-2016,
OPTSTK,UNIONBANK,27-Oct-2016,125,CE,0,0,0,14.65,16.45,0,0,0,0,17-AUG-2016,
OPTSTK,UNIONBANK,27-Oct-2016,130,CE,0,0,0,12.15,13.8,0,0,0,0,17-AUG-2016,
OPTSTK,UNIONBANK,27-Oct-2016,135,CE,0,0,0,10,11.45,0,0,0,0,17-AUG-2016,
OPTSTK,UNIONBANK,27-Oct-2016,140,CE,0,0,0,8.15,9.45,0,0,0,0,17-AUG-2016,
OPTSTK,UNIONBANK,27-Oct-2016,145,CE,0,0,0,6.6,7.7,0,0,0,0,17-AUG-2016,
OPTSTK,UNIONBANK,27-Oct-2016,150,CE,0,0,0,5.3,6.25,0,0,0,0,17-AUG-2016,
OPTSTK,UNIONBANK,27-Oct-2016,155,CE,0,0,0,4.25,5.05,0,0,0,0,17-AUG-2016,
OPTSTK,UNIONBANK,27-Oct-2016,160,CE,0,0,0,3.35,4.05,0,0,0,0,17-AUG-2016,
OPTSTK,UNIONBANK,27-Oct-2016,165,CE,0,0,0,2.65,3.25,0,0,0,0,17-AUG-2016,
OPTSTK,UNIONBANK,27-Oct-2016,80,PE,0,0,0,0.15,0.1,0,0,0,0,17-AUG-2016,
OPTSTK,UNIONBANK,27-Oct-2016,85,PE,0,0,0,0.25,0.2,0,0,0,0,17-AUG-2016,
OPTSTK,UNIONBANK,27-Oct-2016,90,PE,0,0,0,0.5,0.4,0,0,0,0,17-AUG-2016,
OPTSTK,UNIONBANK,27-Oct-2016,95,PE,0,0,0,0.85,0.75,0,0,0,0,17-AUG-2016,
OPTSTK,UNIONBANK,27-Oct-2016,100,PE,0,0,0,1.4,1.25,0,0,0,0,17-AUG-2016,
OPTSTK,UNIONBANK,27-Oct-2016,105,PE,0,0,0,2.2,1.95,0,0,0,0,17-AUG-2016,
OPTSTK,UNIONBANK,27-Oct-2016,110,PE,0,0,0,3.3,2.9,0,0,0,0,17-AUG-2016,
OPTSTK,UNIONBANK,27-Oct-2016,115,PE,0,0,0,4.7,4.2,0,0,0,0,17-AUG-2016,
OPTSTK,UNIONBANK,27-Oct-2016,120,PE,0,0,0,6.4,5.75,0,0,0,0,17-AUG-2016,
OPTSTK,UNIONBANK,27-Oct-2016,125,PE,0,0,0,8.5,7.7,0,0,0,0,17-AUG-2016,
OPTSTK,UNIONBANK,27-Oct-2016,130,PE,0,0,0,10.9,9.95,0,0,0,0,17-AUG-2016,
OPTSTK,UNIONBANK,27-Oct-2016,135,PE,0,0,0,13.7,12.55,0,0,0,0,17-AUG-2016,
OPTSTK,UNIONBANK,27-Oct-2016,140,PE,0,0,0,16.75,15.5,0,0,0,0,17-AUG-2016,
OPTSTK,UNIONBANK,27-Oct-2016,145,PE,0,0,0,20.1,18.7,0,0,0,0,17-AUG-2016,
OPTSTK,UNIONBANK,27-Oct-2016,150,PE,0,0,0,23.75,22.15,0,0,0,0,17-AUG-2016,
OPTSTK,UNIONBANK,27-Oct-2016,155,PE,0,0,0,27.55,25.9,0,0,0,0,17-AUG-2016,
OPTSTK,UNIONBANK,27-Oct-2016,160,PE,0,0,0,31.6,29.8,0,0,0,0,17-AUG-2016,
OPTSTK,UNIONBANK,27-Oct-2016,165,PE,0,0,0,35.8,33.95,0,0,0,0,17-AUG-2016,
OPTSTK,UPL,25-Aug-2016,400,CE,0,0,0,201.45,243.2,0,0,0,0,17-AUG-2016,
OPTSTK,UPL,25-Aug-2016,420,CE,0,0,0,182.8,223.25,0,0,0,0,17-AUG-2016,
OPTSTK,UPL,25-Aug-2016,440,CE,0,0,0,164.7,203.3,0,0,0,0,17-AUG-2016,
OPTSTK,UPL,25-Aug-2016,460,CE,0,0,0,147.25,183.3,0,0,0,0,17-AUG-2016,
OPTSTK,UPL,25-Aug-2016,480,CE,0,0,0,129,163.35,0,0,3600,0,17-AUG-2016,
OPTSTK,UPL,25-Aug-2016,500,CE,0,0,0,115,143.35,0,0,0,0,17-AUG-2016,
OPTSTK,UPL,25-Aug-2016,520,CE,0,0,0,100.45,123.4,0,0,0,0,17-AUG-2016,
OPTSTK,UPL,25-Aug-2016,540,CE,0,0,0,77,103.45,0,0,3600,0,17-AUG-2016,
OPTSTK,UPL,25-Aug-2016,560,CE,0,0,0,64.3,83.5,0,0,6000,0,17-AUG-2016,
OPTSTK,UPL,25-Aug-2016,580,CE,0,0,0,54.5,63.85,0,0,8400,0,17-AUG-2016,
OPTSTK,UPL,25-Aug-2016,600,CE,35.9,44,34.85,43.9,43.9,14,107.71,45600,-7200,17-AUG-2016,
OPTSTK,UPL,25-Aug-2016,620,CE,21,29.85,18.6,26.75,26.75,78,603.05,121200,-20400,17-AUG-2016,
OPTSTK,UPL,25-Aug-2016,640,CE,10.5,16.85,9,15.4,15.4,599,4696.82,256800,-111600,17-AUG-2016,
OPTSTK,UPL,25-Aug-2016,660,CE,5.4,8.7,4,7.6,7.6,264,2112.23,261600,10800,17-AUG-2016,
OPTSTK,UPL,25-Aug-2016,680,CE,2.25,4,1.4,3.35,3.35,42,344.18,122400,2400,17-AUG-2016,
OPTSTK,UPL,25-Aug-2016,700,CE,1.65,2.1,0.9,1.4,1.4,36,302.94,213600,-6000,17-AUG-2016,
OPTSTK,UPL,25-Aug-2016,720,CE,0.85,0.9,0.85,0.9,0.9,3,25.95,43200,1200,17-AUG-2016,
OPTSTK,UPL,25-Aug-2016,740,CE,0,0,0,1.25,0.1,0,0,1200,0,17-AUG-2016,
OPTSTK,UPL,25-Aug-2016,400,PE,0,0,0,1.35,0,0,0,0,0,17-AUG-2016,
OPTSTK,UPL,25-Aug-2016,420,PE,0,0,0,2.35,0,0,0,0,0,17-AUG-2016,
OPTSTK,UPL,25-Aug-2016,440,PE,0,0,0,3.9,0,0,0,0,0,17-AUG-2016,
OPTSTK,UPL,25-Aug-2016,460,PE,0,0,0,6.1,0,0,0,0,0,17-AUG-2016,
OPTSTK,UPL,25-Aug-2016,480,PE,0,0,0,0.8,0,0,0,4800,0,17-AUG-2016,
OPTSTK,UPL,25-Aug-2016,500,PE,0.05,0.05,0.05,0.05,0.05,1,6,22800,0,17-AUG-2016,
OPTSTK,UPL,25-Aug-2016,520,PE,0,0,0,0.3,0,0,0,20400,0,17-AUG-2016,
OPTSTK,UPL,25-Aug-2016,540,PE,0.4,0.4,0.15,0.2,0.2,5,32.41,16800,-1200,17-AUG-2016,
OPTSTK,UPL,25-Aug-2016,560,PE,0.7,1,0.65,0.7,0.7,9,60.56,50400,-2400,17-AUG-2016,
OPTSTK,UPL,25-Aug-2016,580,PE,2.25,2.5,1.35,1.65,1.65,69,481.86,164400,36000,17-AUG-2016,
OPTSTK,UPL,25-Aug-2016,600,PE,4.45,5.3,2.2,2.65,2.65,64,463.5,93600,9600,17-AUG-2016,
OPTSTK,UPL,25-Aug-2016,620,PE,8.2,10.15,4.35,5.8,5.8,35,263.39,70800,14400,17-AUG-2016,
OPTSTK,UPL,25-Aug-2016,640,PE,20.25,20.25,11.15,12.55,12.55,15,117.58,20400,6000,17-AUG-2016,
OPTSTK,UPL,25-Aug-2016,660,PE,0,0,0,36.2,23.8,0,0,4800,0,17-AUG-2016,
OPTSTK,UPL,25-Aug-2016,680,PE,0,0,0,100.9,39.3,0,0,0,0,17-AUG-2016,
OPTSTK,UPL,25-Aug-2016,700,PE,0,0,0,71.4,57.3,0,0,1200,0,17-AUG-2016,
OPTSTK,UPL,25-Aug-2016,720,PE,90.75,90.75,90.75,90.75,90.75,1,9.72,2400,0,17-AUG-2016,
OPTSTK,UPL,25-Aug-2016,740,PE,102,102,102,102,102,1,10.1,1200,1200,17-AUG-2016,
OPTSTK,UPL,29-Sep-2016,400,CE,0,0,0,157.35,245.85,0,0,0,0,17-AUG-2016,
OPTSTK,UPL,29-Sep-2016,420,CE,0,0,0,138,226,0,0,0,0,17-AUG-2016,
OPTSTK,UPL,29-Sep-2016,440,CE,0,0,0,119.05,206.2,0,0,0,0,17-AUG-2016,
OPTSTK,UPL,29-Sep-2016,460,CE,0,0,0,100.75,186.4,0,0,0,0,17-AUG-2016,
OPTSTK,UPL,29-Sep-2016,480,CE,0,0,0,83.45,166.7,0,0,0,0,17-AUG-2016,
OPTSTK,UPL,29-Sep-2016,500,CE,0,0,0,67.5,147.2,0,0,0,0,17-AUG-2016,
OPTSTK,UPL,29-Sep-2016,520,CE,0,0,0,53.25,128,0,0,0,0,17-AUG-2016,
OPTSTK,UPL,29-Sep-2016,540,CE,0,0,0,40.95,109.4,0,0,0,0,17-AUG-2016,
OPTSTK,UPL,29-Sep-2016,560,CE,0,0,0,30.65,91.7,0,0,0,0,17-AUG-2016,
OPTSTK,UPL,29-Sep-2016,580,CE,0,0,0,22.35,75.25,0,0,0,0,17-AUG-2016,
OPTSTK,UPL,29-Sep-2016,600,CE,0,0,0,15.85,60.35,0,0,0,0,17-AUG-2016,
OPTSTK,UPL,29-Sep-2016,620,CE,0,0,0,11.05,47.2,0,0,0,0,17-AUG-2016,
OPTSTK,UPL,29-Sep-2016,640,CE,0,0,0,30.5,36.05,0,0,1200,0,17-AUG-2016,
OPTSTK,UPL,29-Sep-2016,660,CE,0,0,0,20,26.8,0,0,1200,0,17-AUG-2016,
OPTSTK,UPL,29-Sep-2016,680,CE,16.85,16.85,16.85,16.85,16.85,1,8.36,1200,0,17-AUG-2016,
OPTSTK,UPL,29-Sep-2016,700,CE,0,0,0,2.05,13.8,0,0,0,0,17-AUG-2016,
OPTSTK,UPL,29-Sep-2016,720,CE,8,8,8,8,8,1,8.73,1200,1200,17-AUG-2016,
OPTSTK,UPL,29-Sep-2016,740,CE,5.8,5.8,5.8,5.8,5.8,2,17.89,2400,2400,17-AUG-2016,
OPTSTK,UPL,29-Sep-2016,400,PE,0,0,0,0.2,0,0,0,0,0,17-AUG-2016,
OPTSTK,UPL,29-Sep-2016,420,PE,0,0,0,0.5,0,0,0,0,0,17-AUG-2016,
OPTSTK,UPL,29-Sep-2016,440,PE,0,0,0,1.2,0.05,0,0,0,0,17-AUG-2016,
OPTSTK,UPL,29-Sep-2016,460,PE,0,0,0,2.55,0.1,0,0,0,0,17-AUG-2016,
OPTSTK,UPL,29-Sep-2016,480,PE,0,0,0,4.85,0.2,0,0,0,0,17-AUG-2016,
OPTSTK,UPL,29-Sep-2016,500,PE,0,0,0,8.6,0.55,0,0,0,0,17-AUG-2016,
OPTSTK,UPL,29-Sep-2016,520,PE,0,0,0,13.95,1.2,0,0,0,0,17-AUG-2016,
OPTSTK,UPL,29-Sep-2016,540,PE,2,2,2,2,2,1,6.5,1200,0,17-AUG-2016,
OPTSTK,UPL,29-Sep-2016,560,PE,0,0,0,15,4.6,0,0,1200,0,17-AUG-2016,
OPTSTK,UPL,29-Sep-2016,580,PE,8.75,8.75,8,8.25,8.25,4,28.23,3600,3600,17-AUG-2016,
OPTSTK,UPL,29-Sep-2016,600,PE,0,0,0,55.15,12.9,0,0,0,0,17-AUG-2016,
OPTSTK,UPL,29-Sep-2016,620,PE,0,0,0,70,19.6,0,0,0,0,17-AUG-2016,
OPTSTK,UPL,29-Sep-2016,640,PE,26.35,26.35,26.35,26.35,26.35,1,7.99,1200,1200,17-AUG-2016,
OPTSTK,UPL,29-Sep-2016,660,PE,0,0,0,46,38.85,0,0,2400,0,17-AUG-2016,
OPTSTK,UPL,29-Sep-2016,680,PE,0,0,0,121.1,51.35,0,0,0,0,17-AUG-2016,
OPTSTK,UPL,29-Sep-2016,700,PE,0,0,0,139.55,65.55,0,0,0,0,17-AUG-2016,
OPTSTK,UPL,29-Sep-2016,720,PE,0,0,0,158.45,81.1,0,0,0,0,17-AUG-2016,
OPTSTK,UPL,29-Sep-2016,740,PE,0,0,0,177.6,97.85,0,0,0,0,17-AUG-2016,
OPTSTK,UPL,27-Oct-2016,400,CE,0,0,0,217.25,248,0,0,0,0,17-AUG-2016,
OPTSTK,UPL,27-Oct-2016,420,CE,0,0,0,197.9,228.3,0,0,0,0,17-AUG-2016,
OPTSTK,UPL,27-Oct-2016,440,CE,0,0,0,178.85,208.7,0,0,0,0,17-AUG-2016,
OPTSTK,UPL,27-Oct-2016,460,CE,0,0,0,160.15,189.25,0,0,0,0,17-AUG-2016,
OPTSTK,UPL,27-Oct-2016,480,CE,0,0,0,142.05,170.05,0,0,0,0,17-AUG-2016,
OPTSTK,UPL,27-Oct-2016,500,CE,0,0,0,124.7,151.2,0,0,0,0,17-AUG-2016,
OPTSTK,UPL,27-Oct-2016,520,CE,0,0,0,108.3,133,0,0,0,0,17-AUG-2016,
OPTSTK,UPL,27-Oct-2016,540,CE,0,0,0,93,115.55,0,0,0,0,17-AUG-2016,
OPTSTK,UPL,27-Oct-2016,560,CE,0,0,0,79,99.1,0,0,0,0,17-AUG-2016,
OPTSTK,UPL,27-Oct-2016,580,CE,0,0,0,66.3,83.9,0,0,0,0,17-AUG-2016,
OPTSTK,UPL,27-Oct-2016,600,CE,0,0,0,55.05,70,0,0,0,0,17-AUG-2016,
OPTSTK,UPL,27-Oct-2016,620,CE,0,0,0,45.2,57.65,0,0,0,0,17-AUG-2016,
OPTSTK,UPL,27-Oct-2016,640,CE,0,0,0,36.7,46.8,0,0,0,0,17-AUG-2016,
OPTSTK,UPL,27-Oct-2016,660,CE,0,0,0,29.5,37.45,0,0,0,0,17-AUG-2016,
OPTSTK,UPL,27-Oct-2016,680,CE,0,0,0,23.5,29.6,0,0,0,0,17-AUG-2016,
OPTSTK,UPL,27-Oct-2016,700,CE,0,0,0,18.55,23.05,0,0,0,0,17-AUG-2016,
OPTSTK,UPL,27-Oct-2016,720,CE,0,0,0,14.5,17.75,0,0,0,0,17-AUG-2016,
OPTSTK,UPL,27-Oct-2016,740,CE,0,0,0,11.2,13.5,0,0,0,0,17-AUG-2016,
OPTSTK,UPL,27-Oct-2016,400,PE,0,0,0,0.3,0.05,0,0,0,0,17-AUG-2016,
OPTSTK,UPL,27-Oct-2016,420,PE,0,0,0,0.6,0.1,0,0,0,0,17-AUG-2016,
OPTSTK,UPL,27-Oct-2016,440,PE,0,0,0,1.15,0.25,0,0,0,0,17-AUG-2016,
OPTSTK,UPL,27-Oct-2016,460,PE,0,0,0,2.15,0.5,0,0,0,0,17-AUG-2016,
OPTSTK,UPL,27-Oct-2016,480,PE,0,0,0,3.7,1.05,0,0,0,0,17-AUG-2016,
OPTSTK,UPL,27-Oct-2016,500,PE,0,0,0,6,1.95,0,0,0,0,17-AUG-2016,
OPTSTK,UPL,27-Oct-2016,520,PE,0,0,0,9.25,3.45,0,0,0,0,17-AUG-2016,
OPTSTK,UPL,27-Oct-2016,540,PE,0,0,0,13.65,5.75,0,0,0,0,17-AUG-2016,
OPTSTK,UPL,27-Oct-2016,560,PE,0,0,0,19.25,9.05,0,0,0,0,17-AUG-2016,
OPTSTK,UPL,27-Oct-2016,580,PE,0,0,0,26.25,13.6,0,0,0,0,17-AUG-2016,
OPTSTK,UPL,27-Oct-2016,600,PE,0,0,0,34.65,19.4,0,0,0,0,17-AUG-2016,
OPTSTK,UPL,27-Oct-2016,620,PE,0,0,0,44.45,26.75,0,0,0,0,17-AUG-2016,
OPTSTK,UPL,27-Oct-2016,640,PE,0,0,0,55.65,35.65,0,0,0,0,17-AUG-2016,
OPTSTK,UPL,27-Oct-2016,660,PE,0,0,0,68.1,46.05,0,0,0,0,17-AUG-2016,
OPTSTK,UPL,27-Oct-2016,680,PE,0,0,0,81.7,57.9,0,0,0,0,17-AUG-2016,
OPTSTK,UPL,27-Oct-2016,700,PE,0,0,0,96.4,71.1,0,0,0,0,17-AUG-2016,
OPTSTK,UPL,27-Oct-2016,720,PE,0,0,0,112,85.55,0,0,0,0,17-AUG-2016,
OPTSTK,UPL,27-Oct-2016,740,PE,0,0,0,128.4,101.05,0,0,0,0,17-AUG-2016,
OPTSTK,VEDL,25-Aug-2016,55,CE,0,0,0,50.2,116.2,0,0,0,0,17-AUG-2016,
OPTSTK,VEDL,25-Aug-2016,60,CE,0,0,0,45.45,111.2,0,0,0,0,17-AUG-2016,
OPTSTK,VEDL,25-Aug-2016,65,CE,0,0,0,40.85,106.2,0,0,0,0,17-AUG-2016,
OPTSTK,VEDL,25-Aug-2016,70,CE,0,0,0,36.4,101.2,0,0,0,0,17-AUG-2016,
OPTSTK,VEDL,25-Aug-2016,75,CE,0,0,0,32.2,96.25,0,0,0,0,17-AUG-2016,
OPTSTK,VEDL,25-Aug-2016,80,CE,0,0,0,28.25,91.25,0,0,0,0,17-AUG-2016,
OPTSTK,VEDL,25-Aug-2016,85,CE,0,0,0,24.6,86.25,0,0,0,0,17-AUG-2016,
OPTSTK,VEDL,25-Aug-2016,90,CE,0,0,0,21.25,81.25,0,0,0,0,17-AUG-2016,
OPTSTK,VEDL,25-Aug-2016,95,CE,0,0,0,18.25,76.25,0,0,0,0,17-AUG-2016,
OPTSTK,VEDL,25-Aug-2016,100,CE,0,0,0,67,71.25,0,0,48000,0,17-AUG-2016,
OPTSTK,VEDL,25-Aug-2016,105,CE,0,0,0,13.2,66.3,0,0,0,0,17-AUG-2016,
OPTSTK,VEDL,25-Aug-2016,110,CE,0,0,0,11.15,61.3,0,0,0,0,17-AUG-2016,
OPTSTK,VEDL,25-Aug-2016,115,CE,0,0,0,9.35,56.3,0,0,0,0,17-AUG-2016,
OPTSTK,VEDL,25-Aug-2016,120,CE,0,0,0,47.95,51.3,0,0,90000,0,17-AUG-2016,
OPTSTK,VEDL,25-Aug-2016,125,CE,0,0,0,43.25,46.3,0,0,42000,0,17-AUG-2016,
OPTSTK,VEDL,25-Aug-2016,130,CE,0,0,0,5.4,41.3,0,0,0,0,17-AUG-2016,
OPTSTK,VEDL,25-Aug-2016,135,CE,0,0,0,35.05,36.35,0,0,18000,0,17-AUG-2016,
OPTSTK,VEDL,25-Aug-2016,140,CE,0,0,0,23.45,31.35,0,0,54000,0,17-AUG-2016,
OPTSTK,VEDL,25-Aug-2016,145,CE,0,0,0,18.7,26.4,0,0,18000,0,17-AUG-2016,
OPTSTK,VEDL,25-Aug-2016,150,CE,22.15,22.4,20.6,20.6,20.6,3,30.9,222000,-6000,17-AUG-2016,
OPTSTK,VEDL,25-Aug-2016,155,CE,0,0,0,10.55,17,0,0,174000,0,17-AUG-2016,
OPTSTK,VEDL,25-Aug-2016,160,CE,12.95,13.5,10.1,11.85,11.85,19,196.32,678000,-24000,17-AUG-2016,
OPTSTK,VEDL,25-Aug-2016,165,CE,7.75,9.7,6.75,7.85,7.85,162,1686.8,570000,-78000,17-AUG-2016,
OPTSTK,VEDL,25-Aug-2016,170,CE,4.85,6.45,3.9,4.9,4.9,890,9356.93,2406000,114000,17-AUG-2016,
OPTSTK,VEDL,25-Aug-2016,175,CE,2.8,4.15,2.25,2.9,2.9,931,9958.5,2898000,462000,17-AUG-2016,
OPTSTK,VEDL,25-Aug-2016,180,CE,1.9,2.6,1.3,1.7,1.7,657,7173.91,4470000,210000,17-AUG-2016,
OPTSTK,VEDL,25-Aug-2016,185,CE,1.2,1.5,0.8,1,1,140,1563.72,1014000,48000,17-AUG-2016,
OPTSTK,VEDL,25-Aug-2016,190,CE,0.75,1,0.5,0.6,0.6,338,3867.89,2082000,120000,17-AUG-2016,
OPTSTK,VEDL,25-Aug-2016,195,CE,0.45,0.6,0.3,0.35,0.35,84,984.99,960000,156000,17-AUG-2016,
OPTSTK,VEDL,25-Aug-2016,200,CE,0.25,0.35,0.25,0.25,0.25,79,949.29,1776000,12000,17-AUG-2016,
OPTSTK,VEDL,25-Aug-2016,55,PE,0,0,0,0.15,0,0,0,0,0,17-AUG-2016,
OPTSTK,VEDL,25-Aug-2016,60,PE,0,0,0,0.35,0,0,0,0,0,17-AUG-2016,
OPTSTK,VEDL,25-Aug-2016,65,PE,0,0,0,0.65,0,0,0,0,0,17-AUG-2016,
OPTSTK,VEDL,25-Aug-2016,70,PE,0,0,0,1.1,0,0,0,0,0,17-AUG-2016,
OPTSTK,VEDL,25-Aug-2016,75,PE,0,0,0,1.8,0,0,0,0,0,17-AUG-2016,
OPTSTK,VEDL,25-Aug-2016,80,PE,0,0,0,2.75,0,0,0,0,0,17-AUG-2016,
OPTSTK,VEDL,25-Aug-2016,85,PE,0,0,0,4,0,0,0,0,0,17-AUG-2016,
OPTSTK,VEDL,25-Aug-2016,90,PE,0,0,0,5.6,0,0,0,0,0,17-AUG-2016,
OPTSTK,VEDL,25-Aug-2016,95,PE,0,0,0,0.1,0,0,0,6000,0,17-AUG-2016,
OPTSTK,VEDL,25-Aug-2016,100,PE,0,0,0,0.05,0,0,0,120000,0,17-AUG-2016,
OPTSTK,VEDL,25-Aug-2016,105,PE,0,0,0,12.25,0,0,0,0,0,17-AUG-2016,
OPTSTK,VEDL,25-Aug-2016,110,PE,0,0,0,0.1,0,0,0,6000,0,17-AUG-2016,
OPTSTK,VEDL,25-Aug-2016,115,PE,0,0,0,0.5,0,0,0,6000,0,17-AUG-2016,
OPTSTK,VEDL,25-Aug-2016,120,PE,0,0,0,0.1,0,0,0,258000,0,17-AUG-2016,
OPTSTK,VEDL,25-Aug-2016,125,PE,0.05,0.05,0.05,0.05,0.05,3,22.5,72000,0,17-AUG-2016,
OPTSTK,VEDL,25-Aug-2016,130,PE,0.1,0.1,0.05,0.1,0.1,8,62.44,192000,-6000,17-AUG-2016,
OPTSTK,VEDL,25-Aug-2016,135,PE,0.15,0.15,0.15,0.15,0.15,4,32.43,108000,-6000,17-AUG-2016,
OPTSTK,VEDL,25-Aug-2016,140,PE,0.1,0.15,0.1,0.15,0.15,21,176.54,798000,-18000,17-AUG-2016,
OPTSTK,VEDL,25-Aug-2016,145,PE,0.15,0.15,0.1,0.15,0.15,19,165.46,276000,42000,17-AUG-2016,
OPTSTK,VEDL,25-Aug-2016,150,PE,0.3,0.3,0.2,0.25,0.25,100,901.54,1290000,-78000,17-AUG-2016,
OPTSTK,VEDL,25-Aug-2016,155,PE,0.6,0.6,0.35,0.4,0.4,106,988.61,714000,0,17-AUG-2016,
OPTSTK,VEDL,25-Aug-2016,160,PE,1.1,1.15,0.7,0.8,0.8,278,2684.34,1566000,312000,17-AUG-2016,
OPTSTK,VEDL,25-Aug-2016,165,PE,2.2,2.55,1.6,1.75,1.75,281,2816.18,876000,-24000,17-AUG-2016,
OPTSTK,VEDL,25-Aug-2016,170,PE,4.25,4.95,3.3,3.55,3.55,515,5373.52,1506000,546000,17-AUG-2016,
OPTSTK,VEDL,25-Aug-2016,175,PE,7.2,7.9,6.15,7.7,7.7,35,381.63,228000,60000,17-AUG-2016,
OPTSTK,VEDL,25-Aug-2016,180,PE,10,11,10,11,11,5,57.12,48000,24000,17-AUG-2016,
OPTSTK,VEDL,25-Aug-2016,185,PE,0,0,0,16.65,14.9,0,0,6000,0,17-AUG-2016,
OPTSTK,VEDL,25-Aug-2016,190,PE,19.2,19.2,19.2,19.2,19.2,1,12.55,18000,0,17-AUG-2016,
OPTSTK,VEDL,25-Aug-2016,195,PE,0,0,0,51.2,23.95,0,0,0,0,17-AUG-2016,
OPTSTK,VEDL,25-Aug-2016,200,PE,0,0,0,34,28.75,0,0,6000,0,17-AUG-2016,
OPTSTK,VEDL,29-Sep-2016,80,CE,0,0,0,53.9,91.75,0,0,0,0,17-AUG-2016,
OPTSTK,VEDL,29-Sep-2016,85,CE,0,0,0,49.35,86.8,0,0,0,0,17-AUG-2016,
OPTSTK,VEDL,29-Sep-2016,90,CE,0,0,0,44.95,81.85,0,0,0,0,17-AUG-2016,
OPTSTK,VEDL,29-Sep-2016,95,CE,0,0,0,40.7,76.9,0,0,0,0,17-AUG-2016,
OPTSTK,VEDL,29-Sep-2016,100,CE,0,0,0,36.7,71.95,0,0,0,0,17-AUG-2016,
OPTSTK,VEDL,29-Sep-2016,105,CE,0,0,0,32.9,67,0,0,0,0,17-AUG-2016,
OPTSTK,VEDL,29-Sep-2016,110,CE,0,0,0,29.35,62.05,0,0,0,0,17-AUG-2016,
OPTSTK,VEDL,29-Sep-2016,115,CE,0,0,0,26.05,57.2,0,0,0,0,17-AUG-2016,
OPTSTK,VEDL,29-Sep-2016,120,CE,0,0,0,23.05,52.35,0,0,0,0,17-AUG-2016,
OPTSTK,VEDL,29-Sep-2016,125,CE,0,0,0,20.25,47.55,0,0,0,0,17-AUG-2016,
OPTSTK,VEDL,29-Sep-2016,130,CE,0,0,0,33.9,42.9,0,0,6000,0,17-AUG-2016,
OPTSTK,VEDL,29-Sep-2016,135,CE,0,0,0,15.5,38.4,0,0,0,0,17-AUG-2016,
OPTSTK,VEDL,29-Sep-2016,140,CE,0,0,0,13.5,34.1,0,0,0,0,17-AUG-2016,
OPTSTK,VEDL,29-Sep-2016,145,CE,0,0,0,11.7,30,0,0,0,0,17-AUG-2016,
OPTSTK,VEDL,29-Sep-2016,150,CE,0,0,0,10.15,26.15,0,0,0,0,17-AUG-2016,
OPTSTK,VEDL,29-Sep-2016,155,CE,0,0,0,8.75,22.6,0,0,0,0,17-AUG-2016,
OPTSTK,VEDL,29-Sep-2016,160,CE,0,0,0,11,19.35,0,0,6000,0,17-AUG-2016,
OPTSTK,VEDL,29-Sep-2016,165,CE,0,0,0,11.55,16.4,0,0,24000,0,17-AUG-2016,
OPTSTK,VEDL,29-Sep-2016,170,CE,10.15,10.15,10.15,10.15,10.15,1,10.8,36000,6000,17-AUG-2016,
OPTSTK,VEDL,29-Sep-2016,175,CE,9,9,9,9,9,1,11.04,30000,6000,17-AUG-2016,
OPTSTK,VEDL,29-Sep-2016,180,CE,7,7.35,5.7,6.85,6.85,8,89.54,54000,18000,17-AUG-2016,
OPTSTK,VEDL,29-Sep-2016,185,CE,0,0,0,3.5,7.8,0,0,6000,0,17-AUG-2016,
OPTSTK,VEDL,29-Sep-2016,190,CE,3.8,3.8,3.8,3.8,3.8,1,11.62,48000,0,17-AUG-2016,
OPTSTK,VEDL,29-Sep-2016,195,CE,3.35,3.35,2.9,3.3,3.3,4,47.54,12000,-6000,17-AUG-2016,
OPTSTK,VEDL,29-Sep-2016,200,CE,2.6,2.6,2.1,2.4,2.4,4,48.58,144000,-6000,17-AUG-2016,
OPTSTK,VEDL,29-Sep-2016,80,PE,0,0,0,0.55,0,0,0,0,0,17-AUG-2016,
OPTSTK,VEDL,29-Sep-2016,85,PE,0,0,0,0.9,0,0,0,0,0,17-AUG-2016,
OPTSTK,VEDL,29-Sep-2016,90,PE,0,0,0,1.4,0,0,0,0,0,17-AUG-2016,
OPTSTK,VEDL,29-Sep-2016,95,PE,0,0,0,2.1,0,0,0,0,0,17-AUG-2016,
OPTSTK,VEDL,29-Sep-2016,100,PE,0,0,0,2.95,0.05,0,0,0,0,17-AUG-2016,
OPTSTK,VEDL,29-Sep-2016,105,PE,0,0,0,4.1,0.05,0,0,0,0,17-AUG-2016,
OPTSTK,VEDL,29-Sep-2016,110,PE,0,0,0,5.45,0.1,0,0,0,0,17-AUG-2016,
OPTSTK,VEDL,29-Sep-2016,115,PE,0,0,0,7.1,0.15,0,0,0,0,17-AUG-2016,
OPTSTK,VEDL,29-Sep-2016,120,PE,0,0,0,8.95,0.25,0,0,0,0,17-AUG-2016,
OPTSTK,VEDL,29-Sep-2016,125,PE,0,0,0,11.1,0.45,0,0,0,0,17-AUG-2016,
OPTSTK,VEDL,29-Sep-2016,130,PE,0,0,0,13.55,0.75,0,0,0,0,17-AUG-2016,
OPTSTK,VEDL,29-Sep-2016,135,PE,0,0,0,16.2,1.2,0,0,0,0,17-AUG-2016,
OPTSTK,VEDL,29-Sep-2016,140,PE,1.1,1.1,1.1,1.1,1.1,1,8.46,12000,6000,17-AUG-2016,
OPTSTK,VEDL,29-Sep-2016,145,PE,1.3,1.3,1.3,1.3,1.3,1,8.77,6000,6000,17-AUG-2016,
OPTSTK,VEDL,29-Sep-2016,150,PE,2.45,2.45,2.45,2.45,2.45,2,18.29,6000,6000,17-AUG-2016,
OPTSTK,VEDL,29-Sep-2016,155,PE,3.4,3.8,3.2,3.5,3.5,5,47.53,42000,24000,17-AUG-2016,
OPTSTK,VEDL,29-Sep-2016,160,PE,4.2,5.2,4.2,5.2,5.2,7,69.18,48000,12000,17-AUG-2016,
OPTSTK,VEDL,29-Sep-2016,165,PE,0,0,0,7.7,8.95,0,0,12000,0,17-AUG-2016,
OPTSTK,VEDL,29-Sep-2016,170,PE,8.85,9.7,8.2,8.2,8.2,3,32.2,12000,6000,17-AUG-2016,
OPTSTK,VEDL,29-Sep-2016,175,PE,0,0,0,17,14,0,0,0,0,17-AUG-2016,
OPTSTK,VEDL,29-Sep-2016,180,PE,0,0,0,48.9,16.95,0,0,0,0,17-AUG-2016,
OPTSTK,VEDL,29-Sep-2016,185,PE,0,0,0,50.4,20.2,0,0,0,0,17-AUG-2016,
OPTSTK,VEDL,29-Sep-2016,190,PE,0,0,0,51.8,23.7,0,0,0,0,17-AUG-2016,
OPTSTK,VEDL,29-Sep-2016,195,PE,0,0,0,52.25,27.45,0,0,0,0,17-AUG-2016,
OPTSTK,VEDL,29-Sep-2016,200,PE,0,0,0,52.05,31.4,0,0,0,0,17-AUG-2016,
OPTSTK,VEDL,27-Oct-2016,120,CE,0,0,0,53.7,53.6,0,0,0,0,17-AUG-2016,
OPTSTK,VEDL,27-Oct-2016,125,CE,0,0,0,49.55,49.1,0,0,0,0,17-AUG-2016,
OPTSTK,VEDL,27-Oct-2016,130,CE,0,0,0,45.55,44.75,0,0,0,0,17-AUG-2016,
OPTSTK,VEDL,27-Oct-2016,135,CE,0,0,0,41.7,40.6,0,0,0,0,17-AUG-2016,
OPTSTK,VEDL,27-Oct-2016,140,CE,0,0,0,38.1,36.65,0,0,0,0,17-AUG-2016,
OPTSTK,VEDL,27-Oct-2016,145,CE,0,0,0,34.7,32.9,0,0,0,0,17-AUG-2016,
OPTSTK,VEDL,27-Oct-2016,150,CE,0,0,0,31.5,29.35,0,0,0,0,17-AUG-2016,
OPTSTK,VEDL,27-Oct-2016,155,CE,0,0,0,28.5,26.1,0,0,0,0,17-AUG-2016,
OPTSTK,VEDL,27-Oct-2016,160,CE,0,0,0,25.7,23.05,0,0,0,0,17-AUG-2016,
OPTSTK,VEDL,27-Oct-2016,165,CE,0,0,0,23.15,20.3,0,0,0,0,17-AUG-2016,
OPTSTK,VEDL,27-Oct-2016,170,CE,0,0,0,20.8,17.75,0,0,0,0,17-AUG-2016,
OPTSTK,VEDL,27-Oct-2016,175,CE,0,0,0,18.6,15.5,0,0,0,0,17-AUG-2016,
OPTSTK,VEDL,27-Oct-2016,180,CE,0,0,0,16.6,13.45,0,0,0,0,17-AUG-2016,
OPTSTK,VEDL,27-Oct-2016,185,CE,0,0,0,14.8,11.6,0,0,0,0,17-AUG-2016,
OPTSTK,VEDL,27-Oct-2016,190,CE,0,0,0,13.2,10,0,0,0,0,17-AUG-2016,
OPTSTK,VEDL,27-Oct-2016,195,CE,0,0,0,11.7,8.6,0,0,0,0,17-AUG-2016,
OPTSTK,VEDL,27-Oct-2016,200,CE,0,0,0,10.4,7.35,0,0,0,0,17-AUG-2016,
OPTSTK,VEDL,27-Oct-2016,120,PE,0,0,0,2.15,0.9,0,0,0,0,17-AUG-2016,
OPTSTK,VEDL,27-Oct-2016,125,PE,0,0,0,2.9,1.35,0,0,0,0,17-AUG-2016,
OPTSTK,VEDL,27-Oct-2016,130,PE,0,0,0,3.8,1.95,0,0,0,0,17-AUG-2016,
OPTSTK,VEDL,27-Oct-2016,135,PE,0,0,0,4.9,2.7,0,0,0,0,17-AUG-2016,
OPTSTK,VEDL,27-Oct-2016,140,PE,0,0,0,6.2,3.65,0,0,0,0,17-AUG-2016,
OPTSTK,VEDL,27-Oct-2016,145,PE,0,0,0,7.7,4.85,0,0,0,0,17-AUG-2016,
OPTSTK,VEDL,27-Oct-2016,150,PE,0,0,0,9.4,6.25,0,0,0,0,17-AUG-2016,
OPTSTK,VEDL,27-Oct-2016,155,PE,0,0,0,11.35,7.9,0,0,0,0,17-AUG-2016,
OPTSTK,VEDL,27-Oct-2016,160,PE,0,0,0,13.45,9.8,0,0,0,0,17-AUG-2016,
OPTSTK,VEDL,27-Oct-2016,165,PE,0,0,0,15.8,12,0,0,0,0,17-AUG-2016,
OPTSTK,VEDL,27-Oct-2016,170,PE,0,0,0,18.35,14.4,0,0,0,0,17-AUG-2016,
OPTSTK,VEDL,27-Oct-2016,175,PE,0,0,0,21.1,17.05,0,0,0,0,17-AUG-2016,
OPTSTK,VEDL,27-Oct-2016,180,PE,0,0,0,24.05,19.95,0,0,0,0,17-AUG-2016,
OPTSTK,VEDL,27-Oct-2016,185,PE,0,0,0,27.15,23.05,0,0,0,0,17-AUG-2016,
OPTSTK,VEDL,27-Oct-2016,190,PE,0,0,0,30.4,26.35,0,0,0,0,17-AUG-2016,
OPTSTK,VEDL,27-Oct-2016,195,PE,0,0,0,33.85,29.9,0,0,0,0,17-AUG-2016,
OPTSTK,VEDL,27-Oct-2016,200,PE,0,0,0,37.45,33.6,0,0,0,0,17-AUG-2016,
OPTSTK,VOLTAS,25-Aug-2016,240,CE,0,0,0,103.55,126.75,0,0,0,0,17-AUG-2016,
OPTSTK,VOLTAS,25-Aug-2016,250,CE,0,0,0,94.3,116.75,0,0,0,0,17-AUG-2016,
OPTSTK,VOLTAS,25-Aug-2016,260,CE,0,0,0,85.3,106.75,0,0,0,0,17-AUG-2016,
OPTSTK,VOLTAS,25-Aug-2016,270,CE,0,0,0,76.65,96.75,0,0,0,0,17-AUG-2016,
OPTSTK,VOLTAS,25-Aug-2016,280,CE,0,0,0,68.35,86.8,0,0,0,0,17-AUG-2016,
OPTSTK,VOLTAS,25-Aug-2016,290,CE,0,0,0,50,76.8,0,0,4000,0,17-AUG-2016,
OPTSTK,VOLTAS,25-Aug-2016,300,CE,0,0,0,44.5,66.8,0,0,8000,0,17-AUG-2016,
OPTSTK,VOLTAS,25-Aug-2016,310,CE,0,0,0,59.5,56.85,0,0,2000,0,17-AUG-2016,
OPTSTK,VOLTAS,25-Aug-2016,320,CE,0,0,0,29.5,46.9,0,0,10000,0,17-AUG-2016,
OPTSTK,VOLTAS,25-Aug-2016,330,CE,0,0,0,35,37.15,0,0,14000,0,17-AUG-2016,
OPTSTK,VOLTAS,25-Aug-2016,340,CE,32.65,32.65,26.6,26.6,26.6,3,22.23,72000,-6000,17-AUG-2016,
OPTSTK,VOLTAS,25-Aug-2016,350,CE,19.6,23,16.9,17.4,17.4,19,140.16,156000,-24000,17-AUG-2016,
OPTSTK,VOLTAS,25-Aug-2016,360,CE,13.7,15.6,9.7,10.55,10.55,77,573.75,352000,-18000,17-AUG-2016,
OPTSTK,VOLTAS,25-Aug-2016,370,CE,8.05,8.9,4.95,5.6,5.6,385,2900.44,550000,-4000,17-AUG-2016,
OPTSTK,VOLTAS,25-Aug-2016,380,CE,4.15,4.65,2.3,2.75,2.75,258,1978.07,516000,44000,17-AUG-2016,
OPTSTK,VOLTAS,25-Aug-2016,390,CE,1.55,2.15,1.05,1.2,1.2,84,657.7,408000,56000,17-AUG-2016,
OPTSTK,VOLTAS,25-Aug-2016,400,CE,1.15,1.15,0.5,0.6,0.6,176,1410.73,872000,52000,17-AUG-2016,
OPTSTK,VOLTAS,25-Aug-2016,410,CE,0.45,0.5,0.3,0.3,0.3,29,238.01,138000,4000,17-AUG-2016,
OPTSTK,VOLTAS,25-Aug-2016,420,CE,0.25,0.25,0.2,0.2,0.2,22,184.9,190000,-20000,17-AUG-2016,
OPTSTK,VOLTAS,25-Aug-2016,430,CE,0,0,0,0.1,0.05,0,0,130000,0,17-AUG-2016,
OPTSTK,VOLTAS,25-Aug-2016,440,CE,0,0,0,0.1,0.05,0,0,74000,0,17-AUG-2016,
OPTSTK,VOLTAS,25-Aug-2016,240,PE,0,0,0,0.9,0,0,0,0,0,17-AUG-2016,
OPTSTK,VOLTAS,25-Aug-2016,250,PE,0,0,0,1.45,0,0,0,0,0,17-AUG-2016,
OPTSTK,VOLTAS,25-Aug-2016,260,PE,0,0,0,2.3,0,0,0,0,0,17-AUG-2016,
OPTSTK,VOLTAS,25-Aug-2016,270,PE,0,0,0,3.45,0,0,0,0,0,17-AUG-2016,
OPTSTK,VOLTAS,25-Aug-2016,280,PE,0,0,0,0.05,0,0,0,6000,0,17-AUG-2016,
OPTSTK,VOLTAS,25-Aug-2016,290,PE,0,0,0,0.2,0,0,0,4000,0,17-AUG-2016,
OPTSTK,VOLTAS,25-Aug-2016,300,PE,0,0,0,0.15,0,0,0,82000,0,17-AUG-2016,
OPTSTK,VOLTAS,25-Aug-2016,310,PE,0,0,0,0.2,0.05,0,0,136000,0,17-AUG-2016,
OPTSTK,VOLTAS,25-Aug-2016,320,PE,0.2,0.2,0.2,0.2,0.2,5,32.02,104000,-10000,17-AUG-2016,
OPTSTK,VOLTAS,25-Aug-2016,330,PE,0.45,0.55,0.35,0.45,0.45,20,132.18,186000,-16000,17-AUG-2016,
OPTSTK,VOLTAS,25-Aug-2016,340,PE,0.85,1.25,0.7,0.95,0.95,71,484.17,296000,-20000,17-AUG-2016,
OPTSTK,VOLTAS,25-Aug-2016,350,PE,2.1,2.5,1.5,2,2,88,619.61,220000,-14000,17-AUG-2016,
OPTSTK,VOLTAS,25-Aug-2016,360,PE,4.05,5.5,3,4.5,4.5,156,1136.54,226000,-18000,17-AUG-2016,
OPTSTK,VOLTAS,25-Aug-2016,370,PE,7.2,10.55,6.15,9.15,9.15,59,446.01,114000,14000,17-AUG-2016,
OPTSTK,VOLTAS,25-Aug-2016,380,PE,15,15,12.4,13.4,13.4,4,31.5,12000,-2000,17-AUG-2016,
OPTSTK,VOLTAS,25-Aug-2016,390,PE,0,0,0,49.25,24.8,0,0,6000,0,17-AUG-2016,
OPTSTK,VOLTAS,25-Aug-2016,400,PE,0,0,0,60,33.8,0,0,2000,0,17-AUG-2016,
OPTSTK,VOLTAS,25-Aug-2016,410,PE,0,0,0,72.55,43.3,0,0,0,0,17-AUG-2016,
OPTSTK,VOLTAS,25-Aug-2016,420,PE,0,0,0,80.85,53.15,0,0,0,0,17-AUG-2016,
OPTSTK,VOLTAS,25-Aug-2016,430,PE,0,0,0,89.4,63.05,0,0,0,0,17-AUG-2016,
OPTSTK,VOLTAS,25-Aug-2016,440,PE,0,0,0,98.2,73,0,0,0,0,17-AUG-2016,
OPTSTK,VOLTAS,29-Sep-2016,240,CE,0,0,0,86.85,128.3,0,0,0,0,17-AUG-2016,
OPTSTK,VOLTAS,29-Sep-2016,250,CE,0,0,0,77.4,118.4,0,0,0,0,17-AUG-2016,
OPTSTK,VOLTAS,29-Sep-2016,260,CE,0,0,0,68.2,108.55,0,0,0,0,17-AUG-2016,
OPTSTK,VOLTAS,29-Sep-2016,270,CE,0,0,0,59.35,98.7,0,0,0,0,17-AUG-2016,
OPTSTK,VOLTAS,29-Sep-2016,280,CE,0,0,0,51,89,0,0,0,0,17-AUG-2016,
OPTSTK,VOLTAS,29-Sep-2016,290,CE,0,0,0,43.15,79.4,0,0,0,0,17-AUG-2016,
OPTSTK,VOLTAS,29-Sep-2016,300,CE,0,0,0,36.05,70.05,0,0,0,0,17-AUG-2016,
OPTSTK,VOLTAS,29-Sep-2016,310,CE,0,0,0,29.65,61.05,0,0,0,0,17-AUG-2016,
OPTSTK,VOLTAS,29-Sep-2016,320,CE,0,0,0,24,52.5,0,0,0,0,17-AUG-2016,
OPTSTK,VOLTAS,29-Sep-2016,330,CE,0,0,0,19.15,44.5,0,0,0,0,17-AUG-2016,
OPTSTK,VOLTAS,29-Sep-2016,340,CE,0,0,0,15.1,37.15,0,0,0,0,17-AUG-2016,
OPTSTK,VOLTAS,29-Sep-2016,350,CE,0,0,0,11.7,30.55,0,0,0,0,17-AUG-2016,
OPTSTK,VOLTAS,29-Sep-2016,360,CE,19,19,19,19,19,1,7.58,2000,2000,17-AUG-2016,
OPTSTK,VOLTAS,29-Sep-2016,370,CE,19,19,19,19,19,1,7.78,6000,2000,17-AUG-2016,
OPTSTK,VOLTAS,29-Sep-2016,380,CE,0,0,0,10,15.4,0,0,6000,0,17-AUG-2016,
OPTSTK,VOLTAS,29-Sep-2016,390,CE,0,0,0,8.2,11.9,0,0,4000,0,17-AUG-2016,
OPTSTK,VOLTAS,29-Sep-2016,400,CE,0,0,0,8.9,9.05,0,0,4000,0,17-AUG-2016,
OPTSTK,VOLTAS,29-Sep-2016,410,CE,0,0,0,1.95,6.8,0,0,0,0,17-AUG-2016,
OPTSTK,VOLTAS,29-Sep-2016,420,CE,4.5,4.5,4.5,4.5,4.5,3,25.47,8000,6000,17-AUG-2016,
OPTSTK,VOLTAS,29-Sep-2016,430,CE,0,0,0,1,3.65,0,0,0,0,17-AUG-2016,
OPTSTK,VOLTAS,29-Sep-2016,440,CE,0,0,0,0.7,2.6,0,0,0,0,17-AUG-2016,
OPTSTK,VOLTAS,29-Sep-2016,240,PE,0,0,0,0.4,0.05,0,0,0,0,17-AUG-2016,
OPTSTK,VOLTAS,29-Sep-2016,250,PE,0,0,0,0.75,0.05,0,0,0,0,17-AUG-2016,
OPTSTK,VOLTAS,29-Sep-2016,260,PE,0,0,0,1.35,0.1,0,0,0,0,17-AUG-2016,
OPTSTK,VOLTAS,29-Sep-2016,270,PE,0,0,0,2.35,0.2,0,0,0,0,17-AUG-2016,
OPTSTK,VOLTAS,29-Sep-2016,280,PE,0,0,0,3.8,0.35,0,0,0,0,17-AUG-2016,
OPTSTK,VOLTAS,29-Sep-2016,290,PE,0,0,0,5.8,0.7,0,0,0,0,17-AUG-2016,
OPTSTK,VOLTAS,29-Sep-2016,300,PE,0,0,0,4.4,1.3,0,0,2000,0,17-AUG-2016,
OPTSTK,VOLTAS,29-Sep-2016,310,PE,0,0,0,11.9,2.2,0,0,0,0,17-AUG-2016,
OPTSTK,VOLTAS,29-Sep-2016,320,PE,0,0,0,8.5,3.55,0,0,2000,0,17-AUG-2016,
OPTSTK,VOLTAS,29-Sep-2016,330,PE,0,0,0,13,5.5,0,0,2000,0,17-AUG-2016,
OPTSTK,VOLTAS,29-Sep-2016,340,PE,0,0,0,16,8.05,0,0,2000,0,17-AUG-2016,
OPTSTK,VOLTAS,29-Sep-2016,350,PE,0,0,0,33.25,11.35,0,0,0,0,17-AUG-2016,
OPTSTK,VOLTAS,29-Sep-2016,360,PE,0,0,0,40.35,15.45,0,0,0,0,17-AUG-2016,
OPTSTK,VOLTAS,29-Sep-2016,370,PE,0,0,0,48,20.35,0,0,0,0,17-AUG-2016,
OPTSTK,VOLTAS,29-Sep-2016,380,PE,0,0,0,56.1,26,0,0,0,0,17-AUG-2016,
OPTSTK,VOLTAS,29-Sep-2016,390,PE,0,0,0,64.6,32.4,0,0,0,0,17-AUG-2016,
OPTSTK,VOLTAS,29-Sep-2016,400,PE,0,0,0,73.4,39.45,0,0,0,0,17-AUG-2016,
OPTSTK,VOLTAS,29-Sep-2016,410,PE,0,0,0,82.45,47.1,0,0,0,0,17-AUG-2016,
OPTSTK,VOLTAS,29-Sep-2016,420,PE,0,0,0,91.7,55.25,0,0,0,0,17-AUG-2016,
OPTSTK,VOLTAS,29-Sep-2016,430,PE,0,0,0,101.15,63.8,0,0,0,0,17-AUG-2016,
OPTSTK,VOLTAS,29-Sep-2016,440,PE,0,0,0,110.65,72.7,0,0,0,0,17-AUG-2016,
OPTSTK,VOLTAS,27-Oct-2016,240,CE,0,0,0,110.95,129.7,0,0,0,0,17-AUG-2016,
OPTSTK,VOLTAS,27-Oct-2016,250,CE,0,0,0,101.15,119.95,0,0,0,0,17-AUG-2016,
OPTSTK,VOLTAS,27-Oct-2016,260,CE,0,0,0,91.4,110.25,0,0,0,0,17-AUG-2016,
OPTSTK,VOLTAS,27-Oct-2016,270,CE,0,0,0,81.75,100.75,0,0,0,0,17-AUG-2016,
OPTSTK,VOLTAS,27-Oct-2016,280,CE,0,0,0,72.25,91.4,0,0,0,0,17-AUG-2016,
OPTSTK,VOLTAS,27-Oct-2016,290,CE,0,0,0,63,82.3,0,0,0,0,17-AUG-2016,
OPTSTK,VOLTAS,27-Oct-2016,300,CE,0,0,0,54.1,73.55,0,0,0,0,17-AUG-2016,
OPTSTK,VOLTAS,27-Oct-2016,310,CE,0,0,0,45.7,65.15,0,0,0,0,17-AUG-2016,
OPTSTK,VOLTAS,27-Oct-2016,320,CE,0,0,0,37.95,57.25,0,0,0,0,17-AUG-2016,
OPTSTK,VOLTAS,27-Oct-2016,330,CE,0,0,0,30.9,49.85,0,0,0,0,17-AUG-2016,
OPTSTK,VOLTAS,27-Oct-2016,340,CE,0,0,0,24.7,43.05,0,0,0,0,17-AUG-2016,
OPTSTK,VOLTAS,27-Oct-2016,350,CE,0,0,0,19.35,36.85,0,0,0,0,17-AUG-2016,
OPTSTK,VOLTAS,27-Oct-2016,360,CE,0,0,0,14.9,31.25,0,0,0,0,17-AUG-2016,
OPTSTK,VOLTAS,27-Oct-2016,370,CE,0,0,0,11.2,26.25,0,0,0,0,17-AUG-2016,
OPTSTK,VOLTAS,27-Oct-2016,380,CE,0,0,0,8.3,21.9,0,0,0,0,17-AUG-2016,
OPTSTK,VOLTAS,27-Oct-2016,390,CE,0,0,0,6.05,18.1,0,0,0,0,17-AUG-2016,
OPTSTK,VOLTAS,27-Oct-2016,400,CE,0,0,0,4.3,14.85,0,0,0,0,17-AUG-2016,
OPTSTK,VOLTAS,27-Oct-2016,410,CE,0,0,0,3,12.1,0,0,0,0,17-AUG-2016,
OPTSTK,VOLTAS,27-Oct-2016,420,CE,0,0,0,2.1,9.8,0,0,0,0,17-AUG-2016,
OPTSTK,VOLTAS,27-Oct-2016,430,CE,0,0,0,1.4,7.85,0,0,0,0,17-AUG-2016,
OPTSTK,VOLTAS,27-Oct-2016,440,CE,0,0,0,0.95,6.25,0,0,0,0,17-AUG-2016,
OPTSTK,VOLTAS,27-Oct-2016,240,PE,0,0,0,0.05,0.15,0,0,0,0,17-AUG-2016,
OPTSTK,VOLTAS,27-Oct-2016,250,PE,0,0,0,0.05,0.25,0,0,0,0,17-AUG-2016,
OPTSTK,VOLTAS,27-Oct-2016,260,PE,0,0,0,0.15,0.45,0,0,0,0,17-AUG-2016,
OPTSTK,VOLTAS,27-Oct-2016,270,PE,0,0,0,0.3,0.8,0,0,0,0,17-AUG-2016,
OPTSTK,VOLTAS,27-Oct-2016,280,PE,0,0,0,0.65,1.3,0,0,0,0,17-AUG-2016,
OPTSTK,VOLTAS,27-Oct-2016,290,PE,0,0,0,1.2,2.1,0,0,0,0,17-AUG-2016,
OPTSTK,VOLTAS,27-Oct-2016,300,PE,0,0,0,2.15,3.2,0,0,0,0,17-AUG-2016,
OPTSTK,VOLTAS,27-Oct-2016,310,PE,0,0,0,3.55,4.65,0,0,0,0,17-AUG-2016,
OPTSTK,VOLTAS,27-Oct-2016,320,PE,0,0,0,5.65,6.65,0,0,0,0,17-AUG-2016,
OPTSTK,VOLTAS,27-Oct-2016,330,PE,0,0,0,8.45,9.1,0,0,0,0,17-AUG-2016,
OPTSTK,VOLTAS,27-Oct-2016,340,PE,0,0,0,12.05,12.15,0,0,0,0,17-AUG-2016,
OPTSTK,VOLTAS,27-Oct-2016,350,PE,0,0,0,16.55,15.8,0,0,0,0,17-AUG-2016,
OPTSTK,VOLTAS,27-Oct-2016,360,PE,0,0,0,21.9,20.1,0,0,0,0,17-AUG-2016,
OPTSTK,VOLTAS,27-Oct-2016,370,PE,0,0,0,28.05,25,0,0,0,0,17-AUG-2016,
OPTSTK,VOLTAS,27-Oct-2016,380,PE,0,0,0,34.95,30.5,0,0,0,0,17-AUG-2016,
OPTSTK,VOLTAS,27-Oct-2016,390,PE,0,0,0,42.55,36.55,0,0,0,0,17-AUG-2016,
OPTSTK,VOLTAS,27-Oct-2016,400,PE,0,0,0,50.65,43.15,0,0,0,0,17-AUG-2016,
OPTSTK,VOLTAS,27-Oct-2016,410,PE,0,0,0,59.15,50.25,0,0,0,0,17-AUG-2016,
OPTSTK,VOLTAS,27-Oct-2016,420,PE,0,0,0,68.05,57.85,0,0,0,0,17-AUG-2016,
OPTSTK,VOLTAS,27-Oct-2016,430,PE,0,0,0,77.25,65.75,0,0,0,0,17-AUG-2016,
OPTSTK,VOLTAS,27-Oct-2016,440,PE,0,0,0,86.6,74,0,0,0,0,17-AUG-2016,
OPTSTK,WIPRO,25-Aug-2016,420,CE,0,0,0,132.65,108.45,0,0,0,0,17-AUG-2016,
OPTSTK,WIPRO,25-Aug-2016,430,CE,0,0,0,122.95,98.45,0,0,0,0,17-AUG-2016,
OPTSTK,WIPRO,25-Aug-2016,440,CE,0,0,0,113.35,88.5,0,0,0,0,17-AUG-2016,
OPTSTK,WIPRO,25-Aug-2016,450,CE,0,0,0,103.85,78.5,0,0,0,0,17-AUG-2016,
OPTSTK,WIPRO,25-Aug-2016,460,CE,0,0,0,94.55,68.5,0,0,0,0,17-AUG-2016,
OPTSTK,WIPRO,25-Aug-2016,470,CE,0,0,0,85.45,58.5,0,0,0,0,17-AUG-2016,
OPTSTK,WIPRO,25-Aug-2016,480,CE,0,0,0,76.65,48.55,0,0,0,0,17-AUG-2016,
OPTSTK,WIPRO,25-Aug-2016,490,CE,0,0,0,68.2,38.6,0,0,0,0,17-AUG-2016,
OPTSTK,WIPRO,25-Aug-2016,500,CE,0,0,0,60.15,28.8,0,0,0,0,17-AUG-2016,
OPTSTK,WIPRO,25-Aug-2016,510,CE,0,0,0,52.6,19.55,0,0,0,0,17-AUG-2016,
OPTSTK,WIPRO,25-Aug-2016,520,CE,19,19,19,19,19,1,5.39,3000,-1000,17-AUG-2016,
OPTSTK,WIPRO,25-Aug-2016,530,CE,8.7,8.7,5.55,5.85,5.85,48,257.29,40000,37000,17-AUG-2016,
OPTSTK,WIPRO,25-Aug-2016,540,CE,5.7,5.7,2.4,2.6,2.6,203,1102.88,135000,59000,17-AUG-2016,
OPTSTK,WIPRO,25-Aug-2016,550,CE,2.45,2.45,1.1,1.25,1.25,113,623.42,244000,7000,17-AUG-2016,
OPTSTK,WIPRO,25-Aug-2016,560,CE,2.95,2.95,0.6,0.7,0.7,72,403.86,291000,24000,17-AUG-2016,
OPTSTK,WIPRO,25-Aug-2016,570,CE,0.65,0.65,0.3,0.4,0.4,8,45.63,127000,-3000,17-AUG-2016,
OPTSTK,WIPRO,25-Aug-2016,580,CE,0.3,0.3,0.15,0.15,0.15,10,58.02,80000,-10000,17-AUG-2016,
OPTSTK,WIPRO,25-Aug-2016,590,CE,0,0,0,0.25,0,0,0,30000,0,17-AUG-2016,
OPTSTK,WIPRO,25-Aug-2016,600,CE,0,0,0,0.4,0,0,0,34000,0,17-AUG-2016,
OPTSTK,WIPRO,25-Aug-2016,610,CE,0,0,0,1.3,0,0,0,3000,0,17-AUG-2016,
OPTSTK,WIPRO,25-Aug-2016,620,CE,0,0,0,4.05,0,0,0,7000,0,17-AUG-2016,
OPTSTK,WIPRO,25-Aug-2016,630,CE,0,0,0,4.85,0,0,0,0,0,17-AUG-2016,
OPTSTK,WIPRO,25-Aug-2016,640,CE,0,0,0,3.75,0,0,0,0,0,17-AUG-2016,
OPTSTK,WIPRO,25-Aug-2016,650,CE,0,0,0,2.85,0,0,0,0,0,17-AUG-2016,
OPTSTK,WIPRO,25-Aug-2016,660,CE,0,0,0,2.15,0,0,0,0,0,17-AUG-2016,
OPTSTK,WIPRO,25-Aug-2016,670,CE,0,0,0,1.65,0,0,0,0,0,17-AUG-2016,
OPTSTK,WIPRO,25-Aug-2016,680,CE,0,0,0,1.2,0,0,0,0,0,17-AUG-2016,
OPTSTK,WIPRO,25-Aug-2016,690,CE,0,0,0,0.9,0,0,0,0,0,17-AUG-2016,
OPTSTK,WIPRO,25-Aug-2016,700,CE,0,0,0,0.65,0,0,0,0,0,17-AUG-2016,
OPTSTK,WIPRO,25-Aug-2016,710,CE,0,0,0,0.5,0,0,0,0,0,17-AUG-2016,
OPTSTK,WIPRO,25-Aug-2016,720,CE,0,0,0,0.35,0,0,0,0,0,17-AUG-2016,
OPTSTK,WIPRO,25-Aug-2016,730,CE,0,0,0,0.25,0,0,0,0,0,17-AUG-2016,
OPTSTK,WIPRO,25-Aug-2016,420,PE,0,0,0,0.2,0,0,0,0,0,17-AUG-2016,
OPTSTK,WIPRO,25-Aug-2016,430,PE,0,0,0,0.3,0,0,0,0,0,17-AUG-2016,
OPTSTK,WIPRO,25-Aug-2016,440,PE,0,0,0,0.55,0,0,0,0,0,17-AUG-2016,
OPTSTK,WIPRO,25-Aug-2016,450,PE,0,0,0,0.9,0,0,0,0,0,17-AUG-2016,
OPTSTK,WIPRO,25-Aug-2016,460,PE,0,0,0,1.4,0,0,0,0,0,17-AUG-2016,
OPTSTK,WIPRO,25-Aug-2016,470,PE,0,0,0,2.1,0,0,0,0,0,17-AUG-2016,
OPTSTK,WIPRO,25-Aug-2016,480,PE,0,0,0,3.15,0,0,0,0,0,17-AUG-2016,
OPTSTK,WIPRO,25-Aug-2016,490,PE,0,0,0,4.5,0.05,0,0,0,0,17-AUG-2016,
OPTSTK,WIPRO,25-Aug-2016,500,PE,0.4,0.4,0.4,0.4,0.4,3,15.01,37000,3000,17-AUG-2016,
OPTSTK,WIPRO,25-Aug-2016,510,PE,0.8,0.95,0.65,0.75,0.75,5,25.53,22000,1000,17-AUG-2016,
OPTSTK,WIPRO,25-Aug-2016,520,PE,1.1,2.7,1.1,2.45,2.45,51,266.25,59000,18000,17-AUG-2016,
OPTSTK,WIPRO,25-Aug-2016,530,PE,3,6.6,2.85,6.15,6.15,61,326.12,94000,0,17-AUG-2016,
OPTSTK,WIPRO,25-Aug-2016,540,PE,7.45,13.4,7.35,12.9,12.9,38,209.15,116000,-4000,17-AUG-2016,
OPTSTK,WIPRO,25-Aug-2016,550,PE,14.7,21.65,14.25,21.25,21.25,18,102.2,156000,4000,17-AUG-2016,
OPTSTK,WIPRO,25-Aug-2016,560,PE,24.5,26,24.5,26,26,2,11.7,33000,0,17-AUG-2016,
OPTSTK,WIPRO,25-Aug-2016,570,PE,0,0,0,20,41.4,0,0,2000,0,17-AUG-2016,
OPTSTK,WIPRO,25-Aug-2016,580,PE,0,0,0,33,51.35,0,0,2000,0,17-AUG-2016,
OPTSTK,WIPRO,25-Aug-2016,590,PE,0,0,0,47.1,61.35,0,0,0,0,17-AUG-2016,
OPTSTK,WIPRO,25-Aug-2016,600,PE,0,0,0,54.45,71.3,0,0,0,0,17-AUG-2016,
OPTSTK,WIPRO,25-Aug-2016,610,PE,0,0,0,62.15,81.3,0,0,0,0,17-AUG-2016,
OPTSTK,WIPRO,25-Aug-2016,620,PE,0,0,0,70.25,91.3,0,0,0,0,17-AUG-2016,
OPTSTK,WIPRO,25-Aug-2016,630,PE,0,0,0,78.7,101.3,0,0,0,0,17-AUG-2016,
OPTSTK,WIPRO,25-Aug-2016,640,PE,0,0,0,87.4,111.25,0,0,0,0,17-AUG-2016,
OPTSTK,WIPRO,25-Aug-2016,650,PE,0,0,0,96.3,121.25,0,0,0,0,17-AUG-2016,
OPTSTK,WIPRO,25-Aug-2016,660,PE,0,0,0,105.45,131.25,0,0,0,0,17-AUG-2016,
OPTSTK,WIPRO,25-Aug-2016,670,PE,0,0,0,114.75,141.2,0,0,0,0,17-AUG-2016,
OPTSTK,WIPRO,25-Aug-2016,680,PE,0,0,0,124.15,151.2,0,0,0,0,17-AUG-2016,
OPTSTK,WIPRO,25-Aug-2016,690,PE,0,0,0,133.65,161.2,0,0,0,0,17-AUG-2016,
OPTSTK,WIPRO,25-Aug-2016,700,PE,0,0,0,143.25,171.15,0,0,0,0,17-AUG-2016,
OPTSTK,WIPRO,25-Aug-2016,710,PE,0,0,0,152.85,181.15,0,0,0,0,17-AUG-2016,
OPTSTK,WIPRO,25-Aug-2016,720,PE,0,0,0,162.55,191.15,0,0,0,0,17-AUG-2016,
OPTSTK,WIPRO,25-Aug-2016,730,PE,0,0,0,172.3,201.15,0,0,0,0,17-AUG-2016,
OPTSTK,WIPRO,29-Sep-2016,420,CE,0,0,0,145.4,111.2,0,0,0,0,17-AUG-2016,
OPTSTK,WIPRO,29-Sep-2016,430,CE,0,0,0,135.65,101.3,0,0,0,0,17-AUG-2016,
OPTSTK,WIPRO,29-Sep-2016,440,CE,0,0,0,125.85,91.45,0,0,0,0,17-AUG-2016,
OPTSTK,WIPRO,29-Sep-2016,450,CE,0,0,0,116.15,81.6,0,0,0,0,17-AUG-2016,
OPTSTK,WIPRO,29-Sep-2016,460,CE,0,0,0,106.55,71.8,0,0,0,0,17-AUG-2016,
OPTSTK,WIPRO,29-Sep-2016,470,CE,0,0,0,97.05,62.25,0,0,0,0,17-AUG-2016,
OPTSTK,WIPRO,29-Sep-2016,480,CE,0,0,0,87.7,52.95,0,0,0,0,17-AUG-2016,
OPTSTK,WIPRO,29-Sep-2016,490,CE,0,0,0,78.6,44.05,0,0,0,0,17-AUG-2016,
OPTSTK,WIPRO,29-Sep-2016,500,CE,0,0,0,69.8,35.8,0,0,0,0,17-AUG-2016,
OPTSTK,WIPRO,29-Sep-2016,510,CE,0,0,0,61.4,28.3,0,0,0,0,17-AUG-2016,
OPTSTK,WIPRO,29-Sep-2016,520,CE,0,0,0,53.45,21.7,0,0,0,0,17-AUG-2016,
OPTSTK,WIPRO,29-Sep-2016,530,CE,0,0,0,46.05,16.15,0,0,0,0,17-AUG-2016,
OPTSTK,WIPRO,29-Sep-2016,540,CE,11,11,11,11,11,14,77.14,15000,14000,17-AUG-2016,
OPTSTK,WIPRO,29-Sep-2016,550,CE,10,10,8,8,8,5,27.95,7000,5000,17-AUG-2016,
OPTSTK,WIPRO,29-Sep-2016,560,CE,6,6,5,5,5,6,33.95,8000,6000,17-AUG-2016,
OPTSTK,WIPRO,29-Sep-2016,570,CE,0,0,0,22.45,3.55,0,0,0,0,17-AUG-2016,
OPTSTK,WIPRO,29-Sep-2016,580,CE,0,0,0,18.2,2.25,0,0,0,0,17-AUG-2016,
OPTSTK,WIPRO,29-Sep-2016,590,CE,0,0,0,14.6,1.35,0,0,0,0,17-AUG-2016,
OPTSTK,WIPRO,29-Sep-2016,600,CE,0,0,0,11.55,0.8,0,0,0,0,17-AUG-2016,
OPTSTK,WIPRO,29-Sep-2016,610,CE,0,0,0,9.05,0.45,0,0,0,0,17-AUG-2016,
OPTSTK,WIPRO,29-Sep-2016,620,CE,0,0,0,6.95,0.25,0,0,0,0,17-AUG-2016,
OPTSTK,WIPRO,29-Sep-2016,630,CE,0,0,0,5.3,0.15,0,0,0,0,17-AUG-2016,
OPTSTK,WIPRO,29-Sep-2016,640,CE,0,0,0,4,0.1,0,0,0,0,17-AUG-2016,
OPTSTK,WIPRO,29-Sep-2016,650,CE,0,0,0,3,0.05,0,0,0,0,17-AUG-2016,
OPTSTK,WIPRO,29-Sep-2016,660,CE,0,0,0,2.2,0.05,0,0,0,0,17-AUG-2016,
OPTSTK,WIPRO,29-Sep-2016,670,CE,0,0,0,1.6,0.05,0,0,0,0,17-AUG-2016,
OPTSTK,WIPRO,29-Sep-2016,680,CE,0,0,0,1.15,0,0,0,0,0,17-AUG-2016,
OPTSTK,WIPRO,29-Sep-2016,690,CE,0,0,0,0.85,0,0,0,0,0,17-AUG-2016,
OPTSTK,WIPRO,29-Sep-2016,700,CE,0,0,0,0.6,0,0,0,0,0,17-AUG-2016,
OPTSTK,WIPRO,29-Sep-2016,710,CE,0,0,0,0.4,0,0,0,0,0,17-AUG-2016,
OPTSTK,WIPRO,29-Sep-2016,720,CE,0,0,0,0.3,0,0,0,0,0,17-AUG-2016,
OPTSTK,WIPRO,29-Sep-2016,730,CE,0,0,0,0.2,0,0,0,0,0,17-AUG-2016,
OPTSTK,WIPRO,29-Sep-2016,420,PE,0,0,0,0.05,0,0,0,0,0,17-AUG-2016,
OPTSTK,WIPRO,29-Sep-2016,430,PE,0,0,0,0.1,0.05,0,0,0,0,17-AUG-2016,
OPTSTK,WIPRO,29-Sep-2016,440,PE,0,0,0,0.15,0.05,0,0,0,0,17-AUG-2016,
OPTSTK,WIPRO,29-Sep-2016,450,PE,0,0,0,0.25,0.15,0,0,0,0,17-AUG-2016,
OPTSTK,WIPRO,29-Sep-2016,460,PE,0,0,0,0.45,0.3,0,0,0,0,17-AUG-2016,
OPTSTK,WIPRO,29-Sep-2016,470,PE,0,0,0,0.8,0.65,0,0,0,0,17-AUG-2016,
OPTSTK,WIPRO,29-Sep-2016,480,PE,0,0,0,1.25,1.25,0,0,0,0,17-AUG-2016,
OPTSTK,WIPRO,29-Sep-2016,490,PE,0,0,0,2,2.3,0,0,0,0,17-AUG-2016,
OPTSTK,WIPRO,29-Sep-2016,500,PE,0,0,0,6.6,3.95,0,0,2000,0,17-AUG-2016,
OPTSTK,WIPRO,29-Sep-2016,510,PE,4.5,4.5,4.5,4.5,4.5,1,5.14,2000,1000,17-AUG-2016,
OPTSTK,WIPRO,29-Sep-2016,520,PE,8.5,8.5,8.5,8.5,8.5,1,5.28,1000,1000,17-AUG-2016,
OPTSTK,WIPRO,29-Sep-2016,530,PE,10.9,11.9,10,11.9,11.9,3,16.22,2000,2000,17-AUG-2016,
OPTSTK,WIPRO,29-Sep-2016,540,PE,14,18,14,18,18,3,16.7,6000,3000,17-AUG-2016,
OPTSTK,WIPRO,29-Sep-2016,550,PE,0,0,0,14,25.85,0,0,1000,0,17-AUG-2016,
OPTSTK,WIPRO,29-Sep-2016,560,PE,0,0,0,19.55,33.15,0,0,0,0,17-AUG-2016,
OPTSTK,WIPRO,29-Sep-2016,570,PE,0,0,0,24.45,41.15,0,0,0,0,17-AUG-2016,
OPTSTK,WIPRO,29-Sep-2016,580,PE,0,0,0,39,49.75,0,0,1000,0,17-AUG-2016,
OPTSTK,WIPRO,29-Sep-2016,590,PE,0,0,0,36.2,58.8,0,0,0,0,17-AUG-2016,
OPTSTK,WIPRO,29-Sep-2016,600,PE,0,0,0,43,68.15,0,0,0,0,17-AUG-2016,
OPTSTK,WIPRO,29-Sep-2016,610,PE,0,0,0,50.3,77.75,0,0,0,0,17-AUG-2016,
OPTSTK,WIPRO,29-Sep-2016,620,PE,0,0,0,58.05,87.45,0,0,0,0,17-AUG-2016,
OPTSTK,WIPRO,29-Sep-2016,630,PE,0,0,0,66.25,97.25,0,0,0,0,17-AUG-2016,
OPTSTK,WIPRO,29-Sep-2016,640,PE,0,0,0,74.75,107.1,0,0,0,0,17-AUG-2016,
OPTSTK,WIPRO,29-Sep-2016,650,PE,0,0,0,83.55,117,0,0,0,0,17-AUG-2016,
OPTSTK,WIPRO,29-Sep-2016,660,PE,0,0,0,92.6,126.9,0,0,0,0,17-AUG-2016,
OPTSTK,WIPRO,29-Sep-2016,670,PE,0,0,0,101.8,136.8,0,0,0,0,17-AUG-2016,
OPTSTK,WIPRO,29-Sep-2016,680,PE,0,0,0,111.2,146.7,0,0,0,0,17-AUG-2016,
OPTSTK,WIPRO,29-Sep-2016,690,PE,0,0,0,120.7,156.65,0,0,0,0,17-AUG-2016,
OPTSTK,WIPRO,29-Sep-2016,700,PE,0,0,0,130.25,166.55,0,0,0,0,17-AUG-2016,
OPTSTK,WIPRO,29-Sep-2016,710,PE,0,0,0,139.9,176.45,0,0,0,0,17-AUG-2016,
OPTSTK,WIPRO,29-Sep-2016,720,PE,0,0,0,149.6,186.4,0,0,0,0,17-AUG-2016,
OPTSTK,WIPRO,29-Sep-2016,730,PE,0,0,0,159.35,196.3,0,0,0,0,17-AUG-2016,
OPTSTK,WIPRO,27-Oct-2016,420,CE,0,0,0,141.05,113.5,0,0,0,0,17-AUG-2016,
OPTSTK,WIPRO,27-Oct-2016,430,CE,0,0,0,131.25,103.7,0,0,0,0,17-AUG-2016,
OPTSTK,WIPRO,27-Oct-2016,440,CE,0,0,0,121.5,93.95,0,0,0,0,17-AUG-2016,
OPTSTK,WIPRO,27-Oct-2016,450,CE,0,0,0,111.75,84.35,0,0,0,0,17-AUG-2016,
OPTSTK,WIPRO,27-Oct-2016,460,CE,0,0,0,102.15,74.9,0,0,0,0,17-AUG-2016,
OPTSTK,WIPRO,27-Oct-2016,470,CE,0,0,0,92.6,65.75,0,0,0,0,17-AUG-2016,
OPTSTK,WIPRO,27-Oct-2016,480,CE,0,0,0,83.3,56.95,0,0,0,0,17-AUG-2016,
OPTSTK,WIPRO,27-Oct-2016,490,CE,0,0,0,74.2,48.6,0,0,0,0,17-AUG-2016,
OPTSTK,WIPRO,27-Oct-2016,500,CE,0,0,0,65.45,40.85,0,0,0,0,17-AUG-2016,
OPTSTK,WIPRO,27-Oct-2016,510,CE,0,0,0,57.05,33.75,0,0,0,0,17-AUG-2016,
OPTSTK,WIPRO,27-Oct-2016,520,CE,0,0,0,49.2,27.4,0,0,0,0,17-AUG-2016,
OPTSTK,WIPRO,27-Oct-2016,530,CE,0,0,0,41.9,21.85,0,0,0,0,17-AUG-2016,
OPTSTK,WIPRO,27-Oct-2016,540,CE,0,0,0,35.2,17.1,0,0,0,0,17-AUG-2016,
OPTSTK,WIPRO,27-Oct-2016,550,CE,0,0,0,29.2,13.15,0,0,0,0,17-AUG-2016,
OPTSTK,WIPRO,27-Oct-2016,560,CE,0,0,0,23.9,9.9,0,0,0,0,17-AUG-2016,
OPTSTK,WIPRO,27-Oct-2016,570,CE,0,0,0,19.3,7.35,0,0,0,0,17-AUG-2016,
OPTSTK,WIPRO,27-Oct-2016,580,CE,0,0,0,15.35,5.35,0,0,0,0,17-AUG-2016,
OPTSTK,WIPRO,27-Oct-2016,590,CE,0,0,0,12.05,3.8,0,0,0,0,17-AUG-2016,
OPTSTK,WIPRO,27-Oct-2016,600,CE,0,0,0,9.35,2.65,0,0,0,0,17-AUG-2016,
OPTSTK,WIPRO,27-Oct-2016,610,CE,0,0,0,7.1,1.85,0,0,0,0,17-AUG-2016,
OPTSTK,WIPRO,27-Oct-2016,620,CE,0,0,0,5.35,1.25,0,0,0,0,17-AUG-2016,
OPTSTK,WIPRO,27-Oct-2016,630,CE,0,0,0,4,0.85,0,0,0,0,17-AUG-2016,
OPTSTK,WIPRO,27-Oct-2016,640,CE,0,0,0,2.9,0.55,0,0,0,0,17-AUG-2016,
OPTSTK,WIPRO,27-Oct-2016,650,CE,0,0,0,2.1,0.35,0,0,0,0,17-AUG-2016,
OPTSTK,WIPRO,27-Oct-2016,660,CE,0,0,0,1.5,0.25,0,0,0,0,17-AUG-2016,
OPTSTK,WIPRO,27-Oct-2016,670,CE,0,0,0,1.05,0.15,0,0,0,0,17-AUG-2016,
OPTSTK,WIPRO,27-Oct-2016,680,CE,0,0,0,0.75,0.1,0,0,0,0,17-AUG-2016,
OPTSTK,WIPRO,27-Oct-2016,690,CE,0,0,0,0.5,0.05,0,0,0,0,17-AUG-2016,
OPTSTK,WIPRO,27-Oct-2016,700,CE,0,0,0,0.35,0.05,0,0,0,0,17-AUG-2016,
OPTSTK,WIPRO,27-Oct-2016,710,CE,0,0,0,0.25,0.05,0,0,0,0,17-AUG-2016,
OPTSTK,WIPRO,27-Oct-2016,720,CE,0,0,0,0.15,0.05,0,0,0,0,17-AUG-2016,
OPTSTK,WIPRO,27-Oct-2016,730,CE,0,0,0,0.1,0.05,0,0,0,0,17-AUG-2016,
OPTSTK,WIPRO,27-Oct-2016,420,PE,0,0,0,0.05,0.1,0,0,0,0,17-AUG-2016,
OPTSTK,WIPRO,27-Oct-2016,430,PE,0,0,0,0.05,0.15,0,0,0,0,17-AUG-2016,
OPTSTK,WIPRO,27-Oct-2016,440,PE,0,0,0,0.15,0.3,0,0,0,0,17-AUG-2016,
OPTSTK,WIPRO,27-Oct-2016,450,PE,0,0,0,0.25,0.55,0,0,0,0,17-AUG-2016,
OPTSTK,WIPRO,27-Oct-2016,460,PE,0,0,0,0.45,1,0,0,0,0,17-AUG-2016,
OPTSTK,WIPRO,27-Oct-2016,470,PE,0,0,0,0.75,1.7,0,0,0,0,17-AUG-2016,
OPTSTK,WIPRO,27-Oct-2016,480,PE,0,0,0,1.25,2.75,0,0,0,0,17-AUG-2016,
OPTSTK,WIPRO,27-Oct-2016,490,PE,0,0,0,1.95,4.3,0,0,0,0,17-AUG-2016,
OPTSTK,WIPRO,27-Oct-2016,500,PE,0,0,0,3.05,6.4,0,0,0,0,17-AUG-2016,
OPTSTK,WIPRO,27-Oct-2016,510,PE,0,0,0,4.5,9.15,0,0,0,0,17-AUG-2016,
OPTSTK,WIPRO,27-Oct-2016,520,PE,0,0,0,6.45,12.7,0,0,0,0,17-AUG-2016,
OPTSTK,WIPRO,27-Oct-2016,530,PE,0,0,0,9,17,0,0,0,0,17-AUG-2016,
OPTSTK,WIPRO,27-Oct-2016,540,PE,0,0,0,12.15,22.1,0,0,0,0,17-AUG-2016,
OPTSTK,WIPRO,27-Oct-2016,550,PE,0,0,0,15.95,28,0,0,0,0,17-AUG-2016,
OPTSTK,WIPRO,27-Oct-2016,560,PE,0,0,0,20.5,34.65,0,0,0,0,17-AUG-2016,
OPTSTK,WIPRO,27-Oct-2016,570,PE,0,0,0,25.7,41.95,0,0,0,0,17-AUG-2016,
OPTSTK,WIPRO,27-Oct-2016,580,PE,0,0,0,31.6,49.8,0,0,0,0,17-AUG-2016,
OPTSTK,WIPRO,27-Oct-2016,590,PE,0,0,0,38.1,58.15,0,0,0,0,17-AUG-2016,
OPTSTK,WIPRO,27-Oct-2016,600,PE,0,0,0,45.25,66.85,0,0,0,0,17-AUG-2016,
OPTSTK,WIPRO,27-Oct-2016,610,PE,0,0,0,52.85,75.9,0,0,0,0,17-AUG-2016,
OPTSTK,WIPRO,27-Oct-2016,620,PE,0,0,0,60.9,85.15,0,0,0,0,17-AUG-2016,
OPTSTK,WIPRO,27-Oct-2016,630,PE,0,0,0,69.35,94.65,0,0,0,0,17-AUG-2016,
OPTSTK,WIPRO,27-Oct-2016,640,PE,0,0,0,78.15,104.2,0,0,0,0,17-AUG-2016,
OPTSTK,WIPRO,27-Oct-2016,650,PE,0,0,0,87.15,113.9,0,0,0,0,17-AUG-2016,
OPTSTK,WIPRO,27-Oct-2016,660,PE,0,0,0,96.4,123.65,0,0,0,0,17-AUG-2016,
OPTSTK,WIPRO,27-Oct-2016,670,PE,0,0,0,105.75,133.4,0,0,0,0,17-AUG-2016,
OPTSTK,WIPRO,27-Oct-2016,680,PE,0,0,0,115.25,143.25,0,0,0,0,17-AUG-2016,
OPTSTK,WIPRO,27-Oct-2016,690,PE,0,0,0,124.85,153.05,0,0,0,0,17-AUG-2016,
OPTSTK,WIPRO,27-Oct-2016,700,PE,0,0,0,134.55,162.9,0,0,0,0,17-AUG-2016,
OPTSTK,WIPRO,27-Oct-2016,710,PE,0,0,0,144.25,172.75,0,0,0,0,17-AUG-2016,
OPTSTK,WIPRO,27-Oct-2016,720,PE,0,0,0,154,182.65,0,0,0,0,17-AUG-2016,
OPTSTK,WIPRO,27-Oct-2016,730,PE,0,0,0,163.8,192.5,0,0,0,0,17-AUG-2016,
OPTSTK,WOCKPHARMA,25-Aug-2016,500,CE,0,0,0,409.35,289.45,0,0,0,0,17-AUG-2016,
OPTSTK,WOCKPHARMA,25-Aug-2016,550,CE,0,0,0,360.45,239.55,0,0,0,0,17-AUG-2016,
OPTSTK,WOCKPHARMA,25-Aug-2016,580,CE,0,0,0,360.25,209.6,0,0,0,0,17-AUG-2016,
OPTSTK,WOCKPHARMA,25-Aug-2016,600,CE,0,0,0,312,189.7,0,0,0,0,17-AUG-2016,
OPTSTK,WOCKPHARMA,25-Aug-2016,620,CE,0,0,0,320.7,169.85,0,0,0,0,17-AUG-2016,
OPTSTK,WOCKPHARMA,25-Aug-2016,640,CE,0,0,0,300.9,150.15,0,0,0,0,17-AUG-2016,
OPTSTK,WOCKPHARMA,25-Aug-2016,650,CE,0,0,0,264.7,140.4,0,0,0,0,17-AUG-2016,
OPTSTK,WOCKPHARMA,25-Aug-2016,660,CE,0,0,0,281.15,130.75,0,0,0,0,17-AUG-2016,
OPTSTK,WOCKPHARMA,25-Aug-2016,680,CE,0,0,0,261.4,111.9,0,0,0,0,17-AUG-2016,
OPTSTK,WOCKPHARMA,25-Aug-2016,700,CE,0,0,0,105.2,93.9,0,0,1200,0,17-AUG-2016,
OPTSTK,WOCKPHARMA,25-Aug-2016,720,CE,0,0,0,73.05,77.05,0,0,0,0,17-AUG-2016,
OPTSTK,WOCKPHARMA,25-Aug-2016,740,CE,0,0,0,202.75,61.75,0,0,0,0,17-AUG-2016,
OPTSTK,WOCKPHARMA,25-Aug-2016,750,CE,0,0,0,51.65,54.7,0,0,1800,0,17-AUG-2016,
OPTSTK,WOCKPHARMA,25-Aug-2016,760,CE,51.95,52,45,45,45,3,14.57,4200,-1800,17-AUG-2016,
OPTSTK,WOCKPHARMA,25-Aug-2016,780,CE,25.4,40.15,25.4,36.2,36.2,10,48.82,10200,-3600,17-AUG-2016,
OPTSTK,WOCKPHARMA,25-Aug-2016,800,CE,17.25,29.8,15,16.35,16.35,181,893.11,88200,-46800,17-AUG-2016,
OPTSTK,WOCKPHARMA,25-Aug-2016,820,CE,12,20,10,11,11,14,70.18,28200,-4200,17-AUG-2016,
OPTSTK,WOCKPHARMA,25-Aug-2016,840,CE,11.3,12.6,6.55,9,9,13,66.34,21600,-4800,17-AUG-2016,
OPTSTK,WOCKPHARMA,25-Aug-2016,850,CE,8,11,3.9,4.3,4.3,48,247.04,64800,-12000,17-AUG-2016,
OPTSTK,WOCKPHARMA,25-Aug-2016,860,CE,2.05,3.1,2.05,3.1,3.1,5,25.87,11400,-600,17-AUG-2016,
OPTSTK,WOCKPHARMA,25-Aug-2016,880,CE,4,4.95,2.1,3.2,3.2,9,47.72,15600,-1800,17-AUG-2016,
OPTSTK,WOCKPHARMA,25-Aug-2016,900,CE,1.85,3.8,1.75,2,2,58,314.14,103200,-12600,17-AUG-2016,
OPTSTK,WOCKPHARMA,25-Aug-2016,920,CE,2,2,2,2,2,2,11.06,16200,-1200,17-AUG-2016,
OPTSTK,WOCKPHARMA,25-Aug-2016,940,CE,1.4,1.4,1.4,1.4,1.4,1,5.64,21600,-600,17-AUG-2016,
OPTSTK,WOCKPHARMA,25-Aug-2016,950,CE,2.1,2.1,1.15,1.15,1.15,5,28.55,120000,-1800,17-AUG-2016,
OPTSTK,WOCKPHARMA,25-Aug-2016,960,CE,1.45,1.45,1.05,1.05,1.05,2,11.53,19200,-1200,17-AUG-2016,
OPTSTK,WOCKPHARMA,25-Aug-2016,980,CE,0,0,0,1.55,0.5,0,0,20400,0,17-AUG-2016,
OPTSTK,WOCKPHARMA,25-Aug-2016,1000,CE,1.6,1.7,1,1.05,1.05,31,186.23,230400,-12600,17-AUG-2016,
OPTSTK,WOCKPHARMA,25-Aug-2016,1020,CE,2.5,2.5,2.5,2.5,2.5,8,49.08,28200,0,17-AUG-2016,
OPTSTK,WOCKPHARMA,25-Aug-2016,1040,CE,0.55,0.55,0.1,0.15,0.15,14,87.38,18600,-6000,17-AUG-2016,
OPTSTK,WOCKPHARMA,25-Aug-2016,1050,CE,0.8,1.2,0.8,1,1,4,25.22,70200,-600,17-AUG-2016,
OPTSTK,WOCKPHARMA,25-Aug-2016,1060,CE,1.2,1.2,0.5,0.6,0.6,6,38.18,14400,600,17-AUG-2016,
OPTSTK,WOCKPHARMA,25-Aug-2016,1080,CE,0,0,0,0.35,0.05,0,0,7200,0,17-AUG-2016,
OPTSTK,WOCKPHARMA,25-Aug-2016,1100,CE,0.85,1,0.85,0.95,0.95,13,85.87,225000,-3600,17-AUG-2016,
OPTSTK,WOCKPHARMA,25-Aug-2016,1120,CE,0.5,0.5,0.5,0.5,0.5,1,6.72,4200,-600,17-AUG-2016,
OPTSTK,WOCKPHARMA,25-Aug-2016,1140,CE,0,0,0,0.7,0,0,0,3600,0,17-AUG-2016,
OPTSTK,WOCKPHARMA,25-Aug-2016,1150,CE,0.9,0.9,0.9,0.9,0.9,1,6.9,45000,-600,17-AUG-2016,
OPTSTK,WOCKPHARMA,25-Aug-2016,1160,CE,0,0,0,0.65,0,0,0,3000,0,17-AUG-2016,
OPTSTK,WOCKPHARMA,25-Aug-2016,1180,CE,0,0,0,0.6,0,0,0,3000,0,17-AUG-2016,
OPTSTK,WOCKPHARMA,25-Aug-2016,1200,CE,0.7,1,0.6,0.65,0.65,11,79.24,243600,-6600,17-AUG-2016,
OPTSTK,WOCKPHARMA,25-Aug-2016,1220,CE,0,0,0,0.6,0,0,0,2400,0,17-AUG-2016,
OPTSTK,WOCKPHARMA,25-Aug-2016,1240,CE,0,0,0,0.55,0,0,0,600,0,17-AUG-2016,
OPTSTK,WOCKPHARMA,25-Aug-2016,1250,CE,0,0,0,0.6,0,0,0,24600,0,17-AUG-2016,
OPTSTK,WOCKPHARMA,25-Aug-2016,1260,CE,0,0,0,0.35,0,0,0,0,0,17-AUG-2016,
OPTSTK,WOCKPHARMA,25-Aug-2016,1280,CE,0,0,0,5.95,0,0,0,600,0,17-AUG-2016,
OPTSTK,WOCKPHARMA,25-Aug-2016,1300,CE,0.2,0.25,0.2,0.25,0.25,3,23.4,52200,-1200,17-AUG-2016,
OPTSTK,WOCKPHARMA,25-Aug-2016,1320,CE,0,0,0,0.1,0,0,0,0,0,17-AUG-2016,
OPTSTK,WOCKPHARMA,25-Aug-2016,1340,CE,0,0,0,0.1,0,0,0,0,0,17-AUG-2016,
OPTSTK,WOCKPHARMA,25-Aug-2016,1350,CE,0,0,0,2.3,0,0,0,0,0,17-AUG-2016,
OPTSTK,WOCKPHARMA,25-Aug-2016,1360,CE,0,0,0,0.05,0,0,0,0,0,17-AUG-2016,
OPTSTK,WOCKPHARMA,25-Aug-2016,1380,CE,0,0,0,0.05,0,0,0,0,0,17-AUG-2016,
OPTSTK,WOCKPHARMA,25-Aug-2016,1400,CE,0,0,0,0.5,0,0,0,21000,0,17-AUG-2016,
OPTSTK,WOCKPHARMA,25-Aug-2016,500,PE,0,0,0,0.05,0,0,0,0,0,17-AUG-2016,
OPTSTK,WOCKPHARMA,25-Aug-2016,550,PE,0,0,0,0.25,0,0,0,0,0,17-AUG-2016,
OPTSTK,WOCKPHARMA,25-Aug-2016,580,PE,0,0,0,0.05,0.05,0,0,0,0,17-AUG-2016,
OPTSTK,WOCKPHARMA,25-Aug-2016,600,PE,0,0,0,0.05,0.1,0,0,6000,0,17-AUG-2016,
OPTSTK,WOCKPHARMA,25-Aug-2016,620,PE,0,0,0,0.05,0.2,0,0,0,0,17-AUG-2016,
OPTSTK,WOCKPHARMA,25-Aug-2016,640,PE,0,0,0,0.05,0.5,0,0,0,0,17-AUG-2016,
OPTSTK,WOCKPHARMA,25-Aug-2016,650,PE,1.35,1.35,1.35,1.35,1.35,3,11.72,31200,-1800,17-AUG-2016,
OPTSTK,WOCKPHARMA,25-Aug-2016,660,PE,0.75,0.75,0.75,0.75,0.75,5,19.82,54600,-3000,17-AUG-2016,
OPTSTK,WOCKPHARMA,25-Aug-2016,680,PE,1.3,1.3,1.3,1.3,1.3,3,12.26,48000,-1800,17-AUG-2016,
OPTSTK,WOCKPHARMA,25-Aug-2016,700,PE,2.5,3,2,3,3,6,25.28,64200,-3600,17-AUG-2016,
OPTSTK,WOCKPHARMA,25-Aug-2016,720,PE,0,0,0,7.35,7.3,0,0,7800,0,17-AUG-2016,
OPTSTK,WOCKPHARMA,25-Aug-2016,740,PE,0,0,0,12.6,11.95,0,0,6000,0,17-AUG-2016,
OPTSTK,WOCKPHARMA,25-Aug-2016,750,PE,8.15,11,7.1,11,11,14,63.69,35400,-4800,17-AUG-2016,
OPTSTK,WOCKPHARMA,25-Aug-2016,760,PE,9.1,13.5,7,9.15,9.15,9,41.57,18000,-3600,17-AUG-2016,
OPTSTK,WOCKPHARMA,25-Aug-2016,780,PE,20,20,10,15.05,15.05,11,52.37,12000,-3600,17-AUG-2016,
OPTSTK,WOCKPHARMA,25-Aug-2016,800,PE,29,30.45,20,27.9,27.9,12,59.34,37200,-4200,17-AUG-2016,
OPTSTK,WOCKPHARMA,25-Aug-2016,820,PE,0,0,0,48.95,49.4,0,0,3000,0,17-AUG-2016,
OPTSTK,WOCKPHARMA,25-Aug-2016,840,PE,0,0,0,61,63.55,0,0,600,0,17-AUG-2016,
OPTSTK,WOCKPHARMA,25-Aug-2016,850,PE,50,59.25,50,59.25,59.25,2,10.85,27600,0,17-AUG-2016,
OPTSTK,WOCKPHARMA,25-Aug-2016,860,PE,0,0,0,85.25,79.15,0,0,8400,0,17-AUG-2016,
OPTSTK,WOCKPHARMA,25-Aug-2016,880,PE,0,0,0,64,96,0,0,9000,0,17-AUG-2016,
OPTSTK,WOCKPHARMA,25-Aug-2016,900,PE,112,112,100,100,100,2,12.07,67200,-600,17-AUG-2016,
OPTSTK,WOCKPHARMA,25-Aug-2016,920,PE,0,0,0,42,132.35,0,0,4800,0,17-AUG-2016,
OPTSTK,WOCKPHARMA,25-Aug-2016,940,PE,0,0,0,25,151.35,0,0,2400,0,17-AUG-2016,
OPTSTK,WOCKPHARMA,25-Aug-2016,950,PE,0,0,0,170.1,161,0,0,53400,0,17-AUG-2016,
OPTSTK,WOCKPHARMA,25-Aug-2016,960,PE,0,0,0,155.4,170.75,0,0,9000,0,17-AUG-2016,
OPTSTK,WOCKPHARMA,25-Aug-2016,980,PE,0,0,0,144.45,190.35,0,0,4800,0,17-AUG-2016,
OPTSTK,WOCKPHARMA,25-Aug-2016,1000,PE,0,0,0,213.6,210.1,0,0,52800,0,17-AUG-2016,
OPTSTK,WOCKPHARMA,25-Aug-2016,1020,PE,0,0,0,235.55,229.95,0,0,6600,0,17-AUG-2016,
OPTSTK,WOCKPHARMA,25-Aug-2016,1040,PE,0,0,0,140.4,249.85,0,0,1200,0,17-AUG-2016,
OPTSTK,WOCKPHARMA,25-Aug-2016,1050,PE,0,0,0,75.75,259.8,0,0,3600,0,17-AUG-2016,
OPTSTK,WOCKPHARMA,25-Aug-2016,1060,PE,0,0,0,85,269.8,0,0,3600,0,17-AUG-2016,
OPTSTK,WOCKPHARMA,25-Aug-2016,1080,PE,0,0,0,88.65,289.75,0,0,600,0,17-AUG-2016,
OPTSTK,WOCKPHARMA,25-Aug-2016,1100,PE,0,0,0,220,309.7,0,0,10200,0,17-AUG-2016,
OPTSTK,WOCKPHARMA,25-Aug-2016,1120,PE,0,0,0,178.05,329.65,0,0,0,0,17-AUG-2016,
OPTSTK,WOCKPHARMA,25-Aug-2016,1140,PE,0,0,0,196.65,349.6,0,0,0,0,17-AUG-2016,
OPTSTK,WOCKPHARMA,25-Aug-2016,1150,PE,0,0,0,242.35,359.6,0,0,0,0,17-AUG-2016,
OPTSTK,WOCKPHARMA,25-Aug-2016,1160,PE,0,0,0,215.55,369.6,0,0,0,0,17-AUG-2016,
OPTSTK,WOCKPHARMA,25-Aug-2016,1180,PE,0,0,0,234.7,389.55,0,0,0,0,17-AUG-2016,
OPTSTK,WOCKPHARMA,25-Aug-2016,1200,PE,0,0,0,197,409.55,0,0,600,0,17-AUG-2016,
OPTSTK,WOCKPHARMA,25-Aug-2016,1220,PE,0,0,0,273.5,429.5,0,0,0,0,17-AUG-2016,
OPTSTK,WOCKPHARMA,25-Aug-2016,1240,PE,0,0,0,293.05,449.45,0,0,0,0,17-AUG-2016,
OPTSTK,WOCKPHARMA,25-Aug-2016,1250,PE,0,0,0,333,459.45,0,0,0,0,17-AUG-2016,
OPTSTK,WOCKPHARMA,25-Aug-2016,1260,PE,0,0,0,312.7,469.45,0,0,0,0,17-AUG-2016,
OPTSTK,WOCKPHARMA,25-Aug-2016,1280,PE,0,0,0,332.35,489.4,0,0,0,0,17-AUG-2016,
OPTSTK,WOCKPHARMA,25-Aug-2016,1300,PE,0,0,0,380.1,509.4,0,0,0,0,17-AUG-2016,
OPTSTK,WOCKPHARMA,25-Aug-2016,1320,PE,0,0,0,371.8,529.35,0,0,0,0,17-AUG-2016,
OPTSTK,WOCKPHARMA,25-Aug-2016,1340,PE,0,0,0,391.55,549.3,0,0,0,0,17-AUG-2016,
OPTSTK,WOCKPHARMA,25-Aug-2016,1350,PE,0,0,0,427.9,559.3,0,0,0,0,17-AUG-2016,
OPTSTK,WOCKPHARMA,25-Aug-2016,1360,PE,0,0,0,394.35,569.3,0,0,0,0,17-AUG-2016,
OPTSTK,WOCKPHARMA,25-Aug-2016,1380,PE,0,0,0,394.7,589.25,0,0,0,0,17-AUG-2016,
OPTSTK,WOCKPHARMA,25-Aug-2016,1400,PE,0,0,0,390,609.25,0,0,600,0,17-AUG-2016,
OPTSTK,WOCKPHARMA,29-Sep-2016,540,CE,0,0,0,403.45,256.1,0,0,0,0,17-AUG-2016,
OPTSTK,WOCKPHARMA,29-Sep-2016,560,CE,0,0,0,383.8,237.65,0,0,0,0,17-AUG-2016,
OPTSTK,WOCKPHARMA,29-Sep-2016,580,CE,0,0,0,364.2,219.7,0,0,0,0,17-AUG-2016,
OPTSTK,WOCKPHARMA,29-Sep-2016,600,CE,0,0,0,344.55,202.3,0,0,0,0,17-AUG-2016,
OPTSTK,WOCKPHARMA,29-Sep-2016,620,CE,0,0,0,324.95,185.5,0,0,0,0,17-AUG-2016,
OPTSTK,WOCKPHARMA,29-Sep-2016,640,CE,0,0,0,305.4,169.4,0,0,0,0,17-AUG-2016,
OPTSTK,WOCKPHARMA,29-Sep-2016,660,CE,0,0,0,285.9,154.05,0,0,0,0,17-AUG-2016,
OPTSTK,WOCKPHARMA,29-Sep-2016,680,CE,0,0,0,266.5,139.5,0,0,0,0,17-AUG-2016,
OPTSTK,WOCKPHARMA,29-Sep-2016,700,CE,0,0,0,247.3,125.85,0,0,0,0,17-AUG-2016,
OPTSTK,WOCKPHARMA,29-Sep-2016,720,CE,0,0,0,228.25,113,0,0,0,0,17-AUG-2016,
OPTSTK,WOCKPHARMA,29-Sep-2016,740,CE,0,0,0,209.55,101.1,0,0,0,0,17-AUG-2016,
OPTSTK,WOCKPHARMA,29-Sep-2016,760,CE,0,0,0,191.3,90.15,0,0,0,0,17-AUG-2016,
OPTSTK,WOCKPHARMA,29-Sep-2016,780,CE,0,0,0,173.5,80.05,0,0,0,0,17-AUG-2016,
OPTSTK,WOCKPHARMA,29-Sep-2016,800,CE,0,0,0,156.35,70.8,0,0,0,0,17-AUG-2016,
OPTSTK,WOCKPHARMA,29-Sep-2016,820,CE,0,0,0,139.9,62.45,0,0,0,0,17-AUG-2016,
OPTSTK,WOCKPHARMA,29-Sep-2016,840,CE,0,0,0,39.1,54.85,0,0,600,0,17-AUG-2016,
OPTSTK,WOCKPHARMA,29-Sep-2016,860,CE,0,0,0,109.7,48.05,0,0,0,0,17-AUG-2016,
OPTSTK,WOCKPHARMA,29-Sep-2016,880,CE,0,0,0,96,41.95,0,0,0,0,17-AUG-2016,
OPTSTK,WOCKPHARMA,29-Sep-2016,900,CE,0,0,0,18.5,36.5,0,0,600,0,17-AUG-2016,
OPTSTK,WOCKPHARMA,29-Sep-2016,920,CE,0,0,0,77.35,31.75,0,0,600,0,17-AUG-2016,
OPTSTK,WOCKPHARMA,29-Sep-2016,940,CE,0,0,0,61.6,27.5,0,0,0,0,17-AUG-2016,
OPTSTK,WOCKPHARMA,29-Sep-2016,960,CE,0,0,0,52.3,23.7,0,0,0,0,17-AUG-2016,
OPTSTK,WOCKPHARMA,29-Sep-2016,980,CE,0,0,0,44.1,20.45,0,0,0,0,17-AUG-2016,
OPTSTK,WOCKPHARMA,29-Sep-2016,1000,CE,0,0,0,10.05,17.55,0,0,600,0,17-AUG-2016,
OPTSTK,WOCKPHARMA,29-Sep-2016,1020,CE,0,0,0,30.7,15.05,0,0,0,0,17-AUG-2016,
OPTSTK,WOCKPHARMA,29-Sep-2016,1040,CE,0,0,0,25.35,12.9,0,0,0,0,17-AUG-2016,
OPTSTK,WOCKPHARMA,29-Sep-2016,1060,CE,0,0,0,20.8,11,0,0,0,0,17-AUG-2016,
OPTSTK,WOCKPHARMA,29-Sep-2016,1080,CE,0,0,0,16.9,9.4,0,0,0,0,17-AUG-2016,
OPTSTK,WOCKPHARMA,29-Sep-2016,1100,CE,0,0,0,29.9,8,0,0,600,0,17-AUG-2016,
OPTSTK,WOCKPHARMA,29-Sep-2016,1120,CE,0,0,0,11,6.8,0,0,0,0,17-AUG-2016,
OPTSTK,WOCKPHARMA,29-Sep-2016,1140,CE,0,0,0,8.8,5.75,0,0,0,0,17-AUG-2016,
OPTSTK,WOCKPHARMA,29-Sep-2016,1160,CE,0,0,0,7,4.85,0,0,0,0,17-AUG-2016,
OPTSTK,WOCKPHARMA,29-Sep-2016,1180,CE,0,0,0,5.5,4.1,0,0,0,0,17-AUG-2016,
OPTSTK,WOCKPHARMA,29-Sep-2016,1200,CE,0,0,0,4.35,3.5,0,0,0,0,17-AUG-2016,
OPTSTK,WOCKPHARMA,29-Sep-2016,1220,CE,0,0,0,3.4,2.95,0,0,0,0,17-AUG-2016,
OPTSTK,WOCKPHARMA,29-Sep-2016,1240,CE,0,0,0,2.65,2.45,0,0,0,0,17-AUG-2016,
OPTSTK,WOCKPHARMA,29-Sep-2016,1260,CE,0,0,0,2.05,2.1,0,0,0,0,17-AUG-2016,
OPTSTK,WOCKPHARMA,29-Sep-2016,1280,CE,0,0,0,1.6,1.75,0,0,0,0,17-AUG-2016,
OPTSTK,WOCKPHARMA,29-Sep-2016,1300,CE,0,0,0,19.8,1.45,0,0,0,0,17-AUG-2016,
OPTSTK,WOCKPHARMA,29-Sep-2016,1320,CE,0,0,0,0.95,1.25,0,0,0,0,17-AUG-2016,
OPTSTK,WOCKPHARMA,29-Sep-2016,1340,CE,0,0,0,0.7,1.05,0,0,0,0,17-AUG-2016,
OPTSTK,WOCKPHARMA,29-Sep-2016,540,PE,0,0,0,0.05,3.05,0,0,0,0,17-AUG-2016,
OPTSTK,WOCKPHARMA,29-Sep-2016,560,PE,0,0,0,0.05,4.45,0,0,0,0,17-AUG-2016,
OPTSTK,WOCKPHARMA,29-Sep-2016,580,PE,0,0,0,0.05,6.3,0,0,0,0,17-AUG-2016,
OPTSTK,WOCKPHARMA,29-Sep-2016,600,PE,0,0,0,0.05,8.75,0,0,0,0,17-AUG-2016,
OPTSTK,WOCKPHARMA,29-Sep-2016,620,PE,0,0,0,0.1,11.75,0,0,0,0,17-AUG-2016,
OPTSTK,WOCKPHARMA,29-Sep-2016,640,PE,0,0,0,0.2,15.5,0,0,0,0,17-AUG-2016,
OPTSTK,WOCKPHARMA,29-Sep-2016,660,PE,0,0,0,0.35,20,0,0,0,0,17-AUG-2016,
OPTSTK,WOCKPHARMA,29-Sep-2016,680,PE,0,0,0,0.6,25.3,0,0,0,0,17-AUG-2016,
OPTSTK,WOCKPHARMA,29-Sep-2016,700,PE,0,0,0,1,31.45,0,0,0,0,17-AUG-2016,
OPTSTK,WOCKPHARMA,29-Sep-2016,720,PE,0,0,0,1.65,38.5,0,0,0,0,17-AUG-2016,
OPTSTK,WOCKPHARMA,29-Sep-2016,740,PE,0,0,0,2.6,46.45,0,0,0,0,17-AUG-2016,
OPTSTK,WOCKPHARMA,29-Sep-2016,760,PE,0,0,0,3.95,55.3,0,0,0,0,17-AUG-2016,
OPTSTK,WOCKPHARMA,29-Sep-2016,780,PE,0,0,0,5.8,65,0,0,0,0,17-AUG-2016,
OPTSTK,WOCKPHARMA,29-Sep-2016,800,PE,0,0,0,8.3,75.65,0,0,0,0,17-AUG-2016,
OPTSTK,WOCKPHARMA,29-Sep-2016,820,PE,0,0,0,11.55,87.1,0,0,0,0,17-AUG-2016,
OPTSTK,WOCKPHARMA,29-Sep-2016,840,PE,0,0,0,15.6,99.35,0,0,0,0,17-AUG-2016,
OPTSTK,WOCKPHARMA,29-Sep-2016,860,PE,0,0,0,20.6,112.4,0,0,0,0,17-AUG-2016,
OPTSTK,WOCKPHARMA,29-Sep-2016,880,PE,0,0,0,26.55,126.1,0,0,0,0,17-AUG-2016,
OPTSTK,WOCKPHARMA,29-Sep-2016,900,PE,0,0,0,33.65,140.55,0,0,0,0,17-AUG-2016,
OPTSTK,WOCKPHARMA,29-Sep-2016,920,PE,0,0,0,52.25,155.6,0,0,600,0,17-AUG-2016,
OPTSTK,WOCKPHARMA,29-Sep-2016,940,PE,0,0,0,51.1,171.2,0,0,0,0,17-AUG-2016,
OPTSTK,WOCKPHARMA,29-Sep-2016,960,PE,0,0,0,61.45,187.25,0,0,0,0,17-AUG-2016,
OPTSTK,WOCKPHARMA,29-Sep-2016,980,PE,0,0,0,72.9,203.8,0,0,0,0,17-AUG-2016,
OPTSTK,WOCKPHARMA,29-Sep-2016,1000,PE,0,0,0,85.35,220.75,0,0,0,0,17-AUG-2016,
OPTSTK,WOCKPHARMA,29-Sep-2016,1020,PE,0,0,0,98.75,238.1,0,0,0,0,17-AUG-2016,
OPTSTK,WOCKPHARMA,29-Sep-2016,1040,PE,0,0,0,113.1,255.75,0,0,0,0,17-AUG-2016,
OPTSTK,WOCKPHARMA,29-Sep-2016,1060,PE,0,0,0,128.2,273.7,0,0,0,0,17-AUG-2016,
OPTSTK,WOCKPHARMA,29-Sep-2016,1080,PE,0,0,0,143.95,291.95,0,0,0,0,17-AUG-2016,
OPTSTK,WOCKPHARMA,29-Sep-2016,1100,PE,0,0,0,160.35,310.35,0,0,0,0,17-AUG-2016,
OPTSTK,WOCKPHARMA,29-Sep-2016,1120,PE,0,0,0,177.3,329,0,0,0,0,17-AUG-2016,
OPTSTK,WOCKPHARMA,29-Sep-2016,1140,PE,0,0,0,194.75,347.8,0,0,0,0,17-AUG-2016,
OPTSTK,WOCKPHARMA,29-Sep-2016,1160,PE,0,0,0,212.6,366.8,0,0,0,0,17-AUG-2016,
OPTSTK,WOCKPHARMA,29-Sep-2016,1180,PE,0,0,0,230.75,385.85,0,0,0,0,17-AUG-2016,
OPTSTK,WOCKPHARMA,29-Sep-2016,1200,PE,0,0,0,249.25,405.05,0,0,0,0,17-AUG-2016,
OPTSTK,WOCKPHARMA,29-Sep-2016,1220,PE,0,0,0,267.95,424.35,0,0,0,0,17-AUG-2016,
OPTSTK,WOCKPHARMA,29-Sep-2016,1240,PE,0,0,0,286.85,443.75,0,0,0,0,17-AUG-2016,
OPTSTK,WOCKPHARMA,29-Sep-2016,1260,PE,0,0,0,305.9,463.2,0,0,0,0,17-AUG-2016,
OPTSTK,WOCKPHARMA,29-Sep-2016,1280,PE,0,0,0,325.05,482.7,0,0,0,0,17-AUG-2016,
OPTSTK,WOCKPHARMA,29-Sep-2016,1300,PE,0,0,0,344.35,502.25,0,0,0,0,17-AUG-2016,
OPTSTK,WOCKPHARMA,29-Sep-2016,1320,PE,0,0,0,363.7,521.85,0,0,0,0,17-AUG-2016,
OPTSTK,WOCKPHARMA,29-Sep-2016,1340,PE,0,0,0,383.15,541.5,0,0,0,0,17-AUG-2016,
OPTSTK,WOCKPHARMA,27-Oct-2016,580,CE,0,0,0,416.3,230.85,0,0,0,0,17-AUG-2016,
OPTSTK,WOCKPHARMA,27-Oct-2016,600,CE,0,0,0,403.55,214.95,0,0,0,0,17-AUG-2016,
OPTSTK,WOCKPHARMA,27-Oct-2016,620,CE,0,0,0,384.9,199.65,0,0,0,0,17-AUG-2016,
OPTSTK,WOCKPHARMA,27-Oct-2016,640,CE,0,0,0,366.45,185.05,0,0,0,0,17-AUG-2016,
OPTSTK,WOCKPHARMA,27-Oct-2016,660,CE,0,0,0,348.3,171.1,0,0,0,0,17-AUG-2016,
OPTSTK,WOCKPHARMA,27-Oct-2016,680,CE,0,0,0,330.5,157.85,0,0,0,0,17-AUG-2016,
OPTSTK,WOCKPHARMA,27-Oct-2016,700,CE,0,0,0,313.1,145.3,0,0,0,0,17-AUG-2016,
OPTSTK,WOCKPHARMA,27-Oct-2016,720,CE,0,0,0,296.05,133.5,0,0,0,0,17-AUG-2016,
OPTSTK,WOCKPHARMA,27-Oct-2016,740,CE,0,0,0,279.5,122.4,0,0,0,0,17-AUG-2016,
OPTSTK,WOCKPHARMA,27-Oct-2016,760,CE,0,0,0,263.35,112.05,0,0,0,0,17-AUG-2016,
OPTSTK,WOCKPHARMA,27-Oct-2016,780,CE,0,0,0,247.75,102.35,0,0,0,0,17-AUG-2016,
OPTSTK,WOCKPHARMA,27-Oct-2016,800,CE,0,0,0,232.7,93.35,0,0,0,0,17-AUG-2016,
OPTSTK,WOCKPHARMA,27-Oct-2016,820,CE,0,0,0,218.2,85,0,0,0,0,17-AUG-2016,
OPTSTK,WOCKPHARMA,27-Oct-2016,840,CE,0,0,0,204.2,77.25,0,0,0,0,17-AUG-2016,
OPTSTK,WOCKPHARMA,27-Oct-2016,860,CE,0,0,0,190.85,70.15,0,0,0,0,17-AUG-2016,
OPTSTK,WOCKPHARMA,27-Oct-2016,880,CE,0,0,0,178.05,63.6,0,0,0,0,17-AUG-2016,
OPTSTK,WOCKPHARMA,27-Oct-2016,900,CE,0,0,0,165.85,57.55,0,0,0,0,17-AUG-2016,
OPTSTK,WOCKPHARMA,27-Oct-2016,920,CE,0,0,0,154.3,52.05,0,0,0,0,17-AUG-2016,
OPTSTK,WOCKPHARMA,27-Oct-2016,940,CE,0,0,0,143.3,47,0,0,0,0,17-AUG-2016,
OPTSTK,WOCKPHARMA,27-Oct-2016,960,CE,0,0,0,132.9,42.45,0,0,0,0,17-AUG-2016,
OPTSTK,WOCKPHARMA,27-Oct-2016,980,CE,0,0,0,123.1,38.25,0,0,0,0,17-AUG-2016,
OPTSTK,WOCKPHARMA,27-Oct-2016,1000,CE,0,0,0,113.9,34.45,0,0,0,0,17-AUG-2016,
OPTSTK,WOCKPHARMA,27-Oct-2016,1020,CE,0,0,0,105.2,30.95,0,0,0,0,17-AUG-2016,
OPTSTK,WOCKPHARMA,27-Oct-2016,1040,CE,0,0,0,97.1,27.8,0,0,0,0,17-AUG-2016,
OPTSTK,WOCKPHARMA,27-Oct-2016,1060,CE,0,0,0,89.45,24.95,0,0,0,0,17-AUG-2016,
OPTSTK,WOCKPHARMA,27-Oct-2016,1080,CE,0,0,0,82.35,22.4,0,0,0,0,17-AUG-2016,
OPTSTK,WOCKPHARMA,27-Oct-2016,1100,CE,0,0,0,75.7,20.1,0,0,0,0,17-AUG-2016,
OPTSTK,WOCKPHARMA,27-Oct-2016,1120,CE,0,0,0,69.55,18,0,0,0,0,17-AUG-2016,
OPTSTK,WOCKPHARMA,27-Oct-2016,1140,CE,0,0,0,63.8,16.1,0,0,0,0,17-AUG-2016,
OPTSTK,WOCKPHARMA,27-Oct-2016,1160,CE,0,0,0,58.5,14.4,0,0,0,0,17-AUG-2016,
OPTSTK,WOCKPHARMA,27-Oct-2016,1180,CE,0,0,0,53.6,12.9,0,0,0,0,17-AUG-2016,
OPTSTK,WOCKPHARMA,27-Oct-2016,1200,CE,0,0,0,49.05,11.5,0,0,0,0,17-AUG-2016,
OPTSTK,WOCKPHARMA,27-Oct-2016,1220,CE,0,0,0,44.85,10.3,0,0,0,0,17-AUG-2016,
OPTSTK,WOCKPHARMA,27-Oct-2016,1240,CE,0,0,0,41,9.2,0,0,0,0,17-AUG-2016,
OPTSTK,WOCKPHARMA,27-Oct-2016,1260,CE,0,0,0,37.45,8.2,0,0,0,0,17-AUG-2016,
OPTSTK,WOCKPHARMA,27-Oct-2016,1280,CE,0,0,0,34.1,7.3,0,0,0,0,17-AUG-2016,
OPTSTK,WOCKPHARMA,27-Oct-2016,1300,CE,0,0,0,31.1,6.5,0,0,0,0,17-AUG-2016,
OPTSTK,WOCKPHARMA,27-Oct-2016,1320,CE,0,0,0,28.3,5.8,0,0,0,0,17-AUG-2016,
OPTSTK,WOCKPHARMA,27-Oct-2016,1340,CE,0,0,0,25.8,5.2,0,0,0,0,17-AUG-2016,
OPTSTK,WOCKPHARMA,27-Oct-2016,580,PE,0,0,0,1.1,14.45,0,0,0,0,17-AUG-2016,
OPTSTK,WOCKPHARMA,27-Oct-2016,600,PE,0,0,0,2.7,18.25,0,0,0,0,17-AUG-2016,
OPTSTK,WOCKPHARMA,27-Oct-2016,620,PE,0,0,0,3.7,22.7,0,0,0,0,17-AUG-2016,
OPTSTK,WOCKPHARMA,27-Oct-2016,640,PE,0,0,0,4.9,27.8,0,0,0,0,17-AUG-2016,
OPTSTK,WOCKPHARMA,27-Oct-2016,660,PE,0,0,0,6.45,33.6,0,0,0,0,17-AUG-2016,
OPTSTK,WOCKPHARMA,27-Oct-2016,680,PE,0,0,0,8.3,40.1,0,0,0,0,17-AUG-2016,
OPTSTK,WOCKPHARMA,27-Oct-2016,700,PE,0,0,0,10.5,47.25,0,0,0,0,17-AUG-2016,
OPTSTK,WOCKPHARMA,27-Oct-2016,720,PE,0,0,0,13.15,55.2,0,0,0,0,17-AUG-2016,
OPTSTK,WOCKPHARMA,27-Oct-2016,740,PE,0,0,0,16.2,63.85,0,0,0,0,17-AUG-2016,
OPTSTK,WOCKPHARMA,27-Oct-2016,760,PE,0,0,0,19.75,73.2,0,0,0,0,17-AUG-2016,
OPTSTK,WOCKPHARMA,27-Oct-2016,780,PE,0,0,0,23.8,83.25,0,0,0,0,17-AUG-2016,
OPTSTK,WOCKPHARMA,27-Oct-2016,800,PE,0,0,0,28.4,94,0,0,0,0,17-AUG-2016,
OPTSTK,WOCKPHARMA,27-Oct-2016,820,PE,0,0,0,33.55,105.35,0,0,0,0,17-AUG-2016,
OPTSTK,WOCKPHARMA,27-Oct-2016,840,PE,0,0,0,39.25,117.4,0,0,0,0,17-AUG-2016,
OPTSTK,WOCKPHARMA,27-Oct-2016,860,PE,0,0,0,45.5,130,0,0,0,0,17-AUG-2016,
OPTSTK,WOCKPHARMA,27-Oct-2016,880,PE,0,0,0,52.35,143.15,0,0,0,0,17-AUG-2016,
OPTSTK,WOCKPHARMA,27-Oct-2016,900,PE,0,0,0,59.85,156.85,0,0,0,0,17-AUG-2016,
OPTSTK,WOCKPHARMA,27-Oct-2016,920,PE,0,0,0,67.95,171.05,0,0,0,0,17-AUG-2016,
OPTSTK,WOCKPHARMA,27-Oct-2016,940,PE,0,0,0,76.6,185.8,0,0,0,0,17-AUG-2016,
OPTSTK,WOCKPHARMA,27-Oct-2016,960,PE,0,0,0,85.9,200.95,0,0,0,0,17-AUG-2016,
OPTSTK,WOCKPHARMA,27-Oct-2016,980,PE,0,0,0,95.75,216.45,0,0,0,0,17-AUG-2016,
OPTSTK,WOCKPHARMA,27-Oct-2016,1000,PE,0,0,0,106.15,232.4,0,0,0,0,17-AUG-2016,
OPTSTK,WOCKPHARMA,27-Oct-2016,1020,PE,0,0,0,117.15,248.65,0,0,0,0,17-AUG-2016,
OPTSTK,WOCKPHARMA,27-Oct-2016,1040,PE,0,0,0,128.65,265.25,0,0,0,0,17-AUG-2016,
OPTSTK,WOCKPHARMA,27-Oct-2016,1060,PE,0,0,0,140.7,282.15,0,0,0,0,17-AUG-2016,
OPTSTK,WOCKPHARMA,27-Oct-2016,1080,PE,0,0,0,153.25,299.3,0,0,0,0,17-AUG-2016,
OPTSTK,WOCKPHARMA,27-Oct-2016,1100,PE,0,0,0,166.25,316.7,0,0,0,0,17-AUG-2016,
OPTSTK,WOCKPHARMA,27-Oct-2016,1120,PE,0,0,0,179.75,334.35,0,0,0,0,17-AUG-2016,
OPTSTK,WOCKPHARMA,27-Oct-2016,1140,PE,0,0,0,193.65,352.2,0,0,0,0,17-AUG-2016,
OPTSTK,WOCKPHARMA,27-Oct-2016,1160,PE,0,0,0,208,370.25,0,0,0,0,17-AUG-2016,
OPTSTK,WOCKPHARMA,27-Oct-2016,1180,PE,0,0,0,222.8,388.45,0,0,0,0,17-AUG-2016,
OPTSTK,WOCKPHARMA,27-Oct-2016,1200,PE,0,0,0,237.9,406.8,0,0,0,0,17-AUG-2016,
OPTSTK,WOCKPHARMA,27-Oct-2016,1220,PE,0,0,0,253.35,425.3,0,0,0,0,17-AUG-2016,
OPTSTK,WOCKPHARMA,27-Oct-2016,1240,PE,0,0,0,269.15,443.95,0,0,0,0,17-AUG-2016,
OPTSTK,WOCKPHARMA,27-Oct-2016,1260,PE,0,0,0,285.25,462.7,0,0,0,0,17-AUG-2016,
OPTSTK,WOCKPHARMA,27-Oct-2016,1280,PE,0,0,0,301.55,481.55,0,0,0,0,17-AUG-2016,
OPTSTK,WOCKPHARMA,27-Oct-2016,1300,PE,0,0,0,318.2,500.5,0,0,0,0,17-AUG-2016,
OPTSTK,WOCKPHARMA,27-Oct-2016,1320,PE,0,0,0,335.1,519.5,0,0,0,0,17-AUG-2016,
OPTSTK,WOCKPHARMA,27-Oct-2016,1340,PE,0,0,0,352.2,538.6,0,0,0,0,17-AUG-2016,
OPTSTK,YESBANK,25-Aug-2016,660,CE,0,0,0,372.9,649.35,0,0,0,0,17-AUG-2016,
OPTSTK,YESBANK,25-Aug-2016,680,CE,0,0,0,353.35,629.4,0,0,0,0,17-AUG-2016,
OPTSTK,YESBANK,25-Aug-2016,700,CE,0,0,0,333.8,609.4,0,0,0,0,17-AUG-2016,
OPTSTK,YESBANK,25-Aug-2016,720,CE,0,0,0,314.35,589.45,0,0,0,0,17-AUG-2016,
OPTSTK,YESBANK,25-Aug-2016,740,CE,0,0,0,295,569.5,0,0,0,0,17-AUG-2016,
OPTSTK,YESBANK,25-Aug-2016,760,CE,0,0,0,275.8,549.5,0,0,0,0,17-AUG-2016,
OPTSTK,YESBANK,25-Aug-2016,780,CE,0,0,0,256.85,529.55,0,0,0,0,17-AUG-2016,
OPTSTK,YESBANK,25-Aug-2016,800,CE,0,0,0,238.15,509.55,0,0,0,0,17-AUG-2016,
OPTSTK,YESBANK,25-Aug-2016,820,CE,0,0,0,380.75,489.6,0,0,700,0,17-AUG-2016,
OPTSTK,YESBANK,25-Aug-2016,840,CE,0,0,0,201.85,469.65,0,0,0,0,17-AUG-2016,
OPTSTK,YESBANK,25-Aug-2016,860,CE,0,0,0,359.45,449.65,0,0,700,0,17-AUG-2016,
OPTSTK,YESBANK,25-Aug-2016,880,CE,0,0,0,322,429.7,0,0,3500,0,17-AUG-2016,
OPTSTK,YESBANK,25-Aug-2016,900,CE,0,0,0,320,409.7,0,0,21000,0,17-AUG-2016,
OPTSTK,YESBANK,25-Aug-2016,920,CE,0,0,0,136.35,389.75,0,0,0,0,17-AUG-2016,
OPTSTK,YESBANK,25-Aug-2016,940,CE,0,0,0,220,369.8,0,0,2100,0,17-AUG-2016,
OPTSTK,YESBANK,25-Aug-2016,960,CE,0,0,0,250,349.8,0,0,0,0,17-AUG-2016,
OPTSTK,YESBANK,25-Aug-2016,980,CE,0,0,0,236.25,329.85,0,0,1400,0,17-AUG-2016,
OPTSTK,YESBANK,25-Aug-2016,1000,CE,0,0,0,297,309.85,0,0,42700,0,17-AUG-2016,
OPTSTK,YESBANK,25-Aug-2016,1020,CE,0,0,0,185.35,289.9,0,0,2800,0,17-AUG-2016,
OPTSTK,YESBANK,25-Aug-2016,1040,CE,0,0,0,223,269.95,0,0,7000,0,17-AUG-2016,
OPTSTK,YESBANK,25-Aug-2016,1060,CE,0,0,0,165.05,249.95,0,0,6300,0,17-AUG-2016,
OPTSTK,YESBANK,25-Aug-2016,1080,CE,0,0,0,172.6,230,0,0,2100,0,17-AUG-2016,
OPTSTK,YESBANK,25-Aug-2016,1100,CE,0,0,0,197.5,210,0,0,28700,0,17-AUG-2016,
OPTSTK,YESBANK,25-Aug-2016,1120,CE,0,0,0,178.75,190.05,0,0,2100,0,17-AUG-2016,
OPTSTK,YESBANK,25-Aug-2016,1140,CE,172.35,172.35,172.35,172.35,172.35,1,9.18,14700,0,17-AUG-2016,
OPTSTK,YESBANK,25-Aug-2016,1160,CE,0,0,0,131.2,150.1,0,0,17500,0,17-AUG-2016,
OPTSTK,YESBANK,25-Aug-2016,1180,CE,110,110,110,110,110,1,9.03,35000,-700,17-AUG-2016,
OPTSTK,YESBANK,25-Aug-2016,1200,CE,95.95,108,95.95,98.65,98.65,13,118.23,120400,4900,17-AUG-2016,
OPTSTK,YESBANK,25-Aug-2016,1220,CE,77,89,73,88,88,11,100.19,89600,-4200,17-AUG-2016,
OPTSTK,YESBANK,25-Aug-2016,1240,CE,56.1,71.25,52.45,71.25,71.25,20,182.78,168000,-4900,17-AUG-2016,
OPTSTK,YESBANK,25-Aug-2016,1260,CE,44,54,37.05,53.65,53.65,79,722.94,233800,-7700,17-AUG-2016,
OPTSTK,YESBANK,25-Aug-2016,1280,CE,29.8,38.05,24,36.8,36.8,214,1964.48,186900,-21700,17-AUG-2016,
OPTSTK,YESBANK,25-Aug-2016,1300,CE,18.95,25,13.4,23.75,23.75,1217,11250.28,380100,-19600,17-AUG-2016,
OPTSTK,YESBANK,25-Aug-2016,1320,CE,11.25,14.9,7.05,13.85,13.85,875,8158.86,341600,16800,17-AUG-2016,
OPTSTK,YESBANK,25-Aug-2016,1340,CE,6,8,3.5,7.3,7.3,543,5116.82,247800,3500,17-AUG-2016,
OPTSTK,YESBANK,25-Aug-2016,1360,CE,2.55,4.05,1.75,3.75,3.75,250,2385.31,212100,15400,17-AUG-2016,
OPTSTK,YESBANK,25-Aug-2016,1380,CE,1.45,2.05,1,1.9,1.9,192,1856.86,124600,38500,17-AUG-2016,
OPTSTK,YESBANK,25-Aug-2016,1400,CE,0.85,1.15,0.65,1.1,1.1,34,333.42,121800,-5600,17-AUG-2016,
OPTSTK,YESBANK,25-Aug-2016,1420,CE,0,0,0,0.6,0.3,0,0,1400,0,17-AUG-2016,
OPTSTK,YESBANK,25-Aug-2016,1440,CE,0,0,0,0.5,0.1,0,0,0,0,17-AUG-2016,
OPTSTK,YESBANK,25-Aug-2016,1460,CE,0,0,0,0.55,0.05,0,0,0,0,17-AUG-2016,
OPTSTK,YESBANK,25-Aug-2016,1480,CE,0,0,0,0.4,0.05,0,0,0,0,17-AUG-2016,
OPTSTK,YESBANK,25-Aug-2016,1500,CE,0,0,0,0.35,0,0,0,0,0,17-AUG-2016,
OPTSTK,YESBANK,25-Aug-2016,660,PE,0,0,0,0.1,0,0,0,0,0,17-AUG-2016,
OPTSTK,YESBANK,25-Aug-2016,680,PE,0,0,0,0.15,0,0,0,0,0,17-AUG-2016,
OPTSTK,YESBANK,25-Aug-2016,700,PE,0,0,0,0.25,0,0,0,0,0,17-AUG-2016,
OPTSTK,YESBANK,25-Aug-2016,720,PE,0,0,0,0.45,0,0,0,0,0,17-AUG-2016,
OPTSTK,YESBANK,25-Aug-2016,740,PE,0,0,0,0.75,0,0,0,0,0,17-AUG-2016,
OPTSTK,YESBANK,25-Aug-2016,760,PE,0,0,0,1.2,0,0,0,0,0,17-AUG-2016,
OPTSTK,YESBANK,25-Aug-2016,780,PE,0,0,0,1.85,0,0,0,0,0,17-AUG-2016,
OPTSTK,YESBANK,25-Aug-2016,800,PE,0,0,0,2.8,0,0,0,0,0,17-AUG-2016,
OPTSTK,YESBANK,25-Aug-2016,820,PE,0,0,0,4.1,0,0,0,0,0,17-AUG-2016,
OPTSTK,YESBANK,25-Aug-2016,840,PE,0,0,0,5.85,0,0,0,0,0,17-AUG-2016,
OPTSTK,YESBANK,25-Aug-2016,860,PE,0,0,0,8.1,0,0,0,0,0,17-AUG-2016,
OPTSTK,YESBANK,25-Aug-2016,880,PE,0,0,0,10.95,0,0,0,0,0,17-AUG-2016,
OPTSTK,YESBANK,25-Aug-2016,900,PE,0,0,0,0.05,0,0,0,700,0,17-AUG-2016,
OPTSTK,YESBANK,25-Aug-2016,920,PE,0,0,0,18.85,0,0,0,0,0,17-AUG-2016,
OPTSTK,YESBANK,25-Aug-2016,940,PE,0,0,0,24.1,0,0,0,0,0,17-AUG-2016,
OPTSTK,YESBANK,25-Aug-2016,960,PE,0,0,0,30.15,0,0,0,0,0,17-AUG-2016,
OPTSTK,YESBANK,25-Aug-2016,980,PE,0,0,0,37.15,0,0,0,0,0,17-AUG-2016,
OPTSTK,YESBANK,25-Aug-2016,1000,PE,0,0,0,0.5,0,0,0,33600,0,17-AUG-2016,
OPTSTK,YESBANK,25-Aug-2016,1020,PE,0,0,0,0.45,0,0,0,14000,0,17-AUG-2016,
OPTSTK,YESBANK,25-Aug-2016,1040,PE,0,0,0,0.65,0,0,0,12600,0,17-AUG-2016,
OPTSTK,YESBANK,25-Aug-2016,1060,PE,0,0,0,0.6,0,0,0,30100,0,17-AUG-2016,
OPTSTK,YESBANK,25-Aug-2016,1080,PE,0,0,0,0.9,0,0,0,42000,0,17-AUG-2016,
OPTSTK,YESBANK,25-Aug-2016,1100,PE,0.5,0.55,0.45,0.5,0.5,34,261.91,149100,-1400,17-AUG-2016,
OPTSTK,YESBANK,25-Aug-2016,1120,PE,0.7,0.7,0.5,0.55,0.55,38,298.07,73500,7000,17-AUG-2016,
OPTSTK,YESBANK,25-Aug-2016,1140,PE,0.85,0.85,0.65,0.65,0.65,46,367.32,144900,-8400,17-AUG-2016,
OPTSTK,YESBANK,25-Aug-2016,1160,PE,1.3,1.4,0.95,1,1,76,617.71,179200,-700,17-AUG-2016,
OPTSTK,YESBANK,25-Aug-2016,1180,PE,1.75,2,1.2,1.35,1.35,62,512.76,238700,-3500,17-AUG-2016,
OPTSTK,YESBANK,25-Aug-2016,1200,PE,2.35,3,1.75,1.9,1.9,367,3088.27,630700,32200,17-AUG-2016,
OPTSTK,YESBANK,25-Aug-2016,1220,PE,3.65,4.05,2.6,2.8,2.8,167,1429.86,347200,-1400,17-AUG-2016,
OPTSTK,YESBANK,25-Aug-2016,1240,PE,5.25,6.95,4,4.25,4.25,294,2562.1,452200,35000,17-AUG-2016,
OPTSTK,YESBANK,25-Aug-2016,1260,PE,6.35,10.9,6.3,6.55,6.55,515,4570.99,340900,33600,17-AUG-2016,
OPTSTK,YESBANK,25-Aug-2016,1280,PE,13.6,17.55,10.3,10.7,10.7,841,7611.92,322000,40600,17-AUG-2016,
OPTSTK,YESBANK,25-Aug-2016,1300,PE,21.55,27.3,16.5,17.35,17.35,861,7954.38,225400,123200,17-AUG-2016,
OPTSTK,YESBANK,25-Aug-2016,1320,PE,32,37,25.7,26.75,26.75,60,566.83,42000,8400,17-AUG-2016,
OPTSTK,YESBANK,25-Aug-2016,1340,PE,42.35,42.35,42.35,42.35,42.35,1,9.67,700,-700,17-AUG-2016,
OPTSTK,YESBANK,25-Aug-2016,1360,PE,55.3,55.3,55.3,55.3,55.3,1,9.9,700,700,17-AUG-2016,
OPTSTK,YESBANK,25-Aug-2016,1380,PE,0,0,0,336.95,71.55,0,0,0,0,17-AUG-2016,
OPTSTK,YESBANK,25-Aug-2016,1400,PE,0,0,0,115,90.4,0,0,700,0,17-AUG-2016,
OPTSTK,YESBANK,25-Aug-2016,1420,PE,0,0,0,334.95,109.85,0,0,0,0,17-AUG-2016,
OPTSTK,YESBANK,25-Aug-2016,1440,PE,0,0,0,349.6,129.6,0,0,0,0,17-AUG-2016,
OPTSTK,YESBANK,25-Aug-2016,1460,PE,0,0,0,331.95,149.5,0,0,0,0,17-AUG-2016,
OPTSTK,YESBANK,25-Aug-2016,1480,PE,0,0,0,351.55,169.45,0,0,0,0,17-AUG-2016,
OPTSTK,YESBANK,25-Aug-2016,1500,PE,0,0,0,376.9,189.45,0,0,0,0,17-AUG-2016,
OPTSTK,YESBANK,29-Sep-2016,700,CE,0,0,0,419.5,614.05,0,0,0,0,17-AUG-2016,
OPTSTK,YESBANK,29-Sep-2016,720,CE,0,0,0,399.9,594.2,0,0,0,0,17-AUG-2016,
OPTSTK,YESBANK,29-Sep-2016,740,CE,0,0,0,380.3,574.35,0,0,0,0,17-AUG-2016,
OPTSTK,YESBANK,29-Sep-2016,760,CE,0,0,0,360.75,554.5,0,0,0,0,17-AUG-2016,
OPTSTK,YESBANK,29-Sep-2016,780,CE,0,0,0,341.25,534.7,0,0,0,0,17-AUG-2016,
OPTSTK,YESBANK,29-Sep-2016,800,CE,0,0,0,321.8,514.85,0,0,0,0,17-AUG-2016,
OPTSTK,YESBANK,29-Sep-2016,820,CE,0,0,0,302.5,495,0,0,0,0,17-AUG-2016,
OPTSTK,YESBANK,29-Sep-2016,840,CE,0,0,0,283.35,475.15,0,0,0,0,17-AUG-2016,
OPTSTK,YESBANK,29-Sep-2016,860,CE,0,0,0,264.45,455.35,0,0,0,0,17-AUG-2016,
OPTSTK,YESBANK,29-Sep-2016,880,CE,0,0,0,245.8,435.5,0,0,0,0,17-AUG-2016,
OPTSTK,YESBANK,29-Sep-2016,900,CE,0,0,0,227.5,415.65,0,0,0,0,17-AUG-2016,
OPTSTK,YESBANK,29-Sep-2016,920,CE,0,0,0,209.6,395.8,0,0,0,0,17-AUG-2016,
OPTSTK,YESBANK,29-Sep-2016,940,CE,0,0,0,192.25,376,0,0,0,0,17-AUG-2016,
OPTSTK,YESBANK,29-Sep-2016,960,CE,0,0,0,175.45,356.15,0,0,0,0,17-AUG-2016,
OPTSTK,YESBANK,29-Sep-2016,980,CE,0,0,0,159.3,336.3,0,0,0,0,17-AUG-2016,
OPTSTK,YESBANK,29-Sep-2016,1000,CE,0,0,0,143.95,316.5,0,0,0,0,17-AUG-2016,
OPTSTK,YESBANK,29-Sep-2016,1020,CE,0,0,0,129.35,296.65,0,0,0,0,17-AUG-2016,
OPTSTK,YESBANK,29-Sep-2016,1040,CE,0,0,0,115.6,276.9,0,0,0,0,17-AUG-2016,
OPTSTK,YESBANK,29-Sep-2016,1060,CE,0,0,0,102.75,257.15,0,0,0,0,17-AUG-2016,
OPTSTK,YESBANK,29-Sep-2016,1080,CE,0,0,0,90.85,237.5,0,0,0,0,17-AUG-2016,
OPTSTK,YESBANK,29-Sep-2016,1100,CE,0,0,0,79.9,218,0,0,0,0,17-AUG-2016,
OPTSTK,YESBANK,29-Sep-2016,1120,CE,0,0,0,69.85,198.7,0,0,0,0,17-AUG-2016,
OPTSTK,YESBANK,29-Sep-2016,1140,CE,0,0,0,60.75,179.7,0,0,0,0,17-AUG-2016,
OPTSTK,YESBANK,29-Sep-2016,1160,CE,0,0,0,52.55,161.15,0,0,0,0,17-AUG-2016,
OPTSTK,YESBANK,29-Sep-2016,1180,CE,0,0,0,45.2,143.15,0,0,0,0,17-AUG-2016,
OPTSTK,YESBANK,29-Sep-2016,1200,CE,0,0,0,95,125.85,0,0,4200,0,17-AUG-2016,
OPTSTK,YESBANK,29-Sep-2016,1220,CE,0,0,0,32.95,109.45,0,0,0,0,17-AUG-2016,
OPTSTK,YESBANK,29-Sep-2016,1240,CE,0,0,0,67.2,94.05,0,0,700,0,17-AUG-2016,
OPTSTK,YESBANK,29-Sep-2016,1260,CE,0,0,0,66.6,79.85,0,0,1400,0,17-AUG-2016,
OPTSTK,YESBANK,29-Sep-2016,1280,CE,62,63,62,63,63,2,18.79,12600,1400,17-AUG-2016,
OPTSTK,YESBANK,29-Sep-2016,1300,CE,43.05,52.95,41.7,51.45,51.45,32,301.95,37800,2800,17-AUG-2016,
OPTSTK,YESBANK,29-Sep-2016,1320,CE,40,46.9,40,44,44,3,28.63,11900,1400,17-AUG-2016,
OPTSTK,YESBANK,29-Sep-2016,1340,CE,26.5,33.7,26,33.4,33.4,15,143.77,51100,5600,17-AUG-2016,
OPTSTK,YESBANK,29-Sep-2016,1360,CE,21.5,26,21.5,26,26,20,193.67,11200,8400,17-AUG-2016,
OPTSTK,YESBANK,29-Sep-2016,1380,CE,19,19,19,19,19,1,9.79,700,700,17-AUG-2016,
OPTSTK,YESBANK,29-Sep-2016,1400,CE,13.65,15,13.65,14,14,7,69.29,16100,700,17-AUG-2016,
OPTSTK,YESBANK,29-Sep-2016,1420,CE,10,10,10,10,10,1,10.01,700,700,17-AUG-2016,
OPTSTK,YESBANK,29-Sep-2016,1440,CE,0,0,0,7,9.9,0,0,700,0,17-AUG-2016,
OPTSTK,YESBANK,29-Sep-2016,1460,CE,0,0,0,3.35,7.35,0,0,0,0,17-AUG-2016,
OPTSTK,YESBANK,29-Sep-2016,1480,CE,0,0,0,2.7,5.35,0,0,0,0,17-AUG-2016,
OPTSTK,YESBANK,29-Sep-2016,1500,CE,0,0,0,2.2,3.85,0,0,0,0,17-AUG-2016,
OPTSTK,YESBANK,29-Sep-2016,700,PE,0,0,0,0.05,0,0,0,0,0,17-AUG-2016,
OPTSTK,YESBANK,29-Sep-2016,720,PE,0,0,0,0.1,0,0,0,0,0,17-AUG-2016,
OPTSTK,YESBANK,29-Sep-2016,740,PE,0,0,0,0.15,0,0,0,0,0,17-AUG-2016,
OPTSTK,YESBANK,29-Sep-2016,760,PE,0,0,0,0.2,0,0,0,0,0,17-AUG-2016,
OPTSTK,YESBANK,29-Sep-2016,780,PE,0,0,0,0.35,0,0,0,0,0,17-AUG-2016,
OPTSTK,YESBANK,29-Sep-2016,800,PE,0,0,0,0.6,0,0,0,0,0,17-AUG-2016,
OPTSTK,YESBANK,29-Sep-2016,820,PE,0,0,0,0.9,0,0,0,0,0,17-AUG-2016,
OPTSTK,YESBANK,29-Sep-2016,840,PE,0,0,0,1.4,0,0,0,0,0,17-AUG-2016,
OPTSTK,YESBANK,29-Sep-2016,860,PE,0,0,0,2.15,0,0,0,0,0,17-AUG-2016,
OPTSTK,YESBANK,29-Sep-2016,880,PE,0,0,0,3.15,0,0,0,0,0,17-AUG-2016,
OPTSTK,YESBANK,29-Sep-2016,900,PE,0,0,0,4.5,0,0,0,0,0,17-AUG-2016,
OPTSTK,YESBANK,29-Sep-2016,920,PE,0,0,0,6.25,0,0,0,0,0,17-AUG-2016,
OPTSTK,YESBANK,29-Sep-2016,940,PE,0,0,0,8.55,0,0,0,0,0,17-AUG-2016,
OPTSTK,YESBANK,29-Sep-2016,960,PE,0,0,0,11.4,0,0,0,0,0,17-AUG-2016,
OPTSTK,YESBANK,29-Sep-2016,980,PE,0,0,0,14.9,0.05,0,0,0,0,17-AUG-2016,
OPTSTK,YESBANK,29-Sep-2016,1000,PE,0,0,0,2,0.05,0,0,1400,0,17-AUG-2016,
OPTSTK,YESBANK,29-Sep-2016,1020,PE,0,0,0,24.25,0.05,0,0,0,0,17-AUG-2016,
OPTSTK,YESBANK,29-Sep-2016,1040,PE,0,0,0,30.1,0.1,0,0,0,0,17-AUG-2016,
OPTSTK,YESBANK,29-Sep-2016,1060,PE,0,0,0,36.9,0.2,0,0,0,0,17-AUG-2016,
OPTSTK,YESBANK,29-Sep-2016,1080,PE,0,0,0,44.65,0.4,0,0,0,0,17-AUG-2016,
OPTSTK,YESBANK,29-Sep-2016,1100,PE,0,0,0,14,0.75,0,0,2100,0,17-AUG-2016,
OPTSTK,YESBANK,29-Sep-2016,1120,PE,0,0,0,20,1.3,0,0,2100,0,17-AUG-2016,
OPTSTK,YESBANK,29-Sep-2016,1140,PE,0,0,0,20,2.1,0,0,1400,0,17-AUG-2016,
OPTSTK,YESBANK,29-Sep-2016,1160,PE,0,0,0,84.95,3.4,0,0,0,0,17-AUG-2016,
OPTSTK,YESBANK,29-Sep-2016,1180,PE,9,9,9,9,9,2,16.64,7000,0,17-AUG-2016,
OPTSTK,YESBANK,29-Sep-2016,1200,PE,12.2,13,12.2,13,13,3,25.46,25900,0,17-AUG-2016,
OPTSTK,YESBANK,29-Sep-2016,1220,PE,17.5,17.5,15.9,15.9,15.9,3,25.97,3500,2100,17-AUG-2016,
OPTSTK,YESBANK,29-Sep-2016,1240,PE,22,22,22,22,22,1,8.83,3500,0,17-AUG-2016,
OPTSTK,YESBANK,29-Sep-2016,1260,PE,0,0,0,27.5,21.3,0,0,7000,0,17-AUG-2016,
OPTSTK,YESBANK,29-Sep-2016,1280,PE,0,0,0,170.1,28.2,0,0,0,0,17-AUG-2016,
OPTSTK,YESBANK,29-Sep-2016,1300,PE,47.4,47.4,39.5,41.55,41.55,28,263.2,8400,4900,17-AUG-2016,
OPTSTK,YESBANK,29-Sep-2016,1320,PE,0,0,0,203.35,46.1,0,0,0,0,17-AUG-2016,
OPTSTK,YESBANK,29-Sep-2016,1340,PE,0,0,0,63.5,57.1,0,0,700,0,17-AUG-2016,
OPTSTK,YESBANK,29-Sep-2016,1360,PE,0,0,0,238.25,69.45,0,0,0,0,17-AUG-2016,
OPTSTK,YESBANK,29-Sep-2016,1380,PE,0,0,0,256.2,83,0,0,0,0,17-AUG-2016,
OPTSTK,YESBANK,29-Sep-2016,1400,PE,0,0,0,274.45,97.75,0,0,0,0,17-AUG-2016,
OPTSTK,YESBANK,29-Sep-2016,1420,PE,0,0,0,292.95,113.35,0,0,0,0,17-AUG-2016,
OPTSTK,YESBANK,29-Sep-2016,1440,PE,0,0,0,311.6,129.9,0,0,0,0,17-AUG-2016,
OPTSTK,YESBANK,29-Sep-2016,1460,PE,0,0,0,330.45,147.15,0,0,0,0,17-AUG-2016,
OPTSTK,YESBANK,29-Sep-2016,1480,PE,0,0,0,349.45,165,0,0,0,0,17-AUG-2016,
OPTSTK,YESBANK,29-Sep-2016,1500,PE,0,0,0,368.55,183.35,0,0,0,0,17-AUG-2016,
OPTSTK,YESBANK,27-Oct-2016,820,CE,0,0,0,417.65,499.3,0,0,0,0,17-AUG-2016,
OPTSTK,YESBANK,27-Oct-2016,840,CE,0,0,0,398,479.55,0,0,0,0,17-AUG-2016,
OPTSTK,YESBANK,27-Oct-2016,860,CE,0,0,0,378.4,459.85,0,0,0,0,17-AUG-2016,
OPTSTK,YESBANK,27-Oct-2016,880,CE,0,0,0,358.85,440.1,0,0,0,0,17-AUG-2016,
OPTSTK,YESBANK,27-Oct-2016,900,CE,0,0,0,339.35,420.4,0,0,0,0,17-AUG-2016,
OPTSTK,YESBANK,27-Oct-2016,920,CE,0,0,0,319.95,400.65,0,0,0,0,17-AUG-2016,
OPTSTK,YESBANK,27-Oct-2016,940,CE,0,0,0,300.65,380.95,0,0,0,0,17-AUG-2016,
OPTSTK,YESBANK,27-Oct-2016,960,CE,0,0,0,281.55,361.25,0,0,0,0,17-AUG-2016,
OPTSTK,YESBANK,27-Oct-2016,980,CE,0,0,0,262.65,341.55,0,0,0,0,17-AUG-2016,
OPTSTK,YESBANK,27-Oct-2016,1000,CE,0,0,0,244,321.95,0,0,0,0,17-AUG-2016,
OPTSTK,YESBANK,27-Oct-2016,1020,CE,0,0,0,225.75,302.4,0,0,0,0,17-AUG-2016,
OPTSTK,YESBANK,27-Oct-2016,1040,CE,0,0,0,207.9,282.95,0,0,0,0,17-AUG-2016,
OPTSTK,YESBANK,27-Oct-2016,1060,CE,0,0,0,190.55,263.65,0,0,0,0,17-AUG-2016,
OPTSTK,YESBANK,27-Oct-2016,1080,CE,0,0,0,173.75,244.55,0,0,0,0,17-AUG-2016,
OPTSTK,YESBANK,27-Oct-2016,1100,CE,0,0,0,157.65,225.7,0,0,0,0,17-AUG-2016,
OPTSTK,YESBANK,27-Oct-2016,1120,CE,0,0,0,142.3,207.25,0,0,0,0,17-AUG-2016,
OPTSTK,YESBANK,27-Oct-2016,1140,CE,0,0,0,127.75,189.2,0,0,0,0,17-AUG-2016,
OPTSTK,YESBANK,27-Oct-2016,1160,CE,0,0,0,114,171.7,0,0,0,0,17-AUG-2016,
OPTSTK,YESBANK,27-Oct-2016,1180,CE,0,0,0,101.15,154.85,0,0,0,0,17-AUG-2016,
OPTSTK,YESBANK,27-Oct-2016,1200,CE,0,0,0,89.3,138.7,0,0,0,0,17-AUG-2016,
OPTSTK,YESBANK,27-Oct-2016,1220,CE,0,0,0,78.35,123.4,0,0,0,0,17-AUG-2016,
OPTSTK,YESBANK,27-Oct-2016,1240,CE,0,0,0,68.35,108.95,0,0,0,0,17-AUG-2016,
OPTSTK,YESBANK,27-Oct-2016,1260,CE,0,0,0,59.3,95.5,0,0,0,0,17-AUG-2016,
OPTSTK,YESBANK,27-Oct-2016,1280,CE,0,0,0,51.1,83.1,0,0,0,0,17-AUG-2016,
OPTSTK,YESBANK,27-Oct-2016,1300,CE,0,0,0,43.85,71.75,0,0,0,0,17-AUG-2016,
OPTSTK,YESBANK,27-Oct-2016,1320,CE,0,0,0,37.4,61.5,0,0,0,0,17-AUG-2016,
OPTSTK,YESBANK,27-Oct-2016,1340,CE,0,0,0,31.7,52.25,0,0,0,0,17-AUG-2016,
OPTSTK,YESBANK,27-Oct-2016,1360,CE,0,0,0,26.8,44.1,0,0,0,0,17-AUG-2016,
OPTSTK,YESBANK,27-Oct-2016,1380,CE,0,0,0,22.45,36.9,0,0,0,0,17-AUG-2016,
OPTSTK,YESBANK,27-Oct-2016,1400,CE,0,0,0,18.75,30.65,0,0,0,0,17-AUG-2016,
OPTSTK,YESBANK,27-Oct-2016,1420,CE,0,0,0,15.55,25.3,0,0,0,0,17-AUG-2016,
OPTSTK,YESBANK,27-Oct-2016,1440,CE,0,0,0,12.85,20.65,0,0,0,0,17-AUG-2016,
OPTSTK,YESBANK,27-Oct-2016,1460,CE,0,0,0,10.55,16.75,0,0,0,0,17-AUG-2016,
OPTSTK,YESBANK,27-Oct-2016,1480,CE,0,0,0,8.65,13.5,0,0,0,0,17-AUG-2016,
OPTSTK,YESBANK,27-Oct-2016,1500,CE,0,0,0,7.05,10.8,0,0,0,0,17-AUG-2016,
OPTSTK,YESBANK,27-Oct-2016,820,PE,0,0,0,0.05,0,0,0,0,0,17-AUG-2016,
OPTSTK,YESBANK,27-Oct-2016,840,PE,0,0,0,0.1,0,0,0,0,0,17-AUG-2016,
OPTSTK,YESBANK,27-Oct-2016,860,PE,0,0,0,0.15,0,0,0,0,0,17-AUG-2016,
OPTSTK,YESBANK,27-Oct-2016,880,PE,0,0,0,0.25,0,0,0,0,0,17-AUG-2016,
OPTSTK,YESBANK,27-Oct-2016,900,PE,0,0,0,0.4,0.05,0,0,0,0,17-AUG-2016,
OPTSTK,YESBANK,27-Oct-2016,920,PE,0,0,0,0.65,0.05,0,0,0,0,17-AUG-2016,
OPTSTK,YESBANK,27-Oct-2016,940,PE,0,0,0,1,0.05,0,0,0,0,17-AUG-2016,
OPTSTK,YESBANK,27-Oct-2016,960,PE,0,0,0,1.55,0.1,0,0,0,0,17-AUG-2016,
OPTSTK,YESBANK,27-Oct-2016,980,PE,0,0,0,2.3,0.15,0,0,0,0,17-AUG-2016,
OPTSTK,YESBANK,27-Oct-2016,1000,PE,0,0,0,3.35,0.25,0,0,0,0,17-AUG-2016,
OPTSTK,YESBANK,27-Oct-2016,1020,PE,0,0,0,4.7,0.45,0,0,0,0,17-AUG-2016,
OPTSTK,YESBANK,27-Oct-2016,1040,PE,0,0,0,6.5,0.75,0,0,0,0,17-AUG-2016,
OPTSTK,YESBANK,27-Oct-2016,1060,PE,0,0,0,8.85,1.15,0,0,0,0,17-AUG-2016,
OPTSTK,YESBANK,27-Oct-2016,1080,PE,0,0,0,11.7,1.8,0,0,0,0,17-AUG-2016,
OPTSTK,YESBANK,27-Oct-2016,1100,PE,0,0,0,15.25,2.7,0,0,0,0,17-AUG-2016,
OPTSTK,YESBANK,27-Oct-2016,1120,PE,0,0,0,19.55,3.95,0,0,0,0,17-AUG-2016,
OPTSTK,YESBANK,27-Oct-2016,1140,PE,0,0,0,24.65,5.65,0,0,0,0,17-AUG-2016,
OPTSTK,YESBANK,27-Oct-2016,1160,PE,0,0,0,30.55,7.9,0,0,0,0,17-AUG-2016,
OPTSTK,YESBANK,27-Oct-2016,1180,PE,0,0,0,37.4,10.75,0,0,0,0,17-AUG-2016,
OPTSTK,YESBANK,27-Oct-2016,1200,PE,0,0,0,45.15,14.35,0,0,0,0,17-AUG-2016,
OPTSTK,YESBANK,27-Oct-2016,1220,PE,0,0,0,53.9,18.75,0,0,0,0,17-AUG-2016,
OPTSTK,YESBANK,27-Oct-2016,1240,PE,0,0,0,63.55,24.05,0,0,0,0,17-AUG-2016,
OPTSTK,YESBANK,27-Oct-2016,1260,PE,0,0,0,74.15,30.35,0,0,0,0,17-AUG-2016,
OPTSTK,YESBANK,27-Oct-2016,1280,PE,0,0,0,85.65,37.7,0,0,0,0,17-AUG-2016,
OPTSTK,YESBANK,27-Oct-2016,1300,PE,0,0,0,98,46.1,0,0,0,0,17-AUG-2016,
OPTSTK,YESBANK,27-Oct-2016,1320,PE,0,0,0,111.2,55.55,0,0,0,0,17-AUG-2016,
OPTSTK,YESBANK,27-Oct-2016,1340,PE,0,0,0,125.2,66.05,0,0,0,0,17-AUG-2016,
OPTSTK,YESBANK,27-Oct-2016,1360,PE,0,0,0,139.95,77.6,0,0,0,0,17-AUG-2016,
OPTSTK,YESBANK,27-Oct-2016,1380,PE,0,0,0,155.25,90.15,0,0,0,0,17-AUG-2016,
OPTSTK,YESBANK,27-Oct-2016,1400,PE,0,0,0,171.2,103.6,0,0,0,0,17-AUG-2016,
OPTSTK,YESBANK,27-Oct-2016,1420,PE,0,0,0,187.65,118,0,0,0,0,17-AUG-2016,
OPTSTK,YESBANK,27-Oct-2016,1440,PE,0,0,0,204.6,133.1,0,0,0,0,17-AUG-2016,
OPTSTK,YESBANK,27-Oct-2016,1460,PE,0,0,0,222,148.95,0,0,0,0,17-AUG-2016,
OPTSTK,YESBANK,27-Oct-2016,1480,PE,0,0,0,239.75,165.45,0,0,0,0,17-AUG-2016,
OPTSTK,YESBANK,27-Oct-2016,1500,PE,0,0,0,257.8,182.45,0,0,0,0,17-AUG-2016,
OPTSTK,ZEEL,25-Aug-2016,280,CE,0,0,0,169.55,218.45,0,0,0,0,17-AUG-2016,
OPTSTK,ZEEL,25-Aug-2016,290,CE,0,0,0,159.8,208.45,0,0,0,0,17-AUG-2016,
OPTSTK,ZEEL,25-Aug-2016,300,CE,0,0,0,150.1,198.45,0,0,0,0,17-AUG-2016,
OPTSTK,ZEEL,25-Aug-2016,310,CE,0,0,0,140.45,188.5,0,0,0,0,17-AUG-2016,
OPTSTK,ZEEL,25-Aug-2016,320,CE,0,0,0,130.9,178.5,0,0,0,0,17-AUG-2016,
OPTSTK,ZEEL,25-Aug-2016,330,CE,0,0,0,121.5,168.5,0,0,0,0,17-AUG-2016,
OPTSTK,ZEEL,25-Aug-2016,340,CE,0,0,0,112.25,158.55,0,0,0,0,17-AUG-2016,
OPTSTK,ZEEL,25-Aug-2016,350,CE,0,0,0,103.25,148.55,0,0,0,0,17-AUG-2016,
OPTSTK,ZEEL,25-Aug-2016,360,CE,0,0,0,94.45,138.55,0,0,0,0,17-AUG-2016,
OPTSTK,ZEEL,25-Aug-2016,370,CE,0,0,0,86,128.55,0,0,0,0,17-AUG-2016,
OPTSTK,ZEEL,25-Aug-2016,380,CE,0,0,0,77.85,118.6,0,0,0,0,17-AUG-2016,
OPTSTK,ZEEL,25-Aug-2016,390,CE,0,0,0,70.15,108.6,0,0,0,0,17-AUG-2016,
OPTSTK,ZEEL,25-Aug-2016,400,CE,0,0,0,62.85,98.6,0,0,0,0,17-AUG-2016,
OPTSTK,ZEEL,25-Aug-2016,410,CE,0,0,0,55.95,88.65,0,0,0,0,17-AUG-2016,
OPTSTK,ZEEL,25-Aug-2016,420,CE,0,0,0,49.55,78.65,0,0,0,0,17-AUG-2016,
OPTSTK,ZEEL,25-Aug-2016,430,CE,0,0,0,43.65,68.65,0,0,0,0,17-AUG-2016,
OPTSTK,ZEEL,25-Aug-2016,440,CE,0,0,0,61.9,58.7,0,0,2600,0,17-AUG-2016,
OPTSTK,ZEEL,25-Aug-2016,450,CE,0,0,0,54.3,48.75,0,0,6500,0,17-AUG-2016,
OPTSTK,ZEEL,25-Aug-2016,460,CE,0,0,0,32.1,39,0,0,5200,0,17-AUG-2016,
OPTSTK,ZEEL,25-Aug-2016,470,CE,0,0,0,37,29.65,0,0,9100,0,17-AUG-2016,
OPTSTK,ZEEL,25-Aug-2016,480,CE,20,20,20,20,20,1,6.5,26000,-1300,17-AUG-2016,
OPTSTK,ZEEL,25-Aug-2016,490,CE,14.5,14.6,14.5,14.6,14.6,2,13.11,44200,0,17-AUG-2016,
OPTSTK,ZEEL,25-Aug-2016,500,CE,11.5,11.5,7.25,8,8,30,198.55,94900,3900,17-AUG-2016,
OPTSTK,ZEEL,25-Aug-2016,510,CE,7.2,8,4.05,4.65,4.65,134,898.16,144300,-3900,17-AUG-2016,
OPTSTK,ZEEL,25-Aug-2016,520,CE,3.8,5,2.3,2.5,2.5,116,788.89,226200,-1300,17-AUG-2016,
OPTSTK,ZEEL,25-Aug-2016,530,CE,2.55,2.55,1.2,1.35,1.35,24,165.86,110500,3900,17-AUG-2016,
OPTSTK,ZEEL,25-Aug-2016,540,CE,1.1,1.2,0.65,0.7,0.7,19,133.58,113100,-2600,17-AUG-2016,
OPTSTK,ZEEL,25-Aug-2016,550,CE,0.7,0.7,0.5,0.6,0.6,4,28.63,54600,3900,17-AUG-2016,
OPTSTK,ZEEL,25-Aug-2016,560,CE,0.2,0.2,0.2,0.2,0.2,2,14.56,33800,-2600,17-AUG-2016,
OPTSTK,ZEEL,25-Aug-2016,570,CE,0,0,0,1.05,0.05,0,0,29900,0,17-AUG-2016,
OPTSTK,ZEEL,25-Aug-2016,580,CE,0,0,0,1.5,0,0,0,2600,0,17-AUG-2016,
OPTSTK,ZEEL,25-Aug-2016,590,CE,0,0,0,3,0,0,0,0,0,17-AUG-2016,
OPTSTK,ZEEL,25-Aug-2016,600,CE,0,0,0,2.45,0,0,0,0,0,17-AUG-2016,
OPTSTK,ZEEL,25-Aug-2016,610,CE,0,0,0,2.4,0,0,0,0,0,17-AUG-2016,
OPTSTK,ZEEL,25-Aug-2016,620,CE,0,0,0,1.6,0,0,0,0,0,17-AUG-2016,
OPTSTK,ZEEL,25-Aug-2016,280,PE,0,0,0,0.1,0,0,0,0,0,17-AUG-2016,
OPTSTK,ZEEL,25-Aug-2016,290,PE,0,0,0,0.15,0,0,0,0,0,17-AUG-2016,
OPTSTK,ZEEL,25-Aug-2016,300,PE,0,0,0,0.3,0,0,0,0,0,17-AUG-2016,
OPTSTK,ZEEL,25-Aug-2016,310,PE,0,0,0,0.45,0,0,0,0,0,17-AUG-2016,
OPTSTK,ZEEL,25-Aug-2016,320,PE,0,0,0,0.75,0,0,0,0,0,17-AUG-2016,
OPTSTK,ZEEL,25-Aug-2016,330,PE,0,0,0,1.15,0,0,0,0,0,17-AUG-2016,
OPTSTK,ZEEL,25-Aug-2016,340,PE,0,0,0,1.75,0,0,0,0,0,17-AUG-2016,
OPTSTK,ZEEL,25-Aug-2016,350,PE,0,0,0,2.55,0,0,0,0,0,17-AUG-2016,
OPTSTK,ZEEL,25-Aug-2016,360,PE,0,0,0,3.6,0,0,0,0,0,17-AUG-2016,
OPTSTK,ZEEL,25-Aug-2016,370,PE,0,0,0,4.95,0,0,0,0,0,17-AUG-2016,
OPTSTK,ZEEL,25-Aug-2016,380,PE,0,0,0,6.65,0,0,0,0,0,17-AUG-2016,
OPTSTK,ZEEL,25-Aug-2016,390,PE,0,0,0,8.75,0,0,0,0,0,17-AUG-2016,
OPTSTK,ZEEL,25-Aug-2016,400,PE,0,0,0,11.25,0,0,0,0,0,17-AUG-2016,
OPTSTK,ZEEL,25-Aug-2016,410,PE,0,0,0,14.2,0,0,0,0,0,17-AUG-2016,
OPTSTK,ZEEL,25-Aug-2016,420,PE,0,0,0,17.6,0,0,0,0,0,17-AUG-2016,
OPTSTK,ZEEL,25-Aug-2016,430,PE,0,0,0,0.15,0,0,0,5200,0,17-AUG-2016,
OPTSTK,ZEEL,25-Aug-2016,440,PE,0,0,0,0.35,0.05,0,0,28600,0,17-AUG-2016,
OPTSTK,ZEEL,25-Aug-2016,450,PE,0,0,0,0.25,0.1,0,0,49400,0,17-AUG-2016,
OPTSTK,ZEEL,25-Aug-2016,460,PE,0.55,0.55,0.55,0.55,0.55,4,23.94,53300,2600,17-AUG-2016,
OPTSTK,ZEEL,25-Aug-2016,470,PE,0.7,1,0.7,1,1,6,36.72,33800,1300,17-AUG-2016,
OPTSTK,ZEEL,25-Aug-2016,480,PE,1.45,2.65,1.4,2.05,2.05,41,256.82,93600,-9100,17-AUG-2016,
OPTSTK,ZEEL,25-Aug-2016,490,PE,3,4.9,2.9,4.55,4.55,41,263.26,91000,-5200,17-AUG-2016,
OPTSTK,ZEEL,25-Aug-2016,500,PE,6.05,9.4,6.05,8.9,8.9,43,283.76,61100,-13000,17-AUG-2016,
OPTSTK,ZEEL,25-Aug-2016,510,PE,12.65,15,12.65,15,15,6,40.84,15600,-2600,17-AUG-2016,
OPTSTK,ZEEL,25-Aug-2016,520,PE,0,0,0,22.8,23.35,0,0,5200,0,17-AUG-2016,
OPTSTK,ZEEL,25-Aug-2016,530,PE,0,0,0,32.45,32.15,0,0,1300,0,17-AUG-2016,
OPTSTK,ZEEL,25-Aug-2016,540,PE,0,0,0,93.65,41.55,0,0,0,0,17-AUG-2016,
OPTSTK,ZEEL,25-Aug-2016,550,PE,0,0,0,58.1,51.3,0,0,3900,0,17-AUG-2016,
OPTSTK,ZEEL,25-Aug-2016,560,PE,0,0,0,110.9,61.2,0,0,0,0,17-AUG-2016,
OPTSTK,ZEEL,25-Aug-2016,570,PE,0,0,0,119.8,71.2,0,0,0,0,17-AUG-2016,
OPTSTK,ZEEL,25-Aug-2016,580,PE,0,0,0,128.85,81.15,0,0,0,0,17-AUG-2016,
OPTSTK,ZEEL,25-Aug-2016,590,PE,0,0,0,138,91.15,0,0,0,0,17-AUG-2016,
OPTSTK,ZEEL,25-Aug-2016,600,PE,0,0,0,147.3,101.1,0,0,0,0,17-AUG-2016,
OPTSTK,ZEEL,25-Aug-2016,610,PE,0,0,0,148.45,111.1,0,0,0,0,17-AUG-2016,
OPTSTK,ZEEL,25-Aug-2016,620,PE,0,0,0,154.75,121.1,0,0,0,0,17-AUG-2016,
OPTSTK,ZEEL,29-Sep-2016,280,CE,0,0,0,181.45,220.3,0,0,0,0,17-AUG-2016,
OPTSTK,ZEEL,29-Sep-2016,290,CE,0,0,0,171.65,210.35,0,0,0,0,17-AUG-2016,
OPTSTK,ZEEL,29-Sep-2016,300,CE,0,0,0,161.85,200.45,0,0,0,0,17-AUG-2016,
OPTSTK,ZEEL,29-Sep-2016,310,CE,0,0,0,152.05,190.55,0,0,0,0,17-AUG-2016,
OPTSTK,ZEEL,29-Sep-2016,320,CE,0,0,0,142.25,180.6,0,0,0,0,17-AUG-2016,
OPTSTK,ZEEL,29-Sep-2016,330,CE,0,0,0,132.5,170.7,0,0,0,0,17-AUG-2016,
OPTSTK,ZEEL,29-Sep-2016,340,CE,0,0,0,122.75,160.75,0,0,0,0,17-AUG-2016,
OPTSTK,ZEEL,29-Sep-2016,350,CE,0,0,0,113.15,150.85,0,0,0,0,17-AUG-2016,
OPTSTK,ZEEL,29-Sep-2016,360,CE,0,0,0,103.65,140.95,0,0,0,0,17-AUG-2016,
OPTSTK,ZEEL,29-Sep-2016,370,CE,0,0,0,94.3,131.05,0,0,0,0,17-AUG-2016,
OPTSTK,ZEEL,29-Sep-2016,380,CE,0,0,0,85.15,121.15,0,0,0,0,17-AUG-2016,
OPTSTK,ZEEL,29-Sep-2016,390,CE,0,0,0,76.35,111.3,0,0,0,0,17-AUG-2016,
OPTSTK,ZEEL,29-Sep-2016,400,CE,0,0,0,67.85,101.5,0,0,0,0,17-AUG-2016,
OPTSTK,ZEEL,29-Sep-2016,410,CE,0,0,0,59.8,91.75,0,0,0,0,17-AUG-2016,
OPTSTK,ZEEL,29-Sep-2016,420,CE,0,0,0,52.25,82.2,0,0,0,0,17-AUG-2016,
OPTSTK,ZEEL,29-Sep-2016,430,CE,0,0,0,45.2,72.9,0,0,0,0,17-AUG-2016,
OPTSTK,ZEEL,29-Sep-2016,440,CE,0,0,0,38.75,63.85,0,0,0,0,17-AUG-2016,
OPTSTK,ZEEL,29-Sep-2016,450,CE,0,0,0,32.9,55.25,0,0,0,0,17-AUG-2016,
OPTSTK,ZEEL,29-Sep-2016,460,CE,0,0,0,27.7,47.15,0,0,0,0,17-AUG-2016,
OPTSTK,ZEEL,29-Sep-2016,470,CE,0,0,0,23.05,39.7,0,0,0,0,17-AUG-2016,
OPTSTK,ZEEL,29-Sep-2016,480,CE,0,0,0,19.05,32.85,0,0,0,0,17-AUG-2016,
OPTSTK,ZEEL,29-Sep-2016,490,CE,0,0,0,15.55,26.8,0,0,0,0,17-AUG-2016,
OPTSTK,ZEEL,29-Sep-2016,500,CE,21,21,21,21,21,1,6.77,14300,-1300,17-AUG-2016,
OPTSTK,ZEEL,29-Sep-2016,510,CE,16.1,16.1,16.1,16.1,16.1,1,6.83,1300,1300,17-AUG-2016,
OPTSTK,ZEEL,29-Sep-2016,520,CE,12.65,12.65,12.65,12.65,12.65,1,6.92,11700,1300,17-AUG-2016,
OPTSTK,ZEEL,29-Sep-2016,530,CE,10,10,10,10,10,1,7.02,1300,1300,17-AUG-2016,
OPTSTK,ZEEL,29-Sep-2016,540,CE,8,8,8,8,8,1,7.12,3900,1300,17-AUG-2016,
OPTSTK,ZEEL,29-Sep-2016,550,CE,0,0,0,7.15,5.6,0,0,22100,0,17-AUG-2016,
OPTSTK,ZEEL,29-Sep-2016,560,CE,0,0,0,3,4.05,0,0,0,0,17-AUG-2016,
OPTSTK,ZEEL,29-Sep-2016,570,CE,0,0,0,2.3,2.9,0,0,0,0,17-AUG-2016,
OPTSTK,ZEEL,29-Sep-2016,580,CE,0,0,0,3.2,2.05,0,0,1300,0,17-AUG-2016,
OPTSTK,ZEEL,29-Sep-2016,590,CE,0,0,0,1.3,1.45,0,0,0,0,17-AUG-2016,
OPTSTK,ZEEL,29-Sep-2016,600,CE,0,0,0,1,1,0,0,0,0,17-AUG-2016,
OPTSTK,ZEEL,29-Sep-2016,610,CE,0,0,0,0.75,0.65,0,0,0,0,17-AUG-2016,
OPTSTK,ZEEL,29-Sep-2016,620,CE,0,0,0,0.55,0.45,0,0,0,0,17-AUG-2016,
OPTSTK,ZEEL,29-Sep-2016,280,PE,0,0,0,0.05,0,0,0,0,0,17-AUG-2016,
OPTSTK,ZEEL,29-Sep-2016,290,PE,0,0,0,0.05,0,0,0,0,0,17-AUG-2016,
OPTSTK,ZEEL,29-Sep-2016,300,PE,0,0,0,0.05,0,0,0,0,0,17-AUG-2016,
OPTSTK,ZEEL,29-Sep-2016,310,PE,0,0,0,0.05,0,0,0,0,0,17-AUG-2016,
OPTSTK,ZEEL,29-Sep-2016,320,PE,0,0,0,0.1,0,0,0,0,0,17-AUG-2016,
OPTSTK,ZEEL,29-Sep-2016,330,PE,0,0,0,0.15,0,0,0,0,0,17-AUG-2016,
OPTSTK,ZEEL,29-Sep-2016,340,PE,0,0,0,0.25,0,0,0,0,0,17-AUG-2016,
OPTSTK,ZEEL,29-Sep-2016,350,PE,0,0,0,0.45,0,0,0,0,0,17-AUG-2016,
OPTSTK,ZEEL,29-Sep-2016,360,PE,0,0,0,0.75,0.05,0,0,0,0,17-AUG-2016,
OPTSTK,ZEEL,29-Sep-2016,370,PE,0,0,0,1.25,0.05,0,0,0,0,17-AUG-2016,
OPTSTK,ZEEL,29-Sep-2016,380,PE,0,0,0,1.95,0.05,0,0,0,0,17-AUG-2016,
OPTSTK,ZEEL,29-Sep-2016,390,PE,0,0,0,2.95,0.15,0,0,0,0,17-AUG-2016,
OPTSTK,ZEEL,29-Sep-2016,400,PE,0,0,0,4.3,0.25,0,0,0,0,17-AUG-2016,
OPTSTK,ZEEL,29-Sep-2016,410,PE,0,0,0,6.05,0.45,0,0,0,0,17-AUG-2016,
OPTSTK,ZEEL,29-Sep-2016,420,PE,0,0,0,8.35,0.8,0,0,0,0,17-AUG-2016,
OPTSTK,ZEEL,29-Sep-2016,430,PE,0,0,0,11.1,1.4,0,0,0,0,17-AUG-2016,
OPTSTK,ZEEL,29-Sep-2016,440,PE,0,0,0,14.5,2.3,0,0,0,0,17-AUG-2016,
OPTSTK,ZEEL,29-Sep-2016,450,PE,2.4,2.4,2.4,2.4,2.4,1,5.88,1300,1300,17-AUG-2016,
OPTSTK,ZEEL,29-Sep-2016,460,PE,0,0,0,23.05,5.45,0,0,0,0,17-AUG-2016,
OPTSTK,ZEEL,29-Sep-2016,470,PE,0,0,0,28.25,7.9,0,0,0,0,17-AUG-2016,
OPTSTK,ZEEL,29-Sep-2016,480,PE,0,0,0,34.05,10.95,0,0,0,0,17-AUG-2016,
OPTSTK,ZEEL,29-Sep-2016,490,PE,0,0,0,40.4,14.85,0,0,0,0,17-AUG-2016,
OPTSTK,ZEEL,29-Sep-2016,500,PE,17.25,17.25,16.35,16.35,16.35,10,67.21,10400,9100,17-AUG-2016,
OPTSTK,ZEEL,29-Sep-2016,510,PE,0,0,0,54.65,24.85,0,0,0,0,17-AUG-2016,
OPTSTK,ZEEL,29-Sep-2016,520,PE,28.45,28.45,28.1,28.1,28.1,2,14.25,2600,2600,17-AUG-2016,
OPTSTK,ZEEL,29-Sep-2016,530,PE,0,0,0,70.5,37.75,0,0,0,0,17-AUG-2016,
OPTSTK,ZEEL,29-Sep-2016,540,PE,0,0,0,78.95,45.2,0,0,0,0,17-AUG-2016,
OPTSTK,ZEEL,29-Sep-2016,550,PE,0,0,0,87.65,53.15,0,0,0,0,17-AUG-2016,
OPTSTK,ZEEL,29-Sep-2016,560,PE,0,0,0,96.6,61.5,0,0,0,0,17-AUG-2016,
OPTSTK,ZEEL,29-Sep-2016,570,PE,0,0,0,105.7,70.3,0,0,0,0,17-AUG-2016,
OPTSTK,ZEEL,29-Sep-2016,580,PE,0,0,0,115,79.35,0,0,0,0,17-AUG-2016,
OPTSTK,ZEEL,29-Sep-2016,590,PE,0,0,0,124.4,88.65,0,0,0,0,17-AUG-2016,
OPTSTK,ZEEL,29-Sep-2016,600,PE,0,0,0,133.9,98.1,0,0,0,0,17-AUG-2016,
OPTSTK,ZEEL,29-Sep-2016,610,PE,0,0,0,143.45,107.75,0,0,0,0,17-AUG-2016,
OPTSTK,ZEEL,29-Sep-2016,620,PE,0,0,0,153.1,117.45,0,0,0,0,17-AUG-2016,
OPTSTK,ZEEL,27-Oct-2016,280,CE,0,0,0,209.7,221.75,0,0,0,0,17-AUG-2016,
OPTSTK,ZEEL,27-Oct-2016,290,CE,0,0,0,199.85,211.9,0,0,0,0,17-AUG-2016,
OPTSTK,ZEEL,27-Oct-2016,300,CE,0,0,0,190.05,202,0,0,0,0,17-AUG-2016,
OPTSTK,ZEEL,27-Oct-2016,310,CE,0,0,0,180.2,192.15,0,0,0,0,17-AUG-2016,
OPTSTK,ZEEL,27-Oct-2016,320,CE,0,0,0,170.4,182.3,0,0,0,0,17-AUG-2016,
OPTSTK,ZEEL,27-Oct-2016,330,CE,0,0,0,160.6,172.45,0,0,0,0,17-AUG-2016,
OPTSTK,ZEEL,27-Oct-2016,340,CE,0,0,0,150.85,162.6,0,0,0,0,17-AUG-2016,
OPTSTK,ZEEL,27-Oct-2016,350,CE,0,0,0,141.15,152.75,0,0,0,0,17-AUG-2016,
OPTSTK,ZEEL,27-Oct-2016,360,CE,0,0,0,131.55,142.9,0,0,0,0,17-AUG-2016,
OPTSTK,ZEEL,27-Oct-2016,370,CE,0,0,0,122,133.15,0,0,0,0,17-AUG-2016,
OPTSTK,ZEEL,27-Oct-2016,380,CE,0,0,0,112.6,123.4,0,0,0,0,17-AUG-2016,
OPTSTK,ZEEL,27-Oct-2016,390,CE,0,0,0,103.4,113.8,0,0,0,0,17-AUG-2016,
OPTSTK,ZEEL,27-Oct-2016,400,CE,0,0,0,94.4,104.3,0,0,0,0,17-AUG-2016,
OPTSTK,ZEEL,27-Oct-2016,410,CE,0,0,0,85.7,95,0,0,0,0,17-AUG-2016,
OPTSTK,ZEEL,27-Oct-2016,420,CE,0,0,0,77.3,85.9,0,0,0,0,17-AUG-2016,
OPTSTK,ZEEL,27-Oct-2016,430,CE,0,0,0,69.3,77.1,0,0,0,0,17-AUG-2016,
OPTSTK,ZEEL,27-Oct-2016,440,CE,0,0,0,61.75,68.7,0,0,0,0,17-AUG-2016,
OPTSTK,ZEEL,27-Oct-2016,450,CE,0,0,0,54.65,60.7,0,0,0,0,17-AUG-2016,
OPTSTK,ZEEL,27-Oct-2016,460,CE,0,0,0,48,53.15,0,0,0,0,17-AUG-2016,
OPTSTK,ZEEL,27-Oct-2016,470,CE,0,0,0,41.9,46.15,0,0,0,0,17-AUG-2016,
OPTSTK,ZEEL,27-Oct-2016,480,CE,0,0,0,36.3,39.7,0,0,0,0,17-AUG-2016,
OPTSTK,ZEEL,27-Oct-2016,490,CE,0,0,0,31.25,33.85,0,0,0,0,17-AUG-2016,
OPTSTK,ZEEL,27-Oct-2016,500,CE,0,0,0,26.75,28.6,0,0,0,0,17-AUG-2016,
OPTSTK,ZEEL,27-Oct-2016,510,CE,0,0,0,22.7,23.95,0,0,0,0,17-AUG-2016,
OPTSTK,ZEEL,27-Oct-2016,520,CE,0,0,0,22,19.85,0,0,5200,0,17-AUG-2016,
OPTSTK,ZEEL,27-Oct-2016,530,CE,0,0,0,16.05,16.3,0,0,0,0,17-AUG-2016,
OPTSTK,ZEEL,27-Oct-2016,540,CE,0,0,0,13.4,13.3,0,0,0,0,17-AUG-2016,
OPTSTK,ZEEL,27-Oct-2016,550,CE,0,0,0,11.1,10.75,0,0,0,0,17-AUG-2016,
OPTSTK,ZEEL,27-Oct-2016,560,CE,0,0,0,9.15,8.6,0,0,0,0,17-AUG-2016,
OPTSTK,ZEEL,27-Oct-2016,570,CE,0,0,0,7.5,6.85,0,0,0,0,17-AUG-2016,
OPTSTK,ZEEL,27-Oct-2016,580,CE,0,0,0,6.1,5.4,0,0,0,0,17-AUG-2016,
OPTSTK,ZEEL,27-Oct-2016,590,CE,0,0,0,4.95,4.2,0,0,0,0,17-AUG-2016,
OPTSTK,ZEEL,27-Oct-2016,600,CE,0,0,0,3.95,3.25,0,0,0,0,17-AUG-2016,
OPTSTK,ZEEL,27-Oct-2016,610,CE,0,0,0,3.2,2.5,0,0,0,0,17-AUG-2016,
OPTSTK,ZEEL,27-Oct-2016,620,CE,0,0,0,2.55,1.9,0,0,0,0,17-AUG-2016,
OPTSTK,ZEEL,27-Oct-2016,280,PE,0,0,0,0.05,0,0,0,0,0,17-AUG-2016,
OPTSTK,ZEEL,27-Oct-2016,290,PE,0,0,0,0.05,0,0,0,0,0,17-AUG-2016,
OPTSTK,ZEEL,27-Oct-2016,300,PE,0,0,0,0.05,0,0,0,0,0,17-AUG-2016,
OPTSTK,ZEEL,27-Oct-2016,310,PE,0,0,0,0.05,0,0,0,0,0,17-AUG-2016,
OPTSTK,ZEEL,27-Oct-2016,320,PE,0,0,0,0.05,0,0,0,0,0,17-AUG-2016,
OPTSTK,ZEEL,27-Oct-2016,330,PE,0,0,0,0.1,0.05,0,0,0,0,17-AUG-2016,
OPTSTK,ZEEL,27-Oct-2016,340,PE,0,0,0,0.2,0.05,0,0,0,0,17-AUG-2016,
OPTSTK,ZEEL,27-Oct-2016,350,PE,0,0,0,0.3,0.05,0,0,0,0,17-AUG-2016,
OPTSTK,ZEEL,27-Oct-2016,360,PE,0,0,0,0.5,0.1,0,0,0,0,17-AUG-2016,
OPTSTK,ZEEL,27-Oct-2016,370,PE,0,0,0,0.8,0.2,0,0,0,0,17-AUG-2016,
OPTSTK,ZEEL,27-Oct-2016,380,PE,0,0,0,1.2,0.35,0,0,0,0,17-AUG-2016,
OPTSTK,ZEEL,27-Oct-2016,390,PE,0,0,0,1.85,0.6,0,0,0,0,17-AUG-2016,
OPTSTK,ZEEL,27-Oct-2016,400,PE,0,0,0,2.7,0.95,0,0,0,0,17-AUG-2016,
OPTSTK,ZEEL,27-Oct-2016,410,PE,0,0,0,3.8,1.5,0,0,0,0,17-AUG-2016,
OPTSTK,ZEEL,27-Oct-2016,420,PE,0,0,0,5.25,2.3,0,0,0,0,17-AUG-2016,
OPTSTK,ZEEL,27-Oct-2016,430,PE,0,0,0,7.1,3.4,0,0,0,0,17-AUG-2016,
OPTSTK,ZEEL,27-Oct-2016,440,PE,0,0,0,9.35,4.8,0,0,0,0,17-AUG-2016,
OPTSTK,ZEEL,27-Oct-2016,450,PE,0,0,0,12.05,6.7,0,0,0,0,17-AUG-2016,
OPTSTK,ZEEL,27-Oct-2016,460,PE,0,0,0,15.25,9.05,0,0,0,0,17-AUG-2016,
OPTSTK,ZEEL,27-Oct-2016,470,PE,0,0,0,18.95,11.85,0,0,0,0,17-AUG-2016,
OPTSTK,ZEEL,27-Oct-2016,480,PE,0,0,0,23.2,15.3,0,0,0,0,17-AUG-2016,
OPTSTK,ZEEL,27-Oct-2016,490,PE,0,0,0,28,19.3,0,0,0,0,17-AUG-2016,
OPTSTK,ZEEL,27-Oct-2016,500,PE,0,0,0,33.3,23.95,0,0,0,0,17-AUG-2016,
OPTSTK,ZEEL,27-Oct-2016,510,PE,0,0,0,39.1,29.15,0,0,0,0,17-AUG-2016,
OPTSTK,ZEEL,27-Oct-2016,520,PE,0,0,0,45.4,34.9,0,0,0,0,17-AUG-2016,
OPTSTK,ZEEL,27-Oct-2016,530,PE,0,0,0,52.1,41.25,0,0,0,0,17-AUG-2016,
OPTSTK,ZEEL,27-Oct-2016,540,PE,0,0,0,59.3,48.1,0,0,0,0,17-AUG-2016,
OPTSTK,ZEEL,27-Oct-2016,550,PE,0,0,0,66.8,55.45,0,0,0,0,17-AUG-2016,
OPTSTK,ZEEL,27-Oct-2016,560,PE,0,0,0,74.65,63.15,0,0,0,0,17-AUG-2016,
OPTSTK,ZEEL,27-Oct-2016,570,PE,0,0,0,82.85,71.25,0,0,0,0,17-AUG-2016,
OPTSTK,ZEEL,27-Oct-2016,580,PE,0,0,0,91.3,79.65,0,0,0,0,17-AUG-2016,
OPTSTK,ZEEL,27-Oct-2016,590,PE,0,0,0,99.95,88.35,0,0,0,0,17-AUG-2016,
OPTSTK,ZEEL,27-Oct-2016,600,PE,0,0,0,108.8,97.25,0,0,0,0,17-AUG-2016,
OPTSTK,ZEEL,27-Oct-2016,610,PE,0,0,0,117.85,106.4,0,0,0,0,17-AUG-2016,
OPTSTK,ZEEL,27-Oct-2016,620,PE,0,0,0,127.05,115.65,0,0,0,0,17-AUG-2016,
